 10890.0 1.000
 10890.1 1.000
 10890.2 1.000
 10890.3 1.000
 10890.4 1.000
 10890.5 1.000
 10890.6 1.000
 10890.7 1.000
 10890.8 1.000
 10890.9 1.000
 10891.0 1.000
 10891.1 1.000
 10891.2 1.000
 10891.3 0.999
 10891.4 0.999
 10891.5 1.000
 10891.6 0.999
 10891.7 0.997
 10891.8 0.997
 10891.9 0.999
 10892.0 1.000
 10892.1 1.000
 10892.2 1.000
 10892.3 1.000
 10892.4 1.000
 10892.5 1.000
 10892.6 1.000
 10892.7 1.000
 10892.8 1.000
 10892.9 1.000
 10893.0 1.000
 10893.1 1.000
 10893.2 1.000
 10893.3 1.000
 10893.4 1.000
 10893.5 1.000
 10893.6 0.999
 10893.7 0.998
 10893.8 0.999
 10893.9 1.000
 10894.0 1.000
 10894.1 1.000
 10894.2 1.000
 10894.3 1.000
 10894.4 1.000
 10894.5 1.000
 10894.6 1.000
 10894.7 0.998
 10894.8 0.997
 10894.9 0.998
 10895.0 1.000
 10895.1 1.000
 10895.2 1.000
 10895.3 1.000
 10895.4 1.000
 10895.5 1.000
 10895.6 1.000
 10895.7 1.000
 10895.8 0.999
 10895.9 0.999
 10896.0 1.000
 10896.1 1.000
 10896.2 0.999
 10896.3 0.999
 10896.4 0.999
 10896.5 1.000
 10896.6 1.000
 10896.7 1.000
 10896.8 1.000
 10896.9 1.000
 10897.0 1.000
 10897.1 1.000
 10897.2 1.000
 10897.3 1.000
 10897.4 1.000
 10897.5 1.000
 10897.6 1.000
 10897.7 1.000
 10897.8 1.000
 10897.9 1.000
 10898.0 1.000
 10898.1 1.000
 10898.2 1.000
 10898.3 1.000
 10898.4 1.000
 10898.5 1.000
 10898.6 1.000
 10898.7 1.000
 10898.8 1.000
 10898.9 1.000
 10899.0 1.000
 10899.1 1.000
 10899.2 1.000
 10899.3 1.000
 10899.4 1.000
 10899.5 1.000
 10899.6 1.000
 10899.7 1.000
 10899.8 1.000
 10899.9 1.000
 10900.0 1.000
 10900.1 1.000
 10900.2 1.000
 10900.3 1.000
 10900.4 1.000
 10900.5 1.000
 10900.6 1.000
 10900.7 1.000
 10900.8 1.000
 10900.9 1.000
 10901.0 1.000
 10901.1 1.000
 10901.2 1.000
 10901.3 1.000
 10901.4 1.000
 10901.5 1.000
 10901.6 1.000
 10901.7 1.000
 10901.8 1.000
 10901.9 1.000
 10902.0 1.000
 10902.1 1.000
 10902.2 1.000
 10902.3 1.000
 10902.4 1.000
 10902.5 1.000
 10902.6 1.000
 10902.7 1.000
 10902.8 1.000
 10902.9 1.000
 10903.0 1.000
 10903.1 1.000
 10903.2 1.000
 10903.3 1.000
 10903.4 1.000
 10903.5 1.000
 10903.6 1.000
 10903.7 1.000
 10903.8 1.000
 10903.9 1.000
 10904.0 1.000
 10904.1 1.000
 10904.2 1.000
 10904.3 1.000
 10904.4 1.000
 10904.5 1.000
 10904.6 1.000
 10904.7 1.000
 10904.8 1.000
 10904.9 1.000
 10905.0 1.000
 10905.1 1.000
 10905.2 1.000
 10905.3 1.000
 10905.4 1.000
 10905.5 1.000
 10905.6 0.999
 10905.7 0.999
 10905.8 0.999
 10905.9 1.000
 10906.0 1.000
 10906.1 1.000
 10906.2 1.000
 10906.3 1.000
 10906.4 1.000
 10906.5 1.000
 10906.6 1.000
 10906.7 1.000
 10906.8 1.000
 10906.9 1.000
 10907.0 1.000
 10907.1 1.000
 10907.2 1.000
 10907.3 1.000
 10907.4 1.000
 10907.5 1.000
 10907.6 1.000
 10907.7 1.000
 10907.8 1.000
 10907.9 1.000
 10908.0 1.000
 10908.1 1.000
 10908.2 1.000
 10908.3 1.000
 10908.4 1.000
 10908.5 1.000
 10908.6 1.000
 10908.7 1.000
 10908.8 1.000
 10908.9 1.000
 10909.0 1.000
 10909.1 1.000
 10909.2 1.000
 10909.3 1.000
 10909.4 1.000
 10909.5 1.000
 10909.6 1.000
 10909.7 1.000
 10909.8 1.000
 10909.9 1.000
 10910.0 1.000
 10910.1 1.000
 10910.2 1.000
 10910.3 1.000
 10910.4 1.000
 10910.5 1.000
 10910.6 1.000
 10910.7 1.000
 10910.8 1.000
 10910.9 1.000
 10911.0 1.000
 10911.1 1.000
 10911.2 1.000
 10911.3 1.000
 10911.4 1.000
 10911.5 1.000
 10911.6 1.000
 10911.7 1.000
 10911.8 1.000
 10911.9 1.000
 10912.0 1.000
 10912.1 1.000
 10912.2 1.000
 10912.3 1.000
 10912.4 1.000
 10912.5 1.000
 10912.6 1.000
 10912.7 0.999
 10912.8 0.999
 10912.9 0.999
 10913.0 0.999
 10913.1 0.999
 10913.2 0.999
 10913.3 0.999
 10913.4 0.999
 10913.5 0.998
 10913.6 0.998
 10913.7 0.997
 10913.8 0.995
 10913.9 0.984
 10914.0 0.900
 10914.1 0.753
 10914.2 0.666
 10914.3 0.671
 10914.4 0.770
 10914.5 0.916
 10914.6 0.987
 10914.7 0.988
 10914.8 0.946
 10914.9 0.919
 10915.0 0.952
 10915.1 0.927
 10915.2 0.827
 10915.3 0.786
 10915.4 0.859
 10915.5 0.957
 10915.6 0.995
 10915.7 0.999
 10915.8 0.999
 10915.9 0.999
 10916.0 1.000
 10916.1 1.000
 10916.2 1.000
 10916.3 1.000
 10916.4 1.000
 10916.5 1.000
 10916.6 1.000
 10916.7 1.000
 10916.8 1.000
 10916.9 1.000
 10917.0 0.999
 10917.1 0.999
 10917.2 0.999
 10917.3 1.000
 10917.4 1.000
 10917.5 1.000
 10917.6 1.000
 10917.7 1.000
 10917.8 1.000
 10917.9 1.000
 10918.0 1.000
 10918.1 1.000
 10918.2 1.000
 10918.3 1.000
 10918.4 1.000
 10918.5 1.000
 10918.6 1.000
 10918.7 1.000
 10918.8 1.000
 10918.9 1.000
 10919.0 1.000
 10919.1 1.000
 10919.2 1.000
 10919.3 1.000
 10919.4 1.000
 10919.5 1.000
 10919.6 1.000
 10919.7 1.000
 10919.8 1.000
 10919.9 1.000
 10920.0 1.000
 10920.1 1.000
 10920.2 1.000
 10920.3 1.000
 10920.4 1.000
 10920.5 1.000
 10920.6 1.000
 10920.7 1.000
 10920.8 1.000
 10920.9 1.000
 10921.0 1.000
 10921.1 1.000
 10921.2 1.000
 10921.3 1.000
 10921.4 1.000
 10921.5 1.000
 10921.6 1.000
 10921.7 1.000
 10921.8 1.000
 10921.9 1.000
 10922.0 1.000
 10922.1 1.000
 10922.2 1.000
 10922.3 1.000
 10922.4 1.000
 10922.5 1.000
 10922.6 1.000
 10922.7 1.000
 10922.8 1.000
 10922.9 1.000
 10923.0 1.000
 10923.1 1.000
 10923.2 1.000
 10923.3 1.000
 10923.4 1.000
 10923.5 1.000
 10923.6 1.000
 10923.7 1.000
 10923.8 1.000
 10923.9 1.000
 10924.0 1.000
 10924.1 1.000
 10924.2 1.000
 10924.3 1.000
 10924.4 1.000
 10924.5 1.000
 10924.6 1.000
 10924.7 1.000
 10924.8 1.000
 10924.9 1.000
 10925.0 1.000
 10925.1 1.000
 10925.2 1.000
 10925.3 1.000
 10925.4 1.000
 10925.5 1.000
 10925.6 1.000
 10925.7 1.000
 10925.8 1.000
 10925.9 1.000
 10926.0 1.000
 10926.1 1.000
 10926.2 1.000
 10926.3 1.000
 10926.4 1.000
 10926.5 1.000
 10926.6 1.000
 10926.7 1.000
 10926.8 1.000
 10926.9 1.000
 10927.0 1.000
 10927.1 1.000
 10927.2 1.000
 10927.3 1.000
 10927.4 1.000
 10927.5 1.000
 10927.6 1.000
 10927.7 1.000
 10927.8 1.000
 10927.9 1.000
 10928.0 1.000
 10928.1 1.000
 10928.2 1.000
 10928.3 1.000
 10928.4 1.000
 10928.5 1.000
 10928.6 1.000
 10928.7 1.000
 10928.8 1.000
 10928.9 1.000
 10929.0 1.000
 10929.1 1.000
 10929.2 1.000
 10929.3 1.000
 10929.4 1.000
 10929.5 1.000
 10929.6 1.000
 10929.7 1.000
 10929.8 1.000
 10929.9 1.000
 10930.0 1.000
 10930.1 1.000
 10930.2 1.000
 10930.3 1.000
 10930.4 1.000
 10930.5 1.000
 10930.6 1.000
 10930.7 1.000
 10930.8 1.000
 10930.9 1.000
 10931.0 1.000
 10931.1 1.000
 10931.2 1.000
 10931.3 1.000
 10931.4 1.000
 10931.5 1.000
 10931.6 1.000
 10931.7 1.000
 10931.8 1.000
 10931.9 1.000
 10932.0 1.000
 10932.1 1.000
 10932.2 1.000
 10932.3 1.000
 10932.4 1.000
 10932.5 1.000
 10932.6 0.999
 10932.7 0.998
 10932.8 0.999
 10932.9 1.000
 10933.0 1.000
 10933.1 1.000
 10933.2 1.000
 10933.3 1.000
 10933.4 1.000
 10933.5 1.000
 10933.6 1.000
 10933.7 1.000
 10933.8 1.000
 10933.9 1.000
 10934.0 1.000
 10934.1 1.000
 10934.2 1.000
 10934.3 0.999
 10934.4 0.998
 10934.5 0.998
 10934.6 0.999
 10934.7 1.001
 10934.8 0.938
 10934.9 0.871
 10935.0 0.866
 10935.1 0.862
 10935.2 0.859
 10935.3 0.855
 10935.4 0.851
 10935.5 0.847
 10935.6 0.843
 10935.7 0.839
 10935.8 0.835
 10935.9 0.830
 10936.0 0.825
 10936.1 0.820
 10936.2 0.815
 10936.3 0.809
 10936.4 0.803
 10936.5 0.797
 10936.6 0.790
 10936.7 0.782
 10936.8 0.773
 10936.9 0.759
 10937.0 0.739
 10937.1 0.712
 10937.2 0.682
 10937.3 0.654
 10937.4 0.628
 10937.5 0.606
 10937.6 0.587
 10937.7 0.572
 10937.8 0.559
 10937.9 0.551
 10938.0 0.546
 10938.1 0.544
 10938.2 0.546
 10938.3 0.552
 10938.4 0.561
 10938.5 0.573
 10938.6 0.590
 10938.7 0.609
 10938.8 0.632
 10938.9 0.658
 10939.0 0.687
 10939.1 0.716
 10939.2 0.742
 10939.3 0.761
 10939.4 0.774
 10939.5 0.784
 10939.6 0.792
 10939.7 0.798
 10939.8 0.805
 10939.9 0.810
 10940.0 0.816
 10940.1 0.821
 10940.2 0.826
 10940.3 0.831
 10940.4 0.836
 10940.5 0.840
 10940.6 0.844
 10940.7 0.848
 10940.8 0.852
 10940.9 0.856
 10941.0 0.859
 10941.1 0.863
 10941.2 0.866
 10941.3 0.869
 10941.4 0.932
 10941.5 0.998
 10941.6 1.000
 10941.7 1.000
 10941.8 0.999
 10941.9 0.998
 10942.0 0.999
 10942.1 1.000
 10942.2 1.000
 10942.3 1.000
 10942.4 1.000
 10942.5 1.000
 10942.6 1.000
 10942.7 1.000
 10942.8 1.000
 10942.9 1.000
 10943.0 1.000
 10943.1 1.000
 10943.2 1.000
 10943.3 1.000
 10943.4 1.000
 10943.5 1.000
 10943.6 1.000
 10943.7 1.000
 10943.8 1.000
 10943.9 1.000
 10944.0 1.000
 10944.1 1.000
 10944.2 1.000
 10944.3 1.000
 10944.4 1.000
 10944.5 1.000
 10944.6 1.000
 10944.7 1.000
 10944.8 1.000
 10944.9 1.000
 10945.0 1.000
 10945.1 1.000
 10945.2 1.000
 10945.3 1.000
 10945.4 1.000
 10945.5 1.000
 10945.6 1.000
 10945.7 1.000
 10945.8 1.000
 10945.9 1.000
 10946.0 1.000
 10946.1 1.000
 10946.2 1.000
 10946.3 1.000
 10946.4 1.000
 10946.5 1.000
 10946.6 1.000
 10946.7 1.000
 10946.8 1.000
 10946.9 1.000
 10947.0 1.000
 10947.1 1.000
 10947.2 1.000
 10947.3 1.000
 10947.4 1.000
 10947.5 1.000
 10947.6 1.000
 10947.7 1.000
 10947.8 1.000
 10947.9 1.000
 10948.0 1.000
 10948.1 1.000
 10948.2 1.000
 10948.3 1.000
 10948.4 1.000
 10948.5 1.000
 10948.6 1.000
 10948.7 1.000
 10948.8 1.000
 10948.9 1.000
 10949.0 1.000
 10949.1 1.000
 10949.2 1.000
 10949.3 1.000
 10949.4 1.000
 10949.5 1.000
 10949.6 1.000
 10949.7 1.000
 10949.8 1.000
 10949.9 1.000
 10950.0 1.000
 10950.1 1.000
 10950.2 1.000
 10950.3 1.000
 10950.4 1.000
 10950.5 1.000
 10950.6 1.000
 10950.7 1.000
 10950.8 0.999
 10950.9 0.999
 10951.0 0.999
 10951.1 0.999
 10951.2 0.999
 10951.3 0.998
 10951.4 0.995
 10951.5 0.959
 10951.6 0.837
 10951.7 0.714
 10951.8 0.687
 10951.9 0.759
 10952.0 0.898
 10952.1 0.984
 10952.2 0.997
 10952.3 0.998
 10952.4 0.999
 10952.5 0.999
 10952.6 0.999
 10952.7 0.999
 10952.8 0.999
 10952.9 0.999
 10953.0 0.999
 10953.1 0.997
 10953.2 0.986
 10953.3 0.975
 10953.4 0.981
 10953.5 0.994
 10953.6 0.999
 10953.7 1.000
 10953.8 1.000
 10953.9 1.000
 10954.0 1.000
 10954.1 1.000
 10954.2 1.000
 10954.3 1.000
 10954.4 1.000
 10954.5 1.000
 10954.6 1.000
 10954.7 1.000
 10954.8 1.000
 10954.9 1.000
 10955.0 1.000
 10955.1 1.000
 10955.2 1.000
 10955.3 1.000
 10955.4 0.999
 10955.5 1.000
 10955.6 1.000
 10955.7 1.000
 10955.8 1.000
 10955.9 1.000
 10956.0 1.000
 10956.1 1.000
 10956.2 1.000
 10956.3 1.000
 10956.4 1.000
 10956.5 1.000
 10956.6 1.000
 10956.7 1.000
 10956.8 1.000
 10956.9 1.000
 10957.0 0.998
 10957.1 0.987
 10957.2 0.955
 10957.3 0.933
 10957.4 0.957
 10957.5 0.988
 10957.6 0.998
 10957.7 1.000
 10957.8 1.000
 10957.9 1.000
 10958.0 1.000
 10958.1 1.000
 10958.2 1.000
 10958.3 1.000
 10958.4 1.000
 10958.5 1.000
 10958.6 1.000
 10958.7 1.000
 10958.8 1.000
 10958.9 1.000
 10959.0 1.000
 10959.1 1.000
 10959.2 1.000
 10959.3 1.000
 10959.4 1.000
 10959.5 1.000
 10959.6 1.000
 10959.7 1.000
 10959.8 1.000
 10959.9 1.000
 10960.0 1.000
 10960.1 1.000
 10960.2 1.000
 10960.3 1.000
 10960.4 1.000
 10960.5 0.999
 10960.6 0.999
 10960.7 1.000
 10960.8 1.000
 10960.9 1.000
 10961.0 1.000
 10961.1 1.000
 10961.2 1.000
 10961.3 1.000
 10961.4 1.000
 10961.5 1.000
 10961.6 1.000
 10961.7 1.000
 10961.8 1.000
 10961.9 1.000
 10962.0 1.000
 10962.1 1.000
 10962.2 1.000
 10962.3 1.000
 10962.4 1.000
 10962.5 1.000
 10962.6 1.000
 10962.7 1.000
 10962.8 1.000
 10962.9 1.000
 10963.0 1.000
 10963.1 1.000
 10963.2 1.000
 10963.3 1.000
 10963.4 1.000
 10963.5 1.000
 10963.6 1.000
 10963.7 1.000
 10963.8 1.000
 10963.9 1.000
 10964.0 1.000
 10964.1 1.000
 10964.2 1.000
 10964.3 1.000
 10964.4 1.000
 10964.5 1.000
 10964.6 1.000
 10964.7 1.000
 10964.8 1.000
 10964.9 1.000
 10965.0 0.999
 10965.1 0.999
 10965.2 0.991
 10965.3 0.956
 10965.4 0.908
 10965.5 0.912
 10965.6 0.962
 10965.7 0.993
 10965.8 0.999
 10965.9 0.999
 10966.0 1.000
 10966.1 1.000
 10966.2 1.000
 10966.3 1.000
 10966.4 1.000
 10966.5 1.000
 10966.6 1.000
 10966.7 1.000
 10966.8 1.000
 10966.9 1.000
 10967.0 1.000
 10967.1 1.000
 10967.2 1.000
 10967.3 0.999
 10967.4 0.999
 10967.5 1.000
 10967.6 1.000
 10967.7 1.000
 10967.8 1.000
 10967.9 1.000
 10968.0 1.000
 10968.1 1.000
 10968.2 1.000
 10968.3 1.000
 10968.4 1.000
 10968.5 1.000
 10968.6 1.000
 10968.7 1.000
 10968.8 1.000
 10968.9 1.000
 10969.0 1.000
 10969.1 1.000
 10969.2 1.000
 10969.3 1.000
 10969.4 1.000
 10969.5 1.000
 10969.6 1.000
 10969.7 1.000
 10969.8 1.000
 10969.9 1.000
 10970.0 1.000
 10970.1 1.000
 10970.2 1.000
 10970.3 1.000
 10970.4 1.000
 10970.5 1.000
 10970.6 1.000
 10970.7 1.000
 10970.8 1.000
 10970.9 1.000
 10971.0 1.000
 10971.1 1.000
 10971.2 1.000
 10971.3 1.000
 10971.4 1.000
 10971.5 1.000
 10971.6 1.000
 10971.7 1.000
 10971.8 1.000
 10971.9 1.000
 10972.0 1.000
 10972.1 1.000
 10972.2 1.000
 10972.3 1.000
 10972.4 1.000
 10972.5 1.000
 10972.6 1.000
 10972.7 1.000
 10972.8 1.000
 10972.9 1.000
 10973.0 1.000
 10973.1 1.000
 10973.2 1.000
 10973.3 1.000
 10973.4 1.000
 10973.5 1.000
 10973.6 1.000
 10973.7 1.000
 10973.8 1.000
 10973.9 1.000
 10974.0 1.000
 10974.1 1.000
 10974.2 1.000
 10974.3 1.000
 10974.4 1.000
 10974.5 1.000
 10974.6 1.000
 10974.7 1.000
 10974.8 1.000
 10974.9 1.000
 10975.0 1.000
 10975.1 1.000
 10975.2 1.000
 10975.3 1.000
 10975.4 1.000
 10975.5 1.000
 10975.6 1.000
 10975.7 1.000
 10975.8 1.000
 10975.9 1.000
 10976.0 1.000
 10976.1 1.000
 10976.2 1.000
 10976.3 1.000
 10976.4 1.000
 10976.5 1.000
 10976.6 1.000
 10976.7 1.000
 10976.8 1.000
 10976.9 1.000
 10977.0 1.000
 10977.1 1.000
 10977.2 1.000
 10977.3 1.000
 10977.4 1.000
 10977.5 1.000
 10977.6 1.000
 10977.7 1.000
 10977.8 1.000
 10977.9 1.000
 10978.0 1.000
 10978.1 1.000
 10978.2 1.000
 10978.3 1.000
 10978.4 1.000
 10978.5 1.000
 10978.6 1.000
 10978.7 1.000
 10978.8 1.000
 10978.9 1.000
 10979.0 0.999
 10979.1 0.987
 10979.2 0.936
 10979.3 0.893
 10979.4 0.926
 10979.5 0.981
 10979.6 0.999
 10979.7 0.999
 10979.8 0.997
 10979.9 0.998
 10980.0 0.999
 10980.1 1.000
 10980.2 1.000
 10980.3 1.000
 10980.4 1.000
 10980.5 1.000
 10980.6 1.000
 10980.7 1.000
 10980.8 1.000
 10980.9 1.000
 10981.0 1.000
 10981.1 1.000
 10981.2 1.000
 10981.3 1.000
 10981.4 1.000
 10981.5 1.000
 10981.6 1.000
 10981.7 1.000
 10981.8 0.997
 10981.9 0.973
 10982.0 0.927
 10982.1 0.922
 10982.2 0.966
 10982.3 0.995
 10982.4 1.000
 10982.5 1.000
 10982.6 1.000
 10982.7 1.000
 10982.8 1.000
 10982.9 1.000
 10983.0 1.000
 10983.1 1.000
 10983.2 1.000
 10983.3 1.000
 10983.4 1.000
 10983.5 1.000
 10983.6 1.000
 10983.7 1.000
 10983.8 1.000
 10983.9 1.000
 10984.0 1.000
 10984.1 1.000
 10984.2 1.000
 10984.3 0.998
 10984.4 0.987
 10984.5 0.969
 10984.6 0.972
 10984.7 0.990
 10984.8 0.999
 10984.9 1.000
 10985.0 1.000
 10985.1 1.000
 10985.2 1.000
 10985.3 1.000
 10985.4 1.000
 10985.5 1.000
 10985.6 1.000
 10985.7 1.000
 10985.8 1.000
 10985.9 1.000
 10986.0 1.000
 10986.1 1.000
 10986.2 1.000
 10986.3 1.000
 10986.4 1.000
 10986.5 1.000
 10986.6 1.000
 10986.7 1.000
 10986.8 1.000
 10986.9 1.000
 10987.0 1.000
 10987.1 1.000
 10987.2 1.000
 10987.3 1.000
 10987.4 1.000
 10987.5 1.000
 10987.6 1.000
 10987.7 1.000
 10987.8 1.000
 10987.9 1.000
 10988.0 1.000
 10988.1 1.000
 10988.2 1.000
 10988.3 1.000
 10988.4 1.000
 10988.5 0.999
 10988.6 0.996
 10988.7 0.995
 10988.8 0.996
 10988.9 0.998
 10989.0 0.999
 10989.1 0.999
 10989.2 0.999
 10989.3 1.000
 10989.4 1.000
 10989.5 1.000
 10989.6 1.000
 10989.7 1.000
 10989.8 1.000
 10989.9 1.000
 10990.0 1.000
 10990.1 1.000
 10990.2 1.000
 10990.3 1.000
 10990.4 1.000
 10990.5 1.000
 10990.6 1.000
 10990.7 1.000
 10990.8 1.000
 10990.9 1.000
 10991.0 1.000
 10991.1 1.000
 10991.2 1.000
 10991.3 1.000
 10991.4 1.000
 10991.5 1.000
 10991.6 1.000
 10991.7 1.000
 10991.8 1.000
 10991.9 1.000
 10992.0 1.000
 10992.1 1.000
 10992.2 1.000
 10992.3 1.000
 10992.4 1.000
 10992.5 1.000
 10992.6 1.000
 10992.7 1.000
 10992.8 1.000
 10992.9 1.000
 10993.0 0.999
 10993.1 0.999
 10993.2 1.000
 10993.3 1.000
 10993.4 1.000
 10993.5 1.000
 10993.6 1.000
 10993.7 1.000
 10993.8 1.000
 10993.9 1.000
 10994.0 1.000
 10994.1 1.000
 10994.2 1.000
 10994.3 1.000
 10994.4 1.000
 10994.5 1.000
 10994.6 1.000
 10994.7 1.000
 10994.8 1.000
 10994.9 1.000
 10995.0 1.000
 10995.1 1.000
 10995.2 1.000
 10995.3 1.000
 10995.4 1.000
 10995.5 1.000
 10995.6 1.000
 10995.7 1.000
 10995.8 1.000
 10995.9 1.000
 10996.0 1.000
 10996.1 1.000
 10996.2 1.000
 10996.3 1.000
 10996.4 1.000
 10996.5 1.000
 10996.6 1.000
 10996.7 1.000
 10996.8 1.000
 10996.9 1.000
 10997.0 1.000
 10997.1 1.000
 10997.2 1.000
 10997.3 1.000
 10997.4 1.000
 10997.5 1.000
 10997.6 1.000
 10997.7 1.000
 10997.8 1.000
 10997.9 1.000
 10998.0 1.000
 10998.1 1.000
 10998.2 1.000
 10998.3 1.000
 10998.4 1.000
 10998.5 1.000
 10998.6 1.000
 10998.7 1.000
 10998.8 1.000
 10998.9 1.000
 10999.0 1.000
 10999.1 1.000
 10999.2 1.000
 10999.3 1.000
 10999.4 1.000
 10999.5 1.000
 10999.6 1.000
 10999.7 1.000
 10999.8 1.000
 10999.9 1.000
 11000.0 1.000
 11000.0 1.000
 11000.1 1.000
 11000.2 1.000
 11000.3 1.000
 11000.4 1.000
 11000.5 1.000
 11000.6 1.000
 11000.7 1.000
 11000.8 1.000
 11000.9 1.000
 11001.0 1.000
 11001.1 1.000
 11001.2 1.000
 11001.3 1.000
 11001.4 1.000
 11001.5 1.000
 11001.6 1.000
 11001.7 1.000
 11001.8 1.000
 11001.9 1.000
 11002.0 1.000
 11002.1 1.000
 11002.2 1.000
 11002.3 1.000
 11002.4 1.000
 11002.5 1.000
 11002.6 1.000
 11002.7 1.000
 11002.8 1.000
 11002.9 1.000
 11003.0 1.000
 11003.1 1.000
 11003.2 1.000
 11003.3 1.000
 11003.4 1.000
 11003.5 1.000
 11003.6 1.000
 11003.7 1.000
 11003.8 1.000
 11003.9 1.000
 11004.0 1.000
 11004.1 1.000
 11004.2 1.000
 11004.3 1.000
 11004.4 1.000
 11004.5 1.000
 11004.6 1.000
 11004.7 1.000
 11004.8 1.000
 11004.9 1.000
 11005.0 1.000
 11005.1 0.999
 11005.2 1.000
 11005.3 1.000
 11005.4 1.000
 11005.5 1.000
 11005.6 1.000
 11005.7 1.000
 11005.8 1.000
 11005.9 1.000
 11006.0 1.000
 11006.1 1.000
 11006.2 1.000
 11006.3 1.000
 11006.4 1.000
 11006.5 1.000
 11006.6 1.000
 11006.7 1.000
 11006.8 1.000
 11006.9 1.000
 11007.0 1.000
 11007.1 1.000
 11007.2 1.000
 11007.3 1.000
 11007.4 1.000
 11007.5 1.000
 11007.6 1.000
 11007.7 1.000
 11007.8 1.000
 11007.9 1.000
 11008.0 1.000
 11008.1 1.000
 11008.2 1.000
 11008.3 1.000
 11008.4 1.000
 11008.5 1.000
 11008.6 1.000
 11008.7 1.000
 11008.8 1.000
 11008.9 1.000
 11009.0 1.000
 11009.1 1.000
 11009.2 1.000
 11009.3 1.000
 11009.4 1.000
 11009.5 1.000
 11009.6 1.000
 11009.7 1.000
 11009.8 1.000
 11009.9 1.000
 11010.0 1.000
 11010.1 1.000
 11010.2 1.000
 11010.3 1.000
 11010.4 1.000
 11010.5 1.000
 11010.6 1.000
 11010.7 1.000
 11010.8 1.000
 11010.9 1.000
 11011.0 1.000
 11011.1 1.000
 11011.2 1.000
 11011.3 1.000
 11011.4 1.000
 11011.5 1.000
 11011.6 1.000
 11011.7 1.000
 11011.8 1.000
 11011.9 1.000
 11012.0 1.000
 11012.1 1.000
 11012.2 1.000
 11012.3 1.000
 11012.4 1.000
 11012.5 1.000
 11012.6 1.000
 11012.7 1.000
 11012.8 1.000
 11012.9 1.000
 11013.0 1.000
 11013.1 0.999
 11013.2 0.998
 11013.3 0.998
 11013.4 1.000
 11013.5 0.999
 11013.6 0.995
 11013.7 0.992
 11013.8 0.994
 11013.9 0.998
 11014.0 0.999
 11014.1 1.000
 11014.2 1.000
 11014.3 1.000
 11014.4 1.000
 11014.5 1.000
 11014.6 1.000
 11014.7 1.000
 11014.8 1.000
 11014.9 1.000
 11015.0 1.000
 11015.1 1.000
 11015.2 1.000
 11015.3 1.000
 11015.4 0.999
 11015.5 0.999
 11015.6 0.999
 11015.7 1.000
 11015.8 1.000
 11015.9 1.000
 11016.0 0.999
 11016.1 0.999
 11016.2 0.998
 11016.3 0.998
 11016.4 0.998
 11016.5 0.998
 11016.6 0.998
 11016.7 0.999
 11016.8 0.999
 11016.9 0.999
 11017.0 1.000
 11017.1 1.000
 11017.2 1.000
 11017.3 1.000
 11017.4 0.999
 11017.5 0.999
 11017.6 0.998
 11017.7 0.988
 11017.8 0.923
 11017.9 0.822
 11018.0 0.801
 11018.1 0.890
 11018.2 0.975
 11018.3 0.997
 11018.4 0.999
 11018.5 0.999
 11018.6 1.000
 11018.7 1.000
 11018.8 1.000
 11018.9 1.000
 11019.0 1.000
 11019.1 1.000
 11019.2 1.000
 11019.3 1.000
 11019.4 1.000
 11019.5 1.000
 11019.6 1.000
 11019.7 1.000
 11019.8 0.999
 11019.9 0.999
 11020.0 1.000
 11020.1 1.000
 11020.2 1.000
 11020.3 1.000
 11020.4 1.000
 11020.5 1.000
 11020.6 1.000
 11020.7 1.000
 11020.8 1.000
 11020.9 1.000
 11021.0 1.000
 11021.1 1.000
 11021.2 1.000
 11021.3 1.000
 11021.4 1.000
 11021.5 1.000
 11021.6 1.000
 11021.7 1.000
 11021.8 1.000
 11021.9 1.000
 11022.0 1.000
 11022.1 1.000
 11022.2 1.000
 11022.3 1.000
 11022.4 1.000
 11022.5 1.000
 11022.6 0.999
 11022.7 0.999
 11022.8 1.000
 11022.9 1.000
 11023.0 1.000
 11023.1 1.000
 11023.2 1.000
 11023.3 1.000
 11023.4 1.000
 11023.5 1.000
 11023.6 1.000
 11023.7 1.000
 11023.8 1.000
 11023.9 1.000
 11024.0 1.000
 11024.1 1.000
 11024.2 1.000
 11024.3 1.000
 11024.4 1.000
 11024.5 1.000
 11024.6 1.000
 11024.7 1.000
 11024.8 1.000
 11024.9 1.000
 11025.0 1.000
 11025.1 1.000
 11025.2 1.000
 11025.3 1.000
 11025.4 1.000
 11025.5 1.000
 11025.6 1.000
 11025.7 1.000
 11025.8 1.000
 11025.9 1.000
 11026.0 1.000
 11026.1 1.000
 11026.2 1.000
 11026.3 1.000
 11026.4 1.000
 11026.5 1.000
 11026.6 1.000
 11026.7 1.000
 11026.8 1.000
 11026.9 1.000
 11027.0 1.000
 11027.1 1.000
 11027.2 1.000
 11027.3 1.000
 11027.4 1.000
 11027.5 1.000
 11027.6 1.000
 11027.7 1.000
 11027.8 1.000
 11027.9 1.000
 11028.0 1.000
 11028.1 1.000
 11028.2 1.000
 11028.3 1.000
 11028.4 1.000
 11028.5 1.000
 11028.6 1.000
 11028.7 1.000
 11028.8 1.000
 11028.9 1.000
 11029.0 1.000
 11029.1 1.000
 11029.2 1.000
 11029.3 1.000
 11029.4 1.000
 11029.5 1.000
 11029.6 1.000
 11029.7 1.000
 11029.8 1.000
 11029.9 1.000
 11030.0 1.000
 11030.1 1.000
 11030.2 1.000
 11030.3 1.000
 11030.4 1.000
 11030.5 1.000
 11030.6 1.000
 11030.7 1.000
 11030.8 1.000
 11030.9 1.000
 11031.0 1.000
 11031.1 1.000
 11031.2 1.000
 11031.3 1.000
 11031.4 1.000
 11031.5 1.000
 11031.6 1.000
 11031.7 1.000
 11031.8 1.000
 11031.9 0.999
 11032.0 0.998
 11032.1 0.996
 11032.2 0.998
 11032.3 0.999
 11032.4 1.000
 11032.5 1.000
 11032.6 1.000
 11032.7 1.000
 11032.8 1.000
 11032.9 1.000
 11033.0 1.000
 11033.1 1.000
 11033.2 1.000
 11033.3 1.000
 11033.4 1.000
 11033.5 0.999
 11033.6 0.998
 11033.7 0.998
 11033.8 0.999
 11033.9 1.000
 11034.0 1.000
 11034.1 1.000
 11034.2 1.000
 11034.3 1.000
 11034.4 0.999
 11034.5 0.999
 11034.6 1.000
 11034.7 1.000
 11034.8 1.000
 11034.9 1.000
 11035.0 1.000
 11035.1 1.000
 11035.2 1.000
 11035.3 1.000
 11035.4 1.000
 11035.5 1.000
 11035.6 1.000
 11035.7 1.000
 11035.8 1.000
 11035.9 1.000
 11036.0 1.000
 11036.1 1.000
 11036.2 1.000
 11036.3 1.000
 11036.4 1.000
 11036.5 1.000
 11036.6 1.000
 11036.7 1.000
 11036.8 1.000
 11036.9 1.000
 11037.0 1.000
 11037.1 1.000
 11037.2 1.000
 11037.3 1.000
 11037.4 1.000
 11037.5 1.000
 11037.6 1.000
 11037.7 1.000
 11037.8 1.000
 11037.9 1.000
 11038.0 1.000
 11038.1 1.000
 11038.2 1.000
 11038.3 1.000
 11038.4 1.000
 11038.5 1.000
 11038.6 1.000
 11038.7 1.000
 11038.8 1.000
 11038.9 1.000
 11039.0 1.000
 11039.1 1.000
 11039.2 1.000
 11039.3 1.000
 11039.4 1.000
 11039.5 1.000
 11039.6 1.000
 11039.7 1.000
 11039.8 1.000
 11039.9 1.000
 11040.0 1.000
 11040.1 1.000
 11040.2 0.999
 11040.3 0.998
 11040.4 0.997
 11040.5 0.998
 11040.6 0.999
 11040.7 1.000
 11040.8 1.000
 11040.9 1.000
 11041.0 1.000
 11041.1 1.000
 11041.2 1.000
 11041.3 1.000
 11041.4 1.000
 11041.5 1.000
 11041.6 0.999
 11041.7 0.999
 11041.8 1.000
 11041.9 1.000
 11042.0 1.000
 11042.1 1.000
 11042.2 1.000
 11042.3 1.000
 11042.4 1.000
 11042.5 1.000
 11042.6 1.000
 11042.7 1.000
 11042.8 1.000
 11042.9 1.000
 11043.0 1.000
 11043.1 1.000
 11043.2 1.000
 11043.3 1.000
 11043.4 1.000
 11043.5 1.000
 11043.6 1.000
 11043.7 1.000
 11043.8 1.000
 11043.9 1.000
 11044.0 0.999
 11044.1 1.000
 11044.2 1.000
 11044.3 1.000
 11044.4 1.000
 11044.5 1.000
 11044.6 1.000
 11044.7 1.000
 11044.8 1.000
 11044.9 1.000
 11045.0 1.000
 11045.1 1.000
 11045.2 1.000
 11045.3 1.000
 11045.4 1.000
 11045.5 0.998
 11045.6 0.997
 11045.7 0.998
 11045.8 1.000
 11045.9 1.000
 11046.0 1.000
 11046.1 1.000
 11046.2 1.000
 11046.3 1.000
 11046.4 1.000
 11046.5 1.000
 11046.6 1.000
 11046.7 1.000
 11046.8 1.000
 11046.9 1.000
 11047.0 1.000
 11047.1 1.000
 11047.2 1.000
 11047.3 1.000
 11047.4 1.000
 11047.5 1.000
 11047.6 1.000
 11047.7 1.000
 11047.8 1.000
 11047.9 1.000
 11048.0 1.000
 11048.1 1.000
 11048.2 1.000
 11048.3 1.000
 11048.4 1.000
 11048.5 1.000
 11048.6 1.000
 11048.7 1.000
 11048.8 1.000
 11048.9 1.000
 11049.0 1.000
 11049.1 1.000
 11049.2 1.000
 11049.3 1.000
 11049.4 1.000
 11049.5 1.000
 11049.6 1.000
 11049.7 1.000
 11049.8 1.000
 11049.9 1.000
 11050.0 1.000
 11050.1 1.000
 11050.2 1.000
 11050.3 0.999
 11050.4 0.999
 11050.5 0.999
 11050.6 1.000
 11050.7 1.000
 11050.8 1.000
 11050.9 1.000
 11051.0 1.000
 11051.1 1.000
 11051.2 1.000
 11051.3 1.000
 11051.4 1.000
 11051.5 1.000
 11051.6 1.000
 11051.7 1.000
 11051.8 1.000
 11051.9 1.000
 11052.0 1.000
 11052.1 1.000
 11052.2 1.000
 11052.3 1.000
 11052.4 1.000
 11052.5 1.000
 11052.6 1.000
 11052.7 1.000
 11052.8 1.000
 11052.9 1.000
 11053.0 1.000
 11053.1 1.000
 11053.2 1.000
 11053.3 1.000
 11053.4 1.000
 11053.5 1.000
 11053.6 1.000
 11053.7 1.000
 11053.8 1.000
 11053.9 1.000
 11054.0 1.000
 11054.1 1.000
 11054.2 0.999
 11054.3 0.999
 11054.4 1.000
 11054.5 1.000
 11054.6 1.000
 11054.7 1.000
 11054.8 1.000
 11054.9 1.000
 11055.0 1.000
 11055.1 1.000
 11055.2 1.000
 11055.3 1.000
 11055.4 1.000
 11055.5 1.000
 11055.6 1.000
 11055.7 1.000
 11055.8 1.000
 11055.9 1.000
 11056.0 1.000
 11056.1 1.000
 11056.2 1.000
 11056.3 1.000
 11056.4 1.000
 11056.5 0.999
 11056.6 0.997
 11056.7 0.995
 11056.8 0.996
 11056.9 0.998
 11057.0 1.000
 11057.1 1.000
 11057.2 1.000
 11057.3 1.000
 11057.4 1.000
 11057.5 1.000
 11057.6 1.000
 11057.7 1.000
 11057.8 1.000
 11057.9 1.000
 11058.0 1.000
 11058.1 1.000
 11058.2 1.000
 11058.3 1.000
 11058.4 1.000
 11058.5 1.000
 11058.6 1.000
 11058.7 1.000
 11058.8 1.000
 11058.9 1.000
 11059.0 1.000
 11059.1 1.000
 11059.2 1.000
 11059.3 1.000
 11059.4 1.000
 11059.5 1.000
 11059.6 1.000
 11059.7 1.000
 11059.8 1.000
 11059.9 1.000
 11060.0 1.000
 11060.1 1.000
 11060.2 1.000
 11060.3 1.000
 11060.4 1.000
 11060.5 1.000
 11060.6 1.000
 11060.7 1.000
 11060.8 1.000
 11060.9 1.000
 11061.0 1.000
 11061.1 1.000
 11061.2 1.000
 11061.3 1.000
 11061.4 1.000
 11061.5 1.000
 11061.6 1.000
 11061.7 1.000
 11061.8 1.000
 11061.9 1.000
 11062.0 1.000
 11062.1 1.000
 11062.2 1.000
 11062.3 1.000
 11062.4 1.000
 11062.5 1.000
 11062.6 1.000
 11062.7 1.000
 11062.8 1.000
 11062.9 1.000
 11063.0 1.000
 11063.1 1.000
 11063.2 1.000
 11063.3 1.000
 11063.4 1.000
 11063.5 1.000
 11063.6 1.000
 11063.7 1.000
 11063.8 1.000
 11063.9 1.000
 11064.0 1.000
 11064.1 1.000
 11064.2 1.000
 11064.3 1.000
 11064.4 1.000
 11064.5 1.000
 11064.6 1.000
 11064.7 1.000
 11064.8 1.000
 11064.9 1.000
 11065.0 1.000
 11065.1 1.000
 11065.2 1.000
 11065.3 1.000
 11065.4 1.000
 11065.5 1.000
 11065.6 1.000
 11065.7 1.000
 11065.8 1.000
 11065.9 1.000
 11066.0 1.000
 11066.1 1.000
 11066.2 1.000
 11066.3 1.000
 11066.4 1.000
 11066.5 1.000
 11066.6 1.000
 11066.7 1.000
 11066.8 1.000
 11066.9 1.000
 11067.0 1.000
 11067.1 1.000
 11067.2 1.000
 11067.3 1.000
 11067.4 1.000
 11067.5 1.000
 11067.6 1.000
 11067.7 1.000
 11067.8 1.000
 11067.9 1.000
 11068.0 1.000
 11068.1 1.000
 11068.2 1.000
 11068.3 1.000
 11068.4 1.000
 11068.5 1.000
 11068.6 1.000
 11068.7 1.000
 11068.8 1.000
 11068.9 1.000
 11069.0 1.000
 11069.1 1.000
 11069.2 1.000
 11069.3 1.000
 11069.4 0.999
 11069.5 1.000
 11069.6 1.000
 11069.7 1.000
 11069.8 1.000
 11069.9 1.000
 11070.0 1.000
 11070.1 1.000
 11070.2 1.000
 11070.3 1.000
 11070.4 1.000
 11070.5 1.000
 11070.6 1.000
 11070.7 1.000
 11070.8 1.000
 11070.9 1.000
 11071.0 1.000
 11071.1 1.000
 11071.2 1.000
 11071.3 1.000
 11071.4 1.000
 11071.5 1.000
 11071.6 1.000
 11071.7 1.000
 11071.8 1.000
 11071.9 1.000
 11072.0 1.000
 11072.1 1.000
 11072.2 1.000
 11072.3 1.000
 11072.4 1.000
 11072.5 1.000
 11072.6 1.000
 11072.7 1.000
 11072.8 1.000
 11072.9 1.000
 11073.0 1.000
 11073.1 1.000
 11073.2 1.000
 11073.3 1.000
 11073.4 1.000
 11073.5 1.000
 11073.6 1.000
 11073.7 1.000
 11073.8 1.000
 11073.9 1.000
 11074.0 1.000
 11074.1 1.000
 11074.2 1.000
 11074.3 1.000
 11074.4 1.000
 11074.5 1.000
 11074.6 1.000
 11074.7 1.000
 11074.8 1.000
 11074.9 1.000
 11075.0 1.000
 11075.1 1.000
 11075.2 1.000
 11075.3 1.000
 11075.4 1.000
 11075.5 1.000
 11075.6 1.000
 11075.7 1.000
 11075.8 1.000
 11075.9 1.000
 11076.0 1.000
 11076.1 1.000
 11076.2 1.000
 11076.3 1.000
 11076.4 1.000
 11076.5 1.000
 11076.6 1.000
 11076.7 1.000
 11076.8 1.000
 11076.9 1.000
 11077.0 1.000
 11077.1 1.000
 11077.2 1.000
 11077.3 1.000
 11077.4 1.000
 11077.5 1.000
 11077.6 1.000
 11077.7 1.000
 11077.8 1.000
 11077.9 1.000
 11078.0 1.000
 11078.1 1.000
 11078.2 1.000
 11078.3 1.000
 11078.4 1.000
 11078.5 1.000
 11078.6 1.000
 11078.7 1.000
 11078.8 1.000
 11078.9 1.000
 11079.0 1.000
 11079.1 1.000
 11079.2 1.000
 11079.3 1.000
 11079.4 1.000
 11079.5 1.000
 11079.6 1.000
 11079.7 1.000
 11079.8 1.000
 11079.9 1.000
 11080.0 1.000
 11080.1 1.000
 11080.2 1.000
 11080.3 1.000
 11080.4 1.000
 11080.5 1.000
 11080.6 1.000
 11080.7 1.000
 11080.8 1.000
 11080.9 1.000
 11081.0 1.000
 11081.1 1.000
 11081.2 1.000
 11081.3 1.000
 11081.4 1.000
 11081.5 1.000
 11081.6 0.999
 11081.7 1.000
 11081.8 1.000
 11081.9 1.000
 11082.0 1.000
 11082.1 1.000
 11082.2 1.000
 11082.3 1.000
 11082.4 1.000
 11082.5 1.000
 11082.6 1.000
 11082.7 1.000
 11082.8 1.000
 11082.9 1.000
 11083.0 1.000
 11083.1 1.000
 11083.2 1.000
 11083.3 1.000
 11083.4 1.000
 11083.5 1.000
 11083.6 1.000
 11083.7 1.000
 11083.8 1.000
 11083.9 1.000
 11084.0 1.000
 11084.1 1.000
 11084.2 1.000
 11084.3 1.000
 11084.4 1.000
 11084.5 1.000
 11084.6 1.000
 11084.7 1.000
 11084.8 1.000
 11084.9 1.000
 11085.0 1.000
 11085.1 1.000
 11085.2 1.000
 11085.3 1.000
 11085.4 1.000
 11085.5 1.000
 11085.6 1.000
 11085.7 1.000
 11085.8 1.000
 11085.9 1.000
 11086.0 1.000
 11086.1 1.000
 11086.2 1.000
 11086.3 1.000
 11086.4 1.000
 11086.5 1.000
 11086.6 1.000
 11086.7 1.000
 11086.8 1.000
 11086.9 1.000
 11087.0 1.000
 11087.1 1.000
 11087.2 1.000
 11087.3 1.000
 11087.4 1.000
 11087.5 1.000
 11087.6 1.000
 11087.7 1.000
 11087.8 1.000
 11087.9 1.000
 11088.0 1.000
 11088.1 1.000
 11088.2 1.000
 11088.3 1.000
 11088.4 1.000
 11088.5 1.000
 11088.6 1.000
 11088.7 1.000
 11088.8 1.000
 11088.9 1.000
 11089.0 1.000
 11089.1 1.000
 11089.2 1.000
 11089.3 1.000
 11089.4 1.000
 11089.5 1.000
 11089.6 1.000
 11089.7 1.000
 11089.8 1.000
 11089.9 1.000
 11090.0 1.000
 11090.1 1.000
 11090.2 1.000
 11090.3 1.000
 11090.4 1.000
 11090.5 1.000
 11090.6 1.000
 11090.7 1.000
 11090.8 1.000
 11090.9 1.000
 11091.0 1.000
 11091.1 1.000
 11091.2 1.000
 11091.3 1.000
 11091.4 1.000
 11091.5 1.000
 11091.6 1.000
 11091.7 0.999
 11091.8 0.999
 11091.9 0.998
 11092.0 0.999
 11092.1 0.999
 11092.2 0.999
 11092.3 0.999
 11092.4 0.999
 11092.5 0.999
 11092.6 0.998
 11092.7 0.998
 11092.8 0.998
 11092.9 0.997
 11093.0 0.997
 11093.1 0.997
 11093.2 0.999
 11093.3 1.000
 11093.4 1.000
 11093.5 1.000
 11093.6 1.000
 11093.7 1.000
 11093.8 0.999
 11093.9 0.999
 11094.0 0.999
 11094.1 0.998
 11094.2 0.997
 11094.3 0.997
 11094.4 0.998
 11094.5 0.999
 11094.6 0.999
 11094.7 1.000
 11094.8 1.000
 11094.9 1.000
 11095.0 1.000
 11095.1 1.000
 11095.2 1.000
 11095.3 1.000
 11095.4 1.000
 11095.5 1.000
 11095.6 1.000
 11095.7 1.000
 11095.8 1.000
 11095.9 1.000
 11096.0 1.000
 11096.1 1.000
 11096.2 1.000
 11096.3 1.000
 11096.4 1.000
 11096.5 1.000
 11096.6 1.000
 11096.7 1.000
 11096.8 1.000
 11096.9 1.000
 11097.0 1.000
 11097.1 1.000
 11097.2 1.000
 11097.3 1.000
 11097.4 1.000
 11097.5 1.000
 11097.6 1.000
 11097.7 1.000
 11097.8 1.000
 11097.9 1.000
 11098.0 1.000
 11098.1 1.000
 11098.2 1.000
 11098.3 1.000
 11098.4 1.000
 11098.5 1.000
 11098.6 1.000
 11098.7 1.000
 11098.8 1.000
 11098.9 1.000
 11099.0 1.000
 11099.1 1.000
 11099.2 1.000
 11099.3 1.000
 11099.4 1.000
 11099.5 1.000
 11099.6 1.000
 11099.7 1.000
 11099.8 1.000
 11099.9 1.000
