 10280.0 1.000
 10280.1 1.000
 10280.2 1.000
 10280.3 1.000
 10280.4 1.000
 10280.5 1.000
 10280.6 1.000
 10280.7 1.000
 10280.8 1.000
 10280.9 1.000
 10281.0 1.000
 10281.1 1.000
 10281.2 1.000
 10281.3 1.000
 10281.4 1.000
 10281.5 1.000
 10281.6 1.000
 10281.7 1.000
 10281.8 1.000
 10281.9 1.000
 10282.0 1.000
 10282.1 1.000
 10282.2 1.000
 10282.3 1.000
 10282.4 1.000
 10282.5 1.000
 10282.6 1.000
 10282.7 1.000
 10282.8 1.000
 10282.9 1.000
 10283.0 1.000
 10283.1 1.000
 10283.2 1.000
 10283.3 1.000
 10283.4 1.000
 10283.5 1.000
 10283.6 1.000
 10283.7 1.000
 10283.8 1.000
 10283.9 1.000
 10284.0 1.000
 10284.1 0.999
 10284.2 0.999
 10284.3 0.999
 10284.4 1.000
 10284.5 0.999
 10284.6 0.999
 10284.7 1.000
 10284.8 1.000
 10284.9 1.000
 10285.0 1.000
 10285.1 1.000
 10285.2 1.000
 10285.3 1.000
 10285.4 1.000
 10285.5 1.000
 10285.6 1.000
 10285.7 1.000
 10285.8 1.000
 10285.9 1.000
 10286.0 1.000
 10286.1 1.000
 10286.2 1.000
 10286.3 1.000
 10286.4 1.000
 10286.5 1.000
 10286.6 1.000
 10286.7 1.000
 10286.8 1.000
 10286.9 1.000
 10287.0 1.000
 10287.1 1.000
 10287.2 1.000
 10287.3 1.000
 10287.4 1.000
 10287.5 1.000
 10287.6 1.000
 10287.7 1.000
 10287.8 1.000
 10287.9 1.000
 10288.0 1.000
 10288.1 1.000
 10288.2 1.000
 10288.3 1.000
 10288.4 1.000
 10288.5 1.000
 10288.6 1.000
 10288.7 0.998
 10288.8 0.991
 10288.9 0.981
 10289.0 0.985
 10289.1 0.996
 10289.2 1.000
 10289.3 1.000
 10289.4 1.000
 10289.5 0.999
 10289.6 1.000
 10289.7 1.000
 10289.8 1.000
 10289.9 0.999
 10290.0 0.996
 10290.1 0.994
 10290.2 0.998
 10290.3 1.000
 10290.4 0.999
 10290.5 0.999
 10290.6 0.999
 10290.7 1.000
 10290.8 1.000
 10290.9 1.000
 10291.0 1.000
 10291.1 1.000
 10291.2 1.000
 10291.3 1.000
 10291.4 1.000
 10291.5 1.000
 10291.6 1.000
 10291.7 1.000
 10291.8 1.000
 10291.9 1.000
 10292.0 1.000
 10292.1 1.000
 10292.2 1.000
 10292.3 1.000
 10292.4 1.000
 10292.5 1.000
 10292.6 1.000
 10292.7 1.000
 10292.8 1.000
 10292.9 1.000
 10293.0 1.000
 10293.1 1.000
 10293.2 1.000
 10293.3 1.000
 10293.4 1.000
 10293.5 1.000
 10293.6 1.000
 10293.7 1.000
 10293.8 1.000
 10293.9 1.000
 10294.0 1.000
 10294.1 1.000
 10294.2 1.000
 10294.3 1.000
 10294.4 1.000
 10294.5 1.000
 10294.6 1.000
 10294.7 1.000
 10294.8 1.000
 10294.9 1.000
 10295.0 1.000
 10295.1 1.000
 10295.2 1.000
 10295.3 1.000
 10295.4 1.000
 10295.5 1.000
 10295.6 1.000
 10295.7 1.000
 10295.8 1.000
 10295.9 1.000
 10296.0 1.000
 10296.1 1.000
 10296.2 1.000
 10296.3 1.000
 10296.4 1.000
 10296.5 1.000
 10296.6 1.000
 10296.7 1.000
 10296.8 1.000
 10296.9 1.000
 10297.0 0.999
 10297.1 0.999
 10297.2 1.000
 10297.3 1.000
 10297.4 1.000
 10297.5 1.000
 10297.6 1.000
 10297.7 1.000
 10297.8 1.000
 10297.9 1.000
 10298.0 1.000
 10298.1 1.000
 10298.2 1.000
 10298.3 1.000
 10298.4 1.000
 10298.5 1.000
 10298.6 1.000
 10298.7 1.000
 10298.8 1.000
 10298.9 1.000
 10299.0 1.000
 10299.1 1.000
 10299.2 0.999
 10299.3 0.999
 10299.4 0.999
 10299.5 1.000
 10299.6 1.000
 10299.7 1.000
 10299.8 1.000
 10299.9 1.000
 10300.0 1.000
 10300.1 1.000
 10300.2 1.000
 10300.3 1.000
 10300.4 1.000
 10300.5 1.000
 10300.6 1.000
 10300.7 1.000
 10300.8 1.000
 10300.9 1.000
 10301.0 1.000
 10301.1 1.000
 10301.2 1.000
 10301.3 0.999
 10301.4 0.999
 10301.5 1.000
 10301.6 1.000
 10301.7 1.000
 10301.8 1.000
 10301.9 1.000
 10302.0 1.000
 10302.1 1.000
 10302.2 1.000
 10302.3 1.000
 10302.4 1.000
 10302.5 0.999
 10302.6 0.998
 10302.7 0.999
 10302.8 1.000
 10302.9 1.000
 10303.0 1.000
 10303.1 1.000
 10303.2 1.000
 10303.3 1.000
 10303.4 1.000
 10303.5 1.000
 10303.6 1.000
 10303.7 1.000
 10303.8 1.000
 10303.9 1.000
 10304.0 1.000
 10304.1 1.000
 10304.2 1.000
 10304.3 1.000
 10304.4 1.000
 10304.5 1.000
 10304.6 1.000
 10304.7 1.000
 10304.8 1.000
 10304.9 1.000
 10305.0 1.000
 10305.1 1.000
 10305.2 1.000
 10305.3 1.000
 10305.4 1.000
 10305.5 1.000
 10305.6 1.000
 10305.7 1.000
 10305.8 1.000
 10305.9 1.000
 10306.0 1.000
 10306.1 1.000
 10306.2 1.000
 10306.3 1.000
 10306.4 1.000
 10306.5 1.000
 10306.6 1.000
 10306.7 1.000
 10306.8 1.000
 10306.9 1.000
 10307.0 1.000
 10307.1 1.000
 10307.2 1.000
 10307.3 1.000
 10307.4 1.000
 10307.5 1.000
 10307.6 1.000
 10307.7 1.000
 10307.8 1.000
 10307.9 1.000
 10308.0 1.000
 10308.1 1.000
 10308.2 1.000
 10308.3 1.000
 10308.4 1.000
 10308.5 1.000
 10308.6 1.000
 10308.7 1.000
 10308.8 1.000
 10308.9 1.000
 10309.0 1.000
 10309.1 1.000
 10309.2 1.000
 10309.3 1.000
 10309.4 1.000
 10309.5 1.000
 10309.6 1.000
 10309.7 1.000
 10309.8 1.000
 10309.9 1.000
 10310.0 1.000
 10310.1 0.999
 10310.2 0.996
 10310.3 0.995
 10310.4 0.997
 10310.5 0.999
 10310.6 1.000
 10310.7 1.000
 10310.8 1.000
 10310.9 1.000
 10311.0 1.000
 10311.1 1.000
 10311.2 0.999
 10311.3 0.999
 10311.4 0.999
 10311.5 0.999
 10311.6 0.998
 10311.7 0.998
 10311.8 0.999
 10311.9 1.000
 10312.0 1.000
 10312.1 1.000
 10312.2 1.000
 10312.3 1.000
 10312.4 0.999
 10312.5 0.997
 10312.6 0.998
 10312.7 0.999
 10312.8 1.000
 10312.9 1.000
 10313.0 0.999
 10313.1 0.995
 10313.2 0.991
 10313.3 0.995
 10313.4 0.999
 10313.5 1.000
 10313.6 1.000
 10313.7 1.000
 10313.8 1.000
 10313.9 1.000
 10314.0 1.000
 10314.1 1.000
 10314.2 1.000
 10314.3 1.000
 10314.4 1.000
 10314.5 1.000
 10314.6 1.000
 10314.7 1.000
 10314.8 1.000
 10314.9 1.000
 10315.0 1.000
 10315.1 1.000
 10315.2 1.000
 10315.3 1.000
 10315.4 1.000
 10315.5 1.000
 10315.6 1.000
 10315.7 1.000
 10315.8 1.000
 10315.9 1.000
 10316.0 1.000
 10316.1 1.000
 10316.2 1.000
 10316.3 1.000
 10316.4 1.000
 10316.5 1.000
 10316.6 1.000
 10316.7 1.000
 10316.8 1.000
 10316.9 1.000
 10317.0 1.000
 10317.1 1.000
 10317.2 1.000
 10317.3 1.000
 10317.4 1.000
 10317.5 1.000
 10317.6 1.000
 10317.7 1.000
 10317.8 1.000
 10317.9 1.000
 10318.0 1.000
 10318.1 1.000
 10318.2 1.000
 10318.3 1.000
 10318.4 1.000
 10318.5 1.000
 10318.6 1.000
 10318.7 1.000
 10318.8 1.000
 10318.9 1.000
 10319.0 1.000
 10319.1 0.999
 10319.2 0.999
 10319.3 1.000
 10319.4 1.000
 10319.5 1.000
 10319.6 0.998
 10319.7 0.993
 10319.8 0.995
 10319.9 0.999
 10320.0 0.999
 10320.1 0.998
 10320.2 0.998
 10320.3 0.998
 10320.4 0.999
 10320.5 1.000
 10320.6 1.000
 10320.7 1.000
 10320.8 1.000
 10320.9 1.000
 10321.0 0.999
 10321.1 0.999
 10321.2 1.000
 10321.3 1.000
 10321.4 1.000
 10321.5 1.000
 10321.6 1.000
 10321.7 1.000
 10321.8 1.000
 10321.9 1.000
 10322.0 1.000
 10322.1 1.000
 10322.2 1.000
 10322.3 1.000
 10322.4 1.000
 10322.5 1.000
 10322.6 1.000
 10322.7 1.000
 10322.8 1.000
 10322.9 1.000
 10323.0 1.000
 10323.1 1.000
 10323.2 1.000
 10323.3 1.000
 10323.4 0.999
 10323.5 0.999
 10323.6 1.000
 10323.7 1.000
 10323.8 1.000
 10323.9 1.000
 10324.0 1.000
 10324.1 1.000
 10324.2 1.000
 10324.3 1.000
 10324.4 1.000
 10324.5 1.000
 10324.6 1.000
 10324.7 1.000
 10324.8 1.000
 10324.9 1.000
 10325.0 1.000
 10325.1 1.000
 10325.2 0.999
 10325.3 0.999
 10325.4 1.000
 10325.5 1.000
 10325.6 1.000
 10325.7 1.000
 10325.8 1.000
 10325.9 1.000
 10326.0 1.000
 10326.1 1.000
 10326.2 0.999
 10326.3 0.998
 10326.4 0.999
 10326.5 1.000
 10326.6 1.000
 10326.7 1.000
 10326.8 1.000
 10326.9 1.000
 10327.0 1.000
 10327.1 0.996
 10327.2 0.940
 10327.3 0.867
 10327.4 0.920
 10327.5 0.991
 10327.6 1.000
 10327.7 1.000
 10327.8 1.000
 10327.9 1.000
 10328.0 1.000
 10328.1 1.000
 10328.2 1.000
 10328.3 1.000
 10328.4 0.999
 10328.5 0.998
 10328.6 0.998
 10328.7 0.999
 10328.8 1.000
 10328.9 1.000
 10329.0 1.000
 10329.1 1.000
 10329.2 1.000
 10329.3 1.000
 10329.4 1.000
 10329.5 1.000
 10329.6 1.000
 10329.7 1.000
 10329.8 1.000
 10329.9 1.000
 10330.0 1.000
 10330.1 0.999
 10330.2 0.998
 10330.3 0.999
 10330.4 1.000
 10330.5 1.000
 10330.6 1.000
 10330.7 1.000
 10330.8 1.000
 10330.9 1.000
 10331.0 1.000
 10331.1 0.999
 10331.2 0.998
 10331.3 0.998
 10331.4 1.000
 10331.5 1.000
 10331.6 1.000
 10331.7 1.000
 10331.8 1.000
 10331.9 0.999
 10332.0 0.999
 10332.1 0.999
 10332.2 1.000
 10332.3 1.000
 10332.4 1.000
 10332.5 1.000
 10332.6 1.000
 10332.7 0.999
 10332.8 0.988
 10332.9 0.968
 10333.0 0.976
 10333.1 0.996
 10333.2 1.000
 10333.3 1.000
 10333.4 1.000
 10333.5 1.000
 10333.6 1.000
 10333.7 1.000
 10333.8 1.000
 10333.9 1.000
 10334.0 1.000
 10334.1 1.000
 10334.2 1.000
 10334.3 1.000
 10334.4 1.000
 10334.5 1.000
 10334.6 1.000
 10334.7 1.000
 10334.8 1.000
 10334.9 1.000
 10335.0 1.000
 10335.1 1.000
 10335.2 1.000
 10335.3 1.000
 10335.4 1.000
 10335.5 1.000
 10335.6 1.000
 10335.7 1.000
 10335.8 1.000
 10335.9 1.000
 10336.0 1.000
 10336.1 1.000
 10336.2 1.000
 10336.3 0.999
 10336.4 0.999
 10336.5 1.000
 10336.6 1.000
 10336.7 1.000
 10336.8 1.000
 10336.9 1.000
 10337.0 1.000
 10337.1 1.000
 10337.2 1.000
 10337.3 1.000
 10337.4 1.000
 10337.5 1.000
 10337.6 1.000
 10337.7 1.000
 10337.8 1.000
 10337.9 1.000
 10338.0 0.999
 10338.1 1.000
 10338.2 1.000
 10338.3 1.000
 10338.4 1.000
 10338.5 1.000
 10338.6 1.000
 10338.7 1.000
 10338.8 1.000
 10338.9 1.000
 10339.0 1.000
 10339.1 1.000
 10339.2 1.000
 10339.3 1.000
 10339.4 1.000
 10339.5 1.000
 10339.6 1.000
 10339.7 1.000
 10339.8 1.000
 10339.9 1.000
 10340.0 1.000
 10340.1 1.000
 10340.2 1.000
 10340.3 1.000
 10340.4 1.000
 10340.5 1.000
 10340.6 1.000
 10340.7 1.000
 10340.8 1.000
 10340.9 0.999
 10341.0 1.000
 10341.1 1.000
 10341.2 1.000
 10341.3 1.000
 10341.4 1.000
 10341.5 1.000
 10341.6 1.000
 10341.7 1.000
 10341.8 1.000
 10341.9 1.000
 10342.0 1.000
 10342.1 1.000
 10342.2 1.000
 10342.3 1.000
 10342.4 1.000
 10342.5 1.000
 10342.6 1.000
 10342.7 1.000
 10342.8 1.000
 10342.9 1.000
 10343.0 1.000
 10343.1 0.999
 10343.2 0.998
 10343.3 0.999
 10343.4 1.000
 10343.5 1.000
 10343.6 0.999
 10343.7 0.993
 10343.8 0.985
 10343.9 0.989
 10344.0 0.998
 10344.1 1.000
 10344.2 1.000
 10344.3 1.000
 10344.4 1.000
 10344.5 1.000
 10344.6 1.000
 10344.7 1.000
 10344.8 1.000
 10344.9 1.000
 10345.0 1.000
 10345.1 1.000
 10345.2 1.000
 10345.3 1.000
 10345.4 1.000
 10345.5 1.000
 10345.6 1.000
 10345.7 1.000
 10345.8 1.000
 10345.9 1.000
 10346.0 1.000
 10346.1 1.000
 10346.2 1.000
 10346.3 1.000
 10346.4 1.000
 10346.5 1.000
 10346.6 1.000
 10346.7 1.000
 10346.8 1.000
 10346.9 1.000
 10347.0 1.000
 10347.1 1.000
 10347.2 1.000
 10347.3 1.000
 10347.4 1.000
 10347.5 1.000
 10347.6 1.000
 10347.7 1.000
 10347.8 0.999
 10347.9 0.995
 10348.0 0.994
 10348.1 0.998
 10348.2 1.000
 10348.3 1.000
 10348.4 1.000
 10348.5 1.000
 10348.6 1.000
 10348.7 1.000
 10348.8 1.000
 10348.9 1.000
 10349.0 1.000
 10349.1 1.000
 10349.2 1.000
 10349.3 1.000
 10349.4 1.000
 10349.5 1.000
 10349.6 1.000
 10349.7 1.000
 10349.8 1.000
 10349.9 1.000
 10350.0 1.000
 10350.1 1.000
 10350.2 1.000
 10350.3 1.000
 10350.4 1.000
 10350.5 1.000
 10350.6 1.000
 10350.7 0.999
 10350.8 0.999
 10350.9 0.999
 10351.0 1.000
 10351.1 1.000
 10351.2 1.000
 10351.3 1.000
 10351.4 1.000
 10351.5 1.000
 10351.6 1.000
 10351.7 1.000
 10351.8 1.000
 10351.9 1.000
 10352.0 1.000
 10352.1 1.000
 10352.2 1.000
 10352.3 1.000
 10352.4 1.000
 10352.5 1.000
 10352.6 1.000
 10352.7 1.000
 10352.8 1.000
 10352.9 1.000
 10353.0 1.000
 10353.1 1.000
 10353.2 1.000
 10353.3 1.000
 10353.4 1.000
 10353.5 1.000
 10353.6 1.000
 10353.7 0.998
 10353.8 0.997
 10353.9 0.998
 10354.0 1.000
 10354.1 1.000
 10354.2 1.000
 10354.3 1.000
 10354.4 1.000
 10354.5 1.000
 10354.6 1.000
 10354.7 1.000
 10354.8 1.000
 10354.9 1.000
 10355.0 1.000
 10355.1 1.000
 10355.2 1.000
 10355.3 1.000
 10355.4 1.000
 10355.5 1.000
 10355.6 1.000
 10355.7 1.000
 10355.8 1.000
 10355.9 1.000
 10356.0 1.000
 10356.1 1.000
 10356.2 1.000
 10356.3 1.000
 10356.4 1.000
 10356.5 1.000
 10356.6 1.000
 10356.7 1.000
 10356.8 1.000
 10356.9 1.000
 10357.0 1.000
 10357.1 1.000
 10357.2 1.000
 10357.3 1.000
 10357.4 1.000
 10357.5 1.000
 10357.6 1.000
 10357.7 1.000
 10357.8 1.000
 10357.9 1.000
 10358.0 1.000
 10358.1 1.000
 10358.2 1.000
 10358.3 1.000
 10358.4 1.000
 10358.5 1.000
 10358.6 1.000
 10358.7 1.000
 10358.8 1.000
 10358.9 1.000
 10359.0 1.000
 10359.1 1.000
 10359.2 1.000
 10359.3 1.000
 10359.4 1.000
 10359.5 1.000
 10359.6 1.000
 10359.7 1.000
 10359.8 1.000
 10359.9 1.000
 10360.0 1.000
 10360.1 1.000
 10360.2 1.000
 10360.3 1.000
 10360.4 1.000
 10360.5 0.999
 10360.6 0.999
 10360.7 1.000
 10360.8 1.000
 10360.9 1.000
 10361.0 1.000
 10361.1 1.000
 10361.2 1.000
 10361.3 1.000
 10361.4 1.000
 10361.5 1.000
 10361.6 1.000
 10361.7 1.000
 10361.8 1.000
 10361.9 1.000
 10362.0 1.000
 10362.1 1.000
 10362.2 1.000
 10362.3 1.000
 10362.4 1.000
 10362.5 1.000
 10362.6 0.999
 10362.7 0.999
 10362.8 1.000
 10362.9 1.000
 10363.0 1.000
 10363.1 1.000
 10363.2 1.000
 10363.3 1.000
 10363.4 1.000
 10363.5 1.000
 10363.6 1.000
 10363.7 1.000
 10363.8 1.000
 10363.9 0.999
 10364.0 0.998
 10364.1 0.998
 10364.2 0.999
 10364.3 1.000
 10364.4 1.000
 10364.5 1.000
 10364.6 0.999
 10364.7 1.000
 10364.8 1.000
 10364.9 1.000
 10365.0 1.000
 10365.1 1.000
 10365.2 1.000
 10365.3 1.000
 10365.4 1.000
 10365.5 1.000
 10365.6 1.000
 10365.7 1.000
 10365.8 1.000
 10365.9 1.000
 10366.0 0.993
 10366.1 0.966
 10366.2 0.958
 10366.3 0.986
 10366.4 0.999
 10366.5 1.000
 10366.6 1.000
 10366.7 1.000
 10366.8 1.000
 10366.9 1.000
 10367.0 1.000
 10367.1 1.000
 10367.2 1.000
 10367.3 1.000
 10367.4 1.000
 10367.5 1.000
 10367.6 1.000
 10367.7 1.000
 10367.8 1.000
 10367.9 1.000
 10368.0 1.000
 10368.1 1.000
 10368.2 1.000
 10368.3 1.000
 10368.4 1.000
 10368.5 1.000
 10368.6 1.000
 10368.7 1.000
 10368.8 1.000
 10368.9 1.000
 10369.0 1.000
 10369.1 1.000
 10369.2 1.000
 10369.3 1.000
 10369.4 1.000
 10369.5 1.000
 10369.6 1.000
 10369.7 1.000
 10369.8 1.000
 10369.9 1.000
 10370.0 1.000
 10370.1 1.000
 10370.2 1.000
 10370.3 1.000
 10370.4 1.000
 10370.5 1.000
 10370.6 1.000
 10370.7 1.000
 10370.8 1.000
 10370.9 1.000
 10371.0 0.998
 10371.1 0.979
 10371.2 0.929
 10371.3 0.918
 10371.4 0.967
 10371.5 0.996
 10371.6 1.000
 10371.7 1.000
 10371.8 1.000
 10371.9 1.000
 10372.0 1.000
 10372.1 0.999
 10372.2 0.999
 10372.3 1.000
 10372.4 1.000
 10372.5 1.000
 10372.6 1.000
 10372.7 0.999
 10372.8 0.999
 10372.9 0.999
 10373.0 0.999
 10373.1 0.999
 10373.2 0.999
 10373.3 0.999
 10373.4 0.999
 10373.5 0.999
 10373.6 1.000
 10373.7 1.000
 10373.8 1.000
 10373.9 1.000
 10374.0 0.999
 10374.1 0.999
 10374.2 0.999
 10374.3 0.999
 10374.4 0.999
 10374.5 1.000
 10374.6 1.000
 10374.7 1.000
 10374.8 1.000
 10374.9 1.000
 10375.0 1.000
 10375.1 1.000
 10375.2 1.000
 10375.3 1.000
 10375.4 1.000
 10375.5 1.000
 10375.6 1.000
 10375.7 1.000
 10375.8 1.000
 10375.9 1.000
 10376.0 1.000
 10376.1 0.999
 10376.2 0.996
 10376.3 0.994
 10376.4 0.996
 10376.5 0.999
 10376.6 1.000
 10376.7 1.000
 10376.8 1.000
 10376.9 1.000
 10377.0 1.000
 10377.1 1.000
 10377.2 1.000
 10377.3 1.000
 10377.4 1.000
 10377.5 1.000
 10377.6 1.000
 10377.7 1.000
 10377.8 1.000
 10377.9 1.000
 10378.0 1.000
 10378.1 1.000
 10378.2 1.000
 10378.3 1.000
 10378.4 1.000
 10378.5 0.999
 10378.6 0.997
 10378.7 0.998
 10378.8 0.999
 10378.9 1.000
 10379.0 1.000
 10379.1 1.000
 10379.2 1.000
 10379.3 1.000
 10379.4 1.000
 10379.5 1.000
 10379.6 1.000
 10379.7 0.999
 10379.8 0.998
 10379.9 0.999
 10380.0 1.000
 10380.1 1.000
 10380.2 1.000
 10380.3 1.000
 10380.4 1.000
 10380.5 1.000
 10380.6 1.000
 10380.7 1.000
 10380.8 1.000
 10380.9 0.999
 10381.0 0.999
 10381.1 0.999
 10381.2 1.000
 10381.3 1.000
 10381.4 1.000
 10381.5 1.000
 10381.6 1.000
 10381.7 1.000
 10381.8 1.000
 10381.9 1.000
 10382.0 1.000
 10382.1 1.000
 10382.2 0.999
 10382.3 0.999
 10382.4 0.999
 10382.5 1.000
 10382.6 1.000
 10382.7 1.000
 10382.8 1.000
 10382.9 1.000
 10383.0 1.000
 10383.1 1.000
 10383.2 1.000
 10383.3 1.000
 10383.4 1.000
 10383.5 1.000
 10383.6 1.000
 10383.7 1.000
 10383.8 1.000
 10383.9 1.000
 10384.0 1.000
 10384.1 1.000
 10384.2 1.000
 10384.3 1.000
 10384.4 1.000
 10384.5 1.000
 10384.6 1.000
 10384.7 1.000
 10384.8 0.999
 10384.9 0.997
 10385.0 0.997
 10385.1 0.999
 10385.2 1.000
 10385.3 1.000
 10385.4 1.000
 10385.5 1.000
 10385.6 1.000
 10385.7 1.000
 10385.8 1.000
 10385.9 1.000
 10386.0 1.000
 10386.1 1.000
 10386.2 1.000
 10386.3 1.000
 10386.4 1.000
 10386.5 1.000
 10386.6 1.000
 10386.7 1.000
 10386.8 1.000
 10386.9 1.000
 10387.0 1.000
 10387.1 1.000
 10387.2 1.000
 10387.3 1.000
 10387.4 1.000
 10387.5 0.999
 10387.6 1.000
 10387.7 1.000
 10387.8 1.000
 10387.9 1.000
 10388.0 1.000
 10388.1 1.000
 10388.2 1.000
 10388.3 1.000
 10388.4 1.000
 10388.5 1.000
 10388.6 1.000
 10388.7 0.999
 10388.8 0.999
 10388.9 1.000
 10389.0 1.000
 10389.1 1.000
 10389.2 1.000
 10389.3 1.000
 10389.4 1.000
 10389.5 1.000
 10389.6 1.000
 10389.7 1.000
 10389.8 1.000
 10389.9 1.000
 10390.0 1.000
 10390.1 1.000
 10390.2 1.000
 10390.3 1.000
 10390.4 1.000
 10390.5 1.000
 10390.6 1.000
 10390.7 1.000
 10390.8 1.000
 10390.9 1.000
 10391.0 1.000
 10391.1 1.000
 10391.2 1.000
 10391.3 1.000
 10391.4 1.000
 10391.5 0.999
 10391.6 0.997
 10391.7 0.991
 10391.8 0.990
 10391.9 0.995
 10392.0 0.997
 10392.1 0.991
 10392.2 0.985
 10392.3 0.989
 10392.4 0.997
 10392.5 0.999
 10392.6 1.000
 10392.7 1.000
 10392.8 1.000
 10392.9 1.000
 10393.0 1.000
 10393.1 1.000
 10393.2 1.000
 10393.3 1.000
 10393.4 1.000
 10393.5 1.000
 10393.6 1.000
 10393.7 1.000
 10393.8 1.000
 10393.9 1.000
 10394.0 1.000
 10394.1 1.000
 10394.2 1.000
 10394.3 1.000
 10394.4 1.000
 10394.5 1.000
 10394.6 1.000
 10394.7 1.000
 10394.8 1.000
 10394.9 1.000
 10395.0 1.000
 10395.1 1.000
 10395.2 1.000
 10395.3 1.000
 10395.4 1.000
 10395.5 1.000
 10395.6 1.000
 10395.7 1.000
 10395.8 0.999
 10395.9 1.000
 10396.0 1.000
 10396.1 1.000
 10396.2 1.000
 10396.3 1.000
 10396.4 1.000
 10396.5 1.000
 10396.6 1.000
 10396.7 1.000
 10396.8 1.000
 10396.9 1.000
 10397.0 1.000
 10397.1 1.000
 10397.2 1.000
 10397.3 1.000
 10397.4 1.000
 10397.5 1.000
 10397.6 0.999
 10397.7 0.999
 10397.8 1.000
 10397.9 1.000
 10398.0 1.000
 10398.1 1.000
 10398.2 1.000
 10398.3 0.999
 10398.4 1.000
 10398.5 1.000
 10398.6 1.000
 10398.7 1.000
 10398.8 1.000
 10398.9 1.000
 10399.0 1.000
 10399.1 1.000
 10399.2 1.000
 10399.3 1.000
 10399.4 1.000
 10399.5 1.000
 10399.6 1.000
 10399.7 1.000
 10399.8 1.000
 10399.9 1.000
 10400.0 1.000
 10400.1 1.000
 10400.2 1.000
 10400.3 1.000
 10400.4 1.000
 10400.5 1.000
 10400.6 1.000
 10400.7 1.000
 10400.8 1.000
 10400.9 1.000
 10401.0 1.000
 10401.1 1.000
 10401.2 1.000
 10401.3 1.000
 10401.4 1.000
 10401.5 1.000
 10401.6 1.000
 10401.7 1.000
 10401.8 1.000
 10401.9 0.999
 10402.0 1.000
 10402.1 1.000
 10402.2 1.000
 10402.3 1.000
 10402.4 1.000
 10402.5 1.000
 10402.6 1.000
 10402.7 0.998
 10402.8 0.995
 10402.9 0.996
 10403.0 0.999
 10403.1 1.000
 10403.2 1.000
 10403.3 1.000
 10403.4 1.000
 10403.5 1.000
 10403.6 1.000
 10403.7 1.000
 10403.8 1.000
 10403.9 1.000
 10404.0 1.000
 10404.1 1.000
 10404.2 1.000
 10404.3 1.000
 10404.4 1.000
 10404.5 1.000
 10404.6 1.000
 10404.7 1.000
 10404.8 1.000
 10404.9 0.999
 10405.0 0.999
 10405.1 0.999
 10405.2 1.000
 10405.3 1.000
 10405.4 1.000
 10405.5 1.000
 10405.6 1.000
 10405.7 1.000
 10405.8 1.000
 10405.9 1.000
 10406.0 1.000
 10406.1 1.000
 10406.2 1.000
 10406.3 1.000
 10406.4 1.000
 10406.5 1.000
 10406.6 1.000
 10406.7 1.000
 10406.8 0.999
 10406.9 0.995
 10407.0 0.990
 10407.1 0.991
 10407.2 0.997
 10407.3 0.999
 10407.4 1.000
 10407.5 1.000
 10407.6 1.000
 10407.7 1.000
 10407.8 0.999
 10407.9 0.998
 10408.0 0.994
 10408.1 0.992
 10408.2 0.994
 10408.3 0.998
 10408.4 1.000
 10408.5 1.000
 10408.6 1.000
 10408.7 1.000
 10408.8 1.000
 10408.9 1.000
 10409.0 1.000
 10409.1 0.999
 10409.2 1.000
 10409.3 1.000
 10409.4 1.000
 10409.5 1.000
 10409.6 1.000
 10409.7 1.000
 10409.8 1.000
 10409.9 1.000
 10410.0 1.000
 10410.1 1.000
 10410.2 1.000
 10410.3 1.000
 10410.4 1.000
 10410.5 1.000
 10410.6 1.000
 10410.7 1.000
 10410.8 0.999
 10410.9 0.999
 10411.0 0.999
 10411.1 1.000
 10411.2 1.000
 10411.3 1.000
 10411.4 1.000
 10411.5 1.000
 10411.6 1.000
 10411.7 1.000
 10411.8 1.000
 10411.9 1.000
 10412.0 1.000
 10412.1 1.000
 10412.2 1.000
 10412.3 1.000
 10412.4 1.000
 10412.5 1.000
 10412.6 1.000
 10412.7 1.000
 10412.8 1.000
 10412.9 1.000
 10413.0 1.000
 10413.1 1.000
 10413.2 1.000
 10413.3 1.000
 10413.4 1.000
 10413.5 0.999
 10413.6 0.999
 10413.7 0.999
 10413.8 1.000
 10413.9 1.000
 10414.0 1.000
 10414.1 1.000
 10414.2 1.000
 10414.3 1.000
 10414.4 1.000
 10414.5 1.000
 10414.6 1.000
 10414.7 1.000
 10414.8 0.998
 10414.9 0.997
 10415.0 0.998
 10415.1 0.999
 10415.2 1.000
 10415.3 1.000
 10415.4 1.000
 10415.5 1.000
 10415.6 1.000
 10415.7 1.000
 10415.8 1.000
 10415.9 1.000
 10416.0 1.000
 10416.1 1.000
 10416.2 1.000
 10416.3 1.000
 10416.4 1.000
 10416.5 1.000
 10416.6 1.000
 10416.7 1.000
 10416.8 1.000
 10416.9 1.000
 10417.0 1.000
 10417.1 1.000
 10417.2 1.000
 10417.3 1.000
 10417.4 1.000
 10417.5 1.000
 10417.6 1.000
 10417.7 1.000
 10417.8 1.000
 10417.9 1.000
 10418.0 1.000
 10418.1 1.000
 10418.2 1.000
 10418.3 1.000
 10418.4 1.000
 10418.5 1.000
 10418.6 1.000
 10418.7 1.000
 10418.8 1.000
 10418.9 1.000
 10419.0 1.000
 10419.1 1.000
 10419.2 1.000
 10419.3 1.000
 10419.4 1.000
 10419.5 1.000
 10419.6 1.000
 10419.7 1.000
 10419.8 1.000
 10419.9 1.000
 10420.0 1.000
 10420.1 1.000
 10420.2 1.000
 10420.3 1.000
 10420.4 1.000
 10420.5 1.000
 10420.6 1.000
 10420.7 1.000
 10420.8 1.000
 10420.9 1.000
 10421.0 1.000
 10421.1 1.000
 10421.2 1.000
 10421.3 1.000
 10421.4 1.000
 10421.5 1.000
 10421.6 1.000
 10421.7 1.000
 10421.8 1.000
 10421.9 1.000
 10422.0 1.000
 10422.1 1.000
 10422.2 1.000
 10422.3 1.000
 10422.4 1.000
 10422.5 1.000
 10422.6 1.000
 10422.7 1.000
 10422.8 1.000
 10422.9 1.000
 10423.0 1.000
 10423.1 1.000
 10423.2 1.000
 10423.3 1.000
 10423.4 1.000
 10423.5 1.000
 10423.6 1.000
 10423.7 0.999
 10423.8 0.999
 10423.9 0.999
 10424.0 1.000
 10424.1 1.000
 10424.2 1.000
 10424.3 1.000
 10424.4 1.000
 10424.5 1.000
 10424.6 1.000
 10424.7 1.000
 10424.8 1.000
 10424.9 1.000
 10425.0 1.000
 10425.1 1.000
 10425.2 1.000
 10425.3 1.000
 10425.4 1.000
 10425.5 1.000
 10425.6 1.000
 10425.7 1.000
 10425.8 1.000
 10425.9 1.000
 10426.0 1.000
 10426.1 1.000
 10426.2 1.000
 10426.3 1.000
 10426.4 0.999
 10426.5 0.999
 10426.6 0.999
 10426.7 1.000
 10426.8 1.000
 10426.9 1.000
 10427.0 1.000
 10427.1 1.000
 10427.2 1.000
 10427.3 1.000
 10427.4 1.000
 10427.5 1.000
 10427.6 1.000
 10427.7 1.000
 10427.8 1.000
 10427.9 1.000
 10428.0 1.000
 10428.1 1.000
 10428.2 1.000
 10428.3 1.000
 10428.4 1.000
 10428.5 1.000
 10428.6 1.000
 10428.7 1.000
 10428.8 1.000
 10428.9 1.000
 10429.0 1.000
 10429.1 1.000
 10429.2 1.000
 10429.3 1.000
 10429.4 1.000
 10429.5 1.000
 10429.6 1.000
 10429.7 1.000
 10429.8 1.000
 10429.9 1.000
 10430.0 1.000
 10430.1 1.000
 10430.2 1.000
 10430.3 1.000
 10430.4 1.000
 10430.5 1.000
 10430.6 1.000
 10430.7 1.000
 10430.8 1.000
 10430.9 1.000
 10431.0 1.000
 10431.1 1.000
 10431.2 1.000
 10431.3 1.000
 10431.4 1.000
 10431.5 1.000
 10431.6 1.000
 10431.7 1.000
 10431.8 1.000
 10431.9 1.000
 10432.0 1.000
 10432.1 1.000
 10432.2 1.000
 10432.3 1.000
 10432.4 1.000
 10432.5 1.000
 10432.6 0.999
 10432.7 0.999
 10432.8 1.000
 10432.9 1.000
 10433.0 1.000
 10433.1 1.000
 10433.2 1.000
 10433.3 1.000
 10433.4 1.000
 10433.5 1.000
 10433.6 1.000
 10433.7 1.000
 10433.8 1.000
 10433.9 1.000
 10434.0 1.000
 10434.1 1.000
 10434.2 1.000
 10434.3 1.000
 10434.4 1.000
 10434.5 1.000
 10434.6 1.000
 10434.7 1.000
 10434.8 1.000
 10434.9 1.000
 10435.0 1.000
 10435.1 1.000
 10435.2 1.000
 10435.3 0.999
 10435.4 0.999
 10435.5 1.000
 10435.6 1.000
 10435.7 1.000
 10435.8 1.000
 10435.9 1.000
 10436.0 1.000
 10436.1 1.000
 10436.2 1.000
 10436.3 1.000
 10436.4 1.000
 10436.5 1.000
 10436.6 1.000
 10436.7 1.000
 10436.8 1.000
 10436.9 1.000
 10437.0 1.000
 10437.1 1.000
 10437.2 1.000
 10437.3 1.000
 10437.4 1.000
 10437.5 1.000
 10437.6 1.000
 10437.7 1.000
 10437.8 1.000
 10437.9 1.000
 10438.0 1.000
 10438.1 1.000
 10438.2 1.000
 10438.3 1.000
 10438.4 1.000
 10438.5 1.000
 10438.6 1.000
 10438.7 1.000
 10438.8 1.000
 10438.9 1.000
 10439.0 1.000
 10439.1 1.000
 10439.2 1.000
 10439.3 1.000
 10439.4 1.000
 10439.5 1.000
 10439.6 1.000
 10439.7 1.000
 10439.8 1.000
 10439.9 1.000
 10440.0 1.000
 10440.1 1.000
 10440.2 1.000
 10440.3 1.000
 10440.4 1.000
 10440.5 0.999
 10440.6 0.999
 10440.7 1.000
 10440.8 1.000
 10440.9 1.000
 10441.0 1.000
 10441.1 0.999
 10441.2 0.999
 10441.3 1.000
 10441.4 0.999
 10441.5 0.999
 10441.6 0.999
 10441.7 1.000
 10441.8 1.000
 10441.9 1.000
 10442.0 1.000
 10442.1 1.000
 10442.2 1.000
 10442.3 1.000
 10442.4 1.000
 10442.5 1.000
 10442.6 0.999
 10442.7 1.000
 10442.8 1.000
 10442.9 1.000
 10443.0 1.000
 10443.1 1.000
 10443.2 1.000
 10443.3 1.000
 10443.4 1.000
 10443.5 1.000
 10443.6 1.000
 10443.7 1.000
 10443.8 1.000
 10443.9 1.000
 10444.0 1.000
 10444.1 0.999
 10444.2 0.999
 10444.3 1.000
 10444.4 1.000
 10444.5 1.000
 10444.6 1.000
 10444.7 1.000
 10444.8 1.000
 10444.9 1.000
 10445.0 1.000
 10445.1 1.000
 10445.2 1.000
 10445.3 1.000
 10445.4 1.000
 10445.5 1.000
 10445.6 1.000
 10445.7 1.000
 10445.8 1.000
 10445.9 1.000
 10446.0 1.000
 10446.1 1.000
 10446.2 1.000
 10446.3 1.000
 10446.4 1.000
 10446.5 1.000
 10446.6 1.000
 10446.7 1.000
 10446.8 1.000
 10446.9 1.000
 10447.0 1.000
 10447.1 1.000
 10447.2 1.000
 10447.3 1.000
 10447.4 1.000
 10447.5 1.000
 10447.6 1.000
 10447.7 1.000
 10447.8 1.000
 10447.9 1.000
 10448.0 1.000
 10448.1 1.000
 10448.2 0.999
 10448.3 0.999
 10448.4 0.999
 10448.5 0.999
 10448.6 0.999
 10448.7 0.999
 10448.8 1.000
 10448.9 0.999
 10449.0 0.998
 10449.1 0.999
 10449.2 1.000
 10449.3 1.000
 10449.4 1.000
 10449.5 1.000
 10449.6 1.000
 10449.7 1.000
 10449.8 0.999
 10449.9 0.998
 10450.0 0.998
 10450.1 0.999
 10450.2 1.000
 10450.3 1.000
 10450.4 1.000
 10450.5 1.000
 10450.6 1.000
 10450.7 1.000
 10450.8 1.000
 10450.9 1.000
 10451.0 1.000
 10451.1 1.000
 10451.2 1.000
 10451.3 1.000
 10451.4 1.000
 10451.5 1.000
 10451.6 1.000
 10451.7 1.000
 10451.8 1.000
 10451.9 1.000
 10452.0 1.000
 10452.1 1.000
 10452.2 1.000
 10452.3 1.000
 10452.4 1.000
 10452.5 1.000
 10452.6 1.000
 10452.7 1.000
 10452.8 1.000
 10452.9 1.000
 10453.0 1.000
 10453.1 1.000
 10453.2 1.000
 10453.3 1.000
 10453.4 1.000
 10453.5 1.000
 10453.6 1.000
 10453.7 1.000
 10453.8 1.000
 10453.9 1.000
 10454.0 1.000
 10454.1 1.000
 10454.2 1.000
 10454.3 1.000
 10454.4 1.000
 10454.5 1.000
 10454.6 1.000
 10454.7 1.000
 10454.8 1.000
 10454.9 1.000
 10455.0 1.000
 10455.1 1.000
 10455.2 0.994
 10455.3 0.926
 10455.4 0.793
 10455.5 0.757
 10455.6 0.874
 10455.7 0.980
 10455.8 0.999
 10455.9 0.999
 10456.0 1.000
 10456.1 1.000
 10456.2 1.000
 10456.3 1.000
 10456.4 1.000
 10456.5 0.999
 10456.6 0.986
 10456.7 0.934
 10456.8 0.899
 10456.9 0.946
 10457.0 0.992
 10457.1 1.000
 10457.2 1.000
 10457.3 1.000
 10457.4 1.000
 10457.5 1.000
 10457.6 1.000
 10457.7 1.000
 10457.8 1.000
 10457.9 1.000
 10458.0 1.000
 10458.1 1.000
 10458.2 1.000
 10458.3 1.000
 10458.4 1.000
 10458.5 1.000
 10458.6 1.000
 10458.7 1.000
 10458.8 1.000
 10458.9 1.000
 10459.0 1.000
 10459.1 1.000
 10459.2 0.995
 10459.3 0.939
 10459.4 0.828
 10459.5 0.812
 10459.6 0.918
 10459.7 0.991
 10459.8 1.000
 10459.9 1.000
 10460.0 1.000
 10460.1 1.000
 10460.2 1.000
 10460.3 1.000
 10460.4 1.000
 10460.5 0.999
 10460.6 0.999
 10460.7 1.000
 10460.8 1.000
 10460.9 1.000
 10461.0 1.000
 10461.1 1.000
 10461.2 1.000
 10461.3 1.000
 10461.4 1.000
 10461.5 1.000
 10461.6 1.000
 10461.7 1.000
 10461.8 1.000
 10461.9 1.000
 10462.0 1.000
 10462.1 1.000
 10462.2 1.000
 10462.3 1.000
 10462.4 1.000
 10462.5 1.000
 10462.6 1.000
 10462.7 1.000
 10462.8 0.999
 10462.9 0.995
 10463.0 0.989
 10463.1 0.993
 10463.2 0.999
 10463.3 1.000
 10463.4 1.000
 10463.5 1.000
 10463.6 1.000
 10463.7 1.000
 10463.8 1.000
 10463.9 1.000
 10464.0 1.000
 10464.1 1.000
 10464.2 0.999
 10464.3 0.997
 10464.4 0.996
 10464.5 0.998
 10464.6 1.000
 10464.7 1.000
 10464.8 1.000
 10464.9 1.000
 10465.0 1.000
 10465.1 1.000
 10465.2 1.000
 10465.3 1.000
 10465.4 1.000
 10465.5 1.000
 10465.6 1.000
 10465.7 1.000
 10465.8 1.000
 10465.9 1.000
 10466.0 1.000
 10466.1 1.000
 10466.2 1.000
 10466.3 1.000
 10466.4 1.000
 10466.5 1.000
 10466.6 1.000
 10466.7 1.000
 10466.8 1.000
 10466.9 1.000
 10467.0 1.000
 10467.1 1.000
 10467.2 1.000
 10467.3 1.000
 10467.4 1.000
 10467.5 1.000
 10467.6 1.000
 10467.7 1.000
 10467.8 1.000
 10467.9 1.000
 10468.0 1.000
 10468.1 1.000
 10468.2 1.000
 10468.3 1.000
 10468.4 1.000
 10468.5 1.000
 10468.6 1.000
 10468.7 1.000
 10468.8 0.998
 10468.9 0.995
 10469.0 0.997
 10469.1 0.999
 10469.2 1.000
 10469.3 1.000
 10469.4 1.000
 10469.5 0.998
 10469.6 0.990
 10469.7 0.990
 10469.8 0.997
 10469.9 1.000
 10470.0 0.999
 10470.1 0.999
 10470.2 1.000
 10470.3 0.999
 10470.4 0.997
 10470.5 0.998
 10470.6 1.000
 10470.7 1.000
 10470.8 1.000
 10470.9 1.000
 10471.0 1.000
 10471.1 1.000
 10471.2 1.000
 10471.3 1.000
 10471.4 1.000
 10471.5 1.000
 10471.6 1.000
 10471.7 1.000
 10471.8 1.000
 10471.9 1.000
 10472.0 1.000
 10472.1 1.000
 10472.2 1.000
 10472.3 1.000
 10472.4 1.000
 10472.5 1.000
 10472.6 1.000
 10472.7 1.000
 10472.8 1.000
 10472.9 1.000
 10473.0 1.000
 10473.1 1.000
 10473.2 1.000
 10473.3 1.000
 10473.4 1.000
 10473.5 1.000
 10473.6 1.000
 10473.7 1.000
 10473.8 1.000
 10473.9 1.000
 10474.0 1.000
 10474.1 1.000
 10474.2 1.000
 10474.3 1.000
 10474.4 1.000
 10474.5 1.000
 10474.6 1.000
 10474.7 1.000
 10474.8 1.000
 10474.9 1.000
 10475.0 1.000
 10475.1 1.000
 10475.2 1.000
 10475.3 1.000
 10475.4 1.000
 10475.5 0.999
 10475.6 0.999
 10475.7 1.000
 10475.8 1.000
 10475.9 1.000
 10476.0 1.000
 10476.1 1.000
 10476.2 1.000
 10476.3 1.000
 10476.4 1.000
 10476.5 1.000
 10476.6 1.000
 10476.7 1.000
 10476.8 1.000
 10476.9 1.000
 10477.0 1.000
 10477.1 1.000
 10477.2 1.000
 10477.3 1.000
 10477.4 1.000
 10477.5 1.000
 10477.6 1.000
 10477.7 1.000
 10477.8 0.999
 10477.9 0.999
 10478.0 0.999
 10478.1 0.999
 10478.2 1.000
 10478.3 1.000
 10478.4 1.000
 10478.5 1.000
 10478.6 1.000
 10478.7 1.000
 10478.8 1.000
 10478.9 1.000
 10479.0 1.000
 10479.1 1.000
 10479.2 1.000
 10479.3 1.000
 10479.4 1.000
 10479.5 1.000
 10479.6 1.000
 10479.7 1.000
 10479.8 1.000
 10479.9 1.000
