 10680.0 1.000
 10680.1 1.000
 10680.2 1.000
 10680.3 1.000
 10680.4 1.000
 10680.5 1.000
 10680.6 1.000
 10680.7 1.000
 10680.8 1.000
 10680.9 1.000
 10681.0 1.000
 10681.1 1.000
 10681.2 1.000
 10681.3 0.999
 10681.4 0.997
 10681.5 0.998
 10681.6 1.000
 10681.7 1.000
 10681.8 1.000
 10681.9 1.000
 10682.0 1.000
 10682.1 1.000
 10682.2 1.000
 10682.3 1.000
 10682.4 0.999
 10682.5 0.999
 10682.6 0.998
 10682.7 0.977
 10682.8 0.863
 10682.9 0.710
 10683.0 0.637
 10683.1 0.624
 10683.2 0.656
 10683.3 0.767
 10683.4 0.921
 10683.5 0.992
 10683.6 0.999
 10683.7 0.999
 10683.8 1.000
 10683.9 1.000
 10684.0 1.000
 10684.1 1.000
 10684.2 1.000
 10684.3 1.000
 10684.4 1.000
 10684.5 1.000
 10684.6 1.000
 10684.7 1.000
 10684.8 1.000
 10684.9 0.998
 10685.0 0.969
 10685.1 0.851
 10685.2 0.713
 10685.3 0.657
 10685.4 0.662
 10685.5 0.736
 10685.6 0.881
 10685.7 0.981
 10685.8 0.999
 10685.9 1.000
 10686.0 1.000
 10686.1 1.000
 10686.2 1.000
 10686.3 1.000
 10686.4 1.000
 10686.5 0.999
 10686.6 0.999
 10686.7 0.999
 10686.8 1.000
 10686.9 1.000
 10687.0 1.000
 10687.1 1.000
 10687.2 1.000
 10687.3 1.000
 10687.4 1.000
 10687.5 1.000
 10687.6 1.000
 10687.7 1.000
 10687.8 1.000
 10687.9 1.000
 10688.0 1.000
 10688.1 1.000
 10688.2 1.000
 10688.3 1.000
 10688.4 1.000
 10688.5 1.000
 10688.6 1.000
 10688.7 1.000
 10688.8 1.000
 10688.9 1.000
 10689.0 1.000
 10689.1 0.999
 10689.2 0.999
 10689.3 1.000
 10689.4 0.999
 10689.5 0.993
 10689.6 0.960
 10689.7 0.924
 10689.8 0.945
 10689.9 0.986
 10690.0 0.999
 10690.1 1.000
 10690.2 1.000
 10690.3 1.000
 10690.4 0.999
 10690.5 0.999
 10690.6 0.999
 10690.7 0.998
 10690.8 0.994
 10690.9 0.931
 10691.0 0.776
 10691.1 0.651
 10691.2 0.608
 10691.3 0.608
 10691.4 0.651
 10691.5 0.776
 10691.6 0.931
 10691.7 0.994
 10691.8 0.998
 10691.9 0.999
 10692.0 0.999
 10692.1 0.999
 10692.2 0.999
 10692.3 1.000
 10692.4 1.000
 10692.5 1.000
 10692.6 1.000
 10692.7 1.000
 10692.8 1.000
 10692.9 1.000
 10693.0 0.999
 10693.1 0.998
 10693.2 0.997
 10693.3 0.998
 10693.4 1.000
 10693.5 1.000
 10693.6 1.000
 10693.7 1.000
 10693.8 1.000
 10693.9 1.000
 10694.0 0.996
 10694.1 0.966
 10694.2 0.909
 10694.3 0.908
 10694.4 0.964
 10694.5 0.996
 10694.6 1.000
 10694.7 1.000
 10694.8 1.000
 10694.9 1.000
 10695.0 1.000
 10695.1 1.000
 10695.2 1.000
 10695.3 1.000
 10695.4 1.000
 10695.5 1.000
 10695.6 1.000
 10695.7 1.000
 10695.8 1.000
 10695.9 1.000
 10696.0 1.000
 10696.1 1.000
 10696.2 1.000
 10696.3 1.000
 10696.4 1.000
 10696.5 1.000
 10696.6 1.000
 10696.7 1.000
 10696.8 1.000
 10696.9 1.000
 10697.0 1.000
 10697.1 1.000
 10697.2 1.000
 10697.3 1.000
 10697.4 1.000
 10697.5 1.000
 10697.6 1.000
 10697.7 1.000
 10697.8 1.000
 10697.9 1.000
 10698.0 1.000
 10698.1 1.000
 10698.2 1.000
 10698.3 1.000
 10698.4 1.000
 10698.5 1.000
 10698.6 1.000
 10698.7 1.000
 10698.8 1.000
 10698.9 1.000
 10699.0 1.000
 10699.1 1.000
 10699.2 1.000
 10699.3 1.000
 10699.4 1.000
 10699.5 1.000
 10699.6 1.000
 10699.7 1.000
 10699.8 1.000
 10699.9 1.000
 10700.0 1.000
 10700.1 1.000
 10700.2 1.000
 10700.3 1.000
 10700.4 1.000
 10700.5 1.000
 10700.6 0.999
 10700.7 0.999
 10700.8 1.000
 10700.9 1.000
 10701.0 1.000
 10701.1 1.000
 10701.2 1.000
 10701.3 1.000
 10701.4 1.000
 10701.5 1.000
 10701.6 1.000
 10701.7 1.000
 10701.8 1.000
 10701.9 1.000
 10702.0 1.000
 10702.1 1.000
 10702.2 1.000
 10702.3 1.000
 10702.4 1.000
 10702.5 1.000
 10702.6 1.000
 10702.7 1.000
 10702.8 1.000
 10702.9 1.000
 10703.0 1.000
 10703.1 1.000
 10703.2 1.000
 10703.3 1.000
 10703.4 1.000
 10703.5 1.000
 10703.6 1.000
 10703.7 1.000
 10703.8 1.000
 10703.9 1.000
 10704.0 1.000
 10704.1 0.999
 10704.2 0.999
 10704.3 1.000
 10704.4 1.000
 10704.5 1.000
 10704.6 1.000
 10704.7 1.000
 10704.8 1.000
 10704.9 1.000
 10705.0 1.000
 10705.1 1.000
 10705.2 1.000
 10705.3 1.000
 10705.4 1.000
 10705.5 1.000
 10705.6 1.000
 10705.7 1.000
 10705.8 1.000
 10705.9 1.000
 10706.0 1.000
 10706.1 1.000
 10706.2 1.000
 10706.3 1.000
 10706.4 1.000
 10706.5 1.000
 10706.6 1.000
 10706.7 1.000
 10706.8 1.000
 10706.9 0.997
 10707.0 0.963
 10707.1 0.843
 10707.2 0.715
 10707.3 0.669
 10707.4 0.686
 10707.5 0.784
 10707.6 0.923
 10707.7 0.991
 10707.8 0.999
 10707.9 1.000
 10708.0 1.000
 10708.1 1.000
 10708.2 1.000
 10708.3 1.000
 10708.4 1.000
 10708.5 1.000
 10708.6 1.000
 10708.7 1.000
 10708.8 1.000
 10708.9 1.000
 10709.0 1.000
 10709.1 1.000
 10709.2 1.000
 10709.3 1.000
 10709.4 1.000
 10709.5 1.000
 10709.6 1.000
 10709.7 0.999
 10709.8 0.999
 10709.9 0.999
 10710.0 0.999
 10710.1 1.000
 10710.2 1.000
 10710.3 1.000
 10710.4 1.000
 10710.5 1.000
 10710.6 1.000
 10710.7 1.000
 10710.8 1.000
 10710.9 1.000
 10711.0 0.999
 10711.1 0.998
 10711.2 0.998
 10711.3 0.999
 10711.4 1.000
 10711.5 1.000
 10711.6 1.000
 10711.7 1.000
 10711.8 1.000
 10711.9 1.000
 10712.0 1.000
 10712.1 1.000
 10712.2 1.000
 10712.3 1.000
 10712.4 1.000
 10712.5 1.000
 10712.6 1.000
 10712.7 1.000
 10712.8 1.000
 10712.9 1.000
 10713.0 1.000
 10713.1 1.000
 10713.2 1.000
 10713.3 0.997
 10713.4 0.985
 10713.5 0.969
 10713.6 0.969
 10713.7 0.986
 10713.8 0.997
 10713.9 1.000
 10714.0 1.000
 10714.1 1.000
 10714.2 1.000
 10714.3 1.000
 10714.4 1.000
 10714.5 1.000
 10714.6 1.000
 10714.7 1.000
 10714.8 1.000
 10714.9 1.000
 10715.0 1.000
 10715.1 1.000
 10715.2 1.000
 10715.3 1.000
 10715.4 1.000
 10715.5 1.000
 10715.6 1.000
 10715.7 1.000
 10715.8 1.000
 10715.9 1.000
 10716.0 1.000
 10716.1 1.000
 10716.2 1.000
 10716.3 1.000
 10716.4 1.000
 10716.5 1.000
 10716.6 1.000
 10716.7 1.000
 10716.8 1.000
 10716.9 1.000
 10717.0 1.000
 10717.1 1.000
 10717.2 1.000
 10717.3 1.000
 10717.4 1.000
 10717.5 1.000
 10717.6 1.000
 10717.7 0.996
 10717.8 0.989
 10717.9 0.985
 10718.0 0.988
 10718.1 0.994
 10718.2 0.999
 10718.3 1.000
 10718.4 1.000
 10718.5 1.000
 10718.6 1.000
 10718.7 1.000
 10718.8 1.000
 10718.9 1.000
 10719.0 1.000
 10719.1 1.000
 10719.2 1.000
 10719.3 1.000
 10719.4 1.000
 10719.5 1.000
 10719.6 1.000
 10719.7 1.000
 10719.8 1.000
 10719.9 1.000
 10720.0 1.000
 10720.1 1.000
 10720.2 1.000
 10720.3 1.000
 10720.4 1.000
 10720.5 1.000
 10720.6 1.000
 10720.7 1.000
 10720.8 1.000
 10720.9 1.000
 10721.0 1.000
 10721.1 1.000
 10721.2 1.000
 10721.3 1.000
 10721.4 1.000
 10721.5 1.000
 10721.6 1.000
 10721.7 1.000
 10721.8 1.000
 10721.9 1.000
 10722.0 1.000
 10722.1 1.000
 10722.2 1.000
 10722.3 1.000
 10722.4 1.000
 10722.5 1.000
 10722.6 1.000
 10722.7 1.000
 10722.8 1.000
 10722.9 1.000
 10723.0 1.000
 10723.1 1.000
 10723.2 1.000
 10723.3 1.000
 10723.4 1.000
 10723.5 1.000
 10723.6 1.000
 10723.7 1.000
 10723.8 1.000
 10723.9 1.000
 10724.0 1.000
 10724.1 1.000
 10724.2 1.000
 10724.3 1.000
 10724.4 1.000
 10724.5 1.000
 10724.6 1.000
 10724.7 1.000
 10724.8 1.000
 10724.9 1.000
 10725.0 1.000
 10725.1 1.000
 10725.2 1.000
 10725.3 1.000
 10725.4 1.000
 10725.5 1.000
 10725.6 1.000
 10725.7 1.000
 10725.8 1.000
 10725.9 1.000
 10726.0 1.000
 10726.1 1.000
 10726.2 1.000
 10726.3 1.000
 10726.4 1.000
 10726.5 1.000
 10726.6 1.000
 10726.7 1.000
 10726.8 1.000
 10726.9 1.000
 10727.0 1.000
 10727.1 0.999
 10727.2 0.983
 10727.3 0.920
 10727.4 0.869
 10727.5 0.912
 10727.6 0.977
 10727.7 0.998
 10727.8 0.999
 10727.9 1.000
 10728.0 1.000
 10728.1 1.000
 10728.2 1.000
 10728.3 1.000
 10728.4 1.000
 10728.5 1.000
 10728.6 1.000
 10728.7 1.000
 10728.8 1.000
 10728.9 1.000
 10729.0 1.000
 10729.1 0.998
 10729.2 0.971
 10729.3 0.859
 10729.4 0.727
 10729.5 0.672
 10729.6 0.684
 10729.7 0.774
 10729.8 0.913
 10729.9 0.989
 10730.0 0.999
 10730.1 0.999
 10730.2 0.999
 10730.3 0.999
 10730.4 0.996
 10730.5 0.993
 10730.6 0.995
 10730.7 0.998
 10730.8 1.000
 10730.9 1.000
 10731.0 1.000
 10731.1 1.000
 10731.2 1.000
 10731.3 1.000
 10731.4 1.000
 10731.5 1.000
 10731.6 1.000
 10731.7 1.000
 10731.8 1.000
 10731.9 1.000
 10732.0 1.000
 10732.1 1.000
 10732.2 1.000
 10732.3 1.000
 10732.4 1.000
 10732.5 1.000
 10732.6 1.000
 10732.7 1.000
 10732.8 1.000
 10732.9 1.000
 10733.0 1.000
 10733.1 1.000
 10733.2 1.000
 10733.3 1.000
 10733.4 1.000
 10733.5 1.000
 10733.6 0.998
 10733.7 0.995
 10733.8 0.995
 10733.9 0.999
 10734.0 1.000
 10734.1 1.000
 10734.2 1.000
 10734.3 1.000
 10734.4 1.000
 10734.5 1.000
 10734.6 1.000
 10734.7 1.000
 10734.8 1.000
 10734.9 1.000
 10735.0 1.000
 10735.1 1.000
 10735.2 1.000
 10735.3 1.000
 10735.4 1.000
 10735.5 1.000
 10735.6 1.000
 10735.7 1.000
 10735.8 1.000
 10735.9 1.000
 10736.0 1.000
 10736.1 1.000
 10736.2 1.000
 10736.3 1.000
 10736.4 1.000
 10736.5 1.000
 10736.6 1.000
 10736.7 1.000
 10736.8 1.000
 10736.9 0.999
 10737.0 0.998
 10737.1 0.998
 10737.2 1.000
 10737.3 1.000
 10737.4 1.000
 10737.5 1.000
 10737.6 1.000
 10737.7 1.000
 10737.8 1.000
 10737.9 1.000
 10738.0 1.000
 10738.1 1.000
 10738.2 1.000
 10738.3 1.000
 10738.4 1.000
 10738.5 1.000
 10738.6 1.000
 10738.7 1.000
 10738.8 1.000
 10738.9 1.000
 10739.0 1.000
 10739.1 1.000
 10739.2 1.000
 10739.3 1.000
 10739.4 1.000
 10739.5 1.000
 10739.6 1.000
 10739.7 1.000
 10739.8 1.000
 10739.9 1.000
 10740.0 1.000
 10740.1 1.000
 10740.2 1.000
 10740.3 1.000
 10740.4 1.000
 10740.5 1.000
 10740.6 1.000
 10740.7 1.000
 10740.8 1.000
 10740.9 1.000
 10741.0 1.000
 10741.1 1.000
 10741.2 1.000
 10741.3 1.000
 10741.4 1.000
 10741.5 0.999
 10741.6 0.997
 10741.7 0.995
 10741.8 0.995
 10741.9 0.998
 10742.0 1.000
 10742.1 1.000
 10742.2 1.000
 10742.3 1.000
 10742.4 1.000
 10742.5 1.000
 10742.6 1.000
 10742.7 1.000
 10742.8 1.000
 10742.9 1.000
 10743.0 1.000
 10743.1 1.000
 10743.2 1.000
 10743.3 1.000
 10743.4 1.000
 10743.5 1.000
 10743.6 1.000
 10743.7 1.000
 10743.8 1.000
 10743.9 1.000
 10744.0 1.000
 10744.1 1.000
 10744.2 1.000
 10744.3 1.000
 10744.4 1.000
 10744.5 1.000
 10744.6 1.000
 10744.7 1.000
 10744.8 1.000
 10744.9 0.999
 10745.0 1.000
 10745.1 1.000
 10745.2 1.000
 10745.3 1.000
 10745.4 1.000
 10745.5 1.000
 10745.6 1.000
 10745.7 1.000
 10745.8 1.000
 10745.9 1.000
 10746.0 1.000
 10746.1 1.000
 10746.2 1.000
 10746.3 1.000
 10746.4 0.999
 10746.5 0.999
 10746.6 1.000
 10746.7 1.000
 10746.8 1.000
 10746.9 1.000
 10747.0 1.000
 10747.1 1.000
 10747.2 1.000
 10747.3 1.000
 10747.4 1.000
 10747.5 1.000
 10747.6 1.000
 10747.7 1.000
 10747.8 1.000
 10747.9 1.000
 10748.0 1.000
 10748.1 1.000
 10748.2 1.000
 10748.3 1.000
 10748.4 1.000
 10748.5 1.000
 10748.6 1.000
 10748.7 1.000
 10748.8 1.000
 10748.9 1.000
 10749.0 1.000
 10749.1 0.996
 10749.2 0.955
 10749.3 0.860
 10749.4 0.824
 10749.5 0.904
 10749.6 0.982
 10749.7 0.998
 10749.8 0.997
 10749.9 0.998
 10750.0 1.000
 10750.1 1.000
 10750.2 1.000
 10750.3 1.000
 10750.4 1.000
 10750.5 1.000
 10750.6 1.000
 10750.7 1.000
 10750.8 1.000
 10750.9 1.000
 10751.0 1.000
 10751.1 1.000
 10751.2 1.000
 10751.3 1.000
 10751.4 1.000
 10751.5 1.000
 10751.6 1.000
 10751.7 1.000
 10751.8 1.000
 10751.9 1.000
 10752.0 1.000
 10752.1 1.000
 10752.2 1.000
 10752.3 1.000
 10752.4 1.000
 10752.5 1.000
 10752.6 0.999
 10752.7 0.999
 10752.8 0.999
 10752.9 0.998
 10753.0 0.996
 10753.1 0.995
 10753.2 0.991
 10753.3 0.977
 10753.4 0.953
 10753.5 0.936
 10753.6 0.939
 10753.7 0.956
 10753.8 0.946
 10753.9 0.902
 10754.0 0.885
 10754.1 0.926
 10754.2 0.975
 10754.3 0.995
 10754.4 0.999
 10754.5 0.999
 10754.6 1.000
 10754.7 1.000
 10754.8 1.000
 10754.9 1.000
 10755.0 1.000
 10755.1 1.000
 10755.2 1.000
 10755.3 1.000
 10755.4 1.000
 10755.5 1.000
 10755.6 1.000
 10755.7 1.000
 10755.8 1.000
 10755.9 1.000
 10756.0 1.000
 10756.1 1.000
 10756.2 0.999
 10756.3 0.999
 10756.4 1.000
 10756.5 1.000
 10756.6 1.000
 10756.7 1.000
 10756.8 1.000
 10756.9 1.000
 10757.0 1.000
 10757.1 1.000
 10757.2 1.000
 10757.3 1.000
 10757.4 1.000
 10757.5 1.000
 10757.6 0.999
 10757.7 0.995
 10757.8 0.985
 10757.9 0.981
 10758.0 0.988
 10758.1 0.997
 10758.2 1.000
 10758.3 1.000
 10758.4 1.000
 10758.5 1.000
 10758.6 1.000
 10758.7 1.000
 10758.8 1.000
 10758.9 1.000
 10759.0 1.000
 10759.1 1.000
 10759.2 0.999
 10759.3 0.999
 10759.4 1.000
 10759.5 1.000
 10759.6 1.000
 10759.7 1.000
 10759.8 1.000
 10759.9 1.000
 10760.0 1.000
 10760.1 1.000
 10760.2 1.000
 10760.3 1.000
 10760.4 1.000
 10760.5 1.000
 10760.6 1.000
 10760.7 1.000
 10760.8 1.000
 10760.9 1.000
 10761.0 1.000
 10761.1 1.000
 10761.2 1.000
 10761.3 1.000
 10761.4 0.999
 10761.5 0.999
 10761.6 1.000
 10761.7 1.000
 10761.8 1.000
 10761.9 1.000
 10762.0 1.000
 10762.1 1.000
 10762.2 1.000
 10762.3 1.000
 10762.4 1.000
 10762.5 1.000
 10762.6 1.000
 10762.7 1.000
 10762.8 1.000
 10762.9 1.000
 10763.0 1.000
 10763.1 1.000
 10763.2 1.000
 10763.3 1.000
 10763.4 1.000
 10763.5 1.000
 10763.6 1.000
 10763.7 1.000
 10763.8 1.000
 10763.9 1.000
 10764.0 1.000
 10764.1 1.000
 10764.2 1.000
 10764.3 1.000
 10764.4 1.000
 10764.5 1.000
 10764.6 1.000
 10764.7 1.000
 10764.8 1.000
 10764.9 1.000
 10765.0 1.000
 10765.1 1.000
 10765.2 1.000
 10765.3 1.000
 10765.4 1.000
 10765.5 1.000
 10765.6 1.000
 10765.7 1.000
 10765.8 1.000
 10765.9 1.000
 10766.0 1.000
 10766.1 1.000
 10766.2 1.000
 10766.3 0.999
 10766.4 0.999
 10766.5 0.999
 10766.6 0.999
 10766.7 1.000
 10766.8 1.000
 10766.9 1.000
 10767.0 1.000
 10767.1 1.000
 10767.2 1.000
 10767.3 1.000
 10767.4 1.000
 10767.5 1.000
 10767.6 1.000
 10767.7 1.000
 10767.8 1.000
 10767.9 1.000
 10768.0 1.000
 10768.1 1.000
 10768.2 1.000
 10768.3 0.998
 10768.4 0.998
 10768.5 0.999
 10768.6 1.000
 10768.7 1.000
 10768.8 1.000
 10768.9 1.000
 10769.0 1.000
 10769.1 1.000
 10769.2 1.000
 10769.3 1.000
 10769.4 1.000
 10769.5 1.000
 10769.6 1.000
 10769.7 1.000
 10769.8 1.000
 10769.9 1.000
 10770.0 0.999
 10770.1 0.998
 10770.2 0.998
 10770.3 0.999
 10770.4 1.000
 10770.5 1.000
 10770.6 1.000
 10770.7 1.000
 10770.8 1.000
 10770.9 1.000
 10771.0 1.000
 10771.1 0.999
 10771.2 0.997
 10771.3 0.995
 10771.4 0.998
 10771.5 1.000
 10771.6 1.000
 10771.7 1.000
 10771.8 1.000
 10771.9 1.000
 10772.0 1.000
 10772.1 1.000
 10772.2 1.000
 10772.3 1.000
 10772.4 1.000
 10772.5 1.000
 10772.6 1.000
 10772.7 1.000
 10772.8 1.000
 10772.9 1.000
 10773.0 1.000
 10773.1 1.000
 10773.2 1.000
 10773.3 1.000
 10773.4 1.000
 10773.5 1.000
 10773.6 1.000
 10773.7 1.000
 10773.8 1.000
 10773.9 1.000
 10774.0 1.000
 10774.1 1.000
 10774.2 1.000
 10774.3 1.000
 10774.4 1.000
 10774.5 1.000
 10774.6 1.000
 10774.7 1.000
 10774.8 1.000
 10774.9 0.999
 10775.0 0.998
 10775.1 0.999
 10775.2 1.000
 10775.3 1.000
 10775.4 0.999
 10775.5 0.999
 10775.6 0.999
 10775.7 1.000
 10775.8 1.000
 10775.9 1.000
 10776.0 1.000
 10776.1 1.000
 10776.2 1.000
 10776.3 1.000
 10776.4 1.000
 10776.5 1.000
 10776.6 1.000
 10776.7 1.000
 10776.8 1.000
 10776.9 1.000
 10777.0 1.000
 10777.1 1.000
 10777.2 1.000
 10777.3 1.000
 10777.4 1.000
 10777.5 1.000
 10777.6 1.000
 10777.7 1.000
 10777.8 1.000
 10777.9 1.000
 10778.0 1.000
 10778.1 1.000
 10778.2 1.000
 10778.3 1.000
 10778.4 1.000
 10778.5 1.000
 10778.6 1.000
 10778.7 1.000
 10778.8 1.000
 10778.9 1.000
 10779.0 1.000
 10779.1 1.000
 10779.2 1.000
 10779.3 1.000
 10779.4 1.000
 10779.5 1.000
 10779.6 1.000
 10779.7 1.000
 10779.8 1.000
 10779.9 1.000
 10780.0 1.000
 10780.1 1.000
 10780.2 1.000
 10780.3 1.000
 10780.4 1.000
 10780.5 1.000
 10780.6 1.000
 10780.7 1.000
 10780.8 1.000
 10780.9 1.000
 10781.0 1.000
 10781.1 1.000
 10781.2 1.000
 10781.3 1.000
 10781.4 1.000
 10781.5 1.000
 10781.6 1.000
 10781.7 1.000
 10781.8 1.000
 10781.9 0.999
 10782.0 0.998
 10782.1 0.998
 10782.2 0.999
 10782.3 1.000
 10782.4 1.000
 10782.5 1.000
 10782.6 1.000
 10782.7 1.000
 10782.8 1.000
 10782.9 1.000
 10783.0 0.999
 10783.1 0.999
 10783.2 1.000
 10783.3 1.000
 10783.4 1.000
 10783.5 1.000
 10783.6 1.000
 10783.7 1.000
 10783.8 1.000
 10783.9 1.000
 10784.0 1.000
 10784.1 1.000
 10784.2 1.000
 10784.3 1.000
 10784.4 0.996
 10784.5 0.986
 10784.6 0.984
 10784.7 0.994
 10784.8 0.999
 10784.9 1.000
 10785.0 1.000
 10785.1 1.000
 10785.2 1.000
 10785.3 0.999
 10785.4 0.999
 10785.5 1.000
 10785.6 1.000
 10785.7 1.000
 10785.8 1.000
 10785.9 1.000
 10786.0 1.000
 10786.1 1.000
 10786.2 1.000
 10786.3 1.000
 10786.4 1.000
 10786.5 0.999
 10786.6 0.990
 10786.7 0.936
 10786.8 0.854
 10786.9 0.857
 10787.0 0.941
 10787.1 0.993
 10787.2 1.000
 10787.3 1.000
 10787.4 1.000
 10787.5 1.000
 10787.6 1.000
 10787.7 1.000
 10787.8 1.000
 10787.9 1.000
 10788.0 1.000
 10788.1 1.000
 10788.2 1.000
 10788.3 1.000
 10788.4 0.999
 10788.5 0.999
 10788.6 1.000
 10788.7 1.000
 10788.8 1.000
 10788.9 1.000
 10789.0 1.000
 10789.1 1.000
 10789.2 1.000
 10789.3 1.000
 10789.4 1.000
 10789.5 1.000
 10789.6 1.000
 10789.7 1.000
 10789.8 1.000
 10789.9 1.000
 10790.0 1.000
 10790.1 1.000
 10790.2 1.000
 10790.3 1.000
 10790.4 1.000
 10790.5 1.000
 10790.6 1.000
 10790.7 1.000
 10790.8 1.000
 10790.9 1.000
 10791.0 1.000
 10791.1 1.000
 10791.2 1.000
 10791.3 1.000
 10791.4 1.000
 10791.5 1.000
 10791.6 1.000
 10791.7 1.000
 10791.8 1.000
 10791.9 1.000
 10792.0 1.000
 10792.1 1.000
 10792.2 1.000
 10792.3 1.000
 10792.4 1.000
 10792.5 1.000
 10792.6 1.000
 10792.7 1.000
 10792.8 1.000
 10792.9 1.000
 10793.0 1.000
 10793.1 1.000
 10793.2 1.000
 10793.3 1.000
 10793.4 1.000
 10793.5 1.000
 10793.6 1.000
 10793.7 1.000
 10793.8 1.000
 10793.9 1.000
 10794.0 1.000
 10794.1 1.000
 10794.2 1.000
 10794.3 1.000
 10794.4 1.000
 10794.5 1.000
 10794.6 1.000
 10794.7 1.000
 10794.8 1.000
 10794.9 1.000
 10795.0 1.000
 10795.1 1.000
 10795.2 1.000
 10795.3 1.000
 10795.4 1.000
 10795.5 0.999
 10795.6 0.996
 10795.7 0.995
 10795.8 0.996
 10795.9 0.998
 10796.0 0.997
 10796.1 0.995
 10796.2 0.997
 10796.3 0.999
 10796.4 1.000
 10796.5 1.000
 10796.6 1.000
 10796.7 1.000
 10796.8 1.000
 10796.9 1.000
 10797.0 1.000
 10797.1 1.000
 10797.2 1.000
 10797.3 1.000
 10797.4 1.000
 10797.5 1.000
 10797.6 1.000
 10797.7 1.000
 10797.8 1.000
 10797.9 1.000
 10798.0 1.000
 10798.1 1.000
 10798.2 1.000
 10798.3 1.000
 10798.4 1.000
 10798.5 1.000
 10798.6 1.000
 10798.7 1.000
 10798.8 1.000
 10798.9 1.000
 10799.0 1.000
 10799.1 1.000
 10799.2 1.000
 10799.3 0.999
 10799.4 0.999
 10799.5 1.000
 10799.6 1.000
 10799.7 0.999
 10799.8 0.999
 10799.9 0.999
 10800.0 1.000
 10800.1 1.000
 10800.2 1.000
 10800.3 1.000
 10800.4 1.000
 10800.5 1.000
 10800.6 1.000
 10800.7 1.000
 10800.8 1.000
 10800.9 1.000
 10801.0 1.000
 10801.1 1.000
 10801.2 1.000
 10801.3 1.000
 10801.4 1.000
 10801.5 1.000
 10801.6 1.000
 10801.7 1.000
 10801.8 1.000
 10801.9 1.000
 10802.0 1.000
 10802.1 1.000
 10802.2 1.000
 10802.3 1.000
 10802.4 1.000
 10802.5 1.000
 10802.6 1.000
 10802.7 1.000
 10802.8 1.000
 10802.9 1.000
 10803.0 1.000
 10803.1 1.000
 10803.2 1.000
 10803.3 1.000
 10803.4 1.000
 10803.5 1.000
 10803.6 0.999
 10803.7 1.000
 10803.8 1.000
 10803.9 1.000
 10804.0 1.000
 10804.1 1.000
 10804.2 1.000
 10804.3 1.000
 10804.4 1.000
 10804.5 1.000
 10804.6 1.000
 10804.7 1.000
 10804.8 1.000
 10804.9 1.000
 10805.0 1.000
 10805.1 1.000
 10805.2 1.000
 10805.3 1.000
 10805.4 1.000
 10805.5 1.000
 10805.6 1.000
 10805.7 1.000
 10805.8 1.000
 10805.9 1.000
 10806.0 1.000
 10806.1 1.000
 10806.2 1.000
 10806.3 1.000
 10806.4 1.000
 10806.5 1.000
 10806.6 1.000
 10806.7 1.000
 10806.8 1.000
 10806.9 1.000
 10807.0 1.000
 10807.1 1.000
 10807.2 1.000
 10807.3 1.000
 10807.4 1.000
 10807.5 1.000
 10807.6 1.000
 10807.7 1.000
 10807.8 1.000
 10807.9 1.000
 10808.0 1.000
 10808.1 1.000
 10808.2 1.000
 10808.3 1.000
 10808.4 1.000
 10808.5 1.000
 10808.6 1.000
 10808.7 1.000
 10808.8 1.000
 10808.9 1.000
 10809.0 1.000
 10809.1 1.000
 10809.2 1.000
 10809.3 1.000
 10809.4 1.000
 10809.5 1.000
 10809.6 1.000
 10809.7 1.000
 10809.8 1.000
 10809.9 1.000
 10810.0 0.999
 10810.1 0.999
 10810.2 0.999
 10810.3 0.999
 10810.4 0.999
 10810.5 0.999
 10810.6 0.998
 10810.7 0.996
 10810.8 0.984
 10810.9 0.924
 10811.0 0.827
 10811.1 0.777
 10811.2 0.810
 10811.3 0.899
 10811.4 0.972
 10811.5 0.994
 10811.6 0.997
 10811.7 0.998
 10811.8 0.999
 10811.9 0.999
 10812.0 0.999
 10812.1 0.999
 10812.2 1.000
 10812.3 1.000
 10812.4 1.000
 10812.5 1.000
 10812.6 1.000
 10812.7 1.000
 10812.8 1.000
 10812.9 1.000
 10813.0 0.999
 10813.1 0.999
 10813.2 0.999
 10813.3 1.000
 10813.4 1.000
 10813.5 1.000
 10813.6 1.000
 10813.7 1.000
 10813.8 1.000
 10813.9 1.000
 10814.0 1.000
 10814.1 1.000
 10814.2 1.000
 10814.3 1.000
 10814.4 1.000
 10814.5 1.000
 10814.6 1.000
 10814.7 1.000
 10814.8 1.000
 10814.9 1.000
 10815.0 1.000
 10815.1 1.000
 10815.2 1.000
 10815.3 1.000
 10815.4 1.000
 10815.5 1.000
 10815.6 1.000
 10815.7 1.000
 10815.8 1.000
 10815.9 1.000
 10816.0 1.000
 10816.1 1.000
 10816.2 1.000
 10816.3 1.000
 10816.4 1.000
 10816.5 1.000
 10816.6 1.000
 10816.7 1.000
 10816.8 1.000
 10816.9 1.000
 10817.0 1.000
 10817.1 1.000
 10817.2 1.000
 10817.3 1.000
 10817.4 1.000
 10817.5 1.000
 10817.6 1.000
 10817.7 1.000
 10817.8 1.000
 10817.9 1.000
 10818.0 1.000
 10818.1 1.000
 10818.2 0.999
 10818.3 0.998
 10818.4 0.999
 10818.5 1.000
 10818.6 1.000
 10818.7 1.000
 10818.8 1.000
 10818.9 1.000
 10819.0 1.000
 10819.1 1.000
 10819.2 1.000
 10819.3 1.000
 10819.4 1.000
 10819.5 1.000
 10819.6 1.000
 10819.7 1.000
 10819.8 1.000
 10819.9 1.000
 10820.0 1.000
 10820.1 1.000
 10820.2 0.999
 10820.3 0.998
 10820.4 0.998
 10820.5 1.000
 10820.6 1.000
 10820.7 1.000
 10820.8 1.000
 10820.9 1.000
 10821.0 1.000
 10821.1 1.000
 10821.2 1.000
 10821.3 1.000
 10821.4 1.000
 10821.5 1.000
 10821.6 1.000
 10821.7 1.000
 10821.8 1.000
 10821.9 1.000
 10822.0 1.000
 10822.1 1.000
 10822.2 1.000
 10822.3 1.000
 10822.4 1.000
 10822.5 1.000
 10822.6 1.000
 10822.7 1.000
 10822.8 0.999
 10822.9 0.999
 10823.0 0.999
 10823.1 1.000
 10823.2 1.000
 10823.3 1.000
 10823.4 1.000
 10823.5 1.000
 10823.6 1.000
 10823.7 1.000
 10823.8 1.000
 10823.9 1.000
 10824.0 1.000
 10824.1 1.000
 10824.2 1.000
 10824.3 1.000
 10824.4 1.000
 10824.5 1.000
 10824.6 1.000
 10824.7 1.000
 10824.8 1.000
 10824.9 1.000
 10825.0 1.000
 10825.1 1.000
 10825.2 1.000
 10825.3 1.000
 10825.4 1.000
 10825.5 1.000
 10825.6 1.000
 10825.7 1.000
 10825.8 1.000
 10825.9 1.000
 10826.0 1.000
 10826.1 1.000
 10826.2 1.000
 10826.3 0.999
 10826.4 0.994
 10826.5 0.992
 10826.6 0.996
 10826.7 0.999
 10826.8 0.992
 10826.9 0.917
 10827.0 0.783
 10827.1 0.727
 10827.2 0.813
 10827.3 0.944
 10827.4 0.996
 10827.5 0.999
 10827.6 0.998
 10827.7 0.997
 10827.8 0.998
 10827.9 0.999
 10828.0 0.999
 10828.1 0.999
 10828.2 1.000
 10828.3 1.000
 10828.4 1.000
 10828.5 1.000
 10828.6 1.000
 10828.7 0.999
 10828.8 0.998
 10828.9 0.997
 10829.0 0.996
 10829.1 0.995
 10829.2 0.996
 10829.3 0.997
 10829.4 0.997
 10829.5 0.993
 10829.6 0.993
 10829.7 0.997
 10829.8 0.998
 10829.9 0.996
 10830.0 0.991
 10830.1 0.985
 10830.2 0.980
 10830.3 0.978
 10830.4 0.980
 10830.5 0.985
 10830.6 0.991
 10830.7 0.996
 10830.8 0.998
 10830.9 0.999
 10831.0 1.000
 10831.1 1.000
 10831.2 1.000
 10831.3 1.000
 10831.4 1.000
 10831.5 1.000
 10831.6 1.000
 10831.7 1.000
 10831.8 1.000
 10831.9 1.000
 10832.0 1.000
 10832.1 1.000
 10832.2 1.000
 10832.3 1.000
 10832.4 1.000
 10832.5 1.000
 10832.6 1.000
 10832.7 1.000
 10832.8 1.000
 10832.9 1.000
 10833.0 1.000
 10833.1 1.000
 10833.2 1.000
 10833.3 1.000
 10833.4 1.000
 10833.5 1.000
 10833.6 1.000
 10833.7 1.000
 10833.8 1.000
 10833.9 0.999
 10834.0 0.999
 10834.1 1.000
 10834.2 1.000
 10834.3 1.000
 10834.4 1.000
 10834.5 1.000
 10834.6 0.999
 10834.7 0.998
 10834.8 0.995
 10834.9 0.994
 10835.0 0.997
 10835.1 0.999
 10835.2 1.000
 10835.3 1.000
 10835.4 1.000
 10835.5 1.000
 10835.6 1.000
 10835.7 1.000
 10835.8 1.000
 10835.9 1.000
 10836.0 1.000
 10836.1 1.000
 10836.2 1.000
 10836.3 1.000
 10836.4 1.000
 10836.5 1.000
 10836.6 1.000
 10836.7 1.000
 10836.8 1.000
 10836.9 1.000
 10837.0 1.000
 10837.1 1.000
 10837.2 1.000
 10837.3 1.000
 10837.4 1.000
 10837.5 1.000
 10837.6 1.000
 10837.7 1.000
 10837.8 1.000
 10837.9 1.000
 10838.0 1.000
 10838.1 1.000
 10838.2 1.000
 10838.3 1.000
 10838.4 1.000
 10838.5 1.000
 10838.6 1.000
 10838.7 1.000
 10838.8 1.000
 10838.9 0.999
 10839.0 0.999
 10839.1 0.999
 10839.2 1.000
 10839.3 1.000
 10839.4 1.000
 10839.5 1.000
 10839.6 1.000
 10839.7 1.000
 10839.8 1.000
 10839.9 1.000
 10840.0 1.000
 10840.1 1.000
 10840.2 1.000
 10840.3 1.000
 10840.4 1.000
 10840.5 1.000
 10840.6 1.000
 10840.7 1.000
 10840.8 1.000
 10840.9 1.000
 10841.0 1.000
 10841.1 1.000
 10841.2 1.000
 10841.3 1.000
 10841.4 1.000
 10841.5 1.000
 10841.6 1.000
 10841.7 1.000
 10841.8 1.000
 10841.9 1.000
 10842.0 1.000
 10842.1 1.000
 10842.2 1.000
 10842.3 1.000
 10842.4 1.000
 10842.5 1.000
 10842.6 1.000
 10842.7 1.000
 10842.8 1.000
 10842.9 1.000
 10843.0 1.000
 10843.1 1.000
 10843.2 1.000
 10843.3 1.000
 10843.4 1.000
 10843.5 1.000
 10843.6 0.997
 10843.7 0.974
 10843.8 0.927
 10843.9 0.922
 10844.0 0.968
 10844.1 0.996
 10844.2 1.000
 10844.3 1.000
 10844.4 1.000
 10844.5 1.000
 10844.6 1.000
 10844.7 1.000
 10844.8 1.000
 10844.9 1.000
 10845.0 1.000
 10845.1 1.000
 10845.2 1.000
 10845.3 1.000
 10845.4 1.000
 10845.5 1.000
 10845.6 1.000
 10845.7 1.000
 10845.8 1.000
 10845.9 1.000
 10846.0 1.000
 10846.1 1.000
 10846.2 1.000
 10846.3 1.000
 10846.4 1.000
 10846.5 1.000
 10846.6 0.999
 10846.7 0.998
 10846.8 0.998
 10846.9 1.000
 10847.0 1.000
 10847.1 1.000
 10847.2 1.000
 10847.3 1.000
 10847.4 1.000
 10847.5 1.000
 10847.6 1.000
 10847.7 1.000
 10847.8 1.000
 10847.9 1.000
 10848.0 1.000
 10848.1 1.000
 10848.2 1.000
 10848.3 1.000
 10848.4 1.000
 10848.5 1.000
 10848.6 1.000
 10848.7 1.000
 10848.8 1.000
 10848.9 1.000
 10849.0 1.000
 10849.1 1.000
 10849.2 1.000
 10849.3 1.000
 10849.4 1.000
 10849.5 0.999
 10849.6 1.000
 10849.7 1.000
 10849.8 1.000
 10849.9 1.000
 10850.0 1.000
 10850.1 1.000
 10850.2 1.000
 10850.3 1.000
 10850.4 1.000
 10850.5 1.000
 10850.6 1.000
 10850.7 1.000
 10850.8 1.000
 10850.9 1.000
 10851.0 1.000
 10851.1 1.000
 10851.2 1.000
 10851.3 1.000
 10851.4 1.000
 10851.5 1.000
 10851.6 1.000
 10851.7 1.000
 10851.8 1.000
 10851.9 1.000
 10852.0 1.000
 10852.1 1.000
 10852.2 1.000
 10852.3 1.000
 10852.4 1.000
 10852.5 1.000
 10852.6 1.000
 10852.7 1.000
 10852.8 1.000
 10852.9 1.000
 10853.0 1.000
 10853.1 1.000
 10853.2 1.000
 10853.3 1.000
 10853.4 1.000
 10853.5 1.000
 10853.6 1.000
 10853.7 1.000
 10853.8 1.000
 10853.9 1.000
 10854.0 1.000
 10854.1 1.000
 10854.2 1.000
 10854.3 1.000
 10854.4 1.000
 10854.5 1.000
 10854.6 1.000
 10854.7 1.000
 10854.8 1.000
 10854.9 1.000
 10855.0 1.000
 10855.1 1.000
 10855.2 1.000
 10855.3 1.000
 10855.4 1.000
 10855.5 1.000
 10855.6 1.000
 10855.7 1.000
 10855.8 1.000
 10855.9 0.999
 10856.0 0.999
 10856.1 1.000
 10856.2 1.000
 10856.3 1.000
 10856.4 1.000
 10856.5 1.000
 10856.6 1.000
 10856.7 1.000
 10856.8 1.000
 10856.9 1.000
 10857.0 1.000
 10857.1 1.000
 10857.2 1.000
 10857.3 1.000
 10857.4 1.000
 10857.5 1.000
 10857.6 1.000
 10857.7 1.000
 10857.8 1.000
 10857.9 1.000
 10858.0 1.000
 10858.1 1.000
 10858.2 1.000
 10858.3 1.000
 10858.4 1.000
 10858.5 1.000
 10858.6 1.000
 10858.7 1.000
 10858.8 1.000
 10858.9 1.000
 10859.0 1.000
 10859.1 1.000
 10859.2 1.000
 10859.3 1.000
 10859.4 1.000
 10859.5 1.000
 10859.6 1.000
 10859.7 1.000
 10859.8 1.000
 10859.9 1.000
 10860.0 1.000
 10860.1 1.000
 10860.2 1.000
 10860.3 1.000
 10860.4 1.000
 10860.5 1.000
 10860.6 1.000
 10860.7 1.000
 10860.8 1.000
 10860.9 1.000
 10861.0 1.000
 10861.1 1.000
 10861.2 1.000
 10861.3 1.000
 10861.4 1.000
 10861.5 1.000
 10861.6 1.000
 10861.7 1.000
 10861.8 1.000
 10861.9 1.000
 10862.0 1.000
 10862.1 1.000
 10862.2 1.000
 10862.3 1.000
 10862.4 0.999
 10862.5 0.980
 10862.6 0.934
 10862.7 0.932
 10862.8 0.979
 10862.9 0.999
 10863.0 1.000
 10863.1 1.000
 10863.2 1.000
 10863.3 1.000
 10863.4 0.997
 10863.5 0.994
 10863.6 0.996
 10863.7 0.999
 10863.8 1.000
 10863.9 1.000
 10864.0 1.000
 10864.1 1.000
 10864.2 1.000
 10864.3 1.000
 10864.4 1.000
 10864.5 1.000
 10864.6 1.000
 10864.7 1.000
 10864.8 1.000
 10864.9 1.000
 10865.0 1.000
 10865.1 1.000
 10865.2 1.000
 10865.3 1.000
 10865.4 1.000
 10865.5 1.000
 10865.6 1.000
 10865.7 1.000
 10865.8 1.000
 10865.9 1.000
 10866.0 1.000
 10866.1 1.000
 10866.2 1.000
 10866.3 1.000
 10866.4 1.000
 10866.5 1.000
 10866.6 1.000
 10866.7 1.000
 10866.8 1.000
 10866.9 1.000
 10867.0 1.000
 10867.1 1.000
 10867.2 1.000
 10867.3 1.000
 10867.4 1.000
 10867.5 1.000
 10867.6 1.000
 10867.7 1.000
 10867.8 1.000
 10867.9 1.000
 10868.0 1.000
 10868.1 1.000
 10868.2 1.000
 10868.3 1.000
 10868.4 1.000
 10868.5 0.998
 10868.6 0.981
 10868.7 0.928
 10868.8 0.898
 10868.9 0.940
 10869.0 0.987
 10869.1 0.998
 10869.2 0.998
 10869.3 0.966
 10869.4 0.849
 10869.5 0.739
 10869.6 0.759
 10869.7 0.886
 10869.8 0.983
 10869.9 0.999
 10870.0 1.000
 10870.1 1.000
 10870.2 1.000
 10870.3 0.999
 10870.4 0.999
 10870.5 1.000
 10870.6 1.000
 10870.7 1.000
 10870.8 1.000
 10870.9 1.000
 10871.0 1.000
 10871.1 1.000
 10871.2 1.000
 10871.3 1.000
 10871.4 0.999
 10871.5 0.995
 10871.6 0.988
 10871.7 0.992
 10871.8 0.999
 10871.9 1.000
 10872.0 1.000
 10872.1 1.000
 10872.2 1.000
 10872.3 1.000
 10872.4 1.000
 10872.5 1.000
 10872.6 1.000
 10872.7 1.000
 10872.8 1.000
 10872.9 0.999
 10873.0 0.999
 10873.1 0.999
 10873.2 1.000
 10873.3 1.000
 10873.4 1.000
 10873.5 1.000
 10873.6 1.000
 10873.7 1.000
 10873.8 1.000
 10873.9 1.000
 10874.0 1.000
 10874.1 1.000
 10874.2 1.000
 10874.3 1.000
 10874.4 1.000
 10874.5 1.000
 10874.6 1.000
 10874.7 1.000
 10874.8 1.000
 10874.9 1.000
 10875.0 1.000
 10875.1 1.000
 10875.2 1.000
 10875.3 1.000
 10875.4 1.000
 10875.5 1.000
 10875.6 1.000
 10875.7 1.000
 10875.8 1.000
 10875.9 1.000
 10876.0 1.000
 10876.1 1.000
 10876.2 1.000
 10876.3 1.000
 10876.4 1.000
 10876.5 1.000
 10876.6 1.000
 10876.7 1.000
 10876.8 1.000
 10876.9 1.000
 10877.0 1.000
 10877.1 1.000
 10877.2 1.000
 10877.3 1.000
 10877.4 1.000
 10877.5 1.000
 10877.6 1.000
 10877.7 1.000
 10877.8 1.000
 10877.9 1.000
 10878.0 1.000
 10878.1 1.000
 10878.2 1.000
 10878.3 1.000
 10878.4 1.000
 10878.5 1.000
 10878.6 1.000
 10878.7 1.000
 10878.8 1.000
 10878.9 1.000
 10879.0 0.999
 10879.1 0.999
 10879.2 0.999
 10879.3 1.000
 10879.4 1.000
 10879.5 1.000
 10879.6 1.000
 10879.7 1.000
 10879.8 1.000
 10879.9 1.000
 10880.0 1.000
 10880.1 1.000
 10880.2 1.000
 10880.3 1.000
 10880.4 1.000
 10880.5 1.000
 10880.6 1.000
 10880.7 1.000
 10880.8 1.000
 10880.9 1.000
 10881.0 1.000
 10881.1 1.000
 10881.2 1.000
 10881.3 1.000
 10881.4 1.000
 10881.5 1.000
 10881.6 1.000
 10881.7 1.000
 10881.8 1.000
 10881.9 1.000
 10882.0 1.000
 10882.1 1.000
 10882.2 1.000
 10882.3 1.000
 10882.4 1.000
 10882.5 1.000
 10882.6 0.998
 10882.7 0.990
 10882.8 0.983
 10882.9 0.989
 10883.0 0.997
 10883.1 1.000
 10883.2 1.000
 10883.3 1.000
 10883.4 1.000
 10883.5 1.000
 10883.6 1.000
 10883.7 1.000
 10883.8 1.000
 10883.9 1.000
 10884.0 1.000
 10884.1 1.000
 10884.2 0.998
 10884.3 0.998
 10884.4 0.999
 10884.5 0.999
 10884.6 0.999
 10884.7 0.999
 10884.8 1.000
 10884.9 1.000
 10885.0 0.999
 10885.1 0.992
 10885.2 0.952
 10885.3 0.899
 10885.4 0.913
 10885.5 0.970
 10885.6 0.997
 10885.7 1.000
 10885.8 1.000
 10885.9 1.000
 10886.0 1.000
 10886.1 1.000
 10886.2 1.000
 10886.3 1.000
 10886.4 1.000
 10886.5 1.000
 10886.6 1.000
 10886.7 1.000
 10886.8 1.000
 10886.9 1.000
 10887.0 1.000
 10887.1 1.000
 10887.2 1.000
 10887.3 1.000
 10887.4 1.000
 10887.5 1.000
 10887.6 1.000
 10887.7 1.000
 10887.8 1.000
 10887.9 1.000
 10888.0 1.000
 10888.1 1.000
 10888.2 1.000
 10888.3 1.000
 10888.4 1.000
 10888.5 1.000
 10888.6 1.000
 10888.7 1.000
 10888.8 1.000
 10888.9 1.000
 10889.0 1.000
 10889.1 1.000
 10889.2 1.000
 10889.3 1.000
 10889.4 1.000
 10889.5 1.000
 10889.6 1.000
 10889.7 1.000
 10889.8 1.000
 10889.9 1.000
