 11320.0 1.000
 11320.1 1.000
 11320.2 1.000
 11320.3 1.000
 11320.4 0.999
 11320.5 0.999
 11320.6 1.000
 11320.7 1.000
 11320.8 1.000
 11320.9 1.000
 11321.0 1.000
 11321.1 1.000
 11321.2 1.000
 11321.3 1.000
 11321.4 1.000
 11321.5 1.000
 11321.6 1.000
 11321.7 1.000
 11321.8 1.000
 11321.9 1.000
 11322.0 1.000
 11322.1 1.000
 11322.2 0.999
 11322.3 0.994
 11322.4 0.988
 11322.5 0.991
 11322.6 0.997
 11322.7 1.000
 11322.8 1.000
 11322.9 0.999
 11323.0 0.995
 11323.1 0.988
 11323.2 0.985
 11323.3 0.991
 11323.4 0.997
 11323.5 1.000
 11323.6 1.000
 11323.7 1.000
 11323.8 1.000
 11323.9 1.000
 11324.0 1.000
 11324.1 1.000
 11324.2 1.000
 11324.3 1.000
 11324.4 1.000
 11324.5 1.000
 11324.6 1.000
 11324.7 1.000
 11324.8 1.000
 11324.9 1.000
 11325.0 1.000
 11325.1 1.000
 11325.2 1.000
 11325.3 1.000
 11325.4 1.000
 11325.5 1.000
 11325.6 1.000
 11325.7 1.000
 11325.8 1.000
 11325.9 1.000
 11326.0 1.000
 11326.1 1.000
 11326.2 1.000
 11326.3 1.000
 11326.4 1.000
 11326.5 1.000
 11326.6 1.000
 11326.7 1.000
 11326.8 1.000
 11326.9 1.000
 11327.0 1.000
 11327.1 1.000
 11327.2 1.000
 11327.3 1.000
 11327.4 1.000
 11327.5 1.000
 11327.6 1.000
 11327.7 1.000
 11327.8 1.000
 11327.9 1.000
 11328.0 1.000
 11328.1 1.000
 11328.2 1.000
 11328.3 0.999
 11328.4 0.999
 11328.5 0.999
 11328.6 1.000
 11328.7 1.000
 11328.8 1.000
 11328.9 1.000
 11329.0 1.000
 11329.1 1.000
 11329.2 1.000
 11329.3 1.000
 11329.4 1.000
 11329.5 1.000
 11329.6 0.999
 11329.7 0.999
 11329.8 0.998
 11329.9 0.983
 11330.0 0.906
 11330.1 0.783
 11330.2 0.705
 11330.3 0.690
 11330.4 0.727
 11330.5 0.832
 11330.6 0.946
 11330.7 0.993
 11330.8 0.999
 11330.9 0.999
 11331.0 0.999
 11331.1 1.000
 11331.2 1.000
 11331.3 1.000
 11331.4 1.000
 11331.5 1.000
 11331.6 1.000
 11331.7 1.000
 11331.8 1.000
 11331.9 0.999
 11332.0 1.000
 11332.1 1.000
 11332.2 1.000
 11332.3 1.000
 11332.4 1.000
 11332.5 1.000
 11332.6 1.000
 11332.7 1.000
 11332.8 1.000
 11332.9 1.000
 11333.0 1.000
 11333.1 1.000
 11333.2 1.000
 11333.3 1.000
 11333.4 1.000
 11333.5 1.000
 11333.6 1.000
 11333.7 1.000
 11333.8 1.000
 11333.9 1.000
 11334.0 1.000
 11334.1 1.000
 11334.2 1.000
 11334.3 1.000
 11334.4 1.000
 11334.5 1.000
 11334.6 1.000
 11334.7 1.000
 11334.8 1.000
 11334.9 1.000
 11335.0 1.000
 11335.1 1.000
 11335.2 1.000
 11335.3 1.000
 11335.4 1.000
 11335.5 1.000
 11335.6 1.000
 11335.7 0.999
 11335.8 0.997
 11335.9 0.993
 11336.0 0.983
 11336.1 0.977
 11336.2 0.984
 11336.3 0.994
 11336.4 0.999
 11336.5 1.000
 11336.6 1.000
 11336.7 1.000
 11336.8 1.000
 11336.9 1.000
 11337.0 1.000
 11337.1 1.000
 11337.2 1.000
 11337.3 1.000
 11337.4 1.000
 11337.5 1.000
 11337.6 1.000
 11337.7 0.999
 11337.8 0.999
 11337.9 0.999
 11338.0 1.000
 11338.1 1.000
 11338.2 1.000
 11338.3 1.000
 11338.4 1.000
 11338.5 1.000
 11338.6 1.000
 11338.7 1.000
 11338.8 1.000
 11338.9 1.000
 11339.0 1.000
 11339.1 0.999
 11339.2 0.999
 11339.3 1.000
 11339.4 1.000
 11339.5 1.000
 11339.6 1.000
 11339.7 1.000
 11339.8 1.000
 11339.9 1.000
 11340.0 1.000
 11340.1 1.000
 11340.2 1.000
 11340.3 1.000
 11340.4 1.000
 11340.5 1.000
 11340.6 1.000
 11340.7 1.000
 11340.8 1.000
 11340.9 1.000
 11341.0 1.000
 11341.1 1.000
 11341.2 1.000
 11341.3 1.000
 11341.4 1.000
 11341.5 1.000
 11341.6 1.000
 11341.7 1.000
 11341.8 1.000
 11341.9 1.000
 11342.0 1.000
 11342.1 1.000
 11342.2 1.000
 11342.3 1.000
 11342.4 0.999
 11342.5 0.999
 11342.6 1.000
 11342.7 1.000
 11342.8 1.000
 11342.9 1.000
 11343.0 1.000
 11343.1 0.999
 11343.2 0.999
 11343.3 1.000
 11343.4 1.000
 11343.5 1.000
 11343.6 1.000
 11343.7 1.000
 11343.8 1.000
 11343.9 1.000
 11344.0 1.000
 11344.1 1.000
 11344.2 1.000
 11344.3 1.000
 11344.4 1.000
 11344.5 1.000
 11344.6 1.000
 11344.7 1.000
 11344.8 1.000
 11344.9 0.999
 11345.0 0.991
 11345.1 0.970
 11345.2 0.962
 11345.3 0.981
 11345.4 0.997
 11345.5 1.000
 11345.6 1.000
 11345.7 1.000
 11345.8 1.000
 11345.9 1.000
 11346.0 1.000
 11346.1 1.000
 11346.2 1.000
 11346.3 1.000
 11346.4 1.000
 11346.5 1.000
 11346.6 1.000
 11346.7 1.000
 11346.8 1.000
 11346.9 1.000
 11347.0 1.000
 11347.1 1.000
 11347.2 1.000
 11347.3 1.000
 11347.4 1.000
 11347.5 1.000
 11347.6 1.000
 11347.7 1.000
 11347.8 0.999
 11347.9 0.999
 11348.0 0.999
 11348.1 0.999
 11348.2 0.999
 11348.3 1.000
 11348.4 1.000
 11348.5 1.000
 11348.6 1.000
 11348.7 1.000
 11348.8 1.000
 11348.9 1.000
 11349.0 1.000
 11349.1 1.000
 11349.2 1.000
 11349.3 1.000
 11349.4 1.000
 11349.5 1.000
 11349.6 1.000
 11349.7 1.000
 11349.8 1.000
 11349.9 1.000
 11350.0 1.000
 11350.1 1.000
 11350.2 1.000
 11350.3 1.000
 11350.4 1.000
 11350.5 1.000
 11350.6 1.000
 11350.7 1.000
 11350.8 1.000
 11350.9 1.000
 11351.0 1.000
 11351.1 1.000
 11351.2 1.000
 11351.3 0.999
 11351.4 0.999
 11351.5 1.000
 11351.6 1.000
 11351.7 1.000
 11351.8 1.000
 11351.9 1.000
 11352.0 1.000
 11352.1 1.000
 11352.2 1.000
 11352.3 1.000
 11352.4 1.000
 11352.5 1.000
 11352.6 1.000
 11352.7 1.000
 11352.8 1.000
 11352.9 1.000
 11353.0 1.000
 11353.1 1.000
 11353.2 1.000
 11353.3 0.999
 11353.4 0.999
 11353.5 1.000
 11353.6 1.000
 11353.7 1.000
 11353.8 1.000
 11353.9 1.000
 11354.0 1.000
 11354.1 1.000
 11354.2 1.000
 11354.3 1.000
 11354.4 1.000
 11354.5 1.000
 11354.6 1.000
 11354.7 1.000
 11354.8 1.000
 11354.9 1.000
 11355.0 1.000
 11355.1 1.000
 11355.2 1.000
 11355.3 1.000
 11355.4 1.000
 11355.5 1.000
 11355.6 1.000
 11355.7 0.999
 11355.8 0.999
 11355.9 0.999
 11356.0 0.999
 11356.1 1.000
 11356.2 1.000
 11356.3 0.999
 11356.4 1.000
 11356.5 1.000
 11356.6 1.000
 11356.7 1.000
 11356.8 1.000
 11356.9 1.000
 11357.0 1.000
 11357.1 1.000
 11357.2 1.000
 11357.3 1.000
 11357.4 1.000
 11357.5 1.000
 11357.6 1.000
 11357.7 1.000
 11357.8 1.000
 11357.9 1.000
 11358.0 1.000
 11358.1 1.000
 11358.2 1.000
 11358.3 1.000
 11358.4 1.000
 11358.5 1.000
 11358.6 1.000
 11358.7 1.000
 11358.8 1.000
 11358.9 1.000
 11359.0 1.000
 11359.1 1.000
 11359.2 1.000
 11359.3 1.000
 11359.4 1.000
 11359.5 1.000
 11359.6 1.000
 11359.7 1.000
 11359.8 1.000
 11359.9 1.000
 11360.0 1.000
 11360.1 1.000
 11360.2 1.000
 11360.3 1.000
 11360.4 1.000
 11360.5 1.000
 11360.6 1.000
 11360.7 1.000
 11360.8 1.000
 11360.9 1.000
 11361.0 1.000
 11361.1 1.000
 11361.2 1.000
 11361.3 1.000
 11361.4 1.000
 11361.5 1.000
 11361.6 1.000
 11361.7 1.000
 11361.8 1.000
 11361.9 1.000
 11362.0 1.000
 11362.1 1.000
 11362.2 1.000
 11362.3 1.000
 11362.4 1.000
 11362.5 1.000
 11362.6 1.000
 11362.7 1.000
 11362.8 1.000
 11362.9 1.000
 11363.0 1.000
 11363.1 1.000
 11363.2 1.000
 11363.3 1.000
 11363.4 1.000
 11363.5 1.000
 11363.6 1.000
 11363.7 1.000
 11363.8 1.000
 11363.9 1.000
 11364.0 1.000
 11364.1 1.000
 11364.2 1.000
 11364.3 1.000
 11364.4 1.000
 11364.5 1.000
 11364.6 1.000
 11364.7 1.000
 11364.8 1.000
 11364.9 1.000
 11365.0 1.000
 11365.1 1.000
 11365.2 1.000
 11365.3 1.000
 11365.4 1.000
 11365.5 1.000
 11365.6 1.000
 11365.7 1.000
 11365.8 1.000
 11365.9 0.999
 11366.0 0.999
 11366.1 0.999
 11366.2 0.998
 11366.3 0.998
 11366.4 0.998
 11366.5 0.999
 11366.6 0.999
 11366.7 1.000
 11366.8 0.999
 11366.9 0.997
 11367.0 0.995
 11367.1 0.995
 11367.2 0.997
 11367.3 0.999
 11367.4 1.000
 11367.5 1.000
 11367.6 1.000
 11367.7 1.000
 11367.8 1.000
 11367.9 1.000
 11368.0 1.000
 11368.1 1.000
 11368.2 1.000
 11368.3 1.000
 11368.4 1.000
 11368.5 1.000
 11368.6 1.000
 11368.7 1.000
 11368.8 1.000
 11368.9 1.000
 11369.0 1.000
 11369.1 1.000
 11369.2 1.000
 11369.3 1.000
 11369.4 1.000
 11369.5 1.000
 11369.6 1.000
 11369.7 1.000
 11369.8 1.000
 11369.9 1.000
 11370.0 1.000
 11370.1 1.000
 11370.2 1.000
 11370.3 1.000
 11370.4 1.000
 11370.5 0.999
 11370.6 0.999
 11370.7 1.000
 11370.8 1.000
 11370.9 1.000
 11371.0 1.000
 11371.1 1.000
 11371.2 1.000
 11371.3 1.000
 11371.4 1.000
 11371.5 1.000
 11371.6 1.000
 11371.7 1.000
 11371.8 1.000
 11371.9 1.000
 11372.0 1.000
 11372.1 1.000
 11372.2 1.000
 11372.3 1.000
 11372.4 1.000
 11372.5 1.000
 11372.6 1.000
 11372.7 1.000
 11372.8 1.000
 11372.9 1.000
 11373.0 1.000
 11373.1 1.000
 11373.2 1.000
 11373.3 1.000
 11373.4 1.000
 11373.5 1.000
 11373.6 1.000
 11373.7 1.000
 11373.8 1.000
 11373.9 1.000
 11374.0 0.999
 11374.1 0.999
 11374.2 1.000
 11374.3 1.000
 11374.4 1.000
 11374.5 1.000
 11374.6 1.000
 11374.7 1.000
 11374.8 1.000
 11374.9 1.000
 11375.0 1.000
 11375.1 1.000
 11375.2 1.000
 11375.3 1.000
 11375.4 1.000
 11375.5 1.000
 11375.6 1.000
 11375.7 1.000
 11375.8 1.000
 11375.9 1.000
 11376.0 1.000
 11376.1 1.000
 11376.2 1.000
 11376.3 1.000
 11376.4 1.000
 11376.5 1.000
 11376.6 1.000
 11376.7 1.000
 11376.8 1.000
 11376.9 1.000
 11377.0 1.000
 11377.1 1.000
 11377.2 1.000
 11377.3 1.000
 11377.4 1.000
 11377.5 1.000
 11377.6 1.000
 11377.7 1.000
 11377.8 1.000
 11377.9 1.000
 11378.0 1.000
 11378.1 1.000
 11378.2 1.000
 11378.3 1.000
 11378.4 1.000
 11378.5 1.000
 11378.6 1.000
 11378.7 1.000
 11378.8 1.000
 11378.9 1.000
 11379.0 1.000
 11379.1 1.000
 11379.2 1.000
 11379.3 1.000
 11379.4 1.000
 11379.5 1.000
 11379.6 1.000
 11379.7 1.000
 11379.8 1.000
 11379.9 1.000
 11380.0 1.000
 11380.1 1.000
 11380.2 1.000
 11380.3 1.000
 11380.4 1.000
 11380.5 1.000
 11380.6 1.000
 11380.7 1.000
 11380.8 1.000
 11380.9 1.000
 11381.0 1.000
 11381.1 1.000
 11381.2 0.997
 11381.3 0.984
 11381.4 0.967
 11381.5 0.969
 11381.6 0.988
 11381.7 0.998
 11381.8 1.000
 11381.9 1.000
 11382.0 1.000
 11382.1 1.000
 11382.2 1.000
 11382.3 1.000
 11382.4 1.000
 11382.5 1.000
 11382.6 1.000
 11382.7 1.000
 11382.8 1.000
 11382.9 0.999
 11383.0 0.994
 11383.1 0.980
 11383.2 0.960
 11383.3 0.951
 11383.4 0.960
 11383.5 0.979
 11383.6 0.993
 11383.7 0.999
 11383.8 1.000
 11383.9 1.000
 11384.0 1.000
 11384.1 1.000
 11384.2 1.000
 11384.3 1.000
 11384.4 1.000
 11384.5 1.000
 11384.6 0.999
 11384.7 0.997
 11384.8 0.992
 11384.9 0.986
 11385.0 0.986
 11385.1 0.992
 11385.2 0.997
 11385.3 0.999
 11385.4 1.000
 11385.5 1.000
 11385.6 1.000
 11385.7 1.000
 11385.8 1.000
 11385.9 0.997
 11386.0 0.989
 11386.1 0.976
 11386.2 0.971
 11386.3 0.981
 11386.4 0.994
 11386.5 0.999
 11386.6 1.000
 11386.7 1.000
 11386.8 1.000
 11386.9 1.000
 11387.0 1.000
 11387.1 1.000
 11387.2 1.000
 11387.3 1.000
 11387.4 1.000
 11387.5 1.000
 11387.6 1.000
 11387.7 1.000
 11387.8 1.000
 11387.9 1.000
 11388.0 1.000
 11388.1 1.000
 11388.2 1.000
 11388.3 1.000
 11388.4 0.999
 11388.5 0.998
 11388.6 0.998
 11388.7 0.999
 11388.8 1.000
 11388.9 1.000
 11389.0 1.000
 11389.1 1.000
 11389.2 1.000
 11389.3 1.000
 11389.4 1.000
 11389.5 1.000
 11389.6 1.000
 11389.7 0.999
 11389.8 0.998
 11389.9 0.982
 11390.0 0.921
 11390.1 0.860
 11390.2 0.888
 11390.3 0.961
 11390.4 0.995
 11390.5 0.999
 11390.6 0.999
 11390.7 0.998
 11390.8 0.998
 11390.9 0.999
 11391.0 0.999
 11391.1 1.000
 11391.2 1.000
 11391.3 1.000
 11391.4 1.000
 11391.5 1.000
 11391.6 1.000
 11391.7 1.000
 11391.8 1.000
 11391.9 1.000
 11392.0 1.000
 11392.1 1.000
 11392.2 1.000
 11392.3 1.000
 11392.4 1.000
 11392.5 1.000
 11392.6 1.000
 11392.7 1.000
 11392.8 1.000
 11392.9 1.000
 11393.0 1.000
 11393.1 1.000
 11393.2 1.000
 11393.3 1.000
 11393.4 1.000
 11393.5 1.000
 11393.6 1.000
 11393.7 1.000
 11393.8 0.999
 11393.9 1.000
 11394.0 1.000
 11394.1 1.000
 11394.2 1.000
 11394.3 1.000
 11394.4 1.000
 11394.5 1.000
 11394.6 1.000
 11394.7 1.000
 11394.8 1.000
 11394.9 1.000
 11395.0 1.000
 11395.1 1.000
 11395.2 1.000
 11395.3 1.000
 11395.4 1.000
 11395.5 1.000
 11395.6 1.000
 11395.7 1.000
 11395.8 1.000
 11395.9 1.000
 11396.0 1.000
 11396.1 1.000
 11396.2 1.000
 11396.3 1.000
 11396.4 1.000
 11396.5 1.000
 11396.6 1.000
 11396.7 1.000
 11396.8 1.000
 11396.9 1.000
 11397.0 1.000
 11397.1 1.000
 11397.2 1.000
 11397.3 1.000
 11397.4 1.000
 11397.5 1.000
 11397.6 1.000
 11397.7 1.000
 11397.8 1.000
 11397.9 1.000
 11398.0 0.999
 11398.1 0.999
 11398.2 0.999
 11398.3 0.996
 11398.4 0.983
 11398.5 0.976
 11398.6 0.986
 11398.7 0.997
 11398.8 1.000
 11398.9 1.000
 11399.0 1.000
 11399.1 1.000
 11399.2 1.000
 11399.3 1.000
 11399.4 1.000
 11399.5 1.000
 11399.6 0.999
 11399.7 0.999
 11399.8 0.999
 11399.9 0.999
 11400.0 0.999
 11400.1 0.993
 11400.2 0.969
 11400.3 0.948
 11400.4 0.961
 11400.5 0.989
 11400.6 0.999
 11400.7 1.000
 11400.8 0.999
 11400.9 0.998
 11401.0 0.999
 11401.1 0.999
 11401.2 1.000
 11401.3 1.000
 11401.4 1.000
 11401.5 1.000
 11401.6 1.000
 11401.7 1.000
 11401.8 1.000
 11401.9 1.000
 11402.0 1.000
 11402.1 1.000
 11402.2 1.000
 11402.3 1.000
 11402.4 1.000
 11402.5 0.999
 11402.6 0.996
 11402.7 0.992
 11402.8 0.993
 11402.9 0.998
 11403.0 0.999
 11403.1 0.988
 11403.2 0.955
 11403.3 0.934
 11403.4 0.959
 11403.5 0.988
 11403.6 0.979
 11403.7 0.947
 11403.8 0.939
 11403.9 0.969
 11404.0 0.994
 11404.1 0.999
 11404.2 0.999
 11404.3 1.000
 11404.4 1.000
 11404.5 1.000
 11404.6 1.000
 11404.7 1.000
 11404.8 1.000
 11404.9 1.000
 11405.0 1.000
 11405.1 1.000
 11405.2 1.000
 11405.3 1.000
 11405.4 1.000
 11405.5 1.000
 11405.6 1.000
 11405.7 1.000
 11405.8 1.000
 11405.9 0.999
 11406.0 0.986
 11406.1 0.945
 11406.2 0.912
 11406.3 0.939
 11406.4 0.983
 11406.5 0.998
 11406.6 1.000
 11406.7 1.000
 11406.8 1.000
 11406.9 1.000
 11407.0 1.000
 11407.1 1.000
 11407.2 1.000
 11407.3 1.000
 11407.4 1.000
 11407.5 1.000
 11407.6 1.000
 11407.7 1.000
 11407.8 1.000
 11407.9 1.000
 11408.0 1.000
 11408.1 1.000
 11408.2 1.000
 11408.3 1.000
 11408.4 1.000
 11408.5 1.000
 11408.6 1.000
 11408.7 1.000
 11408.8 1.000
 11408.9 1.000
 11409.0 1.000
 11409.1 1.000
 11409.2 1.000
 11409.3 1.000
 11409.4 1.000
 11409.5 0.999
 11409.6 0.998
 11409.7 0.998
 11409.8 0.998
 11409.9 0.998
 11410.0 0.999
 11410.1 1.000
 11410.2 1.000
 11410.3 1.000
 11410.4 1.000
 11410.5 1.000
 11410.6 1.000
 11410.7 1.000
 11410.8 1.000
 11410.9 1.000
 11411.0 1.000
 11411.1 1.000
 11411.2 1.000
 11411.3 1.000
 11411.4 1.000
 11411.5 1.000
 11411.6 1.000
 11411.7 1.000
 11411.8 1.000
 11411.9 1.000
 11412.0 1.000
 11412.1 1.000
 11412.2 1.000
 11412.3 1.000
 11412.4 1.000
 11412.5 1.000
 11412.6 1.000
 11412.7 1.000
 11412.8 0.999
 11412.9 0.996
 11413.0 0.986
 11413.1 0.976
 11413.2 0.977
 11413.3 0.989
 11413.4 0.997
 11413.5 1.000
 11413.6 1.000
 11413.7 1.000
 11413.8 1.000
 11413.9 1.000
 11414.0 1.000
 11414.1 1.000
 11414.2 1.000
 11414.3 1.000
 11414.4 1.000
 11414.5 0.999
 11414.6 0.997
 11414.7 0.991
 11414.8 0.972
 11414.9 0.937
 11415.0 0.908
 11415.1 0.919
 11415.2 0.959
 11415.3 0.989
 11415.4 0.998
 11415.5 1.000
 11415.6 1.000
 11415.7 1.000
 11415.8 1.000
 11415.9 1.000
 11416.0 0.999
 11416.1 0.998
 11416.2 0.998
 11416.3 0.999
 11416.4 0.999
 11416.5 1.000
 11416.6 1.000
 11416.7 1.000
 11416.8 1.000
 11416.9 1.000
 11417.0 1.000
 11417.1 1.000
 11417.2 1.000
 11417.3 1.000
 11417.4 1.000
 11417.5 1.000
 11417.6 1.000
 11417.7 1.000
 11417.8 1.000
 11417.9 1.000
 11418.0 1.000
 11418.1 1.000
 11418.2 1.000
 11418.3 1.000
 11418.4 1.000
 11418.5 1.000
 11418.6 1.000
 11418.7 1.000
 11418.8 1.000
 11418.9 1.000
 11419.0 1.000
 11419.1 1.000
 11419.2 1.000
 11419.3 1.000
 11419.4 1.000
 11419.5 1.000
 11419.6 1.000
 11419.7 1.000
 11419.8 1.000
 11419.9 1.000
 11420.0 1.000
 11420.1 1.000
 11420.2 1.000
 11420.3 1.000
 11420.4 1.000
 11420.5 1.000
 11420.6 1.000
 11420.7 1.000
 11420.8 1.000
 11420.9 1.000
 11421.0 1.000
 11421.1 1.000
 11421.2 1.000
 11421.3 1.000
 11421.4 1.000
 11421.5 0.999
 11421.6 0.998
 11421.7 0.999
 11421.8 0.999
 11421.9 1.000
 11422.0 1.000
 11422.1 1.000
 11422.2 0.997
 11422.3 0.994
 11422.4 0.993
 11422.5 0.996
 11422.6 0.999
 11422.7 1.000
 11422.8 1.000
 11422.9 1.000
 11423.0 1.000
 11423.1 1.000
 11423.2 1.000
 11423.3 1.000
 11423.4 1.000
 11423.5 1.000
 11423.6 1.000
 11423.7 1.000
 11423.8 1.000
 11423.9 1.000
 11424.0 1.000
 11424.1 1.000
 11424.2 1.000
 11424.3 1.000
 11424.4 1.000
 11424.5 1.000
 11424.6 1.000
 11424.7 1.000
 11424.8 1.000
 11424.9 1.000
 11425.0 1.000
 11425.1 1.000
 11425.2 1.000
 11425.3 0.999
 11425.4 0.998
 11425.5 0.997
 11425.6 0.997
 11425.7 0.999
 11425.8 1.000
 11425.9 1.000
 11426.0 1.000
 11426.1 1.000
 11426.2 0.999
 11426.3 0.999
 11426.4 1.000
 11426.5 1.000
 11426.6 1.000
 11426.7 1.000
 11426.8 1.000
 11426.9 1.000
 11427.0 1.000
 11427.1 1.000
 11427.2 1.000
 11427.3 1.000
 11427.4 1.000
 11427.5 1.000
 11427.6 1.000
 11427.7 1.000
 11427.8 1.000
 11427.9 1.000
 11428.0 1.000
 11428.1 1.000
 11428.2 1.000
 11428.3 1.000
 11428.4 1.000
 11428.5 1.000
 11428.6 0.999
 11428.7 0.999
 11428.8 0.999
 11428.9 0.999
 11429.0 0.999
 11429.1 0.999
 11429.2 0.998
 11429.3 0.997
 11429.4 0.994
 11429.5 0.984
 11429.6 0.961
 11429.7 0.949
 11429.8 0.967
 11429.9 0.987
 11430.0 0.995
 11430.1 0.997
 11430.2 0.998
 11430.3 0.999
 11430.4 0.999
 11430.5 0.999
 11430.6 0.999
 11430.7 1.000
 11430.8 1.000
 11430.9 1.000
 11431.0 1.000
 11431.1 1.000
 11431.2 1.000
 11431.3 1.000
 11431.4 1.000
 11431.5 1.000
 11431.6 1.000
 11431.7 1.000
 11431.8 1.000
 11431.9 1.000
 11432.0 1.000
 11432.1 1.000
 11432.2 1.000
 11432.3 1.000
 11432.4 1.000
 11432.5 1.000
 11432.6 1.000
 11432.7 1.000
 11432.8 1.000
 11432.9 1.000
 11433.0 1.000
 11433.1 1.000
 11433.2 1.000
 11433.3 1.000
 11433.4 1.000
 11433.5 1.000
 11433.6 1.000
 11433.7 1.000
 11433.8 1.000
 11433.9 1.000
 11434.0 1.000
 11434.1 1.000
 11434.2 1.000
 11434.3 1.000
 11434.4 1.000
 11434.5 1.000
 11434.6 1.000
 11434.7 1.000
 11434.8 1.000
 11434.9 1.000
 11435.0 1.000
 11435.1 1.000
 11435.2 1.000
 11435.3 1.000
 11435.4 1.000
 11435.5 1.000
 11435.6 1.000
 11435.7 1.000
 11435.8 1.000
 11435.9 1.000
 11436.0 1.000
 11436.1 1.000
 11436.2 1.000
 11436.3 1.000
 11436.4 1.000
 11436.5 1.000
 11436.6 1.000
 11436.7 1.000
 11436.8 1.000
 11436.9 1.000
 11437.0 1.000
 11437.1 1.000
 11437.2 1.000
 11437.3 1.000
 11437.4 1.000
 11437.5 1.000
 11437.6 1.000
 11437.7 1.000
 11437.8 1.000
 11437.9 1.000
 11438.0 1.000
 11438.1 1.000
 11438.2 1.000
 11438.3 1.000
 11438.4 1.000
 11438.5 1.000
 11438.6 1.000
 11438.7 1.000
 11438.8 1.000
 11438.9 0.999
 11439.0 0.995
 11439.1 0.989
 11439.2 0.991
 11439.3 0.998
 11439.4 1.000
 11439.5 1.000
 11439.6 1.000
 11439.7 1.000
 11439.8 1.000
 11439.9 1.000
 11440.0 1.000
 11440.1 1.000
 11440.2 1.000
 11440.3 1.000
 11440.4 1.000
 11440.5 1.000
 11440.6 1.000
 11440.7 1.000
 11440.8 1.000
 11440.9 1.000
 11441.0 1.000
 11441.1 1.000
 11441.2 1.000
 11441.3 1.000
 11441.4 1.000
 11441.5 1.000
 11441.6 1.000
 11441.7 1.000
 11441.8 1.000
 11441.9 1.000
 11442.0 1.000
 11442.1 1.000
 11442.2 1.000
 11442.3 1.000
 11442.4 1.000
 11442.5 1.000
 11442.6 1.000
 11442.7 1.000
 11442.8 1.000
 11442.9 1.000
 11443.0 1.000
 11443.1 1.000
 11443.2 1.000
 11443.3 1.000
 11443.4 1.000
 11443.5 1.000
 11443.6 1.000
 11443.7 1.000
 11443.8 1.000
 11443.9 1.000
 11444.0 1.000
 11444.1 0.999
 11444.2 1.000
 11444.3 1.000
 11444.4 1.000
 11444.5 1.000
 11444.6 1.000
 11444.7 1.000
 11444.8 1.000
 11444.9 1.000
 11445.0 1.000
 11445.1 1.000
 11445.2 1.000
 11445.3 1.000
 11445.4 1.000
 11445.5 1.000
 11445.6 1.000
 11445.7 1.000
 11445.8 1.000
 11445.9 1.000
 11446.0 1.000
 11446.1 0.999
 11446.2 0.996
 11446.3 0.995
 11446.4 0.998
 11446.5 1.000
 11446.6 1.000
 11446.7 1.000
 11446.8 1.000
 11446.9 1.000
 11447.0 1.000
 11447.1 1.000
 11447.2 1.000
 11447.3 1.000
 11447.4 1.000
 11447.5 1.000
 11447.6 1.000
 11447.7 1.000
 11447.8 1.000
 11447.9 1.000
 11448.0 1.000
 11448.1 1.000
 11448.2 1.000
 11448.3 1.000
 11448.4 1.000
 11448.5 1.000
 11448.6 1.000
 11448.7 1.000
 11448.8 1.000
 11448.9 1.000
 11449.0 1.000
 11449.1 1.000
 11449.2 1.000
 11449.3 1.000
 11449.4 1.000
 11449.5 1.000
 11449.6 1.000
 11449.7 1.000
 11449.8 1.000
 11449.9 1.000
 11450.0 1.000
 11450.1 1.000
 11450.2 1.000
 11450.3 1.000
 11450.4 1.000
 11450.5 1.000
 11450.6 0.999
 11450.7 0.999
 11450.8 0.999
 11450.9 1.000
 11451.0 1.000
 11451.1 1.000
 11451.2 1.000
 11451.3 1.000
 11451.4 1.000
 11451.5 1.000
 11451.6 1.000
 11451.7 1.000
 11451.8 1.000
 11451.9 1.000
 11452.0 1.000
 11452.1 1.000
 11452.2 1.000
 11452.3 1.000
 11452.4 1.000
 11452.5 1.000
 11452.6 1.000
 11452.7 1.000
 11452.8 1.000
 11452.9 1.000
 11453.0 1.000
 11453.1 1.000
 11453.2 1.000
 11453.3 1.000
 11453.4 1.000
 11453.5 1.000
 11453.6 1.000
 11453.7 1.000
 11453.8 1.000
 11453.9 1.000
 11454.0 1.000
 11454.1 1.000
 11454.2 1.000
 11454.3 1.000
 11454.4 1.000
 11454.5 1.000
 11454.6 1.000
 11454.7 1.000
 11454.8 1.000
 11454.9 1.000
 11455.0 1.000
 11455.1 1.000
 11455.2 1.000
 11455.3 1.000
 11455.4 1.000
 11455.5 1.000
 11455.6 1.000
 11455.7 1.000
 11455.8 1.000
 11455.9 1.000
 11456.0 1.000
 11456.1 1.000
 11456.2 1.000
 11456.3 1.000
 11456.4 1.000
 11456.5 1.000
 11456.6 1.000
 11456.7 1.000
 11456.8 1.000
 11456.9 1.000
 11457.0 1.000
 11457.1 1.000
 11457.2 1.000
 11457.3 1.000
 11457.4 1.000
 11457.5 1.000
 11457.6 1.000
 11457.7 1.000
 11457.8 1.000
 11457.9 1.000
 11458.0 1.000
 11458.1 1.000
 11458.2 1.000
 11458.3 1.000
 11458.4 1.000
 11458.5 1.000
 11458.6 1.000
 11458.7 1.000
 11458.8 1.000
 11458.9 1.000
 11459.0 1.000
 11459.1 1.000
 11459.2 1.000
 11459.3 1.000
 11459.4 1.000
 11459.5 1.000
 11459.6 1.000
 11459.7 1.000
 11459.8 1.000
 11459.9 1.000
 11460.0 1.000
 11460.1 1.000
 11460.2 1.000
 11460.3 1.000
 11460.4 1.000
 11460.5 1.000
 11460.6 1.000
 11460.7 1.000
 11460.8 1.000
 11460.9 1.000
 11461.0 1.000
 11461.1 1.000
 11461.2 1.000
 11461.3 1.000
 11461.4 1.000
 11461.5 1.000
 11461.6 1.000
 11461.7 1.000
 11461.8 1.000
 11461.9 1.000
 11462.0 1.000
 11462.1 1.000
 11462.2 1.000
 11462.3 1.000
 11462.4 1.000
 11462.5 1.000
 11462.6 1.000
 11462.7 1.000
 11462.8 1.000
 11462.9 1.000
 11463.0 1.000
 11463.1 1.000
 11463.2 1.000
 11463.3 1.000
 11463.4 1.000
 11463.5 1.000
 11463.6 1.000
 11463.7 1.000
 11463.8 1.000
 11463.9 1.000
 11464.0 1.000
 11464.1 1.000
 11464.2 1.000
 11464.3 1.000
 11464.4 1.000
 11464.5 1.000
 11464.6 1.000
 11464.7 1.000
 11464.8 1.000
 11464.9 1.000
 11465.0 1.000
 11465.1 1.000
 11465.2 1.000
 11465.3 1.000
 11465.4 1.000
 11465.5 1.000
 11465.6 1.000
 11465.7 1.000
 11465.8 1.000
 11465.9 1.000
 11466.0 1.000
 11466.1 1.000
 11466.2 1.000
 11466.3 1.000
 11466.4 1.000
 11466.5 1.000
 11466.6 1.000
 11466.7 1.000
 11466.8 1.000
 11466.9 1.000
 11467.0 1.000
 11467.1 1.000
 11467.2 1.000
 11467.3 1.000
 11467.4 1.000
 11467.5 1.000
 11467.6 1.000
 11467.7 1.000
 11467.8 1.000
 11467.9 1.000
 11468.0 1.000
 11468.1 1.000
 11468.2 1.000
 11468.3 1.000
 11468.4 1.000
 11468.5 1.000
 11468.6 1.000
 11468.7 1.000
 11468.8 1.000
 11468.9 1.000
 11469.0 1.000
 11469.1 1.000
 11469.2 1.000
 11469.3 1.000
 11469.4 1.000
 11469.5 1.000
 11469.6 1.000
 11469.7 1.000
 11469.8 1.000
 11469.9 1.000
 11470.0 1.000
 11470.1 1.000
 11470.2 1.000
 11470.3 1.000
 11470.4 1.000
 11470.5 1.000
 11470.6 1.000
 11470.7 1.000
 11470.8 1.000
 11470.9 1.000
 11471.0 1.000
 11471.1 1.000
 11471.2 1.000
 11471.3 1.000
 11471.4 1.000
 11471.5 1.000
 11471.6 1.000
 11471.7 1.000
 11471.8 1.000
 11471.9 1.000
 11472.0 1.000
 11472.1 1.000
 11472.2 1.000
 11472.3 1.000
 11472.4 1.000
 11472.5 1.000
 11472.6 1.000
 11472.7 1.000
 11472.8 1.000
 11472.9 0.999
 11473.0 0.999
 11473.1 0.999
 11473.2 1.000
 11473.3 1.000
 11473.4 1.000
 11473.5 1.000
 11473.6 0.999
 11473.7 1.000
 11473.8 1.000
 11473.9 1.000
 11474.0 1.000
 11474.1 1.000
 11474.2 1.000
 11474.3 1.000
 11474.4 1.000
 11474.5 1.000
 11474.6 1.000
 11474.7 1.000
 11474.8 1.000
 11474.9 1.000
 11475.0 1.000
 11475.1 1.000
 11475.2 1.000
 11475.3 1.000
 11475.4 1.000
 11475.5 1.000
 11475.6 1.000
 11475.7 0.999
 11475.8 0.999
 11475.9 1.000
 11476.0 1.000
 11476.1 1.000
 11476.2 1.000
 11476.3 1.000
 11476.4 1.000
 11476.5 1.000
 11476.6 1.000
 11476.7 1.000
 11476.8 1.000
 11476.9 1.000
 11477.0 1.000
 11477.1 1.000
 11477.2 1.000
 11477.3 0.999
 11477.4 0.999
 11477.5 0.999
 11477.6 1.000
 11477.7 1.000
 11477.8 1.000
 11477.9 1.000
 11478.0 1.000
 11478.1 1.000
 11478.2 1.000
 11478.3 1.000
 11478.4 1.000
 11478.5 1.000
 11478.6 1.000
 11478.7 1.000
 11478.8 1.000
 11478.9 1.000
 11479.0 1.000
 11479.1 1.000
 11479.2 1.000
 11479.3 1.000
 11479.4 1.000
 11479.5 1.000
 11479.6 1.000
 11479.7 1.000
 11479.8 1.000
 11479.9 1.000
 11480.0 1.000
 11480.1 1.000
 11480.2 1.000
 11480.3 1.000
 11480.4 1.000
 11480.5 1.000
 11480.6 1.000
 11480.7 1.000
 11480.8 1.000
 11480.9 1.000
 11481.0 1.000
 11481.1 1.000
 11481.2 1.000
 11481.3 1.000
 11481.4 1.000
 11481.5 1.000
 11481.6 1.000
 11481.7 1.000
 11481.8 1.000
 11481.9 1.000
 11482.0 1.000
 11482.1 1.000
 11482.2 1.000
 11482.3 1.000
 11482.4 1.000
 11482.5 1.000
 11482.6 1.000
 11482.7 1.000
 11482.8 1.000
 11482.9 1.000
 11483.0 1.000
 11483.1 1.000
 11483.2 1.000
 11483.3 1.000
 11483.4 1.000
 11483.5 1.000
 11483.6 1.000
 11483.7 1.000
 11483.8 1.000
 11483.9 1.000
 11484.0 1.000
 11484.1 1.000
 11484.2 1.000
 11484.3 1.000
 11484.4 1.000
 11484.5 0.999
 11484.6 0.998
 11484.7 0.998
 11484.8 0.999
 11484.9 1.000
 11485.0 1.000
 11485.1 1.000
 11485.2 1.000
 11485.3 1.000
 11485.4 1.000
 11485.5 0.999
 11485.6 0.995
 11485.7 0.976
 11485.8 0.960
 11485.9 0.971
 11486.0 0.992
 11486.1 0.999
 11486.2 1.000
 11486.3 1.000
 11486.4 1.000
 11486.5 1.000
 11486.6 1.000
 11486.7 1.000
 11486.8 1.000
 11486.9 1.000
 11487.0 0.999
 11487.1 0.999
 11487.2 0.999
 11487.3 0.999
 11487.4 0.999
 11487.5 1.000
 11487.6 1.000
 11487.7 1.000
 11487.8 1.000
 11487.9 1.000
 11488.0 1.000
 11488.1 1.000
 11488.2 1.000
 11488.3 1.000
 11488.4 1.000
 11488.5 1.000
 11488.6 1.000
 11488.7 1.000
 11488.8 1.000
 11488.9 1.000
 11489.0 1.000
 11489.1 1.000
 11489.2 1.000
 11489.3 1.000
 11489.4 0.998
 11489.5 0.993
 11489.6 0.993
 11489.7 0.997
 11489.8 1.000
 11489.9 1.000
 11490.0 1.000
 11490.1 1.000
 11490.2 1.000
 11490.3 1.000
 11490.4 1.000
 11490.5 1.000
 11490.6 1.000
 11490.7 1.000
 11490.8 1.000
 11490.9 1.000
 11491.0 1.000
 11491.1 1.000
 11491.2 1.000
 11491.3 1.000
 11491.4 1.000
 11491.5 1.000
 11491.6 1.000
 11491.7 1.000
 11491.8 1.000
 11491.9 1.000
 11492.0 1.000
 11492.1 1.000
 11492.2 1.000
 11492.3 1.000
 11492.4 1.000
 11492.5 1.000
 11492.6 1.000
 11492.7 1.000
 11492.8 1.000
 11492.9 1.000
 11493.0 1.000
 11493.1 1.000
 11493.2 1.000
 11493.3 1.000
 11493.4 1.000
 11493.5 1.000
 11493.6 1.000
 11493.7 1.000
 11493.8 1.000
 11493.9 1.000
 11494.0 1.000
 11494.1 1.000
 11494.2 1.000
 11494.3 1.000
 11494.4 1.000
 11494.5 1.000
 11494.6 1.000
 11494.7 1.000
 11494.8 1.000
 11494.9 1.000
 11495.0 1.000
 11495.1 0.999
 11495.2 0.999
 11495.3 0.999
 11495.4 1.000
 11495.5 1.000
 11495.6 1.000
 11495.7 1.000
 11495.8 1.000
 11495.9 1.000
 11496.0 1.000
 11496.1 1.000
 11496.2 1.000
 11496.3 1.000
 11496.4 1.000
 11496.5 1.000
 11496.6 1.000
 11496.7 1.000
 11496.8 1.000
 11496.9 1.000
 11497.0 1.000
 11497.1 1.000
 11497.2 1.000
 11497.3 1.000
 11497.4 1.000
 11497.5 1.000
 11497.6 1.000
 11497.7 1.000
 11497.8 1.000
 11497.9 1.000
 11498.0 1.000
 11498.1 1.000
 11498.2 1.000
 11498.3 1.000
 11498.4 1.000
 11498.5 1.000
 11498.6 1.000
 11498.7 1.000
 11498.8 1.000
 11498.9 1.000
 11499.0 1.000
 11499.1 1.000
 11499.2 1.000
 11499.3 1.000
 11499.4 1.000
 11499.5 1.000
 11499.6 1.000
 11499.7 1.000
 11499.8 1.000
 11499.9 1.000
 11500.0 1.000
 11500.1 1.000
 11500.2 1.000
 11500.3 1.000
 11500.4 1.000
 11500.5 1.000
 11500.6 1.000
 11500.7 1.000
 11500.8 1.000
 11500.9 1.000
 11501.0 1.000
 11501.1 1.000
 11501.2 1.000
 11501.3 1.000
 11501.4 1.000
 11501.5 0.999
 11501.6 0.998
 11501.7 0.998
 11501.8 0.999
 11501.9 1.000
 11502.0 1.000
 11502.1 1.000
 11502.2 1.000
 11502.3 1.000
 11502.4 1.000
 11502.5 0.998
 11502.6 0.992
 11502.7 0.988
 11502.8 0.992
 11502.9 0.998
 11503.0 1.000
 11503.1 1.000
 11503.2 1.000
 11503.3 1.000
 11503.4 0.999
 11503.5 0.999
 11503.6 0.999
 11503.7 1.000
 11503.8 1.000
 11503.9 1.000
 11504.0 1.000
 11504.1 1.000
 11504.2 1.000
 11504.3 1.000
 11504.4 1.000
 11504.5 1.000
 11504.6 1.000
 11504.7 1.000
 11504.8 1.000
 11504.9 1.000
 11505.0 1.000
 11505.1 1.000
 11505.2 1.000
 11505.3 1.000
 11505.4 1.000
 11505.5 1.000
 11505.6 1.000
 11505.7 1.000
 11505.8 1.000
 11505.9 0.999
 11506.0 0.996
 11506.1 0.994
 11506.2 0.995
 11506.3 0.997
 11506.4 0.999
 11506.5 1.000
 11506.6 1.000
 11506.7 1.000
 11506.8 1.000
 11506.9 1.000
 11507.0 1.000
 11507.1 1.000
 11507.2 1.000
 11507.3 1.000
 11507.4 1.000
 11507.5 1.000
 11507.6 1.000
 11507.7 1.000
 11507.8 1.000
 11507.9 1.000
 11508.0 1.000
 11508.1 1.000
 11508.2 1.000
 11508.3 1.000
 11508.4 1.000
 11508.5 1.000
 11508.6 1.000
 11508.7 1.000
 11508.8 1.000
 11508.9 1.000
 11509.0 1.000
 11509.1 1.000
 11509.2 1.000
 11509.3 1.000
 11509.4 1.000
 11509.5 1.000
 11509.6 1.000
 11509.7 1.000
 11509.8 1.000
 11509.9 1.000
 11510.0 1.000
 11510.1 1.000
 11510.2 1.000
 11510.3 1.000
 11510.4 1.000
 11510.5 1.000
 11510.6 1.000
 11510.7 1.000
 11510.8 1.000
 11510.9 1.000
 11511.0 1.000
 11511.1 1.000
 11511.2 1.000
 11511.3 1.000
 11511.4 1.000
 11511.5 1.000
 11511.6 1.000
 11511.7 0.999
 11511.8 0.999
 11511.9 0.999
 11512.0 1.000
 11512.1 1.000
 11512.2 0.999
 11512.3 0.999
 11512.4 1.000
 11512.5 1.000
 11512.6 1.000
 11512.7 1.000
 11512.8 1.000
 11512.9 1.000
 11513.0 1.000
 11513.1 1.000
 11513.2 1.000
 11513.3 1.000
 11513.4 1.000
 11513.5 1.000
 11513.6 1.000
 11513.7 1.000
 11513.8 1.000
 11513.9 1.000
 11514.0 1.000
 11514.1 1.000
 11514.2 1.000
 11514.3 1.000
 11514.4 1.000
 11514.5 1.000
 11514.6 1.000
 11514.7 1.000
 11514.8 1.000
 11514.9 1.000
 11515.0 1.000
 11515.1 1.000
 11515.2 1.000
 11515.3 1.000
 11515.4 1.000
 11515.5 1.000
 11515.6 1.000
 11515.7 1.000
 11515.8 0.999
 11515.9 0.999
 11516.0 0.999
 11516.1 1.000
 11516.2 1.000
 11516.3 1.000
 11516.4 1.000
 11516.5 1.000
 11516.6 1.000
 11516.7 1.000
 11516.8 1.000
 11516.9 1.000
 11517.0 1.000
 11517.1 1.000
 11517.2 1.000
 11517.3 0.999
 11517.4 0.999
 11517.5 1.000
 11517.6 1.000
 11517.7 1.000
 11517.8 1.000
 11517.9 1.000
 11518.0 1.000
 11518.1 1.000
 11518.2 1.000
 11518.3 1.000
 11518.4 0.999
 11518.5 0.998
 11518.6 0.996
 11518.7 0.997
 11518.8 0.999
 11518.9 1.000
 11519.0 1.000
 11519.1 1.000
 11519.2 1.000
 11519.3 1.000
 11519.4 1.000
 11519.5 1.000
 11519.6 1.000
 11519.7 1.000
 11519.8 1.000
 11519.9 1.000
 11520.0 1.000
 11520.1 1.000
 11520.2 1.000
 11520.3 1.000
 11520.4 1.000
 11520.5 1.000
 11520.6 1.000
 11520.7 1.000
 11520.8 1.000
 11520.9 1.000
 11521.0 1.000
 11521.1 1.000
 11521.2 1.000
 11521.3 1.000
 11521.4 1.000
 11521.5 1.000
 11521.6 1.000
 11521.7 1.000
 11521.8 1.000
 11521.9 1.000
 11522.0 1.000
 11522.1 0.999
 11522.2 0.998
 11522.3 0.998
 11522.4 0.999
 11522.5 1.000
 11522.6 1.000
 11522.7 1.000
 11522.8 1.000
 11522.9 0.999
 11523.0 0.999
 11523.1 0.999
 11523.2 0.996
 11523.3 0.991
 11523.4 0.991
 11523.5 0.996
 11523.6 0.999
 11523.7 1.000
 11523.8 1.000
 11523.9 1.000
 11524.0 1.000
 11524.1 1.000
 11524.2 1.000
 11524.3 1.000
 11524.4 1.000
 11524.5 1.000
 11524.6 1.000
 11524.7 1.000
 11524.8 1.000
 11524.9 1.000
 11525.0 1.000
 11525.1 1.000
 11525.2 1.000
 11525.3 1.000
 11525.4 1.000
 11525.5 1.000
 11525.6 1.000
 11525.7 1.000
 11525.8 1.000
 11525.9 1.000
 11526.0 1.000
 11526.1 1.000
 11526.2 1.000
 11526.3 1.000
 11526.4 1.000
 11526.5 1.000
 11526.6 1.000
 11526.7 1.000
 11526.8 1.000
 11526.9 1.000
 11527.0 1.000
 11527.1 1.000
 11527.2 1.000
 11527.3 1.000
 11527.4 1.000
 11527.5 1.000
 11527.6 1.000
 11527.7 1.000
 11527.8 1.000
 11527.9 1.000
 11528.0 1.000
 11528.1 1.000
 11528.2 1.000
 11528.3 1.000
 11528.4 1.000
 11528.5 1.000
 11528.6 1.000
 11528.7 1.000
 11528.8 1.000
 11528.9 1.000
 11529.0 1.000
 11529.1 1.000
 11529.2 1.000
 11529.3 1.000
 11529.4 1.000
 11529.5 1.000
 11529.6 1.000
 11529.7 1.000
 11529.8 0.999
 11529.9 1.000
 11530.0 1.000
 11530.1 1.000
 11530.2 1.000
 11530.3 1.000
 11530.4 1.000
 11530.5 1.000
 11530.6 1.000
 11530.7 1.000
 11530.8 1.000
 11530.9 1.000
 11531.0 1.000
 11531.1 1.000
 11531.2 1.000
 11531.3 1.000
 11531.4 1.000
 11531.5 1.000
 11531.6 1.000
 11531.7 1.000
 11531.8 1.000
 11531.9 1.000
 11532.0 1.000
 11532.1 1.000
 11532.2 1.000
 11532.3 1.000
 11532.4 1.000
 11532.5 1.000
 11532.6 1.000
 11532.7 1.000
 11532.8 1.000
 11532.9 1.000
 11533.0 1.000
 11533.1 1.000
 11533.2 1.000
 11533.3 1.000
 11533.4 1.000
 11533.5 1.000
 11533.6 1.000
 11533.7 1.000
 11533.8 1.000
 11533.9 1.000
 11534.0 1.000
 11534.1 1.000
 11534.2 1.000
 11534.3 1.000
 11534.4 1.000
 11534.5 1.000
 11534.6 1.000
 11534.7 1.000
 11534.8 1.000
 11534.9 1.000
 11535.0 1.000
 11535.1 1.000
 11535.2 1.000
 11535.3 1.000
 11535.4 1.000
 11535.5 1.000
 11535.6 1.000
 11535.7 1.000
 11535.8 1.000
 11535.9 1.000
 11536.0 1.000
 11536.1 1.000
 11536.2 1.000
 11536.3 0.998
 11536.4 0.997
 11536.5 0.996
 11536.6 0.998
 11536.7 0.999
 11536.8 1.000
 11536.9 0.999
 11537.0 0.998
 11537.1 0.998
 11537.2 0.999
 11537.3 1.000
 11537.4 1.000
 11537.5 1.000
 11537.6 1.000
 11537.7 1.000
 11537.8 1.000
 11537.9 1.000
 11538.0 0.999
 11538.1 0.997
 11538.2 0.990
 11538.3 0.983
 11538.4 0.984
 11538.5 0.991
 11538.6 0.998
 11538.7 1.000
 11538.8 1.000
 11538.9 1.000
 11539.0 1.000
 11539.1 1.000
 11539.2 1.000
 11539.3 1.000
 11539.4 1.000
 11539.5 1.000
 11539.6 1.000
 11539.7 1.000
 11539.8 1.000
 11539.9 1.000
 11540.0 1.000
 11540.1 1.000
 11540.2 1.000
 11540.3 1.000
 11540.4 1.000
 11540.5 0.999
 11540.6 0.998
 11540.7 0.997
 11540.8 0.999
 11540.9 1.000
 11541.0 1.000
 11541.1 1.000
 11541.2 1.000
 11541.3 1.000
 11541.4 1.000
 11541.5 1.000
 11541.6 1.000
 11541.7 1.000
 11541.8 1.000
 11541.9 1.000
 11542.0 1.000
 11542.1 1.000
 11542.2 1.000
 11542.3 1.000
 11542.4 1.000
 11542.5 1.000
 11542.6 1.000
 11542.7 1.000
 11542.8 1.000
 11542.9 1.000
 11543.0 1.000
 11543.1 1.000
 11543.2 1.000
 11543.3 1.000
 11543.4 1.000
 11543.5 1.000
 11543.6 1.000
 11543.7 1.000
 11543.8 1.000
 11543.9 1.000
 11544.0 1.000
 11544.1 1.000
 11544.2 1.000
 11544.3 1.000
 11544.4 1.000
 11544.5 1.000
 11544.6 0.999
 11544.7 0.999
 11544.8 1.000
 11544.9 1.000
 11545.0 1.000
 11545.1 1.000
 11545.2 1.000
 11545.3 1.000
 11545.4 1.000
 11545.5 1.000
 11545.6 1.000
 11545.7 1.000
 11545.8 1.000
 11545.9 1.000
 11546.0 1.000
 11546.1 1.000
 11546.2 1.000
 11546.3 1.000
 11546.4 1.000
 11546.5 1.000
 11546.6 1.000
 11546.7 1.000
 11546.8 1.000
 11546.9 1.000
 11547.0 1.000
 11547.1 1.000
 11547.2 1.000
 11547.3 1.000
 11547.4 1.000
 11547.5 1.000
 11547.6 1.000
 11547.7 1.000
 11547.8 1.000
 11547.9 1.000
 11548.0 1.000
 11548.1 1.000
 11548.2 1.000
 11548.3 1.000
 11548.4 1.000
 11548.5 1.000
 11548.6 1.000
 11548.7 1.000
 11548.8 1.000
 11548.9 1.000
 11549.0 1.000
 11549.1 1.000
 11549.2 1.000
 11549.3 1.000
 11549.4 1.000
 11549.5 1.000
 11549.6 1.000
 11549.7 1.000
 11549.8 1.000
 11549.9 1.000
 11550.0 1.000
 11550.1 1.000
 11550.2 1.000
 11550.3 1.000
 11550.4 1.000
 11550.5 1.000
 11550.6 1.000
 11550.7 1.000
 11550.8 1.000
 11550.9 1.000
 11551.0 1.000
 11551.1 1.000
 11551.2 1.000
 11551.3 1.000
 11551.4 1.000
 11551.5 1.000
 11551.6 1.000
 11551.7 1.000
 11551.8 1.000
 11551.9 1.000
 11552.0 1.000
 11552.1 1.000
 11552.2 1.000
 11552.3 1.000
 11552.4 1.000
 11552.5 1.000
 11552.6 1.000
 11552.7 1.000
 11552.8 1.000
 11552.9 1.000
 11553.0 1.000
 11553.1 1.000
 11553.2 1.000
 11553.3 1.000
 11553.4 1.000
 11553.5 1.000
 11553.6 1.000
 11553.7 1.000
 11553.8 1.000
 11553.9 1.000
 11554.0 1.000
 11554.1 1.000
 11554.2 1.000
 11554.3 1.000
 11554.4 1.000
 11554.5 1.000
 11554.6 1.000
 11554.7 1.000
 11554.8 1.000
 11554.9 1.000
 11555.0 1.000
 11555.1 1.000
 11555.2 1.000
 11555.3 1.000
 11555.4 1.000
 11555.5 1.000
 11555.6 1.000
 11555.7 1.000
 11555.8 1.000
 11555.9 1.000
 11556.0 1.000
 11556.1 1.000
 11556.2 0.999
 11556.3 0.994
 11556.4 0.988
 11556.5 0.987
 11556.6 0.993
 11556.7 0.998
 11556.8 1.000
 11556.9 1.000
 11557.0 1.000
 11557.1 1.000
 11557.2 1.000
 11557.3 1.000
 11557.4 1.000
 11557.5 0.999
 11557.6 0.999
 11557.7 1.000
 11557.8 1.000
 11557.9 1.000
 11558.0 1.000
 11558.1 1.000
 11558.2 1.000
 11558.3 1.000
 11558.4 1.000
 11558.5 1.000
 11558.6 1.000
 11558.7 1.000
 11558.8 1.000
 11558.9 1.000
 11559.0 1.000
 11559.1 1.000
 11559.2 1.000
 11559.3 1.000
 11559.4 1.000
 11559.5 1.000
 11559.6 1.000
 11559.7 1.000
 11559.8 1.000
 11559.9 1.000
