 11800.0 1.000
 11800.1 1.000
 11800.2 1.000
 11800.3 1.000
 11800.4 1.000
 11800.5 1.000
 11800.6 0.999
 11800.7 0.997
 11800.8 0.984
 11800.9 0.943
 11801.0 0.891
 11801.1 0.874
 11801.2 0.910
 11801.3 0.963
 11801.4 0.992
 11801.5 0.999
 11801.6 1.000
 11801.7 1.000
 11801.8 1.000
 11801.9 1.000
 11802.0 1.000
 11802.1 1.000
 11802.2 1.000
 11802.3 1.000
 11802.4 1.000
 11802.5 1.000
 11802.6 1.000
 11802.7 1.000
 11802.8 1.000
 11802.9 1.000
 11803.0 1.000
 11803.1 1.000
 11803.2 1.000
 11803.3 1.000
 11803.4 1.000
 11803.5 1.000
 11803.6 1.000
 11803.7 1.000
 11803.8 1.000
 11803.9 1.000
 11804.0 1.000
 11804.1 1.000
 11804.2 1.000
 11804.3 1.000
 11804.4 1.000
 11804.5 1.000
 11804.6 1.000
 11804.7 1.000
 11804.8 1.000
 11804.9 1.000
 11805.0 1.000
 11805.1 1.000
 11805.2 1.000
 11805.3 1.000
 11805.4 1.000
 11805.5 1.000
 11805.6 1.000
 11805.7 1.000
 11805.8 1.000
 11805.9 1.000
 11806.0 1.000
 11806.1 1.000
 11806.2 1.000
 11806.3 1.000
 11806.4 1.000
 11806.5 1.000
 11806.6 1.000
 11806.7 1.000
 11806.8 1.000
 11806.9 0.999
 11807.0 0.998
 11807.1 0.998
 11807.2 1.000
 11807.3 1.000
 11807.4 1.000
 11807.5 1.000
 11807.6 1.000
 11807.7 1.000
 11807.8 1.000
 11807.9 1.000
 11808.0 1.000
 11808.1 1.000
 11808.2 1.000
 11808.3 1.000
 11808.4 1.000
 11808.5 1.000
 11808.6 1.000
 11808.7 1.000
 11808.8 1.000
 11808.9 1.000
 11809.0 1.000
 11809.1 1.000
 11809.2 1.000
 11809.3 1.000
 11809.4 1.000
 11809.5 1.000
 11809.6 1.000
 11809.7 1.000
 11809.8 1.000
 11809.9 1.000
 11810.0 1.000
 11810.1 1.000
 11810.2 1.000
 11810.3 1.000
 11810.4 1.000
 11810.5 1.000
 11810.6 1.000
 11810.7 1.000
 11810.8 1.000
 11810.9 1.000
 11811.0 1.000
 11811.1 1.000
 11811.2 1.000
 11811.3 0.998
 11811.4 0.994
 11811.5 0.986
 11811.6 0.985
 11811.7 0.993
 11811.8 0.998
 11811.9 1.000
 11812.0 1.000
 11812.1 1.000
 11812.2 1.000
 11812.3 1.000
 11812.4 1.000
 11812.5 1.000
 11812.6 1.000
 11812.7 1.000
 11812.8 1.000
 11812.9 1.000
 11813.0 1.000
 11813.1 1.000
 11813.2 0.999
 11813.3 0.999
 11813.4 0.999
 11813.5 1.000
 11813.6 1.000
 11813.7 1.000
 11813.8 1.000
 11813.9 1.000
 11814.0 1.000
 11814.1 1.000
 11814.2 1.000
 11814.3 1.000
 11814.4 1.000
 11814.5 1.000
 11814.6 1.000
 11814.7 1.000
 11814.8 1.000
 11814.9 1.000
 11815.0 1.000
 11815.1 1.000
 11815.2 1.000
 11815.3 1.000
 11815.4 1.000
 11815.5 1.000
 11815.6 1.000
 11815.7 1.000
 11815.8 1.000
 11815.9 1.000
 11816.0 1.000
 11816.1 1.000
 11816.2 1.000
 11816.3 1.000
 11816.4 1.000
 11816.5 1.000
 11816.6 1.000
 11816.7 1.000
 11816.8 1.000
 11816.9 1.000
 11817.0 1.000
 11817.1 1.000
 11817.2 1.000
 11817.3 1.000
 11817.4 1.000
 11817.5 1.000
 11817.6 1.000
 11817.7 1.000
 11817.8 1.000
 11817.9 1.000
 11818.0 1.000
 11818.1 1.000
 11818.2 1.000
 11818.3 1.000
 11818.4 1.000
 11818.5 1.000
 11818.6 1.000
 11818.7 0.999
 11818.8 0.994
 11818.9 0.982
 11819.0 0.969
 11819.1 0.971
 11819.2 0.985
 11819.3 0.996
 11819.4 0.999
 11819.5 1.000
 11819.6 1.000
 11819.7 1.000
 11819.8 1.000
 11819.9 1.000
 11820.0 1.000
 11820.1 1.000
 11820.2 1.000
 11820.3 1.000
 11820.4 1.000
 11820.5 1.000
 11820.6 1.000
 11820.7 1.000
 11820.8 0.999
 11820.9 0.996
 11821.0 0.995
 11821.1 0.997
 11821.2 0.999
 11821.3 1.000
 11821.4 1.000
 11821.5 1.000
 11821.6 1.000
 11821.7 1.000
 11821.8 1.000
 11821.9 1.000
 11822.0 1.000
 11822.1 1.000
 11822.2 1.000
 11822.3 1.000
 11822.4 1.000
 11822.5 1.000
 11822.6 1.000
 11822.7 1.000
 11822.8 1.000
 11822.9 1.000
 11823.0 1.000
 11823.1 1.000
 11823.2 1.000
 11823.3 1.000
 11823.4 1.000
 11823.5 1.000
 11823.6 1.000
 11823.7 1.000
 11823.8 1.000
 11823.9 1.000
 11824.0 1.000
 11824.1 1.000
 11824.2 1.000
 11824.3 1.000
 11824.4 1.000
 11824.5 1.000
 11824.6 1.000
 11824.7 1.000
 11824.8 1.000
 11824.9 1.000
 11825.0 1.000
 11825.1 1.000
 11825.2 1.000
 11825.3 1.000
 11825.4 1.000
 11825.5 1.000
 11825.6 1.000
 11825.7 1.000
 11825.8 1.000
 11825.9 1.000
 11826.0 1.000
 11826.1 1.000
 11826.2 1.000
 11826.3 1.000
 11826.4 1.000
 11826.5 1.000
 11826.6 1.000
 11826.7 1.000
 11826.8 1.000
 11826.9 1.000
 11827.0 0.999
 11827.1 0.999
 11827.2 0.999
 11827.3 1.000
 11827.4 1.000
 11827.5 1.000
 11827.6 1.000
 11827.7 1.000
 11827.8 0.998
 11827.9 0.976
 11828.0 0.889
 11828.1 0.788
 11828.2 0.765
 11828.3 0.843
 11828.4 0.947
 11828.5 0.995
 11828.6 1.000
 11828.7 1.000
 11828.8 1.000
 11828.9 1.000
 11829.0 1.000
 11829.1 1.000
 11829.2 1.000
 11829.3 1.000
 11829.4 1.000
 11829.5 1.000
 11829.6 1.000
 11829.7 1.000
 11829.8 0.999
 11829.9 0.999
 11830.0 1.000
 11830.1 1.000
 11830.2 1.000
 11830.3 1.000
 11830.4 1.000
 11830.5 1.000
 11830.6 1.000
 11830.7 1.000
 11830.8 1.000
 11830.9 1.000
 11831.0 1.000
 11831.1 1.000
 11831.2 1.000
 11831.3 1.000
 11831.4 1.000
 11831.5 1.000
 11831.6 1.000
 11831.7 1.000
 11831.8 1.000
 11831.9 1.000
 11832.0 1.000
 11832.1 1.000
 11832.2 1.000
 11832.3 1.000
 11832.4 1.000
 11832.5 1.000
 11832.6 1.000
 11832.7 1.000
 11832.8 1.000
 11832.9 1.000
 11833.0 1.000
 11833.1 1.000
 11833.2 1.000
 11833.3 1.000
 11833.4 1.000
 11833.5 1.000
 11833.6 1.000
 11833.7 1.000
 11833.8 1.000
 11833.9 1.000
 11834.0 1.000
 11834.1 1.000
 11834.2 1.000
 11834.3 1.000
 11834.4 1.000
 11834.5 1.000
 11834.6 1.000
 11834.7 1.000
 11834.8 1.000
 11834.9 1.000
 11835.0 1.000
 11835.1 1.000
 11835.2 1.000
 11835.3 1.000
 11835.4 1.000
 11835.5 1.000
 11835.6 1.000
 11835.7 1.000
 11835.8 1.000
 11835.9 1.000
 11836.0 1.000
 11836.1 1.000
 11836.2 1.000
 11836.3 1.000
 11836.4 1.000
 11836.5 1.000
 11836.6 1.000
 11836.7 1.000
 11836.8 1.000
 11836.9 0.999
 11837.0 1.000
 11837.1 1.000
 11837.2 1.000
 11837.3 1.000
 11837.4 1.000
 11837.5 1.000
 11837.6 1.000
 11837.7 1.000
 11837.8 1.000
 11837.9 0.999
 11838.0 0.999
 11838.1 0.999
 11838.2 0.999
 11838.3 0.999
 11838.4 0.998
 11838.5 0.997
 11838.6 0.995
 11838.7 0.968
 11838.8 0.850
 11838.9 0.712
 11839.0 0.667
 11839.1 0.719
 11839.2 0.859
 11839.3 0.972
 11839.4 0.995
 11839.5 0.997
 11839.6 0.998
 11839.7 0.999
 11839.8 0.999
 11839.9 0.999
 11840.0 0.999
 11840.1 0.999
 11840.2 1.000
 11840.3 1.000
 11840.4 1.000
 11840.5 1.000
 11840.6 1.000
 11840.7 1.000
 11840.8 1.000
 11840.9 1.000
 11841.0 1.000
 11841.1 1.000
 11841.2 1.000
 11841.3 1.000
 11841.4 1.000
 11841.5 1.000
 11841.6 1.000
 11841.7 1.000
 11841.8 1.000
 11841.9 1.000
 11842.0 1.000
 11842.1 1.000
 11842.2 1.000
 11842.3 1.000
 11842.4 1.000
 11842.5 1.000
 11842.6 1.000
 11842.7 1.000
 11842.8 1.000
 11842.9 1.000
 11843.0 1.000
 11843.1 1.000
 11843.2 1.000
 11843.3 1.000
 11843.4 1.000
 11843.5 1.000
 11843.6 1.000
 11843.7 1.000
 11843.8 1.000
 11843.9 1.000
 11844.0 1.000
 11844.1 1.000
 11844.2 1.000
 11844.3 1.000
 11844.4 1.000
 11844.5 1.000
 11844.6 1.000
 11844.7 1.000
 11844.8 1.000
 11844.9 1.000
 11845.0 1.000
 11845.1 1.000
 11845.2 1.000
 11845.3 1.000
 11845.4 1.000
 11845.5 1.000
 11845.6 1.000
 11845.7 1.000
 11845.8 1.000
 11845.9 1.000
 11846.0 1.000
 11846.1 1.000
 11846.2 1.000
 11846.3 1.000
 11846.4 1.000
 11846.5 1.000
 11846.6 1.000
 11846.7 1.000
 11846.8 1.000
 11846.9 1.000
 11847.0 1.000
 11847.1 1.000
 11847.2 1.000
 11847.3 1.000
 11847.4 1.000
 11847.5 1.000
 11847.6 1.000
 11847.7 1.000
 11847.8 1.000
 11847.9 1.000
 11848.0 1.000
 11848.1 1.000
 11848.2 1.000
 11848.3 0.999
 11848.4 0.990
 11848.5 0.955
 11848.6 0.899
 11848.7 0.866
 11848.8 0.889
 11848.9 0.945
 11849.0 0.986
 11849.1 0.998
 11849.2 1.000
 11849.3 1.000
 11849.4 1.000
 11849.5 1.000
 11849.6 1.000
 11849.7 1.000
 11849.8 1.000
 11849.9 1.000
 11850.0 1.000
 11850.1 1.000
 11850.2 1.000
 11850.3 1.000
 11850.4 1.000
 11850.5 1.000
 11850.6 1.000
 11850.7 1.000
 11850.8 1.000
 11850.9 1.000
 11851.0 1.000
 11851.1 1.000
 11851.2 1.000
 11851.3 1.000
 11851.4 1.000
 11851.5 1.000
 11851.6 1.000
 11851.7 1.000
 11851.8 1.000
 11851.9 1.000
 11852.0 1.000
 11852.1 1.000
 11852.2 1.000
 11852.3 1.000
 11852.4 1.000
 11852.5 1.000
 11852.6 1.000
 11852.7 1.000
 11852.8 1.000
 11852.9 1.000
 11853.0 1.000
 11853.1 1.000
 11853.2 1.000
 11853.3 1.000
 11853.4 1.000
 11853.5 1.000
 11853.6 1.000
 11853.7 1.000
 11853.8 1.000
 11853.9 1.000
 11854.0 1.000
 11854.1 1.000
 11854.2 0.999
 11854.3 0.999
 11854.4 1.000
 11854.5 1.000
 11854.6 1.000
 11854.7 0.999
 11854.8 0.999
 11854.9 0.999
 11855.0 0.999
 11855.1 0.999
 11855.2 0.999
 11855.3 0.999
 11855.4 1.000
 11855.5 1.000
 11855.6 1.000
 11855.7 1.000
 11855.8 1.000
 11855.9 1.000
 11856.0 1.000
 11856.1 1.000
 11856.2 1.000
 11856.3 1.000
 11856.4 1.000
 11856.5 1.000
 11856.6 1.000
 11856.7 1.000
 11856.8 1.000
 11856.9 1.000
 11857.0 1.000
 11857.1 1.000
 11857.2 1.000
 11857.3 1.000
 11857.4 1.000
 11857.5 1.000
 11857.6 1.000
 11857.7 1.000
 11857.8 1.000
 11857.9 1.000
 11858.0 1.000
 11858.1 1.000
 11858.2 1.000
 11858.3 1.000
 11858.4 1.000
 11858.5 1.000
 11858.6 1.000
 11858.7 1.000
 11858.8 1.000
 11858.9 1.000
 11859.0 1.000
 11859.1 1.000
 11859.2 1.000
 11859.3 1.000
 11859.4 1.000
 11859.5 1.000
 11859.6 1.000
 11859.7 1.000
 11859.8 1.000
 11859.9 1.000
 11860.0 1.000
 11860.1 1.000
 11860.2 1.000
 11860.3 1.000
 11860.4 1.000
 11860.5 1.000
 11860.6 1.000
 11860.7 1.000
 11860.8 1.000
 11860.9 1.000
 11861.0 1.000
 11861.1 1.000
 11861.2 1.000
 11861.3 1.000
 11861.4 1.000
 11861.5 1.000
 11861.6 1.000
 11861.7 1.000
 11861.8 1.000
 11861.9 1.000
 11862.0 1.000
 11862.1 1.000
 11862.2 1.000
 11862.3 1.000
 11862.4 1.000
 11862.5 1.000
 11862.6 0.999
 11862.7 0.990
 11862.8 0.956
 11862.9 0.901
 11863.0 0.868
 11863.1 0.891
 11863.2 0.946
 11863.3 0.986
 11863.4 0.998
 11863.5 1.000
 11863.6 1.000
 11863.7 1.000
 11863.8 0.998
 11863.9 0.997
 11864.0 0.997
 11864.1 0.999
 11864.2 1.000
 11864.3 1.000
 11864.4 1.000
 11864.5 1.000
 11864.6 1.000
 11864.7 1.000
 11864.8 1.000
 11864.9 1.000
 11865.0 1.000
 11865.1 1.000
 11865.2 1.000
 11865.3 1.000
 11865.4 1.000
 11865.5 1.000
 11865.6 1.000
 11865.7 1.000
 11865.8 1.000
 11865.9 1.000
 11866.0 1.000
 11866.1 1.000
 11866.2 1.000
 11866.3 1.000
 11866.4 1.000
 11866.5 1.000
 11866.6 1.000
 11866.7 0.999
 11866.8 0.999
 11866.9 1.000
 11867.0 1.000
 11867.1 1.000
 11867.2 1.000
 11867.3 1.000
 11867.4 1.000
 11867.5 1.000
 11867.6 1.000
 11867.7 1.000
 11867.8 1.000
 11867.9 1.000
 11868.0 0.999
 11868.1 0.999
 11868.2 0.999
 11868.3 0.999
 11868.4 0.999
 11868.5 0.999
 11868.6 0.999
 11868.7 0.998
 11868.8 0.999
 11868.9 0.999
 11869.0 1.000
 11869.1 1.000
 11869.2 1.000
 11869.3 1.000
 11869.4 1.000
 11869.5 1.000
 11869.6 1.000
 11869.7 1.000
 11869.8 1.000
 11869.9 1.000
 11870.0 1.000
 11870.1 1.000
 11870.2 1.000
 11870.3 1.000
 11870.4 1.000
 11870.5 1.000
 11870.6 1.000
 11870.7 1.000
 11870.8 1.000
 11870.9 1.000
 11871.0 1.000
 11871.1 1.000
 11871.2 1.000
 11871.3 1.000
 11871.4 1.000
 11871.5 1.000
 11871.6 1.000
 11871.7 1.000
 11871.8 1.000
 11871.9 1.000
 11872.0 1.000
 11872.1 1.000
 11872.2 1.000
 11872.3 1.000
 11872.4 1.000
 11872.5 1.000
 11872.6 1.000
 11872.7 1.000
 11872.8 1.000
 11872.9 1.000
 11873.0 1.000
 11873.1 1.000
 11873.2 1.000
 11873.3 1.000
 11873.4 1.000
 11873.5 1.000
 11873.6 1.000
 11873.7 1.000
 11873.8 1.000
 11873.9 1.000
 11874.0 1.000
 11874.1 1.000
 11874.2 1.000
 11874.3 1.000
 11874.4 1.000
 11874.5 1.000
 11874.6 1.000
 11874.7 1.000
 11874.8 1.000
 11874.9 1.000
 11875.0 1.000
 11875.1 1.000
 11875.2 1.000
 11875.3 1.000
 11875.4 1.000
 11875.5 1.000
 11875.6 1.000
 11875.7 1.000
 11875.8 1.000
 11875.9 1.000
 11876.0 1.000
 11876.1 1.000
 11876.2 1.000
 11876.3 1.000
 11876.4 1.000
 11876.5 1.000
 11876.6 1.000
 11876.7 1.000
 11876.8 1.000
 11876.9 0.999
 11877.0 0.996
 11877.1 0.996
 11877.2 0.998
 11877.3 1.000
 11877.4 1.000
 11877.5 1.000
 11877.6 1.000
 11877.7 1.000
 11877.8 1.000
 11877.9 1.000
 11878.0 1.000
 11878.1 1.000
 11878.2 1.000
 11878.3 1.000
 11878.4 1.000
 11878.5 1.000
 11878.6 1.000
 11878.7 1.000
 11878.8 1.000
 11878.9 1.000
 11879.0 1.000
 11879.1 1.000
 11879.2 0.997
 11879.3 0.979
 11879.4 0.929
 11879.5 0.869
 11879.6 0.851
 11879.7 0.891
 11879.8 0.953
 11879.9 0.990
 11880.0 0.999
 11880.1 1.000
 11880.2 1.000
 11880.3 1.000
 11880.4 1.000
 11880.5 1.000
 11880.6 1.000
 11880.7 1.000
 11880.8 1.000
 11880.9 1.000
 11881.0 1.000
 11881.1 1.000
 11881.2 1.000
 11881.3 1.000
 11881.4 1.000
 11881.5 1.000
 11881.6 1.000
 11881.7 1.000
 11881.8 1.000
 11881.9 1.000
 11882.0 1.000
 11882.1 1.000
 11882.2 1.000
 11882.3 1.000
 11882.4 1.000
 11882.5 1.000
 11882.6 0.999
 11882.7 0.989
 11882.8 0.970
 11882.9 0.972
 11883.0 0.991
 11883.1 0.999
 11883.2 1.000
 11883.3 1.000
 11883.4 1.000
 11883.5 1.000
 11883.6 1.000
 11883.7 1.000
 11883.8 1.000
 11883.9 0.998
 11884.0 0.991
 11884.1 0.988
 11884.2 0.994
 11884.3 0.999
 11884.4 1.000
 11884.5 1.000
 11884.6 1.000
 11884.7 1.000
 11884.8 1.000
 11884.9 1.000
 11885.0 0.999
 11885.1 0.999
 11885.2 0.999
 11885.3 1.000
 11885.4 1.000
 11885.5 1.000
 11885.6 1.000
 11885.7 1.000
 11885.8 1.000
 11885.9 1.000
 11886.0 1.000
 11886.1 1.000
 11886.2 1.000
 11886.3 1.000
 11886.4 1.000
 11886.5 1.000
 11886.6 1.000
 11886.7 1.000
 11886.8 1.000
 11886.9 1.000
 11887.0 1.000
 11887.1 1.000
 11887.2 1.000
 11887.3 1.000
 11887.4 1.000
 11887.5 1.000
 11887.6 1.000
 11887.7 1.000
 11887.8 1.000
 11887.9 1.000
 11888.0 1.000
 11888.1 1.000
 11888.2 1.000
 11888.3 1.000
 11888.4 1.000
 11888.5 1.000
 11888.6 1.000
 11888.7 1.000
 11888.8 1.000
 11888.9 1.000
 11889.0 1.000
 11889.1 1.000
 11889.2 1.000
 11889.3 1.000
 11889.4 1.000
 11889.5 1.000
 11889.6 1.000
 11889.7 1.000
 11889.8 1.000
 11889.9 1.000
 11890.0 1.000
 11890.1 1.000
 11890.2 1.000
 11890.3 0.999
 11890.4 0.996
 11890.5 0.994
 11890.6 0.997
 11890.7 0.999
 11890.8 1.000
 11890.9 1.000
 11891.0 1.000
 11891.1 1.000
 11891.2 1.000
 11891.3 1.000
 11891.4 1.000
 11891.5 1.000
 11891.6 1.000
 11891.7 1.000
 11891.8 1.000
 11891.9 1.000
 11892.0 1.000
 11892.1 1.000
 11892.2 1.000
 11892.3 1.000
 11892.4 1.000
 11892.5 0.997
 11892.6 0.976
 11892.7 0.910
 11892.8 0.828
 11892.9 0.789
 11893.0 0.815
 11893.1 0.893
 11893.2 0.966
 11893.3 0.995
 11893.4 0.999
 11893.5 1.000
 11893.6 1.000
 11893.7 1.000
 11893.8 1.000
 11893.9 1.000
 11894.0 1.000
 11894.1 1.000
 11894.2 1.000
 11894.3 1.000
 11894.4 1.000
 11894.5 1.000
 11894.6 1.000
 11894.7 1.000
 11894.8 1.000
 11894.9 1.000
 11895.0 1.000
 11895.1 1.000
 11895.2 0.999
 11895.3 0.998
 11895.4 0.980
 11895.5 0.912
 11895.6 0.815
 11895.7 0.755
 11895.8 0.755
 11895.9 0.815
 11896.0 0.912
 11896.1 0.980
 11896.2 0.998
 11896.3 0.999
 11896.4 1.000
 11896.5 1.000
 11896.6 1.000
 11896.7 1.000
 11896.8 1.000
 11896.9 1.000
 11897.0 1.000
 11897.1 1.000
 11897.2 1.000
 11897.3 1.000
 11897.4 1.000
 11897.5 1.000
 11897.6 1.000
 11897.7 1.000
 11897.8 1.000
 11897.9 1.000
 11898.0 1.000
 11898.1 1.000
 11898.2 1.000
 11898.3 1.000
 11898.4 1.000
 11898.5 1.000
 11898.6 1.000
 11898.7 1.000
 11898.8 1.000
 11898.9 1.000
 11899.0 1.000
 11899.1 1.000
 11899.2 1.000
 11899.3 1.000
 11899.4 1.000
 11899.5 1.000
 11899.6 1.000
 11899.7 1.000
 11899.8 1.000
 11899.9 1.000
 11900.0 0.999
 11900.1 0.999
 11900.2 0.999
 11900.3 0.999
 11900.4 0.999
 11900.5 1.000
 11900.6 1.000
 11900.7 1.000
 11900.8 1.000
 11900.9 1.000
 11901.0 1.000
 11901.1 1.000
 11901.2 1.000
 11901.3 1.000
 11901.4 1.000
 11901.5 1.000
 11901.6 1.000
 11901.7 1.000
 11901.8 1.000
 11901.9 1.000
 11902.0 1.000
 11902.1 1.000
 11902.2 1.000
 11902.3 1.000
 11902.4 1.000
 11902.5 1.000
 11902.6 1.000
 11902.7 1.000
 11902.8 1.000
 11902.9 1.000
 11903.0 1.000
 11903.1 1.000
 11903.2 1.000
 11903.3 1.000
 11903.4 1.000
 11903.5 1.000
 11903.6 1.000
 11903.7 1.000
 11903.8 1.000
 11903.9 1.000
 11904.0 1.000
 11904.1 1.000
 11904.2 1.000
 11904.3 1.000
 11904.4 1.000
 11904.5 1.000
 11904.6 1.000
 11904.7 1.000
 11904.8 1.000
 11904.9 1.000
 11905.0 1.000
 11905.1 1.000
 11905.2 1.000
 11905.3 1.000
 11905.4 1.000
 11905.5 1.000
 11905.6 1.000
 11905.7 1.000
 11905.8 1.000
 11905.9 1.000
 11906.0 1.000
 11906.1 1.000
 11906.2 1.000
 11906.3 1.000
 11906.4 1.000
 11906.5 1.000
 11906.6 1.000
 11906.7 1.000
 11906.8 1.000
 11906.9 1.000
 11907.0 1.000
 11907.1 1.000
 11907.2 1.000
 11907.3 1.000
 11907.4 1.000
 11907.5 1.000
 11907.6 1.000
 11907.7 1.000
 11907.8 1.000
 11907.9 1.000
 11908.0 1.000
 11908.1 1.000
 11908.2 1.000
 11908.3 1.000
 11908.4 1.000
 11908.5 1.000
 11908.6 1.000
 11908.7 1.000
 11908.8 1.000
 11908.9 1.000
 11909.0 1.000
 11909.1 1.000
 11909.2 1.000
 11909.3 1.000
 11909.4 1.000
 11909.5 1.000
 11909.6 1.000
 11909.7 1.000
 11909.8 1.000
 11909.9 1.000
 11910.0 1.000
 11910.1 1.000
 11910.2 1.000
 11910.3 1.000
 11910.4 1.000
 11910.5 1.000
 11910.6 1.000
 11910.7 1.000
 11910.8 1.000
 11910.9 1.000
 11911.0 1.000
 11911.1 1.000
 11911.2 1.000
 11911.3 1.000
 11911.4 1.000
 11911.5 1.000
 11911.6 1.000
 11911.7 1.000
 11911.8 1.000
 11911.9 1.000
 11912.0 1.000
 11912.1 1.000
 11912.2 1.000
 11912.3 1.000
 11912.4 1.000
 11912.5 1.000
 11912.6 1.000
 11912.7 1.000
 11912.8 1.000
 11912.9 1.000
 11913.0 1.000
 11913.1 1.000
 11913.2 1.000
 11913.3 1.000
 11913.4 1.000
 11913.5 1.000
 11913.6 1.000
 11913.7 1.000
 11913.8 1.000
 11913.9 1.000
 11914.0 1.000
 11914.1 1.000
 11914.2 1.000
 11914.3 1.000
 11914.4 1.000
 11914.5 1.000
 11914.6 1.000
 11914.7 1.000
 11914.8 1.000
 11914.9 1.000
 11915.0 1.000
 11915.1 1.000
 11915.2 1.000
 11915.3 1.000
 11915.4 1.000
 11915.5 1.000
 11915.6 1.000
 11915.7 1.000
 11915.8 1.000
 11915.9 1.000
 11916.0 1.000
 11916.1 1.000
 11916.2 1.000
 11916.3 1.000
 11916.4 1.000
 11916.5 1.000
 11916.6 1.000
 11916.7 1.000
 11916.8 1.000
 11916.9 1.000
 11917.0 1.000
 11917.1 1.000
 11917.2 1.000
 11917.3 1.000
 11917.4 1.000
 11917.5 1.000
 11917.6 1.000
 11917.7 1.000
 11917.8 1.000
 11917.9 1.000
 11918.0 1.000
 11918.1 1.000
 11918.2 1.000
 11918.3 1.000
 11918.4 1.000
 11918.5 1.000
 11918.6 1.000
 11918.7 1.000
 11918.8 1.000
 11918.9 1.000
 11919.0 1.000
 11919.1 1.000
 11919.2 1.000
 11919.3 1.000
 11919.4 1.000
 11919.5 1.000
 11919.6 1.000
 11919.7 1.000
 11919.8 1.000
 11919.9 1.000
 11920.0 1.000
 11920.1 1.000
 11920.2 1.000
 11920.3 1.000
 11920.4 1.000
 11920.5 1.000
 11920.6 1.000
 11920.7 1.000
 11920.8 1.000
 11920.9 1.000
 11921.0 1.000
 11921.1 1.000
 11921.2 1.000
 11921.3 1.000
 11921.4 1.000
 11921.5 1.000
 11921.6 1.000
 11921.7 1.000
 11921.8 1.000
 11921.9 1.000
 11922.0 1.000
 11922.1 1.000
 11922.2 1.000
 11922.3 1.000
 11922.4 1.000
 11922.5 1.000
 11922.6 1.000
 11922.7 1.000
 11922.8 1.000
 11922.9 1.000
 11923.0 1.000
 11923.1 1.000
 11923.2 1.000
 11923.3 1.000
 11923.4 1.000
 11923.5 1.000
 11923.6 1.000
 11923.7 1.000
 11923.8 1.000
 11923.9 1.000
 11924.0 1.000
 11924.1 1.000
 11924.2 1.000
 11924.3 1.000
 11924.4 1.000
 11924.5 1.000
 11924.6 1.000
 11924.7 1.000
 11924.8 1.000
 11924.9 1.000
 11925.0 1.000
 11925.1 1.000
 11925.2 1.000
 11925.3 1.000
 11925.4 1.000
 11925.5 1.000
 11925.6 1.000
 11925.7 1.000
 11925.8 1.000
 11925.9 1.000
 11926.0 1.000
 11926.1 1.000
 11926.2 1.000
 11926.3 1.000
 11926.4 1.000
 11926.5 1.000
 11926.6 1.000
 11926.7 1.000
 11926.8 1.000
 11926.9 1.000
 11927.0 1.000
 11927.1 1.000
 11927.2 1.000
 11927.3 1.000
 11927.4 1.000
 11927.5 1.000
 11927.6 1.000
 11927.7 1.000
 11927.8 1.000
 11927.9 1.000
 11928.0 1.000
 11928.1 1.000
 11928.2 1.000
 11928.3 1.000
 11928.4 1.000
 11928.5 1.000
 11928.6 1.000
 11928.7 1.000
 11928.8 1.000
 11928.9 1.000
 11929.0 1.000
 11929.1 1.000
 11929.2 1.000
 11929.3 1.000
 11929.4 1.000
 11929.5 1.000
 11929.6 1.000
 11929.7 1.000
 11929.8 1.000
 11929.9 1.000
 11930.0 1.000
 11930.1 1.000
 11930.2 1.000
 11930.3 1.000
 11930.4 1.000
 11930.5 1.000
 11930.6 1.000
 11930.7 1.000
 11930.8 1.000
 11930.9 1.000
 11931.0 1.000
 11931.1 1.000
 11931.2 1.000
 11931.3 1.000
 11931.4 1.000
 11931.5 1.000
 11931.6 1.000
 11931.7 1.000
 11931.8 1.000
 11931.9 1.000
 11932.0 1.000
 11932.1 1.000
 11932.2 1.000
 11932.3 1.000
 11932.4 1.000
 11932.5 1.000
 11932.6 1.000
 11932.7 1.000
 11932.8 1.000
 11932.9 1.000
 11933.0 1.000
 11933.1 1.000
 11933.2 1.000
 11933.3 1.000
 11933.4 1.000
 11933.5 1.000
 11933.6 1.000
 11933.7 1.000
 11933.8 1.000
 11933.9 1.000
 11934.0 1.000
 11934.1 1.000
 11934.2 1.000
 11934.3 1.000
 11934.4 1.000
 11934.5 1.000
 11934.6 1.000
 11934.7 1.000
 11934.8 1.000
 11934.9 1.000
 11935.0 1.000
 11935.1 1.000
 11935.2 1.000
 11935.3 1.000
 11935.4 1.000
 11935.5 1.000
 11935.6 1.000
 11935.7 1.000
 11935.8 1.000
 11935.9 1.000
 11936.0 1.000
 11936.1 0.999
 11936.2 0.999
 11936.3 0.999
 11936.4 1.000
 11936.5 1.000
 11936.6 1.000
 11936.7 1.000
 11936.8 1.000
 11936.9 1.000
 11937.0 1.000
 11937.1 1.000
 11937.2 1.000
 11937.3 1.000
 11937.4 1.000
 11937.5 1.000
 11937.6 1.000
 11937.7 1.000
 11937.8 1.000
 11937.9 1.000
 11938.0 1.000
 11938.1 1.000
 11938.2 1.000
 11938.3 1.000
 11938.4 1.000
 11938.5 1.000
 11938.6 1.000
 11938.7 1.000
 11938.8 1.000
 11938.9 1.000
 11939.0 1.000
 11939.1 1.000
 11939.2 1.000
 11939.3 1.000
 11939.4 1.000
 11939.5 1.000
 11939.6 1.000
 11939.7 1.000
 11939.8 1.000
 11939.9 1.000
 11940.0 1.000
 11940.1 1.000
 11940.2 1.000
 11940.3 1.000
 11940.4 1.000
 11940.5 1.000
 11940.6 1.000
 11940.7 1.000
 11940.8 1.000
 11940.9 1.000
 11941.0 1.000
 11941.1 1.000
 11941.2 1.000
 11941.3 1.000
 11941.4 1.000
 11941.5 1.000
 11941.6 1.000
 11941.7 1.000
 11941.8 1.000
 11941.9 1.000
 11942.0 1.000
 11942.1 1.000
 11942.2 1.000
 11942.3 1.000
 11942.4 1.000
 11942.5 1.000
 11942.6 1.000
 11942.7 1.000
 11942.8 1.000
 11942.9 1.000
 11943.0 1.000
 11943.1 1.000
 11943.2 1.000
 11943.3 0.999
 11943.4 0.999
 11943.5 1.000
 11943.6 1.000
 11943.7 1.000
 11943.8 1.000
 11943.9 1.000
 11944.0 1.000
 11944.1 1.000
 11944.2 1.000
 11944.3 1.000
 11944.4 1.000
 11944.5 1.000
 11944.6 1.000
 11944.7 1.000
 11944.8 1.000
 11944.9 1.000
 11945.0 1.000
 11945.1 1.000
 11945.2 1.000
 11945.3 1.000
 11945.4 1.000
 11945.5 1.000
 11945.6 1.000
 11945.7 1.000
 11945.8 1.000
 11945.9 1.000
 11946.0 1.000
 11946.1 1.000
 11946.2 1.000
 11946.3 1.000
 11946.4 1.000
 11946.5 1.000
 11946.6 1.000
 11946.7 1.000
 11946.8 1.000
 11946.9 1.000
 11947.0 1.000
 11947.1 1.000
 11947.2 1.000
 11947.3 1.000
 11947.4 1.000
 11947.5 1.000
 11947.6 1.000
 11947.7 1.000
 11947.8 1.000
 11947.9 1.000
 11948.0 1.000
 11948.1 1.000
 11948.2 1.000
 11948.3 1.000
 11948.4 1.000
 11948.5 1.000
 11948.6 1.000
 11948.7 1.000
 11948.8 1.000
 11948.9 1.000
 11949.0 0.999
 11949.1 0.999
 11949.2 0.999
 11949.3 0.998
 11949.4 0.994
 11949.5 0.941
 11949.6 0.814
 11949.7 0.710
 11949.8 0.717
 11949.9 0.829
 11950.0 0.952
 11950.1 0.995
 11950.2 0.998
 11950.3 0.999
 11950.4 0.999
 11950.5 0.999
 11950.6 1.000
 11950.7 1.000
 11950.8 1.000
 11950.9 1.000
 11951.0 1.000
 11951.1 1.000
 11951.2 1.000
 11951.3 1.000
 11951.4 1.000
 11951.5 1.000
 11951.6 1.000
 11951.7 1.000
 11951.8 1.000
 11951.9 1.000
 11952.0 1.000
 11952.1 1.000
 11952.2 1.000
 11952.3 1.000
 11952.4 1.000
 11952.5 1.000
 11952.6 1.000
 11952.7 1.000
 11952.8 1.000
 11952.9 1.000
 11953.0 1.000
 11953.1 1.000
 11953.2 1.000
 11953.3 1.000
 11953.4 1.000
 11953.5 1.000
 11953.6 1.000
 11953.7 1.000
 11953.8 1.000
 11953.9 1.000
 11954.0 1.000
 11954.1 1.000
 11954.2 1.000
 11954.3 1.000
 11954.4 1.000
 11954.5 1.000
 11954.6 1.000
 11954.7 1.000
 11954.8 1.000
 11954.9 1.000
 11955.0 1.000
 11955.1 1.000
 11955.2 1.000
 11955.3 1.000
 11955.4 1.000
 11955.5 1.000
 11955.6 1.000
 11955.7 1.000
 11955.8 1.000
 11955.9 0.999
 11956.0 0.999
 11956.1 1.000
 11956.2 1.000
 11956.3 1.000
 11956.4 1.000
 11956.5 1.000
 11956.6 1.000
 11956.7 1.000
 11956.8 1.000
 11956.9 1.000
 11957.0 1.000
 11957.1 1.000
 11957.2 1.000
 11957.3 1.000
 11957.4 1.000
 11957.5 1.000
 11957.6 1.000
 11957.7 1.000
 11957.8 1.000
 11957.9 1.000
 11958.0 1.000
 11958.1 1.000
 11958.2 1.000
 11958.3 1.000
 11958.4 1.000
 11958.5 1.000
 11958.6 0.999
 11958.7 0.999
 11958.8 1.000
 11958.9 1.000
 11959.0 1.000
 11959.1 1.000
 11959.2 1.000
 11959.3 1.000
 11959.4 1.000
 11959.5 1.000
 11959.6 1.000
 11959.7 1.000
 11959.8 1.000
 11959.9 1.000
 11960.0 1.000
 11960.1 1.000
 11960.2 1.000
 11960.3 1.000
 11960.4 1.000
 11960.5 1.000
 11960.6 1.000
 11960.7 1.000
 11960.8 1.000
 11960.9 1.000
 11961.0 1.000
 11961.1 1.000
 11961.2 1.000
 11961.3 1.000
 11961.4 1.000
 11961.5 1.000
 11961.6 1.000
 11961.7 1.000
 11961.8 1.000
 11961.9 1.000
 11962.0 1.000
 11962.1 1.000
 11962.2 1.000
 11962.3 1.000
 11962.4 1.000
 11962.5 1.000
 11962.6 1.000
 11962.7 1.000
 11962.8 1.000
 11962.9 1.000
 11963.0 1.000
 11963.1 1.000
 11963.2 1.000
 11963.3 1.000
 11963.4 1.000
 11963.5 1.000
 11963.6 0.999
 11963.7 0.999
 11963.8 0.999
 11963.9 1.000
 11964.0 1.000
 11964.1 1.000
 11964.2 1.000
 11964.3 1.000
 11964.4 1.000
 11964.5 1.000
 11964.6 1.000
 11964.7 1.000
 11964.8 1.000
 11964.9 1.000
 11965.0 1.000
 11965.1 1.000
 11965.2 1.000
 11965.3 1.000
 11965.4 1.000
 11965.5 1.000
 11965.6 1.000
 11965.7 1.000
 11965.8 1.000
 11965.9 1.000
 11966.0 1.000
 11966.1 1.000
 11966.2 1.000
 11966.3 1.000
 11966.4 1.000
 11966.5 1.000
 11966.6 1.000
 11966.7 1.000
 11966.8 1.000
 11966.9 1.000
 11967.0 1.000
 11967.1 1.000
 11967.2 1.000
 11967.3 1.000
 11967.4 1.000
 11967.5 1.000
 11967.6 1.000
 11967.7 1.000
 11967.8 1.000
 11967.9 1.000
 11968.0 1.000
 11968.1 1.000
 11968.2 1.000
 11968.3 0.999
 11968.4 0.999
 11968.5 0.999
 11968.6 1.000
 11968.7 1.000
 11968.8 1.000
 11968.9 1.000
 11969.0 0.999
 11969.1 0.999
 11969.2 0.999
 11969.3 0.998
 11969.4 0.999
 11969.5 0.999
 11969.6 1.000
 11969.7 1.000
 11969.8 1.000
 11969.9 1.000
 11970.0 1.000
 11970.1 1.000
 11970.2 1.000
 11970.3 1.000
 11970.4 1.000
 11970.5 0.999
 11970.6 1.000
 11970.7 1.000
 11970.8 0.999
 11970.9 0.999
 11971.0 0.998
 11971.1 0.998
 11971.2 0.999
 11971.3 0.999
 11971.4 1.000
 11971.5 1.000
 11971.6 1.000
 11971.7 1.000
 11971.8 1.000
 11971.9 1.000
 11972.0 1.000
 11972.1 1.000
 11972.2 1.000
 11972.3 1.000
 11972.4 1.000
 11972.5 1.000
 11972.6 1.000
 11972.7 1.000
 11972.8 0.998
 11972.9 0.983
 11973.0 0.956
 11973.1 0.958
 11973.2 0.985
 11973.3 0.999
 11973.4 1.000
 11973.5 1.000
 11973.6 1.000
 11973.7 1.000
 11973.8 1.000
 11973.9 1.000
 11974.0 1.000
 11974.1 1.000
 11974.2 1.000
 11974.3 1.000
 11974.4 1.000
 11974.5 1.000
 11974.6 1.000
 11974.7 1.000
 11974.8 1.000
 11974.9 1.000
 11975.0 1.000
 11975.1 1.000
 11975.2 1.000
 11975.3 1.000
 11975.4 1.000
 11975.5 1.000
 11975.6 1.000
 11975.7 1.000
 11975.8 1.000
 11975.9 1.000
 11976.0 1.000
 11976.1 1.000
 11976.2 1.000
 11976.3 1.000
 11976.4 1.000
 11976.5 1.000
 11976.6 1.000
 11976.7 1.000
 11976.8 1.000
 11976.9 1.000
 11977.0 1.000
 11977.1 1.000
 11977.2 1.000
 11977.3 1.000
 11977.4 1.000
 11977.5 1.000
 11977.6 1.000
 11977.7 1.000
 11977.8 1.000
 11977.9 1.000
 11978.0 1.000
 11978.1 1.000
 11978.2 1.000
 11978.3 1.000
 11978.4 1.000
 11978.5 1.000
 11978.6 1.000
 11978.7 1.000
 11978.8 1.000
 11978.9 1.000
 11979.0 1.000
 11979.1 1.000
 11979.2 1.000
 11979.3 1.000
 11979.4 1.000
 11979.5 1.000
 11979.6 1.000
 11979.7 1.000
 11979.8 1.000
 11979.9 1.000
 11980.0 1.000
 11980.1 1.000
 11980.2 1.000
 11980.3 1.000
 11980.4 1.000
 11980.5 1.000
 11980.6 1.000
 11980.7 1.000
 11980.8 1.000
 11980.9 1.000
 11981.0 1.000
 11981.1 1.000
 11981.2 1.000
 11981.3 1.000
 11981.4 1.000
 11981.5 1.000
 11981.6 1.000
 11981.7 1.000
 11981.8 1.000
 11981.9 1.000
 11982.0 1.000
 11982.1 1.000
 11982.2 1.000
 11982.3 1.000
 11982.4 1.000
 11982.5 1.000
 11982.6 1.000
 11982.7 1.000
 11982.8 1.000
 11982.9 1.000
 11983.0 1.000
 11983.1 1.000
 11983.2 1.000
 11983.3 1.000
 11983.4 1.000
 11983.5 1.000
 11983.6 1.000
 11983.7 1.000
 11983.8 0.999
 11983.9 0.989
 11984.0 0.924
 11984.1 0.819
 11984.2 0.767
 11984.3 0.822
 11984.4 0.927
 11984.5 0.990
 11984.6 0.999
 11984.7 1.000
 11984.8 1.000
 11984.9 1.000
 11985.0 1.000
 11985.1 1.000
 11985.2 1.000
 11985.3 1.000
 11985.4 1.000
 11985.5 1.000
 11985.6 1.000
 11985.7 1.000
 11985.8 1.000
 11985.9 1.000
 11986.0 1.000
 11986.1 1.000
 11986.2 1.000
 11986.3 1.000
 11986.4 1.000
 11986.5 1.000
 11986.6 1.000
 11986.7 1.000
 11986.8 1.000
 11986.9 1.000
 11987.0 0.999
 11987.1 0.999
 11987.2 0.999
 11987.3 1.000
 11987.4 1.000
 11987.5 1.000
 11987.6 1.000
 11987.7 1.000
 11987.8 1.000
 11987.9 1.000
 11988.0 1.000
 11988.1 1.000
 11988.2 1.000
 11988.3 1.000
 11988.4 1.000
 11988.5 1.000
 11988.6 1.000
 11988.7 1.000
 11988.8 0.999
 11988.9 0.999
 11989.0 0.999
 11989.1 1.000
 11989.2 1.000
 11989.3 1.000
 11989.4 1.000
 11989.5 0.999
 11989.6 0.999
 11989.7 1.000
 11989.8 1.000
 11989.9 1.000
 11990.0 1.000
 11990.1 1.000
 11990.2 1.000
 11990.3 1.000
 11990.4 1.000
 11990.5 1.000
 11990.6 1.000
 11990.7 1.000
 11990.8 1.000
 11990.9 1.000
 11991.0 1.000
 11991.1 1.000
 11991.2 0.999
 11991.3 0.989
 11991.4 0.933
 11991.5 0.851
 11991.6 0.832
 11991.7 0.902
 11991.8 0.975
 11991.9 0.998
 11992.0 1.000
 11992.1 1.000
 11992.2 1.000
 11992.3 1.000
 11992.4 1.000
 11992.5 1.000
 11992.6 1.000
 11992.7 1.000
 11992.8 1.000
 11992.9 1.000
 11993.0 1.000
 11993.1 1.000
 11993.2 1.000
 11993.3 1.000
 11993.4 1.000
 11993.5 1.000
 11993.6 1.000
 11993.7 1.000
 11993.8 1.000
 11993.9 1.000
 11994.0 1.000
 11994.1 1.000
 11994.2 1.000
 11994.3 1.000
 11994.4 1.000
 11994.5 1.000
 11994.6 1.000
 11994.7 1.000
 11994.8 1.000
 11994.9 1.000
 11995.0 1.000
 11995.1 1.000
 11995.2 1.000
 11995.3 1.000
 11995.4 1.000
 11995.5 1.000
 11995.6 1.000
 11995.7 1.000
 11995.8 1.000
 11995.9 1.000
 11996.0 1.000
 11996.1 1.000
 11996.2 1.000
 11996.3 1.000
 11996.4 1.000
 11996.5 1.000
 11996.6 1.000
 11996.7 1.000
 11996.8 1.000
 11996.9 1.000
 11997.0 1.000
 11997.1 1.000
 11997.2 1.000
 11997.3 1.000
 11997.4 1.000
 11997.5 1.000
 11997.6 1.000
 11997.7 1.000
 11997.8 0.999
 11997.9 0.998
 11998.0 0.998
 11998.1 0.998
 11998.2 0.993
 11998.3 0.987
 11998.4 0.987
 11998.5 0.993
 11998.6 0.998
 11998.7 1.000
 11998.8 1.000
 11998.9 1.000
 11999.0 1.000
 11999.1 1.000
 11999.2 1.000
 11999.3 1.000
 11999.4 1.000
 11999.5 1.000
 11999.6 1.000
 11999.7 1.000
 11999.8 1.000
 11999.9 1.000
 12000.0 1.000
 12000.1 1.000
 12000.2 1.000
 12000.3 1.000
 12000.4 1.000
 12000.5 1.000
 12000.6 1.000
 12000.7 1.000
 12000.8 1.000
 12000.9 1.000
 12001.0 1.000
 12001.1 1.000
 12001.2 1.000
 12001.3 1.000
 12001.4 1.000
 12001.5 1.000
 12001.6 1.000
 12001.7 1.000
 12001.8 1.000
 12001.9 1.000
 12002.0 1.000
 12002.1 1.000
 12002.2 1.000
 12002.3 1.000
 12002.4 1.000
 12002.5 1.000
 12002.6 1.000
 12002.7 1.000
 12002.8 1.000
 12002.9 1.000
 12003.0 1.000
 12003.1 1.000
 12003.2 1.000
 12003.3 1.000
 12003.4 1.000
 12003.5 1.000
 12003.6 1.000
 12003.7 1.000
 12003.8 1.000
 12003.9 1.000
 12004.0 1.000
 12004.1 1.000
 12004.2 1.000
 12004.3 1.000
 12004.4 1.000
 12004.5 1.000
 12004.6 1.000
 12004.7 1.000
 12004.8 1.000
 12004.9 1.000
 12005.0 1.000
 12005.1 1.000
 12005.2 0.999
 12005.3 0.997
 12005.4 0.996
 12005.5 0.996
 12005.6 0.998
 12005.7 1.000
 12005.8 1.000
 12005.9 1.000
 12006.0 1.000
 12006.1 1.000
 12006.2 1.000
 12006.3 1.000
 12006.4 1.000
 12006.5 1.000
 12006.6 1.000
 12006.7 1.000
 12006.8 1.000
 12006.9 1.000
 12007.0 1.000
 12007.1 1.000
 12007.2 1.000
 12007.3 1.000
 12007.4 1.000
 12007.5 1.000
 12007.6 1.000
 12007.7 1.000
 12007.8 1.000
 12007.9 1.000
 12008.0 1.000
 12008.1 1.000
 12008.2 1.000
 12008.3 1.000
 12008.4 1.000
 12008.5 1.000
 12008.6 1.000
 12008.7 1.000
 12008.8 1.000
 12008.9 1.000
 12009.0 1.000
 12009.1 1.000
 12009.2 1.000
 12009.3 1.000
 12009.4 1.000
 12009.5 1.000
 12009.6 1.000
 12009.7 1.000
 12009.8 1.000
 12009.9 1.000
 12010.0 1.000
 12010.1 1.000
 12010.2 1.000
 12010.3 1.000
 12010.4 1.000
 12010.5 0.999
 12010.6 0.999
 12010.7 1.000
 12010.8 1.000
 12010.9 1.000
 12011.0 1.000
 12011.1 1.000
 12011.2 1.000
 12011.3 1.000
 12011.4 1.000
 12011.5 1.000
 12011.6 1.000
 12011.7 1.000
 12011.8 1.000
 12011.9 1.000
 12012.0 1.000
 12012.1 1.000
 12012.2 1.000
 12012.3 1.000
 12012.4 1.000
 12012.5 1.000
 12012.6 1.000
 12012.7 1.000
 12012.8 1.000
 12012.9 1.000
 12013.0 1.000
 12013.1 1.000
 12013.2 1.000
 12013.3 1.000
 12013.4 1.000
 12013.5 1.000
 12013.6 1.000
 12013.7 1.000
 12013.8 1.000
 12013.9 0.999
 12014.0 0.998
 12014.1 0.999
 12014.2 1.000
 12014.3 0.999
 12014.4 0.999
 12014.5 1.000
 12014.6 1.000
 12014.7 0.999
 12014.8 0.999
 12014.9 1.000
 12015.0 1.000
 12015.1 1.000
 12015.2 1.000
 12015.3 1.000
 12015.4 1.000
 12015.5 1.000
 12015.6 1.000
 12015.7 1.000
 12015.8 1.000
 12015.9 1.000
 12016.0 1.000
 12016.1 1.000
 12016.2 1.000
 12016.3 1.000
 12016.4 1.000
 12016.5 1.000
 12016.6 1.000
 12016.7 1.000
 12016.8 1.000
 12016.9 1.000
 12017.0 1.000
 12017.1 1.000
 12017.2 1.000
 12017.3 1.000
 12017.4 1.000
 12017.5 1.000
 12017.6 1.000
 12017.7 1.000
 12017.8 1.000
 12017.9 1.000
 12018.0 1.000
 12018.1 1.000
 12018.2 1.000
 12018.3 1.000
 12018.4 1.000
 12018.5 1.000
 12018.6 1.000
 12018.7 1.000
 12018.8 1.000
 12018.9 1.000
 12019.0 1.000
 12019.1 1.000
 12019.2 1.000
 12019.3 1.000
 12019.4 1.000
 12019.5 1.000
 12019.6 1.000
 12019.7 1.000
 12019.8 1.000
 12019.9 1.000
 12020.0 1.000
 12020.1 1.000
 12020.2 1.000
 12020.3 1.000
 12020.4 1.000
 12020.5 1.000
 12020.6 1.000
 12020.7 1.000
 12020.8 1.000
 12020.9 1.000
 12021.0 1.000
 12021.1 1.000
 12021.2 1.000
 12021.3 1.000
 12021.4 1.000
 12021.5 1.000
 12021.6 1.000
 12021.7 1.000
 12021.8 1.000
 12021.9 1.000
 12022.0 1.000
 12022.1 1.000
 12022.2 1.000
 12022.3 1.000
 12022.4 1.000
 12022.5 1.000
 12022.6 1.000
 12022.7 1.000
 12022.8 1.000
 12022.9 1.000
 12023.0 1.000
 12023.1 1.000
 12023.2 1.000
 12023.3 1.000
 12023.4 1.000
 12023.5 1.000
 12023.6 1.000
 12023.7 0.999
 12023.8 0.999
 12023.9 0.999
 12024.0 1.000
 12024.1 1.000
 12024.2 1.000
 12024.3 1.000
 12024.4 1.000
 12024.5 1.000
 12024.6 1.000
 12024.7 1.000
 12024.8 1.000
 12024.9 1.000
 12025.0 1.000
 12025.1 1.000
 12025.2 1.000
 12025.3 1.000
 12025.4 1.000
 12025.5 1.000
 12025.6 1.000
 12025.7 1.000
 12025.8 1.000
 12025.9 1.000
 12026.0 1.000
 12026.1 1.000
 12026.2 1.000
 12026.3 1.000
 12026.4 1.000
 12026.5 1.000
 12026.6 1.000
 12026.7 1.000
 12026.8 1.000
 12026.9 1.000
 12027.0 1.000
 12027.1 1.000
 12027.2 1.000
 12027.3 1.000
 12027.4 1.000
 12027.5 1.000
 12027.6 1.000
 12027.7 1.000
 12027.8 1.000
 12027.9 1.000
 12028.0 1.000
 12028.1 1.000
 12028.2 1.000
 12028.3 1.000
 12028.4 1.000
 12028.5 1.000
 12028.6 1.000
 12028.7 1.000
 12028.8 1.000
 12028.9 1.000
 12029.0 1.000
 12029.1 1.000
 12029.2 1.000
 12029.3 1.000
 12029.4 1.000
 12029.5 1.000
 12029.6 1.000
 12029.7 1.000
 12029.8 1.000
 12029.9 1.000
 12030.0 1.000
 12030.1 1.000
 12030.2 1.000
 12030.3 1.000
 12030.4 1.000
 12030.5 1.000
 12030.6 1.000
 12030.7 1.000
 12030.8 1.000
 12030.9 1.000
 12031.0 0.999
 12031.1 0.999
 12031.2 0.985
 12031.3 0.905
 12031.4 0.791
 12031.5 0.738
 12031.6 0.784
 12031.7 0.897
 12031.8 0.982
 12031.9 0.999
 12032.0 1.000
 12032.1 1.000
 12032.2 1.000
 12032.3 1.000
 12032.4 1.000
 12032.5 1.000
 12032.6 1.000
 12032.7 1.000
 12032.8 1.000
 12032.9 1.000
 12033.0 1.000
 12033.1 1.000
 12033.2 1.000
 12033.3 1.000
 12033.4 1.000
 12033.5 1.000
 12033.6 1.000
 12033.7 1.000
 12033.8 1.000
 12033.9 1.000
 12034.0 1.000
 12034.1 1.000
 12034.2 1.000
 12034.3 1.000
 12034.4 1.000
 12034.5 1.000
 12034.6 1.000
 12034.7 1.000
 12034.8 1.000
 12034.9 1.000
 12035.0 1.000
 12035.1 1.000
 12035.2 1.000
 12035.3 1.000
 12035.4 1.000
 12035.5 1.000
 12035.6 1.000
 12035.7 1.000
 12035.8 1.000
 12035.9 1.000
 12036.0 1.000
 12036.1 1.000
 12036.2 1.000
 12036.3 1.000
 12036.4 1.000
 12036.5 1.000
 12036.6 1.000
 12036.7 1.000
 12036.8 1.000
 12036.9 1.000
 12037.0 1.000
 12037.1 1.000
 12037.2 1.000
 12037.3 1.000
 12037.4 1.000
 12037.5 1.000
 12037.6 1.000
 12037.7 1.000
 12037.8 1.000
 12037.9 1.000
 12038.0 1.000
 12038.1 1.000
 12038.2 1.000
 12038.3 1.000
 12038.4 1.000
 12038.5 1.000
 12038.6 1.000
 12038.7 1.000
 12038.8 1.000
 12038.9 1.000
 12039.0 1.000
 12039.1 1.000
 12039.2 1.000
 12039.3 1.000
 12039.4 1.000
 12039.5 1.000
 12039.6 0.999
 12039.7 0.996
 12039.8 0.994
 12039.9 0.995
 12040.0 0.998
 12040.1 1.000
 12040.2 1.000
 12040.3 1.000
 12040.4 1.000
 12040.5 1.000
 12040.6 1.000
 12040.7 1.000
 12040.8 1.000
 12040.9 1.000
 12041.0 1.000
 12041.1 1.000
 12041.2 1.000
 12041.3 1.000
 12041.4 1.000
 12041.5 0.999
 12041.6 0.999
 12041.7 0.999
 12041.8 1.000
 12041.9 1.000
 12042.0 1.000
 12042.1 1.000
 12042.2 1.000
 12042.3 1.000
 12042.4 1.000
 12042.5 1.000
 12042.6 1.000
 12042.7 1.000
 12042.8 1.000
 12042.9 1.000
 12043.0 1.000
 12043.1 1.000
 12043.2 1.000
 12043.3 1.000
 12043.4 1.000
 12043.5 1.000
 12043.6 1.000
 12043.7 1.000
 12043.8 1.000
 12043.9 1.000
 12044.0 1.000
 12044.1 1.000
 12044.2 1.000
 12044.3 1.000
 12044.4 1.000
 12044.5 1.000
 12044.6 1.000
 12044.7 0.999
 12044.8 0.997
 12044.9 0.997
 12045.0 0.999
 12045.1 1.000
 12045.2 1.000
 12045.3 1.000
 12045.4 1.000
 12045.5 1.000
 12045.6 1.000
 12045.7 1.000
 12045.8 1.000
 12045.9 1.000
 12046.0 1.000
 12046.1 1.000
 12046.2 1.000
 12046.3 1.000
 12046.4 1.000
 12046.5 1.000
 12046.6 1.000
 12046.7 1.000
 12046.8 1.000
 12046.9 1.000
 12047.0 1.000
 12047.1 1.000
 12047.2 1.000
 12047.3 1.000
 12047.4 1.000
 12047.5 1.000
 12047.6 1.000
 12047.7 1.000
 12047.8 1.000
 12047.9 1.000
 12048.0 1.000
 12048.1 1.000
 12048.2 1.000
 12048.3 1.000
 12048.4 1.000
 12048.5 1.000
 12048.6 1.000
 12048.7 1.000
 12048.8 1.000
 12048.9 1.000
 12049.0 1.000
 12049.1 1.000
 12049.2 1.000
 12049.3 1.000
 12049.4 1.000
 12049.5 1.000
 12049.6 1.000
 12049.7 1.000
 12049.8 1.000
 12049.9 1.000
