 12900.0 0.952
 12900.1 0.987
 12900.2 0.990
 12900.3 0.989
 12900.4 0.992
 12900.5 0.995
 12900.6 0.998
 12900.7 0.999
 12900.8 0.999
 12900.9 0.999
 12901.0 0.999
 12901.1 0.999
 12901.2 0.999
 12901.3 0.999
 12901.4 0.999
 12901.5 0.999
 12901.6 0.999
 12901.7 1.000
 12901.8 1.000
 12901.9 1.000
 12902.0 1.000
 12902.1 1.000
 12902.2 1.000
 12902.3 1.000
 12902.4 1.000
 12902.5 1.000
 12902.6 1.000
 12902.7 1.000
 12902.8 0.999
 12902.9 0.999
 12903.0 0.998
 12903.1 0.998
 12903.2 0.997
 12903.3 0.994
 12903.4 0.993
 12903.5 0.994
 12903.6 0.997
 12903.7 0.999
 12903.8 0.999
 12903.9 0.999
 12904.0 0.998
 12904.1 0.997
 12904.2 0.997
 12904.3 0.999
 12904.4 1.000
 12904.5 1.000
 12904.6 1.000
 12904.7 1.000
 12904.8 1.000
 12904.9 1.000
 12905.0 1.000
 12905.1 1.000
 12905.2 1.000
 12905.3 1.000
 12905.4 1.000
 12905.5 1.000
 12905.6 1.000
 12905.7 1.000
 12905.8 1.000
 12905.9 1.000
 12906.0 1.000
 12906.1 1.000
 12906.2 1.000
 12906.3 1.000
 12906.4 1.000
 12906.5 1.000
 12906.6 1.000
 12906.7 1.000
 12906.8 1.000
 12906.9 1.000
 12907.0 1.000
 12907.1 1.000
 12907.2 1.000
 12907.3 1.000
 12907.4 1.000
 12907.5 1.000
 12907.6 1.000
 12907.7 0.999
 12907.8 0.999
 12907.9 0.998
 12908.0 0.998
 12908.1 0.999
 12908.2 0.999
 12908.3 0.999
 12908.4 0.999
 12908.5 1.000
 12908.6 0.999
 12908.7 0.999
 12908.8 0.996
 12908.9 0.975
 12909.0 0.936
 12909.1 0.926
 12909.2 0.959
 12909.3 0.991
 12909.4 0.999
 12909.5 0.999
 12909.6 1.000
 12909.7 1.000
 12909.8 0.999
 12909.9 0.997
 12910.0 0.992
 12910.1 0.988
 12910.2 0.990
 12910.3 0.994
 12910.4 0.996
 12910.5 0.998
 12910.6 0.999
 12910.7 0.999
 12910.8 1.000
 12910.9 1.000
 12911.0 1.000
 12911.1 1.000
 12911.2 1.000
 12911.3 1.000
 12911.4 1.000
 12911.5 1.000
 12911.6 1.000
 12911.7 1.000
 12911.8 1.000
 12911.9 1.000
 12912.0 1.000
 12912.1 1.000
 12912.2 1.000
 12912.3 1.000
 12912.4 1.000
 12912.5 1.000
 12912.6 1.000
 12912.7 1.000
 12912.8 1.000
 12912.9 1.000
 12913.0 1.000
 12913.1 1.000
 12913.2 1.000
 12913.3 0.999
 12913.4 0.998
 12913.5 0.999
 12913.6 0.999
 12913.7 0.999
 12913.8 0.999
 12913.9 0.999
 12914.0 0.999
 12914.1 1.000
 12914.2 0.999
 12914.3 0.999
 12914.4 0.999
 12914.5 0.998
 12914.6 0.999
 12914.7 0.999
 12914.8 0.999
 12914.9 0.999
 12915.0 0.999
 12915.1 1.000
 12915.2 1.000
 12915.3 1.000
 12915.4 1.000
 12915.5 1.000
 12915.6 1.000
 12915.7 1.000
 12915.8 1.000
 12915.9 1.000
 12916.0 0.999
 12916.1 0.999
 12916.2 0.999
 12916.3 1.000
 12916.4 1.000
 12916.5 1.000
 12916.6 1.000
 12916.7 1.000
 12916.8 1.000
 12916.9 1.000
 12917.0 0.999
 12917.1 0.997
 12917.2 0.995
 12917.3 0.995
 12917.4 0.997
 12917.5 0.999
 12917.6 1.000
 12917.7 1.000
 12917.8 1.000
 12917.9 1.000
 12918.0 0.999
 12918.1 1.000
 12918.2 1.000
 12918.3 1.000
 12918.4 1.000
 12918.5 1.000
 12918.6 1.000
 12918.7 1.000
 12918.8 1.000
 12918.9 1.000
 12919.0 1.000
 12919.1 1.000
 12919.2 1.000
 12919.3 1.000
 12919.4 1.000
 12919.5 1.000
 12919.6 1.000
 12919.7 1.000
 12919.8 0.999
 12919.9 0.998
 12920.0 0.999
 12920.1 1.000
 12920.2 1.000
 12920.3 0.999
 12920.4 0.998
 12920.5 0.998
 12920.6 0.999
 12920.7 1.000
 12920.8 1.000
 12920.9 1.000
 12921.0 1.000
 12921.1 1.000
 12921.2 1.000
 12921.3 1.000
 12921.4 1.000
 12921.5 0.999
 12921.6 0.998
 12921.7 0.998
 12921.8 0.998
 12921.9 0.999
 12922.0 1.000
 12922.1 1.000
 12922.2 1.000
 12922.3 1.000
 12922.4 1.000
 12922.5 1.000
 12922.6 1.000
 12922.7 1.000
 12922.8 1.000
 12922.9 1.000
 12923.0 1.000
 12923.1 1.000
 12923.2 1.000
 12923.3 1.000
 12923.4 1.000
 12923.5 1.000
 12923.6 1.000
 12923.7 1.000
 12923.8 1.000
 12923.9 1.000
 12924.0 1.000
 12924.1 1.000
 12924.2 1.000
 12924.3 1.000
 12924.4 1.000
 12924.5 1.000
 12924.6 1.000
 12924.7 1.000
 12924.8 1.000
 12924.9 1.000
 12925.0 1.000
 12925.1 1.000
 12925.2 1.000
 12925.3 1.000
 12925.4 1.000
 12925.5 1.000
 12925.6 1.000
 12925.7 1.000
 12925.8 1.000
 12925.9 1.000
 12926.0 1.000
 12926.1 1.000
 12926.2 1.000
 12926.3 1.000
 12926.4 1.000
 12926.5 1.000
 12926.6 1.000
 12926.7 1.000
 12926.8 1.000
 12926.9 1.000
 12927.0 1.000
 12927.1 1.000
 12927.2 1.000
 12927.3 1.000
 12927.4 1.000
 12927.5 1.000
 12927.6 1.000
 12927.7 1.000
 12927.8 1.000
 12927.9 1.000
 12928.0 1.000
 12928.1 1.000
 12928.2 1.000
 12928.3 0.999
 12928.4 0.996
 12928.5 0.994
 12928.6 0.995
 12928.7 0.999
 12928.8 1.000
 12928.9 1.000
 12929.0 1.000
 12929.1 1.000
 12929.2 1.000
 12929.3 1.000
 12929.4 1.000
 12929.5 0.999
 12929.6 1.000
 12929.7 1.000
 12929.8 1.000
 12929.9 1.000
 12930.0 1.000
 12930.1 1.000
 12930.2 0.999
 12930.3 0.999
 12930.4 1.000
 12930.5 1.000
 12930.6 1.000
 12930.7 1.000
 12930.8 1.000
 12930.9 1.000
 12931.0 1.000
 12931.1 1.000
 12931.2 1.000
 12931.3 1.000
 12931.4 1.000
 12931.5 1.000
 12931.6 1.000
 12931.7 1.000
 12931.8 1.000
 12931.9 1.000
 12932.0 1.000
 12932.1 0.997
 12932.2 0.988
 12932.3 0.980
 12932.4 0.984
 12932.5 0.995
 12932.6 1.000
 12932.7 1.000
 12932.8 0.996
 12932.9 0.983
 12933.0 0.973
 12933.1 0.980
 12933.2 0.994
 12933.3 0.999
 12933.4 1.000
 12933.5 1.000
 12933.6 1.000
 12933.7 1.000
 12933.8 1.000
 12933.9 1.000
 12934.0 1.000
 12934.1 1.000
 12934.2 1.000
 12934.3 1.000
 12934.4 0.998
 12934.5 0.984
 12934.6 0.956
 12934.7 0.950
 12934.8 0.975
 12934.9 0.996
 12935.0 1.000
 12935.1 1.000
 12935.2 1.000
 12935.3 1.000
 12935.4 1.000
 12935.5 1.000
 12935.6 1.000
 12935.7 1.000
 12935.8 1.000
 12935.9 1.000
 12936.0 1.000
 12936.1 1.000
 12936.2 1.000
 12936.3 1.000
 12936.4 1.000
 12936.5 1.000
 12936.6 1.000
 12936.7 1.000
 12936.8 0.999
 12936.9 0.996
 12937.0 0.992
 12937.1 0.994
 12937.2 0.998
 12937.3 1.000
 12937.4 1.000
 12937.5 1.000
 12937.6 1.000
 12937.7 1.000
 12937.8 1.000
 12937.9 1.000
 12938.0 1.000
 12938.1 1.000
 12938.2 1.000
 12938.3 1.000
 12938.4 1.000
 12938.5 1.000
 12938.6 1.000
 12938.7 1.000
 12938.8 1.000
 12938.9 1.000
 12939.0 1.000
 12939.1 1.000
 12939.2 1.000
 12939.3 1.000
 12939.4 1.000
 12939.5 0.999
 12939.6 0.999
 12939.7 0.999
 12939.8 0.998
 12939.9 0.998
 12940.0 0.999
 12940.1 0.999
 12940.2 0.999
 12940.3 0.999
 12940.4 0.999
 12940.5 0.999
 12940.6 0.999
 12940.7 0.997
 12940.8 0.989
 12940.9 0.978
 12941.0 0.977
 12941.1 0.987
 12941.2 0.996
 12941.3 0.999
 12941.4 0.999
 12941.5 0.999
 12941.6 0.999
 12941.7 1.000
 12941.8 1.000
 12941.9 1.000
 12942.0 1.000
 12942.1 1.000
 12942.2 1.000
 12942.3 1.000
 12942.4 0.999
 12942.5 0.998
 12942.6 0.998
 12942.7 0.999
 12942.8 0.999
 12942.9 1.000
 12943.0 1.000
 12943.1 1.000
 12943.2 1.000
 12943.3 1.000
 12943.4 1.000
 12943.5 1.000
 12943.6 1.000
 12943.7 1.000
 12943.8 1.000
 12943.9 1.000
 12944.0 1.000
 12944.1 0.999
 12944.2 0.998
 12944.3 0.999
 12944.4 1.000
 12944.5 1.000
 12944.6 1.000
 12944.7 1.000
 12944.8 1.000
 12944.9 1.000
 12945.0 1.000
 12945.1 1.000
 12945.2 1.000
 12945.3 1.000
 12945.4 1.000
 12945.5 1.000
 12945.6 1.000
 12945.7 1.000
 12945.8 0.999
 12945.9 0.999
 12946.0 0.999
 12946.1 0.999
 12946.2 1.000
 12946.3 1.000
 12946.4 1.000
 12946.5 1.000
 12946.6 1.000
 12946.7 1.000
 12946.8 1.000
 12946.9 1.000
 12947.0 1.000
 12947.1 1.000
 12947.2 1.000
 12947.3 1.000
 12947.4 1.000
 12947.5 1.000
 12947.6 1.000
 12947.7 1.000
 12947.8 1.000
 12947.9 1.000
 12948.0 1.000
 12948.1 1.000
 12948.2 1.000
 12948.3 1.000
 12948.4 0.999
 12948.5 0.999
 12948.6 0.999
 12948.7 1.000
 12948.8 1.000
 12948.9 1.000
 12949.0 1.000
 12949.1 1.000
 12949.2 1.000
 12949.3 1.000
 12949.4 1.000
 12949.5 0.999
 12949.6 0.997
 12949.7 0.993
 12949.8 0.988
 12949.9 0.989
 12950.0 0.994
 12950.1 0.998
 12950.2 0.999
 12950.3 0.999
 12950.4 0.999
 12950.5 1.000
 12950.6 1.000
 12950.7 0.999
 12950.8 0.999
 12950.9 0.998
 12951.0 0.999
 12951.1 1.000
 12951.2 1.000
 12951.3 1.000
 12951.4 1.000
 12951.5 1.000
 12951.6 1.000
 12951.7 1.000
 12951.8 1.000
 12951.9 1.000
 12952.0 1.000
 12952.1 1.000
 12952.2 1.000
 12952.3 1.000
 12952.4 1.000
 12952.5 1.000
 12952.6 1.000
 12952.7 1.000
 12952.8 1.000
 12952.9 1.000
 12953.0 1.000
 12953.1 1.000
 12953.2 1.000
 12953.3 1.000
 12953.4 1.000
 12953.5 1.000
 12953.6 0.999
 12953.7 0.998
 12953.8 0.998
 12953.9 0.998
 12954.0 0.998
 12954.1 0.999
 12954.2 1.000
 12954.3 1.000
 12954.4 1.000
 12954.5 1.000
 12954.6 1.000
 12954.7 1.000
 12954.8 1.000
 12954.9 1.000
 12955.0 1.000
 12955.1 1.000
 12955.2 1.000
 12955.3 0.999
 12955.4 0.998
 12955.5 0.996
 12955.6 0.994
 12955.7 0.996
 12955.8 0.998
 12955.9 0.999
 12956.0 1.000
 12956.1 1.000
 12956.2 1.000
 12956.3 1.000
 12956.4 1.000
 12956.5 1.000
 12956.6 0.999
 12956.7 0.999
 12956.8 1.000
 12956.9 1.000
 12957.0 1.000
 12957.1 1.000
 12957.2 1.000
 12957.3 1.000
 12957.4 1.000
 12957.5 1.000
 12957.6 1.000
 12957.7 1.000
 12957.8 1.000
 12957.9 1.000
 12958.0 1.000
 12958.1 1.000
 12958.2 1.000
 12958.3 1.000
 12958.4 1.000
 12958.5 1.000
 12958.6 1.000
 12958.7 1.000
 12958.8 1.000
 12958.9 1.000
 12959.0 1.000
 12959.1 1.000
 12959.2 1.000
 12959.3 1.000
 12959.4 1.000
 12959.5 1.000
 12959.6 1.000
 12959.7 0.999
 12959.8 0.998
 12959.9 0.997
 12960.0 0.996
 12960.1 0.997
 12960.2 0.998
 12960.3 0.999
 12960.4 0.999
 12960.5 0.999
 12960.6 0.999
 12960.7 1.000
 12960.8 1.000
 12960.9 1.000
 12961.0 1.000
 12961.1 1.000
 12961.2 1.000
 12961.3 1.000
 12961.4 1.000
 12961.5 1.000
 12961.6 1.000
 12961.7 1.000
 12961.8 1.000
 12961.9 1.000
 12962.0 0.999
 12962.1 0.997
 12962.2 0.994
 12962.3 0.995
 12962.4 0.998
 12962.5 1.000
 12962.6 1.000
 12962.7 1.000
 12962.8 1.000
 12962.9 1.000
 12963.0 1.000
 12963.1 1.000
 12963.2 1.000
 12963.3 1.000
 12963.4 0.999
 12963.5 0.999
 12963.6 0.999
 12963.7 1.000
 12963.8 1.000
 12963.9 1.000
 12964.0 1.000
 12964.1 1.000
 12964.2 0.999
 12964.3 0.996
 12964.4 0.994
 12964.5 0.995
 12964.6 0.997
 12964.7 0.999
 12964.8 1.000
 12964.9 1.000
 12965.0 1.000
 12965.1 1.000
 12965.2 1.000
 12965.3 1.000
 12965.4 1.000
 12965.5 1.000
 12965.6 1.000
 12965.7 1.000
 12965.8 1.000
 12965.9 1.000
 12966.0 0.999
 12966.1 0.999
 12966.2 0.999
 12966.3 1.000
 12966.4 1.000
 12966.5 1.000
 12966.6 1.000
 12966.7 1.000
 12966.8 1.000
 12966.9 1.000
 12967.0 1.000
 12967.1 1.000
 12967.2 0.999
 12967.3 0.999
 12967.4 0.999
 12967.5 0.999
 12967.6 0.999
 12967.7 1.000
 12967.8 1.000
 12967.9 1.000
 12968.0 1.000
 12968.1 1.000
 12968.2 1.000
 12968.3 1.000
 12968.4 1.000
 12968.5 1.000
 12968.6 1.000
 12968.7 1.000
 12968.8 1.000
 12968.9 1.000
 12969.0 0.999
 12969.1 0.999
 12969.2 0.999
 12969.3 0.998
 12969.4 0.996
 12969.5 0.996
 12969.6 0.996
 12969.7 0.998
 12969.8 0.999
 12969.9 0.999
 12970.0 0.998
 12970.1 0.998
 12970.2 0.996
 12970.3 0.991
 12970.4 0.982
 12970.5 0.972
 12970.6 0.972
 12970.7 0.983
 12970.8 0.994
 12970.9 0.998
 12971.0 0.999
 12971.1 1.000
 12971.2 1.000
 12971.3 1.000
 12971.4 1.000
 12971.5 1.000
 12971.6 1.000
 12971.7 1.000
 12971.8 1.000
 12971.9 1.000
 12972.0 1.000
 12972.1 1.000
 12972.2 1.000
 12972.3 1.000
 12972.4 1.000
 12972.5 1.000
 12972.6 1.000
 12972.7 1.000
 12972.8 1.000
 12972.9 1.000
 12973.0 1.000
 12973.1 1.000
 12973.2 1.000
 12973.3 1.000
 12973.4 1.000
 12973.5 1.000
 12973.6 1.000
 12973.7 1.000
 12973.8 1.000
 12973.9 1.000
 12974.0 1.000
 12974.1 1.000
 12974.2 0.998
 12974.3 0.993
 12974.4 0.991
 12974.5 0.995
 12974.6 0.999
 12974.7 0.999
 12974.8 0.998
 12974.9 0.994
 12975.0 0.992
 12975.1 0.995
 12975.2 0.999
 12975.3 1.000
 12975.4 1.000
 12975.5 0.999
 12975.6 0.992
 12975.7 0.978
 12975.8 0.963
 12975.9 0.956
 12976.0 0.959
 12976.1 0.974
 12976.2 0.991
 12976.3 0.999
 12976.4 1.000
 12976.5 1.000
 12976.6 1.000
 12976.7 1.000
 12976.8 1.000
 12976.9 1.000
 12977.0 0.999
 12977.1 0.999
 12977.2 0.999
 12977.3 0.998
 12977.4 0.999
 12977.5 0.999
 12977.6 1.000
 12977.7 1.000
 12977.8 1.000
 12977.9 1.000
 12978.0 1.000
 12978.1 1.000
 12978.2 1.000
 12978.3 1.000
 12978.4 1.000
 12978.5 1.000
 12978.6 1.000
 12978.7 1.000
 12978.8 1.000
 12978.9 1.000
 12979.0 1.000
 12979.1 1.000
 12979.2 0.999
 12979.3 0.998
 12979.4 0.998
 12979.5 0.999
 12979.6 0.999
 12979.7 0.999
 12979.8 1.000
 12979.9 1.000
 12980.0 1.000
 12980.1 1.000
 12980.2 1.000
 12980.3 1.000
 12980.4 1.000
 12980.5 1.000
 12980.6 1.000
 12980.7 1.000
 12980.8 1.000
 12980.9 1.000
 12981.0 1.000
 12981.1 1.000
 12981.2 1.000
 12981.3 1.000
 12981.4 1.000
 12981.5 1.000
 12981.6 1.000
 12981.7 1.000
 12981.8 1.000
 12981.9 1.000
 12982.0 1.000
 12982.1 1.000
 12982.2 1.000
 12982.3 1.000
 12982.4 0.999
 12982.5 0.998
 12982.6 0.994
 12982.7 0.993
 12982.8 0.995
 12982.9 0.998
 12983.0 1.000
 12983.1 1.000
 12983.2 1.000
 12983.3 1.000
 12983.4 1.000
 12983.5 1.000
 12983.6 1.000
 12983.7 1.000
 12983.8 1.000
 12983.9 1.000
 12984.0 1.000
 12984.1 1.000
 12984.2 1.000
 12984.3 1.000
 12984.4 1.000
 12984.5 1.000
 12984.6 1.000
 12984.7 1.000
 12984.8 1.000
 12984.9 1.000
 12985.0 1.000
 12985.1 1.000
 12985.2 1.000
 12985.3 1.000
 12985.4 1.000
 12985.5 1.000
 12985.6 1.000
 12985.7 1.000
 12985.8 1.000
 12985.9 1.000
 12986.0 1.000
 12986.1 1.000
 12986.2 1.000
 12986.3 0.999
 12986.4 0.999
 12986.5 0.999
 12986.6 0.999
 12986.7 1.000
 12986.8 1.000
 12986.9 1.000
 12987.0 1.000
 12987.1 1.000
 12987.2 1.000
 12987.3 1.000
 12987.4 1.000
 12987.5 0.999
 12987.6 0.999
 12987.7 1.000
 12987.8 1.000
 12987.9 1.000
 12988.0 1.000
 12988.1 1.000
 12988.2 1.000
 12988.3 1.000
 12988.4 1.000
 12988.5 1.000
 12988.6 1.000
 12988.7 1.000
 12988.8 1.000
 12988.9 1.000
 12989.0 1.000
 12989.1 1.000
 12989.2 1.000
 12989.3 0.999
 12989.4 0.999
 12989.5 0.999
 12989.6 1.000
 12989.7 1.000
 12989.8 1.000
 12989.9 1.000
 12990.0 1.000
 12990.1 1.000
 12990.2 1.000
 12990.3 1.000
 12990.4 1.000
 12990.5 1.000
 12990.6 1.000
 12990.7 1.000
 12990.8 1.000
 12990.9 1.000
 12991.0 1.000
 12991.1 1.000
 12991.2 1.000
 12991.3 1.000
 12991.4 1.000
 12991.5 1.000
 12991.6 1.000
 12991.7 1.000
 12991.8 1.000
 12991.9 1.000
 12992.0 1.000
 12992.1 1.000
 12992.2 1.000
 12992.3 1.000
 12992.4 1.000
 12992.5 1.000
 12992.6 1.000
 12992.7 1.000
 12992.8 1.000
 12992.9 1.000
 12993.0 1.000
 12993.1 1.000
 12993.2 1.000
 12993.3 1.000
 12993.4 1.000
 12993.5 1.000
 12993.6 1.000
 12993.7 1.000
 12993.8 1.000
 12993.9 1.000
 12994.0 1.000
 12994.1 1.000
 12994.2 1.000
 12994.3 1.000
 12994.4 1.000
 12994.5 1.000
 12994.6 1.000
 12994.7 1.000
 12994.8 1.000
 12994.9 1.000
 12995.0 1.000
 12995.1 1.000
 12995.2 0.999
 12995.3 0.999
 12995.4 1.000
 12995.5 0.999
 12995.6 0.999
 12995.7 0.998
 12995.8 0.999
 12995.9 1.000
 12996.0 1.000
 12996.1 1.000
 12996.2 1.000
 12996.3 1.000
 12996.4 1.000
 12996.5 1.000
 12996.6 1.000
 12996.7 1.000
 12996.8 1.000
 12996.9 1.000
 12997.0 1.000
 12997.1 1.000
 12997.2 1.000
 12997.3 1.000
 12997.4 1.000
 12997.5 1.000
 12997.6 1.000
 12997.7 0.999
 12997.8 0.998
 12997.9 0.997
 12998.0 0.996
 12998.1 0.998
 12998.2 0.999
 12998.3 0.999
 12998.4 0.999
 12998.5 0.999
 12998.6 0.999
 12998.7 1.000
 12998.8 1.000
 12998.9 1.000
 12999.0 1.000
 12999.1 1.000
 12999.2 1.000
 12999.3 1.000
 12999.4 1.000
 12999.5 1.000
 12999.6 1.000
 12999.7 1.000
 12999.8 0.999
 12999.9 0.998
 13000.0 0.998
 13000.1 0.999
 13000.2 1.000
 13000.3 1.000
 13000.4 1.000
 13000.5 1.000
 13000.6 1.000
 13000.7 0.998
 13000.8 0.997
 13000.9 0.997
 13001.0 0.999
 13001.1 1.000
 13001.2 0.998
 13001.3 0.993
 13001.4 0.989
 13001.5 0.992
 13001.6 0.998
 13001.7 1.000
 13001.8 1.000
 13001.9 1.000
 13002.0 1.000
 13002.1 0.999
 13002.2 0.999
 13002.3 0.999
 13002.4 0.999
 13002.5 0.999
 13002.6 0.999
 13002.7 1.000
 13002.8 1.000
 13002.9 1.000
 13003.0 1.000
 13003.1 1.000
 13003.2 1.000
 13003.3 1.000
 13003.4 1.000
 13003.5 1.000
 13003.6 1.000
 13003.7 1.000
 13003.8 1.000
 13003.9 1.000
 13004.0 1.000
 13004.1 1.000
 13004.2 1.000
 13004.3 1.000
 13004.4 1.000
 13004.5 1.000
 13004.6 1.000
 13004.7 1.000
 13004.8 1.000
 13004.9 1.000
 13005.0 1.000
 13005.1 1.000
 13005.2 1.000
 13005.3 0.999
 13005.4 0.999
 13005.5 1.000
 13005.6 1.000
 13005.7 1.000
 13005.8 1.000
 13005.9 1.000
 13006.0 1.000
 13006.1 1.000
 13006.2 1.000
 13006.3 1.000
 13006.4 1.000
 13006.5 0.999
 13006.6 0.995
 13006.7 0.993
 13006.8 0.996
 13006.9 0.999
 13007.0 1.000
 13007.1 1.000
 13007.2 1.000
 13007.3 1.000
 13007.4 0.999
 13007.5 1.000
 13007.6 1.000
 13007.7 1.000
 13007.8 1.000
 13007.9 1.000
 13008.0 1.000
 13008.1 1.000
 13008.2 0.999
 13008.3 0.999
 13008.4 1.000
 13008.5 1.000
 13008.6 1.000
 13008.7 1.000
 13008.8 1.000
 13008.9 1.000
 13009.0 1.000
 13009.1 1.000
 13009.2 1.000
 13009.3 1.000
 13009.4 1.000
 13009.5 1.000
 13009.6 1.000
 13009.7 1.000
 13009.8 1.000
 13009.9 1.000
 13010.0 1.000
 13010.1 1.000
 13010.2 1.000
 13010.3 1.000
 13010.4 1.000
 13010.5 0.999
 13010.6 0.999
 13010.7 1.000
 13010.8 1.000
 13010.9 1.000
 13011.0 1.000
 13011.1 1.000
 13011.2 0.999
 13011.3 0.999
 13011.4 0.999
 13011.5 0.998
 13011.6 0.998
 13011.7 0.999
 13011.8 0.999
 13011.9 0.999
 13012.0 0.999
 13012.1 1.000
 13012.2 1.000
 13012.3 1.000
 13012.4 0.999
 13012.5 0.999
 13012.6 0.999
 13012.7 0.999
 13012.8 0.999
 13012.9 1.000
 13013.0 1.000
 13013.1 1.000
 13013.2 1.000
 13013.3 1.000
 13013.4 1.000
 13013.5 1.000
 13013.6 1.000
 13013.7 1.000
 13013.8 1.000
 13013.9 1.000
 13014.0 1.000
 13014.1 1.000
 13014.2 1.000
 13014.3 1.000
 13014.4 1.000
 13014.5 1.000
 13014.6 0.999
 13014.7 0.996
 13014.8 0.991
 13014.9 0.992
 13015.0 0.997
 13015.1 1.000
 13015.2 1.000
 13015.3 1.000
 13015.4 1.000
 13015.5 1.000
 13015.6 0.999
 13015.7 0.999
 13015.8 0.999
 13015.9 1.000
 13016.0 1.000
 13016.1 1.000
 13016.2 1.000
 13016.3 1.000
 13016.4 1.000
 13016.5 1.000
 13016.6 1.000
 13016.7 1.000
 13016.8 1.000
 13016.9 1.000
 13017.0 1.000
 13017.1 1.000
 13017.2 1.000
 13017.3 1.000
 13017.4 1.000
 13017.5 1.000
 13017.6 1.000
 13017.7 1.000
 13017.8 1.000
 13017.9 1.000
 13018.0 1.000
 13018.1 1.000
 13018.2 1.000
 13018.3 0.999
 13018.4 0.998
 13018.5 0.998
 13018.6 0.998
 13018.7 0.999
 13018.8 1.000
 13018.9 1.000
 13019.0 1.000
 13019.1 1.000
 13019.2 1.000
 13019.3 1.000
 13019.4 0.999
 13019.5 0.999
 13019.6 0.999
 13019.7 1.000
 13019.8 1.000
 13019.9 1.000
 13020.0 1.000
 13020.1 1.000
 13020.2 1.000
 13020.3 1.000
 13020.4 1.000
 13020.5 1.000
 13020.6 1.000
 13020.7 1.000
 13020.8 1.000
 13020.9 1.000
 13021.0 1.000
 13021.1 1.000
 13021.2 1.000
 13021.3 1.000
 13021.4 1.000
 13021.5 1.000
 13021.6 1.000
 13021.7 1.000
 13021.8 1.000
 13021.9 1.000
 13022.0 1.000
 13022.1 1.000
 13022.2 1.000
 13022.3 1.000
 13022.4 1.000
 13022.5 1.000
 13022.6 1.000
 13022.7 1.000
 13022.8 1.000
 13022.9 1.000
 13023.0 1.000
 13023.1 1.000
 13023.2 1.000
 13023.3 1.000
 13023.4 1.000
 13023.5 1.000
 13023.6 1.000
 13023.7 1.000
 13023.8 1.000
 13023.9 1.000
 13024.0 1.000
 13024.1 1.000
 13024.2 1.000
 13024.3 1.000
 13024.4 1.000
 13024.5 1.000
 13024.6 1.000
 13024.7 1.000
 13024.8 1.000
 13024.9 1.000
 13025.0 1.000
 13025.1 1.000
 13025.2 1.000
 13025.3 1.000
 13025.4 1.000
 13025.5 1.000
 13025.6 1.000
 13025.7 1.000
 13025.8 1.000
 13025.9 1.000
 13026.0 1.000
 13026.1 1.000
 13026.2 1.000
 13026.3 0.999
 13026.4 0.999
 13026.5 0.999
 13026.6 1.000
 13026.7 1.000
 13026.8 1.000
 13026.9 1.000
 13027.0 1.000
 13027.1 1.000
 13027.2 1.000
 13027.3 1.000
 13027.4 1.000
 13027.5 1.000
 13027.6 1.000
 13027.7 1.000
 13027.8 1.000
 13027.9 1.000
 13028.0 1.000
 13028.1 1.000
 13028.2 1.000
 13028.3 1.000
 13028.4 1.000
 13028.5 1.000
 13028.6 1.000
 13028.7 1.000
 13028.8 1.000
 13028.9 1.000
 13029.0 0.999
 13029.1 0.999
 13029.2 0.996
 13029.3 0.971
 13029.4 0.906
 13029.5 0.852
 13029.6 0.874
 13029.7 0.944
 13029.8 0.989
 13029.9 0.998
 13030.0 0.999
 13030.1 0.999
 13030.2 0.999
 13030.3 0.999
 13030.4 0.999
 13030.5 0.998
 13030.6 0.992
 13030.7 0.951
 13030.8 0.863
 13030.9 0.794
 13031.0 0.825
 13031.1 0.917
 13031.2 0.982
 13031.3 0.997
 13031.4 0.999
 13031.5 0.999
 13031.6 0.999
 13031.7 0.999
 13031.8 0.999
 13031.9 1.000
 13032.0 1.000
 13032.1 1.000
 13032.2 1.000
 13032.3 1.000
 13032.4 0.999
 13032.5 0.999
 13032.6 0.999
 13032.7 1.000
 13032.8 1.000
 13032.9 1.000
 13033.0 0.999
 13033.1 0.999
 13033.2 0.998
 13033.3 0.991
 13033.4 0.957
 13033.5 0.909
 13033.6 0.905
 13033.7 0.951
 13033.8 0.988
 13033.9 0.997
 13034.0 0.998
 13034.1 0.999
 13034.2 0.999
 13034.3 0.999
 13034.4 0.999
 13034.5 1.000
 13034.6 0.999
 13034.7 0.999
 13034.8 0.999
 13034.9 1.000
 13035.0 1.000
 13035.1 1.000
 13035.2 1.000
 13035.3 1.000
 13035.4 1.000
 13035.5 1.000
 13035.6 1.000
 13035.7 1.000
 13035.8 1.000
 13035.9 1.000
 13036.0 1.000
 13036.1 1.000
 13036.2 1.000
 13036.3 1.000
 13036.4 1.000
 13036.5 0.999
 13036.6 0.999
 13036.7 0.998
 13036.8 0.997
 13036.9 0.998
 13037.0 0.998
 13037.1 0.999
 13037.2 0.998
 13037.3 0.996
 13037.4 0.996
 13037.5 0.999
 13037.6 1.000
 13037.7 1.000
 13037.8 1.000
 13037.9 1.000
 13038.0 0.999
 13038.1 0.999
 13038.2 1.000
 13038.3 1.000
 13038.4 1.000
 13038.5 1.000
 13038.6 1.000
 13038.7 1.000
 13038.8 1.000
 13038.9 1.000
 13039.0 1.000
 13039.1 1.000
 13039.2 1.000
 13039.3 1.000
 13039.4 0.997
 13039.5 0.978
 13039.6 0.950
 13039.7 0.951
 13039.8 0.979
 13039.9 0.997
 13040.0 1.000
 13040.1 1.000
 13040.2 1.000
 13040.3 1.000
 13040.4 1.000
 13040.5 1.000
 13040.6 1.000
 13040.7 1.000
 13040.8 0.999
 13040.9 0.999
 13041.0 1.000
 13041.1 1.000
 13041.2 1.000
 13041.3 1.000
 13041.4 1.000
 13041.5 1.000
 13041.6 1.000
 13041.7 1.000
 13041.8 1.000
 13041.9 1.000
 13042.0 1.000
 13042.1 1.000
 13042.2 1.000
 13042.3 1.000
 13042.4 1.000
 13042.5 1.000
 13042.6 1.000
 13042.7 1.000
 13042.8 1.000
 13042.9 1.000
 13043.0 1.000
 13043.1 1.000
 13043.2 1.000
 13043.3 1.000
 13043.4 1.000
 13043.5 1.000
 13043.6 1.000
 13043.7 1.000
 13043.8 1.000
 13043.9 1.000
 13044.0 1.000
 13044.1 1.000
 13044.2 1.000
 13044.3 1.000
 13044.4 1.000
 13044.5 1.000
 13044.6 1.000
 13044.7 1.000
 13044.8 1.000
 13044.9 1.000
 13045.0 1.000
 13045.1 1.000
 13045.2 1.000
 13045.3 1.000
 13045.4 1.000
 13045.5 1.000
 13045.6 1.000
 13045.7 1.000
 13045.8 1.000
 13045.9 1.000
 13046.0 1.000
 13046.1 1.000
 13046.2 1.000
 13046.3 1.000
 13046.4 1.000
 13046.5 1.000
 13046.6 1.000
 13046.7 1.000
 13046.8 1.000
 13046.9 1.000
 13047.0 1.000
 13047.1 1.000
 13047.2 1.000
 13047.3 1.000
 13047.4 1.000
 13047.5 1.000
 13047.6 1.000
 13047.7 1.000
 13047.8 1.000
 13047.9 0.999
 13048.0 0.994
 13048.1 0.979
 13048.2 0.973
 13048.3 0.985
 13048.4 0.996
 13048.5 0.996
 13048.6 0.994
 13048.7 0.996
 13048.8 0.999
 13048.9 0.999
 13049.0 0.999
 13049.1 0.999
 13049.2 1.000
 13049.3 1.000
 13049.4 1.000
 13049.5 1.000
 13049.6 1.000
 13049.7 1.000
 13049.8 1.000
 13049.9 1.000
 13050.0 1.000
 13050.1 1.000
 13050.2 1.000
 13050.3 1.000
 13050.4 1.000
 13050.5 1.000
 13050.6 1.000
 13050.7 1.000
 13050.8 1.000
 13050.9 1.000
 13051.0 1.000
 13051.1 1.000
 13051.2 1.000
 13051.3 1.000
 13051.4 1.000
 13051.5 1.000
 13051.6 1.000
 13051.7 1.000
 13051.8 1.000
 13051.9 1.000
 13052.0 1.000
 13052.1 1.000
 13052.2 1.000
 13052.3 1.000
 13052.4 1.000
 13052.5 1.000
 13052.6 1.000
 13052.7 1.000
 13052.8 1.000
 13052.9 1.000
 13053.0 1.000
 13053.1 1.000
 13053.2 1.000
 13053.3 0.999
 13053.4 0.996
 13053.5 0.978
 13053.6 0.958
 13053.7 0.963
 13053.8 0.986
 13053.9 0.997
 13054.0 0.999
 13054.1 0.999
 13054.2 0.999
 13054.3 1.000
 13054.4 0.999
 13054.5 0.999
 13054.6 0.999
 13054.7 0.999
 13054.8 0.997
 13054.9 0.996
 13055.0 0.995
 13055.1 0.996
 13055.2 0.997
 13055.3 0.998
 13055.4 0.998
 13055.5 0.998
 13055.6 0.999
 13055.7 0.999
 13055.8 0.999
 13055.9 0.999
 13056.0 1.000
 13056.1 1.000
 13056.2 1.000
 13056.3 0.999
 13056.4 0.999
 13056.5 0.999
 13056.6 0.999
 13056.7 0.999
 13056.8 0.998
 13056.9 0.996
 13057.0 0.994
 13057.1 0.994
 13057.2 0.996
 13057.3 0.998
 13057.4 0.999
 13057.5 0.999
 13057.6 0.999
 13057.7 0.996
 13057.8 0.989
 13057.9 0.985
 13058.0 0.988
 13058.1 0.995
 13058.2 0.999
 13058.3 1.000
 13058.4 1.000
 13058.5 1.000
 13058.6 1.000
 13058.7 1.000
 13058.8 1.000
 13058.9 1.000
 13059.0 1.000
 13059.1 1.000
 13059.2 0.999
 13059.3 0.998
 13059.4 0.998
 13059.5 0.999
 13059.6 1.000
 13059.7 1.000
 13059.8 1.000
 13059.9 1.000
 13060.0 1.000
 13060.1 1.000
 13060.2 1.000
 13060.3 1.000
 13060.4 0.999
 13060.5 0.999
 13060.6 0.999
 13060.7 1.000
 13060.8 1.000
 13060.9 1.000
 13061.0 1.000
 13061.1 1.000
 13061.2 1.000
 13061.3 1.000
 13061.4 1.000
 13061.5 1.000
 13061.6 1.000
 13061.7 1.000
 13061.8 1.000
 13061.9 0.999
 13062.0 0.999
 13062.1 0.998
 13062.2 0.999
 13062.3 0.999
 13062.4 1.000
 13062.5 1.000
 13062.6 1.000
 13062.7 1.000
 13062.8 1.000
 13062.9 0.999
 13063.0 0.999
 13063.1 1.000
 13063.2 1.000
 13063.3 1.000
 13063.4 1.000
 13063.5 1.000
 13063.6 1.000
 13063.7 1.000
 13063.8 1.000
 13063.9 1.000
 13064.0 1.000
 13064.1 1.000
 13064.2 1.000
 13064.3 1.000
 13064.4 1.000
 13064.5 1.000
 13064.6 1.000
 13064.7 1.000
 13064.8 1.000
 13064.9 1.000
 13065.0 1.000
 13065.1 1.000
 13065.2 1.000
 13065.3 1.000
 13065.4 1.000
 13065.5 1.000
 13065.6 1.000
 13065.7 1.000
 13065.8 1.000
 13065.9 1.000
 13066.0 0.999
 13066.1 0.999
 13066.2 1.000
 13066.3 0.999
 13066.4 0.999
 13066.5 1.000
 13066.6 1.000
 13066.7 1.000
 13066.8 1.000
 13066.9 1.000
 13067.0 1.000
 13067.1 1.000
 13067.2 1.000
 13067.3 1.000
 13067.4 1.000
 13067.5 1.000
 13067.6 1.000
 13067.7 1.000
 13067.8 1.000
 13067.9 1.000
 13068.0 1.000
 13068.1 1.000
 13068.2 1.000
 13068.3 1.000
 13068.4 1.000
 13068.5 1.000
 13068.6 1.000
 13068.7 1.000
 13068.8 1.000
 13068.9 1.000
 13069.0 1.000
 13069.1 1.000
 13069.2 1.000
 13069.3 1.000
 13069.4 1.000
 13069.5 1.000
 13069.6 1.000
 13069.7 1.000
 13069.8 1.000
 13069.9 1.000
 13070.0 1.000
 13070.1 1.000
 13070.2 1.000
 13070.3 1.000
 13070.4 1.000
 13070.5 0.999
 13070.6 0.999
 13070.7 0.999
 13070.8 0.999
 13070.9 1.000
 13071.0 1.000
 13071.1 1.000
 13071.2 1.000
 13071.3 1.000
 13071.4 1.000
 13071.5 1.000
 13071.6 1.000
 13071.7 1.000
 13071.8 1.000
 13071.9 1.000
 13072.0 1.000
 13072.1 1.000
 13072.2 1.000
 13072.3 1.000
 13072.4 1.000
 13072.5 1.000
 13072.6 0.999
 13072.7 0.999
 13072.8 0.999
 13072.9 1.000
 13073.0 1.000
 13073.1 1.000
 13073.2 1.000
 13073.3 1.000
 13073.4 1.000
 13073.5 1.000
 13073.6 1.000
 13073.7 1.000
 13073.8 0.999
 13073.9 0.998
 13074.0 0.998
 13074.1 0.998
 13074.2 0.998
 13074.3 0.999
 13074.4 0.999
 13074.5 0.999
 13074.6 1.000
 13074.7 1.000
 13074.8 1.000
 13074.9 0.999
 13075.0 0.999
 13075.1 1.000
 13075.2 1.000
 13075.3 1.000
 13075.4 1.000
 13075.5 1.000
 13075.6 1.000
 13075.7 1.000
 13075.8 1.000
 13075.9 1.000
 13076.0 1.000
 13076.1 1.000
 13076.2 1.000
 13076.3 1.000
 13076.4 0.999
 13076.5 0.999
 13076.6 0.999
 13076.7 0.998
 13076.8 0.997
 13076.9 0.996
 13077.0 0.996
 13077.1 0.996
 13077.2 0.993
 13077.3 0.989
 13077.4 0.989
 13077.5 0.993
 13077.6 0.995
 13077.7 0.996
 13077.8 0.997
 13077.9 0.998
 13078.0 0.999
 13078.1 0.999
 13078.2 0.999
 13078.3 0.999
 13078.4 0.999
 13078.5 0.999
 13078.6 1.000
 13078.7 1.000
 13078.8 1.000
 13078.9 1.000
 13079.0 1.000
 13079.1 1.000
 13079.2 1.000
 13079.3 1.000
 13079.4 1.000
 13079.5 1.000
 13079.6 1.000
 13079.7 1.000
 13079.8 1.000
 13079.9 1.000
 13080.0 1.000
 13080.1 1.000
 13080.2 1.000
 13080.3 1.000
 13080.4 1.000
 13080.5 1.000
 13080.6 1.000
 13080.7 1.000
 13080.8 1.000
 13080.9 1.000
 13081.0 1.000
 13081.1 1.000
 13081.2 1.000
 13081.3 1.000
 13081.4 1.000
 13081.5 1.000
 13081.6 1.000
 13081.7 1.000
 13081.8 1.000
 13081.9 1.000
 13082.0 1.000
 13082.1 1.000
 13082.2 1.000
 13082.3 1.000
 13082.4 1.000
 13082.5 1.000
 13082.6 1.000
 13082.7 1.000
 13082.8 0.999
 13082.9 0.998
 13083.0 0.997
 13083.1 0.999
 13083.2 1.000
 13083.3 1.000
 13083.4 1.000
 13083.5 1.000
 13083.6 1.000
 13083.7 1.000
 13083.8 1.000
 13083.9 1.000
 13084.0 1.000
 13084.1 1.000
 13084.2 1.000
 13084.3 1.000
 13084.4 1.000
 13084.5 1.000
 13084.6 1.000
 13084.7 1.000
 13084.8 1.000
 13084.9 1.000
 13085.0 1.000
 13085.1 1.000
 13085.2 1.000
 13085.3 1.000
 13085.4 1.000
 13085.5 1.000
 13085.6 1.000
 13085.7 0.999
 13085.8 0.990
 13085.9 0.962
 13086.0 0.936
 13086.1 0.945
 13086.2 0.976
 13086.3 0.991
 13086.4 0.991
 13086.5 0.992
 13086.6 0.997
 13086.7 0.999
 13086.8 1.000
 13086.9 1.000
 13087.0 1.000
 13087.1 1.000
 13087.2 1.000
 13087.3 1.000
 13087.4 1.000
 13087.5 1.000
 13087.6 1.000
 13087.7 0.999
 13087.8 0.999
 13087.9 1.000
 13088.0 1.000
 13088.1 1.000
 13088.2 1.000
 13088.3 1.000
 13088.4 1.000
 13088.5 1.000
 13088.6 1.000
 13088.7 1.000
 13088.8 1.000
 13088.9 1.000
 13089.0 1.000
 13089.1 1.000
 13089.2 1.000
 13089.3 1.000
 13089.4 1.000
 13089.5 1.000
 13089.6 0.999
 13089.7 0.999
 13089.8 0.999
 13089.9 0.999
 13090.0 0.999
 13090.1 0.999
 13090.2 1.000
 13090.3 1.000
 13090.4 1.000
 13090.5 1.000
 13090.6 1.000
 13090.7 1.000
 13090.8 1.000
 13090.9 1.000
 13091.0 1.000
 13091.1 1.000
 13091.2 1.000
 13091.3 1.000
 13091.4 1.000
 13091.5 1.000
 13091.6 1.000
 13091.7 1.000
 13091.8 1.000
 13091.9 1.000
 13092.0 1.000
 13092.1 1.000
 13092.2 1.000
 13092.3 1.000
 13092.4 1.000
 13092.5 1.000
 13092.6 1.000
 13092.7 1.000
 13092.8 1.000
 13092.9 1.000
 13093.0 1.000
 13093.1 1.000
 13093.2 1.000
 13093.3 1.000
 13093.4 1.000
 13093.5 1.000
 13093.6 1.000
 13093.7 1.000
 13093.8 1.000
 13093.9 1.000
 13094.0 1.000
 13094.1 1.000
 13094.2 0.999
 13094.3 0.999
 13094.4 1.000
 13094.5 1.000
 13094.6 1.000
 13094.7 1.000
 13094.8 1.000
 13094.9 1.000
 13095.0 1.000
 13095.1 1.000
 13095.2 1.000
 13095.3 1.000
 13095.4 1.000
 13095.5 1.000
 13095.6 1.000
 13095.7 1.000
 13095.8 1.000
 13095.9 1.000
 13096.0 1.000
 13096.1 1.000
 13096.2 1.000
 13096.3 1.000
 13096.4 1.000
 13096.5 1.000
 13096.6 1.000
 13096.7 1.000
 13096.8 1.000
 13096.9 1.000
 13097.0 1.000
 13097.1 1.000
 13097.2 1.000
 13097.3 0.999
 13097.4 0.998
 13097.5 0.998
 13097.6 0.999
 13097.7 1.000
 13097.8 1.000
 13097.9 1.000
 13098.0 1.000
 13098.1 1.000
 13098.2 1.000
 13098.3 1.000
 13098.4 0.999
 13098.5 0.998
 13098.6 0.997
 13098.7 0.987
 13098.8 0.962
 13098.9 0.953
 13099.0 0.974
 13099.1 0.995
 13099.2 0.999
 13099.3 0.998
 13099.4 0.998
 13099.5 0.999
 13099.6 1.000
 13099.7 1.000
 13099.8 1.000
 13099.9 1.000
 13100.0 1.000
 13100.1 1.000
 13100.2 1.000
 13100.3 1.000
 13100.4 1.000
 13100.5 1.000
 13100.6 1.000
 13100.7 1.000
 13100.8 0.999
 13100.9 0.999
 13101.0 0.999
 13101.1 0.999
 13101.2 0.999
 13101.3 0.999
 13101.4 0.998
 13101.5 0.998
 13101.6 0.997
 13101.7 0.991
 13101.8 0.946
 13101.9 0.840
 13102.0 0.738
 13102.1 0.730
 13102.2 0.822
 13102.3 0.932
 13102.4 0.985
 13102.5 0.990
 13102.6 0.989
 13102.7 0.990
 13102.8 0.993
 13102.9 0.996
 13103.0 0.997
 13103.1 0.998
 13103.2 0.998
 13103.3 0.999
 13103.4 0.999
 13103.5 0.999
 13103.6 0.999
 13103.7 0.999
 13103.8 0.999
 13103.9 0.999
 13104.0 0.999
 13104.1 1.000
 13104.2 1.000
 13104.3 1.000
 13104.4 0.999
 13104.5 0.999
 13104.6 0.999
 13104.7 1.000
 13104.8 1.000
 13104.9 1.000
 13105.0 1.000
 13105.1 1.000
 13105.2 1.000
 13105.3 1.000
 13105.4 1.000
 13105.5 1.000
 13105.6 1.000
 13105.7 0.999
 13105.8 0.999
 13105.9 0.999
 13106.0 1.000
 13106.1 1.000
 13106.2 1.000
 13106.3 1.000
 13106.4 1.000
 13106.5 1.000
 13106.6 1.000
 13106.7 1.000
 13106.8 1.000
 13106.9 1.000
 13107.0 1.000
 13107.1 1.000
 13107.2 1.000
 13107.3 1.000
 13107.4 1.000
 13107.5 1.000
 13107.6 1.000
 13107.7 1.000
 13107.8 0.997
 13107.9 0.991
 13108.0 0.989
 13108.1 0.994
 13108.2 0.999
 13108.3 0.999
 13108.4 0.999
 13108.5 0.999
 13108.6 1.000
 13108.7 1.000
 13108.8 1.000
 13108.9 1.000
 13109.0 1.000
 13109.1 1.000
 13109.2 1.000
 13109.3 1.000
 13109.4 1.000
 13109.5 1.000
 13109.6 1.000
 13109.7 1.000
 13109.8 1.000
 13109.9 1.000
 13110.0 1.000
 13110.1 1.000
 13110.2 1.000
 13110.3 1.000
 13110.4 1.000
 13110.5 1.000
 13110.6 0.999
 13110.7 0.998
 13110.8 0.998
 13110.9 0.999
 13111.0 1.000
 13111.1 1.000
 13111.2 1.000
 13111.3 1.000
 13111.4 1.000
 13111.5 0.999
 13111.6 0.999
 13111.7 0.999
 13111.8 0.999
 13111.9 0.999
 13112.0 0.998
 13112.1 0.998
 13112.2 0.997
 13112.3 0.996
 13112.4 0.995
 13112.5 0.995
 13112.6 0.996
 13112.7 0.996
 13112.8 0.996
 13112.9 0.998
 13113.0 0.999
 13113.1 0.999
 13113.2 0.999
 13113.3 0.999
 13113.4 0.999
 13113.5 1.000
 13113.6 1.000
 13113.7 1.000
 13113.8 1.000
 13113.9 1.000
 13114.0 1.000
 13114.1 1.000
 13114.2 1.000
 13114.3 1.000
 13114.4 1.000
 13114.5 1.000
 13114.6 1.000
 13114.7 1.000
 13114.8 1.000
 13114.9 1.000
 13115.0 1.000
 13115.1 1.000
 13115.2 1.000
 13115.3 1.000
 13115.4 0.999
 13115.5 0.999
 13115.6 0.999
 13115.7 0.999
 13115.8 0.999
 13115.9 0.999
 13116.0 0.999
 13116.1 0.999
 13116.2 0.999
 13116.3 0.999
 13116.4 0.999
 13116.5 0.999
 13116.6 0.999
 13116.7 0.998
 13116.8 0.998
 13116.9 0.995
 13117.0 0.985
 13117.1 0.972
 13117.2 0.970
 13117.3 0.982
 13117.4 0.991
 13117.5 0.993
 13117.6 0.991
 13117.7 0.987
 13117.8 0.983
 13117.9 0.984
 13118.0 0.988
 13118.1 0.992
 13118.2 0.995
 13118.3 0.996
 13118.4 0.997
 13118.5 0.997
 13118.6 0.998
 13118.7 0.998
 13118.8 0.998
 13118.9 0.999
 13119.0 0.999
 13119.1 0.999
 13119.2 0.999
 13119.3 0.999
 13119.4 0.999
 13119.5 0.999
 13119.6 0.999
 13119.7 0.999
 13119.8 0.999
 13119.9 0.999
 13120.0 0.999
 13120.1 0.999
 13120.2 0.999
 13120.3 0.999
 13120.4 0.998
 13120.5 0.998
 13120.6 0.999
 13120.7 0.999
 13120.8 0.999
 13120.9 0.999
 13121.0 0.999
 13121.1 0.999
 13121.2 0.999
 13121.3 0.999
 13121.4 0.999
 13121.5 0.999
 13121.6 0.999
 13121.7 0.999
 13121.8 0.995
 13121.9 0.989
 13122.0 0.989
 13122.1 0.993
 13122.2 0.996
 13122.3 0.996
 13122.4 0.996
 13122.5 0.996
 13122.6 0.996
 13122.7 0.996
 13122.8 0.995
 13122.9 0.992
 13123.0 0.980
 13123.1 0.902
 13123.2 0.762
 13123.3 0.644
 13123.4 0.610
 13123.5 0.632
 13123.6 0.735
 13123.7 0.879
 13123.8 0.974
 13123.9 0.992
 13124.0 0.995
 13124.1 0.995
 13124.2 0.994
 13124.3 0.995
 13124.4 0.997
 13124.5 0.998
 13124.6 0.998
 13124.7 0.993
 13124.8 0.988
 13124.9 0.991
 13125.0 0.997
 13125.1 0.999
 13125.2 0.999
 13125.3 0.999
 13125.4 0.999
 13125.5 0.999
 13125.6 0.999
 13125.7 1.000
 13125.8 1.000
 13125.9 1.000
 13126.0 1.000
 13126.1 1.000
 13126.2 1.000
 13126.3 1.000
 13126.4 1.000
 13126.5 1.000
 13126.6 1.000
 13126.7 1.000
 13126.8 1.000
 13126.9 1.000
 13127.0 1.000
 13127.1 1.000
 13127.2 1.000
 13127.3 1.000
 13127.4 1.000
 13127.5 1.000
 13127.6 1.000
 13127.7 1.000
 13127.8 1.000
 13127.9 1.000
 13128.0 1.000
 13128.1 1.000
 13128.2 1.000
 13128.3 1.000
 13128.4 1.000
 13128.5 1.000
 13128.6 1.000
 13128.7 1.000
 13128.8 1.000
 13128.9 1.000
 13129.0 1.000
 13129.1 1.000
 13129.2 1.000
 13129.3 1.000
 13129.4 1.000
 13129.5 1.000
 13129.6 1.000
 13129.7 0.999
 13129.8 0.999
 13129.9 0.999
 13130.0 0.998
 13130.1 0.996
 13130.2 0.996
 13130.3 0.997
 13130.4 0.999
 13130.5 0.999
 13130.6 1.000
 13130.7 1.000
 13130.8 1.000
 13130.9 1.000
 13131.0 1.000
 13131.1 1.000
 13131.2 1.000
 13131.3 1.000
 13131.4 0.999
 13131.5 1.000
 13131.6 1.000
 13131.7 1.000
 13131.8 1.000
 13131.9 1.000
 13132.0 1.000
 13132.1 1.000
 13132.2 1.000
 13132.3 1.000
 13132.4 1.000
 13132.5 1.000
 13132.6 1.000
 13132.7 1.000
 13132.8 1.000
 13132.9 1.000
 13133.0 1.000
 13133.1 1.000
 13133.2 1.000
 13133.3 1.000
 13133.4 1.000
 13133.5 1.000
 13133.6 1.000
 13133.7 1.000
 13133.8 1.000
 13133.9 1.000
 13134.0 1.000
 13134.1 1.000
 13134.2 1.000
 13134.3 1.000
 13134.4 1.000
 13134.5 0.999
 13134.6 0.998
 13134.7 0.985
 13134.8 0.936
 13134.9 0.880
 13135.0 0.887
 13135.1 0.946
 13135.2 0.988
 13135.3 0.997
 13135.4 0.999
 13135.5 0.999
 13135.6 1.000
 13135.7 1.000
 13135.8 1.000
 13135.9 1.000
 13136.0 1.000
 13136.1 1.000
 13136.2 1.000
 13136.3 1.000
 13136.4 1.000
 13136.5 1.000
 13136.6 1.000
 13136.7 1.000
 13136.8 1.000
 13136.9 1.000
 13137.0 1.000
 13137.1 1.000
 13137.2 1.000
 13137.3 1.000
 13137.4 1.000
 13137.5 1.000
 13137.6 1.000
 13137.7 1.000
 13137.8 1.000
 13137.9 1.000
 13138.0 1.000
 13138.1 1.000
 13138.2 1.000
 13138.3 1.000
 13138.4 1.000
 13138.5 1.000
 13138.6 1.000
 13138.7 1.000
 13138.8 1.000
 13138.9 1.000
 13139.0 1.000
 13139.1 1.000
 13139.2 1.000
 13139.3 1.000
 13139.4 1.000
 13139.5 1.000
 13139.6 1.000
 13139.7 1.000
 13139.8 1.000
 13139.9 1.000
 13140.0 1.000
 13140.1 1.000
 13140.2 1.000
 13140.3 1.000
 13140.4 1.000
 13140.5 1.000
 13140.6 1.000
 13140.7 1.000
 13140.8 1.000
 13140.9 1.000
 13141.0 1.000
 13141.1 1.000
 13141.2 1.000
 13141.3 1.000
 13141.4 1.000
 13141.5 1.000
 13141.6 1.000
 13141.7 1.000
 13141.8 1.000
 13141.9 1.000
 13142.0 1.000
 13142.1 1.000
 13142.2 1.000
 13142.3 1.000
 13142.4 1.000
 13142.5 1.000
 13142.6 1.000
 13142.7 1.000
 13142.8 1.000
 13142.9 1.000
 13143.0 1.000
 13143.1 1.000
 13143.2 1.000
 13143.3 1.000
 13143.4 1.000
 13143.5 1.000
 13143.6 1.000
 13143.7 1.000
 13143.8 1.000
 13143.9 1.000
 13144.0 1.000
 13144.1 1.000
 13144.2 1.000
 13144.3 1.000
 13144.4 1.000
 13144.5 1.000
 13144.6 1.000
 13144.7 1.000
 13144.8 1.000
 13144.9 0.999
 13145.0 0.998
 13145.1 0.998
 13145.2 0.999
 13145.3 1.000
 13145.4 1.000
 13145.5 1.000
 13145.6 1.000
 13145.7 1.000
 13145.8 1.000
 13145.9 1.000
 13146.0 1.000
 13146.1 1.000
 13146.2 1.000
 13146.3 1.000
 13146.4 1.000
 13146.5 1.000
 13146.6 1.000
 13146.7 1.000
 13146.8 1.000
 13146.9 1.000
 13147.0 1.000
 13147.1 1.000
 13147.2 1.000
 13147.3 1.000
 13147.4 0.999
 13147.5 0.999
 13147.6 0.998
 13147.7 0.991
 13147.8 0.961
 13147.9 0.933
 13148.0 0.946
 13148.1 0.982
 13148.2 0.998
 13148.3 1.000
 13148.4 1.000
 13148.5 1.000
 13148.6 1.000
 13148.7 1.000
 13148.8 1.000
 13148.9 1.000
 13149.0 1.000
 13149.1 1.000
 13149.2 1.000
 13149.3 1.000
 13149.4 1.000
 13149.5 0.999
 13149.6 0.999
 13149.7 0.999
 13149.8 0.999
 13149.9 0.999
 13150.0 0.998
 13150.1 0.998
 13150.2 0.997
 13150.3 0.992
 13150.4 0.957
 13150.5 0.849
 13150.6 0.719
 13150.7 0.646
 13150.8 0.645
 13150.9 0.718
 13151.0 0.854
 13151.1 0.964
 13151.2 0.994
 13151.3 0.997
 13151.4 0.998
 13151.5 0.998
 13151.6 0.998
 13151.7 0.999
 13151.8 0.999
 13151.9 0.999
 13152.0 0.999
 13152.1 0.999
 13152.2 1.000
 13152.3 1.000
 13152.4 0.999
 13152.5 0.995
 13152.6 0.978
 13152.7 0.958
 13152.8 0.960
 13152.9 0.982
 13153.0 0.996
 13153.1 0.999
 13153.2 1.000
 13153.3 1.000
 13153.4 1.000
 13153.5 1.000
 13153.6 1.000
 13153.7 1.000
 13153.8 1.000
 13153.9 1.000
 13154.0 0.999
 13154.1 0.999
 13154.2 0.998
 13154.3 0.988
 13154.4 0.963
 13154.5 0.938
 13154.6 0.945
 13154.7 0.974
 13154.8 0.994
 13154.9 0.998
 13155.0 0.999
 13155.1 1.000
 13155.2 1.000
 13155.3 1.000
 13155.4 1.000
 13155.5 0.999
 13155.6 0.999
 13155.7 0.999
 13155.8 1.000
 13155.9 1.000
 13156.0 1.000
 13156.1 1.000
 13156.2 1.000
 13156.3 1.000
 13156.4 1.000
 13156.5 1.000
 13156.6 1.000
 13156.7 1.000
 13156.8 1.000
 13156.9 1.000
 13157.0 1.000
 13157.1 1.000
 13157.2 1.000
 13157.3 1.000
 13157.4 1.000
 13157.5 1.000
 13157.6 1.000
 13157.7 1.000
 13157.8 1.000
 13157.9 0.999
 13158.0 0.999
 13158.1 0.999
 13158.2 0.999
 13158.3 0.999
 13158.4 0.998
 13158.5 0.998
 13158.6 0.997
 13158.7 0.996
 13158.8 0.995
 13158.9 0.996
 13159.0 0.998
 13159.1 0.998
 13159.2 0.999
 13159.3 0.999
 13159.4 0.999
 13159.5 0.999
 13159.6 1.000
 13159.7 1.000
 13159.8 1.000
 13159.9 1.000
 13160.0 1.000
 13160.1 1.000
 13160.2 1.000
 13160.3 0.999
 13160.4 0.995
 13160.5 0.987
 13160.6 0.979
 13160.7 0.979
 13160.8 0.987
 13160.9 0.995
 13161.0 0.999
 13161.1 1.000
 13161.2 1.000
 13161.3 1.000
 13161.4 0.999
 13161.5 0.999
 13161.6 0.998
 13161.7 0.998
 13161.8 0.999
 13161.9 0.999
 13162.0 1.000
 13162.1 1.000
 13162.2 1.000
 13162.3 1.000
 13162.4 1.000
 13162.5 1.000
 13162.6 1.000
 13162.7 1.000
 13162.8 1.000
 13162.9 1.000
 13163.0 1.000
 13163.1 1.000
 13163.2 1.000
 13163.3 1.000
 13163.4 0.999
 13163.5 0.998
 13163.6 0.988
 13163.7 0.960
 13163.8 0.921
 13163.9 0.905
 13164.0 0.929
 13164.1 0.968
 13164.2 0.992
 13164.3 0.998
 13164.4 0.998
 13164.5 0.994
 13164.6 0.972
 13164.7 0.926
 13164.8 0.880
 13164.9 0.872
 13165.0 0.900
 13165.1 0.933
 13165.2 0.958
 13165.3 0.979
 13165.4 0.994
 13165.5 0.999
 13165.6 0.999
 13165.7 1.000
 13165.8 1.000
 13165.9 1.000
 13166.0 1.000
 13166.1 0.999
 13166.2 0.999
 13166.3 0.999
 13166.4 0.999
 13166.5 1.000
 13166.6 1.000
 13166.7 1.000
 13166.8 1.000
 13166.9 1.000
 13167.0 1.000
 13167.1 1.000
 13167.2 1.000
 13167.3 1.000
 13167.4 1.000
 13167.5 0.999
 13167.6 0.995
 13167.7 0.989
 13167.8 0.988
 13167.9 0.994
 13168.0 0.999
 13168.1 1.000
 13168.2 1.000
 13168.3 0.999
 13168.4 0.999
 13168.5 0.999
 13168.6 0.999
 13168.7 0.999
 13168.8 0.999
 13168.9 0.999
 13169.0 0.999
 13169.1 0.998
 13169.2 0.997
 13169.3 0.997
 13169.4 0.998
 13169.5 0.998
 13169.6 0.999
 13169.7 0.999
 13169.8 0.999
 13169.9 0.999
 13170.0 0.999
 13170.1 0.999
 13170.2 0.999
 13170.3 0.999
 13170.4 0.999
 13170.5 0.998
 13170.6 0.998
 13170.7 0.999
 13170.8 1.000
 13170.9 1.000
 13171.0 1.000
 13171.1 1.000
 13171.2 1.000
 13171.3 0.999
 13171.4 1.000
 13171.5 1.000
 13171.6 1.000
 13171.7 1.000
 13171.8 1.000
 13171.9 1.000
 13172.0 1.000
 13172.1 0.999
 13172.2 0.999
 13172.3 1.000
 13172.4 1.000
 13172.5 1.000
 13172.6 1.000
 13172.7 1.000
 13172.8 1.000
 13172.9 1.000
 13173.0 1.000
 13173.1 1.000
 13173.2 1.000
 13173.3 1.000
 13173.4 1.000
 13173.5 0.999
 13173.6 0.999
 13173.7 1.000
 13173.8 1.000
 13173.9 1.000
 13174.0 0.999
 13174.1 0.999
 13174.2 1.000
 13174.3 1.000
 13174.4 1.000
 13174.5 1.000
 13174.6 1.000
 13174.7 1.000
 13174.8 1.000
 13174.9 1.000
 13175.0 1.000
 13175.1 1.000
 13175.2 1.000
 13175.3 1.000
 13175.4 1.000
 13175.5 1.000
 13175.6 1.000
 13175.7 0.999
 13175.8 0.999
 13175.9 0.999
 13176.0 0.999
 13176.1 0.999
 13176.2 0.998
 13176.3 0.998
 13176.4 0.996
 13176.5 0.991
 13176.6 0.948
 13176.7 0.835
 13176.8 0.715
 13176.9 0.676
 13177.0 0.738
 13177.1 0.865
 13177.2 0.965
 13177.3 0.993
 13177.4 0.997
 13177.5 0.998
 13177.6 0.998
 13177.7 0.999
 13177.8 0.999
 13177.9 0.999
 13178.0 0.999
 13178.1 0.999
 13178.2 1.000
 13178.3 1.000
 13178.4 1.000
 13178.5 1.000
 13178.6 1.000
 13178.7 1.000
 13178.8 1.000
 13178.9 1.000
 13179.0 1.000
 13179.1 1.000
 13179.2 1.000
 13179.3 1.000
 13179.4 1.000
 13179.5 1.000
 13179.6 1.000
 13179.7 1.000
 13179.8 1.000
 13179.9 1.000
 13180.0 1.000
 13180.1 0.999
 13180.2 0.998
 13180.3 0.998
 13180.4 0.999
 13180.5 1.000
 13180.6 1.000
 13180.7 1.000
 13180.8 1.000
 13180.9 1.000
 13181.0 1.000
 13181.1 1.000
 13181.2 1.000
 13181.3 1.000
 13181.4 1.000
 13181.5 1.000
 13181.6 1.000
 13181.7 1.000
 13181.8 1.000
 13181.9 1.000
 13182.0 1.000
 13182.1 1.000
 13182.2 0.999
 13182.3 0.998
 13182.4 0.998
 13182.5 0.999
 13182.6 1.000
 13182.7 1.000
 13182.8 1.000
 13182.9 1.000
 13183.0 1.000
 13183.1 1.000
 13183.2 1.000
 13183.3 1.000
 13183.4 1.000
 13183.5 1.000
 13183.6 1.000
 13183.7 1.000
 13183.8 1.000
 13183.9 1.000
 13184.0 1.000
 13184.1 1.000
 13184.2 1.000
 13184.3 1.000
 13184.4 1.000
 13184.5 1.000
 13184.6 1.000
 13184.7 1.000
 13184.8 1.000
 13184.9 1.000
 13185.0 1.000
 13185.1 1.000
 13185.2 1.000
 13185.3 1.000
 13185.4 1.000
 13185.5 1.000
 13185.6 1.000
 13185.7 1.000
 13185.8 1.000
 13185.9 1.000
 13186.0 1.000
 13186.1 0.999
 13186.2 1.000
 13186.3 1.000
 13186.4 1.000
 13186.5 1.000
 13186.6 1.000
 13186.7 1.000
 13186.8 1.000
 13186.9 1.000
 13187.0 0.999
 13187.1 0.999
 13187.2 1.000
 13187.3 1.000
 13187.4 1.000
 13187.5 1.000
 13187.6 1.000
 13187.7 1.000
 13187.8 1.000
 13187.9 1.000
 13188.0 1.000
 13188.1 1.000
 13188.2 1.000
 13188.3 1.000
 13188.4 1.000
 13188.5 1.000
 13188.6 1.000
 13188.7 1.000
 13188.8 1.000
 13188.9 1.000
 13189.0 1.000
 13189.1 1.000
 13189.2 1.000
 13189.3 1.000
 13189.4 1.000
 13189.5 1.000
 13189.6 1.000
 13189.7 1.000
 13189.8 1.000
 13189.9 1.000
 13190.0 1.000
 13190.1 0.999
 13190.2 1.000
 13190.3 1.000
 13190.4 0.999
 13190.5 0.998
 13190.6 0.998
 13190.7 0.999
 13190.8 1.000
 13190.9 1.000
 13191.0 1.000
 13191.1 1.000
 13191.2 1.000
 13191.3 1.000
 13191.4 1.000
 13191.5 1.000
 13191.6 1.000
 13191.7 1.000
 13191.8 1.000
 13191.9 1.000
 13192.0 1.000
 13192.1 1.000
 13192.2 1.000
 13192.3 0.999
 13192.4 0.999
 13192.5 0.999
 13192.6 0.999
 13192.7 0.999
 13192.8 0.997
 13192.9 0.997
 13193.0 0.998
 13193.1 1.000
 13193.2 1.000
 13193.3 1.000
 13193.4 0.999
 13193.5 0.998
 13193.6 0.997
 13193.7 0.998
 13193.8 0.999
 13193.9 0.999
 13194.0 0.999
 13194.1 0.999
 13194.2 1.000
 13194.3 1.000
 13194.4 0.999
 13194.5 0.998
 13194.6 0.998
 13194.7 0.998
 13194.8 0.999
 13194.9 1.000
 13195.0 1.000
 13195.1 1.000
 13195.2 1.000
 13195.3 1.000
 13195.4 1.000
 13195.5 1.000
 13195.6 1.000
 13195.7 1.000
 13195.8 1.000
 13195.9 1.000
 13196.0 1.000
 13196.1 1.000
 13196.2 1.000
 13196.3 1.000
 13196.4 0.999
 13196.5 0.994
 13196.6 0.989
 13196.7 0.990
 13196.8 0.996
 13196.9 0.996
 13197.0 0.995
 13197.1 0.995
 13197.2 0.995
 13197.3 0.993
 13197.4 0.993
 13197.5 0.994
 13197.6 0.996
 13197.7 0.997
 13197.8 0.998
 13197.9 0.995
 13198.0 0.986
 13198.1 0.979
 13198.2 0.981
 13198.3 0.989
 13198.4 0.990
 13198.5 0.990
 13198.6 0.993
 13198.7 0.998
 13198.8 0.999
 13198.9 0.999
 13199.0 0.999
 13199.1 0.999
 13199.2 0.999
 13199.3 1.000
 13199.4 1.000
 13199.5 1.000
 13199.6 1.000
 13199.7 1.000
 13199.8 1.000
 13199.9 1.000
