  9120.0 0.990
  9120.1 0.998
  9120.2 1.000
  9120.3 1.000
  9120.4 1.000
  9120.5 1.000
  9120.6 1.000
  9120.7 1.000
  9120.8 1.000
  9120.9 1.000
  9121.0 0.997
  9121.1 0.987
  9121.2 0.988
  9121.3 0.998
  9121.4 1.000
  9121.5 1.000
  9121.6 1.000
  9121.7 1.000
  9121.8 1.000
  9121.9 1.000
  9122.0 1.000
  9122.1 1.000
  9122.2 1.000
  9122.3 1.000
  9122.4 1.000
  9122.5 1.000
  9122.6 1.000
  9122.7 0.999
  9122.8 0.989
  9122.9 0.953
  9123.0 0.961
  9123.1 0.993
  9123.2 0.997
  9123.3 0.999
  9123.4 1.000
  9123.5 0.997
  9123.6 0.995
  9123.7 0.999
  9123.8 1.000
  9123.9 1.000
  9124.0 1.000
  9124.1 1.000
  9124.2 1.000
  9124.3 0.998
  9124.4 0.998
  9124.5 1.000
  9124.6 1.000
  9124.7 1.000
  9124.8 1.000
  9124.9 1.000
  9125.0 1.000
  9125.1 1.000
  9125.2 1.000
  9125.3 1.000
  9125.4 1.000
  9125.5 1.000
  9125.6 1.000
  9125.7 1.000
  9125.8 1.000
  9125.9 1.000
  9126.0 1.000
  9126.1 1.000
  9126.2 0.998
  9126.3 0.997
  9126.4 0.999
  9126.5 1.000
  9126.6 1.000
  9126.7 1.000
  9126.8 1.000
  9126.9 1.000
  9127.0 1.000
  9127.1 1.000
  9127.2 1.000
  9127.3 1.000
  9127.4 1.000
  9127.5 1.000
  9127.6 1.000
  9127.7 1.000
  9127.8 0.999
  9127.9 1.000
  9128.0 1.000
  9128.1 0.999
  9128.2 1.000
  9128.3 1.000
  9128.4 1.000
  9128.5 0.999
  9128.6 0.999
  9128.7 0.999
  9128.8 1.000
  9128.9 0.998
  9129.0 0.997
  9129.1 0.999
  9129.2 1.000
  9129.3 1.000
  9129.4 0.998
  9129.5 0.999
  9129.6 1.000
  9129.7 1.000
  9129.8 1.000
  9129.9 0.999
  9130.0 0.997
  9130.1 0.999
  9130.2 1.000
  9130.3 1.000
  9130.4 1.000
  9130.5 1.000
  9130.6 1.000
  9130.7 1.000
  9130.8 1.000
  9130.9 1.000
  9131.0 1.000
  9131.1 1.000
  9131.2 1.000
  9131.3 1.000
  9131.4 1.000
  9131.5 1.000
  9131.6 1.000
  9131.7 1.000
  9131.8 1.000
  9131.9 1.000
  9132.0 1.000
  9132.1 1.000
  9132.2 0.997
  9132.3 0.968
  9132.4 0.945
  9132.5 0.978
  9132.6 0.994
  9132.7 0.994
  9132.8 0.996
  9132.9 0.998
  9133.0 0.996
  9133.1 0.999
  9133.2 0.999
  9133.3 0.999
  9133.4 1.000
  9133.5 1.000
  9133.6 0.999
  9133.7 1.000
  9133.8 1.000
  9133.9 1.000
  9134.0 1.000
  9134.1 1.000
  9134.2 1.000
  9134.3 1.000
  9134.4 1.000
  9134.5 1.000
  9134.6 1.000
  9134.7 1.000
  9134.8 1.000
  9134.9 1.000
  9135.0 1.000
  9135.1 0.999
  9135.2 0.999
  9135.3 0.999
  9135.4 1.000
  9135.5 1.000
  9135.6 1.000
  9135.7 1.000
  9135.8 1.000
  9135.9 1.000
  9136.0 1.000
  9136.1 1.000
  9136.2 1.000
  9136.3 0.998
  9136.4 0.994
  9136.5 0.996
  9136.6 0.997
  9136.7 0.983
  9136.8 0.973
  9136.9 0.991
  9137.0 1.000
  9137.1 1.000
  9137.2 1.000
  9137.3 1.000
  9137.4 1.000
  9137.5 1.000
  9137.6 1.000
  9137.7 1.000
  9137.8 1.000
  9137.9 1.000
  9138.0 1.000
  9138.1 1.000
  9138.2 1.000
  9138.3 1.000
  9138.4 1.000
  9138.5 1.000
  9138.6 1.000
  9138.7 1.000
  9138.8 1.000
  9138.9 1.000
  9139.0 1.000
  9139.1 1.000
  9139.2 1.000
  9139.3 1.000
  9139.4 1.000
  9139.5 1.000
  9139.6 1.000
  9139.7 1.000
  9139.8 1.000
  9139.9 1.000
  9140.0 0.996
  9140.1 0.986
  9140.2 0.992
  9140.3 0.999
  9140.4 1.000
  9140.5 0.999
  9140.6 0.999
  9140.7 1.000
  9140.8 1.000
  9140.9 0.998
  9141.0 0.996
  9141.1 0.999
  9141.2 1.000
  9141.3 1.000
  9141.4 1.000
  9141.5 1.000
  9141.6 1.000
  9141.7 1.000
  9141.8 1.000
  9141.9 1.000
  9142.0 1.000
  9142.1 1.000
  9142.2 1.000
  9142.3 1.000
  9142.4 0.999
  9142.5 0.998
  9142.6 0.999
  9142.7 1.000
  9142.8 1.000
  9142.9 1.000
  9143.0 1.000
  9143.1 1.000
  9143.2 1.000
  9143.3 1.000
  9143.4 1.000
  9143.5 1.000
  9143.6 1.000
  9143.7 0.999
  9143.8 0.993
  9143.9 0.988
  9144.0 0.996
  9144.1 1.000
  9144.2 1.000
  9144.3 0.999
  9144.4 0.999
  9144.5 1.000
  9144.6 1.000
  9144.7 1.000
  9144.8 1.000
  9144.9 1.000
  9145.0 1.000
  9145.1 1.000
  9145.2 1.000
  9145.3 0.999
  9145.4 0.999
  9145.5 1.000
  9145.6 1.000
  9145.7 1.000
  9145.8 1.000
  9145.9 0.999
  9146.0 0.977
  9146.1 0.909
  9146.2 0.937
  9146.3 0.994
  9146.4 1.000
  9146.5 1.000
  9146.6 0.998
  9146.7 0.995
  9146.8 0.996
  9146.9 0.999
  9147.0 1.000
  9147.1 0.999
  9147.2 0.998
  9147.3 0.998
  9147.4 0.998
  9147.5 0.998
  9147.6 0.969
  9147.7 0.922
  9147.8 0.948
  9147.9 0.913
  9148.0 0.907
  9148.1 0.982
  9148.2 0.999
  9148.3 1.000
  9148.4 0.999
  9148.5 1.000
  9148.6 1.000
  9148.7 1.000
  9148.8 1.000
  9148.9 0.999
  9149.0 1.000
  9149.1 1.000
  9149.2 1.000
  9149.3 1.000
  9149.4 1.000
  9149.5 0.998
  9149.6 0.999
  9149.7 1.000
  9149.8 1.000
  9149.9 1.000
  9150.0 1.000
  9150.1 1.000
  9150.2 1.000
  9150.3 1.000
  9150.4 1.000
  9150.5 1.000
  9150.6 0.999
  9150.7 0.998
  9150.8 0.999
  9150.9 1.000
  9151.0 1.000
  9151.1 1.000
  9151.2 1.000
  9151.3 1.000
  9151.4 1.000
  9151.5 1.000
  9151.6 1.000
  9151.7 1.000
  9151.8 1.000
  9151.9 1.000
  9152.0 1.000
  9152.1 1.000
  9152.2 1.000
  9152.3 1.000
  9152.4 1.000
  9152.5 1.000
  9152.6 1.000
  9152.7 1.000
  9152.8 0.999
  9152.9 0.999
  9153.0 1.000
  9153.1 1.000
  9153.2 0.999
  9153.3 0.998
  9153.4 0.998
  9153.5 0.999
  9153.6 0.998
  9153.7 0.996
  9153.8 0.990
  9153.9 0.988
  9154.0 0.993
  9154.1 0.997
  9154.2 0.999
  9154.3 0.999
  9154.4 0.999
  9154.5 0.999
  9154.6 0.999
  9154.7 1.000
  9154.8 1.000
  9154.9 1.000
  9155.0 1.000
  9155.1 1.000
  9155.2 1.000
  9155.3 1.000
  9155.4 1.000
  9155.5 0.998
  9155.6 0.990
  9155.7 0.986
  9155.8 0.982
  9155.9 0.989
  9156.0 0.999
  9156.1 0.997
  9156.2 0.991
  9156.3 0.995
  9156.4 1.000
  9156.5 1.000
  9156.6 1.000
  9156.7 1.000
  9156.8 1.000
  9156.9 0.997
  9157.0 0.988
  9157.1 0.990
  9157.2 0.998
  9157.3 1.000
  9157.4 1.000
  9157.5 0.999
  9157.6 0.998
  9157.7 0.998
  9157.8 0.999
  9157.9 1.000
  9158.0 1.000
  9158.1 1.000
  9158.2 1.000
  9158.3 1.000
  9158.4 1.000
  9158.5 1.000
  9158.6 1.000
  9158.7 1.000
  9158.8 1.000
  9158.9 1.000
  9159.0 1.000
  9159.1 1.000
  9159.2 0.999
  9159.3 0.998
  9159.4 0.999
  9159.5 1.000
  9159.6 1.000
  9159.7 1.000
  9159.8 1.000
  9159.9 1.000
  9160.0 1.000
  9160.1 1.000
  9160.2 0.996
  9160.3 0.984
  9160.4 0.988
  9160.5 0.998
  9160.6 1.000
  9160.7 1.000
  9160.8 1.000
  9160.9 0.999
  9161.0 0.999
  9161.1 1.000
  9161.2 1.000
  9161.3 1.000
  9161.4 1.000
  9161.5 1.000
  9161.6 1.000
  9161.7 1.000
  9161.8 1.000
  9161.9 1.000
  9162.0 1.000
  9162.1 1.000
  9162.2 0.997
  9162.3 0.989
  9162.4 0.991
  9162.5 0.999
  9162.6 1.000
  9162.7 1.000
  9162.8 1.000
  9162.9 1.000
  9163.0 1.000
  9163.1 1.000
  9163.2 1.000
  9163.3 1.000
  9163.4 1.000
  9163.5 1.000
  9163.6 1.000
  9163.7 1.000
  9163.8 1.000
  9163.9 0.994
  9164.0 0.989
  9164.1 0.997
  9164.2 1.000
  9164.3 1.000
  9164.4 0.996
  9164.5 0.965
  9164.6 0.952
  9164.7 0.988
  9164.8 0.999
  9164.9 1.000
  9165.0 1.000
  9165.1 1.000
  9165.2 1.000
  9165.3 1.000
  9165.4 1.000
  9165.5 1.000
  9165.6 1.000
  9165.7 1.000
  9165.8 1.000
  9165.9 1.000
  9166.0 1.000
  9166.1 1.000
  9166.2 1.000
  9166.3 0.999
  9166.4 1.000
  9166.5 1.000
  9166.6 1.000
  9166.7 1.000
  9166.8 1.000
  9166.9 1.000
  9167.0 1.000
  9167.1 0.999
  9167.2 0.999
  9167.3 0.998
  9167.4 0.998
  9167.5 0.997
  9167.6 0.998
  9167.7 1.000
  9167.8 1.000
  9167.9 1.000
  9168.0 1.000
  9168.1 1.000
  9168.2 1.000
  9168.3 1.000
  9168.4 1.000
  9168.5 1.000
  9168.6 1.000
  9168.7 1.000
  9168.8 1.000
  9168.9 1.000
  9169.0 1.000
  9169.1 1.000
  9169.2 0.999
  9169.3 0.996
  9169.4 0.997
  9169.5 1.000
  9169.6 1.000
  9169.7 1.000
  9169.8 1.000
  9169.9 1.000
  9170.0 1.000
  9170.1 1.000
  9170.2 1.000
  9170.3 0.999
  9170.4 0.999
  9170.5 0.999
  9170.6 0.999
  9170.7 0.991
  9170.8 0.982
  9170.9 0.991
  9171.0 0.998
  9171.1 0.997
  9171.2 0.997
  9171.3 0.999
  9171.4 1.000
  9171.5 0.997
  9171.6 0.991
  9171.7 0.992
  9171.8 0.998
  9171.9 0.998
  9172.0 0.998
  9172.1 0.997
  9172.2 0.998
  9172.3 0.999
  9172.4 1.000
  9172.5 1.000
  9172.6 0.999
  9172.7 0.998
  9172.8 0.999
  9172.9 1.000
  9173.0 1.000
  9173.1 0.994
  9173.2 0.987
  9173.3 0.995
  9173.4 1.000
  9173.5 0.999
  9173.6 0.984
  9173.7 0.976
  9173.8 0.993
  9173.9 0.995
  9174.0 0.994
  9174.1 0.999
  9174.2 1.000
  9174.3 1.000
  9174.4 1.000
  9174.5 1.000
  9174.6 1.000
  9174.7 1.000
  9174.8 1.000
  9174.9 1.000
  9175.0 1.000
  9175.1 1.000
  9175.2 1.000
  9175.3 1.000
  9175.4 1.000
  9175.5 0.998
  9175.6 0.986
  9175.7 0.976
  9175.8 0.962
  9175.9 0.937
  9176.0 0.964
  9176.1 0.996
  9176.2 1.000
  9176.3 1.000
  9176.4 1.000
  9176.5 1.000
  9176.6 1.000
  9176.7 1.000
  9176.8 1.000
  9176.9 1.000
  9177.0 1.000
  9177.1 1.000
  9177.2 1.000
  9177.3 1.000
  9177.4 1.000
  9177.5 1.000
  9177.6 1.000
  9177.7 1.000
  9177.8 0.999
  9177.9 0.994
  9178.0 0.966
  9178.1 0.962
  9178.2 0.992
  9178.3 0.999
  9178.4 0.996
  9178.5 0.965
  9178.6 0.957
  9178.7 0.991
  9178.8 0.999
  9178.9 0.994
  9179.0 0.991
  9179.1 0.998
  9179.2 1.000
  9179.3 0.998
  9179.4 0.980
  9179.5 0.962
  9179.6 0.983
  9179.7 0.987
  9179.8 0.989
  9179.9 0.998
  9180.0 0.999
  9180.1 0.999
  9180.2 0.999
  9180.3 0.999
  9180.4 0.999
  9180.5 0.999
  9180.6 0.999
  9180.7 0.998
  9180.8 0.998
  9180.9 0.996
  9181.0 0.992
  9181.1 0.990
  9181.2 0.992
  9181.3 0.995
  9181.4 0.997
  9181.5 0.998
  9181.6 0.998
  9181.7 0.999
  9181.8 0.999
  9181.9 0.999
  9182.0 0.999
  9182.1 0.999
  9182.2 0.999
  9182.3 0.999
  9182.4 0.999
  9182.5 0.999
  9182.6 0.996
  9182.7 0.981
  9182.8 0.958
  9182.9 0.966
  9183.0 0.989
  9183.1 0.998
  9183.2 0.999
  9183.3 1.000
  9183.4 1.000
  9183.5 1.000
  9183.6 1.000
  9183.7 1.000
  9183.8 0.999
  9183.9 0.999
  9184.0 1.000
  9184.1 1.000
  9184.2 1.000
  9184.3 1.000
  9184.4 1.000
  9184.5 1.000
  9184.6 1.000
  9184.7 1.000
  9184.8 1.000
  9184.9 1.000
  9185.0 1.000
  9185.1 0.999
  9185.2 0.996
  9185.3 0.998
  9185.4 1.000
  9185.5 1.000
  9185.6 1.000
  9185.7 1.000
  9185.8 1.000
  9185.9 1.000
  9186.0 1.000
  9186.1 1.000
  9186.2 1.000
  9186.3 1.000
  9186.4 0.999
  9186.5 0.999
  9186.6 0.999
  9186.7 0.999
  9186.8 0.997
  9186.9 0.997
  9187.0 0.997
  9187.1 0.972
  9187.2 0.953
  9187.3 0.979
  9187.4 0.984
  9187.5 0.984
  9187.6 0.994
  9187.7 0.998
  9187.8 0.998
  9187.9 0.997
  9188.0 0.998
  9188.1 0.999
  9188.2 0.999
  9188.3 0.999
  9188.4 1.000
  9188.5 1.000
  9188.6 1.000
  9188.7 1.000
  9188.8 1.000
  9188.9 1.000
  9189.0 1.000
  9189.1 1.000
  9189.2 1.000
  9189.3 0.999
  9189.4 0.999
  9189.5 0.999
  9189.6 1.000
  9189.7 1.000
  9189.8 1.000
  9189.9 1.000
  9190.0 1.000
  9190.1 1.000
  9190.2 1.000
  9190.3 1.000
  9190.4 1.000
  9190.5 1.000
  9190.6 1.000
  9190.7 1.000
  9190.8 1.000
  9190.9 1.000
  9191.0 1.000
  9191.1 1.000
  9191.2 1.000
  9191.3 1.000
  9191.4 1.000
  9191.5 1.000
  9191.6 0.999
  9191.7 0.995
  9191.8 0.996
  9191.9 0.999
  9192.0 1.000
  9192.1 1.000
  9192.2 1.000
  9192.3 1.000
  9192.4 1.000
  9192.5 1.000
  9192.6 1.000
  9192.7 1.000
  9192.8 1.000
  9192.9 0.994
  9193.0 0.988
  9193.1 0.996
  9193.2 1.000
  9193.3 1.000
  9193.4 1.000
  9193.5 1.000
  9193.6 1.000
  9193.7 1.000
  9193.8 1.000
  9193.9 1.000
  9194.0 1.000
  9194.1 1.000
  9194.2 1.000
  9194.3 1.000
  9194.4 1.000
  9194.5 1.000
  9194.6 1.000
  9194.7 1.000
  9194.8 1.000
  9194.9 1.000
  9195.0 1.000
  9195.1 1.000
  9195.2 1.000
  9195.3 1.000
  9195.4 1.000
  9195.5 1.000
  9195.6 1.000
  9195.7 1.000
  9195.8 1.000
  9195.9 1.000
  9196.0 1.000
  9196.1 1.000
  9196.2 0.999
  9196.3 1.000
  9196.4 1.000
  9196.5 1.000
  9196.6 1.000
  9196.7 1.000
  9196.8 0.994
  9196.9 0.980
  9197.0 0.987
  9197.1 0.999
  9197.2 1.000
  9197.3 1.000
  9197.4 1.000
  9197.5 0.999
  9197.6 0.999
  9197.7 1.000
  9197.8 1.000
  9197.9 1.000
  9198.0 1.000
  9198.1 1.000
  9198.2 1.000
  9198.3 1.000
  9198.4 1.000
  9198.5 1.000
  9198.6 1.000
  9198.7 1.000
  9198.8 1.000
  9198.9 1.000
  9199.0 1.000
  9199.1 1.000
  9199.2 0.999
  9199.3 0.989
  9199.4 0.941
  9199.5 0.945
  9199.6 0.992
  9199.7 1.000
  9199.8 1.000
  9199.9 1.000
  9200.0 0.999
  9200.1 0.999
  9200.2 0.999
  9200.3 0.999
  9200.4 0.997
  9200.5 0.998
  9200.6 1.000
  9200.7 1.000
  9200.8 1.000
  9200.9 1.000
  9201.0 1.000
  9201.1 1.000
  9201.2 1.000
  9201.3 1.000
  9201.4 1.000
  9201.5 0.999
  9201.6 0.999
  9201.7 1.000
  9201.8 1.000
  9201.9 0.999
  9202.0 0.997
  9202.1 0.997
  9202.2 0.999
  9202.3 1.000
  9202.4 1.000
  9202.5 1.000
  9202.6 1.000
  9202.7 1.000
  9202.8 1.000
  9202.9 0.999
  9203.0 0.994
  9203.1 0.959
  9203.2 0.949
  9203.3 0.988
  9203.4 0.999
  9203.5 1.000
  9203.6 1.000
  9203.7 1.000
  9203.8 1.000
  9203.9 0.996
  9204.0 0.951
  9204.1 0.904
  9204.2 0.958
  9204.3 0.997
  9204.4 0.999
  9204.5 0.990
  9204.6 0.969
  9204.7 0.979
  9204.8 0.994
  9204.9 0.998
  9205.0 1.000
  9205.1 1.000
  9205.2 1.000
  9205.3 1.000
  9205.4 1.000
  9205.5 1.000
  9205.6 1.000
  9205.7 1.000
  9205.8 1.000
  9205.9 1.000
  9206.0 1.000
  9206.1 1.000
  9206.2 1.000
  9206.3 1.000
  9206.4 1.000
  9206.5 0.999
  9206.6 0.999
  9206.7 0.999
  9206.8 0.998
  9206.9 0.996
  9207.0 0.998
  9207.1 1.000
  9207.2 1.000
  9207.3 1.000
  9207.4 1.000
  9207.5 0.999
  9207.6 0.998
  9207.7 0.999
  9207.8 0.998
  9207.9 0.993
  9208.0 0.988
  9208.1 0.991
  9208.2 0.977
  9208.3 0.930
  9208.4 0.941
  9208.5 0.987
  9208.6 0.999
  9208.7 1.000
  9208.8 1.000
  9208.9 1.000
  9209.0 1.000
  9209.1 0.999
  9209.2 0.996
  9209.3 0.995
  9209.4 0.997
  9209.5 1.000
  9209.6 1.000
  9209.7 1.000
  9209.8 0.999
  9209.9 0.961
  9210.0 0.867
  9210.1 0.912
  9210.2 0.992
  9210.3 0.999
  9210.4 0.999
  9210.5 0.999
  9210.6 0.999
  9210.7 0.998
  9210.8 0.991
  9210.9 0.983
  9211.0 0.992
  9211.1 0.998
  9211.2 0.999
  9211.3 0.999
  9211.4 0.999
  9211.5 0.998
  9211.6 0.998
  9211.7 0.998
  9211.8 0.998
  9211.9 0.997
  9212.0 0.996
  9212.1 0.995
  9212.2 0.994
  9212.3 0.991
  9212.4 0.987
  9212.5 0.978
  9212.6 0.934
  9212.7 0.721
  9212.8 0.520
  9212.9 0.502
  9213.0 0.650
  9213.1 0.889
  9213.2 0.973
  9213.3 0.985
  9213.4 0.989
  9213.5 0.992
  9213.6 0.993
  9213.7 0.992
  9213.8 0.986
  9213.9 0.974
  9214.0 0.978
  9214.1 0.990
  9214.2 0.995
  9214.3 0.993
  9214.4 0.928
  9214.5 0.849
  9214.6 0.930
  9214.7 0.994
  9214.8 0.994
  9214.9 0.983
  9215.0 0.979
  9215.1 0.993
  9215.2 0.999
  9215.3 0.999
  9215.4 0.999
  9215.5 0.999
  9215.6 0.999
  9215.7 0.998
  9215.8 0.997
  9215.9 0.998
  9216.0 0.999
  9216.1 0.999
  9216.2 0.999
  9216.3 0.999
  9216.4 0.999
  9216.5 0.999
  9216.6 0.999
  9216.7 0.999
  9216.8 0.997
  9216.9 0.990
  9217.0 0.991
  9217.1 0.997
  9217.2 0.998
  9217.3 0.997
  9217.4 0.984
  9217.5 0.899
  9217.6 0.875
  9217.7 0.964
  9217.8 0.986
  9217.9 0.978
  9218.0 0.936
  9218.1 0.756
  9218.2 0.592
  9218.3 0.592
  9218.4 0.756
  9218.5 0.939
  9218.6 0.983
  9218.7 0.990
  9218.8 0.994
  9218.9 0.995
  9219.0 0.997
  9219.1 0.997
  9219.2 0.998
  9219.3 0.998
  9219.4 0.999
  9219.5 0.999
  9219.6 0.999
  9219.7 0.999
  9219.8 0.999
  9219.9 0.999
  9220.0 0.999
  9220.1 0.999
  9220.2 0.999
  9220.3 1.000
  9220.4 1.000
  9220.5 0.999
  9220.6 0.998
  9220.7 0.999
  9220.8 0.999
  9220.9 0.997
  9221.0 0.998
  9221.1 1.000
  9221.2 1.000
  9221.3 0.999
  9221.4 0.999
  9221.5 1.000
  9221.6 1.000
  9221.7 1.000
  9221.8 1.000
  9221.9 1.000
  9222.0 0.999
  9222.1 0.998
  9222.2 0.996
  9222.3 0.998
  9222.4 0.999
  9222.5 0.999
  9222.6 0.999
  9222.7 1.000
  9222.8 1.000
  9222.9 1.000
  9223.0 1.000
  9223.1 1.000
  9223.2 1.000
  9223.3 1.000
  9223.4 1.000
  9223.5 1.000
  9223.6 1.000
  9223.7 1.000
  9223.8 1.000
  9223.9 1.000
  9224.0 0.997
  9224.1 0.989
  9224.2 0.991
  9224.3 0.999
  9224.4 0.999
  9224.5 0.998
  9224.6 0.999
  9224.7 1.000
  9224.8 1.000
  9224.9 1.000
  9225.0 1.000
  9225.1 0.999
  9225.2 0.999
  9225.3 0.999
  9225.4 1.000
  9225.5 0.999
  9225.6 1.000
  9225.7 0.956
  9225.8 0.905
  9225.9 0.903
  9226.0 0.901
  9226.1 0.899
  9226.2 0.896
  9226.3 0.894
  9226.4 0.891
  9226.5 0.888
  9226.6 0.885
  9226.7 0.881
  9226.8 0.878
  9226.9 0.875
  9227.0 0.871
  9227.1 0.866
  9227.2 0.862
  9227.3 0.857
  9227.4 0.851
  9227.5 0.846
  9227.6 0.839
  9227.7 0.831
  9227.8 0.820
  9227.9 0.743
  9228.0 0.575
  9228.1 0.508
  9228.2 0.592
  9228.3 0.717
  9228.4 0.724
  9228.5 0.687
  9228.6 0.648
  9228.7 0.616
  9228.8 0.593
  9228.9 0.579
  9229.0 0.574
  9229.1 0.576
  9229.2 0.587
  9229.3 0.607
  9229.4 0.637
  9229.5 0.674
  9229.6 0.713
  9229.7 0.748
  9229.8 0.773
  9229.9 0.791
  9230.0 0.804
  9230.1 0.815
  9230.2 0.824
  9230.3 0.832
  9230.4 0.839
  9230.5 0.845
  9230.6 0.851
  9230.7 0.856
  9230.8 0.861
  9230.9 0.865
  9231.0 0.869
  9231.1 0.874
  9231.2 0.877
  9231.3 0.881
  9231.4 0.884
  9231.5 0.887
  9231.6 0.890
  9231.7 0.888
  9231.8 0.887
  9231.9 0.896
  9232.0 0.900
  9232.1 0.903
  9232.2 0.905
  9232.3 0.951
  9232.4 1.001
  9232.5 1.000
  9232.6 1.000
  9232.7 1.000
  9232.8 1.000
  9232.9 1.000
  9233.0 0.999
  9233.1 0.986
  9233.2 0.972
  9233.3 0.989
  9233.4 0.999
  9233.5 1.000
  9233.6 1.000
  9233.7 1.000
  9233.8 1.000
  9233.9 1.000
  9234.0 0.998
  9234.1 0.996
  9234.2 0.998
  9234.3 0.999
  9234.4 0.999
  9234.5 0.999
  9234.6 1.000
  9234.7 1.000
  9234.8 1.000
  9234.9 1.000
  9235.0 1.000
  9235.1 1.000
  9235.2 1.000
  9235.3 1.000
  9235.4 1.000
  9235.5 1.000
  9235.6 1.000
  9235.7 0.999
  9235.8 0.999
  9235.9 1.000
  9236.0 0.999
  9236.1 0.997
  9236.2 0.995
  9236.3 0.998
  9236.4 0.999
  9236.5 0.999
  9236.6 0.998
  9236.7 0.996
  9236.8 0.996
  9236.9 0.997
  9237.0 0.997
  9237.1 0.995
  9237.2 0.991
  9237.3 0.948
  9237.4 0.732
  9237.5 0.551
  9237.6 0.574
  9237.7 0.793
  9237.8 0.971
  9237.9 0.987
  9238.0 0.976
  9238.1 0.981
  9238.2 0.995
  9238.3 0.998
  9238.4 0.999
  9238.5 0.999
  9238.6 0.999
  9238.7 0.999
  9238.8 0.999
  9238.9 0.999
  9239.0 1.000
  9239.1 1.000
  9239.2 0.999
  9239.3 0.999
  9239.4 1.000
  9239.5 1.000
  9239.6 1.000
  9239.7 0.998
  9239.8 0.996
  9239.9 0.998
  9240.0 0.999
  9240.1 1.000
  9240.2 0.998
  9240.3 0.995
  9240.4 0.998
  9240.5 1.000
  9240.6 1.000
  9240.7 1.000
  9240.8 1.000
  9240.9 1.000
  9241.0 1.000
  9241.1 1.000
  9241.2 0.999
  9241.3 0.999
  9241.4 1.000
  9241.5 1.000
  9241.6 1.000
  9241.7 1.000
  9241.8 1.000
  9241.9 1.000
  9242.0 1.000
  9242.1 0.998
  9242.2 0.996
  9242.3 0.980
  9242.4 0.975
  9242.5 0.994
  9242.6 0.999
  9242.7 0.999
  9242.8 0.999
  9242.9 0.999
  9243.0 0.998
  9243.1 0.997
  9243.2 0.997
  9243.3 0.997
  9243.4 0.996
  9243.5 0.996
  9243.6 0.997
  9243.7 0.997
  9243.8 0.995
  9243.9 0.992
  9244.0 0.971
  9244.1 0.833
  9244.2 0.648
  9244.3 0.621
  9244.4 0.771
  9244.5 0.947
  9244.6 0.986
  9244.7 0.966
  9244.8 0.962
  9244.9 0.991
  9245.0 0.998
  9245.1 0.998
  9245.2 0.999
  9245.3 0.999
  9245.4 0.998
  9245.5 0.989
  9245.6 0.981
  9245.7 0.993
  9245.8 0.998
  9245.9 0.998
  9246.0 0.996
  9246.1 0.995
  9246.2 0.997
  9246.3 0.996
  9246.4 0.967
  9246.5 0.901
  9246.6 0.916
  9246.7 0.984
  9246.8 0.999
  9246.9 0.999
  9247.0 0.999
  9247.1 0.999
  9247.2 0.999
  9247.3 1.000
  9247.4 1.000
  9247.5 1.000
  9247.6 1.000
  9247.7 1.000
  9247.8 1.000
  9247.9 1.000
  9248.0 1.000
  9248.1 0.999
  9248.2 0.999
  9248.3 1.000
  9248.4 1.000
  9248.5 1.000
  9248.6 0.999
  9248.7 0.996
  9248.8 0.995
  9248.9 0.999
  9249.0 1.000
  9249.1 1.000
  9249.2 1.000
  9249.3 1.000
  9249.4 1.000
  9249.5 1.000
  9249.6 1.000
  9249.7 1.000
  9249.8 1.000
  9249.9 0.999
  9250.0 0.999
  9250.1 1.000
  9250.2 1.000
  9250.3 1.000
  9250.4 1.000
  9250.5 1.000
  9250.6 1.000
  9250.7 0.999
  9250.8 0.999
  9250.9 0.999
  9251.0 0.995
  9251.1 0.994
  9251.2 0.998
  9251.3 1.000
  9251.4 1.000
  9251.5 1.000
  9251.6 0.998
  9251.7 0.980
  9251.8 0.965
  9251.9 0.987
  9252.0 0.999
  9252.1 0.998
  9252.2 0.993
  9252.3 0.992
  9252.4 0.976
  9252.5 0.911
  9252.6 0.931
  9252.7 0.991
  9252.8 0.993
  9252.9 0.985
  9253.0 0.990
  9253.1 0.997
  9253.2 0.998
  9253.3 0.998
  9253.4 0.997
  9253.5 0.982
  9253.6 0.907
  9253.7 0.861
  9253.8 0.937
  9253.9 0.991
  9254.0 0.997
  9254.1 0.998
  9254.2 0.998
  9254.3 0.997
  9254.4 0.997
  9254.5 0.997
  9254.6 0.996
  9254.7 0.993
  9254.8 0.993
  9254.9 0.995
  9255.0 0.994
  9255.1 0.992
  9255.2 0.988
  9255.3 0.979
  9255.4 0.969
  9255.5 0.940
  9255.6 0.812
  9255.7 0.639
  9255.8 0.599
  9255.9 0.718
  9256.0 0.892
  9256.1 0.961
  9256.2 0.976
  9256.3 0.982
  9256.4 0.989
  9256.5 0.992
  9256.6 0.994
  9256.7 0.995
  9256.8 0.996
  9256.9 0.997
  9257.0 0.997
  9257.1 0.998
  9257.2 0.998
  9257.3 0.998
  9257.4 0.997
  9257.5 0.996
  9257.6 0.997
  9257.7 0.999
  9257.8 0.999
  9257.9 0.999
  9258.0 0.998
  9258.1 0.976
  9258.2 0.844
  9258.3 0.797
  9258.4 0.937
  9258.5 0.996
  9258.6 0.999
  9258.7 0.998
  9258.8 0.994
  9258.9 0.935
  9259.0 0.852
  9259.1 0.925
  9259.2 0.993
  9259.3 0.998
  9259.4 0.999
  9259.5 0.998
  9259.6 0.996
  9259.7 0.994
  9259.8 0.995
  9259.9 0.998
  9260.0 0.999
  9260.1 0.999
  9260.2 0.998
  9260.3 0.998
  9260.4 0.998
  9260.5 0.995
  9260.6 0.970
  9260.7 0.873
  9260.8 0.767
  9260.9 0.750
  9261.0 0.822
  9261.1 0.935
  9261.2 0.990
  9261.3 0.997
  9261.4 0.998
  9261.5 0.998
  9261.6 0.999
  9261.7 0.999
  9261.8 0.999
  9261.9 0.999
  9262.0 0.998
  9262.1 0.998
  9262.2 0.997
  9262.3 0.994
  9262.4 0.968
  9262.5 0.877
  9262.6 0.770
  9262.7 0.717
  9262.8 0.731
  9262.9 0.838
  9263.0 0.957
  9263.1 0.993
  9263.2 0.997
  9263.3 0.998
  9263.4 0.998
  9263.5 0.998
  9263.6 0.998
  9263.7 0.999
  9263.8 0.998
  9263.9 0.988
  9264.0 0.979
  9264.1 0.991
  9264.2 0.997
  9264.3 0.991
  9264.4 0.987
  9264.5 0.995
  9264.6 0.999
  9264.7 0.999
  9264.8 0.999
  9264.9 0.999
  9265.0 0.999
  9265.1 0.999
  9265.2 0.998
  9265.3 0.998
  9265.4 0.997
  9265.5 0.996
  9265.6 0.989
  9265.7 0.950
  9265.8 0.844
  9265.9 0.724
  9266.0 0.680
  9266.1 0.751
  9266.2 0.900
  9266.3 0.982
  9266.4 0.994
  9266.5 0.996
  9266.6 0.997
  9266.7 0.998
  9266.8 0.999
  9266.9 0.999
  9267.0 0.999
  9267.1 0.999
  9267.2 0.999
  9267.3 0.999
  9267.4 0.999
  9267.5 0.999
  9267.6 0.997
  9267.7 0.995
  9267.8 0.998
  9267.9 1.000
  9268.0 1.000
  9268.1 0.998
  9268.2 0.998
  9268.3 0.999
  9268.4 1.000
  9268.5 1.000
  9268.6 1.000
  9268.7 0.999
  9268.8 1.000
  9268.9 1.000
  9269.0 1.000
  9269.1 1.000
  9269.2 1.000
  9269.3 1.000
  9269.4 1.000
  9269.5 1.000
  9269.6 1.000
  9269.7 1.000
  9269.8 1.000
  9269.9 1.000
  9270.0 0.999
  9270.1 0.999
  9270.2 0.999
  9270.3 1.000
  9270.4 1.000
  9270.5 1.000
  9270.6 1.000
  9270.7 1.000
  9270.8 1.000
  9270.9 1.000
  9271.0 1.000
  9271.1 1.000
  9271.2 1.000
  9271.3 1.000
  9271.4 1.000
  9271.5 1.000
  9271.6 1.000
  9271.7 1.000
  9271.8 1.000
  9271.9 1.000
  9272.0 1.000
  9272.1 0.998
  9272.2 0.993
  9272.3 0.994
  9272.4 0.999
  9272.5 1.000
  9272.6 1.000
  9272.7 0.999
  9272.8 1.000
  9272.9 1.000
  9273.0 1.000
  9273.1 0.999
  9273.2 0.999
  9273.3 0.997
  9273.4 0.995
  9273.5 0.995
  9273.6 0.998
  9273.7 0.999
  9273.8 0.999
  9273.9 1.000
  9274.0 1.000
  9274.1 1.000
  9274.2 1.000
  9274.3 1.000
  9274.4 1.000
  9274.5 1.000
  9274.6 1.000
  9274.7 1.000
  9274.8 1.000
  9274.9 1.000
  9275.0 1.000
  9275.1 1.000
  9275.2 1.000
  9275.3 1.000
  9275.4 1.000
  9275.5 1.000
  9275.6 1.000
  9275.7 1.000
  9275.8 1.000
  9275.9 1.000
  9276.0 1.000
  9276.1 1.000
  9276.2 1.000
  9276.3 0.999
  9276.4 0.999
  9276.5 1.000
  9276.6 1.000
  9276.7 1.000
  9276.8 1.000
  9276.9 1.000
  9277.0 1.000
  9277.1 1.000
  9277.2 1.000
  9277.3 1.000
  9277.4 1.000
  9277.5 1.000
  9277.6 1.000
  9277.7 1.000
  9277.8 1.000
  9277.9 0.999
  9278.0 0.996
  9278.1 0.996
  9278.2 0.999
  9278.3 1.000
  9278.4 1.000
  9278.5 1.000
  9278.6 1.000
  9278.7 0.999
  9278.8 0.998
  9278.9 0.997
  9279.0 0.999
  9279.1 1.000
  9279.2 1.000
  9279.3 1.000
  9279.4 1.000
  9279.5 1.000
  9279.6 1.000
  9279.7 1.000
  9279.8 1.000
  9279.9 1.000
