  9280.0 1.000
  9280.1 1.000
  9280.2 0.999
  9280.3 0.991
  9280.4 0.985
  9280.5 0.994
  9280.6 1.000
  9280.7 1.000
  9280.8 1.000
  9280.9 1.000
  9281.0 1.000
  9281.1 1.000
  9281.2 1.000
  9281.3 1.000
  9281.4 1.000
  9281.5 1.000
  9281.6 1.000
  9281.7 0.999
  9281.8 0.997
  9281.9 0.997
  9282.0 0.999
  9282.1 0.998
  9282.2 0.993
  9282.3 0.996
  9282.4 1.000
  9282.5 1.000
  9282.6 1.000
  9282.7 1.000
  9282.8 1.000
  9282.9 1.000
  9283.0 1.000
  9283.1 1.000
  9283.2 1.000
  9283.3 0.999
  9283.4 0.996
  9283.5 0.998
  9283.6 1.000
  9283.7 1.000
  9283.8 1.000
  9283.9 0.999
  9284.0 1.000
  9284.1 1.000
  9284.2 1.000
  9284.3 0.999
  9284.4 0.999
  9284.5 1.000
  9284.6 1.000
  9284.7 0.999
  9284.8 0.997
  9284.9 0.998
  9285.0 0.998
  9285.1 0.999
  9285.2 1.000
  9285.3 1.000
  9285.4 1.000
  9285.5 1.000
  9285.6 1.000
  9285.7 0.999
  9285.8 0.999
  9285.9 0.999
  9286.0 1.000
  9286.1 1.000
  9286.2 1.000
  9286.3 1.000
  9286.4 0.998
  9286.5 0.992
  9286.6 0.995
  9286.7 1.000
  9286.8 1.000
  9286.9 1.000
  9287.0 1.000
  9287.1 1.000
  9287.2 1.000
  9287.3 1.000
  9287.4 0.999
  9287.5 1.000
  9287.6 1.000
  9287.7 1.000
  9287.8 1.000
  9287.9 1.000
  9288.0 1.000
  9288.1 1.000
  9288.2 1.000
  9288.3 1.000
  9288.4 1.000
  9288.5 1.000
  9288.6 1.000
  9288.7 1.000
  9288.8 1.000
  9288.9 1.000
  9289.0 1.000
  9289.1 1.000
  9289.2 1.000
  9289.3 0.992
  9289.4 0.956
  9289.5 0.956
  9289.6 0.990
  9289.7 0.999
  9289.8 1.000
  9289.9 1.000
  9290.0 1.000
  9290.1 1.000
  9290.2 1.000
  9290.3 0.998
  9290.4 0.978
  9290.5 0.969
  9290.6 0.992
  9290.7 1.000
  9290.8 1.000
  9290.9 1.000
  9291.0 1.000
  9291.1 1.000
  9291.2 1.000
  9291.3 1.000
  9291.4 1.000
  9291.5 1.000
  9291.6 1.000
  9291.7 1.000
  9291.8 1.000
  9291.9 0.999
  9292.0 0.999
  9292.1 0.999
  9292.2 1.000
  9292.3 0.997
  9292.4 0.992
  9292.5 0.995
  9292.6 1.000
  9292.7 1.000
  9292.8 1.000
  9292.9 1.000
  9293.0 1.000
  9293.1 1.000
  9293.2 1.000
  9293.3 1.000
  9293.4 1.000
  9293.5 1.000
  9293.6 1.000
  9293.7 0.999
  9293.8 0.996
  9293.9 0.994
  9294.0 0.997
  9294.1 0.998
  9294.2 0.997
  9294.3 0.998
  9294.4 0.980
  9294.5 0.918
  9294.6 0.935
  9294.7 0.991
  9294.8 0.999
  9294.9 1.000
  9295.0 1.000
  9295.1 1.000
  9295.2 1.000
  9295.3 1.000
  9295.4 1.000
  9295.5 1.000
  9295.6 1.000
  9295.7 1.000
  9295.8 1.000
  9295.9 1.000
  9296.0 1.000
  9296.1 1.000
  9296.2 1.000
  9296.3 0.999
  9296.4 0.997
  9296.5 0.997
  9296.6 0.997
  9296.7 0.996
  9296.8 0.992
  9296.9 0.978
  9297.0 0.984
  9297.1 0.983
  9297.2 0.984
  9297.3 0.997
  9297.4 0.999
  9297.5 0.995
  9297.6 0.989
  9297.7 0.995
  9297.8 0.999
  9297.9 0.999
  9298.0 0.999
  9298.1 1.000
  9298.2 1.000
  9298.3 1.000
  9298.4 1.000
  9298.5 1.000
  9298.6 1.000
  9298.7 1.000
  9298.8 1.000
  9298.9 1.000
  9299.0 1.000
  9299.1 1.000
  9299.2 1.000
  9299.3 1.000
  9299.4 1.000
  9299.5 1.000
  9299.6 1.000
  9299.7 1.000
  9299.8 1.000
  9299.9 1.000
  9300.0 1.000
  9300.1 1.000
  9300.2 1.000
  9300.3 1.000
  9300.4 1.000
  9300.5 1.000
  9300.6 1.000
  9300.7 1.000
  9300.8 1.000
  9300.9 1.000
  9301.0 1.000
  9301.1 1.000
  9301.2 1.000
  9301.3 1.000
  9301.4 1.000
  9301.5 1.000
  9301.6 0.998
  9301.7 0.991
  9301.8 0.993
  9301.9 0.999
  9302.0 1.000
  9302.1 1.000
  9302.2 1.000
  9302.3 1.000
  9302.4 1.000
  9302.5 1.000
  9302.6 1.000
  9302.7 1.000
  9302.8 1.000
  9302.9 1.000
  9303.0 1.000
  9303.1 1.000
  9303.2 0.998
  9303.3 0.998
  9303.4 0.999
  9303.5 0.994
  9303.6 0.981
  9303.7 0.987
  9303.8 0.999
  9303.9 1.000
  9304.0 1.000
  9304.1 1.000
  9304.2 1.000
  9304.3 1.000
  9304.4 1.000
  9304.5 0.998
  9304.6 0.994
  9304.7 0.996
  9304.8 0.994
  9304.9 0.975
  9305.0 0.975
  9305.1 0.994
  9305.2 0.999
  9305.3 0.998
  9305.4 0.993
  9305.5 0.995
  9305.6 0.998
  9305.7 0.997
  9305.8 0.998
  9305.9 0.999
  9306.0 1.000
  9306.1 1.000
  9306.2 1.000
  9306.3 1.000
  9306.4 1.000
  9306.5 1.000
  9306.6 0.999
  9306.7 0.999
  9306.8 1.000
  9306.9 1.000
  9307.0 1.000
  9307.1 1.000
  9307.2 1.000
  9307.3 1.000
  9307.4 1.000
  9307.5 0.999
  9307.6 0.998
  9307.7 0.998
  9307.8 0.999
  9307.9 0.985
  9308.0 0.954
  9308.1 0.973
  9308.2 0.998
  9308.3 1.000
  9308.4 1.000
  9308.5 1.000
  9308.6 1.000
  9308.7 1.000
  9308.8 0.999
  9308.9 0.992
  9309.0 0.991
  9309.1 0.999
  9309.2 1.000
  9309.3 0.998
  9309.4 0.993
  9309.5 0.992
  9309.6 0.997
  9309.7 1.000
  9309.8 1.000
  9309.9 1.000
  9310.0 0.999
  9310.1 0.993
  9310.2 0.966
  9310.3 0.959
  9310.4 0.987
  9310.5 0.999
  9310.6 1.000
  9310.7 1.000
  9310.8 1.000
  9310.9 1.000
  9311.0 1.000
  9311.1 1.000
  9311.2 1.000
  9311.3 0.999
  9311.4 0.990
  9311.5 0.970
  9311.6 0.983
  9311.7 0.998
  9311.8 0.999
  9311.9 0.996
  9312.0 0.990
  9312.1 0.992
  9312.2 0.998
  9312.3 0.999
  9312.4 0.998
  9312.5 0.999
  9312.6 1.000
  9312.7 1.000
  9312.8 1.000
  9312.9 1.000
  9313.0 1.000
  9313.1 1.000
  9313.2 1.000
  9313.3 1.000
  9313.4 1.000
  9313.5 1.000
  9313.6 0.999
  9313.7 1.000
  9313.8 1.000
  9313.9 1.000
  9314.0 1.000
  9314.1 1.000
  9314.2 1.000
  9314.3 1.000
  9314.4 1.000
  9314.5 1.000
  9314.6 1.000
  9314.7 1.000
  9314.8 0.999
  9314.9 0.999
  9315.0 1.000
  9315.1 1.000
  9315.2 1.000
  9315.3 1.000
  9315.4 0.999
  9315.5 1.000
  9315.6 1.000
  9315.7 1.000
  9315.8 1.000
  9315.9 1.000
  9316.0 1.000
  9316.1 1.000
  9316.2 1.000
  9316.3 1.000
  9316.4 1.000
  9316.5 1.000
  9316.6 1.000
  9316.7 1.000
  9316.8 1.000
  9316.9 0.999
  9317.0 0.998
  9317.1 0.999
  9317.2 1.000
  9317.3 1.000
  9317.4 1.000
  9317.5 1.000
  9317.6 1.000
  9317.7 1.000
  9317.8 1.000
  9317.9 0.999
  9318.0 0.994
  9318.1 0.940
  9318.2 0.892
  9318.3 0.950
  9318.4 0.994
  9318.5 0.999
  9318.6 1.000
  9318.7 1.000
  9318.8 0.999
  9318.9 0.998
  9319.0 0.999
  9319.1 0.999
  9319.2 0.999
  9319.3 0.999
  9319.4 0.997
  9319.5 0.989
  9319.6 0.983
  9319.7 0.989
  9319.8 0.990
  9319.9 0.996
  9320.0 0.999
  9320.1 0.999
  9320.2 0.998
  9320.3 0.998
  9320.4 0.996
  9320.5 0.991
  9320.6 0.981
  9320.7 0.981
  9320.8 0.992
  9320.9 0.996
  9321.0 0.998
  9321.1 0.998
  9321.2 0.999
  9321.3 0.999
  9321.4 0.999
  9321.5 0.999
  9321.6 1.000
  9321.7 0.999
  9321.8 0.996
  9321.9 0.995
  9322.0 0.998
  9322.1 1.000
  9322.2 1.000
  9322.3 1.000
  9322.4 1.000
  9322.5 1.000
  9322.6 1.000
  9322.7 1.000
  9322.8 1.000
  9322.9 1.000
  9323.0 0.998
  9323.1 0.997
  9323.2 0.998
  9323.3 1.000
  9323.4 1.000
  9323.5 1.000
  9323.6 1.000
  9323.7 0.998
  9323.8 0.991
  9323.9 0.994
  9324.0 0.998
  9324.1 0.990
  9324.2 0.986
  9324.3 0.996
  9324.4 1.000
  9324.5 1.000
  9324.6 1.000
  9324.7 1.000
  9324.8 1.000
  9324.9 0.999
  9325.0 0.994
  9325.1 0.994
  9325.2 0.992
  9325.3 0.987
  9325.4 0.985
  9325.5 0.987
  9325.6 0.996
  9325.7 1.000
  9325.8 1.000
  9325.9 1.000
  9326.0 1.000
  9326.1 1.000
  9326.2 1.000
  9326.3 1.000
  9326.4 1.000
  9326.5 1.000
  9326.6 1.000
  9326.7 1.000
  9326.8 0.999
  9326.9 0.994
  9327.0 0.989
  9327.1 0.994
  9327.2 0.998
  9327.3 0.999
  9327.4 0.998
  9327.5 0.997
  9327.6 0.997
  9327.7 0.997
  9327.8 0.994
  9327.9 0.994
  9328.0 0.996
  9328.1 0.997
  9328.2 0.999
  9328.3 1.000
  9328.4 1.000
  9328.5 1.000
  9328.6 1.000
  9328.7 1.000
  9328.8 0.998
  9328.9 0.997
  9329.0 0.999
  9329.1 1.000
  9329.2 1.000
  9329.3 1.000
  9329.4 0.996
  9329.5 0.991
  9329.6 0.995
  9329.7 0.999
  9329.8 0.999
  9329.9 0.998
  9330.0 0.998
  9330.1 0.999
  9330.2 1.000
  9330.3 1.000
  9330.4 1.000
  9330.5 1.000
  9330.6 1.000
  9330.7 1.000
  9330.8 1.000
  9330.9 1.000
  9331.0 1.000
  9331.1 1.000
  9331.2 1.000
  9331.3 1.000
  9331.4 1.000
  9331.5 1.000
  9331.6 1.000
  9331.7 1.000
  9331.8 1.000
  9331.9 1.000
  9332.0 1.000
  9332.1 1.000
  9332.2 1.000
  9332.3 1.000
  9332.4 1.000
  9332.5 1.000
  9332.6 1.000
  9332.7 1.000
  9332.8 1.000
  9332.9 1.000
  9333.0 1.000
  9333.1 1.000
  9333.2 1.000
  9333.3 1.000
  9333.4 1.000
  9333.5 1.000
  9333.6 1.000
  9333.7 1.000
  9333.8 1.000
  9333.9 0.992
  9334.0 0.948
  9334.1 0.943
  9334.2 0.989
  9334.3 1.000
  9334.4 1.000
  9334.5 1.000
  9334.6 1.000
  9334.7 1.000
  9334.8 1.000
  9334.9 1.000
  9335.0 1.000
  9335.1 1.000
  9335.2 1.000
  9335.3 1.000
  9335.4 1.000
  9335.5 1.000
  9335.6 1.000
  9335.7 1.000
  9335.8 1.000
  9335.9 1.000
  9336.0 1.000
  9336.1 1.000
  9336.2 0.997
  9336.3 0.995
  9336.4 0.997
  9336.5 0.999
  9336.6 1.000
  9336.7 1.000
  9336.8 1.000
  9336.9 1.000
  9337.0 1.000
  9337.1 1.000
  9337.2 1.000
  9337.3 1.000
  9337.4 1.000
  9337.5 1.000
  9337.6 1.000
  9337.7 1.000
  9337.8 1.000
  9337.9 1.000
  9338.0 0.999
  9338.1 0.999
  9338.2 0.998
  9338.3 0.998
  9338.4 0.999
  9338.5 1.000
  9338.6 1.000
  9338.7 1.000
  9338.8 1.000
  9338.9 1.000
  9339.0 1.000
  9339.1 1.000
  9339.2 1.000
  9339.3 1.000
  9339.4 1.000
  9339.5 1.000
  9339.6 1.000
  9339.7 1.000
  9339.8 1.000
  9339.9 1.000
  9340.0 1.000
  9340.1 1.000
  9340.2 0.999
  9340.3 0.999
  9340.4 0.998
  9340.5 0.997
  9340.6 0.997
  9340.7 0.999
  9340.8 0.999
  9340.9 0.999
  9341.0 0.999
  9341.1 0.999
  9341.2 0.999
  9341.3 1.000
  9341.4 1.000
  9341.5 1.000
  9341.6 1.000
  9341.7 1.000
  9341.8 1.000
  9341.9 1.000
  9342.0 1.000
  9342.1 1.000
  9342.2 1.000
  9342.3 1.000
  9342.4 1.000
  9342.5 1.000
  9342.6 1.000
  9342.7 1.000
  9342.8 1.000
  9342.9 1.000
  9343.0 0.998
  9343.1 0.997
  9343.2 0.999
  9343.3 0.991
  9343.4 0.973
  9343.5 0.984
  9343.6 0.999
  9343.7 1.000
  9343.8 0.999
  9343.9 0.998
  9344.0 0.999
  9344.1 1.000
  9344.2 1.000
  9344.3 1.000
  9344.4 1.000
  9344.5 1.000
  9344.6 0.998
  9344.7 0.993
  9344.8 0.991
  9344.9 0.991
  9345.0 0.991
  9345.1 0.990
  9345.2 0.994
  9345.3 0.999
  9345.4 0.999
  9345.5 0.999
  9345.6 0.999
  9345.7 1.000
  9345.8 1.000
  9345.9 1.000
  9346.0 1.000
  9346.1 1.000
  9346.2 1.000
  9346.3 1.000
  9346.4 1.000
  9346.5 1.000
  9346.6 1.000
  9346.7 1.000
  9346.8 1.000
  9346.9 1.000
  9347.0 1.000
  9347.1 1.000
  9347.2 1.000
  9347.3 1.000
  9347.4 1.000
  9347.5 1.000
  9347.6 1.000
  9347.7 1.000
  9347.8 1.000
  9347.9 1.000
  9348.0 1.000
  9348.1 0.999
  9348.2 0.999
  9348.3 1.000
  9348.4 1.000
  9348.5 1.000
  9348.6 1.000
  9348.7 1.000
  9348.8 0.999
  9348.9 0.998
  9349.0 0.998
  9349.1 0.999
  9349.2 1.000
  9349.3 0.999
  9349.4 1.000
  9349.5 1.000
  9349.6 1.000
  9349.7 1.000
  9349.8 1.000
  9349.9 1.000
  9350.0 1.000
  9350.1 1.000
  9350.2 0.996
  9350.3 0.925
  9350.4 0.806
  9350.5 0.884
  9350.6 0.989
  9350.7 1.000
  9350.8 1.000
  9350.9 1.000
  9351.0 1.000
  9351.1 1.000
  9351.2 1.000
  9351.3 1.000
  9351.4 1.000
  9351.5 1.000
  9351.6 1.000
  9351.7 1.000
  9351.8 1.000
  9351.9 0.999
  9352.0 0.998
  9352.1 0.999
  9352.2 1.000
  9352.3 1.000
  9352.4 1.000
  9352.5 1.000
  9352.6 1.000
  9352.7 1.000
  9352.8 1.000
  9352.9 1.000
  9353.0 1.000
  9353.1 1.000
  9353.2 1.000
  9353.3 1.000
  9353.4 1.000
  9353.5 1.000
  9353.6 0.998
  9353.7 0.997
  9353.8 0.999
  9353.9 1.000
  9354.0 1.000
  9354.1 1.000
  9354.2 1.000
  9354.3 1.000
  9354.4 1.000
  9354.5 0.988
  9354.6 0.954
  9354.7 0.967
  9354.8 0.997
  9354.9 1.000
  9355.0 1.000
  9355.1 1.000
  9355.2 1.000
  9355.3 1.000
  9355.4 1.000
  9355.5 1.000
  9355.6 1.000
  9355.7 1.000
  9355.8 1.000
  9355.9 1.000
  9356.0 1.000
  9356.1 1.000
  9356.2 1.000
  9356.3 1.000
  9356.4 1.000
  9356.5 1.000
  9356.6 1.000
  9356.7 0.999
  9356.8 0.999
  9356.9 0.999
  9357.0 0.999
  9357.1 0.999
  9357.2 0.999
  9357.3 0.999
  9357.4 1.000
  9357.5 1.000
  9357.6 0.999
  9357.7 0.999
  9357.8 1.000
  9357.9 0.999
  9358.0 0.999
  9358.1 0.999
  9358.2 1.000
  9358.3 0.996
  9358.4 0.994
  9358.5 0.998
  9358.6 1.000
  9358.7 1.000
  9358.8 1.000
  9358.9 1.000
  9359.0 1.000
  9359.1 1.000
  9359.2 0.999
  9359.3 0.966
  9359.4 0.910
  9359.5 0.952
  9359.6 0.996
  9359.7 0.998
  9359.8 1.000
  9359.9 1.000
  9360.0 1.000
  9360.1 1.000
  9360.2 1.000
  9360.3 1.000
  9360.4 0.999
  9360.5 0.998
  9360.6 0.999
  9360.7 1.000
  9360.8 1.000
  9360.9 1.000
  9361.0 1.000
  9361.1 1.000
  9361.2 1.000
  9361.3 1.000
  9361.4 1.000
  9361.5 1.000
  9361.6 1.000
  9361.7 1.000
  9361.8 1.000
  9361.9 1.000
  9362.0 0.999
  9362.1 0.999
  9362.2 0.992
  9362.3 0.940
  9362.4 0.930
  9362.5 0.986
  9362.6 0.999
  9362.7 1.000
  9362.8 1.000
  9362.9 1.000
  9363.0 1.000
  9363.1 1.000
  9363.2 1.000
  9363.3 1.000
  9363.4 1.000
  9363.5 1.000
  9363.6 1.000
  9363.7 1.000
  9363.8 1.000
  9363.9 1.000
  9364.0 1.000
  9364.1 1.000
  9364.2 0.998
  9364.3 0.994
  9364.4 0.995
  9364.5 0.999
  9364.6 1.000
  9364.7 1.000
  9364.8 0.999
  9364.9 0.995
  9365.0 0.994
  9365.1 0.999
  9365.2 1.000
  9365.3 1.000
  9365.4 1.000
  9365.5 1.000
  9365.6 1.000
  9365.7 1.000
  9365.8 1.000
  9365.9 1.000
  9366.0 1.000
  9366.1 1.000
  9366.2 1.000
  9366.3 1.000
  9366.4 1.000
  9366.5 1.000
  9366.6 1.000
  9366.7 1.000
  9366.8 1.000
  9366.9 1.000
  9367.0 1.000
  9367.1 1.000
  9367.2 1.000
  9367.3 1.000
  9367.4 1.000
  9367.5 1.000
  9367.6 1.000
  9367.7 1.000
  9367.8 1.000
  9367.9 1.000
  9368.0 1.000
  9368.1 1.000
  9368.2 1.000
  9368.3 1.000
  9368.4 1.000
  9368.5 1.000
  9368.6 1.000
  9368.7 1.000
  9368.8 1.000
  9368.9 1.000
  9369.0 1.000
  9369.1 1.000
  9369.2 1.000
  9369.3 1.000
  9369.4 1.000
  9369.5 1.000
  9369.6 1.000
  9369.7 1.000
  9369.8 1.000
  9369.9 1.000
  9370.0 1.000
  9370.1 1.000
  9370.2 1.000
  9370.3 1.000
  9370.4 1.000
  9370.5 0.999
  9370.6 0.999
  9370.7 1.000
  9370.8 1.000
  9370.9 1.000
  9371.0 1.000
  9371.1 1.000
  9371.2 1.000
  9371.3 1.000
  9371.4 1.000
  9371.5 1.000
  9371.6 1.000
  9371.7 1.000
  9371.8 1.000
  9371.9 1.000
  9372.0 0.999
  9372.1 0.999
  9372.2 1.000
  9372.3 1.000
  9372.4 1.000
  9372.5 1.000
  9372.6 1.000
  9372.7 0.996
  9372.8 0.930
  9372.9 0.859
  9373.0 0.939
  9373.1 0.997
  9373.2 1.000
  9373.3 1.000
  9373.4 1.000
  9373.5 1.000
  9373.6 1.000
  9373.7 1.000
  9373.8 1.000
  9373.9 1.000
  9374.0 1.000
  9374.1 1.000
  9374.2 1.000
  9374.3 1.000
  9374.4 1.000
  9374.5 1.000
  9374.6 1.000
  9374.7 1.000
  9374.8 1.000
  9374.9 1.000
  9375.0 0.996
  9375.1 0.987
  9375.2 0.992
  9375.3 0.999
  9375.4 1.000
  9375.5 1.000
  9375.6 1.000
  9375.7 0.999
  9375.8 0.999
  9375.9 0.999
  9376.0 1.000
  9376.1 1.000
  9376.2 1.000
  9376.3 1.000
  9376.4 1.000
  9376.5 1.000
  9376.6 1.000
  9376.7 1.000
  9376.8 1.000
  9376.9 0.998
  9377.0 0.996
  9377.1 0.998
  9377.2 0.996
  9377.3 0.988
  9377.4 0.993
  9377.5 0.999
  9377.6 1.000
  9377.7 0.999
  9377.8 0.999
  9377.9 1.000
  9378.0 1.000
  9378.1 1.000
  9378.2 1.000
  9378.3 1.000
  9378.4 1.000
  9378.5 1.000
  9378.6 1.000
  9378.7 1.000
  9378.8 1.000
  9378.9 1.000
  9379.0 1.000
  9379.1 1.000
  9379.2 1.000
  9379.3 1.000
  9379.4 1.000
  9379.5 1.000
  9379.6 1.000
  9379.7 1.000
  9379.8 0.999
  9379.9 0.997
  9380.0 0.998
  9380.1 1.000
  9380.2 1.000
  9380.3 1.000
  9380.4 1.000
  9380.5 1.000
  9380.6 1.000
  9380.7 1.000
  9380.8 1.000
  9380.9 1.000
  9381.0 1.000
  9381.1 0.999
  9381.2 0.999
  9381.3 0.999
  9381.4 1.000
  9381.5 1.000
  9381.6 1.000
  9381.7 1.000
  9381.8 1.000
  9381.9 1.000
  9382.0 0.999
  9382.1 0.999
  9382.2 0.999
  9382.3 1.000
  9382.4 1.000
  9382.5 1.000
  9382.6 1.000
  9382.7 1.000
  9382.8 0.994
  9382.9 0.977
  9383.0 0.982
  9383.1 0.998
  9383.2 1.000
  9383.3 0.999
  9383.4 0.999
  9383.5 1.000
  9383.6 1.000
  9383.7 0.999
  9383.8 0.998
  9383.9 0.998
  9384.0 0.998
  9384.1 0.998
  9384.2 0.999
  9384.3 1.000
  9384.4 1.000
  9384.5 1.000
  9384.6 1.000
  9384.7 1.000
  9384.8 1.000
  9384.9 1.000
  9385.0 1.000
  9385.1 1.000
  9385.2 1.000
  9385.3 0.999
  9385.4 0.999
  9385.5 0.995
  9385.6 0.991
  9385.7 0.997
  9385.8 1.000
  9385.9 1.000
  9386.0 1.000
  9386.1 1.000
  9386.2 1.000
  9386.3 1.000
  9386.4 0.998
  9386.5 0.996
  9386.6 0.985
  9386.7 0.936
  9386.8 0.896
  9386.9 0.930
  9387.0 0.982
  9387.1 0.997
  9387.2 0.987
  9387.3 0.961
  9387.4 0.961
  9387.5 0.971
  9387.6 0.986
  9387.7 0.998
  9387.8 1.000
  9387.9 1.000
  9388.0 0.997
  9388.1 0.965
  9388.2 0.942
  9388.3 0.980
  9388.4 0.999
  9388.5 1.000
  9388.6 0.999
  9388.7 0.998
  9388.8 0.997
  9388.9 0.997
  9389.0 0.998
  9389.1 0.999
  9389.2 1.000
  9389.3 0.999
  9389.4 0.997
  9389.5 0.998
  9389.6 0.999
  9389.7 1.000
  9389.8 1.000
  9389.9 1.000
  9390.0 1.000
  9390.1 1.000
  9390.2 1.000
  9390.3 1.000
  9390.4 1.000
  9390.5 1.000
  9390.6 1.000
  9390.7 1.000
  9390.8 1.000
  9390.9 0.999
  9391.0 0.997
  9391.1 0.998
  9391.2 0.999
  9391.3 1.000
  9391.4 1.000
  9391.5 0.999
  9391.6 1.000
  9391.7 1.000
  9391.8 1.000
  9391.9 1.000
  9392.0 1.000
  9392.1 1.000
  9392.2 1.000
  9392.3 1.000
  9392.4 0.999
  9392.5 0.997
  9392.6 0.971
  9392.7 0.897
  9392.8 0.856
  9392.9 0.909
  9393.0 0.978
  9393.1 0.998
  9393.2 0.998
  9393.3 0.982
  9393.4 0.954
  9393.5 0.969
  9393.6 0.995
  9393.7 0.999
  9393.8 0.998
  9393.9 0.998
  9394.0 0.999
  9394.1 1.000
  9394.2 1.000
  9394.3 1.000
  9394.4 1.000
  9394.5 0.994
  9394.6 0.947
  9394.7 0.923
  9394.8 0.977
  9394.9 0.999
  9395.0 1.000
  9395.1 1.000
  9395.2 0.999
  9395.3 0.998
  9395.4 0.999
  9395.5 0.999
  9395.6 1.000
  9395.7 1.000
  9395.8 1.000
  9395.9 1.000
  9396.0 1.000
  9396.1 1.000
  9396.2 1.000
  9396.3 0.996
  9396.4 0.980
  9396.5 0.980
  9396.6 0.996
  9396.7 1.000
  9396.8 1.000
  9396.9 1.000
  9397.0 1.000
  9397.1 0.999
  9397.2 0.997
  9397.3 0.999
  9397.4 1.000
  9397.5 1.000
  9397.6 1.000
  9397.7 1.000
  9397.8 1.000
  9397.9 1.000
  9398.0 1.000
  9398.1 1.000
  9398.2 1.000
  9398.3 1.000
  9398.4 1.000
  9398.5 1.000
  9398.6 1.000
  9398.7 1.000
  9398.8 0.998
  9398.9 0.998
  9399.0 0.999
  9399.1 0.998
  9399.2 0.995
  9399.3 0.997
  9399.4 1.000
  9399.5 1.000
  9399.6 1.000
  9399.7 1.000
  9399.8 1.000
  9399.9 1.000
  9400.0 1.000
  9400.1 1.000
  9400.2 1.000
  9400.3 1.000
  9400.4 1.000
  9400.5 1.000
  9400.6 1.000
  9400.7 1.000
  9400.8 0.999
  9400.9 0.995
  9401.0 0.915
  9401.1 0.793
  9401.2 0.876
  9401.3 0.983
  9401.4 0.998
  9401.5 1.000
  9401.6 1.000
  9401.7 1.000
  9401.8 1.000
  9401.9 1.000
  9402.0 1.000
  9402.1 1.000
  9402.2 1.000
  9402.3 1.000
  9402.4 1.000
  9402.5 0.999
  9402.6 0.999
  9402.7 0.999
  9402.8 0.996
  9402.9 0.992
  9403.0 0.995
  9403.1 0.998
  9403.2 0.997
  9403.3 0.995
  9403.4 0.994
  9403.5 0.996
  9403.6 0.998
  9403.7 0.998
  9403.8 0.998
  9403.9 0.997
  9404.0 0.997
  9404.1 0.996
  9404.2 0.991
  9404.3 0.974
  9404.4 0.979
  9404.5 0.992
  9404.6 0.993
  9404.7 0.988
  9404.8 0.985
  9404.9 0.986
  9405.0 0.983
  9405.1 0.977
  9405.2 0.968
  9405.3 0.950
  9405.4 0.886
  9405.5 0.708
  9405.6 0.548
  9405.7 0.491
  9405.8 0.504
  9405.9 0.599
  9406.0 0.788
  9406.1 0.924
  9406.2 0.959
  9406.3 0.972
  9406.4 0.980
  9406.5 0.984
  9406.6 0.980
  9406.7 0.974
  9406.8 0.975
  9406.9 0.977
  9407.0 0.976
  9407.1 0.975
  9407.2 0.977
  9407.3 0.980
  9407.4 0.993
  9407.5 0.997
  9407.6 0.997
  9407.7 0.997
  9407.8 0.998
  9407.9 0.998
  9408.0 0.998
  9408.1 0.998
  9408.2 0.999
  9408.3 0.998
  9408.4 0.995
  9408.5 0.991
  9408.6 0.990
  9408.7 0.990
  9408.8 0.989
  9408.9 0.991
  9409.0 0.997
  9409.1 1.000
  9409.2 1.000
  9409.3 1.000
  9409.4 0.997
  9409.5 0.983
  9409.6 0.982
  9409.7 0.996
  9409.8 1.000
  9409.9 1.000
  9410.0 0.992
  9410.1 0.946
  9410.2 0.937
  9410.3 0.985
  9410.4 0.999
  9410.5 1.000
  9410.6 0.999
  9410.7 0.999
  9410.8 0.999
  9410.9 0.999
  9411.0 1.000
  9411.1 1.000
  9411.2 0.999
  9411.3 0.999
  9411.4 0.998
  9411.5 0.997
  9411.6 0.998
  9411.7 0.999
  9411.8 0.998
  9411.9 0.998
  9412.0 0.998
  9412.1 0.998
  9412.2 0.997
  9412.3 0.997
  9412.4 0.996
  9412.5 0.991
  9412.6 0.979
  9412.7 0.971
  9412.8 0.975
  9412.9 0.983
  9413.0 0.979
  9413.1 0.918
  9413.2 0.763
  9413.3 0.678
  9413.4 0.623
  9413.5 0.574
  9413.6 0.676
  9413.7 0.889
  9413.8 0.976
  9413.9 0.935
  9414.0 0.793
  9414.1 0.793
  9414.2 0.927
  9414.3 0.982
  9414.4 0.982
  9414.5 0.976
  9414.6 0.962
  9414.7 0.925
  9414.8 0.796
  9414.9 0.640
  9415.0 0.618
  9415.1 0.747
  9415.2 0.901
  9415.3 0.957
  9415.4 0.974
  9415.5 0.983
  9415.6 0.987
  9415.7 0.990
  9415.8 0.992
  9415.9 0.994
  9416.0 0.995
  9416.1 0.996
  9416.2 0.996
  9416.3 0.996
  9416.4 0.997
  9416.5 0.998
  9416.6 0.998
  9416.7 0.998
  9416.8 0.995
  9416.9 0.977
  9417.0 0.969
  9417.1 0.988
  9417.2 0.989
  9417.3 0.979
  9417.4 0.988
  9417.5 0.998
  9417.6 0.999
  9417.7 0.999
  9417.8 0.999
  9417.9 0.999
  9418.0 0.999
  9418.1 0.999
  9418.2 0.998
  9418.3 0.994
  9418.4 0.994
  9418.5 0.998
  9418.6 1.000
  9418.7 1.000
  9418.8 1.000
  9418.9 1.000
  9419.0 1.000
  9419.1 1.000
  9419.2 1.000
  9419.3 1.000
  9419.4 1.000
  9419.5 1.000
  9419.6 1.000
  9419.7 1.000
  9419.8 1.000
  9419.9 0.999
