 12600.0 0.999
 12600.1 0.997
 12600.2 0.991
 12600.3 0.990
 12600.4 0.994
 12600.5 0.998
 12600.6 0.998
 12600.7 0.998
 12600.8 0.997
 12600.9 0.996
 12601.0 0.994
 12601.1 0.987
 12601.2 0.964
 12601.3 0.916
 12601.4 0.863
 12601.5 0.842
 12601.6 0.872
 12601.7 0.927
 12601.8 0.968
 12601.9 0.983
 12602.0 0.989
 12602.1 0.994
 12602.2 0.996
 12602.3 0.998
 12602.4 0.998
 12602.5 0.999
 12602.6 0.999
 12602.7 0.999
 12602.8 0.999
 12602.9 0.999
 12603.0 0.999
 12603.1 0.999
 12603.2 0.999
 12603.3 0.999
 12603.4 0.999
 12603.5 0.999
 12603.6 0.999
 12603.7 0.997
 12603.8 0.993
 12603.9 0.992
 12604.0 0.995
 12604.1 0.999
 12604.2 1.000
 12604.3 1.000
 12604.4 1.000
 12604.5 1.000
 12604.6 1.000
 12604.7 1.000
 12604.8 1.000
 12604.9 1.000
 12605.0 1.000
 12605.1 1.000
 12605.2 0.999
 12605.3 0.999
 12605.4 0.999
 12605.5 0.999
 12605.6 0.999
 12605.7 0.998
 12605.8 0.998
 12605.9 0.999
 12606.0 0.999
 12606.1 0.999
 12606.2 0.998
 12606.3 0.991
 12606.4 0.974
 12606.5 0.969
 12606.6 0.985
 12606.7 0.997
 12606.8 0.999
 12606.9 0.999
 12607.0 0.999
 12607.1 1.000
 12607.2 1.000
 12607.3 1.000
 12607.4 1.000
 12607.5 1.000
 12607.6 0.999
 12607.7 0.999
 12607.8 0.999
 12607.9 0.999
 12608.0 0.999
 12608.1 0.999
 12608.2 0.999
 12608.3 0.998
 12608.4 0.998
 12608.5 0.997
 12608.6 0.996
 12608.7 0.997
 12608.8 0.998
 12608.9 0.999
 12609.0 0.998
 12609.1 0.998
 12609.2 0.998
 12609.3 0.998
 12609.4 0.998
 12609.5 0.998
 12609.6 0.998
 12609.7 0.998
 12609.8 0.998
 12609.9 0.997
 12610.0 0.996
 12610.1 0.994
 12610.2 0.993
 12610.3 0.994
 12610.4 0.994
 12610.5 0.993
 12610.6 0.989
 12610.7 0.984
 12610.8 0.975
 12610.9 0.965
 12611.0 0.966
 12611.1 0.977
 12611.2 0.985
 12611.3 0.989
 12611.4 0.991
 12611.5 0.993
 12611.6 0.995
 12611.7 0.996
 12611.8 0.996
 12611.9 0.997
 12612.0 0.997
 12612.1 0.997
 12612.2 0.997
 12612.3 0.997
 12612.4 0.997
 12612.5 0.997
 12612.6 0.997
 12612.7 0.997
 12612.8 0.997
 12612.9 0.997
 12613.0 0.996
 12613.1 0.995
 12613.2 0.993
 12613.3 0.989
 12613.4 0.986
 12613.5 0.986
 12613.6 0.983
 12613.7 0.969
 12613.8 0.930
 12613.9 0.860
 12614.0 0.790
 12614.1 0.761
 12614.2 0.790
 12614.3 0.860
 12614.4 0.930
 12614.5 0.969
 12614.6 0.983
 12614.7 0.989
 12614.8 0.992
 12614.9 0.994
 12615.0 0.995
 12615.1 0.996
 12615.2 0.997
 12615.3 0.997
 12615.4 0.997
 12615.5 0.997
 12615.6 0.995
 12615.7 0.980
 12615.8 0.910
 12615.9 0.834
 12616.0 0.861
 12616.1 0.949
 12616.2 0.993
 12616.3 0.997
 12616.4 0.997
 12616.5 0.998
 12616.6 0.999
 12616.7 0.999
 12616.8 0.999
 12616.9 0.999
 12617.0 0.999
 12617.1 0.999
 12617.2 0.999
 12617.3 0.999
 12617.4 1.000
 12617.5 1.000
 12617.6 1.000
 12617.7 1.000
 12617.8 1.000
 12617.9 1.000
 12618.0 1.000
 12618.1 1.000
 12618.2 1.000
 12618.3 0.999
 12618.4 1.000
 12618.5 1.000
 12618.6 1.000
 12618.7 1.000
 12618.8 1.000
 12618.9 0.999
 12619.0 0.999
 12619.1 1.000
 12619.2 1.000
 12619.3 1.000
 12619.4 0.998
 12619.5 0.995
 12619.6 0.993
 12619.7 0.996
 12619.8 0.999
 12619.9 1.000
 12620.0 1.000
 12620.1 1.000
 12620.2 1.000
 12620.3 1.000
 12620.4 1.000
 12620.5 1.000
 12620.6 1.000
 12620.7 1.000
 12620.8 1.000
 12620.9 1.000
 12621.0 1.000
 12621.1 1.000
 12621.2 1.000
 12621.3 1.000
 12621.4 1.000
 12621.5 0.999
 12621.6 0.999
 12621.7 0.999
 12621.8 0.999
 12621.9 0.999
 12622.0 0.999
 12622.1 0.998
 12622.2 0.999
 12622.3 1.000
 12622.4 1.000
 12622.5 1.000
 12622.6 1.000
 12622.7 1.000
 12622.8 1.000
 12622.9 1.000
 12623.0 1.000
 12623.1 1.000
 12623.2 1.000
 12623.3 0.999
 12623.4 0.996
 12623.5 0.990
 12623.6 0.988
 12623.7 0.993
 12623.8 0.997
 12623.9 0.997
 12624.0 0.996
 12624.1 0.997
 12624.2 0.997
 12624.3 0.997
 12624.4 0.998
 12624.5 0.998
 12624.6 0.999
 12624.7 0.999
 12624.8 0.999
 12624.9 1.000
 12625.0 1.000
 12625.1 1.000
 12625.2 1.000
 12625.3 0.999
 12625.4 0.999
 12625.5 0.997
 12625.6 0.994
 12625.7 0.992
 12625.8 0.993
 12625.9 0.997
 12626.0 0.999
 12626.1 0.999
 12626.2 0.999
 12626.3 0.999
 12626.4 0.999
 12626.5 0.999
 12626.6 0.999
 12626.7 0.997
 12626.8 0.995
 12626.9 0.996
 12627.0 0.998
 12627.1 0.998
 12627.2 0.997
 12627.3 0.995
 12627.4 0.983
 12627.5 0.941
 12627.6 0.874
 12627.7 0.855
 12627.8 0.909
 12627.9 0.968
 12628.0 0.991
 12628.1 0.996
 12628.2 0.997
 12628.3 0.998
 12628.4 0.998
 12628.5 0.999
 12628.6 0.999
 12628.7 0.999
 12628.8 0.999
 12628.9 0.999
 12629.0 1.000
 12629.1 1.000
 12629.2 1.000
 12629.3 0.999
 12629.4 0.999
 12629.5 0.999
 12629.6 1.000
 12629.7 1.000
 12629.8 1.000
 12629.9 1.000
 12630.0 1.000
 12630.1 1.000
 12630.2 0.999
 12630.3 0.997
 12630.4 0.996
 12630.5 0.998
 12630.6 0.999
 12630.7 0.999
 12630.8 0.999
 12630.9 1.000
 12631.0 1.000
 12631.1 1.000
 12631.2 0.999
 12631.3 0.996
 12631.4 0.986
 12631.5 0.980
 12631.6 0.985
 12631.7 0.991
 12631.8 0.991
 12631.9 0.989
 12632.0 0.992
 12632.1 0.996
 12632.2 0.999
 12632.3 0.999
 12632.4 0.995
 12632.5 0.990
 12632.6 0.990
 12632.7 0.996
 12632.8 0.999
 12632.9 1.000
 12633.0 1.000
 12633.1 1.000
 12633.2 1.000
 12633.3 1.000
 12633.4 1.000
 12633.5 1.000
 12633.6 1.000
 12633.7 1.000
 12633.8 1.000
 12633.9 1.000
 12634.0 0.999
 12634.1 0.998
 12634.2 0.998
 12634.3 0.999
 12634.4 0.999
 12634.5 0.998
 12634.6 0.997
 12634.7 0.997
 12634.8 0.998
 12634.9 0.999
 12635.0 0.999
 12635.1 1.000
 12635.2 1.000
 12635.3 1.000
 12635.4 1.000
 12635.5 0.999
 12635.6 0.999
 12635.7 0.999
 12635.8 1.000
 12635.9 1.000
 12636.0 1.000
 12636.1 1.000
 12636.2 1.000
 12636.3 1.000
 12636.4 1.000
 12636.5 1.000
 12636.6 1.000
 12636.7 1.000
 12636.8 1.000
 12636.9 1.000
 12637.0 0.999
 12637.1 0.998
 12637.2 0.999
 12637.3 0.999
 12637.4 0.999
 12637.5 0.999
 12637.6 0.999
 12637.7 0.999
 12637.8 0.999
 12637.9 0.999
 12638.0 0.998
 12638.1 0.995
 12638.2 0.991
 12638.3 0.989
 12638.4 0.978
 12638.5 0.887
 12638.6 0.728
 12638.7 0.633
 12638.8 0.717
 12638.9 0.877
 12639.0 0.977
 12639.1 0.992
 12639.2 0.995
 12639.3 0.997
 12639.4 0.998
 12639.5 0.998
 12639.6 0.999
 12639.7 0.999
 12639.8 0.999
 12639.9 0.999
 12640.0 0.999
 12640.1 0.999
 12640.2 0.997
 12640.3 0.993
 12640.4 0.992
 12640.5 0.996
 12640.6 0.999
 12640.7 0.999
 12640.8 0.996
 12640.9 0.988
 12641.0 0.983
 12641.1 0.987
 12641.2 0.995
 12641.3 0.999
 12641.4 0.999
 12641.5 0.999
 12641.6 0.999
 12641.7 1.000
 12641.8 1.000
 12641.9 0.999
 12642.0 1.000
 12642.1 1.000
 12642.2 1.000
 12642.3 1.000
 12642.4 1.000
 12642.5 1.000
 12642.6 1.000
 12642.7 1.000
 12642.8 1.000
 12642.9 1.000
 12643.0 1.000
 12643.1 1.000
 12643.2 1.000
 12643.3 1.000
 12643.4 1.000
 12643.5 1.000
 12643.6 1.000
 12643.7 1.000
 12643.8 1.000
 12643.9 1.000
 12644.0 1.000
 12644.1 1.000
 12644.2 0.999
 12644.3 0.999
 12644.4 0.998
 12644.5 0.999
 12644.6 0.998
 12644.7 0.996
 12644.8 0.993
 12644.9 0.994
 12645.0 0.998
 12645.1 0.999
 12645.2 1.000
 12645.3 1.000
 12645.4 1.000
 12645.5 1.000
 12645.6 1.000
 12645.7 1.000
 12645.8 1.000
 12645.9 1.000
 12646.0 1.000
 12646.1 1.000
 12646.2 1.000
 12646.3 1.000
 12646.4 1.000
 12646.5 1.000
 12646.6 1.000
 12646.7 1.000
 12646.8 1.000
 12646.9 1.000
 12647.0 1.000
 12647.1 1.000
 12647.2 0.999
 12647.3 0.999
 12647.4 1.000
 12647.5 1.000
 12647.6 1.000
 12647.7 0.999
 12647.8 0.999
 12647.9 0.999
 12648.0 0.998
 12648.1 0.998
 12648.2 0.997
 12648.3 0.997
 12648.4 0.995
 12648.5 0.968
 12648.6 0.860
 12648.7 0.738
 12648.8 0.755
 12648.9 0.885
 12649.0 0.979
 12649.1 0.996
 12649.2 0.998
 12649.3 0.999
 12649.4 0.999
 12649.5 0.999
 12649.6 0.999
 12649.7 0.999
 12649.8 0.999
 12649.9 0.998
 12650.0 0.999
 12650.1 0.999
 12650.2 0.999
 12650.3 0.998
 12650.4 0.994
 12650.5 0.990
 12650.6 0.992
 12650.7 0.997
 12650.8 0.999
 12650.9 0.996
 12651.0 0.993
 12651.1 0.994
 12651.2 0.998
 12651.3 0.999
 12651.4 0.999
 12651.5 0.998
 12651.6 0.999
 12651.7 0.999
 12651.8 1.000
 12651.9 0.999
 12652.0 0.999
 12652.1 1.000
 12652.2 1.000
 12652.3 0.999
 12652.4 0.998
 12652.5 0.997
 12652.6 0.994
 12652.7 0.992
 12652.8 0.994
 12652.9 0.998
 12653.0 1.000
 12653.1 1.000
 12653.2 1.000
 12653.3 1.000
 12653.4 1.000
 12653.5 1.000
 12653.6 1.000
 12653.7 1.000
 12653.8 1.000
 12653.9 1.000
 12654.0 1.000
 12654.1 1.000
 12654.2 1.000
 12654.3 1.000
 12654.4 1.000
 12654.5 1.000
 12654.6 1.000
 12654.7 1.000
 12654.8 1.000
 12654.9 1.000
 12655.0 0.999
 12655.1 0.998
 12655.2 0.991
 12655.3 0.976
 12655.4 0.968
 12655.5 0.969
 12655.6 0.973
 12655.7 0.984
 12655.8 0.996
 12655.9 0.998
 12656.0 0.999
 12656.1 0.999
 12656.2 0.999
 12656.3 1.000
 12656.4 1.000
 12656.5 1.000
 12656.6 1.000
 12656.7 0.999
 12656.8 0.999
 12656.9 0.999
 12657.0 0.999
 12657.1 0.999
 12657.2 0.999
 12657.3 0.999
 12657.4 1.000
 12657.5 1.000
 12657.6 1.000
 12657.7 1.000
 12657.8 1.000
 12657.9 1.000
 12658.0 1.000
 12658.1 1.000
 12658.2 1.000
 12658.3 1.000
 12658.4 1.000
 12658.5 0.999
 12658.6 0.999
 12658.7 0.999
 12658.8 1.000
 12658.9 1.000
 12659.0 1.000
 12659.1 1.000
 12659.2 1.000
 12659.3 1.000
 12659.4 1.000
 12659.5 1.000
 12659.6 1.000
 12659.7 0.999
 12659.8 0.999
 12659.9 0.998
 12660.0 0.998
 12660.1 0.999
 12660.2 1.000
 12660.3 1.000
 12660.4 0.999
 12660.5 0.999
 12660.6 0.999
 12660.7 1.000
 12660.8 1.000
 12660.9 0.999
 12661.0 0.998
 12661.1 0.997
 12661.2 0.999
 12661.3 1.000
 12661.4 0.999
 12661.5 0.999
 12661.6 1.000
 12661.7 1.000
 12661.8 1.000
 12661.9 1.000
 12662.0 1.000
 12662.1 1.000
 12662.2 1.000
 12662.3 1.000
 12662.4 1.000
 12662.5 1.000
 12662.6 0.999
 12662.7 0.999
 12662.8 1.000
 12662.9 1.000
 12663.0 1.000
 12663.1 1.000
 12663.2 1.000
 12663.3 1.000
 12663.4 1.000
 12663.5 1.000
 12663.6 1.000
 12663.7 1.000
 12663.8 1.000
 12663.9 0.999
 12664.0 0.999
 12664.1 1.000
 12664.2 1.000
 12664.3 1.000
 12664.4 1.000
 12664.5 1.000
 12664.6 1.000
 12664.7 1.000
 12664.8 1.000
 12664.9 1.000
 12665.0 1.000
 12665.1 1.000
 12665.2 1.000
 12665.3 1.000
 12665.4 1.000
 12665.5 1.000
 12665.6 1.000
 12665.7 1.000
 12665.8 1.000
 12665.9 1.000
 12666.0 1.000
 12666.1 0.999
 12666.2 0.998
 12666.3 0.996
 12666.4 0.996
 12666.5 0.997
 12666.6 0.999
 12666.7 0.997
 12666.8 0.994
 12666.9 0.991
 12667.0 0.982
 12667.1 0.973
 12667.2 0.980
 12667.3 0.994
 12667.4 0.999
 12667.5 0.999
 12667.6 0.999
 12667.7 0.999
 12667.8 1.000
 12667.9 1.000
 12668.0 0.999
 12668.1 0.999
 12668.2 0.999
 12668.3 0.999
 12668.4 0.998
 12668.5 0.997
 12668.6 0.997
 12668.7 0.998
 12668.8 0.999
 12668.9 0.999
 12669.0 1.000
 12669.1 1.000
 12669.2 1.000
 12669.3 0.999
 12669.4 0.999
 12669.5 0.999
 12669.6 0.999
 12669.7 0.999
 12669.8 1.000
 12669.9 0.999
 12670.0 0.995
 12670.1 0.986
 12670.2 0.984
 12670.3 0.992
 12670.4 0.998
 12670.5 0.999
 12670.6 0.997
 12670.7 0.990
 12670.8 0.985
 12670.9 0.988
 12671.0 0.991
 12671.1 0.990
 12671.2 0.994
 12671.3 0.998
 12671.4 0.998
 12671.5 0.998
 12671.6 0.998
 12671.7 0.999
 12671.8 1.000
 12671.9 1.000
 12672.0 1.000
 12672.1 1.000
 12672.2 1.000
 12672.3 1.000
 12672.4 1.000
 12672.5 1.000
 12672.6 1.000
 12672.7 1.000
 12672.8 1.000
 12672.9 0.999
 12673.0 0.999
 12673.1 1.000
 12673.2 1.000
 12673.3 1.000
 12673.4 1.000
 12673.5 1.000
 12673.6 1.000
 12673.7 1.000
 12673.8 1.000
 12673.9 1.000
 12674.0 1.000
 12674.1 1.000
 12674.2 1.000
 12674.3 1.000
 12674.4 1.000
 12674.5 1.000
 12674.6 1.000
 12674.7 1.000
 12674.8 1.000
 12674.9 1.000
 12675.0 1.000
 12675.1 1.000
 12675.2 1.000
 12675.3 0.999
 12675.4 0.999
 12675.5 0.999
 12675.6 0.999
 12675.7 0.999
 12675.8 0.996
 12675.9 0.994
 12676.0 0.996
 12676.1 0.999
 12676.2 0.999
 12676.3 0.998
 12676.4 0.998
 12676.5 0.999
 12676.6 0.999
 12676.7 0.999
 12676.8 0.999
 12676.9 0.998
 12677.0 0.996
 12677.1 0.995
 12677.2 0.996
 12677.3 0.998
 12677.4 0.998
 12677.5 0.998
 12677.6 0.998
 12677.7 0.998
 12677.8 0.997
 12677.9 0.996
 12678.0 0.996
 12678.1 0.995
 12678.2 0.995
 12678.3 0.993
 12678.4 0.992
 12678.5 0.989
 12678.6 0.984
 12678.7 0.973
 12678.8 0.956
 12678.9 0.923
 12679.0 0.851
 12679.1 0.765
 12679.2 0.731
 12679.3 0.781
 12679.4 0.870
 12679.5 0.936
 12679.6 0.964
 12679.7 0.975
 12679.8 0.983
 12679.9 0.989
 12680.0 0.991
 12680.1 0.991
 12680.2 0.989
 12680.3 0.990
 12680.4 0.994
 12680.5 0.994
 12680.6 0.989
 12680.7 0.986
 12680.8 0.990
 12680.9 0.995
 12681.0 0.996
 12681.1 0.996
 12681.2 0.997
 12681.3 0.998
 12681.4 0.998
 12681.5 0.997
 12681.6 0.997
 12681.7 0.997
 12681.8 0.998
 12681.9 0.998
 12682.0 0.997
 12682.1 0.998
 12682.2 0.998
 12682.3 0.997
 12682.4 0.997
 12682.5 0.997
 12682.6 0.997
 12682.7 0.997
 12682.8 0.996
 12682.9 0.996
 12683.0 0.996
 12683.1 0.996
 12683.2 0.995
 12683.3 0.993
 12683.4 0.991
 12683.5 0.987
 12683.6 0.981
 12683.7 0.976
 12683.8 0.977
 12683.9 0.983
 12684.0 0.989
 12684.1 0.992
 12684.2 0.994
 12684.3 0.995
 12684.4 0.996
 12684.5 0.997
 12684.6 0.997
 12684.7 0.998
 12684.8 0.998
 12684.9 0.998
 12685.0 0.998
 12685.1 0.999
 12685.2 0.998
 12685.3 0.996
 12685.4 0.994
 12685.5 0.995
 12685.6 0.998
 12685.7 0.999
 12685.8 0.999
 12685.9 0.998
 12686.0 0.992
 12686.1 0.987
 12686.2 0.989
 12686.3 0.996
 12686.4 0.999
 12686.5 0.999
 12686.6 0.999
 12686.7 0.999
 12686.8 0.999
 12686.9 0.999
 12687.0 0.999
 12687.1 1.000
 12687.2 1.000
 12687.3 0.999
 12687.4 0.999
 12687.5 0.999
 12687.6 0.999
 12687.7 0.998
 12687.8 0.995
 12687.9 0.992
 12688.0 0.993
 12688.1 0.998
 12688.2 0.999
 12688.3 1.000
 12688.4 0.999
 12688.5 0.999
 12688.6 0.998
 12688.7 0.999
 12688.8 0.999
 12688.9 0.999
 12689.0 1.000
 12689.1 1.000
 12689.2 1.000
 12689.3 1.000
 12689.4 1.000
 12689.5 1.000
 12689.6 1.000
 12689.7 1.000
 12689.8 1.000
 12689.9 1.000
 12690.0 1.000
 12690.1 1.000
 12690.2 1.000
 12690.3 0.999
 12690.4 0.999
 12690.5 0.999
 12690.6 0.999
 12690.7 0.999
 12690.8 0.998
 12690.9 0.997
 12691.0 0.995
 12691.1 0.992
 12691.2 0.993
 12691.3 0.996
 12691.4 0.998
 12691.5 0.999
 12691.6 0.999
 12691.7 1.000
 12691.8 1.000
 12691.9 1.000
 12692.0 1.000
 12692.1 1.000
 12692.2 1.000
 12692.3 1.000
 12692.4 1.000
 12692.5 1.000
 12692.6 1.000
 12692.7 1.000
 12692.8 1.000
 12692.9 1.000
 12693.0 0.999
 12693.1 0.999
 12693.2 1.000
 12693.3 0.999
 12693.4 0.998
 12693.5 0.997
 12693.6 0.998
 12693.7 0.998
 12693.8 0.999
 12693.9 0.999
 12694.0 0.999
 12694.1 0.998
 12694.2 0.999
 12694.3 0.999
 12694.4 0.999
 12694.5 0.999
 12694.6 0.998
 12694.7 0.998
 12694.8 0.998
 12694.9 0.999
 12695.0 0.999
 12695.1 0.999
 12695.2 0.999
 12695.3 0.999
 12695.4 0.999
 12695.5 1.000
 12695.6 1.000
 12695.7 1.000
 12695.8 1.000
 12695.9 0.999
 12696.0 0.999
 12696.1 0.999
 12696.2 0.999
 12696.3 0.998
 12696.4 0.998
 12696.5 0.998
 12696.6 0.999
 12696.7 1.000
 12696.8 1.000
 12696.9 1.000
 12697.0 1.000
 12697.1 1.000
 12697.2 1.000
 12697.3 1.000
 12697.4 1.000
 12697.5 1.000
 12697.6 1.000
 12697.7 1.000
 12697.8 0.999
 12697.9 0.997
 12698.0 0.993
 12698.1 0.993
 12698.2 0.997
 12698.3 0.999
 12698.4 0.999
 12698.5 0.999
 12698.6 0.999
 12698.7 0.998
 12698.8 0.992
 12698.9 0.975
 12699.0 0.966
 12699.1 0.978
 12699.2 0.994
 12699.3 0.999
 12699.4 0.999
 12699.5 1.000
 12699.6 1.000
 12699.7 1.000
 12699.8 1.000
 12699.9 1.000
 12700.0 1.000
 12700.1 1.000
 12700.2 1.000
 12700.3 1.000
 12700.4 1.000
 12700.5 1.000
 12700.6 1.000
 12700.7 1.000
 12700.8 1.000
 12700.9 1.000
 12701.0 1.000
 12701.1 1.000
 12701.2 1.000
 12701.3 1.000
 12701.4 1.000
 12701.5 1.000
 12701.6 1.000
 12701.7 1.000
 12701.8 1.000
 12701.9 1.000
 12702.0 1.000
 12702.1 1.000
 12702.2 1.000
 12702.3 1.000
 12702.4 1.000
 12702.5 1.000
 12702.6 1.000
 12702.7 1.000
 12702.8 0.999
 12702.9 0.999
 12703.0 0.998
 12703.1 0.998
 12703.2 0.998
 12703.3 0.999
 12703.4 0.999
 12703.5 0.999
 12703.6 0.999
 12703.7 0.999
 12703.8 1.000
 12703.9 1.000
 12704.0 1.000
 12704.1 1.000
 12704.2 1.000
 12704.3 1.000
 12704.4 1.000
 12704.5 1.000
 12704.6 1.000
 12704.7 1.000
 12704.8 1.000
 12704.9 1.000
 12705.0 1.000
 12705.1 1.000
 12705.2 1.000
 12705.3 1.000
 12705.4 1.000
 12705.5 1.000
 12705.6 0.998
 12705.7 0.997
 12705.8 0.997
 12705.9 0.999
 12706.0 1.000
 12706.1 1.000
 12706.2 1.000
 12706.3 1.000
 12706.4 1.000
 12706.5 1.000
 12706.6 1.000
 12706.7 1.000
 12706.8 1.000
 12706.9 1.000
 12707.0 0.999
 12707.1 1.000
 12707.2 1.000
 12707.3 1.000
 12707.4 1.000
 12707.5 1.000
 12707.6 1.000
 12707.7 1.000
 12707.8 1.000
 12707.9 1.000
 12708.0 1.000
 12708.1 1.000
 12708.2 1.000
 12708.3 0.999
 12708.4 0.999
 12708.5 0.999
 12708.6 1.000
 12708.7 1.000
 12708.8 0.999
 12708.9 0.999
 12709.0 0.999
 12709.1 0.998
 12709.2 0.999
 12709.3 0.999
 12709.4 0.999
 12709.5 0.999
 12709.6 1.000
 12709.7 1.000
 12709.8 1.000
 12709.9 1.000
 12710.0 0.999
 12710.1 0.999
 12710.2 1.000
 12710.3 1.000
 12710.4 1.000
 12710.5 1.000
 12710.6 1.000
 12710.7 1.000
 12710.8 1.000
 12710.9 1.000
 12711.0 1.000
 12711.1 1.000
 12711.2 1.000
 12711.3 0.999
 12711.4 0.999
 12711.5 0.999
 12711.6 0.998
 12711.7 0.998
 12711.8 0.999
 12711.9 0.999
 12712.0 0.998
 12712.1 0.992
 12712.2 0.987
 12712.3 0.989
 12712.4 0.995
 12712.5 0.998
 12712.6 0.998
 12712.7 0.997
 12712.8 0.996
 12712.9 0.997
 12713.0 0.999
 12713.1 0.999
 12713.2 0.999
 12713.3 1.000
 12713.4 1.000
 12713.5 1.000
 12713.6 1.000
 12713.7 1.000
 12713.8 1.000
 12713.9 1.000
 12714.0 1.000
 12714.1 1.000
 12714.2 1.000
 12714.3 1.000
 12714.4 1.000
 12714.5 1.000
 12714.6 1.000
 12714.7 1.000
 12714.8 0.999
 12714.9 0.996
 12715.0 0.993
 12715.1 0.994
 12715.2 0.997
 12715.3 0.999
 12715.4 1.000
 12715.5 1.000
 12715.6 1.000
 12715.7 1.000
 12715.8 1.000
 12715.9 1.000
 12716.0 1.000
 12716.1 1.000
 12716.2 1.000
 12716.3 1.000
 12716.4 1.000
 12716.5 1.000
 12716.6 1.000
 12716.7 1.000
 12716.8 1.000
 12716.9 1.000
 12717.0 0.999
 12717.1 0.999
 12717.2 0.999
 12717.3 1.000
 12717.4 1.000
 12717.5 1.000
 12717.6 1.000
 12717.7 1.000
 12717.8 1.000
 12717.9 1.000
 12718.0 1.000
 12718.1 1.000
 12718.2 1.000
 12718.3 1.000
 12718.4 1.000
 12718.5 1.000
 12718.6 1.000
 12718.7 1.000
 12718.8 1.000
 12718.9 1.000
 12719.0 1.000
 12719.1 1.000
 12719.2 1.000
 12719.3 1.000
 12719.4 1.000
 12719.5 1.000
 12719.6 1.000
 12719.7 1.000
 12719.8 0.999
 12719.9 0.993
 12720.0 0.986
 12720.1 0.986
 12720.2 0.988
 12720.3 0.989
 12720.4 0.993
 12720.5 0.997
 12720.6 0.999
 12720.7 0.999
 12720.8 0.999
 12720.9 0.998
 12721.0 0.999
 12721.1 0.999
 12721.2 1.000
 12721.3 1.000
 12721.4 1.000
 12721.5 0.999
 12721.6 0.994
 12721.7 0.987
 12721.8 0.988
 12721.9 0.995
 12722.0 0.999
 12722.1 1.000
 12722.2 1.000
 12722.3 1.000
 12722.4 0.999
 12722.5 0.999
 12722.6 1.000
 12722.7 1.000
 12722.8 1.000
 12722.9 1.000
 12723.0 1.000
 12723.1 1.000
 12723.2 1.000
 12723.3 1.000
 12723.4 1.000
 12723.5 1.000
 12723.6 1.000
 12723.7 1.000
 12723.8 1.000
 12723.9 1.000
 12724.0 1.000
 12724.1 1.000
 12724.2 1.000
 12724.3 1.000
 12724.4 1.000
 12724.5 1.000
 12724.6 0.999
 12724.7 0.998
 12724.8 0.998
 12724.9 0.999
 12725.0 1.000
 12725.1 1.000
 12725.2 0.999
 12725.3 0.998
 12725.4 0.998
 12725.5 0.999
 12725.6 1.000
 12725.7 0.999
 12725.8 0.998
 12725.9 0.996
 12726.0 0.997
 12726.1 0.998
 12726.2 0.998
 12726.3 0.997
 12726.4 0.994
 12726.5 0.992
 12726.6 0.994
 12726.7 0.996
 12726.8 0.996
 12726.9 0.994
 12727.0 0.993
 12727.1 0.995
 12727.2 0.996
 12727.3 0.994
 12727.4 0.994
 12727.5 0.997
 12727.6 0.999
 12727.7 1.000
 12727.8 1.000
 12727.9 1.000
 12728.0 1.000
 12728.1 1.000
 12728.2 1.000
 12728.3 1.000
 12728.4 1.000
 12728.5 1.000
 12728.6 1.000
 12728.7 1.000
 12728.8 1.000
 12728.9 1.000
 12729.0 1.000
 12729.1 1.000
 12729.2 1.000
 12729.3 1.000
 12729.4 0.999
 12729.5 0.999
 12729.6 0.999
 12729.7 0.998
 12729.8 0.995
 12729.9 0.989
 12730.0 0.988
 12730.1 0.994
 12730.2 0.998
 12730.3 1.000
 12730.4 1.000
 12730.5 1.000
 12730.6 0.999
 12730.7 0.998
 12730.8 0.997
 12730.9 0.998
 12731.0 0.999
 12731.1 1.000
 12731.2 1.000
 12731.3 1.000
 12731.4 1.000
 12731.5 1.000
 12731.6 1.000
 12731.7 1.000
 12731.8 1.000
 12731.9 0.999
 12732.0 0.998
 12732.1 0.995
 12732.2 0.991
 12732.3 0.992
 12732.4 0.997
 12732.5 0.999
 12732.6 0.999
 12732.7 0.998
 12732.8 0.999
 12732.9 1.000
 12733.0 1.000
 12733.1 1.000
 12733.2 1.000
 12733.3 1.000
 12733.4 0.999
 12733.5 0.999
 12733.6 0.994
 12733.7 0.985
 12733.8 0.983
 12733.9 0.991
 12734.0 0.998
 12734.1 1.000
 12734.2 1.000
 12734.3 0.999
 12734.4 0.999
 12734.5 0.999
 12734.6 0.999
 12734.7 1.000
 12734.8 1.000
 12734.9 1.000
 12735.0 1.000
 12735.1 1.000
 12735.2 1.000
 12735.3 1.000
 12735.4 1.000
 12735.5 1.000
 12735.6 0.999
 12735.7 0.994
 12735.8 0.978
 12735.9 0.964
 12736.0 0.971
 12736.1 0.988
 12736.2 0.997
 12736.3 0.995
 12736.4 0.993
 12736.5 0.995
 12736.6 0.999
 12736.7 1.000
 12736.8 1.000
 12736.9 1.000
 12737.0 1.000
 12737.1 1.000
 12737.2 1.000
 12737.3 1.000
 12737.4 1.000
 12737.5 1.000
 12737.6 1.000
 12737.7 1.000
 12737.8 1.000
 12737.9 1.000
 12738.0 0.999
 12738.1 0.999
 12738.2 0.995
 12738.3 0.984
 12738.4 0.978
 12738.5 0.984
 12738.6 0.986
 12738.7 0.982
 12738.8 0.984
 12738.9 0.992
 12739.0 0.997
 12739.1 0.997
 12739.2 0.994
 12739.3 0.994
 12739.4 0.997
 12739.5 0.999
 12739.6 0.999
 12739.7 0.998
 12739.8 0.998
 12739.9 0.995
 12740.0 0.976
 12740.1 0.933
 12740.2 0.905
 12740.3 0.930
 12740.4 0.974
 12740.5 0.995
 12740.6 0.998
 12740.7 0.998
 12740.8 0.996
 12740.9 0.993
 12741.0 0.994
 12741.1 0.998
 12741.2 0.999
 12741.3 1.000
 12741.4 0.999
 12741.5 0.997
 12741.6 0.997
 12741.7 0.998
 12741.8 0.998
 12741.9 0.998
 12742.0 0.999
 12742.1 0.999
 12742.2 1.000
 12742.3 1.000
 12742.4 1.000
 12742.5 1.000
 12742.6 1.000
 12742.7 1.000
 12742.8 1.000
 12742.9 0.999
 12743.0 0.997
 12743.1 0.977
 12743.2 0.937
 12743.3 0.930
 12743.4 0.966
 12743.5 0.994
 12743.6 0.998
 12743.7 0.997
 12743.8 0.998
 12743.9 0.999
 12744.0 1.000
 12744.1 1.000
 12744.2 1.000
 12744.3 1.000
 12744.4 1.000
 12744.5 1.000
 12744.6 1.000
 12744.7 0.998
 12744.8 0.992
 12744.9 0.987
 12745.0 0.991
 12745.1 0.998
 12745.2 1.000
 12745.3 1.000
 12745.4 1.000
 12745.5 1.000
 12745.6 1.000
 12745.7 1.000
 12745.8 1.000
 12745.9 1.000
 12746.0 1.000
 12746.1 1.000
 12746.2 1.000
 12746.3 0.999
 12746.4 0.997
 12746.5 0.993
 12746.6 0.994
 12746.7 0.998
 12746.8 1.000
 12746.9 1.000
 12747.0 1.000
 12747.1 1.000
 12747.2 1.000
 12747.3 0.999
 12747.4 0.999
 12747.5 0.998
 12747.6 0.998
 12747.7 0.998
 12747.8 0.999
 12747.9 0.999
 12748.0 0.999
 12748.1 0.998
 12748.2 0.997
 12748.3 0.997
 12748.4 0.998
 12748.5 0.999
 12748.6 0.999
 12748.7 0.999
 12748.8 0.999
 12748.9 0.999
 12749.0 0.999
 12749.1 0.998
 12749.2 0.998
 12749.3 0.997
 12749.4 0.995
 12749.5 0.992
 12749.6 0.989
 12749.7 0.986
 12749.8 0.984
 12749.9 0.986
 12750.0 0.991
 12750.1 0.996
 12750.2 0.998
 12750.3 0.999
 12750.4 0.999
 12750.5 0.999
 12750.6 0.999
 12750.7 0.999
 12750.8 0.999
 12750.9 0.999
 12751.0 0.999
 12751.1 1.000
 12751.2 1.000
 12751.3 1.000
 12751.4 1.000
 12751.5 1.000
 12751.6 1.000
 12751.7 1.000
 12751.8 0.999
 12751.9 0.999
 12752.0 0.999
 12752.1 1.000
 12752.2 1.000
 12752.3 1.000
 12752.4 1.000
 12752.5 1.000
 12752.6 1.000
 12752.7 1.000
 12752.8 1.000
 12752.9 1.000
 12753.0 1.000
 12753.1 1.000
 12753.2 1.000
 12753.3 1.000
 12753.4 1.000
 12753.5 1.000
 12753.6 1.000
 12753.7 1.000
 12753.8 1.000
 12753.9 1.000
 12754.0 1.000
 12754.1 1.000
 12754.2 1.000
 12754.3 0.999
 12754.4 0.998
 12754.5 0.999
 12754.6 0.999
 12754.7 0.999
 12754.8 1.000
 12754.9 1.000
 12755.0 1.000
 12755.1 1.000
 12755.2 1.000
 12755.3 1.000
 12755.4 1.000
 12755.5 1.000
 12755.6 1.000
 12755.7 1.000
 12755.8 1.000
 12755.9 1.000
 12756.0 1.000
 12756.1 1.000
 12756.2 1.000
 12756.3 1.000
 12756.4 1.000
 12756.5 1.000
 12756.6 1.000
 12756.7 1.000
 12756.8 1.000
 12756.9 1.000
 12757.0 0.999
 12757.1 0.996
 12757.2 0.992
 12757.3 0.992
 12757.4 0.996
 12757.5 0.999
 12757.6 1.000
 12757.7 1.000
 12757.8 1.000
 12757.9 0.999
 12758.0 0.998
 12758.1 0.996
 12758.2 0.994
 12758.3 0.993
 12758.4 0.994
 12758.5 0.996
 12758.6 0.998
 12758.7 0.999
 12758.8 0.999
 12758.9 0.999
 12759.0 0.998
 12759.1 0.998
 12759.2 0.999
 12759.3 1.000
 12759.4 1.000
 12759.5 1.000
 12759.6 1.000
 12759.7 1.000
 12759.8 1.000
 12759.9 1.000
 12760.0 0.999
 12760.1 0.998
 12760.2 0.997
 12760.3 0.998
 12760.4 0.999
 12760.5 1.000
 12760.6 1.000
 12760.7 1.000
 12760.8 0.999
 12760.9 0.998
 12761.0 0.997
 12761.1 0.998
 12761.2 0.998
 12761.3 0.996
 12761.4 0.995
 12761.5 0.997
 12761.6 0.999
 12761.7 0.999
 12761.8 1.000
 12761.9 1.000
 12762.0 1.000
 12762.1 0.999
 12762.2 0.999
 12762.3 1.000
 12762.4 1.000
 12762.5 1.000
 12762.6 1.000
 12762.7 1.000
 12762.8 1.000
 12762.9 1.000
 12763.0 1.000
 12763.1 1.000
 12763.2 1.000
 12763.3 1.000
 12763.4 1.000
 12763.5 1.000
 12763.6 1.000
 12763.7 1.000
 12763.8 1.000
 12763.9 0.999
 12764.0 0.997
 12764.1 0.994
 12764.2 0.995
 12764.3 0.998
 12764.4 1.000
 12764.5 1.000
 12764.6 1.000
 12764.7 1.000
 12764.8 1.000
 12764.9 1.000
 12765.0 0.999
 12765.1 0.997
 12765.2 0.997
 12765.3 0.999
 12765.4 0.999
 12765.5 1.000
 12765.6 1.000
 12765.7 1.000
 12765.8 1.000
 12765.9 1.000
 12766.0 1.000
 12766.1 1.000
 12766.2 1.000
 12766.3 1.000
 12766.4 1.000
 12766.5 1.000
 12766.6 1.000
 12766.7 1.000
 12766.8 1.000
 12766.9 1.000
 12767.0 1.000
 12767.1 1.000
 12767.2 1.000
 12767.3 1.000
 12767.4 1.000
 12767.5 1.000
 12767.6 1.000
 12767.7 1.000
 12767.8 1.000
 12767.9 1.000
 12768.0 1.000
 12768.1 1.000
 12768.2 1.000
 12768.3 1.000
 12768.4 1.000
 12768.5 1.000
 12768.6 1.000
 12768.7 1.000
 12768.8 1.000
 12768.9 1.000
 12769.0 1.000
 12769.1 1.000
 12769.2 1.000
 12769.3 1.000
 12769.4 1.000
 12769.5 1.000
 12769.6 1.000
 12769.7 1.000
 12769.8 1.000
 12769.9 1.000
 12770.0 1.000
 12770.1 1.000
 12770.2 1.000
 12770.3 1.000
 12770.4 1.000
 12770.5 1.000
 12770.6 1.000
 12770.7 1.000
 12770.8 1.000
 12770.9 1.000
 12771.0 1.000
 12771.1 1.000
 12771.2 1.000
 12771.3 1.000
 12771.4 1.000
 12771.5 1.000
 12771.6 1.000
 12771.7 1.000
 12771.8 1.000
 12771.9 1.000
 12772.0 1.000
 12772.1 1.000
 12772.2 1.000
 12772.3 1.000
 12772.4 1.000
 12772.5 1.000
 12772.6 1.000
 12772.7 1.000
 12772.8 1.000
 12772.9 1.000
 12773.0 0.999
 12773.1 0.998
 12773.2 0.998
 12773.3 0.999
 12773.4 0.999
 12773.5 1.000
 12773.6 0.999
 12773.7 0.999
 12773.8 0.998
 12773.9 0.999
 12774.0 1.000
 12774.1 1.000
 12774.2 0.999
 12774.3 0.999
 12774.4 0.999
 12774.5 0.999
 12774.6 0.999
 12774.7 0.999
 12774.8 0.999
 12774.9 0.999
 12775.0 0.999
 12775.1 0.999
 12775.2 1.000
 12775.3 0.999
 12775.4 0.999
 12775.5 0.999
 12775.6 0.999
 12775.7 0.999
 12775.8 0.998
 12775.9 0.996
 12776.0 0.993
 12776.1 0.994
 12776.2 0.997
 12776.3 0.999
 12776.4 1.000
 12776.5 0.999
 12776.6 0.997
 12776.7 0.992
 12776.8 0.991
 12776.9 0.995
 12777.0 0.999
 12777.1 1.000
 12777.2 1.000
 12777.3 1.000
 12777.4 1.000
 12777.5 1.000
 12777.6 1.000
 12777.7 1.000
 12777.8 1.000
 12777.9 1.000
 12778.0 0.999
 12778.1 1.000
 12778.2 1.000
 12778.3 1.000
 12778.4 1.000
 12778.5 1.000
 12778.6 1.000
 12778.7 1.000
 12778.8 1.000
 12778.9 1.000
 12779.0 1.000
 12779.1 1.000
 12779.2 1.000
 12779.3 1.000
 12779.4 1.000
 12779.5 0.999
 12779.6 0.999
 12779.7 0.998
 12779.8 0.998
 12779.9 0.999
 12780.0 0.999
 12780.1 1.000
 12780.2 1.000
 12780.3 1.000
 12780.4 1.000
 12780.5 0.999
 12780.6 0.998
 12780.7 0.998
 12780.8 0.999
 12780.9 1.000
 12781.0 1.000
 12781.1 1.000
 12781.2 1.000
 12781.3 1.000
 12781.4 1.000
 12781.5 1.000
 12781.6 1.000
 12781.7 1.000
 12781.8 1.000
 12781.9 1.000
 12782.0 1.000
 12782.1 1.000
 12782.2 1.000
 12782.3 1.000
 12782.4 1.000
 12782.5 0.999
 12782.6 0.999
 12782.7 0.999
 12782.8 1.000
 12782.9 1.000
 12783.0 1.000
 12783.1 1.000
 12783.2 0.999
 12783.3 0.998
 12783.4 0.996
 12783.5 0.997
 12783.6 0.999
 12783.7 1.000
 12783.8 1.000
 12783.9 1.000
 12784.0 1.000
 12784.1 1.000
 12784.2 1.000
 12784.3 1.000
 12784.4 1.000
 12784.5 1.000
 12784.6 0.998
 12784.7 0.997
 12784.8 0.998
 12784.9 0.999
 12785.0 1.000
 12785.1 1.000
 12785.2 1.000
 12785.3 1.000
 12785.4 1.000
 12785.5 1.000
 12785.6 0.999
 12785.7 0.997
 12785.8 0.993
 12785.9 0.993
 12786.0 0.997
 12786.1 0.999
 12786.2 1.000
 12786.3 1.000
 12786.4 1.000
 12786.5 1.000
 12786.6 1.000
 12786.7 1.000
 12786.8 1.000
 12786.9 1.000
 12787.0 1.000
 12787.1 1.000
 12787.2 0.999
 12787.3 0.999
 12787.4 1.000
 12787.5 1.000
 12787.6 0.999
 12787.7 0.999
 12787.8 0.999
 12787.9 1.000
 12788.0 1.000
 12788.1 0.999
 12788.2 0.999
 12788.3 0.999
 12788.4 0.999
 12788.5 0.997
 12788.6 0.996
 12788.7 0.996
 12788.8 0.998
 12788.9 0.999
 12789.0 0.999
 12789.1 0.999
 12789.2 0.994
 12789.3 0.962
 12789.4 0.911
 12789.5 0.911
 12789.6 0.961
 12789.7 0.994
 12789.8 0.999
 12789.9 0.999
 12790.0 1.000
 12790.1 1.000
 12790.2 1.000
 12790.3 1.000
 12790.4 1.000
 12790.5 1.000
 12790.6 0.999
 12790.7 0.999
 12790.8 0.999
 12790.9 1.000
 12791.0 1.000
 12791.1 1.000
 12791.2 1.000
 12791.3 1.000
 12791.4 1.000
 12791.5 1.000
 12791.6 0.999
 12791.7 0.998
 12791.8 0.998
 12791.9 0.999
 12792.0 1.000
 12792.1 1.000
 12792.2 1.000
 12792.3 1.000
 12792.4 0.998
 12792.5 0.997
 12792.6 0.997
 12792.7 0.997
 12792.8 0.991
 12792.9 0.989
 12793.0 0.993
 12793.1 0.997
 12793.2 0.998
 12793.3 0.999
 12793.4 1.000
 12793.5 1.000
 12793.6 1.000
 12793.7 1.000
 12793.8 1.000
 12793.9 1.000
 12794.0 1.000
 12794.1 1.000
 12794.2 1.000
 12794.3 1.000
 12794.4 1.000
 12794.5 1.000
 12794.6 1.000
 12794.7 1.000
 12794.8 0.999
 12794.9 0.999
 12795.0 0.999
 12795.1 1.000
 12795.2 1.000
 12795.3 1.000
 12795.4 1.000
 12795.5 1.000
 12795.6 0.999
 12795.7 0.999
 12795.8 0.997
 12795.9 0.994
 12796.0 0.994
 12796.1 0.997
 12796.2 0.999
 12796.3 1.000
 12796.4 1.000
 12796.5 1.000
 12796.6 1.000
 12796.7 0.999
 12796.8 0.999
 12796.9 0.999
 12797.0 0.999
 12797.1 1.000
 12797.2 1.000
 12797.3 1.000
 12797.4 1.000
 12797.5 1.000
 12797.6 1.000
 12797.7 1.000
 12797.8 1.000
 12797.9 1.000
 12798.0 1.000
 12798.1 0.999
 12798.2 0.999
 12798.3 0.999
 12798.4 1.000
 12798.5 0.999
 12798.6 0.999
 12798.7 1.000
 12798.8 1.000
 12798.9 1.000
 12799.0 1.000
 12799.1 0.999
 12799.2 0.997
 12799.3 0.990
 12799.4 0.981
 12799.5 0.982
 12799.6 0.991
 12799.7 0.997
 12799.8 0.997
 12799.9 0.998
 12800.0 0.999
 12800.1 1.000
 12800.2 1.000
 12800.3 1.000
 12800.4 1.000
 12800.5 1.000
 12800.6 1.000
 12800.7 1.000
 12800.8 1.000
 12800.9 1.000
 12801.0 1.000
 12801.1 1.000
 12801.2 1.000
 12801.3 1.000
 12801.4 1.000
 12801.5 1.000
 12801.6 1.000
 12801.7 1.000
 12801.8 1.000
 12801.9 1.000
 12802.0 0.999
 12802.1 0.999
 12802.2 0.999
 12802.3 0.999
 12802.4 1.000
 12802.5 1.000
 12802.6 1.000
 12802.7 1.000
 12802.8 1.000
 12802.9 1.000
 12803.0 1.000
 12803.1 1.000
 12803.2 1.000
 12803.3 1.000
 12803.4 1.000
 12803.5 1.000
 12803.6 1.000
 12803.7 1.000
 12803.8 1.000
 12803.9 1.000
 12804.0 1.000
 12804.1 1.000
 12804.2 1.000
 12804.3 1.000
 12804.4 1.000
 12804.5 1.000
 12804.6 0.999
 12804.7 0.998
 12804.8 0.999
 12804.9 1.000
 12805.0 1.000
 12805.1 0.999
 12805.2 0.999
 12805.3 0.999
 12805.4 0.999
 12805.5 1.000
 12805.6 1.000
 12805.7 1.000
 12805.8 1.000
 12805.9 1.000
 12806.0 1.000
 12806.1 1.000
 12806.2 1.000
 12806.3 1.000
 12806.4 1.000
 12806.5 1.000
 12806.6 1.000
 12806.7 0.999
 12806.8 0.999
 12806.9 0.990
 12807.0 0.931
 12807.1 0.842
 12807.2 0.840
 12807.3 0.928
 12807.4 0.989
 12807.5 0.998
 12807.6 0.999
 12807.7 0.999
 12807.8 0.999
 12807.9 0.998
 12808.0 0.990
 12808.1 0.941
 12808.2 0.877
 12808.3 0.884
 12808.4 0.951
 12808.5 0.993
 12808.6 0.999
 12808.7 0.999
 12808.8 0.999
 12808.9 0.999
 12809.0 1.000
 12809.1 1.000
 12809.2 1.000
 12809.3 1.000
 12809.4 1.000
 12809.5 1.000
 12809.6 1.000
 12809.7 1.000
 12809.8 1.000
 12809.9 1.000
 12810.0 1.000
 12810.1 1.000
 12810.2 1.000
 12810.3 1.000
 12810.4 1.000
 12810.5 1.000
 12810.6 1.000
 12810.7 0.999
 12810.8 0.999
 12810.9 0.999
 12811.0 1.000
 12811.1 1.000
 12811.2 0.999
 12811.3 0.996
 12811.4 0.986
 12811.5 0.983
 12811.6 0.991
 12811.7 0.998
 12811.8 1.000
 12811.9 1.000
 12812.0 1.000
 12812.1 1.000
 12812.2 1.000
 12812.3 1.000
 12812.4 0.999
 12812.5 0.999
 12812.6 0.999
 12812.7 1.000
 12812.8 1.000
 12812.9 1.000
 12813.0 1.000
 12813.1 1.000
 12813.2 1.000
 12813.3 1.000
 12813.4 1.000
 12813.5 1.000
 12813.6 1.000
 12813.7 1.000
 12813.8 1.000
 12813.9 1.000
 12814.0 0.979
 12814.1 0.955
 12814.2 0.945
 12814.3 0.946
 12814.4 0.946
 12814.5 0.945
 12814.6 0.943
 12814.7 0.941
 12814.8 0.937
 12814.9 0.934
 12815.0 0.932
 12815.1 0.932
 12815.2 0.930
 12815.3 0.928
 12815.4 0.926
 12815.5 0.923
 12815.6 0.920
 12815.7 0.917
 12815.8 0.907
 12815.9 0.869
 12816.0 0.820
 12816.1 0.820
 12816.2 0.863
 12816.3 0.889
 12816.4 0.889
 12816.5 0.884
 12816.6 0.878
 12816.7 0.871
 12816.8 0.862
 12816.9 0.851
 12817.0 0.836
 12817.1 0.816
 12817.2 0.791
 12817.3 0.762
 12817.4 0.733
 12817.5 0.704
 12817.6 0.678
 12817.7 0.657
 12817.8 0.642
 12817.9 0.631
 12818.0 0.625
 12818.1 0.624
 12818.2 0.627
 12818.3 0.635
 12818.4 0.648
 12818.5 0.666
 12818.6 0.689
 12818.7 0.717
 12818.8 0.746
 12818.9 0.776
 12819.0 0.803
 12819.1 0.825
 12819.2 0.842
 12819.3 0.855
 12819.4 0.866
 12819.5 0.874
 12819.6 0.881
 12819.7 0.887
 12819.8 0.892
 12819.9 0.896
 12820.0 0.901
 12820.1 0.905
 12820.2 0.909
 12820.3 0.913
 12820.4 0.916
 12820.5 0.919
 12820.6 0.921
 12820.7 0.924
 12820.8 0.927
 12820.9 0.930
 12821.0 0.932
 12821.1 0.934
 12821.2 0.936
 12821.3 0.938
 12821.4 0.938
 12821.5 0.919
 12821.6 0.875
 12821.7 0.864
 12821.8 0.904
 12821.9 0.941
 12822.0 0.949
 12822.1 0.970
 12822.2 0.991
 12822.3 0.999
 12822.4 0.998
 12822.5 0.998
 12822.6 0.997
 12822.7 0.997
 12822.8 0.999
 12822.9 1.000
 12823.0 1.000
 12823.1 1.000
 12823.2 0.999
 12823.3 0.999
 12823.4 0.999
 12823.5 0.997
 12823.6 0.992
 12823.7 0.964
 12823.8 0.912
 12823.9 0.900
 12824.0 0.946
 12824.1 0.988
 12824.2 0.998
 12824.3 0.998
 12824.4 0.997
 12824.5 0.994
 12824.6 0.992
 12824.7 0.984
 12824.8 0.965
 12824.9 0.963
 12825.0 0.983
 12825.1 0.998
 12825.2 1.000
 12825.3 1.000
 12825.4 1.000
 12825.5 1.000
 12825.6 0.999
 12825.7 0.999
 12825.8 0.999
 12825.9 0.998
 12826.0 0.995
 12826.1 0.994
 12826.2 0.997
 12826.3 0.999
 12826.4 0.998
 12826.5 0.994
 12826.6 0.992
 12826.7 0.995
 12826.8 0.996
 12826.9 0.985
 12827.0 0.965
 12827.1 0.962
 12827.2 0.982
 12827.3 0.996
 12827.4 0.999
 12827.5 1.000
 12827.6 1.000
 12827.7 1.000
 12827.8 1.000
 12827.9 1.000
 12828.0 1.000
 12828.1 1.000
 12828.2 0.999
 12828.3 0.999
 12828.4 0.999
 12828.5 0.999
 12828.6 1.000
 12828.7 1.000
 12828.8 1.000
 12828.9 1.000
 12829.0 1.000
 12829.1 1.000
 12829.2 1.000
 12829.3 0.999
 12829.4 0.999
 12829.5 0.999
 12829.6 0.999
 12829.7 1.000
 12829.8 1.000
 12829.9 1.000
 12830.0 1.000
 12830.1 1.000
 12830.2 0.999
 12830.3 0.997
 12830.4 0.997
 12830.5 0.998
 12830.6 1.000
 12830.7 1.000
 12830.8 1.000
 12830.9 1.000
 12831.0 1.000
 12831.1 1.000
 12831.2 0.997
 12831.3 0.976
 12831.4 0.944
 12831.5 0.946
 12831.6 0.979
 12831.7 0.997
 12831.8 0.998
 12831.9 0.996
 12832.0 0.997
 12832.1 0.999
 12832.2 1.000
 12832.3 1.000
 12832.4 1.000
 12832.5 1.000
 12832.6 1.000
 12832.7 1.000
 12832.8 1.000
 12832.9 1.000
 12833.0 1.000
 12833.1 1.000
 12833.2 1.000
 12833.3 1.000
 12833.4 1.000
 12833.5 1.000
 12833.6 1.000
 12833.7 1.000
 12833.8 1.000
 12833.9 1.000
 12834.0 1.000
 12834.1 1.000
 12834.2 0.999
 12834.3 0.998
 12834.4 0.998
 12834.5 0.999
 12834.6 1.000
 12834.7 1.000
 12834.8 1.000
 12834.9 1.000
 12835.0 1.000
 12835.1 1.000
 12835.2 1.000
 12835.3 1.000
 12835.4 1.000
 12835.5 1.000
 12835.6 1.000
 12835.7 1.000
 12835.8 1.000
 12835.9 1.000
 12836.0 0.999
 12836.1 0.997
 12836.2 0.994
 12836.3 0.995
 12836.4 0.998
 12836.5 0.999
 12836.6 1.000
 12836.7 1.000
 12836.8 1.000
 12836.9 1.000
 12837.0 1.000
 12837.1 1.000
 12837.2 0.999
 12837.3 0.997
 12837.4 0.997
 12837.5 0.998
 12837.6 1.000
 12837.7 1.000
 12837.8 1.000
 12837.9 0.999
 12838.0 0.999
 12838.1 0.999
 12838.2 1.000
 12838.3 1.000
 12838.4 1.000
 12838.5 0.999
 12838.6 1.000
 12838.7 1.000
 12838.8 1.000
 12838.9 1.000
 12839.0 1.000
 12839.1 1.000
 12839.2 1.000
 12839.3 1.000
 12839.4 1.000
 12839.5 1.000
 12839.6 1.000
 12839.7 1.000
 12839.8 1.000
 12839.9 1.000
 12840.0 1.000
 12840.1 0.999
 12840.2 0.999
 12840.3 0.994
 12840.4 0.956
 12840.5 0.881
 12840.6 0.854
 12840.7 0.912
 12840.8 0.972
 12840.9 0.993
 12841.0 0.998
 12841.1 0.999
 12841.2 1.000
 12841.3 0.999
 12841.4 0.999
 12841.5 0.999
 12841.6 1.000
 12841.7 1.000
 12841.8 1.000
 12841.9 1.000
 12842.0 1.000
 12842.1 1.000
 12842.2 1.000
 12842.3 1.000
 12842.4 1.000
 12842.5 1.000
 12842.6 1.000
 12842.7 1.000
 12842.8 1.000
 12842.9 1.000
 12843.0 1.000
 12843.1 1.000
 12843.2 1.000
 12843.3 1.000
 12843.4 1.000
 12843.5 1.000
 12843.6 1.000
 12843.7 1.000
 12843.8 0.999
 12843.9 0.998
 12844.0 0.997
 12844.1 0.998
 12844.2 0.999
 12844.3 1.000
 12844.4 1.000
 12844.5 1.000
 12844.6 1.000
 12844.7 1.000
 12844.8 1.000
 12844.9 0.999
 12845.0 0.999
 12845.1 0.999
 12845.2 0.998
 12845.3 0.997
 12845.4 0.996
 12845.5 0.994
 12845.6 0.992
 12845.7 0.993
 12845.8 0.997
 12845.9 0.999
 12846.0 0.999
 12846.1 0.997
 12846.2 0.994
 12846.3 0.993
 12846.4 0.994
 12846.5 0.994
 12846.6 0.993
 12846.7 0.994
 12846.8 0.992
 12846.9 0.961
 12847.0 0.921
 12847.1 0.931
 12847.2 0.974
 12847.3 0.996
 12847.4 0.999
 12847.5 0.999
 12847.6 1.000
 12847.7 1.000
 12847.8 0.999
 12847.9 0.999
 12848.0 0.998
 12848.1 0.998
 12848.2 0.999
 12848.3 0.999
 12848.4 0.999
 12848.5 0.999
 12848.6 0.999
 12848.7 0.998
 12848.8 0.998
 12848.9 0.997
 12849.0 0.996
 12849.1 0.994
 12849.2 0.988
 12849.3 0.981
 12849.4 0.980
 12849.5 0.985
 12849.6 0.991
 12849.7 0.995
 12849.8 0.996
 12849.9 0.997
 12850.0 0.997
 12850.1 0.997
 12850.2 0.998
 12850.3 0.997
 12850.4 0.998
 12850.5 0.999
 12850.6 0.999
 12850.7 0.999
 12850.8 0.999
 12850.9 0.999
 12851.0 0.999
 12851.1 0.999
 12851.2 0.999
 12851.3 0.999
 12851.4 0.999
 12851.5 0.999
 12851.6 0.999
 12851.7 0.999
 12851.8 0.999
 12851.9 0.999
 12852.0 0.999
 12852.1 0.999
 12852.2 0.998
 12852.3 0.998
 12852.4 0.998
 12852.5 0.998
 12852.6 0.998
 12852.7 0.997
 12852.8 0.996
 12852.9 0.995
 12853.0 0.992
 12853.1 0.987
 12853.2 0.978
 12853.3 0.969
 12853.4 0.967
 12853.5 0.976
 12853.6 0.985
 12853.7 0.991
 12853.8 0.994
 12853.9 0.996
 12854.0 0.997
 12854.1 0.997
 12854.2 0.996
 12854.3 0.995
 12854.4 0.994
 12854.5 0.995
 12854.6 0.998
 12854.7 0.999
 12854.8 0.998
 12854.9 0.998
 12855.0 0.998
 12855.1 0.998
 12855.2 0.997
 12855.3 0.997
 12855.4 0.999
 12855.5 0.999
 12855.6 1.000
 12855.7 0.999
 12855.8 0.999
 12855.9 0.999
 12856.0 0.999
 12856.1 0.999
 12856.2 0.999
 12856.3 0.999
 12856.4 1.000
 12856.5 1.000
 12856.6 1.000
 12856.7 1.000
 12856.8 0.999
 12856.9 0.998
 12857.0 0.997
 12857.1 0.998
 12857.2 0.999
 12857.3 0.999
 12857.4 0.999
 12857.5 0.999
 12857.6 1.000
 12857.7 1.000
 12857.8 1.000
 12857.9 1.000
 12858.0 1.000
 12858.1 1.000
 12858.2 1.000
 12858.3 0.999
 12858.4 0.998
 12858.5 0.998
 12858.6 0.999
 12858.7 1.000
 12858.8 1.000
 12858.9 1.000
 12859.0 0.999
 12859.1 0.999
 12859.2 0.999
 12859.3 0.999
 12859.4 1.000
 12859.5 0.999
 12859.6 0.999
 12859.7 0.997
 12859.8 0.997
 12859.9 0.997
 12860.0 0.999
 12860.1 0.999
 12860.2 0.999
 12860.3 0.999
 12860.4 0.999
 12860.5 0.999
 12860.6 0.999
 12860.7 0.999
 12860.8 0.998
 12860.9 0.998
 12861.0 0.997
 12861.1 0.995
 12861.2 0.991
 12861.3 0.983
 12861.4 0.973
 12861.5 0.970
 12861.6 0.978
 12861.7 0.988
 12861.8 0.994
 12861.9 0.996
 12862.0 0.997
 12862.1 0.998
 12862.2 0.998
 12862.3 0.998
 12862.4 0.998
 12862.5 0.996
 12862.6 0.994
 12862.7 0.994
 12862.8 0.993
 12862.9 0.995
 12863.0 0.998
 12863.1 0.999
 12863.2 0.999
 12863.3 1.000
 12863.4 1.000
 12863.5 1.000
 12863.6 1.000
 12863.7 0.999
 12863.8 0.999
 12863.9 0.999
 12864.0 0.999
 12864.1 1.000
 12864.2 1.000
 12864.3 1.000
 12864.4 1.000
 12864.5 1.000
 12864.6 1.000
 12864.7 1.000
 12864.8 1.000
 12864.9 1.000
 12865.0 0.998
 12865.1 0.996
 12865.2 0.995
 12865.3 0.997
 12865.4 0.999
 12865.5 1.000
 12865.6 1.000
 12865.7 1.000
 12865.8 1.000
 12865.9 1.000
 12866.0 0.999
 12866.1 0.999
 12866.2 0.998
 12866.3 0.997
 12866.4 0.998
 12866.5 0.999
 12866.6 1.000
 12866.7 1.000
 12866.8 1.000
 12866.9 1.000
 12867.0 1.000
 12867.1 1.000
 12867.2 1.000
 12867.3 1.000
 12867.4 1.000
 12867.5 1.000
 12867.6 1.000
 12867.7 0.999
 12867.8 0.999
 12867.9 0.999
 12868.0 0.999
 12868.1 0.999
 12868.2 0.999
 12868.3 0.999
 12868.4 0.999
 12868.5 0.999
 12868.6 0.999
 12868.7 0.999
 12868.8 0.999
 12868.9 0.998
 12869.0 0.998
 12869.1 0.997
 12869.2 0.996
 12869.3 0.995
 12869.4 0.995
 12869.5 0.995
 12869.6 0.994
 12869.7 0.992
 12869.8 0.987
 12869.9 0.980
 12870.0 0.974
 12870.1 0.974
 12870.2 0.981
 12870.3 0.988
 12870.4 0.992
 12870.5 0.994
 12870.6 0.996
 12870.7 0.996
 12870.8 0.997
 12870.9 0.998
 12871.0 0.998
 12871.1 0.998
 12871.2 0.998
 12871.3 0.999
 12871.4 0.998
 12871.5 0.998
 12871.6 0.998
 12871.7 0.999
 12871.8 0.999
 12871.9 0.999
 12872.0 0.999
 12872.1 0.999
 12872.2 0.998
 12872.3 0.996
 12872.4 0.997
 12872.5 0.998
 12872.6 0.999
 12872.7 0.999
 12872.8 0.999
 12872.9 0.999
 12873.0 0.999
 12873.1 0.998
 12873.2 0.998
 12873.3 0.999
 12873.4 1.000
 12873.5 1.000
 12873.6 1.000
 12873.7 1.000
 12873.8 1.000
 12873.9 1.000
 12874.0 1.000
 12874.1 1.000
 12874.2 1.000
 12874.3 1.000
 12874.4 1.000
 12874.5 1.000
 12874.6 1.000
 12874.7 1.000
 12874.8 1.000
 12874.9 1.000
 12875.0 1.000
 12875.1 1.000
 12875.2 1.000
 12875.3 1.000
 12875.4 1.000
 12875.5 1.000
 12875.6 1.000
 12875.7 1.000
 12875.8 1.000
 12875.9 1.000
 12876.0 1.000
 12876.1 1.000
 12876.2 1.000
 12876.3 1.000
 12876.4 1.000
 12876.5 1.000
 12876.6 1.000
 12876.7 0.999
 12876.8 0.999
 12876.9 0.998
 12877.0 0.995
 12877.1 0.995
 12877.2 0.997
 12877.3 0.998
 12877.4 0.999
 12877.5 1.000
 12877.6 1.000
 12877.7 1.000
 12877.8 1.000
 12877.9 0.999
 12878.0 0.998
 12878.1 0.997
 12878.2 0.998
 12878.3 0.999
 12878.4 0.999
 12878.5 0.999
 12878.6 1.000
 12878.7 1.000
 12878.8 1.000
 12878.9 1.000
 12879.0 1.000
 12879.1 1.000
 12879.2 0.999
 12879.3 0.999
 12879.4 0.998
 12879.5 0.987
 12879.6 0.906
 12879.7 0.777
 12879.8 0.748
 12879.9 0.864
 12880.0 0.971
 12880.1 0.997
 12880.2 0.999
 12880.3 0.999
 12880.4 0.999
 12880.5 1.000
 12880.6 1.000
 12880.7 1.000
 12880.8 0.999
 12880.9 0.999
 12881.0 0.998
 12881.1 0.998
 12881.2 0.999
 12881.3 1.000
 12881.4 1.000
 12881.5 1.000
 12881.6 1.000
 12881.7 1.000
 12881.8 0.999
 12881.9 0.999
 12882.0 0.999
 12882.1 1.000
 12882.2 1.000
 12882.3 1.000
 12882.4 1.000
 12882.5 1.000
 12882.6 1.000
 12882.7 1.000
 12882.8 1.000
 12882.9 1.000
 12883.0 1.000
 12883.1 1.000
 12883.2 1.000
 12883.3 0.999
 12883.4 1.000
 12883.5 1.000
 12883.6 1.000
 12883.7 1.000
 12883.8 1.000
 12883.9 1.000
 12884.0 1.000
 12884.1 1.000
 12884.2 1.000
 12884.3 0.999
 12884.4 0.998
 12884.5 0.995
 12884.6 0.993
 12884.7 0.994
 12884.8 0.997
 12884.9 0.998
 12885.0 0.997
 12885.1 0.991
 12885.2 0.977
 12885.3 0.970
 12885.4 0.981
 12885.5 0.995
 12885.6 0.999
 12885.7 1.000
 12885.8 1.000
 12885.9 1.000
 12886.0 1.000
 12886.1 1.000
 12886.2 1.000
 12886.3 1.000
 12886.4 1.000
 12886.5 1.000
 12886.6 1.000
 12886.7 1.000
 12886.8 1.000
 12886.9 1.000
 12887.0 1.000
 12887.1 1.000
 12887.2 1.000
 12887.3 1.000
 12887.4 0.998
 12887.5 0.996
 12887.6 0.994
 12887.7 0.996
 12887.8 0.999
 12887.9 1.000
 12888.0 1.000
 12888.1 1.000
 12888.2 1.000
 12888.3 1.000
 12888.4 1.000
 12888.5 1.000
 12888.6 1.000
 12888.7 1.000
 12888.8 1.000
 12888.9 1.000
 12889.0 1.000
 12889.1 1.000
 12889.2 1.000
 12889.3 1.000
 12889.4 1.000
 12889.5 1.000
 12889.6 1.000
 12889.7 1.000
 12889.8 0.999
 12889.9 0.999
 12890.0 1.000
 12890.1 1.000
 12890.2 1.000
 12890.3 1.000
 12890.4 1.000
 12890.5 1.000
 12890.6 0.999
 12890.7 0.998
 12890.8 0.999
 12890.9 1.000
 12891.0 1.000
 12891.1 1.000
 12891.2 1.000
 12891.3 1.000
 12891.4 1.000
 12891.5 1.000
 12891.6 1.000
 12891.7 0.999
 12891.8 0.999
 12891.9 0.999
 12892.0 0.999
 12892.1 0.999
 12892.2 1.000
 12892.3 1.000
 12892.4 1.000
 12892.5 1.000
 12892.6 1.000
 12892.7 0.999
 12892.8 0.999
 12892.9 0.999
 12893.0 1.000
 12893.1 1.000
 12893.2 1.000
 12893.3 1.000
 12893.4 1.000
 12893.5 1.000
 12893.6 1.000
 12893.7 1.000
 12893.8 1.000
 12893.9 1.000
 12894.0 1.000
 12894.1 1.000
 12894.2 1.000
 12894.3 1.000
 12894.4 1.000
 12894.5 1.000
 12894.6 1.000
 12894.7 1.000
 12894.8 1.000
 12894.9 1.000
 12895.0 1.000
 12895.1 1.000
 12895.2 1.000
 12895.3 1.000
 12895.4 1.000
 12895.5 1.000
 12895.6 1.000
 12895.7 0.999
 12895.8 0.998
 12895.9 0.982
 12896.0 0.921
 12896.1 0.866
 12896.2 0.896
 12896.3 0.965
 12896.4 0.995
 12896.5 0.999
 12896.6 0.999
 12896.7 1.000
 12896.8 1.000
 12896.9 1.000
 12897.0 0.999
 12897.1 0.996
 12897.2 0.993
 12897.3 0.994
 12897.4 0.997
 12897.5 0.998
 12897.6 0.995
 12897.7 0.993
 12897.8 0.995
 12897.9 0.999
 12898.0 1.000
 12898.1 1.000
 12898.2 1.000
 12898.3 1.000
 12898.4 1.000
 12898.5 1.000
 12898.6 0.999
 12898.7 0.999
 12898.8 0.999
 12898.9 0.998
 12899.0 0.997
 12899.1 0.997
 12899.2 0.997
 12899.3 0.993
 12899.4 0.948
 12899.5 0.813
 12899.6 0.661
 12899.7 0.588
 12899.8 0.579
 12899.9 0.641
