 11100.0 0.999
 11100.1 1.000
 11100.2 1.000
 11100.3 1.000
 11100.4 1.000
 11100.5 1.000
 11100.6 1.000
 11100.7 1.000
 11100.8 1.000
 11100.9 0.999
 11101.0 0.995
 11101.1 0.979
 11101.2 0.959
 11101.3 0.969
 11101.4 0.993
 11101.5 1.000
 11101.6 1.000
 11101.7 1.000
 11101.8 1.000
 11101.9 1.000
 11102.0 0.994
 11102.1 0.970
 11102.2 0.958
 11102.3 0.979
 11102.4 0.995
 11102.5 0.997
 11102.6 0.998
 11102.7 0.999
 11102.8 1.000
 11102.9 0.999
 11103.0 0.997
 11103.1 0.998
 11103.2 1.000
 11103.3 1.000
 11103.4 1.000
 11103.5 1.000
 11103.6 1.000
 11103.7 1.000
 11103.8 1.000
 11103.9 1.000
 11104.0 1.000
 11104.1 1.000
 11104.2 1.000
 11104.3 0.997
 11104.4 0.988
 11104.5 0.984
 11104.6 0.992
 11104.7 0.999
 11104.8 1.000
 11104.9 1.000
 11105.0 1.000
 11105.1 0.998
 11105.2 0.987
 11105.3 0.976
 11105.4 0.984
 11105.5 0.996
 11105.6 0.998
 11105.7 0.998
 11105.8 0.999
 11105.9 1.000
 11106.0 1.000
 11106.1 0.999
 11106.2 0.999
 11106.3 0.998
 11106.4 0.998
 11106.5 0.999
 11106.6 1.000
 11106.7 1.000
 11106.8 1.000
 11106.9 0.999
 11107.0 0.998
 11107.1 0.998
 11107.2 0.998
 11107.3 0.999
 11107.4 0.999
 11107.5 1.000
 11107.6 1.000
 11107.7 1.000
 11107.8 1.000
 11107.9 1.000
 11108.0 1.000
 11108.1 1.000
 11108.2 0.999
 11108.3 0.995
 11108.4 0.982
 11108.5 0.975
 11108.6 0.988
 11108.7 0.997
 11108.8 0.993
 11108.9 0.987
 11109.0 0.983
 11109.1 0.988
 11109.2 0.997
 11109.3 1.000
 11109.4 1.000
 11109.5 1.000
 11109.6 1.000
 11109.7 1.000
 11109.8 1.000
 11109.9 1.000
 11110.0 1.000
 11110.1 1.000
 11110.2 1.000
 11110.3 1.000
 11110.4 1.000
 11110.5 1.000
 11110.6 1.000
 11110.7 1.000
 11110.8 1.000
 11110.9 1.000
 11111.0 1.000
 11111.1 1.000
 11111.2 1.000
 11111.3 1.000
 11111.4 0.999
 11111.5 0.996
 11111.6 0.982
 11111.7 0.956
 11111.8 0.957
 11111.9 0.985
 11112.0 0.998
 11112.1 0.997
 11112.2 0.997
 11112.3 0.999
 11112.4 1.000
 11112.5 1.000
 11112.6 1.000
 11112.7 1.000
 11112.8 1.000
 11112.9 1.000
 11113.0 1.000
 11113.1 1.000
 11113.2 1.000
 11113.3 1.000
 11113.4 1.000
 11113.5 1.000
 11113.6 1.000
 11113.7 1.000
 11113.8 1.000
 11113.9 0.999
 11114.0 0.994
 11114.1 0.972
 11114.2 0.942
 11114.3 0.944
 11114.4 0.976
 11114.5 0.995
 11114.6 0.998
 11114.7 0.998
 11114.8 0.993
 11114.9 0.992
 11115.0 0.997
 11115.1 1.000
 11115.2 1.000
 11115.3 1.000
 11115.4 1.000
 11115.5 1.000
 11115.6 1.000
 11115.7 1.000
 11115.8 0.998
 11115.9 0.998
 11116.0 0.999
 11116.1 1.000
 11116.2 1.000
 11116.3 1.000
 11116.4 1.000
 11116.5 1.000
 11116.6 1.000
 11116.7 1.000
 11116.8 1.000
 11116.9 1.000
 11117.0 1.000
 11117.1 1.000
 11117.2 1.000
 11117.3 1.000
 11117.4 0.999
 11117.5 1.000
 11117.6 1.000
 11117.7 0.995
 11117.8 0.985
 11117.9 0.984
 11118.0 0.988
 11118.1 0.979
 11118.2 0.979
 11118.3 0.992
 11118.4 0.996
 11118.5 0.996
 11118.6 0.998
 11118.7 0.999
 11118.8 1.000
 11118.9 1.000
 11119.0 0.999
 11119.1 0.999
 11119.2 0.999
 11119.3 0.998
 11119.4 0.998
 11119.5 0.993
 11119.6 0.907
 11119.7 0.703
 11119.8 0.586
 11119.9 0.721
 11120.0 0.920
 11120.1 0.989
 11120.2 0.987
 11120.3 0.981
 11120.4 0.975
 11120.5 0.967
 11120.6 0.972
 11120.7 0.990
 11120.8 0.999
 11120.9 1.000
 11121.0 1.000
 11121.1 1.000
 11121.2 1.000
 11121.3 1.000
 11121.4 1.000
 11121.5 1.000
 11121.6 0.999
 11121.7 0.999
 11121.8 0.998
 11121.9 0.998
 11122.0 0.999
 11122.1 0.999
 11122.2 0.995
 11122.3 0.985
 11122.4 0.984
 11122.5 0.992
 11122.6 0.985
 11122.7 0.961
 11122.8 0.961
 11122.9 0.987
 11123.0 0.997
 11123.1 0.995
 11123.2 0.994
 11123.3 0.998
 11123.4 1.000
 11123.5 1.000
 11123.6 1.000
 11123.7 1.000
 11123.8 0.999
 11123.9 0.998
 11124.0 0.999
 11124.1 1.000
 11124.2 1.000
 11124.3 1.000
 11124.4 1.000
 11124.5 1.000
 11124.6 1.000
 11124.7 1.000
 11124.8 1.000
 11124.9 1.000
 11125.0 0.999
 11125.1 0.998
 11125.2 0.998
 11125.3 0.999
 11125.4 0.994
 11125.5 0.962
 11125.6 0.940
 11125.7 0.968
 11125.8 0.994
 11125.9 0.998
 11126.0 0.998
 11126.1 0.999
 11126.2 1.000
 11126.3 1.000
 11126.4 1.000
 11126.5 1.000
 11126.6 0.999
 11126.7 0.986
 11126.8 0.960
 11126.9 0.963
 11127.0 0.987
 11127.1 0.997
 11127.2 0.999
 11127.3 1.000
 11127.4 1.000
 11127.5 1.000
 11127.6 0.998
 11127.7 0.992
 11127.8 0.985
 11127.9 0.990
 11128.0 0.998
 11128.1 0.999
 11128.2 0.999
 11128.3 0.999
 11128.4 0.999
 11128.5 0.999
 11128.6 0.999
 11128.7 0.999
 11128.8 0.999
 11128.9 0.999
 11129.0 0.998
 11129.1 0.998
 11129.2 0.996
 11129.3 0.993
 11129.4 0.993
 11129.5 0.993
 11129.6 0.990
 11129.7 0.979
 11129.8 0.918
 11129.9 0.769
 11130.0 0.652
 11130.1 0.688
 11130.2 0.839
 11130.3 0.957
 11130.4 0.986
 11130.5 0.992
 11130.6 0.995
 11130.7 0.996
 11130.8 0.997
 11130.9 0.998
 11131.0 0.998
 11131.1 0.998
 11131.2 0.998
 11131.3 0.993
 11131.4 0.981
 11131.5 0.974
 11131.6 0.976
 11131.7 0.980
 11131.8 0.989
 11131.9 0.994
 11132.0 0.991
 11132.1 0.983
 11132.2 0.981
 11132.3 0.990
 11132.4 0.988
 11132.5 0.964
 11132.6 0.954
 11132.7 0.976
 11132.8 0.993
 11132.9 0.994
 11133.0 0.983
 11133.1 0.974
 11133.2 0.983
 11133.3 0.985
 11133.4 0.974
 11133.5 0.973
 11133.6 0.974
 11133.7 0.968
 11133.8 0.977
 11133.9 0.991
 11134.0 0.995
 11134.1 0.986
 11134.2 0.961
 11134.3 0.959
 11134.4 0.983
 11134.5 0.993
 11134.6 0.995
 11134.7 0.998
 11134.8 0.999
 11134.9 0.999
 11135.0 0.998
 11135.1 0.995
 11135.2 0.982
 11135.3 0.961
 11135.4 0.958
 11135.5 0.960
 11135.6 0.951
 11135.7 0.963
 11135.8 0.980
 11135.9 0.971
 11136.0 0.970
 11136.1 0.989
 11136.2 0.998
 11136.3 0.999
 11136.4 0.999
 11136.5 0.999
 11136.6 0.999
 11136.7 0.999
 11136.8 0.999
 11136.9 0.999
 11137.0 1.000
 11137.1 0.999
 11137.2 0.999
 11137.3 0.999
 11137.4 1.000
 11137.5 1.000
 11137.6 1.000
 11137.7 1.000
 11137.8 1.000
 11137.9 1.000
 11138.0 0.999
 11138.1 0.996
 11138.2 0.994
 11138.3 0.997
 11138.4 1.000
 11138.5 1.000
 11138.6 1.000
 11138.7 1.000
 11138.8 1.000
 11138.9 1.000
 11139.0 0.999
 11139.1 1.000
 11139.2 1.000
 11139.3 1.000
 11139.4 1.000
 11139.5 1.000
 11139.6 0.999
 11139.7 0.991
 11139.8 0.965
 11139.9 0.959
 11140.0 0.982
 11140.1 0.996
 11140.2 0.998
 11140.3 1.000
 11140.4 1.000
 11140.5 1.000
 11140.6 1.000
 11140.7 1.000
 11140.8 1.000
 11140.9 0.999
 11141.0 0.995
 11141.1 0.994
 11141.2 0.998
 11141.3 1.000
 11141.4 0.999
 11141.5 0.997
 11141.6 0.994
 11141.7 0.996
 11141.8 0.999
 11141.9 1.000
 11142.0 1.000
 11142.1 1.000
 11142.2 1.000
 11142.3 1.000
 11142.4 1.000
 11142.5 1.000
 11142.6 1.000
 11142.7 1.000
 11142.8 1.000
 11142.9 1.000
 11143.0 1.000
 11143.1 1.000
 11143.2 0.998
 11143.3 0.997
 11143.4 0.998
 11143.5 0.999
 11143.6 0.999
 11143.7 1.000
 11143.8 1.000
 11143.9 1.000
 11144.0 0.999
 11144.1 0.999
 11144.2 0.997
 11144.3 0.994
 11144.4 0.988
 11144.5 0.981
 11144.6 0.982
 11144.7 0.991
 11144.8 0.983
 11144.9 0.954
 11145.0 0.937
 11145.1 0.944
 11145.2 0.928
 11145.3 0.922
 11145.4 0.960
 11145.5 0.989
 11145.6 0.995
 11145.7 0.996
 11145.8 0.992
 11145.9 0.980
 11146.0 0.973
 11146.1 0.961
 11146.2 0.942
 11146.3 0.953
 11146.4 0.983
 11146.5 0.997
 11146.6 0.999
 11146.7 0.999
 11146.8 1.000
 11146.9 1.000
 11147.0 1.000
 11147.1 0.999
 11147.2 0.999
 11147.3 0.999
 11147.4 0.999
 11147.5 0.998
 11147.6 0.993
 11147.7 0.979
 11147.8 0.967
 11147.9 0.974
 11148.0 0.985
 11148.1 0.991
 11148.2 0.997
 11148.3 0.999
 11148.4 0.999
 11148.5 0.999
 11148.6 0.999
 11148.7 1.000
 11148.8 0.999
 11148.9 0.999
 11149.0 0.998
 11149.1 0.966
 11149.2 0.875
 11149.3 0.858
 11149.4 0.945
 11149.5 0.990
 11149.6 0.993
 11149.7 0.991
 11149.8 0.964
 11149.9 0.925
 11150.0 0.941
 11150.1 0.983
 11150.2 0.997
 11150.3 0.999
 11150.4 0.999
 11150.5 0.999
 11150.6 0.999
 11150.7 1.000
 11150.8 1.000
 11150.9 1.000
 11151.0 0.999
 11151.1 1.000
 11151.2 1.000
 11151.3 1.000
 11151.4 1.000
 11151.5 1.000
 11151.6 0.999
 11151.7 0.998
 11151.8 0.999
 11151.9 1.000
 11152.0 1.000
 11152.1 1.000
 11152.2 1.000
 11152.3 1.000
 11152.4 1.000
 11152.5 1.000
 11152.6 1.000
 11152.7 1.000
 11152.8 1.000
 11152.9 1.000
 11153.0 1.000
 11153.1 0.999
 11153.2 0.988
 11153.3 0.962
 11153.4 0.960
 11153.5 0.984
 11153.6 0.997
 11153.7 0.999
 11153.8 1.000
 11153.9 1.000
 11154.0 1.000
 11154.1 1.000
 11154.2 1.000
 11154.3 1.000
 11154.4 1.000
 11154.5 1.000
 11154.6 1.000
 11154.7 1.000
 11154.8 1.000
 11154.9 1.000
 11155.0 1.000
 11155.1 1.000
 11155.2 1.000
 11155.3 1.000
 11155.4 1.000
 11155.5 1.000
 11155.6 1.000
 11155.7 1.000
 11155.8 1.000
 11155.9 1.000
 11156.0 1.000
 11156.1 1.000
 11156.2 1.000
 11156.3 1.000
 11156.4 1.000
 11156.5 0.999
 11156.6 0.999
 11156.7 0.995
 11156.8 0.948
 11156.9 0.838
 11157.0 0.821
 11157.1 0.926
 11157.2 0.986
 11157.3 0.986
 11157.4 0.978
 11157.5 0.980
 11157.6 0.990
 11157.7 0.997
 11157.8 0.997
 11157.9 0.998
 11158.0 0.999
 11158.1 1.000
 11158.2 1.000
 11158.3 1.000
 11158.4 0.999
 11158.5 0.997
 11158.6 0.987
 11158.7 0.961
 11158.8 0.959
 11158.9 0.985
 11159.0 0.999
 11159.1 1.000
 11159.2 1.000
 11159.3 1.000
 11159.4 0.995
 11159.5 0.979
 11159.6 0.963
 11159.7 0.968
 11159.8 0.986
 11159.9 0.990
 11160.0 0.978
 11160.1 0.978
 11160.2 0.991
 11160.3 0.999
 11160.4 1.000
 11160.5 0.996
 11160.6 0.985
 11160.7 0.982
 11160.8 0.992
 11160.9 0.999
 11161.0 1.000
 11161.1 1.000
 11161.2 1.000
 11161.3 1.000
 11161.4 1.000
 11161.5 1.000
 11161.6 1.000
 11161.7 1.000
 11161.8 1.000
 11161.9 1.000
 11162.0 1.000
 11162.1 1.000
 11162.2 0.997
 11162.3 0.992
 11162.4 0.994
 11162.5 0.999
 11162.6 1.000
 11162.7 1.000
 11162.8 1.000
 11162.9 1.000
 11163.0 1.000
 11163.1 1.000
 11163.2 1.000
 11163.3 1.000
 11163.4 1.000
 11163.5 0.996
 11163.6 0.977
 11163.7 0.964
 11163.8 0.981
 11163.9 0.998
 11164.0 1.000
 11164.1 1.000
 11164.2 1.000
 11164.3 1.000
 11164.4 1.000
 11164.5 1.000
 11164.6 1.000
 11164.7 1.000
 11164.8 1.000
 11164.9 1.000
 11165.0 0.999
 11165.1 0.996
 11165.2 0.985
 11165.3 0.981
 11165.4 0.991
 11165.5 0.999
 11165.6 1.000
 11165.7 1.000
 11165.8 1.000
 11165.9 1.000
 11166.0 1.000
 11166.1 1.000
 11166.2 1.000
 11166.3 1.000
 11166.4 1.000
 11166.5 1.000
 11166.6 1.000
 11166.7 1.000
 11166.8 1.000
 11166.9 1.000
 11167.0 1.000
 11167.1 0.997
 11167.2 0.980
 11167.3 0.957
 11167.4 0.967
 11167.5 0.991
 11167.6 0.998
 11167.7 0.999
 11167.8 1.000
 11167.9 1.000
 11168.0 1.000
 11168.1 1.000
 11168.2 1.000
 11168.3 1.000
 11168.4 1.000
 11168.5 1.000
 11168.6 1.000
 11168.7 1.000
 11168.8 1.000
 11168.9 1.000
 11169.0 1.000
 11169.1 1.000
 11169.2 1.000
 11169.3 1.000
 11169.4 1.000
 11169.5 1.000
 11169.6 1.000
 11169.7 1.000
 11169.8 1.000
 11169.9 1.000
 11170.0 1.000
 11170.1 1.000
 11170.2 1.000
 11170.3 0.999
 11170.4 0.997
 11170.5 0.996
 11170.6 0.993
 11170.7 0.986
 11170.8 0.980
 11170.9 0.987
 11171.0 0.997
 11171.1 0.999
 11171.2 0.998
 11171.3 0.998
 11171.4 0.998
 11171.5 0.997
 11171.6 0.986
 11171.7 0.960
 11171.8 0.959
 11171.9 0.986
 11172.0 0.999
 11172.1 0.999
 11172.2 0.997
 11172.3 0.993
 11172.4 0.995
 11172.5 0.999
 11172.6 1.000
 11172.7 1.000
 11172.8 0.998
 11172.9 0.997
 11173.0 0.998
 11173.1 1.000
 11173.2 1.000
 11173.3 1.000
 11173.4 1.000
 11173.5 0.999
 11173.6 0.991
 11173.7 0.978
 11173.8 0.982
 11173.9 0.995
 11174.0 1.000
 11174.1 0.999
 11174.2 0.994
 11174.3 0.981
 11174.4 0.980
 11174.5 0.993
 11174.6 0.999
 11174.7 0.998
 11174.8 0.999
 11174.9 1.000
 11175.0 1.000
 11175.1 1.000
 11175.2 1.000
 11175.3 1.000
 11175.4 1.000
 11175.5 1.000
 11175.6 1.000
 11175.7 0.995
 11175.8 0.983
 11175.9 0.982
 11176.0 0.994
 11176.1 0.999
 11176.2 1.000
 11176.3 1.000
 11176.4 1.000
 11176.5 1.000
 11176.6 1.000
 11176.7 1.000
 11176.8 0.999
 11176.9 0.995
 11177.0 0.994
 11177.1 0.998
 11177.2 1.000
 11177.3 1.000
 11177.4 1.000
 11177.5 1.000
 11177.6 1.000
 11177.7 1.000
 11177.8 1.000
 11177.9 1.000
 11178.0 1.000
 11178.1 0.999
 11178.2 0.986
 11178.3 0.935
 11178.4 0.908
 11178.5 0.956
 11178.6 0.994
 11178.7 0.999
 11178.8 1.000
 11178.9 1.000
 11179.0 1.000
 11179.1 1.000
 11179.2 1.000
 11179.3 1.000
 11179.4 1.000
 11179.5 0.999
 11179.6 0.999
 11179.7 0.999
 11179.8 1.000
 11179.9 1.000
 11180.0 1.000
 11180.1 1.000
 11180.2 1.000
 11180.3 1.000
 11180.4 1.000
 11180.5 1.000
 11180.6 1.000
 11180.7 1.000
 11180.8 1.000
 11180.9 1.000
 11181.0 0.999
 11181.1 0.999
 11181.2 0.996
 11181.3 0.989
 11181.4 0.988
 11181.5 0.994
 11181.6 0.989
 11181.7 0.963
 11181.8 0.958
 11181.9 0.982
 11182.0 0.994
 11182.1 0.996
 11182.2 0.999
 11182.3 1.000
 11182.4 1.000
 11182.5 1.000
 11182.6 0.999
 11182.7 0.999
 11182.8 0.999
 11182.9 0.999
 11183.0 0.996
 11183.1 0.971
 11183.2 0.931
 11183.3 0.937
 11183.4 0.979
 11183.5 0.998
 11183.6 0.999
 11183.7 0.999
 11183.8 0.999
 11183.9 0.999
 11184.0 0.999
 11184.1 0.998
 11184.2 0.996
 11184.3 0.996
 11184.4 0.996
 11184.5 0.994
 11184.6 0.987
 11184.7 0.979
 11184.8 0.985
 11184.9 0.995
 11185.0 0.996
 11185.1 0.985
 11185.2 0.958
 11185.3 0.957
 11185.4 0.984
 11185.5 0.997
 11185.6 0.998
 11185.7 0.998
 11185.8 0.998
 11185.9 0.995
 11186.0 0.969
 11186.1 0.921
 11186.2 0.928
 11186.3 0.977
 11186.4 0.995
 11186.5 0.994
 11186.6 0.980
 11186.7 0.951
 11186.8 0.948
 11186.9 0.973
 11187.0 0.984
 11187.1 0.979
 11187.2 0.966
 11187.3 0.922
 11187.4 0.787
 11187.5 0.632
 11187.6 0.583
 11187.7 0.663
 11187.8 0.826
 11187.9 0.939
 11188.0 0.969
 11188.1 0.975
 11188.2 0.962
 11188.3 0.919
 11188.4 0.837
 11188.5 0.821
 11188.6 0.912
 11188.7 0.979
 11188.8 0.992
 11188.9 0.995
 11189.0 0.996
 11189.1 0.996
 11189.2 0.997
 11189.3 0.997
 11189.4 0.996
 11189.5 0.989
 11189.6 0.977
 11189.7 0.981
 11189.8 0.993
 11189.9 0.987
 11190.0 0.972
 11190.1 0.973
 11190.2 0.983
 11190.3 0.990
 11190.4 0.994
 11190.5 0.995
 11190.6 0.995
 11190.7 0.968
 11190.8 0.882
 11190.9 0.850
 11191.0 0.930
 11191.1 0.990
 11191.2 0.998
 11191.3 0.997
 11191.4 0.988
 11191.5 0.978
 11191.6 0.983
 11191.7 0.992
 11191.8 0.993
 11191.9 0.980
 11192.0 0.926
 11192.1 0.889
 11192.2 0.932
 11192.3 0.978
 11192.4 0.991
 11192.5 0.997
 11192.6 0.999
 11192.7 0.999
 11192.8 0.999
 11192.9 0.999
 11193.0 0.999
 11193.1 0.999
 11193.2 0.999
 11193.3 0.997
 11193.4 0.995
 11193.5 0.996
 11193.6 0.998
 11193.7 0.999
 11193.8 1.000
 11193.9 1.000
 11194.0 1.000
 11194.1 1.000
 11194.2 1.000
 11194.3 1.000
 11194.4 1.000
 11194.5 1.000
 11194.6 0.999
 11194.7 0.999
 11194.8 0.999
 11194.9 1.000
 11195.0 1.000
 11195.1 1.000
 11195.2 1.000
 11195.3 0.999
 11195.4 0.999
 11195.5 0.999
 11195.6 0.999
 11195.7 1.000
 11195.8 1.000
 11195.9 1.000
 11196.0 1.000
 11196.1 0.999
 11196.2 0.999
 11196.3 0.995
 11196.4 0.973
 11196.5 0.944
 11196.6 0.881
 11196.7 0.768
 11196.8 0.714
 11196.9 0.816
 11197.0 0.946
 11197.1 0.978
 11197.2 0.974
 11197.3 0.981
 11197.4 0.992
 11197.5 0.997
 11197.6 0.999
 11197.7 0.999
 11197.8 0.999
 11197.9 0.999
 11198.0 0.999
 11198.1 0.999
 11198.2 0.999
 11198.3 0.999
 11198.4 0.999
 11198.5 0.999
 11198.6 0.999
 11198.7 1.000
 11198.8 0.998
 11198.9 0.994
 11199.0 0.988
 11199.1 0.968
 11199.2 0.944
 11199.3 0.954
 11199.4 0.985
 11199.5 0.998
 11199.6 1.000
 11199.7 1.000
 11199.8 1.000
 11199.9 1.000
 11200.0 1.000
 11200.1 1.000
 11200.2 1.000
 11200.3 1.000
 11200.4 1.000
 11200.5 0.999
 11200.6 0.997
 11200.7 0.979
 11200.8 0.949
 11200.9 0.958
 11201.0 0.989
 11201.1 0.998
 11201.2 0.998
 11201.3 0.998
 11201.4 0.997
 11201.5 0.995
 11201.6 0.987
 11201.7 0.928
 11201.8 0.802
 11201.9 0.738
 11202.0 0.828
 11202.1 0.947
 11202.2 0.990
 11202.3 0.996
 11202.4 0.998
 11202.5 0.998
 11202.6 0.999
 11202.7 0.999
 11202.8 0.999
 11202.9 0.999
 11203.0 0.999
 11203.1 0.994
 11203.2 0.979
 11203.3 0.967
 11203.4 0.977
 11203.5 0.994
 11203.6 0.999
 11203.7 0.999
 11203.8 1.000
 11203.9 1.000
 11204.0 1.000
 11204.1 1.000
 11204.2 1.000
 11204.3 1.000
 11204.4 1.000
 11204.5 1.000
 11204.6 0.999
 11204.7 0.998
 11204.8 0.998
 11204.9 0.999
 11205.0 1.000
 11205.1 1.000
 11205.2 0.998
 11205.3 0.988
 11205.4 0.978
 11205.5 0.977
 11205.6 0.972
 11205.7 0.974
 11205.8 0.990
 11205.9 0.998
 11206.0 0.999
 11206.1 1.000
 11206.2 1.000
 11206.3 1.000
 11206.4 1.000
 11206.5 1.000
 11206.6 1.000
 11206.7 1.000
 11206.8 1.000
 11206.9 1.000
 11207.0 1.000
 11207.1 1.000
 11207.2 1.000
 11207.3 1.000
 11207.4 0.999
 11207.5 0.993
 11207.6 0.981
 11207.7 0.982
 11207.8 0.994
 11207.9 0.999
 11208.0 1.000
 11208.1 1.000
 11208.2 1.000
 11208.3 1.000
 11208.4 1.000
 11208.5 1.000
 11208.6 1.000
 11208.7 1.000
 11208.8 1.000
 11208.9 1.000
 11209.0 1.000
 11209.1 1.000
 11209.2 1.000
 11209.3 1.000
 11209.4 1.000
 11209.5 1.000
 11209.6 1.000
 11209.7 1.000
 11209.8 1.000
 11209.9 1.000
 11210.0 1.000
 11210.1 1.000
 11210.2 1.000
 11210.3 1.000
 11210.4 1.000
 11210.5 1.000
 11210.6 1.000
 11210.7 1.000
 11210.8 1.000
 11210.9 1.000
 11211.0 1.000
 11211.1 1.000
 11211.2 1.000
 11211.3 1.000
 11211.4 1.000
 11211.5 1.000
 11211.6 1.000
 11211.7 1.000
 11211.8 1.000
 11211.9 0.993
 11212.0 0.967
 11212.1 0.953
 11212.2 0.975
 11212.3 0.995
 11212.4 0.998
 11212.5 0.999
 11212.6 1.000
 11212.7 1.000
 11212.8 1.000
 11212.9 1.000
 11213.0 1.000
 11213.1 1.000
 11213.2 1.000
 11213.3 1.000
 11213.4 0.999
 11213.5 0.998
 11213.6 0.989
 11213.7 0.962
 11213.8 0.953
 11213.9 0.976
 11214.0 0.983
 11214.1 0.979
 11214.2 0.988
 11214.3 0.998
 11214.4 0.999
 11214.5 0.996
 11214.6 0.988
 11214.7 0.985
 11214.8 0.993
 11214.9 0.999
 11215.0 0.999
 11215.1 0.999
 11215.2 0.996
 11215.3 0.996
 11215.4 0.998
 11215.5 1.000
 11215.6 1.000
 11215.7 1.000
 11215.8 1.000
 11215.9 1.000
 11216.0 1.000
 11216.1 1.000
 11216.2 1.000
 11216.3 1.000
 11216.4 1.000
 11216.5 1.000
 11216.6 1.000
 11216.7 1.000
 11216.8 1.000
 11216.9 1.000
 11217.0 1.000
 11217.1 1.000
 11217.2 1.000
 11217.3 1.000
 11217.4 1.000
 11217.5 1.000
 11217.6 1.000
 11217.7 1.000
 11217.8 1.000
 11217.9 0.999
 11218.0 0.998
 11218.1 0.997
 11218.2 0.996
 11218.3 0.991
 11218.4 0.981
 11218.5 0.984
 11218.6 0.996
 11218.7 0.997
 11218.8 0.987
 11218.9 0.978
 11219.0 0.987
 11219.1 0.997
 11219.2 1.000
 11219.3 1.000
 11219.4 1.000
 11219.5 1.000
 11219.6 1.000
 11219.7 1.000
 11219.8 0.999
 11219.9 0.997
 11220.0 0.996
 11220.1 0.998
 11220.2 1.000
 11220.3 1.000
 11220.4 1.000
 11220.5 1.000
 11220.6 1.000
 11220.7 0.998
 11220.8 0.990
 11220.9 0.984
 11221.0 0.991
 11221.1 0.999
 11221.2 1.000
 11221.3 0.999
 11221.4 0.998
 11221.5 0.995
 11221.6 0.986
 11221.7 0.979
 11221.8 0.988
 11221.9 0.998
 11222.0 0.999
 11222.1 0.998
 11222.2 0.999
 11222.3 1.000
 11222.4 1.000
 11222.5 1.000
 11222.6 1.000
 11222.7 1.000
 11222.8 1.000
 11222.9 1.000
 11223.0 1.000
 11223.1 1.000
 11223.2 1.000
 11223.3 1.000
 11223.4 1.000
 11223.5 1.000
 11223.6 1.000
 11223.7 1.000
 11223.8 1.000
 11223.9 1.000
 11224.0 0.999
 11224.1 0.993
 11224.2 0.981
 11224.3 0.980
 11224.4 0.993
 11224.5 0.999
 11224.6 1.000
 11224.7 0.999
 11224.8 0.992
 11224.9 0.970
 11225.0 0.969
 11225.1 0.990
 11225.2 0.999
 11225.3 0.999
 11225.4 0.999
 11225.5 1.000
 11225.6 1.000
 11225.7 1.000
 11225.8 1.000
 11225.9 1.000
 11226.0 1.000
 11226.1 1.000
 11226.2 1.000
 11226.3 1.000
 11226.4 1.000
 11226.5 1.000
 11226.6 1.000
 11226.7 1.000
 11226.8 0.999
 11226.9 0.997
 11227.0 0.995
 11227.1 0.995
 11227.2 0.998
 11227.3 0.999
 11227.4 1.000
 11227.5 1.000
 11227.6 1.000
 11227.7 1.000
 11227.8 0.994
 11227.9 0.970
 11228.0 0.956
 11228.1 0.977
 11228.2 0.996
 11228.3 0.998
 11228.4 0.998
 11228.5 0.998
 11228.6 0.992
 11228.7 0.967
 11228.8 0.955
 11228.9 0.977
 11229.0 0.997
 11229.1 1.000
 11229.2 0.998
 11229.3 0.996
 11229.4 0.992
 11229.5 0.982
 11229.6 0.980
 11229.7 0.992
 11229.8 0.999
 11229.9 1.000
 11230.0 1.000
 11230.1 1.000
 11230.2 1.000
 11230.3 1.000
 11230.4 1.000
 11230.5 1.000
 11230.6 1.000
 11230.7 1.000
 11230.8 0.999
 11230.9 0.997
 11231.0 0.996
 11231.1 0.999
 11231.2 1.000
 11231.3 1.000
 11231.4 1.000
 11231.5 1.000
 11231.6 1.000
 11231.7 1.000
 11231.8 1.000
 11231.9 1.000
 11232.0 1.000
 11232.1 1.000
 11232.2 1.000
 11232.3 1.000
 11232.4 1.000
 11232.5 1.000
 11232.6 1.000
 11232.7 1.000
 11232.8 1.000
 11232.9 1.000
 11233.0 1.000
 11233.1 1.000
 11233.2 0.999
 11233.3 0.999
 11233.4 0.999
 11233.5 1.000
 11233.6 1.000
 11233.7 1.000
 11233.8 1.000
 11233.9 1.000
 11234.0 1.000
 11234.1 1.000
 11234.2 1.000
 11234.3 1.000
 11234.4 1.000
 11234.5 1.000
 11234.6 1.000
 11234.7 1.000
 11234.8 0.996
 11234.9 0.985
 11235.0 0.979
 11235.1 0.990
 11235.2 0.998
 11235.3 0.998
 11235.4 0.996
 11235.5 0.996
 11235.6 0.999
 11235.7 0.999
 11235.8 0.999
 11235.9 0.997
 11236.0 0.997
 11236.1 0.999
 11236.2 1.000
 11236.3 1.000
 11236.4 0.999
 11236.5 0.999
 11236.6 0.999
 11236.7 0.998
 11236.8 0.996
 11236.9 0.981
 11237.0 0.918
 11237.1 0.866
 11237.2 0.912
 11237.3 0.978
 11237.4 0.995
 11237.5 0.998
 11237.6 0.998
 11237.7 0.999
 11237.8 0.998
 11237.9 0.998
 11238.0 0.999
 11238.1 1.000
 11238.2 0.999
 11238.3 0.996
 11238.4 0.985
 11238.5 0.980
 11238.6 0.989
 11238.7 0.995
 11238.8 0.995
 11238.9 0.996
 11239.0 0.998
 11239.1 0.999
 11239.2 0.999
 11239.3 0.999
 11239.4 0.998
 11239.5 0.995
 11239.6 0.996
 11239.7 0.999
 11239.8 1.000
 11239.9 0.999
 11240.0 0.999
 11240.1 0.999
 11240.2 1.000
 11240.3 1.000
 11240.4 0.999
 11240.5 0.999
 11240.6 1.000
 11240.7 1.000
 11240.8 1.000
 11240.9 1.000
 11241.0 1.000
 11241.1 0.999
 11241.2 0.994
 11241.3 0.981
 11241.4 0.980
 11241.5 0.993
 11241.6 0.999
 11241.7 0.999
 11241.8 0.999
 11241.9 1.000
 11242.0 1.000
 11242.1 1.000
 11242.2 1.000
 11242.3 1.000
 11242.4 1.000
 11242.5 1.000
 11242.6 1.000
 11242.7 1.000
 11242.8 0.999
 11242.9 0.998
 11243.0 0.995
 11243.1 0.994
 11243.2 0.997
 11243.3 1.000
 11243.4 1.000
 11243.5 0.999
 11243.6 0.999
 11243.7 0.998
 11243.8 0.990
 11243.9 0.985
 11244.0 0.991
 11244.1 0.994
 11244.2 0.969
 11244.3 0.926
 11244.4 0.930
 11244.5 0.974
 11244.6 0.996
 11244.7 0.998
 11244.8 0.999
 11244.9 1.000
 11245.0 1.000
 11245.1 1.000
 11245.2 0.998
 11245.3 0.996
 11245.4 0.992
 11245.5 0.981
 11245.6 0.980
 11245.7 0.992
 11245.8 0.999
 11245.9 1.000
 11246.0 1.000
 11246.1 1.000
 11246.2 1.000
 11246.3 1.000
 11246.4 1.000
 11246.5 1.000
 11246.6 1.000
 11246.7 0.999
 11246.8 0.994
 11246.9 0.992
 11247.0 0.997
 11247.1 1.000
 11247.2 1.000
 11247.3 1.000
 11247.4 1.000
 11247.5 1.000
 11247.6 1.000
 11247.7 1.000
 11247.8 1.000
 11247.9 1.000
 11248.0 1.000
 11248.1 1.000
 11248.2 0.999
 11248.3 0.999
 11248.4 0.998
 11248.5 0.999
 11248.6 1.000
 11248.7 1.000
 11248.8 1.000
 11248.9 0.999
 11249.0 0.999
 11249.1 0.999
 11249.2 0.998
 11249.3 0.997
 11249.4 0.998
 11249.5 0.999
 11249.6 0.999
 11249.7 0.999
 11249.8 0.999
 11249.9 0.999
 11250.0 0.999
 11250.1 0.999
 11250.2 0.999
 11250.3 0.999
 11250.4 0.998
 11250.5 0.998
 11250.6 0.997
 11250.7 0.995
 11250.8 0.986
 11250.9 0.923
 11251.0 0.737
 11251.1 0.589
 11251.2 0.680
 11251.3 0.882
 11251.4 0.984
 11251.5 0.979
 11251.6 0.975
 11251.7 0.985
 11251.8 0.994
 11251.9 0.995
 11252.0 0.994
 11252.1 0.993
 11252.2 0.992
 11252.3 0.990
 11252.4 0.988
 11252.5 0.985
 11252.6 0.980
 11252.7 0.971
 11252.8 0.953
 11252.9 0.904
 11253.0 0.787
 11253.1 0.651
 11253.2 0.603
 11253.3 0.678
 11253.4 0.822
 11253.5 0.923
 11253.6 0.957
 11253.7 0.970
 11253.8 0.976
 11253.9 0.977
 11254.0 0.971
 11254.1 0.967
 11254.2 0.970
 11254.3 0.968
 11254.4 0.957
 11254.5 0.934
 11254.6 0.876
 11254.7 0.747
 11254.8 0.618
 11254.9 0.583
 11255.0 0.659
 11255.1 0.801
 11255.2 0.906
 11255.3 0.947
 11255.4 0.965
 11255.5 0.975
 11255.6 0.978
 11255.7 0.972
 11255.8 0.969
 11255.9 0.980
 11256.0 0.990
 11256.1 0.992
 11256.2 0.993
 11256.3 0.994
 11256.4 0.994
 11256.5 0.994
 11256.6 0.995
 11256.7 0.996
 11256.8 0.997
 11256.9 0.997
 11257.0 0.998
 11257.1 0.998
 11257.2 0.998
 11257.3 0.998
 11257.4 0.999
 11257.5 0.999
 11257.6 0.999
 11257.7 0.999
 11257.8 0.999
 11257.9 0.999
 11258.0 0.999
 11258.1 0.999
 11258.2 0.999
 11258.3 0.999
 11258.4 0.998
 11258.5 0.998
 11258.6 0.999
 11258.7 0.998
 11258.8 0.992
 11258.9 0.978
 11259.0 0.974
 11259.1 0.986
 11259.2 0.997
 11259.3 1.000
 11259.4 1.000
 11259.5 1.000
 11259.6 1.000
 11259.7 0.999
 11259.8 0.998
 11259.9 0.997
 11260.0 0.994
 11260.1 0.994
 11260.2 0.986
 11260.3 0.959
 11260.4 0.955
 11260.5 0.982
 11260.6 0.996
 11260.7 0.997
 11260.8 0.997
 11260.9 0.998
 11261.0 0.999
 11261.1 0.991
 11261.2 0.965
 11261.3 0.957
 11261.4 0.979
 11261.5 0.995
 11261.6 0.998
 11261.7 0.997
 11261.8 0.996
 11261.9 0.993
 11262.0 0.983
 11262.1 0.979
 11262.2 0.990
 11262.3 0.999
 11262.4 1.000
 11262.5 1.000
 11262.6 0.999
 11262.7 0.999
 11262.8 0.999
 11262.9 0.998
 11263.0 0.998
 11263.1 0.999
 11263.2 1.000
 11263.3 1.000
 11263.4 1.000
 11263.5 1.000
 11263.6 1.000
 11263.7 1.000
 11263.8 1.000
 11263.9 1.000
 11264.0 1.000
 11264.1 1.000
 11264.2 1.000
 11264.3 1.000
 11264.4 1.000
 11264.5 1.000
 11264.6 1.000
 11264.7 1.000
 11264.8 1.000
 11264.9 1.000
 11265.0 1.000
 11265.1 1.000
 11265.2 1.000
 11265.3 1.000
 11265.4 1.000
 11265.5 1.000
 11265.6 1.000
 11265.7 1.000
 11265.8 1.000
 11265.9 1.000
 11266.0 1.000
 11266.1 0.999
 11266.2 0.999
 11266.3 0.999
 11266.4 1.000
 11266.5 1.000
 11266.6 1.000
 11266.7 1.000
 11266.8 1.000
 11266.9 1.000
 11267.0 1.000
 11267.1 1.000
 11267.2 0.999
 11267.3 0.999
 11267.4 0.999
 11267.5 0.999
 11267.6 1.000
 11267.7 1.000
 11267.8 1.000
 11267.9 1.000
 11268.0 1.000
 11268.1 1.000
 11268.2 1.000
 11268.3 1.000
 11268.4 1.000
 11268.5 0.998
 11268.6 0.988
 11268.7 0.980
 11268.8 0.987
 11268.9 0.998
 11269.0 1.000
 11269.1 1.000
 11269.2 1.000
 11269.3 1.000
 11269.4 1.000
 11269.5 1.000
 11269.6 1.000
 11269.7 1.000
 11269.8 1.000
 11269.9 1.000
 11270.0 1.000
 11270.1 1.000
 11270.2 1.000
 11270.3 1.000
 11270.4 1.000
 11270.5 1.000
 11270.6 1.000
 11270.7 1.000
 11270.8 1.000
 11270.9 0.999
 11271.0 0.996
 11271.1 0.986
 11271.2 0.981
 11271.3 0.989
 11271.4 0.997
 11271.5 0.999
 11271.6 1.000
 11271.7 1.000
 11271.8 0.999
 11271.9 0.999
 11272.0 1.000
 11272.1 1.000
 11272.2 1.000
 11272.3 1.000
 11272.4 0.999
 11272.5 0.999
 11272.6 0.999
 11272.7 1.000
 11272.8 1.000
 11272.9 1.000
 11273.0 1.000
 11273.1 1.000
 11273.2 1.000
 11273.3 1.000
 11273.4 0.998
 11273.5 0.988
 11273.6 0.981
 11273.7 0.989
 11273.8 0.998
 11273.9 0.999
 11274.0 0.999
 11274.1 0.999
 11274.2 1.000
 11274.3 1.000
 11274.4 1.000
 11274.5 1.000
 11274.6 1.000
 11274.7 1.000
 11274.8 0.999
 11274.9 0.998
 11275.0 0.998
 11275.1 0.994
 11275.2 0.992
 11275.3 0.997
 11275.4 1.000
 11275.5 1.000
 11275.6 1.000
 11275.7 1.000
 11275.8 1.000
 11275.9 1.000
 11276.0 1.000
 11276.1 0.999
 11276.2 0.998
 11276.3 0.997
 11276.4 0.998
 11276.5 0.999
 11276.6 0.999
 11276.7 0.996
 11276.8 0.976
 11276.9 0.946
 11277.0 0.948
 11277.1 0.976
 11277.2 0.995
 11277.3 0.998
 11277.4 0.991
 11277.5 0.988
 11277.6 0.995
 11277.7 0.999
 11277.8 1.000
 11277.9 0.999
 11278.0 0.998
 11278.1 0.999
 11278.2 0.999
 11278.3 1.000
 11278.4 0.999
 11278.5 0.989
 11278.6 0.964
 11278.7 0.958
 11278.8 0.979
 11278.9 0.987
 11279.0 0.976
 11279.1 0.968
 11279.2 0.978
 11279.3 0.994
 11279.4 0.999
 11279.5 0.999
 11279.6 0.999
 11279.7 1.000
 11279.8 1.000
 11279.9 1.000
 11280.0 1.000
 11280.1 1.000
 11280.2 1.000
 11280.3 1.000
 11280.4 1.000
 11280.5 0.999
 11280.6 0.999
 11280.7 0.999
 11280.8 1.000
 11280.9 1.000
 11281.0 1.000
 11281.1 1.000
 11281.2 1.000
 11281.3 1.000
 11281.4 1.000
 11281.5 1.000
 11281.6 1.000
 11281.7 1.000
 11281.8 1.000
 11281.9 1.000
 11282.0 0.999
 11282.1 0.998
 11282.2 0.997
 11282.3 0.997
 11282.4 0.999
 11282.5 1.000
 11282.6 1.000
 11282.7 1.000
 11282.8 1.000
 11282.9 1.000
 11283.0 1.000
 11283.1 1.000
 11283.2 1.000
 11283.3 1.000
 11283.4 1.000
 11283.5 1.000
 11283.6 1.000
 11283.7 1.000
 11283.8 1.000
 11283.9 0.999
 11284.0 0.999
 11284.1 0.999
 11284.2 0.999
 11284.3 0.999
 11284.4 0.999
 11284.5 0.999
 11284.6 1.000
 11284.7 1.000
 11284.8 1.000
 11284.9 1.000
 11285.0 1.000
 11285.1 1.000
 11285.2 1.000
 11285.3 1.000
 11285.4 1.000
 11285.5 0.999
 11285.6 0.999
 11285.7 0.999
 11285.8 0.999
 11285.9 0.998
 11286.0 0.996
 11286.1 0.985
 11286.2 0.954
 11286.3 0.920
 11286.4 0.924
 11286.5 0.956
 11286.6 0.976
 11286.7 0.971
 11286.8 0.939
 11286.9 0.911
 11287.0 0.919
 11287.1 0.950
 11287.2 0.965
 11287.3 0.964
 11287.4 0.972
 11287.5 0.987
 11287.6 0.995
 11287.7 0.997
 11287.8 0.998
 11287.9 0.998
 11288.0 0.997
 11288.1 0.998
 11288.2 0.998
 11288.3 0.998
 11288.4 0.998
 11288.5 0.997
 11288.6 0.994
 11288.7 0.990
 11288.8 0.990
 11288.9 0.993
 11289.0 0.993
 11289.1 0.992
 11289.2 0.988
 11289.3 0.982
 11289.4 0.974
 11289.5 0.951
 11289.6 0.857
 11289.7 0.695
 11289.8 0.594
 11289.9 0.620
 11290.0 0.763
 11290.1 0.908
 11290.2 0.964
 11290.3 0.979
 11290.4 0.985
 11290.5 0.989
 11290.6 0.992
 11290.7 0.994
 11290.8 0.995
 11290.9 0.996
 11291.0 0.997
 11291.1 0.997
 11291.2 0.998
 11291.3 0.998
 11291.4 0.998
 11291.5 0.997
 11291.6 0.995
 11291.7 0.994
 11291.8 0.990
 11291.9 0.981
 11292.0 0.983
 11292.1 0.994
 11292.2 0.997
 11292.3 0.992
 11292.4 0.988
 11292.5 0.992
 11292.6 0.998
 11292.7 0.999
 11292.8 0.999
 11292.9 0.999
 11293.0 1.000
 11293.1 1.000
 11293.2 1.000
 11293.3 1.000
 11293.4 1.000
 11293.5 0.999
 11293.6 0.998
 11293.7 0.997
 11293.8 0.991
 11293.9 0.971
 11294.0 0.953
 11294.1 0.967
 11294.2 0.987
 11294.3 0.995
 11294.4 0.999
 11294.5 1.000
 11294.6 1.000
 11294.7 1.000
 11294.8 0.999
 11294.9 0.993
 11295.0 0.980
 11295.1 0.971
 11295.2 0.979
 11295.3 0.991
 11295.4 0.993
 11295.5 0.985
 11295.6 0.973
 11295.7 0.969
 11295.8 0.980
 11295.9 0.994
 11296.0 0.999
 11296.1 1.000
 11296.2 1.000
 11296.3 0.998
 11296.4 0.988
 11296.5 0.962
 11296.6 0.945
 11296.7 0.960
 11296.8 0.985
 11296.9 0.997
 11297.0 0.999
 11297.1 0.999
 11297.2 0.999
 11297.3 0.998
 11297.4 0.996
 11297.5 0.986
 11297.6 0.966
 11297.7 0.958
 11297.8 0.973
 11297.9 0.991
 11298.0 0.997
 11298.1 0.999
 11298.2 0.999
 11298.3 0.999
 11298.4 0.999
 11298.5 0.998
 11298.6 0.990
 11298.7 0.890
 11298.8 0.713
 11298.9 0.688
 11299.0 0.857
 11299.1 0.983
 11299.2 0.998
 11299.3 0.998
 11299.4 0.998
 11299.5 0.999
 11299.6 0.999
 11299.7 1.000
 11299.8 1.000
 11299.9 1.000
 11300.0 1.000
 11300.1 1.000
 11300.2 1.000
 11300.3 1.000
 11300.4 1.000
 11300.5 0.999
 11300.6 0.999
 11300.7 0.998
 11300.8 0.999
 11300.9 1.000
 11301.0 1.000
 11301.1 1.000
 11301.2 1.000
 11301.3 0.999
 11301.4 0.999
 11301.5 1.000
 11301.6 0.999
 11301.7 0.999
 11301.8 0.999
 11301.9 0.999
 11302.0 0.998
 11302.1 0.995
 11302.2 0.981
 11302.3 0.954
 11302.4 0.942
 11302.5 0.962
 11302.6 0.987
 11302.7 0.997
 11302.8 0.999
 11302.9 0.999
 11303.0 0.998
 11303.1 0.997
 11303.2 0.997
 11303.3 0.999
 11303.4 1.000
 11303.5 1.000
 11303.6 1.000
 11303.7 1.000
 11303.8 1.000
 11303.9 1.000
 11304.0 0.999
 11304.1 0.998
 11304.2 0.996
 11304.3 0.996
 11304.4 0.990
 11304.5 0.981
 11304.6 0.984
 11304.7 0.995
 11304.8 0.998
 11304.9 0.999
 11305.0 0.999
 11305.1 1.000
 11305.2 0.999
 11305.3 0.999
 11305.4 0.999
 11305.5 0.999
 11305.6 0.999
 11305.7 0.998
 11305.8 0.996
 11305.9 0.996
 11306.0 0.994
 11306.1 0.989
 11306.2 0.991
 11306.3 0.998
 11306.4 0.999
 11306.5 1.000
 11306.6 0.999
 11306.7 0.998
 11306.8 0.989
 11306.9 0.964
 11307.0 0.954
 11307.1 0.976
 11307.2 0.995
 11307.3 0.999
 11307.4 0.998
 11307.5 0.995
 11307.6 0.994
 11307.7 0.996
 11307.8 0.997
 11307.9 0.996
 11308.0 0.995
 11308.1 0.980
 11308.2 0.902
 11308.3 0.783
 11308.4 0.764
 11308.5 0.873
 11308.6 0.970
 11308.7 0.993
 11308.8 0.997
 11308.9 0.998
 11309.0 0.998
 11309.1 0.997
 11309.2 0.998
 11309.3 0.999
 11309.4 0.999
 11309.5 0.999
 11309.6 0.999
 11309.7 0.999
 11309.8 1.000
 11309.9 0.999
 11310.0 0.999
 11310.1 0.999
 11310.2 0.999
 11310.3 0.998
 11310.4 0.998
 11310.5 0.995
 11310.6 0.959
 11310.7 0.899
 11310.8 0.909
 11310.9 0.968
 11311.0 0.990
 11311.1 0.991
 11311.2 0.992
 11311.3 0.993
 11311.4 0.989
 11311.5 0.970
 11311.6 0.953
 11311.7 0.970
 11311.8 0.994
 11311.9 0.999
 11312.0 1.000
 11312.1 1.000
 11312.2 1.000
 11312.3 1.000
 11312.4 0.999
 11312.5 0.999
 11312.6 0.999
 11312.7 0.999
 11312.8 0.999
 11312.9 1.000
 11313.0 0.999
 11313.1 0.998
 11313.2 0.993
 11313.3 0.976
 11313.4 0.957
 11313.5 0.969
 11313.6 0.991
 11313.7 0.998
 11313.8 0.998
 11313.9 0.997
 11314.0 0.998
 11314.1 0.999
 11314.2 0.999
 11314.3 0.999
 11314.4 0.997
 11314.5 0.995
 11314.6 0.984
 11314.7 0.965
 11314.8 0.957
 11314.9 0.954
 11315.0 0.954
 11315.1 0.976
 11315.2 0.996
 11315.3 0.999
 11315.4 0.999
 11315.5 1.000
 11315.6 1.000
 11315.7 1.000
 11315.8 0.999
 11315.9 0.999
 11316.0 1.000
 11316.1 1.000
 11316.2 0.999
 11316.3 0.999
 11316.4 1.000
 11316.5 1.000
 11316.6 1.000
 11316.7 1.000
 11316.8 1.000
 11316.9 1.000
 11317.0 1.000
 11317.1 0.999
 11317.2 0.997
 11317.3 0.996
 11317.4 0.998
 11317.5 1.000
 11317.6 1.000
 11317.7 1.000
 11317.8 0.999
 11317.9 0.998
 11318.0 0.996
 11318.1 0.994
 11318.2 0.994
 11318.3 0.994
 11318.4 0.994
 11318.5 0.995
 11318.6 0.996
 11318.7 0.998
 11318.8 0.999
 11318.9 1.000
 11319.0 1.000
 11319.1 1.000
 11319.2 0.999
 11319.3 0.999
 11319.4 0.995
 11319.5 0.991
 11319.6 0.993
 11319.7 0.997
 11319.8 0.998
 11319.9 0.999
