 11560.0 0.984
 11560.1 0.996
 11560.2 1.000
 11560.3 1.000
 11560.4 1.000
 11560.5 1.000
 11560.6 0.999
 11560.7 0.996
 11560.8 0.994
 11560.9 0.997
 11561.0 1.000
 11561.1 1.000
 11561.2 1.000
 11561.3 1.000
 11561.4 1.000
 11561.5 1.000
 11561.6 1.000
 11561.7 1.000
 11561.8 1.000
 11561.9 1.000
 11562.0 1.000
 11562.1 1.000
 11562.2 1.000
 11562.3 1.000
 11562.4 1.000
 11562.5 0.999
 11562.6 0.999
 11562.7 1.000
 11562.8 1.000
 11562.9 1.000
 11563.0 1.000
 11563.1 1.000
 11563.2 1.000
 11563.3 1.000
 11563.4 1.000
 11563.5 1.000
 11563.6 1.000
 11563.7 1.000
 11563.8 1.000
 11563.9 1.000
 11564.0 1.000
 11564.1 1.000
 11564.2 1.000
 11564.3 1.000
 11564.4 1.000
 11564.5 1.000
 11564.6 0.999
 11564.7 0.999
 11564.8 0.999
 11564.9 0.999
 11565.0 0.999
 11565.1 1.000
 11565.2 0.999
 11565.3 0.989
 11565.4 0.969
 11565.5 0.969
 11565.6 0.988
 11565.7 0.994
 11565.8 0.988
 11565.9 0.989
 11566.0 0.995
 11566.1 0.997
 11566.2 0.998
 11566.3 0.998
 11566.4 0.998
 11566.5 0.999
 11566.6 0.999
 11566.7 0.999
 11566.8 0.999
 11566.9 1.000
 11567.0 1.000
 11567.1 1.000
 11567.2 1.000
 11567.3 1.000
 11567.4 1.000
 11567.5 1.000
 11567.6 1.000
 11567.7 0.999
 11567.8 0.999
 11567.9 0.999
 11568.0 0.999
 11568.1 0.998
 11568.2 0.993
 11568.3 0.983
 11568.4 0.985
 11568.5 0.995
 11568.6 0.999
 11568.7 1.000
 11568.8 1.000
 11568.9 1.000
 11569.0 1.000
 11569.1 1.000
 11569.2 1.000
 11569.3 1.000
 11569.4 1.000
 11569.5 1.000
 11569.6 1.000
 11569.7 1.000
 11569.8 1.000
 11569.9 1.000
 11570.0 1.000
 11570.1 1.000
 11570.2 1.000
 11570.3 1.000
 11570.4 1.000
 11570.5 1.000
 11570.6 1.000
 11570.7 0.999
 11570.8 1.000
 11570.9 1.000
 11571.0 1.000
 11571.1 0.999
 11571.2 0.999
 11571.3 0.998
 11571.4 0.998
 11571.5 0.998
 11571.6 0.999
 11571.7 0.999
 11571.8 0.997
 11571.9 0.991
 11572.0 0.986
 11572.1 0.988
 11572.2 0.987
 11572.3 0.960
 11572.4 0.867
 11572.5 0.776
 11572.6 0.818
 11572.7 0.930
 11572.8 0.984
 11572.9 0.994
 11573.0 0.996
 11573.1 0.998
 11573.2 0.998
 11573.3 0.998
 11573.4 0.998
 11573.5 0.998
 11573.6 0.999
 11573.7 0.999
 11573.8 1.000
 11573.9 1.000
 11574.0 1.000
 11574.1 1.000
 11574.2 1.000
 11574.3 1.000
 11574.4 1.000
 11574.5 1.000
 11574.6 0.999
 11574.7 0.998
 11574.8 0.998
 11574.9 0.999
 11575.0 0.992
 11575.1 0.980
 11575.2 0.982
 11575.3 0.994
 11575.4 0.999
 11575.5 0.999
 11575.6 0.997
 11575.7 0.995
 11575.8 0.996
 11575.9 0.998
 11576.0 0.999
 11576.1 1.000
 11576.2 1.000
 11576.3 1.000
 11576.4 1.000
 11576.5 1.000
 11576.6 1.000
 11576.7 1.000
 11576.8 1.000
 11576.9 1.000
 11577.0 1.000
 11577.1 1.000
 11577.2 1.000
 11577.3 1.000
 11577.4 1.000
 11577.5 1.000
 11577.6 1.000
 11577.7 1.000
 11577.8 0.996
 11577.9 0.979
 11578.0 0.967
 11578.1 0.980
 11578.2 0.996
 11578.3 1.000
 11578.4 1.000
 11578.5 0.999
 11578.6 1.000
 11578.7 1.000
 11578.8 1.000
 11578.9 1.000
 11579.0 1.000
 11579.1 1.000
 11579.2 1.000
 11579.3 1.000
 11579.4 1.000
 11579.5 1.000
 11579.6 1.000
 11579.7 1.000
 11579.8 1.000
 11579.9 1.000
 11580.0 1.000
 11580.1 0.999
 11580.2 0.993
 11580.3 0.988
 11580.4 0.992
 11580.5 0.998
 11580.6 1.000
 11580.7 1.000
 11580.8 1.000
 11580.9 1.000
 11581.0 1.000
 11581.1 1.000
 11581.2 1.000
 11581.3 1.000
 11581.4 1.000
 11581.5 1.000
 11581.6 0.999
 11581.7 0.999
 11581.8 0.991
 11581.9 0.973
 11582.0 0.974
 11582.1 0.991
 11582.2 0.999
 11582.3 1.000
 11582.4 1.000
 11582.5 1.000
 11582.6 1.000
 11582.7 1.000
 11582.8 1.000
 11582.9 1.000
 11583.0 1.000
 11583.1 1.000
 11583.2 1.000
 11583.3 1.000
 11583.4 1.000
 11583.5 1.000
 11583.6 1.000
 11583.7 1.000
 11583.8 1.000
 11583.9 1.000
 11584.0 1.000
 11584.1 1.000
 11584.2 1.000
 11584.3 0.999
 11584.4 0.999
 11584.5 0.997
 11584.6 0.991
 11584.7 0.979
 11584.8 0.970
 11584.9 0.975
 11585.0 0.985
 11585.1 0.974
 11585.2 0.959
 11585.3 0.972
 11585.4 0.989
 11585.5 0.983
 11585.6 0.980
 11585.7 0.990
 11585.8 0.999
 11585.9 1.000
 11586.0 1.000
 11586.1 1.000
 11586.2 1.000
 11586.3 1.000
 11586.4 1.000
 11586.5 1.000
 11586.6 1.000
 11586.7 1.000
 11586.8 0.999
 11586.9 0.999
 11587.0 0.999
 11587.1 0.999
 11587.2 0.999
 11587.3 0.999
 11587.4 1.000
 11587.5 1.000
 11587.6 1.000
 11587.7 1.000
 11587.8 1.000
 11587.9 1.000
 11588.0 1.000
 11588.1 1.000
 11588.2 0.999
 11588.3 0.999
 11588.4 0.996
 11588.5 0.979
 11588.6 0.933
 11588.7 0.908
 11588.8 0.946
 11588.9 0.989
 11589.0 0.999
 11589.1 0.999
 11589.2 0.999
 11589.3 0.999
 11589.4 0.999
 11589.5 0.998
 11589.6 0.995
 11589.7 0.986
 11589.8 0.954
 11589.9 0.920
 11590.0 0.939
 11590.1 0.977
 11590.2 0.975
 11590.3 0.963
 11590.4 0.975
 11590.5 0.991
 11590.6 0.991
 11590.7 0.983
 11590.8 0.978
 11590.9 0.981
 11591.0 0.987
 11591.1 0.984
 11591.2 0.956
 11591.3 0.846
 11591.4 0.713
 11591.5 0.689
 11591.6 0.802
 11591.7 0.931
 11591.8 0.980
 11591.9 0.986
 11592.0 0.977
 11592.1 0.909
 11592.2 0.785
 11592.3 0.726
 11592.4 0.812
 11592.5 0.933
 11592.6 0.983
 11592.7 0.990
 11592.8 0.992
 11592.9 0.983
 11593.0 0.947
 11593.1 0.931
 11593.2 0.962
 11593.3 0.970
 11593.4 0.822
 11593.5 0.608
 11593.6 0.531
 11593.7 0.656
 11593.8 0.865
 11593.9 0.977
 11594.0 0.992
 11594.1 0.996
 11594.2 0.997
 11594.3 0.995
 11594.4 0.968
 11594.5 0.915
 11594.6 0.918
 11594.7 0.973
 11594.8 0.997
 11594.9 0.999
 11595.0 0.999
 11595.1 0.999
 11595.2 0.999
 11595.3 0.999
 11595.4 0.999
 11595.5 0.999
 11595.6 0.998
 11595.7 0.996
 11595.8 0.996
 11595.9 0.998
 11596.0 0.999
 11596.1 1.000
 11596.2 1.000
 11596.3 1.000
 11596.4 1.000
 11596.5 1.000
 11596.6 1.000
 11596.7 0.997
 11596.8 0.987
 11596.9 0.980
 11597.0 0.988
 11597.1 0.998
 11597.2 1.000
 11597.3 1.000
 11597.4 0.999
 11597.5 1.000
 11597.6 1.000
 11597.7 1.000
 11597.8 1.000
 11597.9 1.000
 11598.0 1.000
 11598.1 1.000
 11598.2 1.000
 11598.3 1.000
 11598.4 1.000
 11598.5 1.000
 11598.6 1.000
 11598.7 1.000
 11598.8 1.000
 11598.9 1.000
 11599.0 1.000
 11599.1 1.000
 11599.2 1.000
 11599.3 1.000
 11599.4 1.000
 11599.5 1.000
 11599.6 1.000
 11599.7 1.000
 11599.8 1.000
 11599.9 0.999
 11600.0 0.998
 11600.1 0.994
 11600.2 0.991
 11600.3 0.991
 11600.4 0.989
 11600.5 0.979
 11600.6 0.979
 11600.7 0.991
 11600.8 0.998
 11600.9 0.998
 11601.0 0.998
 11601.1 0.999
 11601.2 0.999
 11601.3 0.999
 11601.4 0.998
 11601.5 0.996
 11601.6 0.987
 11601.7 0.967
 11601.8 0.963
 11601.9 0.982
 11602.0 0.995
 11602.1 0.998
 11602.2 0.999
 11602.3 0.999
 11602.4 1.000
 11602.5 1.000
 11602.6 1.000
 11602.7 0.998
 11602.8 0.989
 11602.9 0.979
 11603.0 0.986
 11603.1 0.997
 11603.2 1.000
 11603.3 1.000
 11603.4 0.995
 11603.5 0.977
 11603.6 0.967
 11603.7 0.981
 11603.8 0.996
 11603.9 0.999
 11604.0 0.999
 11604.1 0.999
 11604.2 0.999
 11604.3 1.000
 11604.4 1.000
 11604.5 1.000
 11604.6 1.000
 11604.7 1.000
 11604.8 1.000
 11604.9 1.000
 11605.0 1.000
 11605.1 1.000
 11605.2 1.000
 11605.3 0.999
 11605.4 0.999
 11605.5 0.999
 11605.6 0.999
 11605.7 0.999
 11605.8 0.999
 11605.9 0.999
 11606.0 0.999
 11606.1 0.999
 11606.2 0.999
 11606.3 0.998
 11606.4 0.994
 11606.5 0.987
 11606.6 0.988
 11606.7 0.994
 11606.8 0.995
 11606.9 0.994
 11607.0 0.992
 11607.1 0.988
 11607.2 0.978
 11607.3 0.916
 11607.4 0.712
 11607.5 0.514
 11607.6 0.484
 11607.7 0.611
 11607.8 0.835
 11607.9 0.968
 11608.0 0.984
 11608.1 0.987
 11608.2 0.979
 11608.3 0.964
 11608.4 0.968
 11608.5 0.986
 11608.6 0.995
 11608.7 0.996
 11608.8 0.996
 11608.9 0.997
 11609.0 0.996
 11609.1 0.996
 11609.2 0.996
 11609.3 0.994
 11609.4 0.993
 11609.5 0.989
 11609.6 0.961
 11609.7 0.890
 11609.8 0.842
 11609.9 0.891
 11610.0 0.963
 11610.1 0.988
 11610.2 0.988
 11610.3 0.974
 11610.4 0.868
 11610.5 0.708
 11610.6 0.684
 11610.7 0.818
 11610.8 0.880
 11610.9 0.759
 11611.0 0.632
 11611.1 0.619
 11611.2 0.731
 11611.3 0.882
 11611.4 0.960
 11611.5 0.979
 11611.6 0.985
 11611.7 0.980
 11611.8 0.973
 11611.9 0.980
 11612.0 0.991
 11612.1 0.995
 11612.2 0.997
 11612.3 0.997
 11612.4 0.998
 11612.5 0.998
 11612.6 0.998
 11612.7 0.998
 11612.8 0.997
 11612.9 0.993
 11613.0 0.986
 11613.1 0.981
 11613.2 0.984
 11613.3 0.993
 11613.4 0.998
 11613.5 0.999
 11613.6 0.999
 11613.7 0.999
 11613.8 0.999
 11613.9 0.999
 11614.0 0.999
 11614.1 0.999
 11614.2 0.998
 11614.3 0.995
 11614.4 0.991
 11614.5 0.990
 11614.6 0.994
 11614.7 0.998
 11614.8 0.999
 11614.9 0.999
 11615.0 0.999
 11615.1 0.998
 11615.2 0.997
 11615.3 0.996
 11615.4 0.997
 11615.5 0.998
 11615.6 0.990
 11615.7 0.971
 11615.8 0.970
 11615.9 0.988
 11616.0 0.999
 11616.1 1.000
 11616.2 1.000
 11616.3 1.000
 11616.4 1.000
 11616.5 1.000
 11616.6 1.000
 11616.7 1.000
 11616.8 0.998
 11616.9 0.989
 11617.0 0.981
 11617.1 0.988
 11617.2 0.998
 11617.3 0.999
 11617.4 0.995
 11617.5 0.989
 11617.6 0.990
 11617.7 0.997
 11617.8 0.999
 11617.9 0.999
 11618.0 0.999
 11618.1 0.998
 11618.2 0.999
 11618.3 0.999
 11618.4 0.999
 11618.5 0.999
 11618.6 0.998
 11618.7 0.998
 11618.8 0.996
 11618.9 0.993
 11619.0 0.976
 11619.1 0.930
 11619.2 0.869
 11619.3 0.844
 11619.4 0.878
 11619.5 0.940
 11619.6 0.981
 11619.7 0.994
 11619.8 0.996
 11619.9 0.997
 11620.0 0.997
 11620.1 0.997
 11620.2 0.998
 11620.3 0.997
 11620.4 0.989
 11620.5 0.962
 11620.6 0.957
 11620.7 0.982
 11620.8 0.997
 11620.9 0.999
 11621.0 0.999
 11621.1 0.999
 11621.2 0.999
 11621.3 0.999
 11621.4 0.999
 11621.5 1.000
 11621.6 1.000
 11621.7 1.000
 11621.8 1.000
 11621.9 1.000
 11622.0 0.999
 11622.1 0.999
 11622.2 0.999
 11622.3 0.998
 11622.4 0.998
 11622.5 0.999
 11622.6 0.999
 11622.7 0.998
 11622.8 0.998
 11622.9 0.999
 11623.0 1.000
 11623.1 1.000
 11623.2 1.000
 11623.3 1.000
 11623.4 1.000
 11623.5 1.000
 11623.6 1.000
 11623.7 1.000
 11623.8 1.000
 11623.9 1.000
 11624.0 1.000
 11624.1 1.000
 11624.2 1.000
 11624.3 1.000
 11624.4 1.000
 11624.5 1.000
 11624.6 1.000
 11624.7 1.000
 11624.8 1.000
 11624.9 0.999
 11625.0 0.997
 11625.1 0.996
 11625.2 0.997
 11625.3 0.999
 11625.4 1.000
 11625.5 1.000
 11625.6 1.000
 11625.7 1.000
 11625.8 1.000
 11625.9 1.000
 11626.0 0.999
 11626.1 0.998
 11626.2 0.998
 11626.3 0.999
 11626.4 0.996
 11626.5 0.985
 11626.6 0.979
 11626.7 0.989
 11626.8 0.998
 11626.9 0.999
 11627.0 0.999
 11627.1 0.999
 11627.2 0.998
 11627.3 0.994
 11627.4 0.972
 11627.5 0.946
 11627.6 0.955
 11627.7 0.985
 11627.8 0.997
 11627.9 0.998
 11628.0 0.997
 11628.1 0.996
 11628.2 0.994
 11628.3 0.991
 11628.4 0.987
 11628.5 0.972
 11628.6 0.923
 11628.7 0.847
 11628.8 0.796
 11628.9 0.810
 11629.0 0.879
 11629.1 0.949
 11629.2 0.983
 11629.3 0.992
 11629.4 0.995
 11629.5 0.996
 11629.6 0.992
 11629.7 0.975
 11629.8 0.968
 11629.9 0.982
 11630.0 0.995
 11630.1 0.998
 11630.2 0.999
 11630.3 0.999
 11630.4 0.999
 11630.5 0.999
 11630.6 0.998
 11630.7 0.985
 11630.8 0.955
 11630.9 0.934
 11631.0 0.946
 11631.1 0.976
 11631.2 0.995
 11631.3 0.999
 11631.4 1.000
 11631.5 1.000
 11631.6 1.000
 11631.7 1.000
 11631.8 1.000
 11631.9 1.000
 11632.0 0.999
 11632.1 0.999
 11632.2 0.999
 11632.3 0.999
 11632.4 0.999
 11632.5 0.998
 11632.6 0.999
 11632.7 0.999
 11632.8 0.999
 11632.9 0.999
 11633.0 1.000
 11633.1 1.000
 11633.2 0.998
 11633.3 0.992
 11633.4 0.989
 11633.5 0.995
 11633.6 0.999
 11633.7 1.000
 11633.8 1.000
 11633.9 1.000
 11634.0 1.000
 11634.1 1.000
 11634.2 1.000
 11634.3 1.000
 11634.4 1.000
 11634.5 0.999
 11634.6 0.999
 11634.7 0.999
 11634.8 1.000
 11634.9 1.000
 11635.0 1.000
 11635.1 0.999
 11635.2 0.999
 11635.3 0.999
 11635.4 1.000
 11635.5 1.000
 11635.6 1.000
 11635.7 1.000
 11635.8 1.000
 11635.9 1.000
 11636.0 1.000
 11636.1 1.000
 11636.2 1.000
 11636.3 1.000
 11636.4 1.000
 11636.5 0.999
 11636.6 0.999
 11636.7 0.999
 11636.8 0.999
 11636.9 0.999
 11637.0 0.999
 11637.1 0.999
 11637.2 0.998
 11637.3 0.998
 11637.4 0.998
 11637.5 0.997
 11637.6 0.996
 11637.7 0.994
 11637.8 0.991
 11637.9 0.985
 11638.0 0.920
 11638.1 0.715
 11638.2 0.524
 11638.3 0.509
 11638.4 0.668
 11638.5 0.878
 11638.6 0.964
 11638.7 0.974
 11638.8 0.988
 11638.9 0.995
 11639.0 0.997
 11639.1 0.997
 11639.2 0.998
 11639.3 0.998
 11639.4 0.998
 11639.5 0.998
 11639.6 0.998
 11639.7 0.998
 11639.8 0.998
 11639.9 0.998
 11640.0 0.993
 11640.1 0.979
 11640.2 0.972
 11640.3 0.983
 11640.4 0.993
 11640.5 0.993
 11640.6 0.987
 11640.7 0.948
 11640.8 0.830
 11640.9 0.713
 11641.0 0.728
 11641.1 0.855
 11641.2 0.961
 11641.3 0.989
 11641.4 0.994
 11641.5 0.996
 11641.6 0.992
 11641.7 0.973
 11641.8 0.957
 11641.9 0.971
 11642.0 0.993
 11642.1 0.999
 11642.2 0.999
 11642.3 0.999
 11642.4 0.999
 11642.5 1.000
 11642.6 1.000
 11642.7 1.000
 11642.8 1.000
 11642.9 1.000
 11643.0 1.000
 11643.1 1.000
 11643.2 0.999
 11643.3 0.998
 11643.4 0.998
 11643.5 0.999
 11643.6 1.000
 11643.7 1.000
 11643.8 1.000
 11643.9 1.000
 11644.0 1.000
 11644.1 0.999
 11644.2 0.994
 11644.3 0.989
 11644.4 0.992
 11644.5 0.998
 11644.6 0.999
 11644.7 1.000
 11644.8 1.000
 11644.9 1.000
 11645.0 1.000
 11645.1 1.000
 11645.2 1.000
 11645.3 1.000
 11645.4 1.000
 11645.5 1.000
 11645.6 0.999
 11645.7 0.999
 11645.8 1.000
 11645.9 1.000
 11646.0 1.000
 11646.1 1.000
 11646.2 1.000
 11646.3 1.000
 11646.4 1.000
 11646.5 1.000
 11646.6 1.000
 11646.7 1.000
 11646.8 0.999
 11646.9 0.998
 11647.0 0.997
 11647.1 0.998
 11647.2 0.999
 11647.3 0.999
 11647.4 0.999
 11647.5 0.998
 11647.6 0.997
 11647.7 0.988
 11647.8 0.962
 11647.9 0.925
 11648.0 0.912
 11648.1 0.938
 11648.2 0.974
 11648.3 0.991
 11648.4 0.995
 11648.5 0.994
 11648.6 0.992
 11648.7 0.993
 11648.8 0.994
 11648.9 0.991
 11649.0 0.988
 11649.1 0.989
 11649.2 0.993
 11649.3 0.996
 11649.4 0.997
 11649.5 0.996
 11649.6 0.997
 11649.7 0.997
 11649.8 0.996
 11649.9 0.997
 11650.0 0.999
 11650.1 0.999
 11650.2 0.999
 11650.3 0.998
 11650.4 0.997
 11650.5 0.997
 11650.6 0.998
 11650.7 0.999
 11650.8 0.999
 11650.9 0.999
 11651.0 0.999
 11651.1 0.999
 11651.2 0.999
 11651.3 0.999
 11651.4 0.999
 11651.5 0.999
 11651.6 0.999
 11651.7 0.999
 11651.8 0.999
 11651.9 0.999
 11652.0 0.999
 11652.1 0.999
 11652.2 0.999
 11652.3 0.998
 11652.4 0.998
 11652.5 0.995
 11652.6 0.985
 11652.7 0.954
 11652.8 0.910
 11652.9 0.890
 11653.0 0.914
 11653.1 0.951
 11653.2 0.969
 11653.3 0.982
 11653.4 0.994
 11653.5 0.998
 11653.6 0.999
 11653.7 0.999
 11653.8 0.999
 11653.9 0.999
 11654.0 0.999
 11654.1 0.999
 11654.2 0.999
 11654.3 0.999
 11654.4 0.999
 11654.5 0.998
 11654.6 0.997
 11654.7 0.997
 11654.8 0.997
 11654.9 0.996
 11655.0 0.993
 11655.1 0.987
 11655.2 0.981
 11655.3 0.983
 11655.4 0.991
 11655.5 0.995
 11655.6 0.996
 11655.7 0.997
 11655.8 0.997
 11655.9 0.998
 11656.0 0.998
 11656.1 0.999
 11656.2 0.999
 11656.3 0.998
 11656.4 0.992
 11656.5 0.976
 11656.6 0.970
 11656.7 0.985
 11656.8 0.997
 11656.9 0.999
 11657.0 0.998
 11657.1 0.998
 11657.2 0.997
 11657.3 0.997
 11657.4 0.998
 11657.5 0.998
 11657.6 0.998
 11657.7 0.998
 11657.8 0.998
 11657.9 0.997
 11658.0 0.997
 11658.1 0.996
 11658.2 0.995
 11658.3 0.994
 11658.4 0.990
 11658.5 0.980
 11658.6 0.945
 11658.7 0.880
 11658.8 0.824
 11658.9 0.824
 11659.0 0.879
 11659.1 0.941
 11659.2 0.970
 11659.3 0.967
 11659.4 0.927
 11659.5 0.847
 11659.6 0.769
 11659.7 0.747
 11659.8 0.795
 11659.9 0.881
 11660.0 0.950
 11660.1 0.979
 11660.2 0.988
 11660.3 0.992
 11660.4 0.994
 11660.5 0.995
 11660.6 0.996
 11660.7 0.993
 11660.8 0.988
 11660.9 0.989
 11661.0 0.995
 11661.1 0.998
 11661.2 0.998
 11661.3 0.998
 11661.4 0.998
 11661.5 0.997
 11661.6 0.998
 11661.7 0.998
 11661.8 0.998
 11661.9 0.998
 11662.0 0.998
 11662.1 0.998
 11662.2 0.997
 11662.3 0.995
 11662.4 0.993
 11662.5 0.971
 11662.6 0.912
 11662.7 0.889
 11662.8 0.941
 11662.9 0.986
 11663.0 0.994
 11663.1 0.994
 11663.2 0.997
 11663.3 0.999
 11663.4 0.999
 11663.5 0.999
 11663.6 0.999
 11663.7 1.000
 11663.8 1.000
 11663.9 1.000
 11664.0 1.000
 11664.1 1.000
 11664.2 1.000
 11664.3 0.999
 11664.4 0.997
 11664.5 0.997
 11664.6 0.998
 11664.7 1.000
 11664.8 1.000
 11664.9 1.000
 11665.0 1.000
 11665.1 1.000
 11665.2 1.000
 11665.3 1.000
 11665.4 1.000
 11665.5 0.999
 11665.6 0.999
 11665.7 1.000
 11665.8 0.999
 11665.9 0.996
 11666.0 0.985
 11666.1 0.979
 11666.2 0.986
 11666.3 0.982
 11666.4 0.971
 11666.5 0.978
 11666.6 0.994
 11666.7 0.998
 11666.8 0.999
 11666.9 0.999
 11667.0 0.999
 11667.1 0.999
 11667.2 0.998
 11667.3 0.998
 11667.4 0.997
 11667.5 0.990
 11667.6 0.987
 11667.7 0.992
 11667.8 0.997
 11667.9 0.998
 11668.0 0.998
 11668.1 0.999
 11668.2 0.998
 11668.3 0.992
 11668.4 0.974
 11668.5 0.968
 11668.6 0.983
 11668.7 0.993
 11668.8 0.993
 11668.9 0.993
 11669.0 0.993
 11669.1 0.990
 11669.2 0.983
 11669.3 0.962
 11669.4 0.905
 11669.5 0.816
 11669.6 0.749
 11669.7 0.763
 11669.8 0.847
 11669.9 0.932
 11670.0 0.973
 11670.1 0.987
 11670.2 0.991
 11670.3 0.994
 11670.4 0.995
 11670.5 0.994
 11670.6 0.995
 11670.7 0.997
 11670.8 0.998
 11670.9 0.998
 11671.0 0.999
 11671.1 0.999
 11671.2 0.999
 11671.3 0.999
 11671.4 0.999
 11671.5 0.998
 11671.6 0.993
 11671.7 0.989
 11671.8 0.993
 11671.9 0.998
 11672.0 0.999
 11672.1 0.999
 11672.2 0.999
 11672.3 1.000
 11672.4 0.999
 11672.5 0.999
 11672.6 0.999
 11672.7 0.999
 11672.8 0.999
 11672.9 0.999
 11673.0 0.999
 11673.1 0.999
 11673.2 0.999
 11673.3 0.999
 11673.4 0.999
 11673.5 0.999
 11673.6 0.998
 11673.7 0.997
 11673.8 0.991
 11673.9 0.970
 11674.0 0.925
 11674.1 0.885
 11674.2 0.890
 11674.3 0.935
 11674.4 0.977
 11674.5 0.994
 11674.6 0.997
 11674.7 0.998
 11674.8 0.999
 11674.9 0.999
 11675.0 0.997
 11675.1 0.997
 11675.2 0.998
 11675.3 1.000
 11675.4 1.000
 11675.5 1.000
 11675.6 1.000
 11675.7 1.000
 11675.8 0.999
 11675.9 0.999
 11676.0 1.000
 11676.1 0.999
 11676.2 0.995
 11676.3 0.992
 11676.4 0.995
 11676.5 0.999
 11676.6 0.999
 11676.7 0.998
 11676.8 0.999
 11676.9 1.000
 11677.0 1.000
 11677.1 1.000
 11677.2 1.000
 11677.3 1.000
 11677.4 1.000
 11677.5 1.000
 11677.6 1.000
 11677.7 1.000
 11677.8 0.998
 11677.9 0.993
 11678.0 0.989
 11678.1 0.994
 11678.2 0.998
 11678.3 0.999
 11678.4 1.000
 11678.5 1.000
 11678.6 1.000
 11678.7 0.999
 11678.8 0.997
 11678.9 0.997
 11679.0 0.998
 11679.1 1.000
 11679.2 1.000
 11679.3 1.000
 11679.4 1.000
 11679.5 0.999
 11679.6 0.999
 11679.7 0.999
 11679.8 1.000
 11679.9 0.999
 11680.0 0.999
 11680.1 0.999
 11680.2 0.999
 11680.3 0.994
 11680.4 0.983
 11680.5 0.982
 11680.6 0.993
 11680.7 0.999
 11680.8 1.000
 11680.9 1.000
 11681.0 1.000
 11681.1 1.000
 11681.2 1.000
 11681.3 1.000
 11681.4 0.998
 11681.5 0.988
 11681.6 0.981
 11681.7 0.989
 11681.8 0.998
 11681.9 0.999
 11682.0 0.999
 11682.1 1.000
 11682.2 1.000
 11682.3 1.000
 11682.4 1.000
 11682.5 1.000
 11682.6 1.000
 11682.7 1.000
 11682.8 1.000
 11682.9 1.000
 11683.0 0.999
 11683.1 0.996
 11683.2 0.994
 11683.3 0.997
 11683.4 0.999
 11683.5 1.000
 11683.6 1.000
 11683.7 1.000
 11683.8 0.995
 11683.9 0.979
 11684.0 0.971
 11684.1 0.985
 11684.2 0.998
 11684.3 1.000
 11684.4 1.000
 11684.5 0.999
 11684.6 1.000
 11684.7 1.000
 11684.8 1.000
 11684.9 1.000
 11685.0 1.000
 11685.1 1.000
 11685.2 1.000
 11685.3 1.000
 11685.4 1.000
 11685.5 1.000
 11685.6 1.000
 11685.7 1.000
 11685.8 1.000
 11685.9 0.998
 11686.0 0.998
 11686.1 0.998
 11686.2 0.999
 11686.3 1.000
 11686.4 1.000
 11686.5 1.000
 11686.6 1.000
 11686.7 1.000
 11686.8 1.000
 11686.9 0.999
 11687.0 0.999
 11687.1 0.999
 11687.2 0.999
 11687.3 1.000
 11687.4 1.000
 11687.5 1.000
 11687.6 0.999
 11687.7 0.999
 11687.8 0.998
 11687.9 0.997
 11688.0 0.998
 11688.1 0.999
 11688.2 0.999
 11688.3 0.999
 11688.4 0.999
 11688.5 0.999
 11688.6 0.999
 11688.7 0.998
 11688.8 0.994
 11688.9 0.989
 11689.0 0.988
 11689.1 0.993
 11689.2 0.995
 11689.3 0.995
 11689.4 0.992
 11689.5 0.989
 11689.6 0.981
 11689.7 0.923
 11689.8 0.723
 11689.9 0.525
 11690.0 0.493
 11690.1 0.574
 11690.2 0.669
 11690.3 0.774
 11690.4 0.907
 11690.5 0.978
 11690.6 0.990
 11690.7 0.993
 11690.8 0.994
 11690.9 0.993
 11691.0 0.994
 11691.1 0.995
 11691.2 0.996
 11691.3 0.997
 11691.4 0.998
 11691.5 0.999
 11691.6 0.999
 11691.7 0.999
 11691.8 0.999
 11691.9 0.999
 11692.0 0.999
 11692.1 0.999
 11692.2 0.999
 11692.3 0.998
 11692.4 0.996
 11692.5 0.997
 11692.6 0.999
 11692.7 1.000
 11692.8 1.000
 11692.9 0.999
 11693.0 0.997
 11693.1 0.991
 11693.2 0.987
 11693.3 0.992
 11693.4 0.998
 11693.5 0.999
 11693.6 0.997
 11693.7 0.996
 11693.8 0.997
 11693.9 0.996
 11694.0 0.988
 11694.1 0.981
 11694.2 0.987
 11694.3 0.997
 11694.4 1.000
 11694.5 1.000
 11694.6 1.000
 11694.7 1.000
 11694.8 1.000
 11694.9 0.998
 11695.0 0.995
 11695.1 0.996
 11695.2 0.998
 11695.3 1.000
 11695.4 1.000
 11695.5 0.999
 11695.6 0.990
 11695.7 0.974
 11695.8 0.973
 11695.9 0.990
 11696.0 0.999
 11696.1 1.000
 11696.2 1.000
 11696.3 1.000
 11696.4 1.000
 11696.5 1.000
 11696.6 1.000
 11696.7 1.000
 11696.8 1.000
 11696.9 1.000
 11697.0 1.000
 11697.1 1.000
 11697.2 1.000
 11697.3 1.000
 11697.4 1.000
 11697.5 1.000
 11697.6 1.000
 11697.7 1.000
 11697.8 1.000
 11697.9 1.000
 11698.0 1.000
 11698.1 1.000
 11698.2 1.000
 11698.3 0.999
 11698.4 0.997
 11698.5 0.996
 11698.6 0.997
 11698.7 0.999
 11698.8 0.999
 11698.9 0.999
 11699.0 0.999
 11699.1 0.999
 11699.2 0.998
 11699.3 0.998
 11699.4 0.998
 11699.5 0.997
 11699.6 0.993
 11699.7 0.983
 11699.8 0.963
 11699.9 0.930
 11700.0 0.902
 11700.1 0.827
 11700.2 0.730
 11700.3 0.748
 11700.4 0.871
 11700.5 0.967
 11700.6 0.991
 11700.7 0.995
 11700.8 0.997
 11700.9 0.998
 11701.0 0.998
 11701.1 0.998
 11701.2 0.998
 11701.3 0.999
 11701.4 0.999
 11701.5 0.999
 11701.6 0.999
 11701.7 1.000
 11701.8 1.000
 11701.9 1.000
 11702.0 0.999
 11702.1 0.999
 11702.2 0.998
 11702.3 0.998
 11702.4 0.999
 11702.5 1.000
 11702.6 0.999
 11702.7 0.998
 11702.8 0.996
 11702.9 0.994
 11703.0 0.995
 11703.1 0.998
 11703.2 0.999
 11703.3 1.000
 11703.4 1.000
 11703.5 1.000
 11703.6 1.000
 11703.7 1.000
 11703.8 1.000
 11703.9 1.000
 11704.0 1.000
 11704.1 1.000
 11704.2 1.000
 11704.3 1.000
 11704.4 1.000
 11704.5 1.000
 11704.6 1.000
 11704.7 1.000
 11704.8 1.000
 11704.9 1.000
 11705.0 1.000
 11705.1 1.000
 11705.2 1.000
 11705.3 1.000
 11705.4 1.000
 11705.5 1.000
 11705.6 1.000
 11705.7 1.000
 11705.8 1.000
 11705.9 1.000
 11706.0 1.000
 11706.1 1.000
 11706.2 0.999
 11706.3 0.998
 11706.4 0.998
 11706.5 0.999
 11706.6 0.999
 11706.7 0.998
 11706.8 0.996
 11706.9 0.996
 11707.0 0.998
 11707.1 1.000
 11707.2 1.000
 11707.3 1.000
 11707.4 1.000
 11707.5 1.000
 11707.6 1.000
 11707.7 0.999
 11707.8 0.999
 11707.9 0.999
 11708.0 1.000
 11708.1 0.998
 11708.2 0.990
 11708.3 0.981
 11708.4 0.985
 11708.5 0.996
 11708.6 0.999
 11708.7 1.000
 11708.8 0.999
 11708.9 0.999
 11709.0 1.000
 11709.1 1.000
 11709.2 1.000
 11709.3 1.000
 11709.4 1.000
 11709.5 1.000
 11709.6 1.000
 11709.7 1.000
 11709.8 0.999
 11709.9 0.999
 11710.0 0.999
 11710.1 1.000
 11710.2 1.000
 11710.3 1.000
 11710.4 1.000
 11710.5 0.999
 11710.6 0.999
 11710.7 1.000
 11710.8 1.000
 11710.9 1.000
 11711.0 1.000
 11711.1 1.000
 11711.2 1.000
 11711.3 1.000
 11711.4 1.000
 11711.5 1.000
 11711.6 1.000
 11711.7 0.999
 11711.8 0.996
 11711.9 0.982
 11712.0 0.972
 11712.1 0.981
 11712.2 0.995
 11712.3 0.998
 11712.4 0.998
 11712.5 0.999
 11712.6 0.999
 11712.7 0.998
 11712.8 0.999
 11712.9 0.998
 11713.0 0.995
 11713.1 0.995
 11713.2 0.998
 11713.3 1.000
 11713.4 1.000
 11713.5 1.000
 11713.6 1.000
 11713.7 1.000
 11713.8 1.000
 11713.9 1.000
 11714.0 1.000
 11714.1 1.000
 11714.2 1.000
 11714.3 1.000
 11714.4 1.000
 11714.5 0.999
 11714.6 0.994
 11714.7 0.981
 11714.8 0.980
 11714.9 0.988
 11715.0 0.990
 11715.1 0.993
 11715.2 0.997
 11715.3 0.994
 11715.4 0.973
 11715.5 0.962
 11715.6 0.980
 11715.7 0.997
 11715.8 1.000
 11715.9 1.000
 11716.0 1.000
 11716.1 1.000
 11716.2 1.000
 11716.3 1.000
 11716.4 1.000
 11716.5 1.000
 11716.6 1.000
 11716.7 1.000
 11716.8 1.000
 11716.9 1.000
 11717.0 1.000
 11717.1 1.000
 11717.2 0.999
 11717.3 1.000
 11717.4 1.000
 11717.5 0.998
 11717.6 0.992
 11717.7 0.991
 11717.8 0.996
 11717.9 0.999
 11718.0 1.000
 11718.1 1.000
 11718.2 0.999
 11718.3 0.997
 11718.4 0.990
 11718.5 0.986
 11718.6 0.992
 11718.7 0.998
 11718.8 1.000
 11718.9 1.000
 11719.0 1.000
 11719.1 1.000
 11719.2 1.000
 11719.3 1.000
 11719.4 1.000
 11719.5 1.000
 11719.6 1.000
 11719.7 0.999
 11719.8 0.999
 11719.9 0.999
 11720.0 0.999
 11720.1 1.000
 11720.2 1.000
 11720.3 1.000
 11720.4 1.000
 11720.5 1.000
 11720.6 1.000
 11720.7 1.000
 11720.8 1.000
 11720.9 1.000
 11721.0 1.000
 11721.1 0.999
 11721.2 0.999
 11721.3 1.000
 11721.4 1.000
 11721.5 1.000
 11721.6 1.000
 11721.7 1.000
 11721.8 0.999
 11721.9 0.999
 11722.0 0.999
 11722.1 1.000
 11722.2 1.000
 11722.3 1.000
 11722.4 1.000
 11722.5 1.000
 11722.6 0.996
 11722.7 0.986
 11722.8 0.982
 11722.9 0.991
 11723.0 0.998
 11723.1 1.000
 11723.2 1.000
 11723.3 1.000
 11723.4 0.999
 11723.5 0.991
 11723.6 0.975
 11723.7 0.974
 11723.8 0.990
 11723.9 0.999
 11724.0 1.000
 11724.1 1.000
 11724.2 1.000
 11724.3 0.999
 11724.4 0.996
 11724.5 0.993
 11724.6 0.995
 11724.7 0.999
 11724.8 1.000
 11724.9 1.000
 11725.0 1.000
 11725.1 1.000
 11725.2 1.000
 11725.3 0.998
 11725.4 0.985
 11725.5 0.952
 11725.6 0.946
 11725.7 0.978
 11725.8 0.997
 11725.9 1.000
 11726.0 1.000
 11726.1 1.000
 11726.2 1.000
 11726.3 0.999
 11726.4 0.998
 11726.5 0.997
 11726.6 0.998
 11726.7 0.999
 11726.8 1.000
 11726.9 0.999
 11727.0 0.999
 11727.1 0.999
 11727.2 0.998
 11727.3 0.997
 11727.4 0.998
 11727.5 0.998
 11727.6 0.992
 11727.7 0.982
 11727.8 0.985
 11727.9 0.994
 11728.0 0.997
 11728.1 0.998
 11728.2 0.998
 11728.3 0.993
 11728.4 0.988
 11728.5 0.987
 11728.6 0.991
 11728.7 0.997
 11728.8 0.999
 11728.9 1.000
 11729.0 1.000
 11729.1 1.000
 11729.2 1.000
 11729.3 1.000
 11729.4 1.000
 11729.5 0.998
 11729.6 0.996
 11729.7 0.995
 11729.8 0.997
 11729.9 0.998
 11730.0 0.999
 11730.1 1.000
 11730.2 1.000
 11730.3 1.000
 11730.4 1.000
 11730.5 1.000
 11730.6 1.000
 11730.7 1.000
 11730.8 1.000
 11730.9 1.000
 11731.0 1.000
 11731.1 1.000
 11731.2 1.000
 11731.3 0.999
 11731.4 0.999
 11731.5 0.999
 11731.6 1.000
 11731.7 1.000
 11731.8 1.000
 11731.9 1.000
 11732.0 0.999
 11732.1 0.999
 11732.2 0.999
 11732.3 1.000
 11732.4 1.000
 11732.5 1.000
 11732.6 1.000
 11732.7 1.000
 11732.8 1.000
 11732.9 1.000
 11733.0 1.000
 11733.1 1.000
 11733.2 1.000
 11733.3 1.000
 11733.4 1.000
 11733.5 1.000
 11733.6 1.000
 11733.7 1.000
 11733.8 1.000
 11733.9 1.000
 11734.0 0.998
 11734.1 0.997
 11734.2 0.998
 11734.3 0.999
 11734.4 1.000
 11734.5 1.000
 11734.6 1.000
 11734.7 1.000
 11734.8 1.000
 11734.9 1.000
 11735.0 0.999
 11735.1 0.999
 11735.2 0.999
 11735.3 1.000
 11735.4 1.000
 11735.5 0.999
 11735.6 0.997
 11735.7 0.998
 11735.8 0.999
 11735.9 1.000
 11736.0 1.000
 11736.1 1.000
 11736.2 0.999
 11736.3 0.999
 11736.4 0.999
 11736.5 1.000
 11736.6 0.998
 11736.7 0.989
 11736.8 0.981
 11736.9 0.987
 11737.0 0.997
 11737.1 1.000
 11737.2 1.000
 11737.3 1.000
 11737.4 1.000
 11737.5 0.998
 11737.6 0.993
 11737.7 0.992
 11737.8 0.996
 11737.9 0.999
 11738.0 1.000
 11738.1 1.000
 11738.2 1.000
 11738.3 1.000
 11738.4 1.000
 11738.5 1.000
 11738.6 1.000
 11738.7 1.000
 11738.8 1.000
 11738.9 0.999
 11739.0 0.998
 11739.1 0.995
 11739.2 0.991
 11739.3 0.994
 11739.4 0.998
 11739.5 0.999
 11739.6 1.000
 11739.7 1.000
 11739.8 1.000
 11739.9 1.000
 11740.0 1.000
 11740.1 1.000
 11740.2 1.000
 11740.3 1.000
 11740.4 0.999
 11740.5 0.991
 11740.6 0.976
 11740.7 0.975
 11740.8 0.990
 11740.9 0.998
 11741.0 0.999
 11741.1 0.999
 11741.2 0.999
 11741.3 1.000
 11741.4 1.000
 11741.5 1.000
 11741.6 1.000
 11741.7 1.000
 11741.8 1.000
 11741.9 1.000
 11742.0 1.000
 11742.1 1.000
 11742.2 1.000
 11742.3 1.000
 11742.4 1.000
 11742.5 1.000
 11742.6 1.000
 11742.7 1.000
 11742.8 1.000
 11742.9 0.999
 11743.0 0.998
 11743.1 0.998
 11743.2 0.999
 11743.3 1.000
 11743.4 1.000
 11743.5 0.999
 11743.6 0.994
 11743.7 0.991
 11743.8 0.994
 11743.9 0.999
 11744.0 1.000
 11744.1 1.000
 11744.2 1.000
 11744.3 0.999
 11744.4 0.999
 11744.5 0.998
 11744.6 0.998
 11744.7 0.998
 11744.8 0.998
 11744.9 0.999
 11745.0 0.999
 11745.1 0.999
 11745.2 0.999
 11745.3 0.999
 11745.4 0.999
 11745.5 0.999
 11745.6 0.999
 11745.7 0.999
 11745.8 0.999
 11745.9 0.999
 11746.0 0.998
 11746.1 0.998
 11746.2 0.998
 11746.3 0.998
 11746.4 0.998
 11746.5 0.998
 11746.6 0.997
 11746.7 0.997
 11746.8 0.996
 11746.9 0.992
 11747.0 0.987
 11747.1 0.987
 11747.2 0.991
 11747.3 0.992
 11747.4 0.989
 11747.5 0.987
 11747.6 0.983
 11747.7 0.975
 11747.8 0.959
 11747.9 0.917
 11748.0 0.833
 11748.1 0.740
 11748.2 0.693
 11748.3 0.713
 11748.4 0.794
 11748.5 0.889
 11748.6 0.948
 11748.7 0.970
 11748.8 0.979
 11748.9 0.985
 11749.0 0.989
 11749.1 0.992
 11749.2 0.993
 11749.3 0.994
 11749.4 0.994
 11749.5 0.995
 11749.6 0.996
 11749.7 0.996
 11749.8 0.996
 11749.9 0.996
 11750.0 0.997
 11750.1 0.997
 11750.2 0.997
 11750.3 0.997
 11750.4 0.997
 11750.5 0.997
 11750.6 0.995
 11750.7 0.993
 11750.8 0.993
 11750.9 0.995
 11751.0 0.996
 11751.1 0.996
 11751.2 0.994
 11751.3 0.990
 11751.4 0.988
 11751.5 0.990
 11751.6 0.993
 11751.7 0.993
 11751.8 0.992
 11751.9 0.986
 11752.0 0.972
 11752.1 0.956
 11752.2 0.956
 11752.3 0.970
 11752.4 0.981
 11752.5 0.980
 11752.6 0.975
 11752.7 0.968
 11752.8 0.956
 11752.9 0.934
 11753.0 0.882
 11753.1 0.790
 11753.2 0.696
 11753.3 0.651
 11753.4 0.670
 11753.5 0.749
 11753.6 0.849
 11753.7 0.916
 11753.8 0.945
 11753.9 0.957
 11754.0 0.962
 11754.1 0.963
 11754.2 0.959
 11754.3 0.949
 11754.4 0.920
 11754.5 0.849
 11754.6 0.750
 11754.7 0.681
 11754.8 0.674
 11754.9 0.732
 11755.0 0.830
 11755.1 0.912
 11755.2 0.951
 11755.3 0.967
 11755.4 0.976
 11755.5 0.981
 11755.6 0.985
 11755.7 0.987
 11755.8 0.988
 11755.9 0.983
 11756.0 0.981
 11756.1 0.985
 11756.2 0.985
 11756.3 0.977
 11756.4 0.974
 11756.5 0.983
 11756.6 0.992
 11756.7 0.996
 11756.8 0.996
 11756.9 0.997
 11757.0 0.996
 11757.1 0.996
 11757.2 0.996
 11757.3 0.997
 11757.4 0.998
 11757.5 0.998
 11757.6 0.994
 11757.7 0.990
 11757.8 0.993
 11757.9 0.997
 11758.0 0.998
 11758.1 0.998
 11758.2 0.999
 11758.3 0.999
 11758.4 0.999
 11758.5 0.999
 11758.6 0.999
 11758.7 0.999
 11758.8 0.999
 11758.9 1.000
 11759.0 1.000
 11759.1 1.000
 11759.2 0.999
 11759.3 0.998
 11759.4 0.990
 11759.5 0.971
 11759.6 0.966
 11759.7 0.983
 11759.8 0.996
 11759.9 0.999
 11760.0 0.999
 11760.1 1.000
 11760.2 1.000
 11760.3 1.000
 11760.4 1.000
 11760.5 0.999
 11760.6 0.998
 11760.7 0.999
 11760.8 1.000
 11760.9 1.000
 11761.0 1.000
 11761.1 1.000
 11761.2 1.000
 11761.3 1.000
 11761.4 1.000
 11761.5 1.000
 11761.6 1.000
 11761.7 1.000
 11761.8 1.000
 11761.9 1.000
 11762.0 1.000
 11762.1 1.000
 11762.2 0.999
 11762.3 0.999
 11762.4 0.999
 11762.5 1.000
 11762.6 1.000
 11762.7 1.000
 11762.8 1.000
 11762.9 1.000
 11763.0 1.000
 11763.1 1.000
 11763.2 1.000
 11763.3 0.999
 11763.4 0.998
 11763.5 0.999
 11763.6 1.000
 11763.7 1.000
 11763.8 1.000
 11763.9 1.000
 11764.0 1.000
 11764.1 1.000
 11764.2 1.000
 11764.3 1.000
 11764.4 1.000
 11764.5 1.000
 11764.6 1.000
 11764.7 1.000
 11764.8 1.000
 11764.9 1.000
 11765.0 1.000
 11765.1 1.000
 11765.2 0.999
 11765.3 0.996
 11765.4 0.994
 11765.5 0.996
 11765.6 0.999
 11765.7 0.998
 11765.8 0.992
 11765.9 0.983
 11766.0 0.985
 11766.1 0.995
 11766.2 0.999
 11766.3 0.999
 11766.4 0.999
 11766.5 0.998
 11766.6 0.997
 11766.7 0.998
 11766.8 0.999
 11766.9 0.999
 11767.0 0.999
 11767.1 0.999
 11767.2 0.996
 11767.3 0.982
 11767.4 0.944
 11767.5 0.929
 11767.6 0.960
 11767.7 0.990
 11767.8 0.998
 11767.9 0.999
 11768.0 0.999
 11768.1 0.999
 11768.2 0.999
 11768.3 0.999
 11768.4 0.999
 11768.5 0.999
 11768.6 0.999
 11768.7 0.999
 11768.8 0.999
 11768.9 0.999
 11769.0 0.999
 11769.1 0.997
 11769.2 0.989
 11769.3 0.974
 11769.4 0.969
 11769.5 0.946
 11769.6 0.898
 11769.7 0.907
 11769.8 0.956
 11769.9 0.971
 11770.0 0.977
 11770.1 0.992
 11770.2 0.999
 11770.3 0.999
 11770.4 0.999
 11770.5 0.999
 11770.6 0.999
 11770.7 0.999
 11770.8 0.998
 11770.9 0.998
 11771.0 0.999
 11771.1 0.999
 11771.2 1.000
 11771.3 1.000
 11771.4 0.999
 11771.5 0.999
 11771.6 0.999
 11771.7 0.999
 11771.8 0.999
 11771.9 0.999
 11772.0 0.999
 11772.1 0.998
 11772.2 0.997
 11772.3 0.996
 11772.4 0.993
 11772.5 0.985
 11772.6 0.942
 11772.7 0.810
 11772.8 0.679
 11772.9 0.702
 11773.0 0.849
 11773.1 0.964
 11773.2 0.990
 11773.3 0.995
 11773.4 0.996
 11773.5 0.996
 11773.6 0.997
 11773.7 0.998
 11773.8 0.999
 11773.9 0.999
 11774.0 0.999
 11774.1 0.999
 11774.2 0.999
 11774.3 0.999
 11774.4 0.999
 11774.5 0.999
 11774.6 0.999
 11774.7 0.999
 11774.8 0.999
 11774.9 0.999
 11775.0 0.999
 11775.1 1.000
 11775.2 1.000
 11775.3 1.000
 11775.4 1.000
 11775.5 1.000
 11775.6 1.000
 11775.7 1.000
 11775.8 0.999
 11775.9 0.999
 11776.0 0.998
 11776.1 0.999
 11776.2 0.999
 11776.3 0.999
 11776.4 0.999
 11776.5 0.999
 11776.6 0.999
 11776.7 0.999
 11776.8 0.998
 11776.9 0.995
 11777.0 0.990
 11777.1 0.986
 11777.2 0.981
 11777.3 0.950
 11777.4 0.889
 11777.5 0.840
 11777.6 0.846
 11777.7 0.902
 11777.8 0.960
 11777.9 0.987
 11778.0 0.993
 11778.1 0.995
 11778.2 0.997
 11778.3 0.998
 11778.4 0.999
 11778.5 0.999
 11778.6 0.998
 11778.7 0.997
 11778.8 0.998
 11778.9 0.999
 11779.0 0.999
 11779.1 0.999
 11779.2 0.998
 11779.3 0.997
 11779.4 0.998
 11779.5 0.999
 11779.6 1.000
 11779.7 1.000
 11779.8 1.000
 11779.9 1.000
 11780.0 0.999
 11780.1 0.999
 11780.2 0.999
 11780.3 0.999
 11780.4 0.995
 11780.5 0.988
 11780.6 0.988
 11780.7 0.996
 11780.8 0.999
 11780.9 0.999
 11781.0 0.999
 11781.1 0.999
 11781.2 0.992
 11781.3 0.978
 11781.4 0.974
 11781.5 0.988
 11781.6 0.997
 11781.7 0.998
 11781.8 0.995
 11781.9 0.985
 11782.0 0.982
 11782.1 0.990
 11782.2 0.997
 11782.3 0.998
 11782.4 0.997
 11782.5 0.996
 11782.6 0.995
 11782.7 0.992
 11782.8 0.986
 11782.9 0.968
 11783.0 0.897
 11783.1 0.710
 11783.2 0.536
 11783.3 0.515
 11783.4 0.651
 11783.5 0.855
 11783.6 0.968
 11783.7 0.987
 11783.8 0.992
 11783.9 0.995
 11784.0 0.996
 11784.1 0.997
 11784.2 0.998
 11784.3 0.998
 11784.4 0.998
 11784.5 0.998
 11784.6 0.995
 11784.7 0.994
 11784.8 0.997
 11784.9 0.999
 11785.0 0.999
 11785.1 0.999
 11785.2 0.999
 11785.3 0.999
 11785.4 1.000
 11785.5 1.000
 11785.6 0.999
 11785.7 1.000
 11785.8 1.000
 11785.9 1.000
 11786.0 1.000
 11786.1 1.000
 11786.2 1.000
 11786.3 1.000
 11786.4 1.000
 11786.5 1.000
 11786.6 1.000
 11786.7 1.000
 11786.8 1.000
 11786.9 0.999
 11787.0 0.998
 11787.1 0.998
 11787.2 0.999
 11787.3 1.000
 11787.4 1.000
 11787.5 0.998
 11787.6 0.994
 11787.7 0.991
 11787.8 0.995
 11787.9 0.999
 11788.0 0.999
 11788.1 0.999
 11788.2 0.999
 11788.3 1.000
 11788.4 1.000
 11788.5 1.000
 11788.6 1.000
 11788.7 1.000
 11788.8 1.000
 11788.9 1.000
 11789.0 1.000
 11789.1 1.000
 11789.2 1.000
 11789.3 1.000
 11789.4 0.999
 11789.5 0.995
 11789.6 0.987
 11789.7 0.986
 11789.8 0.994
 11789.9 0.998
 11790.0 0.998
 11790.1 0.996
 11790.2 0.996
 11790.3 0.998
 11790.4 0.999
 11790.5 1.000
 11790.6 1.000
 11790.7 1.000
 11790.8 1.000
 11790.9 1.000
 11791.0 1.000
 11791.1 1.000
 11791.2 1.000
 11791.3 1.000
 11791.4 1.000
 11791.5 1.000
 11791.6 1.000
 11791.7 1.000
 11791.8 1.000
 11791.9 0.999
 11792.0 0.998
 11792.1 0.998
 11792.2 0.998
 11792.3 0.999
 11792.4 0.999
 11792.5 0.999
 11792.6 0.998
 11792.7 0.997
 11792.8 0.988
 11792.9 0.947
 11793.0 0.890
 11793.1 0.895
 11793.2 0.955
 11793.3 0.990
 11793.4 0.996
 11793.5 0.996
 11793.6 0.997
 11793.7 0.998
 11793.8 0.999
 11793.9 1.000
 11794.0 1.000
 11794.1 0.999
 11794.2 0.999
 11794.3 1.000
 11794.4 1.000
 11794.5 1.000
 11794.6 1.000
 11794.7 1.000
 11794.8 1.000
 11794.9 1.000
 11795.0 1.000
 11795.1 0.999
 11795.2 0.999
 11795.3 0.999
 11795.4 0.999
 11795.5 0.996
 11795.6 0.981
 11795.7 0.961
 11795.8 0.965
 11795.9 0.986
 11796.0 0.997
 11796.1 0.999
 11796.2 1.000
 11796.3 1.000
 11796.4 1.000
 11796.5 1.000
 11796.6 1.000
 11796.7 0.999
 11796.8 0.996
 11796.9 0.994
 11797.0 0.994
 11797.1 0.987
 11797.2 0.981
 11797.3 0.988
 11797.4 0.997
 11797.5 0.999
 11797.6 0.998
 11797.7 0.998
 11797.8 0.999
 11797.9 1.000
 11798.0 1.000
 11798.1 1.000
 11798.2 1.000
 11798.3 1.000
 11798.4 0.999
 11798.5 0.999
 11798.6 0.999
 11798.7 1.000
 11798.8 1.000
 11798.9 1.000
 11799.0 0.999
 11799.1 0.999
 11799.2 0.998
 11799.3 0.998
 11799.4 0.999
 11799.5 1.000
 11799.6 0.999
 11799.7 0.992
 11799.8 0.978
 11799.9 0.976
