 12320.0 0.940
 12320.1 0.942
 12320.2 0.924
 12320.3 0.925
 12320.4 0.965
 12320.5 0.993
 12320.6 0.995
 12320.7 0.996
 12320.8 0.998
 12320.9 0.999
 12321.0 0.999
 12321.1 0.999
 12321.2 0.998
 12321.3 0.999
 12321.4 1.000
 12321.5 1.000
 12321.6 1.000
 12321.7 1.000
 12321.8 0.999
 12321.9 0.999
 12322.0 0.999
 12322.1 0.999
 12322.2 0.999
 12322.3 0.998
 12322.4 0.997
 12322.5 0.997
 12322.6 0.999
 12322.7 1.000
 12322.8 1.000
 12322.9 1.000
 12323.0 1.000
 12323.1 1.000
 12323.2 1.000
 12323.3 1.000
 12323.4 1.000
 12323.5 1.000
 12323.6 1.000
 12323.7 1.000
 12323.8 1.000
 12323.9 1.000
 12324.0 1.000
 12324.1 1.000
 12324.2 0.999
 12324.3 0.999
 12324.4 0.999
 12324.5 1.000
 12324.6 1.000
 12324.7 1.000
 12324.8 0.999
 12324.9 0.998
 12325.0 0.993
 12325.1 0.988
 12325.2 0.991
 12325.3 0.997
 12325.4 1.000
 12325.5 1.000
 12325.6 1.000
 12325.7 1.000
 12325.8 1.000
 12325.9 1.000
 12326.0 1.000
 12326.1 0.999
 12326.2 0.999
 12326.3 0.999
 12326.4 0.999
 12326.5 0.999
 12326.6 0.999
 12326.7 0.999
 12326.8 1.000
 12326.9 1.000
 12327.0 1.000
 12327.1 1.000
 12327.2 1.000
 12327.3 0.999
 12327.4 0.999
 12327.5 0.998
 12327.6 0.996
 12327.7 0.994
 12327.8 0.996
 12327.9 0.998
 12328.0 1.000
 12328.1 1.000
 12328.2 1.000
 12328.3 1.000
 12328.4 0.999
 12328.5 0.999
 12328.6 0.998
 12328.7 0.997
 12328.8 0.997
 12328.9 0.998
 12329.0 0.999
 12329.1 1.000
 12329.2 1.000
 12329.3 1.000
 12329.4 1.000
 12329.5 1.000
 12329.6 1.000
 12329.7 1.000
 12329.8 1.000
 12329.9 1.000
 12330.0 1.000
 12330.1 1.000
 12330.2 1.000
 12330.3 0.999
 12330.4 0.999
 12330.5 0.999
 12330.6 0.999
 12330.7 0.999
 12330.8 0.998
 12330.9 0.994
 12331.0 0.989
 12331.1 0.991
 12331.2 0.997
 12331.3 0.999
 12331.4 0.999
 12331.5 0.999
 12331.6 0.998
 12331.7 0.993
 12331.8 0.974
 12331.9 0.954
 12332.0 0.960
 12332.1 0.981
 12332.2 0.994
 12332.3 0.999
 12332.4 0.999
 12332.5 0.999
 12332.6 0.999
 12332.7 0.998
 12332.8 0.993
 12332.9 0.970
 12333.0 0.945
 12333.1 0.954
 12333.2 0.984
 12333.3 0.996
 12333.4 0.998
 12333.5 0.998
 12333.6 0.999
 12333.7 0.999
 12333.8 1.000
 12333.9 0.999
 12334.0 0.998
 12334.1 0.994
 12334.2 0.992
 12334.3 0.994
 12334.4 0.998
 12334.5 0.999
 12334.6 1.000
 12334.7 1.000
 12334.8 1.000
 12334.9 0.999
 12335.0 0.999
 12335.1 0.999
 12335.2 0.999
 12335.3 0.999
 12335.4 0.999
 12335.5 1.000
 12335.6 1.000
 12335.7 1.000
 12335.8 1.000
 12335.9 1.000
 12336.0 0.999
 12336.1 0.999
 12336.2 0.999
 12336.3 0.999
 12336.4 0.998
 12336.5 0.999
 12336.6 1.000
 12336.7 1.000
 12336.8 1.000
 12336.9 0.999
 12337.0 0.999
 12337.1 1.000
 12337.2 1.000
 12337.3 1.000
 12337.4 1.000
 12337.5 0.999
 12337.6 0.997
 12337.7 0.994
 12337.8 0.996
 12337.9 0.998
 12338.0 0.998
 12338.1 0.998
 12338.2 0.998
 12338.3 0.999
 12338.4 0.999
 12338.5 0.999
 12338.6 1.000
 12338.7 1.000
 12338.8 1.000
 12338.9 0.999
 12339.0 0.999
 12339.1 0.999
 12339.2 0.999
 12339.3 0.998
 12339.4 0.996
 12339.5 0.993
 12339.6 0.994
 12339.7 0.997
 12339.8 0.999
 12339.9 0.999
 12340.0 0.999
 12340.1 0.999
 12340.2 0.998
 12340.3 0.997
 12340.4 0.991
 12340.5 0.989
 12340.6 0.994
 12340.7 0.999
 12340.8 1.000
 12340.9 1.000
 12341.0 1.000
 12341.1 1.000
 12341.2 1.000
 12341.3 1.000
 12341.4 1.000
 12341.5 0.999
 12341.6 0.999
 12341.7 0.999
 12341.8 1.000
 12341.9 1.000
 12342.0 1.000
 12342.1 0.999
 12342.2 0.996
 12342.3 0.988
 12342.4 0.983
 12342.5 0.988
 12342.6 0.994
 12342.7 0.977
 12342.8 0.896
 12342.9 0.821
 12343.0 0.866
 12343.1 0.958
 12343.2 0.995
 12343.3 0.998
 12343.4 0.997
 12343.5 0.995
 12343.6 0.995
 12343.7 0.997
 12343.8 0.999
 12343.9 0.999
 12344.0 0.999
 12344.1 1.000
 12344.2 1.000
 12344.3 1.000
 12344.4 1.000
 12344.5 1.000
 12344.6 1.000
 12344.7 1.000
 12344.8 1.000
 12344.9 1.000
 12345.0 1.000
 12345.1 0.999
 12345.2 0.999
 12345.3 0.999
 12345.4 0.999
 12345.5 1.000
 12345.6 1.000
 12345.7 1.000
 12345.8 0.999
 12345.9 0.999
 12346.0 0.999
 12346.1 0.999
 12346.2 1.000
 12346.3 1.000
 12346.4 1.000
 12346.5 1.000
 12346.6 1.000
 12346.7 0.999
 12346.8 0.999
 12346.9 1.000
 12347.0 1.000
 12347.1 1.000
 12347.2 1.000
 12347.3 1.000
 12347.4 1.000
 12347.5 1.000
 12347.6 1.000
 12347.7 1.000
 12347.8 1.000
 12347.9 1.000
 12348.0 1.000
 12348.1 1.000
 12348.2 1.000
 12348.3 1.000
 12348.4 0.999
 12348.5 0.999
 12348.6 0.999
 12348.7 1.000
 12348.8 1.000
 12348.9 1.000
 12349.0 1.000
 12349.1 1.000
 12349.2 1.000
 12349.3 0.999
 12349.4 0.999
 12349.5 1.000
 12349.6 1.000
 12349.7 1.000
 12349.8 1.000
 12349.9 1.000
 12350.0 1.000
 12350.1 1.000
 12350.2 1.000
 12350.3 1.000
 12350.4 1.000
 12350.5 1.000
 12350.6 1.000
 12350.7 1.000
 12350.8 0.999
 12350.9 0.999
 12351.0 0.998
 12351.1 0.995
 12351.2 0.993
 12351.3 0.996
 12351.4 0.999
 12351.5 1.000
 12351.6 1.000
 12351.7 1.000
 12351.8 1.000
 12351.9 1.000
 12352.0 1.000
 12352.1 1.000
 12352.2 0.999
 12352.3 0.999
 12352.4 0.998
 12352.5 0.999
 12352.6 0.999
 12352.7 1.000
 12352.8 1.000
 12352.9 1.000
 12353.0 0.999
 12353.1 0.999
 12353.2 0.999
 12353.3 1.000
 12353.4 1.000
 12353.5 1.000
 12353.6 1.000
 12353.7 1.000
 12353.8 1.000
 12353.9 0.998
 12354.0 0.994
 12354.1 0.988
 12354.2 0.989
 12354.3 0.995
 12354.4 0.999
 12354.5 1.000
 12354.6 1.000
 12354.7 0.999
 12354.8 0.999
 12354.9 1.000
 12355.0 1.000
 12355.1 1.000
 12355.2 1.000
 12355.3 1.000
 12355.4 1.000
 12355.5 1.000
 12355.6 1.000
 12355.7 0.999
 12355.8 0.999
 12355.9 0.999
 12356.0 1.000
 12356.1 1.000
 12356.2 1.000
 12356.3 1.000
 12356.4 1.000
 12356.5 1.000
 12356.6 1.000
 12356.7 0.999
 12356.8 0.998
 12356.9 0.999
 12357.0 0.999
 12357.1 1.000
 12357.2 1.000
 12357.3 1.000
 12357.4 1.000
 12357.5 1.000
 12357.6 1.000
 12357.7 1.000
 12357.8 1.000
 12357.9 1.000
 12358.0 1.000
 12358.1 1.000
 12358.2 1.000
 12358.3 1.000
 12358.4 1.000
 12358.5 0.999
 12358.6 0.998
 12358.7 0.995
 12358.8 0.995
 12358.9 0.998
 12359.0 1.000
 12359.1 1.000
 12359.2 1.000
 12359.3 1.000
 12359.4 0.999
 12359.5 0.998
 12359.6 0.999
 12359.7 0.999
 12359.8 0.999
 12359.9 0.998
 12360.0 0.999
 12360.1 1.000
 12360.2 1.000
 12360.3 1.000
 12360.4 1.000
 12360.5 1.000
 12360.6 1.000
 12360.7 1.000
 12360.8 1.000
 12360.9 1.000
 12361.0 1.000
 12361.1 1.000
 12361.2 0.999
 12361.3 0.999
 12361.4 0.999
 12361.5 0.999
 12361.6 1.000
 12361.7 1.000
 12361.8 0.999
 12361.9 0.998
 12362.0 0.998
 12362.1 0.998
 12362.2 0.997
 12362.3 0.998
 12362.4 0.999
 12362.5 1.000
 12362.6 0.999
 12362.7 0.998
 12362.8 0.998
 12362.9 0.999
 12363.0 1.000
 12363.1 1.000
 12363.2 0.999
 12363.3 0.999
 12363.4 0.999
 12363.5 0.999
 12363.6 0.997
 12363.7 0.996
 12363.8 0.998
 12363.9 1.000
 12364.0 1.000
 12364.1 0.999
 12364.2 0.997
 12364.3 0.997
 12364.4 0.999
 12364.5 1.000
 12364.6 0.999
 12364.7 0.998
 12364.8 0.997
 12364.9 0.998
 12365.0 1.000
 12365.1 1.000
 12365.2 1.000
 12365.3 1.000
 12365.4 1.000
 12365.5 0.999
 12365.6 0.999
 12365.7 0.997
 12365.8 0.994
 12365.9 0.992
 12366.0 0.994
 12366.1 0.997
 12366.2 0.997
 12366.3 0.992
 12366.4 0.990
 12366.5 0.994
 12366.6 0.998
 12366.7 0.999
 12366.8 0.998
 12366.9 0.999
 12367.0 0.999
 12367.1 0.999
 12367.2 0.999
 12367.3 0.997
 12367.4 0.994
 12367.5 0.995
 12367.6 0.998
 12367.7 0.999
 12367.8 0.998
 12367.9 0.999
 12368.0 1.000
 12368.1 1.000
 12368.2 1.000
 12368.3 0.999
 12368.4 0.998
 12368.5 0.998
 12368.6 0.999
 12368.7 0.999
 12368.8 1.000
 12368.9 1.000
 12369.0 1.000
 12369.1 1.000
 12369.2 1.000
 12369.3 0.999
 12369.4 0.999
 12369.5 0.994
 12369.6 0.980
 12369.7 0.970
 12369.8 0.979
 12369.9 0.994
 12370.0 0.998
 12370.1 0.999
 12370.2 0.999
 12370.3 0.998
 12370.4 0.998
 12370.5 0.998
 12370.6 0.999
 12370.7 1.000
 12370.8 1.000
 12370.9 1.000
 12371.0 1.000
 12371.1 1.000
 12371.2 1.000
 12371.3 1.000
 12371.4 1.000
 12371.5 1.000
 12371.6 1.000
 12371.7 1.000
 12371.8 1.000
 12371.9 1.000
 12372.0 1.000
 12372.1 1.000
 12372.2 1.000
 12372.3 1.000
 12372.4 1.000
 12372.5 0.999
 12372.6 1.000
 12372.7 1.000
 12372.8 1.000
 12372.9 1.000
 12373.0 1.000
 12373.1 1.000
 12373.2 1.000
 12373.3 0.999
 12373.4 0.995
 12373.5 0.989
 12373.6 0.989
 12373.7 0.996
 12373.8 0.999
 12373.9 1.000
 12374.0 1.000
 12374.1 0.999
 12374.2 0.999
 12374.3 1.000
 12374.4 1.000
 12374.5 0.999
 12374.6 0.999
 12374.7 0.999
 12374.8 0.999
 12374.9 1.000
 12375.0 1.000
 12375.1 1.000
 12375.2 1.000
 12375.3 1.000
 12375.4 1.000
 12375.5 1.000
 12375.6 1.000
 12375.7 1.000
 12375.8 1.000
 12375.9 1.000
 12376.0 1.000
 12376.1 1.000
 12376.2 1.000
 12376.3 1.000
 12376.4 1.000
 12376.5 0.999
 12376.6 0.999
 12376.7 0.999
 12376.8 1.000
 12376.9 1.000
 12377.0 1.000
 12377.1 1.000
 12377.2 0.999
 12377.3 0.999
 12377.4 0.999
 12377.5 0.999
 12377.6 0.999
 12377.7 0.999
 12377.8 0.998
 12377.9 0.999
 12378.0 1.000
 12378.1 1.000
 12378.2 1.000
 12378.3 1.000
 12378.4 0.999
 12378.5 0.999
 12378.6 0.998
 12378.7 0.997
 12378.8 0.997
 12378.9 0.998
 12379.0 0.998
 12379.1 0.999
 12379.2 1.000
 12379.3 1.000
 12379.4 1.000
 12379.5 1.000
 12379.6 1.000
 12379.7 1.000
 12379.8 0.999
 12379.9 0.999
 12380.0 0.999
 12380.1 1.000
 12380.2 0.999
 12380.3 0.999
 12380.4 0.999
 12380.5 0.999
 12380.6 1.000
 12380.7 1.000
 12380.8 1.000
 12380.9 1.000
 12381.0 0.999
 12381.1 0.999
 12381.2 1.000
 12381.3 0.999
 12381.4 0.998
 12381.5 0.996
 12381.6 0.995
 12381.7 0.996
 12381.8 0.998
 12381.9 0.999
 12382.0 0.999
 12382.1 0.999
 12382.2 1.000
 12382.3 1.000
 12382.4 1.000
 12382.5 1.000
 12382.6 1.000
 12382.7 1.000
 12382.8 0.999
 12382.9 0.999
 12383.0 1.000
 12383.1 1.000
 12383.2 1.000
 12383.3 1.000
 12383.4 1.000
 12383.5 1.000
 12383.6 0.999
 12383.7 0.996
 12383.8 0.989
 12383.9 0.989
 12384.0 0.995
 12384.1 0.999
 12384.2 1.000
 12384.3 1.000
 12384.4 1.000
 12384.5 1.000
 12384.6 1.000
 12384.7 1.000
 12384.8 1.000
 12384.9 1.000
 12385.0 1.000
 12385.1 0.999
 12385.2 0.999
 12385.3 1.000
 12385.4 1.000
 12385.5 1.000
 12385.6 1.000
 12385.7 1.000
 12385.8 1.000
 12385.9 0.999
 12386.0 0.999
 12386.1 1.000
 12386.2 1.000
 12386.3 1.000
 12386.4 1.000
 12386.5 1.000
 12386.6 1.000
 12386.7 1.000
 12386.8 1.000
 12386.9 1.000
 12387.0 1.000
 12387.1 0.999
 12387.2 0.997
 12387.3 0.996
 12387.4 0.998
 12387.5 1.000
 12387.6 1.000
 12387.7 1.000
 12387.8 1.000
 12387.9 1.000
 12388.0 1.000
 12388.1 0.999
 12388.2 0.999
 12388.3 0.997
 12388.4 0.996
 12388.5 0.998
 12388.6 0.999
 12388.7 0.999
 12388.8 0.999
 12388.9 0.999
 12389.0 0.999
 12389.1 0.999
 12389.2 0.999
 12389.3 0.999
 12389.4 0.999
 12389.5 0.998
 12389.6 0.993
 12389.7 0.989
 12389.8 0.989
 12389.9 0.967
 12390.0 0.871
 12390.1 0.755
 12390.2 0.750
 12390.3 0.862
 12390.4 0.964
 12390.5 0.994
 12390.6 0.997
 12390.7 0.998
 12390.8 0.998
 12390.9 0.998
 12391.0 0.997
 12391.1 0.996
 12391.2 0.997
 12391.3 0.997
 12391.4 0.991
 12391.5 0.978
 12391.6 0.977
 12391.7 0.988
 12391.8 0.996
 12391.9 0.998
 12392.0 0.999
 12392.1 0.998
 12392.2 0.996
 12392.3 0.997
 12392.4 0.999
 12392.5 0.999
 12392.6 1.000
 12392.7 1.000
 12392.8 0.999
 12392.9 0.994
 12393.0 0.980
 12393.1 0.975
 12393.2 0.980
 12393.3 0.986
 12393.4 0.992
 12393.5 0.998
 12393.6 0.999
 12393.7 0.999
 12393.8 1.000
 12393.9 1.000
 12394.0 0.999
 12394.1 0.999
 12394.2 0.999
 12394.3 0.999
 12394.4 0.999
 12394.5 0.999
 12394.6 0.999
 12394.7 0.999
 12394.8 0.999
 12394.9 0.999
 12395.0 0.998
 12395.1 0.998
 12395.2 0.997
 12395.3 0.996
 12395.4 0.993
 12395.5 0.983
 12395.6 0.924
 12395.7 0.793
 12395.8 0.684
 12395.9 0.712
 12396.0 0.844
 12396.1 0.955
 12396.2 0.984
 12396.3 0.986
 12396.4 0.990
 12396.5 0.995
 12396.6 0.996
 12396.7 0.995
 12396.8 0.996
 12396.9 0.997
 12397.0 0.995
 12397.1 0.994
 12397.2 0.996
 12397.3 0.999
 12397.4 0.999
 12397.5 0.999
 12397.6 0.999
 12397.7 0.999
 12397.8 1.000
 12397.9 0.999
 12398.0 0.999
 12398.1 0.999
 12398.2 0.999
 12398.3 0.999
 12398.4 0.999
 12398.5 0.999
 12398.6 0.999
 12398.7 0.998
 12398.8 0.998
 12398.9 0.998
 12399.0 0.999
 12399.1 0.999
 12399.2 0.999
 12399.3 0.998
 12399.4 0.997
 12399.5 0.998
 12399.6 0.999
 12399.7 1.000
 12399.8 0.999
 12399.9 0.999
 12400.0 0.999
 12400.1 1.000
 12400.2 1.000
 12400.3 1.000
 12400.4 1.000
 12400.5 0.999
 12400.6 0.999
 12400.7 1.000
 12400.8 1.000
 12400.9 1.000
 12401.0 1.000
 12401.1 1.000
 12401.2 1.000
 12401.3 1.000
 12401.4 1.000
 12401.5 1.000
 12401.6 0.998
 12401.7 0.996
 12401.8 0.997
 12401.9 0.999
 12402.0 1.000
 12402.1 1.000
 12402.2 0.999
 12402.3 0.999
 12402.4 0.999
 12402.5 1.000
 12402.6 1.000
 12402.7 1.000
 12402.8 1.000
 12402.9 1.000
 12403.0 1.000
 12403.1 1.000
 12403.2 1.000
 12403.3 1.000
 12403.4 1.000
 12403.5 1.000
 12403.6 1.000
 12403.7 1.000
 12403.8 1.000
 12403.9 1.000
 12404.0 0.999
 12404.1 0.998
 12404.2 0.998
 12404.3 0.999
 12404.4 0.999
 12404.5 0.996
 12404.6 0.992
 12404.7 0.992
 12404.8 0.996
 12404.9 0.999
 12405.0 0.999
 12405.1 0.999
 12405.2 1.000
 12405.3 1.000
 12405.4 0.999
 12405.5 0.998
 12405.6 0.999
 12405.7 0.999
 12405.8 0.999
 12405.9 0.998
 12406.0 0.999
 12406.1 0.999
 12406.2 0.999
 12406.3 0.997
 12406.4 0.997
 12406.5 0.998
 12406.6 0.999
 12406.7 0.999
 12406.8 0.998
 12406.9 0.997
 12407.0 0.998
 12407.1 0.999
 12407.2 0.999
 12407.3 0.998
 12407.4 0.999
 12407.5 0.999
 12407.6 1.000
 12407.7 0.999
 12407.8 0.999
 12407.9 0.999
 12408.0 0.995
 12408.1 0.982
 12408.2 0.973
 12408.3 0.979
 12408.4 0.987
 12408.5 0.990
 12408.6 0.995
 12408.7 0.999
 12408.8 0.999
 12408.9 0.999
 12409.0 0.999
 12409.1 0.997
 12409.2 0.997
 12409.3 0.999
 12409.4 1.000
 12409.5 1.000
 12409.6 1.000
 12409.7 1.000
 12409.8 0.999
 12409.9 0.999
 12410.0 1.000
 12410.1 0.999
 12410.2 0.999
 12410.3 0.999
 12410.4 0.996
 12410.5 0.986
 12410.6 0.981
 12410.7 0.989
 12410.8 0.997
 12410.9 0.998
 12411.0 0.998
 12411.1 0.999
 12411.2 0.999
 12411.3 0.998
 12411.4 0.998
 12411.5 0.999
 12411.6 0.999
 12411.7 0.999
 12411.8 0.999
 12411.9 0.999
 12412.0 0.999
 12412.1 0.999
 12412.2 0.999
 12412.3 1.000
 12412.4 1.000
 12412.5 1.000
 12412.6 1.000
 12412.7 0.999
 12412.8 0.998
 12412.9 0.996
 12413.0 0.997
 12413.1 0.998
 12413.2 1.000
 12413.3 1.000
 12413.4 1.000
 12413.5 1.000
 12413.6 1.000
 12413.7 1.000
 12413.8 1.000
 12413.9 0.997
 12414.0 0.989
 12414.1 0.986
 12414.2 0.992
 12414.3 0.999
 12414.4 1.000
 12414.5 1.000
 12414.6 1.000
 12414.7 1.000
 12414.8 0.999
 12414.9 0.999
 12415.0 1.000
 12415.1 1.000
 12415.2 1.000
 12415.3 1.000
 12415.4 1.000
 12415.5 1.000
 12415.6 1.000
 12415.7 0.997
 12415.8 0.992
 12415.9 0.988
 12416.0 0.990
 12416.1 0.993
 12416.2 0.996
 12416.3 0.999
 12416.4 1.000
 12416.5 1.000
 12416.6 1.000
 12416.7 1.000
 12416.8 1.000
 12416.9 1.000
 12417.0 1.000
 12417.1 1.000
 12417.2 0.999
 12417.3 0.999
 12417.4 0.998
 12417.5 0.997
 12417.6 0.994
 12417.7 0.979
 12417.8 0.929
 12417.9 0.875
 12418.0 0.885
 12418.1 0.945
 12418.2 0.986
 12418.3 0.996
 12418.4 0.997
 12418.5 0.998
 12418.6 0.999
 12418.7 0.999
 12418.8 0.999
 12418.9 0.999
 12419.0 0.999
 12419.1 0.999
 12419.2 0.999
 12419.3 0.999
 12419.4 0.999
 12419.5 0.999
 12419.6 0.999
 12419.7 1.000
 12419.8 1.000
 12419.9 1.000
 12420.0 1.000
 12420.1 1.000
 12420.2 1.000
 12420.3 1.000
 12420.4 1.000
 12420.5 1.000
 12420.6 1.000
 12420.7 0.999
 12420.8 0.998
 12420.9 0.998
 12421.0 0.999
 12421.1 0.999
 12421.2 0.999
 12421.3 1.000
 12421.4 0.999
 12421.5 0.999
 12421.6 0.999
 12421.7 0.998
 12421.8 0.998
 12421.9 0.998
 12422.0 0.999
 12422.1 0.998
 12422.2 0.997
 12422.3 0.996
 12422.4 0.996
 12422.5 0.995
 12422.6 0.992
 12422.7 0.983
 12422.8 0.940
 12422.9 0.841
 12423.0 0.755
 12423.1 0.771
 12423.2 0.870
 12423.3 0.955
 12423.4 0.983
 12423.5 0.975
 12423.6 0.946
 12423.7 0.936
 12423.8 0.961
 12423.9 0.986
 12424.0 0.992
 12424.1 0.991
 12424.2 0.990
 12424.3 0.992
 12424.4 0.996
 12424.5 0.997
 12424.6 0.997
 12424.7 0.997
 12424.8 0.997
 12424.9 0.997
 12425.0 0.997
 12425.1 0.997
 12425.2 0.996
 12425.3 0.996
 12425.4 0.996
 12425.5 0.995
 12425.6 0.994
 12425.7 0.993
 12425.8 0.991
 12425.9 0.988
 12426.0 0.980
 12426.1 0.970
 12426.2 0.969
 12426.3 0.979
 12426.4 0.986
 12426.5 0.990
 12426.6 0.992
 12426.7 0.994
 12426.8 0.995
 12426.9 0.995
 12427.0 0.996
 12427.1 0.996
 12427.2 0.995
 12427.3 0.992
 12427.4 0.991
 12427.5 0.994
 12427.6 0.997
 12427.7 0.998
 12427.8 0.998
 12427.9 0.998
 12428.0 0.999
 12428.1 0.999
 12428.2 0.999
 12428.3 0.999
 12428.4 0.999
 12428.5 0.999
 12428.6 0.999
 12428.7 0.999
 12428.8 0.999
 12428.9 0.999
 12429.0 0.999
 12429.1 0.999
 12429.2 0.999
 12429.3 0.999
 12429.4 0.999
 12429.5 0.999
 12429.6 0.999
 12429.7 0.999
 12429.8 0.999
 12429.9 0.998
 12430.0 0.998
 12430.1 0.998
 12430.2 0.999
 12430.3 0.999
 12430.4 0.999
 12430.5 0.999
 12430.6 0.998
 12430.7 0.998
 12430.8 0.999
 12430.9 0.999
 12431.0 0.999
 12431.1 0.999
 12431.2 0.999
 12431.3 0.998
 12431.4 0.998
 12431.5 0.998
 12431.6 0.998
 12431.7 0.998
 12431.8 0.997
 12431.9 0.996
 12432.0 0.990
 12432.1 0.961
 12432.2 0.907
 12432.3 0.890
 12432.4 0.936
 12432.5 0.979
 12432.6 0.984
 12432.7 0.964
 12432.8 0.945
 12432.9 0.958
 12433.0 0.979
 12433.1 0.976
 12433.2 0.932
 12433.3 0.825
 12433.4 0.721
 12433.5 0.717
 12433.6 0.809
 12433.7 0.900
 12433.8 0.943
 12433.9 0.965
 12434.0 0.980
 12434.1 0.987
 12434.2 0.991
 12434.3 0.992
 12434.4 0.993
 12434.5 0.994
 12434.6 0.996
 12434.7 0.997
 12434.8 0.997
 12434.9 0.998
 12435.0 0.998
 12435.1 0.998
 12435.2 0.998
 12435.3 0.998
 12435.4 0.998
 12435.5 0.998
 12435.6 0.998
 12435.7 0.997
 12435.8 0.996
 12435.9 0.991
 12436.0 0.972
 12436.1 0.956
 12436.2 0.968
 12436.3 0.987
 12436.4 0.991
 12436.5 0.991
 12436.6 0.995
 12436.7 0.998
 12436.8 0.999
 12436.9 0.999
 12437.0 0.999
 12437.1 0.999
 12437.2 0.999
 12437.3 0.999
 12437.4 1.000
 12437.5 1.000
 12437.6 1.000
 12437.7 1.000
 12437.8 1.000
 12437.9 1.000
 12438.0 1.000
 12438.1 1.000
 12438.2 1.000
 12438.3 1.000
 12438.4 1.000
 12438.5 1.000
 12438.6 1.000
 12438.7 1.000
 12438.8 1.000
 12438.9 1.000
 12439.0 0.999
 12439.1 0.996
 12439.2 0.991
 12439.3 0.988
 12439.4 0.982
 12439.5 0.975
 12439.6 0.981
 12439.7 0.990
 12439.8 0.978
 12439.9 0.948
 12440.0 0.943
 12440.1 0.970
 12440.2 0.992
 12440.3 0.997
 12440.4 0.998
 12440.5 1.000
 12440.6 1.000
 12440.7 1.000
 12440.8 1.000
 12440.9 1.000
 12441.0 1.000
 12441.1 1.000
 12441.2 1.000
 12441.3 1.000
 12441.4 1.000
 12441.5 1.000
 12441.6 1.000
 12441.7 1.000
 12441.8 1.000
 12441.9 1.000
 12442.0 1.000
 12442.1 1.000
 12442.2 0.999
 12442.3 0.999
 12442.4 0.999
 12442.5 0.999
 12442.6 0.999
 12442.7 0.999
 12442.8 1.000
 12442.9 1.000
 12443.0 1.000
 12443.1 1.000
 12443.2 0.999
 12443.3 0.999
 12443.4 0.998
 12443.5 0.997
 12443.6 0.991
 12443.7 0.983
 12443.8 0.982
 12443.9 0.990
 12444.0 0.996
 12444.1 0.999
 12444.2 1.000
 12444.3 1.000
 12444.4 1.000
 12444.5 1.000
 12444.6 0.999
 12444.7 0.998
 12444.8 0.997
 12444.9 0.995
 12445.0 0.995
 12445.1 0.997
 12445.2 0.999
 12445.3 1.000
 12445.4 1.000
 12445.5 0.999
 12445.6 0.999
 12445.7 0.999
 12445.8 0.999
 12445.9 0.998
 12446.0 0.995
 12446.1 0.995
 12446.2 0.998
 12446.3 0.997
 12446.4 0.994
 12446.5 0.994
 12446.6 0.998
 12446.7 1.000
 12446.8 1.000
 12446.9 1.000
 12447.0 1.000
 12447.1 1.000
 12447.2 1.000
 12447.3 1.000
 12447.4 1.000
 12447.5 1.000
 12447.6 1.000
 12447.7 1.000
 12447.8 1.000
 12447.9 1.000
 12448.0 1.000
 12448.1 1.000
 12448.2 1.000
 12448.3 0.999
 12448.4 0.999
 12448.5 0.999
 12448.6 0.999
 12448.7 0.997
 12448.8 0.996
 12448.9 0.998
 12449.0 1.000
 12449.1 1.000
 12449.2 1.000
 12449.3 1.000
 12449.4 1.000
 12449.5 1.000
 12449.6 1.000
 12449.7 1.000
 12449.8 1.000
 12449.9 1.000
 12450.0 1.000
 12450.1 1.000
 12450.2 1.000
 12450.3 1.000
 12450.4 1.000
 12450.5 1.000
 12450.6 1.000
 12450.7 1.000
 12450.8 0.999
 12450.9 0.995
 12451.0 0.992
 12451.1 0.992
 12451.2 0.993
 12451.3 0.991
 12451.4 0.990
 12451.5 0.995
 12451.6 0.999
 12451.7 1.000
 12451.8 1.000
 12451.9 1.000
 12452.0 1.000
 12452.1 1.000
 12452.2 1.000
 12452.3 1.000
 12452.4 1.000
 12452.5 1.000
 12452.6 1.000
 12452.7 0.999
 12452.8 0.999
 12452.9 0.999
 12453.0 0.999
 12453.1 1.000
 12453.2 1.000
 12453.3 1.000
 12453.4 1.000
 12453.5 1.000
 12453.6 1.000
 12453.7 1.000
 12453.8 1.000
 12453.9 1.000
 12454.0 1.000
 12454.1 1.000
 12454.2 1.000
 12454.3 0.999
 12454.4 0.997
 12454.5 0.992
 12454.6 0.988
 12454.7 0.990
 12454.8 0.995
 12454.9 0.998
 12455.0 0.998
 12455.1 0.999
 12455.2 0.999
 12455.3 1.000
 12455.4 1.000
 12455.5 1.000
 12455.6 1.000
 12455.7 1.000
 12455.8 1.000
 12455.9 0.999
 12456.0 0.999
 12456.1 0.999
 12456.2 0.999
 12456.3 0.999
 12456.4 0.999
 12456.5 0.999
 12456.6 0.999
 12456.7 0.998
 12456.8 0.997
 12456.9 0.994
 12457.0 0.986
 12457.1 0.978
 12457.2 0.980
 12457.3 0.990
 12457.4 0.996
 12457.5 0.998
 12457.6 0.999
 12457.7 0.999
 12457.8 0.999
 12457.9 0.999
 12458.0 0.996
 12458.1 0.990
 12458.2 0.987
 12458.3 0.991
 12458.4 0.995
 12458.5 0.994
 12458.6 0.992
 12458.7 0.991
 12458.8 0.993
 12458.9 0.993
 12459.0 0.990
 12459.1 0.991
 12459.2 0.996
 12459.3 0.999
 12459.4 1.000
 12459.5 0.999
 12459.6 0.992
 12459.7 0.977
 12459.8 0.974
 12459.9 0.985
 12460.0 0.991
 12460.1 0.993
 12460.2 0.997
 12460.3 0.999
 12460.4 0.999
 12460.5 0.999
 12460.6 1.000
 12460.7 0.999
 12460.8 0.999
 12460.9 0.999
 12461.0 0.998
 12461.1 0.995
 12461.2 0.991
 12461.3 0.992
 12461.4 0.995
 12461.5 0.998
 12461.6 0.999
 12461.7 1.000
 12461.8 1.000
 12461.9 1.000
 12462.0 1.000
 12462.1 1.000
 12462.2 0.999
 12462.3 0.999
 12462.4 0.999
 12462.5 1.000
 12462.6 1.000
 12462.7 0.999
 12462.8 0.999
 12462.9 0.998
 12463.0 0.997
 12463.1 0.995
 12463.2 0.988
 12463.3 0.972
 12463.4 0.962
 12463.5 0.972
 12463.6 0.987
 12463.7 0.990
 12463.8 0.987
 12463.9 0.984
 12464.0 0.985
 12464.1 0.987
 12464.2 0.989
 12464.3 0.991
 12464.4 0.994
 12464.5 0.996
 12464.6 0.998
 12464.7 0.999
 12464.8 0.999
 12464.9 0.999
 12465.0 0.999
 12465.1 0.999
 12465.2 1.000
 12465.3 1.000
 12465.4 1.000
 12465.5 1.000
 12465.6 1.000
 12465.7 1.000
 12465.8 1.000
 12465.9 0.999
 12466.0 0.999
 12466.1 1.000
 12466.2 1.000
 12466.3 1.000
 12466.4 1.000
 12466.5 0.999
 12466.6 0.999
 12466.7 0.999
 12466.8 0.999
 12466.9 0.999
 12467.0 0.999
 12467.1 0.999
 12467.2 0.998
 12467.3 0.997
 12467.4 0.996
 12467.5 0.996
 12467.6 0.997
 12467.7 0.998
 12467.8 0.999
 12467.9 0.999
 12468.0 0.998
 12468.1 0.998
 12468.2 0.998
 12468.3 0.996
 12468.4 0.992
 12468.5 0.988
 12468.6 0.990
 12468.7 0.996
 12468.8 0.999
 12468.9 0.999
 12469.0 0.999
 12469.1 0.997
 12469.2 0.992
 12469.3 0.989
 12469.4 0.990
 12469.5 0.989
 12469.6 0.984
 12469.7 0.986
 12469.8 0.993
 12469.9 0.997
 12470.0 0.998
 12470.1 0.995
 12470.2 0.991
 12470.3 0.990
 12470.4 0.994
 12470.5 0.998
 12470.6 0.998
 12470.7 0.998
 12470.8 0.999
 12470.9 0.999
 12471.0 1.000
 12471.1 1.000
 12471.2 0.999
 12471.3 0.995
 12471.4 0.993
 12471.5 0.995
 12471.6 0.998
 12471.7 1.000
 12471.8 1.000
 12471.9 1.000
 12472.0 0.999
 12472.1 0.999
 12472.2 0.999
 12472.3 1.000
 12472.4 1.000
 12472.5 1.000
 12472.6 1.000
 12472.7 1.000
 12472.8 1.000
 12472.9 1.000
 12473.0 1.000
 12473.1 0.999
 12473.2 1.000
 12473.3 1.000
 12473.4 0.999
 12473.5 0.999
 12473.6 0.999
 12473.7 0.999
 12473.8 0.999
 12473.9 0.999
 12474.0 0.999
 12474.1 1.000
 12474.2 1.000
 12474.3 0.999
 12474.4 0.999
 12474.5 0.999
 12474.6 1.000
 12474.7 1.000
 12474.8 1.000
 12474.9 1.000
 12475.0 1.000
 12475.1 1.000
 12475.2 1.000
 12475.3 1.000
 12475.4 1.000
 12475.5 1.000
 12475.6 0.998
 12475.7 0.988
 12475.8 0.976
 12475.9 0.980
 12476.0 0.993
 12476.1 0.999
 12476.2 0.999
 12476.3 0.999
 12476.4 0.999
 12476.5 1.000
 12476.6 1.000
 12476.7 1.000
 12476.8 1.000
 12476.9 1.000
 12477.0 1.000
 12477.1 1.000
 12477.2 1.000
 12477.3 0.999
 12477.4 0.996
 12477.5 0.984
 12477.6 0.977
 12477.7 0.985
 12477.8 0.996
 12477.9 0.999
 12478.0 0.999
 12478.1 0.999
 12478.2 0.999
 12478.3 0.999
 12478.4 0.998
 12478.5 0.998
 12478.6 0.999
 12478.7 1.000
 12478.8 1.000
 12478.9 1.000
 12479.0 1.000
 12479.1 1.000
 12479.2 1.000
 12479.3 1.000
 12479.4 1.000
 12479.5 1.000
 12479.6 1.000
 12479.7 1.000
 12479.8 1.000
 12479.9 1.000
 12480.0 1.000
 12480.1 1.000
 12480.2 1.000
 12480.3 1.000
 12480.4 1.000
 12480.5 1.000
 12480.6 1.000
 12480.7 1.000
 12480.8 1.000
 12480.9 1.000
 12481.0 1.000
 12481.1 1.000
 12481.2 1.000
 12481.3 0.999
 12481.4 0.999
 12481.5 0.999
 12481.6 0.999
 12481.7 0.999
 12481.8 0.999
 12481.9 1.000
 12482.0 1.000
 12482.1 1.000
 12482.2 1.000
 12482.3 1.000
 12482.4 1.000
 12482.5 0.999
 12482.6 0.999
 12482.7 1.000
 12482.8 1.000
 12482.9 0.997
 12483.0 0.992
 12483.1 0.992
 12483.2 0.996
 12483.3 0.998
 12483.4 0.999
 12483.5 0.999
 12483.6 0.999
 12483.7 0.999
 12483.8 0.999
 12483.9 1.000
 12484.0 0.999
 12484.1 0.999
 12484.2 0.998
 12484.3 0.998
 12484.4 0.995
 12484.5 0.982
 12484.6 0.968
 12484.7 0.973
 12484.8 0.990
 12484.9 0.998
 12485.0 0.999
 12485.1 0.999
 12485.2 0.998
 12485.3 0.998
 12485.4 0.996
 12485.5 0.995
 12485.6 0.997
 12485.7 0.999
 12485.8 1.000
 12485.9 1.000
 12486.0 1.000
 12486.1 1.000
 12486.2 0.999
 12486.3 0.999
 12486.4 0.999
 12486.5 1.000
 12486.6 0.999
 12486.7 0.999
 12486.8 0.999
 12486.9 0.995
 12487.0 0.990
 12487.1 0.990
 12487.2 0.996
 12487.3 0.999
 12487.4 1.000
 12487.5 1.000
 12487.6 1.000
 12487.7 1.000
 12487.8 1.000
 12487.9 1.000
 12488.0 1.000
 12488.1 1.000
 12488.2 1.000
 12488.3 1.000
 12488.4 1.000
 12488.5 1.000
 12488.6 1.000
 12488.7 0.999
 12488.8 0.996
 12488.9 0.992
 12489.0 0.991
 12489.1 0.995
 12489.2 0.999
 12489.3 1.000
 12489.4 1.000
 12489.5 1.000
 12489.6 1.000
 12489.7 1.000
 12489.8 1.000
 12489.9 1.000
 12490.0 1.000
 12490.1 1.000
 12490.2 1.000
 12490.3 1.000
 12490.4 1.000
 12490.5 1.000
 12490.6 1.000
 12490.7 1.000
 12490.8 1.000
 12490.9 0.999
 12491.0 0.999
 12491.1 1.000
 12491.2 1.000
 12491.3 1.000
 12491.4 1.000
 12491.5 1.000
 12491.6 1.000
 12491.7 1.000
 12491.8 1.000
 12491.9 1.000
 12492.0 1.000
 12492.1 1.000
 12492.2 1.000
 12492.3 1.000
 12492.4 1.000
 12492.5 0.999
 12492.6 0.998
 12492.7 0.999
 12492.8 1.000
 12492.9 1.000
 12493.0 1.000
 12493.1 1.000
 12493.2 1.000
 12493.3 1.000
 12493.4 1.000
 12493.5 1.000
 12493.6 1.000
 12493.7 0.999
 12493.8 0.998
 12493.9 0.998
 12494.0 0.998
 12494.1 0.998
 12494.2 0.998
 12494.3 0.998
 12494.4 0.999
 12494.5 0.999
 12494.6 0.999
 12494.7 0.999
 12494.8 0.999
 12494.9 0.999
 12495.0 0.996
 12495.1 0.992
 12495.2 0.993
 12495.3 0.997
 12495.4 0.999
 12495.5 1.000
 12495.6 1.000
 12495.7 0.999
 12495.8 0.998
 12495.9 0.998
 12496.0 0.999
 12496.1 1.000
 12496.2 1.000
 12496.3 1.000
 12496.4 1.000
 12496.5 1.000
 12496.6 1.000
 12496.7 1.000
 12496.8 1.000
 12496.9 1.000
 12497.0 1.000
 12497.1 1.000
 12497.2 0.999
 12497.3 0.998
 12497.4 0.998
 12497.5 1.000
 12497.6 1.000
 12497.7 1.000
 12497.8 1.000
 12497.9 1.000
 12498.0 1.000
 12498.1 1.000
 12498.2 1.000
 12498.3 1.000
 12498.4 1.000
 12498.5 1.000
 12498.6 1.000
 12498.7 1.000
 12498.8 1.000
 12498.9 1.000
 12499.0 1.000
 12499.1 1.000
 12499.2 0.999
 12499.3 0.999
 12499.4 0.999
 12499.5 1.000
 12499.6 1.000
 12499.7 1.000
 12499.8 0.999
 12499.9 0.999
 12500.0 1.000
 12500.1 1.000
 12500.2 1.000
 12500.3 1.000
 12500.4 1.000
 12500.5 1.000
 12500.6 1.000
 12500.7 1.000
 12500.8 1.000
 12500.9 0.999
 12501.0 0.999
 12501.1 0.999
 12501.2 0.999
 12501.3 1.000
 12501.4 1.000
 12501.5 1.000
 12501.6 1.000
 12501.7 1.000
 12501.8 1.000
 12501.9 1.000
 12502.0 1.000
 12502.1 1.000
 12502.2 1.000
 12502.3 1.000
 12502.4 1.000
 12502.5 1.000
 12502.6 1.000
 12502.7 1.000
 12502.8 1.000
 12502.9 0.997
 12503.0 0.992
 12503.1 0.991
 12503.2 0.995
 12503.3 0.999
 12503.4 1.000
 12503.5 1.000
 12503.6 1.000
 12503.7 1.000
 12503.8 1.000
 12503.9 1.000
 12504.0 1.000
 12504.1 1.000
 12504.2 1.000
 12504.3 1.000
 12504.4 1.000
 12504.5 1.000
 12504.6 1.000
 12504.7 1.000
 12504.8 1.000
 12504.9 1.000
 12505.0 1.000
 12505.1 1.000
 12505.2 1.000
 12505.3 1.000
 12505.4 1.000
 12505.5 1.000
 12505.6 1.000
 12505.7 1.000
 12505.8 1.000
 12505.9 1.000
 12506.0 1.000
 12506.1 1.000
 12506.2 0.999
 12506.3 0.999
 12506.4 1.000
 12506.5 1.000
 12506.6 1.000
 12506.7 1.000
 12506.8 1.000
 12506.9 0.999
 12507.0 0.997
 12507.1 0.995
 12507.2 0.996
 12507.3 0.998
 12507.4 0.999
 12507.5 1.000
 12507.6 1.000
 12507.7 1.000
 12507.8 1.000
 12507.9 1.000
 12508.0 1.000
 12508.1 1.000
 12508.2 1.000
 12508.3 1.000
 12508.4 1.000
 12508.5 1.000
 12508.6 1.000
 12508.7 1.000
 12508.8 1.000
 12508.9 1.000
 12509.0 1.000
 12509.1 1.000
 12509.2 1.000
 12509.3 1.000
 12509.4 1.000
 12509.5 0.999
 12509.6 0.999
 12509.7 0.997
 12509.8 0.989
 12509.9 0.976
 12510.0 0.973
 12510.1 0.983
 12510.2 0.992
 12510.3 0.988
 12510.4 0.951
 12510.5 0.912
 12510.6 0.932
 12510.7 0.979
 12510.8 0.996
 12510.9 0.996
 12511.0 0.997
 12511.1 0.999
 12511.2 0.999
 12511.3 0.999
 12511.4 0.999
 12511.5 0.998
 12511.6 0.999
 12511.7 0.999
 12511.8 0.999
 12511.9 1.000
 12512.0 0.999
 12512.1 0.992
 12512.2 0.981
 12512.3 0.983
 12512.4 0.994
 12512.5 0.999
 12512.6 1.000
 12512.7 1.000
 12512.8 0.999
 12512.9 0.999
 12513.0 0.999
 12513.1 0.997
 12513.2 0.992
 12513.3 0.990
 12513.4 0.994
 12513.5 0.999
 12513.6 1.000
 12513.7 1.000
 12513.8 1.000
 12513.9 1.000
 12514.0 0.999
 12514.1 0.999
 12514.2 1.000
 12514.3 1.000
 12514.4 1.000
 12514.5 1.000
 12514.6 0.999
 12514.7 1.000
 12514.8 1.000
 12514.9 1.000
 12515.0 1.000
 12515.1 0.999
 12515.2 1.000
 12515.3 1.000
 12515.4 1.000
 12515.5 1.000
 12515.6 1.000
 12515.7 0.999
 12515.8 0.999
 12515.9 0.999
 12516.0 0.999
 12516.1 1.000
 12516.2 0.999
 12516.3 0.999
 12516.4 0.999
 12516.5 0.999
 12516.6 0.999
 12516.7 0.999
 12516.8 0.999
 12516.9 1.000
 12517.0 1.000
 12517.1 0.999
 12517.2 0.999
 12517.3 0.999
 12517.4 0.999
 12517.5 0.999
 12517.6 0.999
 12517.7 0.999
 12517.8 1.000
 12517.9 1.000
 12518.0 1.000
 12518.1 0.999
 12518.2 0.999
 12518.3 0.999
 12518.4 1.000
 12518.5 0.999
 12518.6 0.998
 12518.7 0.998
 12518.8 0.999
 12518.9 1.000
 12519.0 1.000
 12519.1 0.999
 12519.2 0.998
 12519.3 0.999
 12519.4 0.999
 12519.5 1.000
 12519.6 1.000
 12519.7 0.999
 12519.8 0.999
 12519.9 0.999
 12520.0 1.000
 12520.1 1.000
 12520.2 1.000
 12520.3 1.000
 12520.4 1.000
 12520.5 1.000
 12520.6 0.999
 12520.7 0.999
 12520.8 1.000
 12520.9 1.000
 12521.0 0.999
 12521.1 0.999
 12521.2 0.999
 12521.3 0.999
 12521.4 0.999
 12521.5 0.998
 12521.6 0.987
 12521.7 0.946
 12521.8 0.909
 12521.9 0.913
 12522.0 0.887
 12522.1 0.826
 12522.2 0.844
 12522.3 0.928
 12522.4 0.981
 12522.5 0.993
 12522.6 0.996
 12522.7 0.998
 12522.8 0.998
 12522.9 0.998
 12523.0 0.998
 12523.1 0.997
 12523.2 0.995
 12523.3 0.994
 12523.4 0.995
 12523.5 0.998
 12523.6 0.999
 12523.7 0.999
 12523.8 1.000
 12523.9 1.000
 12524.0 1.000
 12524.1 1.000
 12524.2 1.000
 12524.3 1.000
 12524.4 1.000
 12524.5 1.000
 12524.6 1.000
 12524.7 1.000
 12524.8 1.000
 12524.9 1.000
 12525.0 1.000
 12525.1 1.000
 12525.2 1.000
 12525.3 1.000
 12525.4 1.000
 12525.5 0.999
 12525.6 0.997
 12525.7 0.994
 12525.8 0.993
 12525.9 0.995
 12526.0 0.996
 12526.1 0.997
 12526.2 0.998
 12526.3 0.999
 12526.4 0.999
 12526.5 0.999
 12526.6 0.999
 12526.7 0.999
 12526.8 0.999
 12526.9 0.998
 12527.0 0.999
 12527.1 1.000
 12527.2 1.000
 12527.3 1.000
 12527.4 1.000
 12527.5 0.999
 12527.6 0.995
 12527.7 0.992
 12527.8 0.995
 12527.9 0.999
 12528.0 1.000
 12528.1 1.000
 12528.2 1.000
 12528.3 1.000
 12528.4 0.999
 12528.5 0.999
 12528.6 1.000
 12528.7 1.000
 12528.8 1.000
 12528.9 1.000
 12529.0 1.000
 12529.1 1.000
 12529.2 1.000
 12529.3 1.000
 12529.4 1.000
 12529.5 0.999
 12529.6 0.999
 12529.7 0.999
 12529.8 0.998
 12529.9 0.997
 12530.0 0.997
 12530.1 0.997
 12530.2 0.997
 12530.3 0.994
 12530.4 0.991
 12530.5 0.990
 12530.6 0.988
 12530.7 0.985
 12530.8 0.984
 12530.9 0.989
 12531.0 0.994
 12531.1 0.996
 12531.2 0.995
 12531.3 0.994
 12531.4 0.997
 12531.5 0.999
 12531.6 0.999
 12531.7 0.999
 12531.8 0.999
 12531.9 0.999
 12532.0 0.999
 12532.1 0.999
 12532.2 1.000
 12532.3 1.000
 12532.4 1.000
 12532.5 1.000
 12532.6 0.997
 12532.7 0.980
 12532.8 0.955
 12532.9 0.959
 12533.0 0.985
 12533.1 0.998
 12533.2 0.999
 12533.3 0.999
 12533.4 0.999
 12533.5 1.000
 12533.6 1.000
 12533.7 0.999
 12533.8 0.999
 12533.9 0.999
 12534.0 0.999
 12534.1 0.999
 12534.2 0.999
 12534.3 0.999
 12534.4 0.999
 12534.5 0.999
 12534.6 0.999
 12534.7 0.999
 12534.8 0.999
 12534.9 1.000
 12535.0 1.000
 12535.1 1.000
 12535.2 1.000
 12535.3 1.000
 12535.4 1.000
 12535.5 1.000
 12535.6 1.000
 12535.7 1.000
 12535.8 0.999
 12535.9 0.999
 12536.0 0.999
 12536.1 0.999
 12536.2 0.999
 12536.3 0.998
 12536.4 0.997
 12536.5 0.990
 12536.6 0.976
 12536.7 0.969
 12536.8 0.979
 12536.9 0.992
 12537.0 0.996
 12537.1 0.997
 12537.2 0.997
 12537.3 0.998
 12537.4 0.998
 12537.5 0.999
 12537.6 0.999
 12537.7 0.999
 12537.8 0.999
 12537.9 0.999
 12538.0 0.999
 12538.1 0.999
 12538.2 0.999
 12538.3 0.998
 12538.4 0.998
 12538.5 0.998
 12538.6 0.997
 12538.7 0.997
 12538.8 0.997
 12538.9 0.997
 12539.0 0.997
 12539.1 0.996
 12539.2 0.995
 12539.3 0.994
 12539.4 0.992
 12539.5 0.990
 12539.6 0.984
 12539.7 0.975
 12539.8 0.972
 12539.9 0.977
 12540.0 0.984
 12540.1 0.989
 12540.2 0.992
 12540.3 0.994
 12540.4 0.995
 12540.5 0.996
 12540.6 0.996
 12540.7 0.997
 12540.8 0.997
 12540.9 0.998
 12541.0 0.998
 12541.1 0.998
 12541.2 0.998
 12541.3 0.998
 12541.4 0.998
 12541.5 0.998
 12541.6 0.998
 12541.7 0.998
 12541.8 0.997
 12541.9 0.997
 12542.0 0.998
 12542.1 0.999
 12542.2 0.999
 12542.3 0.999
 12542.4 0.999
 12542.5 0.999
 12542.6 0.999
 12542.7 0.999
 12542.8 0.999
 12542.9 0.999
 12543.0 0.999
 12543.1 0.998
 12543.2 0.998
 12543.3 0.999
 12543.4 0.999
 12543.5 0.998
 12543.6 0.997
 12543.7 0.997
 12543.8 0.997
 12543.9 0.997
 12544.0 0.998
 12544.1 0.999
 12544.2 1.000
 12544.3 1.000
 12544.4 1.000
 12544.5 1.000
 12544.6 1.000
 12544.7 0.999
 12544.8 0.998
 12544.9 0.995
 12545.0 0.994
 12545.1 0.994
 12545.2 0.995
 12545.3 0.996
 12545.4 0.996
 12545.5 0.997
 12545.6 0.999
 12545.7 0.999
 12545.8 0.996
 12545.9 0.991
 12546.0 0.991
 12546.1 0.997
 12546.2 0.999
 12546.3 0.999
 12546.4 0.999
 12546.5 0.999
 12546.6 0.999
 12546.7 0.999
 12546.8 0.999
 12546.9 1.000
 12547.0 1.000
 12547.1 1.000
 12547.2 1.000
 12547.3 1.000
 12547.4 1.000
 12547.5 0.999
 12547.6 0.998
 12547.7 0.996
 12547.8 0.992
 12547.9 0.989
 12548.0 0.991
 12548.1 0.996
 12548.2 0.998
 12548.3 0.998
 12548.4 0.998
 12548.5 0.998
 12548.6 0.998
 12548.7 0.998
 12548.8 0.996
 12548.9 0.994
 12549.0 0.993
 12549.1 0.990
 12549.2 0.972
 12549.3 0.930
 12549.4 0.881
 12549.5 0.862
 12549.6 0.890
 12549.7 0.940
 12549.8 0.977
 12549.9 0.992
 12550.0 0.996
 12550.1 0.997
 12550.2 0.998
 12550.3 0.998
 12550.4 0.999
 12550.5 0.999
 12550.6 0.999
 12550.7 0.999
 12550.8 0.999
 12550.9 0.998
 12551.0 0.996
 12551.1 0.997
 12551.2 0.999
 12551.3 1.000
 12551.4 1.000
 12551.5 1.000
 12551.6 1.000
 12551.7 0.999
 12551.8 0.998
 12551.9 0.998
 12552.0 0.998
 12552.1 0.999
 12552.2 0.999
 12552.3 1.000
 12552.4 1.000
 12552.5 1.000
 12552.6 1.000
 12552.7 1.000
 12552.8 0.999
 12552.9 0.999
 12553.0 0.999
 12553.1 0.999
 12553.2 1.000
 12553.3 0.999
 12553.4 0.998
 12553.5 0.999
 12553.6 0.999
 12553.7 1.000
 12553.8 1.000
 12553.9 1.000
 12554.0 0.999
 12554.1 0.998
 12554.2 0.998
 12554.3 0.999
 12554.4 1.000
 12554.5 1.000
 12554.6 1.000
 12554.7 1.000
 12554.8 1.000
 12554.9 1.000
 12555.0 1.000
 12555.1 1.000
 12555.2 1.000
 12555.3 0.999
 12555.4 0.999
 12555.5 0.999
 12555.6 0.999
 12555.7 0.999
 12555.8 0.997
 12555.9 0.994
 12556.0 0.993
 12556.1 0.997
 12556.2 0.999
 12556.3 1.000
 12556.4 1.000
 12556.5 1.000
 12556.6 0.999
 12556.7 0.997
 12556.8 0.962
 12556.9 0.858
 12557.0 0.792
 12557.1 0.867
 12557.2 0.968
 12557.3 0.998
 12557.4 0.999
 12557.5 1.000
 12557.6 1.000
 12557.7 0.999
 12557.8 0.999
 12557.9 0.996
 12558.0 0.990
 12558.1 0.986
 12558.2 0.990
 12558.3 0.995
 12558.4 0.998
 12558.5 0.999
 12558.6 1.000
 12558.7 1.000
 12558.8 0.999
 12558.9 0.996
 12559.0 0.995
 12559.1 0.997
 12559.2 0.999
 12559.3 1.000
 12559.4 1.000
 12559.5 1.000
 12559.6 1.000
 12559.7 1.000
 12559.8 1.000
 12559.9 1.000
 12560.0 1.000
 12560.1 1.000
 12560.2 1.000
 12560.3 0.999
 12560.4 0.999
 12560.5 0.999
 12560.6 0.999
 12560.7 0.999
 12560.8 0.999
 12560.9 0.999
 12561.0 0.999
 12561.1 0.998
 12561.2 0.998
 12561.3 0.998
 12561.4 0.998
 12561.5 0.997
 12561.6 0.996
 12561.7 0.992
 12561.8 0.977
 12561.9 0.940
 12562.0 0.888
 12562.1 0.856
 12562.2 0.871
 12562.3 0.920
 12562.4 0.966
 12562.5 0.987
 12562.6 0.994
 12562.7 0.997
 12562.8 0.998
 12562.9 0.998
 12563.0 0.999
 12563.1 0.999
 12563.2 0.999
 12563.3 0.999
 12563.4 0.999
 12563.5 0.999
 12563.6 1.000
 12563.7 1.000
 12563.8 1.000
 12563.9 1.000
 12564.0 1.000
 12564.1 1.000
 12564.2 0.999
 12564.3 0.999
 12564.4 1.000
 12564.5 0.999
 12564.6 0.998
 12564.7 0.995
 12564.8 0.991
 12564.9 0.991
 12565.0 0.994
 12565.1 0.997
 12565.2 0.999
 12565.3 0.999
 12565.4 1.000
 12565.5 1.000
 12565.6 1.000
 12565.7 1.000
 12565.8 1.000
 12565.9 0.999
 12566.0 0.998
 12566.1 0.998
 12566.2 0.998
 12566.3 0.999
 12566.4 1.000
 12566.5 1.000
 12566.6 0.999
 12566.7 0.998
 12566.8 0.997
 12566.9 0.998
 12567.0 0.998
 12567.1 0.999
 12567.2 0.999
 12567.3 1.000
 12567.4 1.000
 12567.5 1.000
 12567.6 1.000
 12567.7 0.999
 12567.8 0.999
 12567.9 0.999
 12568.0 0.999
 12568.1 0.999
 12568.2 0.999
 12568.3 0.998
 12568.4 0.998
 12568.5 0.997
 12568.6 0.994
 12568.7 0.984
 12568.8 0.955
 12568.9 0.908
 12569.0 0.870
 12569.1 0.875
 12569.2 0.918
 12569.3 0.962
 12569.4 0.977
 12569.5 0.967
 12569.6 0.959
 12569.7 0.963
 12569.8 0.975
 12569.9 0.984
 12570.0 0.987
 12570.1 0.988
 12570.2 0.990
 12570.3 0.994
 12570.4 0.997
 12570.5 0.999
 12570.6 0.999
 12570.7 0.999
 12570.8 0.999
 12570.9 0.999
 12571.0 0.999
 12571.1 0.999
 12571.2 0.999
 12571.3 0.999
 12571.4 1.000
 12571.5 1.000
 12571.6 1.000
 12571.7 1.000
 12571.8 1.000
 12571.9 1.000
 12572.0 1.000
 12572.1 1.000
 12572.2 1.000
 12572.3 1.000
 12572.4 1.000
 12572.5 1.000
 12572.6 0.999
 12572.7 0.999
 12572.8 0.999
 12572.9 1.000
 12573.0 0.999
 12573.1 0.995
 12573.2 0.993
 12573.3 0.995
 12573.4 0.998
 12573.5 0.999
 12573.6 1.000
 12573.7 0.999
 12573.8 0.999
 12573.9 1.000
 12574.0 1.000
 12574.1 1.000
 12574.2 1.000
 12574.3 1.000
 12574.4 1.000
 12574.5 0.999
 12574.6 0.998
 12574.7 0.997
 12574.8 0.998
 12574.9 0.999
 12575.0 1.000
 12575.1 1.000
 12575.2 1.000
 12575.3 0.999
 12575.4 0.998
 12575.5 0.997
 12575.6 0.998
 12575.7 0.999
 12575.8 1.000
 12575.9 0.999
 12576.0 0.998
 12576.1 0.998
 12576.2 0.999
 12576.3 1.000
 12576.4 1.000
 12576.5 1.000
 12576.6 1.000
 12576.7 1.000
 12576.8 1.000
 12576.9 1.000
 12577.0 1.000
 12577.1 0.999
 12577.2 0.999
 12577.3 0.999
 12577.4 0.999
 12577.5 0.999
 12577.6 1.000
 12577.7 1.000
 12577.8 1.000
 12577.9 1.000
 12578.0 1.000
 12578.1 1.000
 12578.2 1.000
 12578.3 1.000
 12578.4 1.000
 12578.5 1.000
 12578.6 1.000
 12578.7 1.000
 12578.8 1.000
 12578.9 1.000
 12579.0 1.000
 12579.1 1.000
 12579.2 1.000
 12579.3 0.999
 12579.4 0.999
 12579.5 0.997
 12579.6 0.998
 12579.7 0.999
 12579.8 0.999
 12579.9 0.999
 12580.0 0.998
 12580.1 0.994
 12580.2 0.991
 12580.3 0.994
 12580.4 0.998
 12580.5 0.998
 12580.6 0.997
 12580.7 0.997
 12580.8 0.997
 12580.9 0.997
 12581.0 0.995
 12581.1 0.993
 12581.2 0.987
 12581.3 0.969
 12581.4 0.926
 12581.5 0.876
 12581.6 0.857
 12581.7 0.885
 12581.8 0.936
 12581.9 0.975
 12582.0 0.991
 12582.1 0.995
 12582.2 0.997
 12582.3 0.998
 12582.4 0.998
 12582.5 0.998
 12582.6 0.998
 12582.7 0.998
 12582.8 0.997
 12582.9 0.997
 12583.0 0.998
 12583.1 0.998
 12583.2 0.997
 12583.3 0.996
 12583.4 0.995
 12583.5 0.992
 12583.6 0.982
 12583.7 0.939
 12583.8 0.848
 12583.9 0.774
 12584.0 0.803
 12584.1 0.898
 12584.2 0.968
 12584.3 0.989
 12584.4 0.994
 12584.5 0.996
 12584.6 0.997
 12584.7 0.998
 12584.8 0.998
 12584.9 0.998
 12585.0 0.998
 12585.1 0.994
 12585.2 0.992
 12585.3 0.994
 12585.4 0.998
 12585.5 0.999
 12585.6 0.999
 12585.7 0.999
 12585.8 1.000
 12585.9 1.000
 12586.0 1.000
 12586.1 0.999
 12586.2 0.999
 12586.3 0.998
 12586.4 0.993
 12586.5 0.984
 12586.6 0.983
 12586.7 0.991
 12586.8 0.993
 12586.9 0.985
 12587.0 0.982
 12587.1 0.991
 12587.2 0.998
 12587.3 1.000
 12587.4 1.000
 12587.5 1.000
 12587.6 0.999
 12587.7 0.999
 12587.8 0.999
 12587.9 0.998
 12588.0 0.998
 12588.1 0.999
 12588.2 0.999
 12588.3 0.999
 12588.4 0.995
 12588.5 0.983
 12588.6 0.976
 12588.7 0.984
 12588.8 0.995
 12588.9 0.997
 12589.0 0.990
 12589.1 0.972
 12589.2 0.959
 12589.3 0.970
 12589.4 0.989
 12589.5 0.997
 12589.6 0.999
 12589.7 0.999
 12589.8 1.000
 12589.9 1.000
 12590.0 1.000
 12590.1 0.999
 12590.2 0.999
 12590.3 0.999
 12590.4 0.998
 12590.5 0.998
 12590.6 0.999
 12590.7 0.999
 12590.8 1.000
 12590.9 0.999
 12591.0 0.999
 12591.1 0.999
 12591.2 1.000
 12591.3 1.000
 12591.4 1.000
 12591.5 1.000
 12591.6 0.999
 12591.7 0.999
 12591.8 0.998
 12591.9 0.997
 12592.0 0.995
 12592.1 0.996
 12592.2 0.998
 12592.3 1.000
 12592.4 1.000
 12592.5 1.000
 12592.6 1.000
 12592.7 1.000
 12592.8 0.999
 12592.9 0.999
 12593.0 0.999
 12593.1 0.998
 12593.2 0.998
 12593.3 0.999
 12593.4 0.998
 12593.5 0.994
 12593.6 0.990
 12593.7 0.989
 12593.8 0.993
 12593.9 0.998
 12594.0 0.999
 12594.1 1.000
 12594.2 1.000
 12594.3 1.000
 12594.4 1.000
 12594.5 1.000
 12594.6 1.000
 12594.7 1.000
 12594.8 1.000
 12594.9 0.999
 12595.0 0.998
 12595.1 0.997
 12595.2 0.998
 12595.3 1.000
 12595.4 1.000
 12595.5 1.000
 12595.6 1.000
 12595.7 1.000
 12595.8 1.000
 12595.9 1.000
 12596.0 0.999
 12596.1 0.998
 12596.2 0.997
 12596.3 0.997
 12596.4 0.997
 12596.5 0.998
 12596.6 0.999
 12596.7 1.000
 12596.8 1.000
 12596.9 1.000
 12597.0 0.999
 12597.1 0.999
 12597.2 1.000
 12597.3 1.000
 12597.4 1.000
 12597.5 1.000
 12597.6 0.999
 12597.7 0.998
 12597.8 0.998
 12597.9 0.999
 12598.0 1.000
 12598.1 1.000
 12598.2 1.000
 12598.3 1.000
 12598.4 1.000
 12598.5 1.000
 12598.6 1.000
 12598.7 1.000
 12598.8 1.000
 12598.9 1.000
 12599.0 1.000
 12599.1 0.999
 12599.2 0.998
 12599.3 0.997
 12599.4 0.998
 12599.5 0.999
 12599.6 1.000
 12599.7 0.999
 12599.8 0.999
 12599.9 0.999
