 11800.0 0.935
 11800.1 0.991
 11800.2 0.998
 11800.3 0.998
 11800.4 0.995
 11800.5 0.988
 11800.6 0.973
 11800.7 0.969
 11800.8 0.978
 11800.9 0.975
 11801.0 0.962
 11801.1 0.957
 11801.2 0.969
 11801.3 0.985
 11801.4 0.994
 11801.5 0.997
 11801.6 0.999
 11801.7 0.999
 11801.8 0.999
 11801.9 0.999
 11802.0 0.999
 11802.1 0.999
 11802.2 1.000
 11802.3 1.000
 11802.4 1.000
 11802.5 0.999
 11802.6 0.997
 11802.7 0.988
 11802.8 0.980
 11802.9 0.986
 11803.0 0.996
 11803.1 0.999
 11803.2 0.999
 11803.3 0.999
 11803.4 1.000
 11803.5 1.000
 11803.6 1.000
 11803.7 1.000
 11803.8 1.000
 11803.9 1.000
 11804.0 1.000
 11804.1 1.000
 11804.2 1.000
 11804.3 1.000
 11804.4 1.000
 11804.5 1.000
 11804.6 0.997
 11804.7 0.993
 11804.8 0.994
 11804.9 0.997
 11805.0 1.000
 11805.1 1.000
 11805.2 1.000
 11805.3 0.999
 11805.4 0.999
 11805.5 0.999
 11805.6 0.996
 11805.7 0.991
 11805.8 0.992
 11805.9 0.997
 11806.0 1.000
 11806.1 1.000
 11806.2 1.000
 11806.3 1.000
 11806.4 1.000
 11806.5 1.000
 11806.6 1.000
 11806.7 1.000
 11806.8 0.999
 11806.9 0.998
 11807.0 0.997
 11807.1 0.998
 11807.2 0.999
 11807.3 0.999
 11807.4 0.999
 11807.5 0.998
 11807.6 0.981
 11807.7 0.950
 11807.8 0.945
 11807.9 0.972
 11808.0 0.992
 11808.1 0.999
 11808.2 0.999
 11808.3 0.999
 11808.4 0.998
 11808.5 0.998
 11808.6 0.998
 11808.7 0.993
 11808.8 0.985
 11808.9 0.985
 11809.0 0.993
 11809.1 0.998
 11809.2 0.999
 11809.3 0.999
 11809.4 0.999
 11809.5 0.999
 11809.6 0.999
 11809.7 0.999
 11809.8 0.999
 11809.9 0.999
 11810.0 0.999
 11810.1 0.999
 11810.2 0.999
 11810.3 0.998
 11810.4 0.997
 11810.5 0.995
 11810.6 0.994
 11810.7 0.995
 11810.8 0.995
 11810.9 0.992
 11811.0 0.961
 11811.1 0.876
 11811.2 0.824
 11811.3 0.850
 11811.4 0.810
 11811.5 0.706
 11811.6 0.696
 11811.7 0.808
 11811.8 0.925
 11811.9 0.974
 11812.0 0.986
 11812.1 0.991
 11812.2 0.993
 11812.3 0.988
 11812.4 0.943
 11812.5 0.881
 11812.6 0.896
 11812.7 0.963
 11812.8 0.994
 11812.9 0.997
 11813.0 0.996
 11813.1 0.992
 11813.2 0.983
 11813.3 0.979
 11813.4 0.986
 11813.5 0.992
 11813.6 0.992
 11813.7 0.982
 11813.8 0.968
 11813.9 0.976
 11814.0 0.993
 11814.1 0.999
 11814.2 0.999
 11814.3 0.998
 11814.4 0.998
 11814.5 0.999
 11814.6 0.999
 11814.7 0.999
 11814.8 1.000
 11814.9 1.000
 11815.0 0.999
 11815.1 0.999
 11815.2 0.999
 11815.3 0.999
 11815.4 1.000
 11815.5 1.000
 11815.6 1.000
 11815.7 1.000
 11815.8 1.000
 11815.9 1.000
 11816.0 0.999
 11816.1 0.997
 11816.2 0.996
 11816.3 0.998
 11816.4 0.999
 11816.5 1.000
 11816.6 0.999
 11816.7 0.993
 11816.8 0.983
 11816.9 0.982
 11817.0 0.989
 11817.1 0.995
 11817.2 0.998
 11817.3 1.000
 11817.4 1.000
 11817.5 1.000
 11817.6 1.000
 11817.7 1.000
 11817.8 1.000
 11817.9 0.999
 11818.0 0.998
 11818.1 0.991
 11818.2 0.966
 11818.3 0.942
 11818.4 0.956
 11818.5 0.987
 11818.6 0.997
 11818.7 0.998
 11818.8 0.997
 11818.9 0.994
 11819.0 0.991
 11819.1 0.991
 11819.2 0.994
 11819.3 0.997
 11819.4 0.998
 11819.5 0.998
 11819.6 0.998
 11819.7 0.999
 11819.8 0.999
 11819.9 0.999
 11820.0 0.999
 11820.1 0.999
 11820.2 0.999
 11820.3 0.998
 11820.4 0.997
 11820.5 0.996
 11820.6 0.993
 11820.7 0.982
 11820.8 0.933
 11820.9 0.843
 11821.0 0.807
 11821.1 0.876
 11821.2 0.957
 11821.3 0.988
 11821.4 0.995
 11821.5 0.997
 11821.6 0.998
 11821.7 0.998
 11821.8 0.998
 11821.9 0.998
 11822.0 0.998
 11822.1 0.998
 11822.2 0.998
 11822.3 0.999
 11822.4 0.999
 11822.5 0.999
 11822.6 0.999
 11822.7 0.999
 11822.8 0.999
 11822.9 0.996
 11823.0 0.990
 11823.1 0.990
 11823.2 0.996
 11823.3 0.999
 11823.4 0.998
 11823.5 0.998
 11823.6 0.999
 11823.7 0.999
 11823.8 0.998
 11823.9 0.996
 11824.0 0.998
 11824.1 0.990
 11824.2 0.979
 11824.3 0.975
 11824.4 0.971
 11824.5 0.969
 11824.6 0.970
 11824.7 0.970
 11824.8 0.969
 11824.9 0.967
 11825.0 0.965
 11825.1 0.962
 11825.2 0.955
 11825.3 0.944
 11825.4 0.941
 11825.5 0.943
 11825.6 0.942
 11825.7 0.942
 11825.8 0.941
 11825.9 0.927
 11826.0 0.876
 11826.1 0.830
 11826.2 0.853
 11826.3 0.897
 11826.4 0.905
 11826.5 0.898
 11826.6 0.888
 11826.7 0.875
 11826.8 0.857
 11826.9 0.833
 11827.0 0.792
 11827.1 0.737
 11827.2 0.730
 11827.3 0.755
 11827.4 0.749
 11827.5 0.724
 11827.6 0.696
 11827.7 0.665
 11827.8 0.630
 11827.9 0.568
 11828.0 0.471
 11828.1 0.388
 11828.2 0.373
 11828.3 0.430
 11828.4 0.530
 11828.5 0.609
 11828.6 0.652
 11828.7 0.684
 11828.8 0.713
 11828.9 0.740
 11829.0 0.765
 11829.1 0.788
 11829.2 0.809
 11829.3 0.827
 11829.4 0.842
 11829.5 0.856
 11829.6 0.870
 11829.7 0.873
 11829.8 0.862
 11829.9 0.868
 11830.0 0.896
 11830.1 0.913
 11830.2 0.912
 11830.3 0.871
 11830.4 0.812
 11830.5 0.830
 11830.6 0.905
 11830.7 0.944
 11830.8 0.951
 11830.9 0.954
 11831.0 0.956
 11831.1 0.959
 11831.2 0.962
 11831.3 0.965
 11831.4 0.967
 11831.5 0.969
 11831.6 0.970
 11831.7 0.972
 11831.8 0.973
 11831.9 0.975
 11832.0 0.976
 11832.1 0.977
 11832.2 0.987
 11832.3 0.998
 11832.4 0.999
 11832.5 1.000
 11832.6 1.000
 11832.7 1.000
 11832.8 1.000
 11832.9 1.000
 11833.0 1.000
 11833.1 1.000
 11833.2 1.000
 11833.3 1.000
 11833.4 1.000
 11833.5 1.000
 11833.6 1.000
 11833.7 1.000
 11833.8 1.000
 11833.9 1.000
 11834.0 1.000
 11834.1 1.000
 11834.2 1.000
 11834.3 1.000
 11834.4 1.000
 11834.5 0.999
 11834.6 0.998
 11834.7 0.998
 11834.8 0.997
 11834.9 0.995
 11835.0 0.996
 11835.1 0.999
 11835.2 0.999
 11835.3 0.998
 11835.4 0.992
 11835.5 0.987
 11835.6 0.991
 11835.7 0.998
 11835.8 0.999
 11835.9 0.999
 11836.0 0.999
 11836.1 0.999
 11836.2 0.999
 11836.3 0.999
 11836.4 0.999
 11836.5 0.998
 11836.6 0.997
 11836.7 0.993
 11836.8 0.987
 11836.9 0.988
 11837.0 0.994
 11837.1 0.998
 11837.2 0.999
 11837.3 0.999
 11837.4 0.998
 11837.5 0.997
 11837.6 0.995
 11837.7 0.994
 11837.8 0.995
 11837.9 0.997
 11838.0 0.996
 11838.1 0.996
 11838.2 0.995
 11838.3 0.993
 11838.4 0.991
 11838.5 0.986
 11838.6 0.977
 11838.7 0.956
 11838.8 0.886
 11838.9 0.770
 11839.0 0.705
 11839.1 0.757
 11839.2 0.872
 11839.3 0.952
 11839.4 0.978
 11839.5 0.984
 11839.6 0.987
 11839.7 0.991
 11839.8 0.992
 11839.9 0.991
 11840.0 0.993
 11840.1 0.996
 11840.2 0.997
 11840.3 0.998
 11840.4 0.998
 11840.5 0.997
 11840.6 0.991
 11840.7 0.982
 11840.8 0.983
 11840.9 0.992
 11841.0 0.995
 11841.1 0.993
 11841.2 0.982
 11841.3 0.963
 11841.4 0.960
 11841.5 0.938
 11841.6 0.862
 11841.7 0.847
 11841.8 0.928
 11841.9 0.988
 11842.0 0.998
 11842.1 0.999
 11842.2 0.999
 11842.3 0.999
 11842.4 0.999
 11842.5 0.999
 11842.6 0.999
 11842.7 0.998
 11842.8 0.991
 11842.9 0.978
 11843.0 0.978
 11843.1 0.990
 11843.2 0.998
 11843.3 0.998
 11843.4 0.996
 11843.5 0.988
 11843.6 0.948
 11843.7 0.888
 11843.8 0.898
 11843.9 0.964
 11844.0 0.996
 11844.1 1.000
 11844.2 1.000
 11844.3 1.000
 11844.4 1.000
 11844.5 1.000
 11844.6 0.999
 11844.7 0.998
 11844.8 0.996
 11844.9 0.998
 11845.0 0.999
 11845.1 1.000
 11845.2 1.000
 11845.3 0.997
 11845.4 0.988
 11845.5 0.982
 11845.6 0.989
 11845.7 0.998
 11845.8 1.000
 11845.9 1.000
 11846.0 0.999
 11846.1 0.999
 11846.2 0.999
 11846.3 0.999
 11846.4 1.000
 11846.5 1.000
 11846.6 1.000
 11846.7 1.000
 11846.8 1.000
 11846.9 0.999
 11847.0 0.998
 11847.1 0.997
 11847.2 0.998
 11847.3 0.998
 11847.4 0.992
 11847.5 0.990
 11847.6 0.995
 11847.7 0.999
 11847.8 0.999
 11847.9 0.999
 11848.0 0.999
 11848.1 0.998
 11848.2 0.998
 11848.3 0.996
 11848.4 0.992
 11848.5 0.981
 11848.6 0.966
 11848.7 0.957
 11848.8 0.964
 11848.9 0.979
 11849.0 0.990
 11849.1 0.995
 11849.2 0.997
 11849.3 0.998
 11849.4 0.994
 11849.5 0.973
 11849.6 0.947
 11849.7 0.958
 11849.8 0.988
 11849.9 0.998
 11850.0 0.999
 11850.1 1.000
 11850.2 1.000
 11850.3 1.000
 11850.4 1.000
 11850.5 0.999
 11850.6 0.998
 11850.7 0.998
 11850.8 0.998
 11850.9 0.998
 11851.0 0.997
 11851.1 0.997
 11851.2 0.998
 11851.3 0.997
 11851.4 0.995
 11851.5 0.986
 11851.6 0.983
 11851.7 0.991
 11851.8 0.997
 11851.9 0.997
 11852.0 0.995
 11852.1 0.996
 11852.2 0.999
 11852.3 1.000
 11852.4 1.000
 11852.5 1.000
 11852.6 1.000
 11852.7 1.000
 11852.8 1.000
 11852.9 1.000
 11853.0 1.000
 11853.1 1.000
 11853.2 1.000
 11853.3 1.000
 11853.4 1.000
 11853.5 1.000
 11853.6 1.000
 11853.7 1.000
 11853.8 1.000
 11853.9 0.999
 11854.0 0.997
 11854.1 0.978
 11854.2 0.948
 11854.3 0.953
 11854.4 0.985
 11854.5 0.998
 11854.6 0.999
 11854.7 0.997
 11854.8 0.995
 11854.9 0.996
 11855.0 0.999
 11855.1 1.000
 11855.2 1.000
 11855.3 1.000
 11855.4 1.000
 11855.5 0.999
 11855.6 0.997
 11855.7 0.990
 11855.8 0.987
 11855.9 0.993
 11856.0 0.999
 11856.1 1.000
 11856.2 1.000
 11856.3 1.000
 11856.4 0.998
 11856.5 0.992
 11856.6 0.988
 11856.7 0.992
 11856.8 0.997
 11856.9 0.997
 11857.0 0.975
 11857.1 0.910
 11857.2 0.879
 11857.3 0.931
 11857.4 0.983
 11857.5 0.995
 11857.6 0.998
 11857.7 0.999
 11857.8 0.999
 11857.9 1.000
 11858.0 1.000
 11858.1 1.000
 11858.2 1.000
 11858.3 0.999
 11858.4 0.997
 11858.5 0.997
 11858.6 0.998
 11858.7 0.999
 11858.8 0.999
 11858.9 0.999
 11859.0 0.999
 11859.1 0.999
 11859.2 0.999
 11859.3 0.999
 11859.4 1.000
 11859.5 1.000
 11859.6 0.999
 11859.7 0.999
 11859.8 0.998
 11859.9 0.995
 11860.0 0.995
 11860.1 0.998
 11860.2 0.999
 11860.3 0.999
 11860.4 0.999
 11860.5 1.000
 11860.6 1.000
 11860.7 1.000
 11860.8 1.000
 11860.9 0.999
 11861.0 0.999
 11861.1 0.999
 11861.2 0.998
 11861.3 0.998
 11861.4 0.994
 11861.5 0.956
 11861.6 0.875
 11861.7 0.860
 11861.8 0.935
 11861.9 0.990
 11862.0 0.998
 11862.1 0.999
 11862.2 0.998
 11862.3 0.997
 11862.4 0.997
 11862.5 0.997
 11862.6 0.996
 11862.7 0.991
 11862.8 0.981
 11862.9 0.967
 11863.0 0.958
 11863.1 0.964
 11863.2 0.979
 11863.3 0.990
 11863.4 0.995
 11863.5 0.996
 11863.6 0.995
 11863.7 0.982
 11863.8 0.936
 11863.9 0.892
 11864.0 0.914
 11864.1 0.968
 11864.2 0.993
 11864.3 0.997
 11864.4 0.997
 11864.5 0.997
 11864.6 0.997
 11864.7 0.998
 11864.8 0.999
 11864.9 0.999
 11865.0 0.998
 11865.1 0.992
 11865.2 0.984
 11865.3 0.986
 11865.4 0.995
 11865.5 0.999
 11865.6 1.000
 11865.7 1.000
 11865.8 1.000
 11865.9 1.000
 11866.0 1.000
 11866.1 1.000
 11866.2 1.000
 11866.3 1.000
 11866.4 1.000
 11866.5 0.999
 11866.6 0.999
 11866.7 0.999
 11866.8 0.997
 11866.9 0.994
 11867.0 0.995
 11867.1 0.998
 11867.2 0.999
 11867.3 1.000
 11867.4 1.000
 11867.5 1.000
 11867.6 0.999
 11867.7 0.999
 11867.8 1.000
 11867.9 1.000
 11868.0 0.999
 11868.1 0.999
 11868.2 1.000
 11868.3 1.000
 11868.4 0.999
 11868.5 0.999
 11868.6 0.999
 11868.7 0.999
 11868.8 1.000
 11868.9 1.000
 11869.0 0.999
 11869.1 1.000
 11869.2 1.000
 11869.3 1.000
 11869.4 1.000
 11869.5 1.000
 11869.6 0.999
 11869.7 1.000
 11869.8 1.000
 11869.9 1.000
 11870.0 0.999
 11870.1 0.999
 11870.2 0.999
 11870.3 1.000
 11870.4 0.999
 11870.5 0.999
 11870.6 0.999
 11870.7 0.999
 11870.8 0.998
 11870.9 0.996
 11871.0 0.980
 11871.1 0.954
 11871.2 0.958
 11871.3 0.986
 11871.4 0.998
 11871.5 0.998
 11871.6 0.999
 11871.7 0.999
 11871.8 0.999
 11871.9 0.998
 11872.0 0.998
 11872.1 0.997
 11872.2 0.997
 11872.3 0.998
 11872.4 0.993
 11872.5 0.986
 11872.6 0.970
 11872.7 0.906
 11872.8 0.850
 11872.9 0.898
 11873.0 0.974
 11873.1 0.998
 11873.2 0.999
 11873.3 0.999
 11873.4 0.999
 11873.5 0.998
 11873.6 0.999
 11873.7 0.999
 11873.8 0.998
 11873.9 0.999
 11874.0 0.998
 11874.1 0.988
 11874.2 0.982
 11874.3 0.990
 11874.4 0.998
 11874.5 0.999
 11874.6 0.999
 11874.7 1.000
 11874.8 1.000
 11874.9 1.000
 11875.0 1.000
 11875.1 1.000
 11875.2 1.000
 11875.3 0.999
 11875.4 0.987
 11875.5 0.932
 11875.6 0.884
 11875.7 0.918
 11875.8 0.978
 11875.9 0.998
 11876.0 1.000
 11876.1 1.000
 11876.2 1.000
 11876.3 1.000
 11876.4 1.000
 11876.5 1.000
 11876.6 1.000
 11876.7 0.997
 11876.8 0.989
 11876.9 0.985
 11877.0 0.992
 11877.1 0.998
 11877.2 0.999
 11877.3 0.999
 11877.4 0.999
 11877.5 0.999
 11877.6 1.000
 11877.7 1.000
 11877.8 1.000
 11877.9 0.999
 11878.0 0.999
 11878.1 0.995
 11878.2 0.990
 11878.3 0.990
 11878.4 0.995
 11878.5 0.998
 11878.6 0.999
 11878.7 0.998
 11878.8 0.997
 11878.9 0.996
 11879.0 0.995
 11879.1 0.992
 11879.2 0.988
 11879.3 0.982
 11879.4 0.969
 11879.5 0.952
 11879.6 0.947
 11879.7 0.959
 11879.8 0.974
 11879.9 0.977
 11880.0 0.977
 11880.1 0.984
 11880.2 0.991
 11880.3 0.992
 11880.4 0.992
 11880.5 0.991
 11880.6 0.990
 11880.7 0.987
 11880.8 0.985
 11880.9 0.986
 11881.0 0.987
 11881.1 0.986
 11881.2 0.985
 11881.3 0.983
 11881.4 0.976
 11881.5 0.952
 11881.6 0.925
 11881.7 0.930
 11881.8 0.952
 11881.9 0.957
 11882.0 0.950
 11882.1 0.937
 11882.2 0.919
 11882.3 0.893
 11882.4 0.852
 11882.5 0.783
 11882.6 0.638
 11882.7 0.453
 11882.8 0.343
 11882.9 0.350
 11883.0 0.474
 11883.1 0.656
 11883.2 0.785
 11883.3 0.842
 11883.4 0.877
 11883.5 0.894
 11883.6 0.896
 11883.7 0.878
 11883.8 0.791
 11883.9 0.597
 11884.0 0.419
 11884.1 0.378
 11884.2 0.467
 11884.3 0.674
 11884.4 0.852
 11884.5 0.916
 11884.6 0.942
 11884.7 0.956
 11884.8 0.965
 11884.9 0.968
 11885.0 0.965
 11885.1 0.965
 11885.2 0.972
 11885.3 0.981
 11885.4 0.986
 11885.5 0.988
 11885.6 0.989
 11885.7 0.990
 11885.8 0.991
 11885.9 0.992
 11886.0 0.993
 11886.1 0.993
 11886.2 0.992
 11886.3 0.989
 11886.4 0.990
 11886.5 0.993
 11886.6 0.995
 11886.7 0.995
 11886.8 0.995
 11886.9 0.996
 11887.0 0.997
 11887.1 0.997
 11887.2 0.998
 11887.3 0.998
 11887.4 0.998
 11887.5 0.998
 11887.6 0.998
 11887.7 0.999
 11887.8 0.999
 11887.9 0.999
 11888.0 0.999
 11888.1 0.999
 11888.2 0.998
 11888.3 0.994
 11888.4 0.993
 11888.5 0.996
 11888.6 0.999
 11888.7 0.990
 11888.8 0.941
 11888.9 0.886
 11889.0 0.910
 11889.1 0.972
 11889.2 0.994
 11889.3 0.994
 11889.4 0.996
 11889.5 0.998
 11889.6 0.999
 11889.7 0.997
 11889.8 0.995
 11889.9 0.994
 11890.0 0.995
 11890.1 0.992
 11890.2 0.977
 11890.3 0.907
 11890.4 0.778
 11890.5 0.721
 11890.6 0.822
 11890.7 0.939
 11890.8 0.971
 11890.9 0.976
 11891.0 0.986
 11891.1 0.993
 11891.2 0.995
 11891.3 0.994
 11891.4 0.993
 11891.5 0.994
 11891.6 0.997
 11891.7 0.998
 11891.8 0.996
 11891.9 0.994
 11892.0 0.994
 11892.1 0.996
 11892.2 0.996
 11892.3 0.995
 11892.4 0.993
 11892.5 0.989
 11892.6 0.977
 11892.7 0.931
 11892.8 0.835
 11892.9 0.797
 11893.0 0.871
 11893.1 0.948
 11893.2 0.977
 11893.3 0.984
 11893.4 0.954
 11893.5 0.879
 11893.6 0.862
 11893.7 0.933
 11893.8 0.987
 11893.9 0.997
 11894.0 0.997
 11894.1 0.996
 11894.2 0.995
 11894.3 0.993
 11894.4 0.992
 11894.5 0.989
 11894.6 0.981
 11894.7 0.967
 11894.8 0.952
 11894.9 0.953
 11895.0 0.964
 11895.1 0.961
 11895.2 0.961
 11895.3 0.975
 11895.4 0.975
 11895.5 0.956
 11895.6 0.924
 11895.7 0.896
 11895.8 0.893
 11895.9 0.901
 11896.0 0.904
 11896.1 0.932
 11896.2 0.972
 11896.3 0.988
 11896.4 0.992
 11896.5 0.995
 11896.6 0.996
 11896.7 0.997
 11896.8 0.997
 11896.9 0.998
 11897.0 0.998
 11897.1 0.998
 11897.2 0.998
 11897.3 0.998
 11897.4 0.998
 11897.5 0.998
 11897.6 0.998
 11897.7 0.998
 11897.8 0.999
 11897.9 0.999
 11898.0 0.997
 11898.1 0.992
 11898.2 0.990
 11898.3 0.995
 11898.4 0.999
 11898.5 0.999
 11898.6 0.999
 11898.7 0.999
 11898.8 0.999
 11898.9 1.000
 11899.0 1.000
 11899.1 0.999
 11899.2 0.999
 11899.3 0.999
 11899.4 0.999
 11899.5 0.999
 11899.6 0.999
 11899.7 0.999
 11899.8 0.996
 11899.9 0.979
 11900.0 0.952
 11900.1 0.950
 11900.2 0.977
 11900.3 0.995
 11900.4 0.999
 11900.5 0.999
 11900.6 0.999
 11900.7 0.999
 11900.8 1.000
 11900.9 0.999
 11901.0 0.998
 11901.1 0.997
 11901.2 0.998
 11901.3 0.999
 11901.4 1.000
 11901.5 1.000
 11901.6 0.999
 11901.7 0.998
 11901.8 0.999
 11901.9 1.000
 11902.0 1.000
 11902.1 1.000
 11902.2 1.000
 11902.3 1.000
 11902.4 1.000
 11902.5 1.000
 11902.6 0.997
 11902.7 0.989
 11902.8 0.983
 11902.9 0.988
 11903.0 0.995
 11903.1 0.999
 11903.2 1.000
 11903.3 1.000
 11903.4 1.000
 11903.5 0.999
 11903.6 0.998
 11903.7 0.985
 11903.8 0.959
 11903.9 0.955
 11904.0 0.979
 11904.1 0.997
 11904.2 0.999
 11904.3 0.999
 11904.4 0.985
 11904.5 0.922
 11904.6 0.857
 11904.7 0.890
 11904.8 0.966
 11904.9 0.997
 11905.0 1.000
 11905.1 1.000
 11905.2 1.000
 11905.3 0.999
 11905.4 1.000
 11905.5 1.000
 11905.6 1.000
 11905.7 1.000
 11905.8 1.000
 11905.9 1.000
 11906.0 1.000
 11906.1 1.000
 11906.2 1.000
 11906.3 1.000
 11906.4 1.000
 11906.5 1.000
 11906.6 1.000
 11906.7 1.000
 11906.8 1.000
 11906.9 1.000
 11907.0 1.000
 11907.1 1.000
 11907.2 0.999
 11907.3 0.996
 11907.4 0.994
 11907.5 0.995
 11907.6 0.996
 11907.7 0.996
 11907.8 0.996
 11907.9 0.988
 11908.0 0.939
 11908.1 0.878
 11908.2 0.892
 11908.3 0.959
 11908.4 0.994
 11908.5 0.999
 11908.6 0.999
 11908.7 0.998
 11908.8 0.996
 11908.9 0.998
 11909.0 0.999
 11909.1 1.000
 11909.2 1.000
 11909.3 1.000
 11909.4 1.000
 11909.5 1.000
 11909.6 1.000
 11909.7 1.000
 11909.8 1.000
 11909.9 1.000
 11910.0 1.000
 11910.1 1.000
 11910.2 1.000
 11910.3 1.000
 11910.4 1.000
 11910.5 1.000
 11910.6 1.000
 11910.7 0.999
 11910.8 0.998
 11910.9 0.996
 11911.0 0.994
 11911.1 0.995
 11911.2 0.999
 11911.3 1.000
 11911.4 1.000
 11911.5 0.999
 11911.6 0.999
 11911.7 0.994
 11911.8 0.977
 11911.9 0.963
 11912.0 0.975
 11912.1 0.993
 11912.2 0.998
 11912.3 0.999
 11912.4 0.999
 11912.5 0.999
 11912.6 1.000
 11912.7 1.000
 11912.8 1.000
 11912.9 1.000
 11913.0 1.000
 11913.1 1.000
 11913.2 1.000
 11913.3 1.000
 11913.4 0.999
 11913.5 0.998
 11913.6 0.997
 11913.7 0.997
 11913.8 0.997
 11913.9 0.997
 11914.0 0.999
 11914.1 0.993
 11914.2 0.970
 11914.3 0.953
 11914.4 0.970
 11914.5 0.993
 11914.6 0.999
 11914.7 1.000
 11914.8 1.000
 11914.9 1.000
 11915.0 1.000
 11915.1 1.000
 11915.2 1.000
 11915.3 1.000
 11915.4 1.000
 11915.5 1.000
 11915.6 1.000
 11915.7 1.000
 11915.8 1.000
 11915.9 0.997
 11916.0 0.989
 11916.1 0.985
 11916.2 0.992
 11916.3 0.999
 11916.4 1.000
 11916.5 1.000
 11916.6 0.999
 11916.7 0.996
 11916.8 0.993
 11916.9 0.994
 11917.0 0.999
 11917.1 1.000
 11917.2 1.000
 11917.3 1.000
 11917.4 1.000
 11917.5 1.000
 11917.6 1.000
 11917.7 1.000
 11917.8 1.000
 11917.9 1.000
 11918.0 0.999
 11918.1 0.999
 11918.2 0.999
 11918.3 1.000
 11918.4 1.000
 11918.5 1.000
 11918.6 0.999
 11918.7 0.996
 11918.8 0.994
 11918.9 0.996
 11919.0 0.997
 11919.1 0.996
 11919.2 0.993
 11919.3 0.992
 11919.4 0.994
 11919.5 0.998
 11919.6 0.999
 11919.7 0.998
 11919.8 0.995
 11919.9 0.995
 11920.0 0.996
 11920.1 0.995
 11920.2 0.994
 11920.3 0.996
 11920.4 0.999
 11920.5 0.999
 11920.6 0.998
 11920.7 0.995
 11920.8 0.993
 11920.9 0.995
 11921.0 0.995
 11921.1 0.990
 11921.2 0.950
 11921.3 0.893
 11921.4 0.905
 11921.5 0.966
 11921.6 0.996
 11921.7 1.000
 11921.8 1.000
 11921.9 1.000
 11922.0 1.000
 11922.1 1.000
 11922.2 1.000
 11922.3 1.000
 11922.4 1.000
 11922.5 0.998
 11922.6 0.995
 11922.7 0.991
 11922.8 0.993
 11922.9 0.998
 11923.0 0.999
 11923.1 0.999
 11923.2 0.999
 11923.3 1.000
 11923.4 1.000
 11923.5 1.000
 11923.6 0.999
 11923.7 0.999
 11923.8 0.999
 11923.9 0.999
 11924.0 0.999
 11924.1 0.999
 11924.2 0.999
 11924.3 0.996
 11924.4 0.991
 11924.5 0.990
 11924.6 0.993
 11924.7 0.995
 11924.8 0.997
 11924.9 0.999
 11925.0 0.999
 11925.1 0.999
 11925.2 0.998
 11925.3 0.998
 11925.4 0.999
 11925.5 1.000
 11925.6 1.000
 11925.7 1.000
 11925.8 0.999
 11925.9 0.992
 11926.0 0.945
 11926.1 0.872
 11926.2 0.874
 11926.3 0.936
 11926.4 0.969
 11926.5 0.983
 11926.6 0.996
 11926.7 0.998
 11926.8 0.998
 11926.9 0.999
 11927.0 0.999
 11927.1 0.997
 11927.2 0.995
 11927.3 0.996
 11927.4 0.998
 11927.5 0.999
 11927.6 0.998
 11927.7 0.991
 11927.8 0.980
 11927.9 0.981
 11928.0 0.993
 11928.1 0.999
 11928.2 0.999
 11928.3 0.999
 11928.4 0.999
 11928.5 1.000
 11928.6 1.000
 11928.7 1.000
 11928.8 1.000
 11928.9 1.000
 11929.0 1.000
 11929.1 0.998
 11929.2 0.992
 11929.3 0.986
 11929.4 0.991
 11929.5 0.998
 11929.6 1.000
 11929.7 1.000
 11929.8 1.000
 11929.9 1.000
 11930.0 0.998
 11930.1 0.996
 11930.2 0.995
 11930.3 0.996
 11930.4 0.998
 11930.5 0.999
 11930.6 1.000
 11930.7 1.000
 11930.8 1.000
 11930.9 1.000
 11931.0 1.000
 11931.1 1.000
 11931.2 1.000
 11931.3 1.000
 11931.4 1.000
 11931.5 1.000
 11931.6 1.000
 11931.7 1.000
 11931.8 1.000
 11931.9 1.000
 11932.0 1.000
 11932.1 1.000
 11932.2 1.000
 11932.3 1.000
 11932.4 1.000
 11932.5 1.000
 11932.6 1.000
 11932.7 1.000
 11932.8 1.000
 11932.9 1.000
 11933.0 1.000
 11933.1 0.999
 11933.2 0.998
 11933.3 0.998
 11933.4 0.999
 11933.5 0.996
 11933.6 0.994
 11933.7 0.995
 11933.8 0.998
 11933.9 0.999
 11934.0 1.000
 11934.1 1.000
 11934.2 1.000
 11934.3 1.000
 11934.4 1.000
 11934.5 0.999
 11934.6 0.996
 11934.7 0.996
 11934.8 0.998
 11934.9 0.996
 11935.0 0.992
 11935.1 0.995
 11935.2 0.997
 11935.3 0.994
 11935.4 0.991
 11935.5 0.995
 11935.6 0.999
 11935.7 1.000
 11935.8 1.000
 11935.9 1.000
 11936.0 1.000
 11936.1 1.000
 11936.2 1.000
 11936.3 0.999
 11936.4 0.998
 11936.5 0.998
 11936.6 0.999
 11936.7 0.999
 11936.8 0.998
 11936.9 0.983
 11937.0 0.920
 11937.1 0.856
 11937.2 0.873
 11937.3 0.932
 11937.4 0.971
 11937.5 0.991
 11937.6 0.996
 11937.7 0.998
 11937.8 0.999
 11937.9 0.999
 11938.0 0.999
 11938.1 0.999
 11938.2 1.000
 11938.3 1.000
 11938.4 1.000
 11938.5 0.999
 11938.6 0.998
 11938.7 0.998
 11938.8 0.999
 11938.9 1.000
 11939.0 1.000
 11939.1 1.000
 11939.2 1.000
 11939.3 1.000
 11939.4 1.000
 11939.5 1.000
 11939.6 1.000
 11939.7 1.000
 11939.8 0.999
 11939.9 0.998
 11940.0 0.998
 11940.1 0.999
 11940.2 0.999
 11940.3 0.998
 11940.4 0.997
 11940.5 0.998
 11940.6 0.999
 11940.7 0.999
 11940.8 0.999
 11940.9 0.999
 11941.0 0.999
 11941.1 0.993
 11941.2 0.958
 11941.3 0.902
 11941.4 0.905
 11941.5 0.963
 11941.6 0.995
 11941.7 0.998
 11941.8 0.996
 11941.9 0.994
 11942.0 0.994
 11942.1 0.996
 11942.2 0.998
 11942.3 0.994
 11942.4 0.985
 11942.5 0.985
 11942.6 0.993
 11942.7 0.997
 11942.8 0.999
 11942.9 1.000
 11943.0 1.000
 11943.1 0.999
 11943.2 0.995
 11943.3 0.987
 11943.4 0.982
 11943.5 0.989
 11943.6 0.997
 11943.7 0.998
 11943.8 0.998
 11943.9 0.999
 11944.0 1.000
 11944.1 0.999
 11944.2 0.997
 11944.3 0.997
 11944.4 0.999
 11944.5 1.000
 11944.6 0.999
 11944.7 0.999
 11944.8 0.999
 11944.9 0.999
 11945.0 0.997
 11945.1 0.997
 11945.2 0.998
 11945.3 0.999
 11945.4 0.998
 11945.5 0.997
 11945.6 0.998
 11945.7 0.999
 11945.8 1.000
 11945.9 1.000
 11946.0 1.000
 11946.1 0.999
 11946.2 0.999
 11946.3 0.998
 11946.4 0.996
 11946.5 0.995
 11946.6 0.995
 11946.7 0.994
 11946.8 0.994
 11946.9 0.996
 11947.0 0.998
 11947.1 0.999
 11947.2 0.999
 11947.3 0.999
 11947.4 0.999
 11947.5 0.991
 11947.6 0.967
 11947.7 0.956
 11947.8 0.976
 11947.9 0.995
 11948.0 0.999
 11948.1 0.999
 11948.2 0.999
 11948.3 0.999
 11948.4 0.998
 11948.5 0.998
 11948.6 0.998
 11948.7 0.998
 11948.8 0.998
 11948.9 0.997
 11949.0 0.994
 11949.1 0.987
 11949.2 0.977
 11949.3 0.970
 11949.4 0.910
 11949.5 0.794
 11949.6 0.736
 11949.7 0.742
 11949.8 0.781
 11949.9 0.876
 11950.0 0.956
 11950.1 0.982
 11950.2 0.988
 11950.3 0.990
 11950.4 0.993
 11950.5 0.996
 11950.6 0.997
 11950.7 0.998
 11950.8 0.998
 11950.9 0.998
 11951.0 0.998
 11951.1 0.998
 11951.2 0.997
 11951.3 0.992
 11951.4 0.991
 11951.5 0.995
 11951.6 0.999
 11951.7 0.999
 11951.8 0.999
 11951.9 0.997
 11952.0 0.994
 11952.1 0.993
 11952.2 0.996
 11952.3 0.998
 11952.4 0.999
 11952.5 1.000
 11952.6 1.000
 11952.7 1.000
 11952.8 1.000
 11952.9 1.000
 11953.0 1.000
 11953.1 1.000
 11953.2 1.000
 11953.3 1.000
 11953.4 1.000
 11953.5 1.000
 11953.6 1.000
 11953.7 0.998
 11953.8 0.995
 11953.9 0.995
 11954.0 0.998
 11954.1 0.999
 11954.2 0.991
 11954.3 0.950
 11954.4 0.896
 11954.5 0.911
 11954.6 0.970
 11954.7 0.997
 11954.8 0.999
 11954.9 1.000
 11955.0 1.000
 11955.1 1.000
 11955.2 0.999
 11955.3 0.998
 11955.4 0.996
 11955.5 0.994
 11955.6 0.995
 11955.7 0.990
 11955.8 0.948
 11955.9 0.875
 11956.0 0.870
 11956.1 0.940
 11956.2 0.987
 11956.3 0.993
 11956.4 0.987
 11956.5 0.986
 11956.6 0.994
 11956.7 0.998
 11956.8 0.996
 11956.9 0.995
 11957.0 0.997
 11957.1 0.999
 11957.2 0.999
 11957.3 0.999
 11957.4 0.999
 11957.5 1.000
 11957.6 1.000
 11957.7 0.999
 11957.8 0.996
 11957.9 0.993
 11958.0 0.993
 11958.1 0.995
 11958.2 0.997
 11958.3 0.998
 11958.4 0.997
 11958.5 0.994
 11958.6 0.988
 11958.7 0.985
 11958.8 0.990
 11958.9 0.996
 11959.0 0.998
 11959.1 0.998
 11959.2 0.982
 11959.3 0.920
 11959.4 0.869
 11959.5 0.908
 11959.6 0.975
 11959.7 0.997
 11959.8 0.999
 11959.9 0.999
 11960.0 0.998
 11960.1 0.997
 11960.2 0.998
 11960.3 0.999
 11960.4 1.000
 11960.5 1.000
 11960.6 1.000
 11960.7 1.000
 11960.8 1.000
 11960.9 0.999
 11961.0 0.996
 11961.1 0.995
 11961.2 0.997
 11961.3 0.999
 11961.4 0.999
 11961.5 0.998
 11961.6 0.997
 11961.7 0.998
 11961.8 0.999
 11961.9 0.999
 11962.0 1.000
 11962.1 1.000
 11962.2 1.000
 11962.3 1.000
 11962.4 0.998
 11962.5 0.996
 11962.6 0.996
 11962.7 0.997
 11962.8 0.995
 11962.9 0.995
 11963.0 0.996
 11963.1 0.993
 11963.2 0.990
 11963.3 0.990
 11963.4 0.990
 11963.5 0.994
 11963.6 0.999
 11963.7 1.000
 11963.8 1.000
 11963.9 1.000
 11964.0 1.000
 11964.1 0.998
 11964.2 0.995
 11964.3 0.994
 11964.4 0.996
 11964.5 0.996
 11964.6 0.994
 11964.7 0.992
 11964.8 0.993
 11964.9 0.995
 11965.0 0.998
 11965.1 0.998
 11965.2 0.997
 11965.3 0.997
 11965.4 0.998
 11965.5 0.996
 11965.6 0.996
 11965.7 0.998
 11965.8 1.000
 11965.9 1.000
 11966.0 1.000
 11966.1 0.999
 11966.2 0.996
 11966.3 0.993
 11966.4 0.993
 11966.5 0.995
 11966.6 0.997
 11966.7 0.997
 11966.8 0.995
 11966.9 0.995
 11967.0 0.995
 11967.1 0.994
 11967.2 0.996
 11967.3 0.998
 11967.4 0.999
 11967.5 0.999
 11967.6 1.000
 11967.7 1.000
 11967.8 1.000
 11967.9 0.999
 11968.0 0.998
 11968.1 0.997
 11968.2 0.999
 11968.3 1.000
 11968.4 1.000
 11968.5 0.999
 11968.6 0.998
 11968.7 0.996
 11968.8 0.996
 11968.9 0.998
 11969.0 0.997
 11969.1 0.996
 11969.2 0.995
 11969.3 0.991
 11969.4 0.983
 11969.5 0.983
 11969.6 0.989
 11969.7 0.993
 11969.8 0.994
 11969.9 0.993
 11970.0 0.991
 11970.1 0.971
 11970.2 0.906
 11970.3 0.849
 11970.4 0.839
 11970.5 0.857
 11970.6 0.915
 11970.7 0.973
 11970.8 0.986
 11970.9 0.985
 11971.0 0.981
 11971.1 0.976
 11971.2 0.969
 11971.3 0.952
 11971.4 0.938
 11971.5 0.949
 11971.6 0.966
 11971.7 0.968
 11971.8 0.963
 11971.9 0.957
 11972.0 0.949
 11972.1 0.937
 11972.2 0.923
 11972.3 0.906
 11972.4 0.882
 11972.5 0.848
 11972.6 0.799
 11972.7 0.729
 11972.8 0.598
 11972.9 0.430
 11973.0 0.325
 11973.1 0.329
 11973.2 0.441
 11973.3 0.609
 11973.4 0.734
 11973.5 0.800
 11973.6 0.841
 11973.7 0.811
 11973.8 0.725
 11973.9 0.743
 11974.0 0.866
 11974.1 0.940
 11974.2 0.951
 11974.3 0.955
 11974.4 0.964
 11974.5 0.972
 11974.6 0.976
 11974.7 0.978
 11974.8 0.980
 11974.9 0.979
 11975.0 0.973
 11975.1 0.943
 11975.2 0.895
 11975.3 0.899
 11975.4 0.952
 11975.5 0.979
 11975.6 0.984
 11975.7 0.989
 11975.8 0.992
 11975.9 0.992
 11976.0 0.993
 11976.1 0.993
 11976.2 0.994
 11976.3 0.993
 11976.4 0.994
 11976.5 0.994
 11976.6 0.995
 11976.7 0.995
 11976.8 0.995
 11976.9 0.994
 11977.0 0.993
 11977.1 0.995
 11977.2 0.999
 11977.3 1.000
 11977.4 1.000
 11977.5 0.999
 11977.6 0.999
 11977.7 0.998
 11977.8 0.995
 11977.9 0.993
 11978.0 0.996
 11978.1 0.999
 11978.2 0.999
 11978.3 0.997
 11978.4 0.994
 11978.5 0.995
 11978.6 0.997
 11978.7 0.998
 11978.8 0.996
 11978.9 0.991
 11979.0 0.993
 11979.1 0.997
 11979.2 0.999
 11979.3 0.999
 11979.4 1.000
 11979.5 1.000
 11979.6 1.000
 11979.7 1.000
 11979.8 1.000
 11979.9 1.000
 11980.0 1.000
 11980.1 0.997
 11980.2 0.993
 11980.3 0.989
 11980.4 0.984
 11980.5 0.983
 11980.6 0.986
 11980.7 0.987
 11980.8 0.986
 11980.9 0.985
 11981.0 0.985
 11981.1 0.985
 11981.2 0.983
 11981.3 0.981
 11981.4 0.981
 11981.5 0.980
 11981.6 0.971
 11981.7 0.948
 11981.8 0.938
 11981.9 0.953
 11982.0 0.964
 11982.1 0.962
 11982.2 0.962
 11982.3 0.963
 11982.4 0.959
 11982.5 0.955
 11982.6 0.951
 11982.7 0.946
 11982.8 0.939
 11982.9 0.930
 11983.0 0.920
 11983.1 0.909
 11983.2 0.898
 11983.3 0.884
 11983.4 0.866
 11983.5 0.844
 11983.6 0.817
 11983.7 0.786
 11983.8 0.746
 11983.9 0.684
 11984.0 0.580
 11984.1 0.478
 11984.2 0.441
 11984.3 0.481
 11984.4 0.584
 11984.5 0.686
 11984.6 0.747
 11984.7 0.785
 11984.8 0.817
 11984.9 0.844
 11985.0 0.866
 11985.1 0.885
 11985.2 0.899
 11985.3 0.910
 11985.4 0.921
 11985.5 0.932
 11985.6 0.940
 11985.7 0.946
 11985.8 0.952
 11985.9 0.957
 11986.0 0.961
 11986.1 0.962
 11986.2 0.961
 11986.3 0.961
 11986.4 0.964
 11986.5 0.970
 11986.6 0.974
 11986.7 0.977
 11986.8 0.975
 11986.9 0.970
 11987.0 0.963
 11987.1 0.959
 11987.2 0.965
 11987.3 0.977
 11987.4 0.983
 11987.5 0.981
 11987.6 0.977
 11987.7 0.975
 11987.8 0.977
 11987.9 0.980
 11988.0 0.974
 11988.1 0.932
 11988.2 0.888
 11988.3 0.915
 11988.4 0.970
 11988.5 0.990
 11988.6 0.991
 11988.7 0.987
 11988.8 0.978
 11988.9 0.968
 11989.0 0.969
 11989.1 0.978
 11989.2 0.984
 11989.3 0.982
 11989.4 0.968
 11989.5 0.944
 11989.6 0.944
 11989.7 0.965
 11989.8 0.976
 11989.9 0.976
 11990.0 0.974
 11990.1 0.970
 11990.2 0.959
 11990.3 0.928
 11990.4 0.909
 11990.5 0.924
 11990.6 0.936
 11990.7 0.929
 11990.8 0.914
 11990.9 0.891
 11991.0 0.861
 11991.1 0.827
 11991.2 0.786
 11991.3 0.706
 11991.4 0.585
 11991.5 0.490
 11991.6 0.475
 11991.7 0.543
 11991.8 0.663
 11991.9 0.765
 11992.0 0.822
 11992.1 0.858
 11992.2 0.883
 11992.3 0.904
 11992.4 0.923
 11992.5 0.936
 11992.6 0.946
 11992.7 0.954
 11992.8 0.961
 11992.9 0.966
 11993.0 0.970
 11993.1 0.970
 11993.2 0.942
 11993.3 0.881
 11993.4 0.869
 11993.5 0.930
 11993.6 0.977
 11993.7 0.985
 11993.8 0.987
 11993.9 0.987
 11994.0 0.983
 11994.1 0.978
 11994.2 0.982
 11994.3 0.989
 11994.4 0.991
 11994.5 0.989
 11994.6 0.983
 11994.7 0.970
 11994.8 0.960
 11994.9 0.969
 11995.0 0.985
 11995.1 0.991
 11995.2 0.992
 11995.3 0.993
 11995.4 0.994
 11995.5 0.990
 11995.6 0.989
 11995.7 0.994
 11995.8 0.998
 11995.9 1.000
 11996.0 1.000
 11996.1 0.999
 11996.2 0.999
 11996.3 1.000
 11996.4 1.000
 11996.5 1.000
 11996.6 1.000
 11996.7 1.000
 11996.8 1.000
 11996.9 0.998
 11997.0 0.991
 11997.1 0.987
 11997.2 0.992
 11997.3 0.998
 11997.4 0.999
 11997.5 0.999
 11997.6 0.998
 11997.7 0.998
 11997.8 0.999
 11997.9 0.998
 11998.0 0.997
 11998.1 0.994
 11998.2 0.994
 11998.3 0.997
 11998.4 0.998
 11998.5 0.999
 11998.6 1.000
 11998.7 1.000
 11998.8 1.000
 11998.9 1.000
 11999.0 1.000
 11999.1 1.000
 11999.2 1.000
 11999.3 1.000
 11999.4 1.000
 11999.5 1.000
 11999.6 1.000
 11999.7 1.000
 11999.8 1.000
 11999.9 1.000
 12000.0 1.000
 12000.1 1.000
 12000.2 1.000
 12000.3 1.000
 12000.4 0.999
 12000.5 1.000
 12000.6 1.000
 12000.7 1.000
 12000.8 0.996
 12000.9 0.984
 12001.0 0.981
 12001.1 0.991
 12001.2 0.999
 12001.3 1.000
 12001.4 1.000
 12001.5 0.999
 12001.6 0.999
 12001.7 0.998
 12001.8 0.996
 12001.9 0.995
 12002.0 0.996
 12002.1 0.996
 12002.2 0.994
 12002.3 0.991
 12002.4 0.990
 12002.5 0.994
 12002.6 0.996
 12002.7 0.994
 12002.8 0.993
 12002.9 0.996
 12003.0 0.998
 12003.1 0.999
 12003.2 0.998
 12003.3 0.994
 12003.4 0.989
 12003.5 0.988
 12003.6 0.992
 12003.7 0.994
 12003.8 0.991
 12003.9 0.990
 12004.0 0.970
 12004.1 0.907
 12004.2 0.874
 12004.3 0.927
 12004.4 0.984
 12004.5 0.995
 12004.6 0.992
 12004.7 0.993
 12004.8 0.996
 12004.9 0.996
 12005.0 0.992
 12005.1 0.986
 12005.2 0.946
 12005.3 0.834
 12005.4 0.748
 12005.5 0.771
 12005.6 0.860
 12005.7 0.947
 12005.8 0.989
 12005.9 0.995
 12006.0 0.995
 12006.1 0.983
 12006.2 0.963
 12006.3 0.963
 12006.4 0.985
 12006.5 0.997
 12006.6 0.999
 12006.7 0.999
 12006.8 0.999
 12006.9 0.999
 12007.0 0.995
 12007.1 0.990
 12007.2 0.991
 12007.3 0.993
 12007.4 0.995
 12007.5 0.997
 12007.6 0.999
 12007.7 1.000
 12007.8 1.000
 12007.9 1.000
 12008.0 1.000
 12008.1 1.000
 12008.2 1.000
 12008.3 0.999
 12008.4 0.997
 12008.5 0.996
 12008.6 0.996
 12008.7 0.998
 12008.8 0.999
 12008.9 1.000
 12009.0 1.000
 12009.1 0.999
 12009.2 0.999
 12009.3 1.000
 12009.4 1.000
 12009.5 0.999
 12009.6 0.994
 12009.7 0.957
 12009.8 0.905
 12009.9 0.914
 12010.0 0.969
 12010.1 0.994
 12010.2 0.994
 12010.3 0.992
 12010.4 0.981
 12010.5 0.943
 12010.6 0.927
 12010.7 0.962
 12010.8 0.993
 12010.9 0.998
 12011.0 0.999
 12011.1 0.999
 12011.2 1.000
 12011.3 1.000
 12011.4 1.000
 12011.5 0.999
 12011.6 0.995
 12011.7 0.994
 12011.8 0.996
 12011.9 0.999
 12012.0 1.000
 12012.1 0.998
 12012.2 0.996
 12012.3 0.995
 12012.4 0.997
 12012.5 0.994
 12012.6 0.983
 12012.7 0.979
 12012.8 0.986
 12012.9 0.992
 12013.0 0.995
 12013.1 0.998
 12013.2 0.998
 12013.3 0.998
 12013.4 0.999
 12013.5 1.000
 12013.6 0.999
 12013.7 0.997
 12013.8 0.993
 12013.9 0.990
 12014.0 0.993
 12014.1 0.997
 12014.2 0.999
 12014.3 0.999
 12014.4 1.000
 12014.5 1.000
 12014.6 1.000
 12014.7 1.000
 12014.8 1.000
 12014.9 1.000
 12015.0 1.000
 12015.1 1.000
 12015.2 1.000
 12015.3 1.000
 12015.4 1.000
 12015.5 1.000
 12015.6 1.000
 12015.7 0.999
 12015.8 0.995
 12015.9 0.990
 12016.0 0.992
 12016.1 0.997
 12016.2 0.999
 12016.3 0.999
 12016.4 0.993
 12016.5 0.973
 12016.6 0.961
 12016.7 0.977
 12016.8 0.995
 12016.9 0.999
 12017.0 1.000
 12017.1 1.000
 12017.2 0.999
 12017.3 0.998
 12017.4 0.998
 12017.5 0.997
 12017.6 0.995
 12017.7 0.995
 12017.8 0.997
 12017.9 0.996
 12018.0 0.993
 12018.1 0.994
 12018.2 0.994
 12018.3 0.989
 12018.4 0.991
 12018.5 0.997
 12018.6 1.000
 12018.7 1.000
 12018.8 1.000
 12018.9 1.000
 12019.0 1.000
 12019.1 0.999
 12019.2 0.996
 12019.3 0.993
 12019.4 0.995
 12019.5 0.998
 12019.6 0.998
 12019.7 0.998
 12019.8 0.998
 12019.9 0.998
 12020.0 0.998
 12020.1 0.998
 12020.2 0.996
 12020.3 0.995
 12020.4 0.996
 12020.5 0.996
 12020.6 0.992
 12020.7 0.993
 12020.8 0.998
 12020.9 1.000
 12021.0 1.000
 12021.1 1.000
 12021.2 1.000
 12021.3 1.000
 12021.4 1.000
 12021.5 0.999
 12021.6 0.997
 12021.7 0.992
 12021.8 0.989
 12021.9 0.991
 12022.0 0.993
 12022.1 0.992
 12022.2 0.993
 12022.3 0.996
 12022.4 0.998
 12022.5 0.988
 12022.6 0.940
 12022.7 0.896
 12022.8 0.919
 12022.9 0.970
 12023.0 0.993
 12023.1 0.997
 12023.2 0.997
 12023.3 0.997
 12023.4 0.997
 12023.5 0.996
 12023.6 0.990
 12023.7 0.980
 12023.8 0.976
 12023.9 0.984
 12024.0 0.993
 12024.1 0.997
 12024.2 0.997
 12024.3 0.998
 12024.4 0.999
 12024.5 0.999
 12024.6 0.999
 12024.7 0.999
 12024.8 0.999
 12024.9 0.999
 12025.0 0.996
 12025.1 0.992
 12025.2 0.989
 12025.3 0.987
 12025.4 0.987
 12025.5 0.993
 12025.6 0.998
 12025.7 0.999
 12025.8 0.999
 12025.9 0.999
 12026.0 1.000
 12026.1 1.000
 12026.2 1.000
 12026.3 1.000
 12026.4 1.000
 12026.5 0.999
 12026.6 0.998
 12026.7 0.996
 12026.8 0.997
 12026.9 0.999
 12027.0 0.999
 12027.1 0.998
 12027.2 0.996
 12027.3 0.994
 12027.4 0.989
 12027.5 0.981
 12027.6 0.980
 12027.7 0.981
 12027.8 0.969
 12027.9 0.918
 12028.0 0.863
 12028.1 0.883
 12028.2 0.942
 12028.3 0.969
 12028.4 0.974
 12028.5 0.974
 12028.6 0.972
 12028.7 0.970
 12028.8 0.968
 12028.9 0.966
 12029.0 0.963
 12029.1 0.962
 12029.2 0.960
 12029.3 0.957
 12029.4 0.953
 12029.5 0.949
 12029.6 0.944
 12029.7 0.939
 12029.8 0.933
 12029.9 0.927
 12030.0 0.919
 12030.1 0.910
 12030.2 0.900
 12030.3 0.889
 12030.4 0.876
 12030.5 0.861
 12030.6 0.844
 12030.7 0.824
 12030.8 0.801
 12030.9 0.773
 12031.0 0.744
 12031.1 0.710
 12031.2 0.655
 12031.3 0.560
 12031.4 0.463
 12031.5 0.424
 12031.6 0.458
 12031.7 0.553
 12031.8 0.649
 12031.9 0.707
 12032.0 0.744
 12032.1 0.774
 12032.2 0.801
 12032.3 0.823
 12032.4 0.843
 12032.5 0.860
 12032.6 0.875
 12032.7 0.888
 12032.8 0.899
 12032.9 0.909
 12033.0 0.918
 12033.1 0.925
 12033.2 0.931
 12033.3 0.934
 12033.4 0.939
 12033.5 0.946
 12033.6 0.952
 12033.7 0.956
 12033.8 0.959
 12033.9 0.962
 12034.0 0.964
 12034.1 0.964
 12034.2 0.963
 12034.3 0.965
 12034.4 0.971
 12034.5 0.975
 12034.6 0.976
 12034.7 0.978
 12034.8 0.979
 12034.9 0.979
 12035.0 0.977
 12035.1 0.973
 12035.2 0.973
 12035.3 0.978
 12035.4 0.982
 12035.5 0.987
 12035.6 0.994
 12035.7 0.996
 12035.8 0.991
 12035.9 0.987
 12036.0 0.989
 12036.1 0.992
 12036.2 0.993
 12036.3 0.994
 12036.4 0.998
 12036.5 1.000
 12036.6 1.000
 12036.7 1.000
 12036.8 1.000
 12036.9 1.000
 12037.0 1.000
 12037.1 1.000
 12037.2 1.000
 12037.3 1.000
 12037.4 1.000
 12037.5 1.000
 12037.6 1.000
 12037.7 1.000
 12037.8 1.000
 12037.9 0.999
 12038.0 0.998
 12038.1 0.998
 12038.2 0.998
 12038.3 0.999
 12038.4 0.999
 12038.5 0.997
 12038.6 0.971
 12038.7 0.906
 12038.8 0.880
 12038.9 0.934
 12039.0 0.986
 12039.1 0.997
 12039.2 0.997
 12039.3 0.996
 12039.4 0.993
 12039.5 0.985
 12039.6 0.943
 12039.7 0.840
 12039.8 0.754
 12039.9 0.792
 12040.0 0.903
 12040.1 0.974
 12040.2 0.991
 12040.3 0.995
 12040.4 0.997
 12040.5 0.997
 12040.6 0.997
 12040.7 0.995
 12040.8 0.991
 12040.9 0.991
 12041.0 0.996
 12041.1 0.998
 12041.2 0.998
 12041.3 0.998
 12041.4 0.998
 12041.5 0.999
 12041.6 0.993
 12041.7 0.969
 12041.8 0.947
 12041.9 0.960
 12042.0 0.987
 12042.1 0.997
 12042.2 0.995
 12042.3 0.993
 12042.4 0.996
 12042.5 0.998
 12042.6 0.999
 12042.7 0.999
 12042.8 0.999
 12042.9 0.999
 12043.0 0.998
 12043.1 0.997
 12043.2 0.996
 12043.3 0.997
 12043.4 0.999
 12043.5 0.999
 12043.6 0.999
 12043.7 0.997
 12043.8 0.995
 12043.9 0.989
 12044.0 0.961
 12044.1 0.927
 12044.2 0.941
 12044.3 0.978
 12044.4 0.992
 12044.5 0.996
 12044.6 0.997
 12044.7 0.996
 12044.8 0.995
 12044.9 0.989
 12045.0 0.953
 12045.1 0.906
 12045.2 0.921
 12045.3 0.974
 12045.4 0.995
 12045.5 0.993
 12045.6 0.993
 12045.7 0.997
 12045.8 0.999
 12045.9 0.997
 12046.0 0.993
 12046.1 0.993
 12046.2 0.997
 12046.3 0.999
 12046.4 0.999
 12046.5 0.998
 12046.6 0.996
 12046.7 0.997
 12046.8 0.998
 12046.9 0.999
 12047.0 0.999
 12047.1 0.999
 12047.2 1.000
 12047.3 1.000
 12047.4 1.000
 12047.5 1.000
 12047.6 1.000
 12047.7 1.000
 12047.8 0.999
 12047.9 0.997
 12048.0 0.992
 12048.1 0.991
 12048.2 0.994
 12048.3 0.998
 12048.4 0.999
 12048.5 0.998
 12048.6 0.997
 12048.7 0.998
 12048.8 0.999
 12048.9 1.000
 12049.0 1.000
 12049.1 0.999
 12049.2 0.999
 12049.3 0.999
 12049.4 1.000
 12049.5 1.000
 12049.6 1.000
 12049.7 0.999
 12049.8 0.997
 12049.9 0.995
