  9120.0 0.925
  9120.1 0.982
  9120.2 0.998
  9120.3 0.999
  9120.4 0.995
  9120.5 0.992
  9120.6 0.996
  9120.7 0.999
  9120.8 0.999
  9120.9 0.998
  9121.0 0.995
  9121.1 0.997
  9121.2 0.999
  9121.3 0.999
  9121.4 0.998
  9121.5 0.999
  9121.6 0.999
  9121.7 0.988
  9121.8 0.983
  9121.9 0.995
  9122.0 1.000
  9122.1 1.000
  9122.2 1.000
  9122.3 1.000
  9122.4 0.998
  9122.5 0.990
  9122.6 0.989
  9122.7 0.991
  9122.8 0.990
  9122.9 0.996
  9123.0 0.998
  9123.1 0.987
  9123.2 0.969
  9123.3 0.986
  9123.4 0.998
  9123.5 0.988
  9123.6 0.981
  9123.7 0.994
  9123.8 0.996
  9123.9 0.987
  9124.0 0.991
  9124.1 0.998
  9124.2 0.999
  9124.3 0.990
  9124.4 0.982
  9124.5 0.991
  9124.6 0.997
  9124.7 0.995
  9124.8 0.984
  9124.9 0.989
  9125.0 0.999
  9125.1 1.000
  9125.2 1.000
  9125.3 1.000
  9125.4 0.999
  9125.5 0.998
  9125.6 0.997
  9125.7 0.997
  9125.8 0.995
  9125.9 0.988
  9126.0 0.993
  9126.1 0.997
  9126.2 0.986
  9126.3 0.985
  9126.4 0.997
  9126.5 0.999
  9126.6 0.994
  9126.7 0.995
  9126.8 0.998
  9126.9 0.999
  9127.0 0.999
  9127.1 1.000
  9127.2 1.000
  9127.3 1.000
  9127.4 1.000
  9127.5 0.999
  9127.6 0.999
  9127.7 1.000
  9127.8 0.998
  9127.9 0.998
  9128.0 0.997
  9128.1 0.987
  9128.2 0.987
  9128.3 0.998
  9128.4 1.000
  9128.5 1.000
  9128.6 1.000
  9128.7 1.000
  9128.8 0.999
  9128.9 0.993
  9129.0 0.988
  9129.1 0.996
  9129.2 0.999
  9129.3 0.994
  9129.4 0.984
  9129.5 0.986
  9129.6 0.984
  9129.7 0.984
  9129.8 0.990
  9129.9 0.988
  9130.0 0.984
  9130.1 0.995
  9130.2 0.999
  9130.3 0.999
  9130.4 0.997
  9130.5 0.990
  9130.6 0.991
  9130.7 0.998
  9130.8 1.000
  9130.9 1.000
  9131.0 0.999
  9131.1 0.999
  9131.2 1.000
  9131.3 0.999
  9131.4 0.998
  9131.5 0.993
  9131.6 0.985
  9131.7 0.984
  9131.8 0.991
  9131.9 0.999
  9132.0 0.999
  9132.1 0.998
  9132.2 0.998
  9132.3 0.997
  9132.4 0.995
  9132.5 0.995
  9132.6 0.988
  9132.7 0.975
  9132.8 0.981
  9132.9 0.990
  9133.0 0.984
  9133.1 0.994
  9133.2 0.997
  9133.3 0.997
  9133.4 0.997
  9133.5 0.993
  9133.6 0.987
  9133.7 0.994
  9133.8 0.999
  9133.9 1.000
  9134.0 1.000
  9134.1 1.000
  9134.2 1.000
  9134.3 0.999
  9134.4 0.998
  9134.5 0.999
  9134.6 1.000
  9134.7 1.000
  9134.8 1.000
  9134.9 1.000
  9135.0 1.000
  9135.1 0.997
  9135.2 0.994
  9135.3 0.998
  9135.4 0.999
  9135.5 0.994
  9135.6 0.991
  9135.7 0.997
  9135.8 0.994
  9135.9 0.995
  9136.0 0.999
  9136.1 0.999
  9136.2 0.998
  9136.3 0.990
  9136.4 0.979
  9136.5 0.983
  9136.6 0.979
  9136.7 0.917
  9136.8 0.884
  9136.9 0.961
  9137.0 0.997
  9137.1 0.999
  9137.2 0.999
  9137.3 1.000
  9137.4 0.999
  9137.5 0.997
  9137.6 0.988
  9137.7 0.990
  9137.8 0.998
  9137.9 0.993
  9138.0 0.990
  9138.1 0.996
  9138.2 0.998
  9138.3 0.999
  9138.4 0.996
  9138.5 0.996
  9138.6 0.999
  9138.7 1.000
  9138.8 1.000
  9138.9 0.999
  9139.0 0.999
  9139.1 1.000
  9139.2 1.000
  9139.3 1.000
  9139.4 1.000
  9139.5 1.000
  9139.6 0.996
  9139.7 0.994
  9139.8 0.998
  9139.9 0.998
  9140.0 0.944
  9140.1 0.828
  9140.2 0.899
  9140.3 0.992
  9140.4 0.987
  9140.5 0.924
  9140.6 0.865
  9140.7 0.883
  9140.8 0.944
  9140.9 0.945
  9141.0 0.904
  9141.1 0.926
  9141.2 0.949
  9141.3 0.985
  9141.4 0.998
  9141.5 0.970
  9141.6 0.911
  9141.7 0.935
  9141.8 0.964
  9141.9 0.962
  9142.0 0.990
  9142.1 0.999
  9142.2 0.999
  9142.3 0.998
  9142.4 0.971
  9142.5 0.905
  9142.6 0.916
  9142.7 0.970
  9142.8 0.972
  9142.9 0.982
  9143.0 0.998
  9143.1 1.000
  9143.2 0.999
  9143.3 1.000
  9143.4 0.999
  9143.5 0.997
  9143.6 0.969
  9143.7 0.903
  9143.8 0.905
  9143.9 0.948
  9144.0 0.976
  9144.1 0.989
  9144.2 0.998
  9144.3 1.000
  9144.4 0.999
  9144.5 0.999
  9144.6 0.999
  9144.7 0.997
  9144.8 0.991
  9144.9 0.991
  9145.0 0.994
  9145.1 0.956
  9145.2 0.893
  9145.3 0.926
  9145.4 0.985
  9145.5 0.998
  9145.6 0.998
  9145.7 0.997
  9145.8 0.995
  9145.9 0.983
  9146.0 0.785
  9146.1 0.514
  9146.2 0.616
  9146.3 0.909
  9146.4 0.993
  9146.5 0.996
  9146.6 0.992
  9146.7 0.984
  9146.8 0.985
  9146.9 0.938
  9147.0 0.885
  9147.1 0.930
  9147.2 0.964
  9147.3 0.982
  9147.4 0.991
  9147.5 0.986
  9147.6 0.900
  9147.7 0.777
  9147.8 0.831
  9147.9 0.755
  9148.0 0.743
  9148.1 0.929
  9148.2 0.993
  9148.3 0.994
  9148.4 0.990
  9148.5 0.992
  9148.6 0.993
  9148.7 0.996
  9148.8 0.997
  9148.9 0.984
  9149.0 0.917
  9149.1 0.869
  9149.2 0.927
  9149.3 0.988
  9149.4 0.997
  9149.5 0.992
  9149.6 0.995
  9149.7 0.998
  9149.8 0.999
  9149.9 1.000
  9150.0 0.999
  9150.1 0.997
  9150.2 0.998
  9150.3 0.999
  9150.4 0.999
  9150.5 0.999
  9150.6 0.999
  9150.7 1.000
  9150.8 1.000
  9150.9 1.000
  9151.0 1.000
  9151.1 0.999
  9151.2 0.995
  9151.3 0.946
  9151.4 0.862
  9151.5 0.889
  9151.6 0.969
  9151.7 0.993
  9151.8 0.991
  9151.9 0.996
  9152.0 0.999
  9152.1 1.000
  9152.2 0.999
  9152.3 0.996
  9152.4 0.992
  9152.5 0.996
  9152.6 0.999
  9152.7 0.999
  9152.8 0.998
  9152.9 0.996
  9153.0 0.990
  9153.1 0.981
  9153.2 0.989
  9153.3 0.998
  9153.4 0.997
  9153.5 0.988
  9153.6 0.982
  9153.7 0.976
  9153.8 0.925
  9153.9 0.915
  9154.0 0.934
  9154.1 0.882
  9154.2 0.906
  9154.3 0.974
  9154.4 0.994
  9154.5 0.996
  9154.6 0.999
  9154.7 0.999
  9154.8 0.999
  9154.9 1.000
  9155.0 1.000
  9155.1 1.000
  9155.2 1.000
  9155.3 1.000
  9155.4 0.999
  9155.5 0.993
  9155.6 0.958
  9155.7 0.959
  9155.8 0.989
  9155.9 0.993
  9156.0 0.988
  9156.1 0.947
  9156.2 0.874
  9156.3 0.935
  9156.4 0.989
  9156.5 0.952
  9156.6 0.922
  9156.7 0.971
  9156.8 0.996
  9156.9 0.984
  9157.0 0.904
  9157.1 0.846
  9157.2 0.908
  9157.3 0.977
  9157.4 0.997
  9157.5 0.996
  9157.6 0.985
  9157.7 0.984
  9157.8 0.996
  9157.9 0.999
  9158.0 0.999
  9158.1 0.999
  9158.2 1.000
  9158.3 1.000
  9158.4 0.999
  9158.5 0.991
  9158.6 0.977
  9158.7 0.980
  9158.8 0.990
  9158.9 0.998
  9159.0 1.000
  9159.1 0.999
  9159.2 0.999
  9159.3 0.997
  9159.4 0.991
  9159.5 0.942
  9159.6 0.908
  9159.7 0.963
  9159.8 0.996
  9159.9 0.999
  9160.0 0.999
  9160.1 0.998
  9160.2 0.987
  9160.3 0.919
  9160.4 0.856
  9160.5 0.906
  9160.6 0.975
  9160.7 0.998
  9160.8 0.999
  9160.9 0.996
  9161.0 0.997
  9161.1 0.999
  9161.2 0.999
  9161.3 0.999
  9161.4 0.999
  9161.5 1.000
  9161.6 0.999
  9161.7 0.999
  9161.8 0.998
  9161.9 0.999
  9162.0 1.000
  9162.1 0.999
  9162.2 0.990
  9162.3 0.957
  9162.4 0.965
  9162.5 0.992
  9162.6 0.990
  9162.7 0.971
  9162.8 0.908
  9162.9 0.923
  9163.0 0.987
  9163.1 0.999
  9163.2 0.999
  9163.3 0.998
  9163.4 0.999
  9163.5 0.998
  9163.6 0.988
  9163.7 0.984
  9163.8 0.991
  9163.9 0.941
  9164.0 0.841
  9164.1 0.875
  9164.2 0.961
  9164.3 0.993
  9164.4 0.979
  9164.5 0.862
  9164.6 0.815
  9164.7 0.940
  9164.8 0.982
  9164.9 0.988
  9165.0 0.994
  9165.1 0.997
  9165.2 0.999
  9165.3 1.000
  9165.4 1.000
  9165.5 1.000
  9165.6 0.999
  9165.7 0.999
  9165.8 0.999
  9165.9 1.000
  9166.0 1.000
  9166.1 1.000
  9166.2 0.989
  9166.3 0.922
  9166.4 0.893
  9166.5 0.966
  9166.6 0.998
  9166.7 1.000
  9166.8 1.000
  9166.9 0.998
  9167.0 0.998
  9167.1 0.999
  9167.2 0.999
  9167.3 0.992
  9167.4 0.981
  9167.5 0.960
  9167.6 0.971
  9167.7 0.996
  9167.8 0.988
  9167.9 0.912
  9168.0 0.874
  9168.1 0.939
  9168.2 0.961
  9168.3 0.880
  9168.4 0.874
  9168.5 0.959
  9168.6 0.932
  9168.7 0.894
  9168.8 0.908
  9168.9 0.952
  9169.0 0.994
  9169.1 0.999
  9169.2 0.985
  9169.3 0.912
  9169.4 0.890
  9169.5 0.958
  9169.6 0.935
  9169.7 0.920
  9169.8 0.978
  9169.9 0.998
  9170.0 0.991
  9170.1 0.925
  9170.2 0.878
  9170.3 0.943
  9170.4 0.922
  9170.5 0.898
  9170.6 0.969
  9170.7 0.983
  9170.8 0.946
  9170.9 0.926
  9171.0 0.964
  9171.1 0.983
  9171.2 0.985
  9171.3 0.993
  9171.4 0.998
  9171.5 0.995
  9171.6 0.988
  9171.7 0.993
  9171.8 0.977
  9171.9 0.898
  9172.0 0.899
  9172.1 0.934
  9172.2 0.869
  9172.3 0.891
  9172.4 0.951
  9172.5 0.946
  9172.6 0.962
  9172.7 0.994
  9172.8 0.997
  9172.9 0.997
  9173.0 0.993
  9173.1 0.890
  9173.2 0.780
  9173.3 0.911
  9173.4 0.995
  9173.5 0.992
  9173.6 0.927
  9173.7 0.845
  9173.8 0.862
  9173.9 0.892
  9174.0 0.913
  9174.1 0.973
  9174.2 0.913
  9174.3 0.870
  9174.4 0.949
  9174.5 0.964
  9174.6 0.954
  9174.7 0.986
  9174.8 0.999
  9174.9 0.999
  9175.0 0.998
  9175.1 0.997
  9175.2 0.999
  9175.3 0.999
  9175.4 0.999
  9175.5 0.986
  9175.6 0.966
  9175.7 0.972
  9175.8 0.974
  9175.9 0.934
  9176.0 0.880
  9176.1 0.945
  9176.2 0.995
  9176.3 0.999
  9176.4 0.999
  9176.5 0.998
  9176.6 0.995
  9176.7 0.949
  9176.8 0.869
  9176.9 0.897
  9177.0 0.935
  9177.1 0.967
  9177.2 0.993
  9177.3 0.998
  9177.4 0.999
  9177.5 1.000
  9177.6 1.000
  9177.7 1.000
  9177.8 0.998
  9177.9 0.993
  9178.0 0.990
  9178.1 0.996
  9178.2 0.998
  9178.3 0.998
  9178.4 0.973
  9178.5 0.819
  9178.6 0.710
  9178.7 0.827
  9178.8 0.958
  9178.9 0.969
  9179.0 0.957
  9179.1 0.983
  9179.2 0.992
  9179.3 0.997
  9179.4 0.997
  9179.5 0.996
  9179.6 0.986
  9179.7 0.929
  9179.8 0.925
  9179.9 0.960
  9180.0 0.984
  9180.1 0.998
  9180.2 0.999
  9180.3 0.999
  9180.4 0.998
  9180.5 0.997
  9180.6 0.997
  9180.7 0.996
  9180.8 0.994
  9180.9 0.985
  9181.0 0.964
  9181.1 0.946
  9181.2 0.959
  9181.3 0.980
  9181.4 0.960
  9181.5 0.879
  9181.6 0.871
  9181.7 0.849
  9181.8 0.868
  9181.9 0.951
  9182.0 0.992
  9182.1 0.997
  9182.2 0.998
  9182.3 0.999
  9182.4 0.999
  9182.5 0.997
  9182.6 0.991
  9182.7 0.992
  9182.8 0.990
  9182.9 0.984
  9183.0 0.991
  9183.1 0.986
  9183.2 0.935
  9183.3 0.845
  9183.4 0.880
  9183.5 0.975
  9183.6 0.998
  9183.7 1.000
  9183.8 0.999
  9183.9 0.999
  9184.0 1.000
  9184.1 0.998
  9184.2 0.990
  9184.3 0.990
  9184.4 0.998
  9184.5 1.000
  9184.6 0.999
  9184.7 0.978
  9184.8 0.888
  9184.9 0.890
  9185.0 0.975
  9185.1 0.987
  9185.2 0.973
  9185.3 0.984
  9185.4 0.999
  9185.5 1.000
  9185.6 1.000
  9185.7 1.000
  9185.8 1.000
  9185.9 0.999
  9186.0 0.999
  9186.1 1.000
  9186.2 1.000
  9186.3 0.999
  9186.4 0.997
  9186.5 0.996
  9186.6 0.995
  9186.7 0.993
  9186.8 0.975
  9186.9 0.885
  9187.0 0.862
  9187.1 0.939
  9187.2 0.982
  9187.3 0.998
  9187.4 0.999
  9187.5 0.999
  9187.6 1.000
  9187.7 1.000
  9187.8 0.998
  9187.9 0.994
  9188.0 0.995
  9188.1 0.988
  9188.2 0.900
  9188.3 0.809
  9188.4 0.863
  9188.5 0.863
  9188.6 0.911
  9188.7 0.989
  9188.8 0.999
  9188.9 0.997
  9189.0 0.991
  9189.1 0.995
  9189.2 0.996
  9189.3 0.983
  9189.4 0.945
  9189.5 0.910
  9189.6 0.929
  9189.7 0.936
  9189.8 0.920
  9189.9 0.970
  9190.0 0.988
  9190.1 0.966
  9190.2 0.977
  9190.3 0.996
  9190.4 0.965
  9190.5 0.910
  9190.6 0.948
  9190.7 0.995
  9190.8 1.000
  9190.9 1.000
  9191.0 1.000
  9191.1 1.000
  9191.2 1.000
  9191.3 1.000
  9191.4 0.999
  9191.5 0.980
  9191.6 0.911
  9191.7 0.916
  9191.8 0.984
  9191.9 0.999
  9192.0 1.000
  9192.1 1.000
  9192.2 0.999
  9192.3 0.997
  9192.4 0.956
  9192.5 0.812
  9192.6 0.798
  9192.7 0.930
  9192.8 0.987
  9192.9 0.968
  9193.0 0.931
  9193.1 0.917
  9193.2 0.883
  9193.3 0.946
  9193.4 0.980
  9193.5 0.892
  9193.6 0.832
  9193.7 0.928
  9193.8 0.991
  9193.9 0.999
  9194.0 1.000
  9194.1 1.000
  9194.2 1.000
  9194.3 1.000
  9194.4 1.000
  9194.5 0.999
  9194.6 0.998
  9194.7 0.999
  9194.8 0.997
  9194.9 0.974
  9195.0 0.924
  9195.1 0.869
  9195.2 0.897
  9195.3 0.980
  9195.4 0.999
  9195.5 0.999
  9195.6 1.000
  9195.7 1.000
  9195.8 1.000
  9195.9 1.000
  9196.0 1.000
  9196.1 0.997
  9196.2 0.991
  9196.3 0.995
  9196.4 0.993
  9196.5 0.981
  9196.6 0.989
  9196.7 0.998
  9196.8 0.989
  9196.9 0.910
  9197.0 0.868
  9197.1 0.959
  9197.2 0.998
  9197.3 0.991
  9197.4 0.924
  9197.5 0.862
  9197.6 0.938
  9197.7 0.994
  9197.8 0.999
  9197.9 1.000
  9198.0 1.000
  9198.1 0.999
  9198.2 0.999
  9198.3 0.976
  9198.4 0.886
  9198.5 0.880
  9198.6 0.953
  9198.7 0.986
  9198.8 0.998
  9198.9 0.999
  9199.0 0.976
  9199.1 0.857
  9199.2 0.817
  9199.3 0.895
  9199.4 0.801
  9199.5 0.817
  9199.6 0.963
  9199.7 0.996
  9199.8 0.998
  9199.9 0.998
  9200.0 0.996
  9200.1 0.960
  9200.2 0.866
  9200.3 0.879
  9200.4 0.963
  9200.5 0.990
  9200.6 0.999
  9200.7 1.000
  9200.8 1.000
  9200.9 1.000
  9201.0 1.000
  9201.1 1.000
  9201.2 1.000
  9201.3 0.999
  9201.4 0.999
  9201.5 0.998
  9201.6 0.970
  9201.7 0.877
  9201.8 0.889
  9201.9 0.964
  9202.0 0.939
  9202.1 0.951
  9202.2 0.961
  9202.3 0.960
  9202.4 0.990
  9202.5 0.999
  9202.6 1.000
  9202.7 0.999
  9202.8 0.993
  9202.9 0.986
  9203.0 0.975
  9203.1 0.900
  9203.2 0.882
  9203.3 0.877
  9203.4 0.849
  9203.5 0.948
  9203.6 0.997
  9203.7 0.999
  9203.8 0.999
  9203.9 0.999
  9204.0 0.997
  9204.1 0.995
  9204.2 0.997
  9204.3 0.998
  9204.4 0.998
  9204.5 0.993
  9204.6 0.927
  9204.7 0.856
  9204.8 0.911
  9204.9 0.942
  9205.0 0.851
  9205.1 0.837
  9205.2 0.950
  9205.3 0.995
  9205.4 1.000
  9205.5 1.000
  9205.6 0.996
  9205.7 0.965
  9205.8 0.948
  9205.9 0.981
  9206.0 0.994
  9206.1 0.995
  9206.2 0.997
  9206.3 0.998
  9206.4 0.998
  9206.5 0.992
  9206.6 0.990
  9206.7 0.975
  9206.8 0.848
  9206.9 0.750
  9207.0 0.886
  9207.1 0.990
  9207.2 0.998
  9207.3 0.999
  9207.4 0.999
  9207.5 0.998
  9207.6 0.998
  9207.7 0.998
  9207.8 0.997
  9207.9 0.996
  9208.0 0.996
  9208.1 0.991
  9208.2 0.915
  9208.3 0.815
  9208.4 0.887
  9208.5 0.972
  9208.6 0.993
  9208.7 0.998
  9208.8 0.999
  9208.9 0.999
  9209.0 0.999
  9209.1 0.997
  9209.2 0.982
  9209.3 0.929
  9209.4 0.932
  9209.5 0.984
  9209.6 0.968
  9209.7 0.925
  9209.8 0.935
  9209.9 0.746
  9210.0 0.494
  9210.1 0.601
  9210.2 0.895
  9210.3 0.989
  9210.4 0.995
  9210.5 0.996
  9210.6 0.989
  9210.7 0.921
  9210.8 0.825
  9210.9 0.892
  9211.0 0.983
  9211.1 0.970
  9211.2 0.817
  9211.3 0.744
  9211.4 0.884
  9211.5 0.968
  9211.6 0.993
  9211.7 0.997
  9211.8 0.997
  9211.9 0.993
  9212.0 0.989
  9212.1 0.991
  9212.2 0.976
  9212.3 0.892
  9212.4 0.857
  9212.5 0.939
  9212.6 0.954
  9212.7 0.874
  9212.8 0.717
  9212.9 0.670
  9213.0 0.774
  9213.1 0.911
  9213.2 0.963
  9213.3 0.979
  9213.4 0.989
  9213.5 0.990
  9213.6 0.986
  9213.7 0.987
  9213.8 0.994
  9213.9 0.987
  9214.0 0.944
  9214.1 0.928
  9214.2 0.972
  9214.3 0.971
  9214.4 0.801
  9214.5 0.641
  9214.6 0.805
  9214.7 0.973
  9214.8 0.988
  9214.9 0.941
  9215.0 0.854
  9215.1 0.808
  9215.2 0.899
  9215.3 0.989
  9215.4 0.998
  9215.5 0.998
  9215.6 0.993
  9215.7 0.989
  9215.8 0.993
  9215.9 0.998
  9216.0 0.997
  9216.1 0.994
  9216.2 0.997
  9216.3 0.999
  9216.4 0.999
  9216.5 0.999
  9216.6 0.999
  9216.7 0.998
  9216.8 0.987
  9216.9 0.928
  9217.0 0.910
  9217.1 0.973
  9217.2 0.995
  9217.3 0.992
  9217.4 0.941
  9217.5 0.741
  9217.6 0.687
  9217.7 0.804
  9217.8 0.797
  9217.9 0.887
  9218.0 0.966
  9218.1 0.889
  9218.2 0.733
  9218.3 0.786
  9218.4 0.926
  9218.5 0.985
  9218.6 0.996
  9218.7 0.977
  9218.8 0.926
  9218.9 0.941
  9219.0 0.988
  9219.1 0.997
  9219.2 0.996
  9219.3 0.990
  9219.4 0.990
  9219.5 0.996
  9219.6 0.978
  9219.7 0.877
  9219.8 0.817
  9219.9 0.929
  9220.0 0.995
  9220.1 0.999
  9220.2 1.000
  9220.3 1.000
  9220.4 1.000
  9220.5 0.997
  9220.6 0.993
  9220.7 0.994
  9220.8 0.998
  9220.9 1.000
  9221.0 1.000
  9221.1 1.000
  9221.2 0.999
  9221.3 0.997
  9221.4 0.998
  9221.5 0.999
  9221.6 0.999
  9221.7 0.998
  9221.8 0.998
  9221.9 1.000
  9222.0 1.000
  9222.1 0.995
  9222.2 0.989
  9222.3 0.995
  9222.4 1.000
  9222.5 0.999
  9222.6 0.997
  9222.7 0.999
  9222.8 1.000
  9222.9 1.000
  9223.0 1.000
  9223.1 1.000
  9223.2 1.000
  9223.3 0.999
  9223.4 0.999
  9223.5 1.000
  9223.6 1.000
  9223.7 0.999
  9223.8 0.996
  9223.9 0.961
  9224.0 0.905
  9224.1 0.904
  9224.2 0.952
  9224.3 0.970
  9224.4 0.879
  9224.5 0.849
  9224.6 0.811
  9224.7 0.784
  9224.8 0.770
  9224.9 0.802
  9225.0 0.935
  9225.1 0.987
  9225.2 0.994
  9225.3 0.988
  9225.4 0.913
  9225.5 0.863
  9225.6 0.937
  9225.7 0.977
  9225.8 0.991
  9225.9 0.992
  9226.0 0.993
  9226.1 0.995
  9226.2 0.996
  9226.3 0.995
  9226.4 0.993
  9226.5 0.993
  9226.6 0.993
  9226.7 0.992
  9226.8 0.994
  9226.9 0.993
  9227.0 0.992
  9227.1 0.992
  9227.2 0.991
  9227.3 0.990
  9227.4 0.988
  9227.5 0.987
  9227.6 0.984
  9227.7 0.979
  9227.8 0.969
  9227.9 0.923
  9228.0 0.787
  9228.1 0.702
  9228.2 0.809
  9228.3 0.930
  9228.4 0.958
  9228.5 0.957
  9228.6 0.951
  9228.7 0.942
  9228.8 0.933
  9228.9 0.925
  9229.0 0.922
  9229.1 0.924
  9229.2 0.931
  9229.3 0.940
  9229.4 0.945
  9229.5 0.914
  9229.6 0.885
  9229.7 0.934
  9229.8 0.975
  9229.9 0.981
  9230.0 0.981
  9230.1 0.954
  9230.2 0.844
  9230.3 0.810
  9230.4 0.935
  9230.5 0.987
  9230.6 0.988
  9230.7 0.991
  9230.8 0.992
  9230.9 0.960
  9231.0 0.866
  9231.1 0.890
  9231.2 0.979
  9231.3 0.995
  9231.4 0.995
  9231.5 0.978
  9231.6 0.959
  9231.7 0.907
  9231.8 0.779
  9231.9 0.835
  9232.0 0.958
  9232.1 0.984
  9232.2 0.981
  9232.3 0.992
  9232.4 0.999
  9232.5 0.999
  9232.6 0.998
  9232.7 0.997
  9232.8 0.998
  9232.9 0.994
  9233.0 0.916
  9233.1 0.784
  9233.2 0.813
  9233.3 0.934
  9233.4 0.988
  9233.5 0.998
  9233.6 0.999
  9233.7 0.997
  9233.8 0.994
  9233.9 0.996
  9234.0 0.999
  9234.1 1.000
  9234.2 0.999
  9234.3 0.997
  9234.4 0.995
  9234.5 0.997
  9234.6 0.999
  9234.7 0.999
  9234.8 0.999
  9234.9 1.000
  9235.0 0.999
  9235.1 0.996
  9235.2 0.996
  9235.3 0.999
  9235.4 0.989
  9235.5 0.937
  9235.6 0.907
  9235.7 0.960
  9235.8 0.993
  9235.9 0.967
  9236.0 0.853
  9236.1 0.801
  9236.2 0.920
  9236.3 0.990
  9236.4 0.998
  9236.5 0.998
  9236.6 0.994
  9236.7 0.985
  9236.8 0.989
  9236.9 0.996
  9237.0 0.995
  9237.1 0.992
  9237.2 0.984
  9237.3 0.968
  9237.4 0.896
  9237.5 0.777
  9237.6 0.800
  9237.7 0.925
  9237.8 0.973
  9237.9 0.905
  9238.0 0.840
  9238.1 0.927
  9238.2 0.990
  9238.3 0.996
  9238.4 0.998
  9238.5 0.999
  9238.6 0.999
  9238.7 0.999
  9238.8 0.998
  9238.9 0.999
  9239.0 0.999
  9239.1 0.997
  9239.2 0.952
  9239.3 0.817
  9239.4 0.832
  9239.5 0.955
  9239.6 0.993
  9239.7 0.986
  9239.8 0.975
  9239.9 0.990
  9240.0 0.999
  9240.1 0.998
  9240.2 0.983
  9240.3 0.969
  9240.4 0.987
  9240.5 0.998
  9240.6 0.999
  9240.7 0.999
  9240.8 0.999
  9240.9 0.985
  9241.0 0.901
  9241.1 0.870
  9241.2 0.944
  9241.3 0.977
  9241.4 0.995
  9241.5 0.995
  9241.6 0.947
  9241.7 0.912
  9241.8 0.955
  9241.9 0.927
  9242.0 0.899
  9242.1 0.906
  9242.2 0.808
  9242.3 0.767
  9242.4 0.867
  9242.5 0.972
  9242.6 0.998
  9242.7 0.998
  9242.8 0.996
  9242.9 0.997
  9243.0 0.992
  9243.1 0.984
  9243.2 0.982
  9243.3 0.982
  9243.4 0.982
  9243.5 0.986
  9243.6 0.996
  9243.7 0.998
  9243.8 0.999
  9243.9 0.999
  9244.0 0.998
  9244.1 0.982
  9244.2 0.938
  9244.3 0.927
  9244.4 0.967
  9244.5 0.987
  9244.6 0.992
  9244.7 0.988
  9244.8 0.991
  9244.9 0.998
  9245.0 0.999
  9245.1 0.994
  9245.2 0.930
  9245.3 0.856
  9245.4 0.930
  9245.5 0.967
  9245.6 0.951
  9245.7 0.982
  9245.8 0.995
  9245.9 0.986
  9246.0 0.967
  9246.1 0.950
  9246.2 0.975
  9246.3 0.981
  9246.4 0.854
  9246.5 0.587
  9246.6 0.569
  9246.7 0.846
  9246.8 0.988
  9246.9 0.993
  9247.0 0.984
  9247.1 0.880
  9247.2 0.790
  9247.3 0.899
  9247.4 0.981
  9247.5 0.997
  9247.6 0.999
  9247.7 0.992
  9247.8 0.983
  9247.9 0.992
  9248.0 0.998
  9248.1 0.993
  9248.2 0.994
  9248.3 0.999
  9248.4 0.999
  9248.5 0.997
  9248.6 0.964
  9248.7 0.835
  9248.8 0.731
  9248.9 0.855
  9249.0 0.978
  9249.1 0.996
  9249.2 0.992
  9249.3 0.921
  9249.4 0.864
  9249.5 0.938
  9249.6 0.979
  9249.7 0.993
  9249.8 0.999
  9249.9 0.997
  9250.0 0.996
  9250.1 0.999
  9250.2 0.999
  9250.3 0.999
  9250.4 0.982
  9250.5 0.919
  9250.6 0.924
  9250.7 0.983
  9250.8 0.995
  9250.9 0.992
  9251.0 0.970
  9251.1 0.971
  9251.2 0.994
  9251.3 0.999
  9251.4 1.000
  9251.5 1.000
  9251.6 1.000
  9251.7 0.999
  9251.8 0.999
  9251.9 0.998
  9252.0 0.998
  9252.1 0.995
  9252.2 0.987
  9252.3 0.988
  9252.4 0.983
  9252.5 0.938
  9252.6 0.951
  9252.7 0.988
  9252.8 0.973
  9252.9 0.892
  9253.0 0.852
  9253.1 0.944
  9253.2 0.989
  9253.3 0.991
  9253.4 0.989
  9253.5 0.971
  9253.6 0.895
  9253.7 0.849
  9253.8 0.922
  9253.9 0.977
  9254.0 0.987
  9254.1 0.988
  9254.2 0.985
  9254.3 0.979
  9254.4 0.980
  9254.5 0.982
  9254.6 0.977
  9254.7 0.965
  9254.8 0.962
  9254.9 0.964
  9255.0 0.957
  9255.1 0.944
  9255.2 0.912
  9255.3 0.795
  9255.4 0.727
  9255.5 0.752
  9255.6 0.662
  9255.7 0.522
  9255.8 0.490
  9255.9 0.581
  9256.0 0.715
  9256.1 0.820
  9256.2 0.868
  9256.3 0.899
  9256.4 0.933
  9256.5 0.949
  9256.6 0.957
  9256.7 0.965
  9256.8 0.973
  9256.9 0.977
  9257.0 0.981
  9257.1 0.983
  9257.2 0.985
  9257.3 0.986
  9257.4 0.974
  9257.5 0.961
  9257.6 0.978
  9257.7 0.989
  9257.8 0.988
  9257.9 0.970
  9258.0 0.881
  9258.1 0.791
  9258.2 0.631
  9258.3 0.579
  9258.4 0.808
  9258.5 0.969
  9258.6 0.986
  9258.7 0.986
  9258.8 0.965
  9258.9 0.810
  9259.0 0.643
  9259.1 0.787
  9259.2 0.961
  9259.3 0.990
  9259.4 0.995
  9259.5 0.993
  9259.6 0.966
  9259.7 0.897
  9259.8 0.917
  9259.9 0.984
  9260.0 0.997
  9260.1 0.998
  9260.2 0.994
  9260.3 0.995
  9260.4 0.998
  9260.5 0.999
  9260.6 0.998
  9260.7 0.992
  9260.8 0.982
  9260.9 0.947
  9261.0 0.861
  9261.1 0.898
  9261.2 0.985
  9261.3 0.999
  9261.4 0.999
  9261.5 0.999
  9261.6 0.999
  9261.7 0.999
  9261.8 0.999
  9261.9 0.999
  9262.0 1.000
  9262.1 1.000
  9262.2 1.000
  9262.3 0.999
  9262.4 0.998
  9262.5 0.994
  9262.6 0.985
  9262.7 0.976
  9262.8 0.969
  9262.9 0.921
  9263.0 0.797
  9263.1 0.837
  9263.2 0.971
  9263.3 0.992
  9263.4 0.952
  9263.5 0.892
  9263.6 0.919
  9263.7 0.976
  9263.8 0.884
  9263.9 0.748
  9264.0 0.772
  9264.1 0.902
  9264.2 0.987
  9264.3 0.984
  9264.4 0.978
  9264.5 0.991
  9264.6 0.998
  9264.7 0.999
  9264.8 0.999
  9264.9 0.999
  9265.0 0.988
  9265.1 0.979
  9265.2 0.992
  9265.3 0.999
  9265.4 0.997
  9265.5 0.997
  9265.6 0.995
  9265.7 0.991
  9265.8 0.989
  9265.9 0.976
  9266.0 0.967
  9266.1 0.980
  9266.2 0.995
  9266.3 0.999
  9266.4 0.996
  9266.5 0.993
  9266.6 0.997
  9266.7 0.999
  9266.8 0.999
  9266.9 0.993
  9267.0 0.926
  9267.1 0.865
  9267.2 0.938
  9267.3 0.978
  9267.4 0.989
  9267.5 0.996
  9267.6 0.988
  9267.7 0.983
  9267.8 0.994
  9267.9 0.999
  9268.0 0.998
  9268.1 0.987
  9268.2 0.984
  9268.3 0.996
  9268.4 1.000
  9268.5 1.000
  9268.6 1.000
  9268.7 0.999
  9268.8 0.999
  9268.9 0.999
  9269.0 0.999
  9269.1 0.985
  9269.2 0.916
  9269.3 0.891
  9269.4 0.867
  9269.5 0.881
  9269.6 0.975
  9269.7 0.999
  9269.8 1.000
  9269.9 1.000
  9270.0 0.998
  9270.1 0.996
  9270.2 0.998
  9270.3 1.000
  9270.4 0.998
  9270.5 0.983
  9270.6 0.899
  9270.7 0.781
  9270.8 0.870
  9270.9 0.985
  9271.0 0.999
  9271.1 1.000
  9271.2 0.999
  9271.3 0.985
  9271.4 0.933
  9271.5 0.887
  9271.6 0.939
  9271.7 0.994
  9271.8 1.000
  9271.9 1.000
  9272.0 1.000
  9272.1 0.999
  9272.2 0.999
  9272.3 0.999
  9272.4 0.999
  9272.5 0.998
  9272.6 0.970
  9272.7 0.835
  9272.8 0.799
  9272.9 0.931
  9273.0 0.988
  9273.1 0.997
  9273.2 0.996
  9273.3 0.992
  9273.4 0.985
  9273.5 0.980
  9273.6 0.991
  9273.7 0.998
  9273.8 0.999
  9273.9 0.999
  9274.0 1.000
  9274.1 1.000
  9274.2 0.997
  9274.3 0.986
  9274.4 0.984
  9274.5 0.997
  9274.6 1.000
  9274.7 1.000
  9274.8 1.000
  9274.9 1.000
  9275.0 1.000
  9275.1 1.000
  9275.2 1.000
  9275.3 1.000
  9275.4 1.000
  9275.5 1.000
  9275.6 1.000
  9275.7 0.998
  9275.8 0.996
  9275.9 0.992
  9276.0 0.992
  9276.1 0.998
  9276.2 0.998
  9276.3 0.988
  9276.4 0.913
  9276.5 0.869
  9276.6 0.949
  9276.7 0.981
  9276.8 0.989
  9276.9 0.985
  9277.0 0.979
  9277.1 0.995
  9277.2 1.000
  9277.3 1.000
  9277.4 1.000
  9277.5 0.999
  9277.6 0.996
  9277.7 0.997
  9277.8 0.999
  9277.9 0.997
  9278.0 0.987
  9278.1 0.956
  9278.2 0.872
  9278.3 0.893
  9278.4 0.982
  9278.5 0.992
  9278.6 0.950
  9278.7 0.818
  9278.8 0.804
  9278.9 0.947
  9279.0 0.954
  9279.1 0.893
  9279.2 0.943
  9279.3 0.995
  9279.4 0.999
  9279.5 0.999
  9279.6 0.996
  9279.7 0.966
  9279.8 0.903
  9279.9 0.897
