 10480.0 1.000
 10480.1 1.000
 10480.2 1.000
 10480.3 1.000
 10480.4 1.000
 10480.5 0.999
 10480.6 0.998
 10480.7 0.999
 10480.8 1.000
 10480.9 1.000
 10481.0 1.000
 10481.1 0.999
 10481.2 0.996
 10481.3 0.993
 10481.4 0.995
 10481.5 0.998
 10481.6 1.000
 10481.7 1.000
 10481.8 1.000
 10481.9 1.000
 10482.0 1.000
 10482.1 0.999
 10482.2 0.999
 10482.3 1.000
 10482.4 1.000
 10482.5 1.000
 10482.6 0.999
 10482.7 0.999
 10482.8 0.999
 10482.9 0.999
 10483.0 0.999
 10483.1 1.000
 10483.2 1.000
 10483.3 1.000
 10483.4 1.000
 10483.5 0.998
 10483.6 0.996
 10483.7 0.998
 10483.8 0.999
 10483.9 1.000
 10484.0 1.000
 10484.1 1.000
 10484.2 1.000
 10484.3 1.000
 10484.4 1.000
 10484.5 1.000
 10484.6 1.000
 10484.7 1.000
 10484.8 1.000
 10484.9 1.000
 10485.0 1.000
 10485.1 1.000
 10485.2 1.000
 10485.3 0.999
 10485.4 0.999
 10485.5 0.999
 10485.6 1.000
 10485.7 0.999
 10485.8 0.999
 10485.9 0.999
 10486.0 0.993
 10486.1 0.913
 10486.2 0.739
 10486.3 0.739
 10486.4 0.911
 10486.5 0.986
 10486.6 0.989
 10486.7 0.995
 10486.8 0.999
 10486.9 0.997
 10487.0 0.994
 10487.1 0.995
 10487.2 0.998
 10487.3 0.999
 10487.4 1.000
 10487.5 1.000
 10487.6 0.999
 10487.7 0.999
 10487.8 1.000
 10487.9 1.000
 10488.0 1.000
 10488.1 1.000
 10488.2 1.000
 10488.3 0.999
 10488.4 0.998
 10488.5 0.998
 10488.6 0.993
 10488.7 0.993
 10488.8 0.997
 10488.9 0.999
 10489.0 0.999
 10489.1 1.000
 10489.2 0.998
 10489.3 0.993
 10489.4 0.993
 10489.5 0.998
 10489.6 1.000
 10489.7 1.000
 10489.8 0.999
 10489.9 0.998
 10490.0 0.998
 10490.1 0.995
 10490.2 0.988
 10490.3 0.991
 10490.4 0.997
 10490.5 0.996
 10490.6 0.993
 10490.7 0.995
 10490.8 0.997
 10490.9 0.995
 10491.0 0.996
 10491.1 0.999
 10491.2 1.000
 10491.3 1.000
 10491.4 1.000
 10491.5 1.000
 10491.6 1.000
 10491.7 1.000
 10491.8 1.000
 10491.9 0.999
 10492.0 0.999
 10492.1 0.997
 10492.2 0.997
 10492.3 0.997
 10492.4 0.987
 10492.5 0.981
 10492.6 0.992
 10492.7 0.999
 10492.8 1.000
 10492.9 1.000
 10493.0 0.998
 10493.1 0.994
 10493.2 0.994
 10493.3 0.998
 10493.4 1.000
 10493.5 0.999
 10493.6 0.999
 10493.7 1.000
 10493.8 1.000
 10493.9 1.000
 10494.0 1.000
 10494.1 1.000
 10494.2 1.000
 10494.3 1.000
 10494.4 1.000
 10494.5 1.000
 10494.6 0.999
 10494.7 0.999
 10494.8 1.000
 10494.9 0.999
 10495.0 0.998
 10495.1 0.999
 10495.2 0.999
 10495.3 0.998
 10495.4 0.998
 10495.5 0.999
 10495.6 0.999
 10495.7 0.999
 10495.8 0.998
 10495.9 0.975
 10496.0 0.800
 10496.1 0.610
 10496.2 0.726
 10496.3 0.939
 10496.4 0.994
 10496.5 0.992
 10496.6 0.995
 10496.7 0.999
 10496.8 1.000
 10496.9 1.000
 10497.0 0.997
 10497.1 0.982
 10497.2 0.974
 10497.3 0.988
 10497.4 0.999
 10497.5 1.000
 10497.6 1.000
 10497.7 1.000
 10497.8 1.000
 10497.9 1.000
 10498.0 1.000
 10498.1 1.000
 10498.2 0.999
 10498.3 0.999
 10498.4 0.999
 10498.5 0.999
 10498.6 0.999
 10498.7 0.999
 10498.8 0.998
 10498.9 0.998
 10499.0 0.997
 10499.1 0.996
 10499.2 0.998
 10499.3 0.999
 10499.4 1.000
 10499.5 1.000
 10499.6 1.000
 10499.7 1.000
 10499.8 1.000
 10499.9 1.000
 10500.0 0.998
 10500.1 0.997
 10500.2 0.998
 10500.3 0.999
 10500.4 0.999
 10500.5 1.000
 10500.6 1.000
 10500.7 1.000
 10500.8 0.999
 10500.9 0.999
 10501.0 0.999
 10501.1 0.997
 10501.2 0.992
 10501.3 0.980
 10501.4 0.967
 10501.5 0.964
 10501.6 0.982
 10501.7 0.998
 10501.8 0.999
 10501.9 0.999
 10502.0 0.999
 10502.1 1.000
 10502.2 1.000
 10502.3 1.000
 10502.4 1.000
 10502.5 1.000
 10502.6 1.000
 10502.7 1.000
 10502.8 0.998
 10502.9 0.991
 10503.0 0.978
 10503.1 0.981
 10503.2 0.990
 10503.3 0.994
 10503.4 0.998
 10503.5 0.998
 10503.6 0.998
 10503.7 0.999
 10503.8 1.000
 10503.9 1.000
 10504.0 0.998
 10504.1 0.995
 10504.2 0.995
 10504.3 0.998
 10504.4 0.999
 10504.5 0.998
 10504.6 0.997
 10504.7 0.999
 10504.8 1.000
 10504.9 0.999
 10505.0 0.996
 10505.1 0.993
 10505.2 0.978
 10505.3 0.970
 10505.4 0.987
 10505.5 0.997
 10505.6 0.986
 10505.7 0.963
 10505.8 0.970
 10505.9 0.990
 10506.0 0.990
 10506.1 0.990
 10506.2 0.994
 10506.3 0.996
 10506.4 0.996
 10506.5 0.994
 10506.6 0.984
 10506.7 0.987
 10506.8 0.997
 10506.9 0.999
 10507.0 0.999
 10507.1 0.999
 10507.2 1.000
 10507.3 1.000
 10507.4 1.000
 10507.5 1.000
 10507.6 1.000
 10507.7 0.999
 10507.8 0.997
 10507.9 0.994
 10508.0 0.997
 10508.1 1.000
 10508.2 1.000
 10508.3 0.999
 10508.4 1.000
 10508.5 1.000
 10508.6 1.000
 10508.7 1.000
 10508.8 1.000
 10508.9 1.000
 10509.0 1.000
 10509.1 1.000
 10509.2 1.000
 10509.3 1.000
 10509.4 1.000
 10509.5 0.999
 10509.6 0.999
 10509.7 0.999
 10509.8 0.994
 10509.9 0.939
 10510.0 0.870
 10510.1 0.920
 10510.2 0.989
 10510.3 0.999
 10510.4 0.999
 10510.5 0.993
 10510.6 0.979
 10510.7 0.980
 10510.8 0.993
 10510.9 0.998
 10511.0 1.000
 10511.1 1.000
 10511.2 0.999
 10511.3 0.997
 10511.4 0.995
 10511.5 0.990
 10511.6 0.987
 10511.7 0.993
 10511.8 0.997
 10511.9 0.998
 10512.0 0.999
 10512.1 1.000
 10512.2 1.000
 10512.3 0.999
 10512.4 0.999
 10512.5 0.997
 10512.6 0.997
 10512.7 0.999
 10512.8 1.000
 10512.9 1.000
 10513.0 0.999
 10513.1 0.998
 10513.2 0.999
 10513.3 0.999
 10513.4 0.996
 10513.5 0.995
 10513.6 0.998
 10513.7 1.000
 10513.8 1.000
 10513.9 1.000
 10514.0 1.000
 10514.1 0.998
 10514.2 0.996
 10514.3 0.994
 10514.4 0.990
 10514.5 0.993
 10514.6 0.999
 10514.7 1.000
 10514.8 1.000
 10514.9 1.000
 10515.0 1.000
 10515.1 1.000
 10515.2 1.000
 10515.3 1.000
 10515.4 1.000
 10515.5 1.000
 10515.6 1.000
 10515.7 1.000
 10515.8 0.999
 10515.9 0.999
 10516.0 0.997
 10516.1 0.994
 10516.2 0.993
 10516.3 0.997
 10516.4 0.999
 10516.5 0.998
 10516.6 0.998
 10516.7 0.999
 10516.8 0.999
 10516.9 0.999
 10517.0 0.999
 10517.1 0.998
 10517.2 0.995
 10517.3 0.990
 10517.4 0.974
 10517.5 0.958
 10517.6 0.969
 10517.7 0.988
 10517.8 0.996
 10517.9 0.998
 10518.0 0.999
 10518.1 0.999
 10518.2 0.999
 10518.3 0.998
 10518.4 0.999
 10518.5 0.999
 10518.6 0.998
 10518.7 0.995
 10518.8 0.984
 10518.9 0.981
 10519.0 0.993
 10519.1 0.999
 10519.2 0.998
 10519.3 0.996
 10519.4 0.997
 10519.5 0.996
 10519.6 0.998
 10519.7 1.000
 10519.8 1.000
 10519.9 1.000
 10520.0 1.000
 10520.1 1.000
 10520.2 1.000
 10520.3 1.000
 10520.4 0.999
 10520.5 0.999
 10520.6 0.999
 10520.7 1.000
 10520.8 1.000
 10520.9 0.998
 10521.0 0.996
 10521.1 0.996
 10521.2 0.996
 10521.3 0.998
 10521.4 1.000
 10521.5 0.999
 10521.6 0.998
 10521.7 0.994
 10521.8 0.994
 10521.9 0.998
 10522.0 0.999
 10522.1 0.999
 10522.2 0.999
 10522.3 0.999
 10522.4 0.996
 10522.5 0.993
 10522.6 0.993
 10522.7 0.998
 10522.8 1.000
 10522.9 1.000
 10523.0 1.000
 10523.1 1.000
 10523.2 0.999
 10523.3 0.997
 10523.4 0.996
 10523.5 0.998
 10523.6 0.999
 10523.7 1.000
 10523.8 1.000
 10523.9 1.000
 10524.0 0.999
 10524.1 0.999
 10524.2 0.999
 10524.3 1.000
 10524.4 0.999
 10524.5 0.998
 10524.6 0.999
 10524.7 1.000
 10524.8 1.000
 10524.9 1.000
 10525.0 0.999
 10525.1 0.995
 10525.2 0.992
 10525.3 0.984
 10525.4 0.983
 10525.5 0.994
 10525.6 0.999
 10525.7 1.000
 10525.8 1.000
 10525.9 1.000
 10526.0 1.000
 10526.1 0.999
 10526.2 0.996
 10526.3 0.996
 10526.4 0.999
 10526.5 0.999
 10526.6 0.994
 10526.7 0.990
 10526.8 0.995
 10526.9 0.995
 10527.0 0.987
 10527.1 0.985
 10527.2 0.993
 10527.3 0.999
 10527.4 1.000
 10527.5 1.000
 10527.6 1.000
 10527.7 1.000
 10527.8 1.000
 10527.9 0.999
 10528.0 0.997
 10528.1 0.990
 10528.2 0.991
 10528.3 0.998
 10528.4 1.000
 10528.5 1.000
 10528.6 1.000
 10528.7 1.000
 10528.8 1.000
 10528.9 1.000
 10529.0 1.000
 10529.1 1.000
 10529.2 0.999
 10529.3 0.998
 10529.4 0.987
 10529.5 0.973
 10529.6 0.979
 10529.7 0.994
 10529.8 0.999
 10529.9 0.999
 10530.0 0.999
 10530.1 0.999
 10530.2 0.998
 10530.3 0.986
 10530.4 0.920
 10530.5 0.842
 10530.6 0.887
 10530.7 0.974
 10530.8 0.995
 10530.9 0.998
 10531.0 0.999
 10531.1 0.999
 10531.2 0.999
 10531.3 0.999
 10531.4 0.999
 10531.5 0.998
 10531.6 0.997
 10531.7 0.992
 10531.8 0.991
 10531.9 0.992
 10532.0 0.966
 10532.1 0.786
 10532.2 0.583
 10532.3 0.633
 10532.4 0.858
 10532.5 0.985
 10532.6 0.995
 10532.7 0.997
 10532.8 0.998
 10532.9 0.999
 10533.0 0.999
 10533.1 0.999
 10533.2 0.999
 10533.3 0.999
 10533.4 0.999
 10533.5 0.999
 10533.6 0.998
 10533.7 0.997
 10533.8 0.987
 10533.9 0.975
 10534.0 0.983
 10534.1 0.986
 10534.2 0.981
 10534.3 0.987
 10534.4 0.990
 10534.5 0.994
 10534.6 0.999
 10534.7 0.999
 10534.8 0.999
 10534.9 0.999
 10535.0 0.999
 10535.1 0.999
 10535.2 0.998
 10535.3 0.997
 10535.4 0.994
 10535.5 0.980
 10535.6 0.916
 10535.7 0.851
 10535.8 0.899
 10535.9 0.964
 10536.0 0.972
 10536.1 0.982
 10536.2 0.995
 10536.3 0.998
 10536.4 0.998
 10536.5 0.998
 10536.6 0.998
 10536.7 0.998
 10536.8 0.999
 10536.9 1.000
 10537.0 0.999
 10537.1 0.999
 10537.2 1.000
 10537.3 1.000
 10537.4 0.999
 10537.5 0.999
 10537.6 0.999
 10537.7 0.999
 10537.8 0.999
 10537.9 0.999
 10538.0 0.998
 10538.1 0.994
 10538.2 0.991
 10538.3 0.996
 10538.4 0.999
 10538.5 0.999
 10538.6 0.998
 10538.7 0.998
 10538.8 0.999
 10538.9 1.000
 10539.0 1.000
 10539.1 0.999
 10539.2 0.999
 10539.3 1.000
 10539.4 0.999
 10539.5 0.997
 10539.6 0.997
 10539.7 0.998
 10539.8 0.999
 10539.9 1.000
 10540.0 1.000
 10540.1 1.000
 10540.2 1.000
 10540.3 1.000
 10540.4 1.000
 10540.5 1.000
 10540.6 0.999
 10540.7 1.000
 10540.8 1.000
 10540.9 0.999
 10541.0 0.997
 10541.1 0.993
 10541.2 0.989
 10541.3 0.990
 10541.4 0.994
 10541.5 0.998
 10541.6 0.999
 10541.7 0.999
 10541.8 0.996
 10541.9 0.982
 10542.0 0.976
 10542.1 0.989
 10542.2 0.998
 10542.3 1.000
 10542.4 1.000
 10542.5 1.000
 10542.6 0.999
 10542.7 0.998
 10542.8 0.998
 10542.9 0.994
 10543.0 0.990
 10543.1 0.994
 10543.2 0.998
 10543.3 0.998
 10543.4 0.997
 10543.5 0.987
 10543.6 0.978
 10543.7 0.989
 10543.8 0.999
 10543.9 1.000
 10544.0 1.000
 10544.1 1.000
 10544.2 1.000
 10544.3 1.000
 10544.4 1.000
 10544.5 1.000
 10544.6 1.000
 10544.7 0.999
 10544.8 0.999
 10544.9 0.999
 10545.0 0.999
 10545.1 0.999
 10545.2 1.000
 10545.3 0.999
 10545.4 0.999
 10545.5 1.000
 10545.6 1.000
 10545.7 1.000
 10545.8 1.000
 10545.9 1.000
 10546.0 1.000
 10546.1 1.000
 10546.2 1.000
 10546.3 0.997
 10546.4 0.992
 10546.5 0.991
 10546.6 0.995
 10546.7 0.999
 10546.8 1.000
 10546.9 1.000
 10547.0 1.000
 10547.1 1.000
 10547.2 1.000
 10547.3 1.000
 10547.4 1.000
 10547.5 1.000
 10547.6 1.000
 10547.7 1.000
 10547.8 1.000
 10547.9 1.000
 10548.0 1.000
 10548.1 1.000
 10548.2 0.999
 10548.3 0.999
 10548.4 0.999
 10548.5 1.000
 10548.6 1.000
 10548.7 1.000
 10548.8 1.000
 10548.9 1.000
 10549.0 0.999
 10549.1 0.999
 10549.2 1.000
 10549.3 1.000
 10549.4 0.999
 10549.5 0.999
 10549.6 0.999
 10549.7 0.999
 10549.8 1.000
 10549.9 0.999
 10550.0 0.992
 10550.1 0.985
 10550.2 0.992
 10550.3 0.999
 10550.4 1.000
 10550.5 1.000
 10550.6 1.000
 10550.7 1.000
 10550.8 0.999
 10550.9 0.994
 10551.0 0.993
 10551.1 0.997
 10551.2 1.000
 10551.3 1.000
 10551.4 1.000
 10551.5 1.000
 10551.6 0.998
 10551.7 0.990
 10551.8 0.989
 10551.9 0.997
 10552.0 1.000
 10552.1 1.000
 10552.2 1.000
 10552.3 1.000
 10552.4 0.999
 10552.5 0.999
 10552.6 1.000
 10552.7 1.000
 10552.8 0.995
 10552.9 0.971
 10553.0 0.962
 10553.1 0.986
 10553.2 0.999
 10553.3 1.000
 10553.4 0.999
 10553.5 0.999
 10553.6 1.000
 10553.7 1.000
 10553.8 0.999
 10553.9 0.999
 10554.0 0.999
 10554.1 0.999
 10554.2 0.999
 10554.3 0.999
 10554.4 1.000
 10554.5 1.000
 10554.6 1.000
 10554.7 0.999
 10554.8 0.997
 10554.9 0.996
 10555.0 0.998
 10555.1 0.999
 10555.2 0.999
 10555.3 0.999
 10555.4 0.997
 10555.5 0.970
 10555.6 0.900
 10555.7 0.901
 10555.8 0.971
 10555.9 0.996
 10556.0 0.999
 10556.1 0.998
 10556.2 0.998
 10556.3 0.998
 10556.4 0.996
 10556.5 0.998
 10556.6 0.999
 10556.7 0.999
 10556.8 0.999
 10556.9 0.998
 10557.0 0.999
 10557.1 0.999
 10557.2 1.000
 10557.3 0.999
 10557.4 0.991
 10557.5 0.978
 10557.6 0.984
 10557.7 0.997
 10557.8 0.999
 10557.9 0.998
 10558.0 0.998
 10558.1 0.995
 10558.2 0.983
 10558.3 0.957
 10558.4 0.927
 10558.5 0.941
 10558.6 0.981
 10558.7 0.992
 10558.8 0.982
 10558.9 0.980
 10559.0 0.991
 10559.1 0.996
 10559.2 0.998
 10559.3 0.997
 10559.4 0.995
 10559.5 0.997
 10559.6 0.999
 10559.7 1.000
 10559.8 1.000
 10559.9 1.000
 10560.0 1.000
 10560.1 1.000
 10560.2 1.000
 10560.3 0.999
 10560.4 0.998
 10560.5 0.998
 10560.6 0.997
 10560.7 0.993
 10560.8 0.991
 10560.9 0.991
 10561.0 0.996
 10561.1 0.999
 10561.2 1.000
 10561.3 1.000
 10561.4 0.999
 10561.5 0.999
 10561.6 0.999
 10561.7 0.998
 10561.8 0.999
 10561.9 1.000
 10562.0 1.000
 10562.1 1.000
 10562.2 1.000
 10562.3 1.000
 10562.4 0.999
 10562.5 0.998
 10562.6 0.998
 10562.7 1.000
 10562.8 1.000
 10562.9 1.000
 10563.0 1.000
 10563.1 1.000
 10563.2 0.999
 10563.3 0.998
 10563.4 0.999
 10563.5 0.999
 10563.6 0.995
 10563.7 0.992
 10563.8 0.995
 10563.9 0.997
 10564.0 0.998
 10564.1 0.999
 10564.2 1.000
 10564.3 0.999
 10564.4 0.999
 10564.5 1.000
 10564.6 1.000
 10564.7 0.999
 10564.8 0.997
 10564.9 0.987
 10565.0 0.982
 10565.1 0.993
 10565.2 0.998
 10565.3 0.993
 10565.4 0.989
 10565.5 0.995
 10565.6 0.999
 10565.7 0.999
 10565.8 0.993
 10565.9 0.975
 10566.0 0.970
 10566.1 0.986
 10566.2 0.996
 10566.3 0.999
 10566.4 0.999
 10566.5 1.000
 10566.6 1.000
 10566.7 1.000
 10566.8 1.000
 10566.9 0.999
 10567.0 0.999
 10567.1 0.999
 10567.2 1.000
 10567.3 0.999
 10567.4 0.997
 10567.5 0.992
 10567.6 0.982
 10567.7 0.982
 10567.8 0.995
 10567.9 0.999
 10568.0 0.995
 10568.1 0.989
 10568.2 0.992
 10568.3 0.998
 10568.4 1.000
 10568.5 1.000
 10568.6 1.000
 10568.7 0.997
 10568.8 0.990
 10568.9 0.991
 10569.0 0.998
 10569.1 1.000
 10569.2 1.000
 10569.3 1.000
 10569.4 1.000
 10569.5 0.995
 10569.6 0.982
 10569.7 0.979
 10569.8 0.992
 10569.9 0.996
 10570.0 0.986
 10570.1 0.980
 10570.2 0.990
 10570.3 0.997
 10570.4 0.998
 10570.5 0.998
 10570.6 0.998
 10570.7 0.999
 10570.8 1.000
 10570.9 1.000
 10571.0 1.000
 10571.1 0.999
 10571.2 0.988
 10571.3 0.976
 10571.4 0.985
 10571.5 0.997
 10571.6 0.999
 10571.7 0.999
 10571.8 0.999
 10571.9 0.999
 10572.0 0.997
 10572.1 0.988
 10572.2 0.974
 10572.3 0.973
 10572.4 0.986
 10572.5 0.995
 10572.6 0.998
 10572.7 0.998
 10572.8 0.999
 10572.9 0.999
 10573.0 1.000
 10573.1 1.000
 10573.2 0.999
 10573.3 0.999
 10573.4 1.000
 10573.5 1.000
 10573.6 1.000
 10573.7 1.000
 10573.8 1.000
 10573.9 1.000
 10574.0 1.000
 10574.1 0.999
 10574.2 0.998
 10574.3 0.999
 10574.4 1.000
 10574.5 1.000
 10574.6 1.000
 10574.7 1.000
 10574.8 0.999
 10574.9 0.995
 10575.0 0.992
 10575.1 0.995
 10575.2 0.999
 10575.3 1.000
 10575.4 1.000
 10575.5 0.999
 10575.6 0.998
 10575.7 0.999
 10575.8 1.000
 10575.9 1.000
 10576.0 0.999
 10576.1 0.999
 10576.2 0.999
 10576.3 1.000
 10576.4 1.000
 10576.5 1.000
 10576.6 0.999
 10576.7 0.999
 10576.8 0.999
 10576.9 0.996
 10577.0 0.943
 10577.1 0.826
 10577.2 0.841
 10577.3 0.956
 10577.4 0.997
 10577.5 0.999
 10577.6 0.999
 10577.7 0.999
 10577.8 1.000
 10577.9 1.000
 10578.0 1.000
 10578.1 1.000
 10578.2 1.000
 10578.3 1.000
 10578.4 0.999
 10578.5 1.000
 10578.6 1.000
 10578.7 0.999
 10578.8 1.000
 10578.9 1.000
 10579.0 1.000
 10579.1 0.999
 10579.2 0.994
 10579.3 0.980
 10579.4 0.978
 10579.5 0.993
 10579.6 0.999
 10579.7 1.000
 10579.8 1.000
 10579.9 0.999
 10580.0 0.999
 10580.1 0.998
 10580.2 0.992
 10580.3 0.992
 10580.4 0.998
 10580.5 1.000
 10580.6 0.998
 10580.7 0.994
 10580.8 0.995
 10580.9 0.998
 10581.0 0.999
 10581.1 0.999
 10581.2 0.999
 10581.3 0.997
 10581.4 0.990
 10581.5 0.969
 10581.6 0.960
 10581.7 0.980
 10581.8 0.992
 10581.9 0.988
 10582.0 0.964
 10582.1 0.912
 10582.2 0.904
 10582.3 0.954
 10582.4 0.984
 10582.5 0.990
 10582.6 0.991
 10582.7 0.991
 10582.8 0.991
 10582.9 0.990
 10583.0 0.989
 10583.1 0.988
 10583.2 0.987
 10583.3 0.984
 10583.4 0.979
 10583.5 0.977
 10583.6 0.978
 10583.7 0.976
 10583.8 0.970
 10583.9 0.948
 10584.0 0.920
 10584.1 0.927
 10584.2 0.944
 10584.3 0.940
 10584.4 0.920
 10584.5 0.808
 10584.6 0.643
 10584.7 0.664
 10584.8 0.762
 10584.9 0.714
 10585.0 0.569
 10585.1 0.466
 10585.2 0.476
 10585.3 0.595
 10585.4 0.736
 10585.5 0.816
 10585.6 0.860
 10585.7 0.891
 10585.8 0.913
 10585.9 0.930
 10586.0 0.943
 10586.1 0.954
 10586.2 0.961
 10586.3 0.967
 10586.4 0.972
 10586.5 0.974
 10586.6 0.977
 10586.7 0.980
 10586.8 0.983
 10586.9 0.985
 10587.0 0.986
 10587.1 0.988
 10587.2 0.989
 10587.3 0.990
 10587.4 0.991
 10587.5 0.992
 10587.6 0.992
 10587.7 0.993
 10587.8 0.993
 10587.9 0.992
 10588.0 0.993
 10588.1 0.994
 10588.2 0.994
 10588.3 0.995
 10588.4 0.996
 10588.5 0.999
 10588.6 1.000
 10588.7 0.999
 10588.8 0.999
 10588.9 0.999
 10589.0 0.999
 10589.1 0.999
 10589.2 0.999
 10589.3 1.000
 10589.4 1.000
 10589.5 0.999
 10589.6 0.997
 10589.7 0.997
 10589.8 0.999
 10589.9 0.999
 10590.0 0.999
 10590.1 0.999
 10590.2 1.000
 10590.3 1.000
 10590.4 0.997
 10590.5 0.992
 10590.6 0.993
 10590.7 0.998
 10590.8 1.000
 10590.9 1.000
 10591.0 1.000
 10591.1 1.000
 10591.2 0.999
 10591.3 0.999
 10591.4 0.999
 10591.5 1.000
 10591.6 1.000
 10591.7 1.000
 10591.8 0.999
 10591.9 1.000
 10592.0 1.000
 10592.1 1.000
 10592.2 0.999
 10592.3 0.999
 10592.4 0.999
 10592.5 1.000
 10592.6 1.000
 10592.7 1.000
 10592.8 0.999
 10592.9 0.993
 10593.0 0.984
 10593.1 0.989
 10593.2 0.997
 10593.3 0.999
 10593.4 0.998
 10593.5 0.993
 10593.6 0.992
 10593.7 0.995
 10593.8 0.997
 10593.9 0.999
 10594.0 1.000
 10594.1 0.999
 10594.2 0.999
 10594.3 1.000
 10594.4 1.000
 10594.5 1.000
 10594.6 1.000
 10594.7 1.000
 10594.8 0.999
 10594.9 0.999
 10595.0 1.000
 10595.1 1.000
 10595.2 1.000
 10595.3 1.000
 10595.4 1.000
 10595.5 0.999
 10595.6 0.999
 10595.7 1.000
 10595.8 1.000
 10595.9 1.000
 10596.0 1.000
 10596.1 1.000
 10596.2 1.000
 10596.3 1.000
 10596.4 1.000
 10596.5 1.000
 10596.6 1.000
 10596.7 0.999
 10596.8 0.993
 10596.9 0.988
 10597.0 0.992
 10597.1 0.998
 10597.2 0.999
 10597.3 0.999
 10597.4 0.999
 10597.5 0.998
 10597.6 0.997
 10597.7 0.995
 10597.8 0.992
 10597.9 0.995
 10598.0 0.998
 10598.1 0.999
 10598.2 1.000
 10598.3 1.000
 10598.4 1.000
 10598.5 1.000
 10598.6 1.000
 10598.7 1.000
 10598.8 1.000
 10598.9 1.000
 10599.0 1.000
 10599.1 1.000
 10599.2 1.000
 10599.3 0.999
 10599.4 0.999
 10599.5 1.000
 10599.6 1.000
 10599.7 1.000
 10599.8 1.000
 10599.9 1.000
 10600.0 1.000
 10600.1 0.999
 10600.2 0.998
 10600.3 0.997
 10600.4 0.995
 10600.5 0.993
 10600.6 0.995
 10600.7 0.995
 10600.8 0.996
 10600.9 0.996
 10601.0 0.995
 10601.1 0.994
 10601.2 0.992
 10601.3 0.990
 10601.4 0.991
 10601.5 0.992
 10601.6 0.988
 10601.7 0.977
 10601.8 0.977
 10601.9 0.982
 10602.0 0.979
 10602.1 0.980
 10602.2 0.982
 10602.3 0.979
 10602.4 0.974
 10602.5 0.966
 10602.6 0.939
 10602.7 0.850
 10602.8 0.767
 10602.9 0.802
 10603.0 0.864
 10603.1 0.846
 10603.2 0.743
 10603.3 0.584
 10603.4 0.490
 10603.5 0.522
 10603.6 0.665
 10603.7 0.808
 10603.8 0.874
 10603.9 0.901
 10604.0 0.924
 10604.1 0.947
 10604.2 0.961
 10604.3 0.970
 10604.4 0.976
 10604.5 0.980
 10604.6 0.983
 10604.7 0.985
 10604.8 0.987
 10604.9 0.989
 10605.0 0.989
 10605.1 0.987
 10605.2 0.988
 10605.3 0.992
 10605.4 0.994
 10605.5 0.994
 10605.6 0.995
 10605.7 0.995
 10605.8 0.993
 10605.9 0.993
 10606.0 0.995
 10606.1 0.996
 10606.2 0.997
 10606.3 0.997
 10606.4 0.997
 10606.5 0.997
 10606.6 0.998
 10606.7 0.998
 10606.8 0.999
 10606.9 0.999
 10607.0 1.000
 10607.1 1.000
 10607.2 1.000
 10607.3 1.000
 10607.4 1.000
 10607.5 0.997
 10607.6 0.965
 10607.7 0.918
 10607.8 0.946
 10607.9 0.993
 10608.0 1.000
 10608.1 1.000
 10608.2 1.000
 10608.3 1.000
 10608.4 1.000
 10608.5 1.000
 10608.6 1.000
 10608.7 0.999
 10608.8 0.997
 10608.9 0.993
 10609.0 0.994
 10609.1 0.998
 10609.2 0.998
 10609.3 0.987
 10609.4 0.978
 10609.5 0.987
 10609.6 0.997
 10609.7 0.993
 10609.8 0.989
 10609.9 0.994
 10610.0 0.999
 10610.1 0.999
 10610.2 1.000
 10610.3 1.000
 10610.4 0.999
 10610.5 0.999
 10610.6 0.998
 10610.7 0.999
 10610.8 0.999
 10610.9 0.999
 10611.0 0.996
 10611.1 0.992
 10611.2 0.993
 10611.3 0.990
 10611.4 0.974
 10611.5 0.944
 10611.6 0.860
 10611.7 0.811
 10611.8 0.895
 10611.9 0.975
 10612.0 0.993
 10612.1 0.996
 10612.2 0.997
 10612.3 0.998
 10612.4 0.998
 10612.5 0.998
 10612.6 0.999
 10612.7 0.999
 10612.8 0.999
 10612.9 0.999
 10613.0 0.999
 10613.1 0.999
 10613.2 0.999
 10613.3 1.000
 10613.4 1.000
 10613.5 0.999
 10613.6 0.999
 10613.7 0.999
 10613.8 0.998
 10613.9 0.997
 10614.0 0.999
 10614.1 0.999
 10614.2 0.999
 10614.3 0.999
 10614.4 1.000
 10614.5 1.000
 10614.6 1.000
 10614.7 1.000
 10614.8 1.000
 10614.9 1.000
 10615.0 1.000
 10615.1 1.000
 10615.2 1.000
 10615.3 1.000
 10615.4 1.000
 10615.5 1.000
 10615.6 1.000
 10615.7 0.999
 10615.8 0.997
 10615.9 0.997
 10616.0 0.999
 10616.1 1.000
 10616.2 1.000
 10616.3 0.999
 10616.4 0.999
 10616.5 0.993
 10616.6 0.917
 10616.7 0.807
 10616.8 0.862
 10616.9 0.974
 10617.0 0.998
 10617.1 0.998
 10617.2 0.997
 10617.3 0.990
 10617.4 0.976
 10617.5 0.977
 10617.6 0.990
 10617.7 0.980
 10617.8 0.928
 10617.9 0.905
 10618.0 0.955
 10618.1 0.991
 10618.2 0.997
 10618.3 0.998
 10618.4 0.998
 10618.5 0.998
 10618.6 0.998
 10618.7 0.998
 10618.8 0.998
 10618.9 0.999
 10619.0 1.000
 10619.1 1.000
 10619.2 1.000
 10619.3 1.000
 10619.4 1.000
 10619.5 0.999
 10619.6 0.999
 10619.7 1.000
 10619.8 1.000
 10619.9 1.000
 10620.0 1.000
 10620.1 0.999
 10620.2 0.995
 10620.3 0.994
 10620.4 0.998
 10620.5 1.000
 10620.6 1.000
 10620.7 0.999
 10620.8 0.996
 10620.9 0.994
 10621.0 0.997
 10621.1 0.999
 10621.2 0.999
 10621.3 0.998
 10621.4 0.999
 10621.5 1.000
 10621.6 1.000
 10621.7 1.000
 10621.8 1.000
 10621.9 1.000
 10622.0 0.998
 10622.1 0.997
 10622.2 0.998
 10622.3 0.998
 10622.4 0.994
 10622.5 0.971
 10622.6 0.955
 10622.7 0.976
 10622.8 0.995
 10622.9 0.998
 10623.0 0.999
 10623.1 0.999
 10623.2 1.000
 10623.3 1.000
 10623.4 1.000
 10623.5 1.000
 10623.6 1.000
 10623.7 1.000
 10623.8 1.000
 10623.9 0.998
 10624.0 0.994
 10624.1 0.993
 10624.2 0.998
 10624.3 1.000
 10624.4 1.000
 10624.5 1.000
 10624.6 1.000
 10624.7 1.000
 10624.8 1.000
 10624.9 1.000
 10625.0 1.000
 10625.1 1.000
 10625.2 1.000
 10625.3 1.000
 10625.4 1.000
 10625.5 0.999
 10625.6 0.999
 10625.7 0.999
 10625.8 0.999
 10625.9 0.999
 10626.0 1.000
 10626.1 1.000
 10626.2 1.000
 10626.3 0.999
 10626.4 0.998
 10626.5 0.999
 10626.6 0.998
 10626.7 0.996
 10626.8 0.995
 10626.9 0.997
 10627.0 0.998
 10627.1 0.997
 10627.2 0.996
 10627.3 0.993
 10627.4 0.976
 10627.5 0.894
 10627.6 0.774
 10627.7 0.773
 10627.8 0.884
 10627.9 0.967
 10628.0 0.991
 10628.1 0.996
 10628.2 0.998
 10628.3 0.998
 10628.4 0.999
 10628.5 0.999
 10628.6 0.999
 10628.7 0.999
 10628.8 0.999
 10628.9 0.999
 10629.0 0.998
 10629.1 0.998
 10629.2 0.999
 10629.3 0.999
 10629.4 1.000
 10629.5 0.999
 10629.6 0.999
 10629.7 0.999
 10629.8 1.000
 10629.9 1.000
 10630.0 1.000
 10630.1 1.000
 10630.2 1.000
 10630.3 1.000
 10630.4 1.000
 10630.5 1.000
 10630.6 0.999
 10630.7 1.000
 10630.8 1.000
 10630.9 1.000
 10631.0 1.000
 10631.1 1.000
 10631.2 0.999
 10631.3 0.994
 10631.4 0.991
 10631.5 0.995
 10631.6 0.999
 10631.7 0.999
 10631.8 0.999
 10631.9 0.999
 10632.0 0.998
 10632.1 0.992
 10632.2 0.985
 10632.3 0.985
 10632.4 0.986
 10632.5 0.991
 10632.6 0.997
 10632.7 0.999
 10632.8 0.998
 10632.9 0.990
 10633.0 0.970
 10633.1 0.962
 10633.2 0.979
 10633.3 0.993
 10633.4 0.998
 10633.5 0.999
 10633.6 1.000
 10633.7 1.000
 10633.8 1.000
 10633.9 1.000
 10634.0 1.000
 10634.1 1.000
 10634.2 1.000
 10634.3 0.999
 10634.4 0.998
 10634.5 0.999
 10634.6 1.000
 10634.7 0.999
 10634.8 0.999
 10634.9 0.999
 10635.0 1.000
 10635.1 1.000
 10635.2 1.000
 10635.3 1.000
 10635.4 1.000
 10635.5 0.999
 10635.6 1.000
 10635.7 1.000
 10635.8 1.000
 10635.9 0.999
 10636.0 0.999
 10636.1 0.997
 10636.2 0.997
 10636.3 0.998
 10636.4 0.993
 10636.5 0.985
 10636.6 0.989
 10636.7 0.996
 10636.8 0.994
 10636.9 0.996
 10637.0 0.998
 10637.1 0.998
 10637.2 0.999
 10637.3 0.999
 10637.4 0.999
 10637.5 0.998
 10637.6 0.998
 10637.7 0.999
 10637.8 1.000
 10637.9 1.000
 10638.0 0.999
 10638.1 0.995
 10638.2 0.988
 10638.3 0.990
 10638.4 0.998
 10638.5 1.000
 10638.6 0.999
 10638.7 0.997
 10638.8 0.986
 10638.9 0.983
 10639.0 0.993
 10639.1 0.999
 10639.2 1.000
 10639.3 1.000
 10639.4 1.000
 10639.5 1.000
 10639.6 0.998
 10639.7 0.996
 10639.8 0.997
 10639.9 0.999
 10640.0 1.000
 10640.1 0.999
 10640.2 0.999
 10640.3 0.999
 10640.4 0.999
 10640.5 0.998
 10640.6 0.998
 10640.7 0.999
 10640.8 0.999
 10640.9 0.998
 10641.0 0.999
 10641.1 1.000
 10641.2 1.000
 10641.3 1.000
 10641.4 1.000
 10641.5 0.999
 10641.6 0.997
 10641.7 0.991
 10641.8 0.984
 10641.9 0.988
 10642.0 0.993
 10642.1 0.992
 10642.2 0.996
 10642.3 0.999
 10642.4 0.999
 10642.5 0.995
 10642.6 0.982
 10642.7 0.981
 10642.8 0.994
 10642.9 0.999
 10643.0 1.000
 10643.1 1.000
 10643.2 0.999
 10643.3 0.999
 10643.4 1.000
 10643.5 1.000
 10643.6 1.000
 10643.7 1.000
 10643.8 1.000
 10643.9 1.000
 10644.0 1.000
 10644.1 1.000
 10644.2 1.000
 10644.3 1.000
 10644.4 1.000
 10644.5 1.000
 10644.6 1.000
 10644.7 1.000
 10644.8 1.000
 10644.9 1.000
 10645.0 1.000
 10645.1 1.000
 10645.2 1.000
 10645.3 1.000
 10645.4 1.000
 10645.5 0.999
 10645.6 0.997
 10645.7 0.995
 10645.8 0.997
 10645.9 1.000
 10646.0 1.000
 10646.1 1.000
 10646.2 0.997
 10646.3 0.984
 10646.4 0.972
 10646.5 0.981
 10646.6 0.995
 10646.7 1.000
 10646.8 1.000
 10646.9 1.000
 10647.0 1.000
 10647.1 1.000
 10647.2 1.000
 10647.3 0.998
 10647.4 0.995
 10647.5 0.964
 10647.6 0.889
 10647.7 0.902
 10647.8 0.977
 10647.9 0.999
 10648.0 0.998
 10648.1 0.987
 10648.2 0.980
 10648.3 0.989
 10648.4 0.998
 10648.5 0.997
 10648.6 0.991
 10648.7 0.986
 10648.8 0.989
 10648.9 0.995
 10649.0 0.997
 10649.1 0.998
 10649.2 0.994
 10649.3 0.982
 10649.4 0.978
 10649.5 0.989
 10649.6 0.996
 10649.7 0.998
 10649.8 1.000
 10649.9 1.000
 10650.0 1.000
 10650.1 0.999
 10650.2 0.995
 10650.3 0.989
 10650.4 0.991
 10650.5 0.998
 10650.6 0.999
 10650.7 1.000
 10650.8 0.999
 10650.9 0.999
 10651.0 0.999
 10651.1 1.000
 10651.2 1.000
 10651.3 1.000
 10651.4 1.000
 10651.5 1.000
 10651.6 0.999
 10651.7 0.997
 10651.8 0.994
 10651.9 0.997
 10652.0 0.999
 10652.1 0.999
 10652.2 0.998
 10652.3 0.998
 10652.4 0.999
 10652.5 0.999
 10652.6 0.998
 10652.7 0.999
 10652.8 1.000
 10652.9 1.000
 10653.0 1.000
 10653.1 0.999
 10653.2 0.999
 10653.3 0.999
 10653.4 0.997
 10653.5 0.997
 10653.6 0.999
 10653.7 1.000
 10653.8 1.000
 10653.9 1.000
 10654.0 1.000
 10654.1 1.000
 10654.2 0.999
 10654.3 0.999
 10654.4 0.999
 10654.5 1.000
 10654.6 0.999
 10654.7 0.999
 10654.8 0.998
 10654.9 0.999
 10655.0 0.998
 10655.1 0.994
 10655.2 0.993
 10655.3 0.997
 10655.4 0.999
 10655.5 0.999
 10655.6 0.996
 10655.7 0.996
 10655.8 0.998
 10655.9 0.999
 10656.0 0.998
 10656.1 0.992
 10656.2 0.980
 10656.3 0.985
 10656.4 0.997
 10656.5 1.000
 10656.6 1.000
 10656.7 1.000
 10656.8 0.999
 10656.9 0.997
 10657.0 0.998
 10657.1 1.000
 10657.2 1.000
 10657.3 0.999
 10657.4 0.999
 10657.5 0.999
 10657.6 0.999
 10657.7 0.997
 10657.8 0.997
 10657.9 0.997
 10658.0 0.997
 10658.1 0.997
 10658.2 0.996
 10658.3 0.996
 10658.4 0.995
 10658.5 0.993
 10658.6 0.993
 10658.7 0.994
 10658.8 0.994
 10658.9 0.993
 10659.0 0.991
 10659.1 0.989
 10659.2 0.990
 10659.3 0.990
 10659.4 0.989
 10659.5 0.988
 10659.6 0.986
 10659.7 0.984
 10659.8 0.981
 10659.9 0.976
 10660.0 0.968
 10660.1 0.959
 10660.2 0.951
 10660.3 0.941
 10660.4 0.926
 10660.5 0.904
 10660.6 0.867
 10660.7 0.795
 10660.8 0.651
 10660.9 0.513
 10661.0 0.486
 10661.1 0.580
 10661.2 0.736
 10661.3 0.841
 10661.4 0.879
 10661.5 0.804
 10661.6 0.677
 10661.7 0.747
 10661.8 0.909
 10661.9 0.965
 10662.0 0.974
 10662.1 0.978
 10662.2 0.981
 10662.3 0.983
 10662.4 0.986
 10662.5 0.988
 10662.6 0.990
 10662.7 0.991
 10662.8 0.992
 10662.9 0.992
 10663.0 0.993
 10663.1 0.990
 10663.2 0.983
 10663.3 0.982
 10663.4 0.987
 10663.5 0.988
 10663.6 0.993
 10663.7 0.996
 10663.8 0.996
 10663.9 0.996
 10664.0 0.996
 10664.1 0.996
 10664.2 0.998
 10664.3 0.999
 10664.4 0.999
 10664.5 1.000
 10664.6 1.000
 10664.7 1.000
 10664.8 1.000
 10664.9 0.999
 10665.0 0.999
 10665.1 1.000
 10665.2 1.000
 10665.3 1.000
 10665.4 1.000
 10665.5 1.000
 10665.6 1.000
 10665.7 0.999
 10665.8 0.998
 10665.9 0.998
 10666.0 0.999
 10666.1 1.000
 10666.2 1.000
 10666.3 1.000
 10666.4 0.999
 10666.5 0.993
 10666.6 0.987
 10666.7 0.981
 10666.8 0.983
 10666.9 0.994
 10667.0 0.998
 10667.1 0.998
 10667.2 0.991
 10667.3 0.961
 10667.4 0.899
 10667.5 0.845
 10667.6 0.900
 10667.7 0.982
 10667.8 0.998
 10667.9 0.999
 10668.0 0.999
 10668.1 0.999
 10668.2 0.999
 10668.3 1.000
 10668.4 0.999
 10668.5 0.999
 10668.6 0.995
 10668.7 0.979
 10668.8 0.972
 10668.9 0.987
 10669.0 0.998
 10669.1 0.999
 10669.2 0.999
 10669.3 1.000
 10669.4 1.000
 10669.5 1.000
 10669.6 1.000
 10669.7 1.000
 10669.8 0.999
 10669.9 0.997
 10670.0 0.998
 10670.1 0.999
 10670.2 1.000
 10670.3 1.000
 10670.4 1.000
 10670.5 1.000
 10670.6 1.000
 10670.7 0.999
 10670.8 0.998
 10670.9 0.988
 10671.0 0.974
 10671.1 0.980
 10671.2 0.994
 10671.3 0.998
 10671.4 0.999
 10671.5 0.999
 10671.6 1.000
 10671.7 0.999
 10671.8 0.996
 10671.9 0.984
 10672.0 0.934
 10672.1 0.835
 10672.2 0.855
 10672.3 0.963
 10672.4 0.998
 10672.5 0.999
 10672.6 0.999
 10672.7 0.999
 10672.8 0.999
 10672.9 1.000
 10673.0 1.000
 10673.1 1.000
 10673.2 1.000
 10673.3 1.000
 10673.4 0.999
 10673.5 0.999
 10673.6 0.996
 10673.7 0.993
 10673.8 0.993
 10673.9 0.979
 10674.0 0.930
 10674.1 0.916
 10674.2 0.963
 10674.3 0.991
 10674.4 0.988
 10674.5 0.983
 10674.6 0.991
 10674.7 0.998
 10674.8 0.999
 10674.9 0.999
 10675.0 1.000
 10675.1 1.000
 10675.2 1.000
 10675.3 1.000
 10675.4 1.000
 10675.5 0.999
 10675.6 0.998
 10675.7 0.997
 10675.8 0.998
 10675.9 0.999
 10676.0 0.999
 10676.1 0.999
 10676.2 0.999
 10676.3 1.000
 10676.4 1.000
 10676.5 1.000
 10676.6 0.999
 10676.7 0.997
 10676.8 0.996
 10676.9 0.970
 10677.0 0.894
 10677.1 0.898
 10677.2 0.974
 10677.3 0.999
 10677.4 1.000
 10677.5 1.000
 10677.6 1.000
 10677.7 1.000
 10677.8 1.000
 10677.9 1.000
 10678.0 1.000
 10678.1 1.000
 10678.2 1.000
 10678.3 1.000
 10678.4 1.000
 10678.5 1.000
 10678.6 1.000
 10678.7 1.000
 10678.8 1.000
 10678.9 1.000
 10679.0 1.000
 10679.1 1.000
 10679.2 1.000
 10679.3 0.999
 10679.4 0.999
 10679.5 1.000
 10679.6 1.000
 10679.7 1.000
 10679.8 0.999
 10679.9 0.999
