 12900.0 0.631
 12900.1 0.802
 12900.2 0.901
 12900.3 0.933
 12900.4 0.951
 12900.5 0.962
 12900.6 0.965
 12900.7 0.959
 12900.8 0.947
 12900.9 0.932
 12901.0 0.921
 12901.1 0.903
 12901.2 0.888
 12901.3 0.908
 12901.4 0.950
 12901.5 0.976
 12901.6 0.989
 12901.7 0.993
 12901.8 0.994
 12901.9 0.995
 12902.0 0.995
 12902.1 0.996
 12902.2 0.996
 12902.3 0.996
 12902.4 0.997
 12902.5 0.997
 12902.6 0.997
 12902.7 0.997
 12902.8 0.997
 12902.9 0.997
 12903.0 0.997
 12903.1 0.998
 12903.2 0.998
 12903.3 0.996
 12903.4 0.986
 12903.5 0.970
 12903.6 0.972
 12903.7 0.989
 12903.8 0.998
 12903.9 0.999
 12904.0 0.999
 12904.1 0.998
 12904.2 0.998
 12904.3 0.999
 12904.4 1.000
 12904.5 1.000
 12904.6 1.000
 12904.7 1.000
 12904.8 1.000
 12904.9 1.000
 12905.0 1.000
 12905.1 1.000
 12905.2 1.000
 12905.3 0.999
 12905.4 1.000
 12905.5 1.000
 12905.6 1.000
 12905.7 1.000
 12905.8 0.999
 12905.9 0.999
 12906.0 0.999
 12906.1 0.999
 12906.2 0.998
 12906.3 0.998
 12906.4 0.999
 12906.5 0.999
 12906.6 0.999
 12906.7 0.999
 12906.8 0.999
 12906.9 0.999
 12907.0 0.994
 12907.1 0.978
 12907.2 0.960
 12907.3 0.964
 12907.4 0.983
 12907.5 0.994
 12907.6 0.994
 12907.7 0.993
 12907.8 0.989
 12907.9 0.985
 12908.0 0.980
 12908.1 0.966
 12908.2 0.959
 12908.3 0.973
 12908.4 0.989
 12908.5 0.991
 12908.6 0.988
 12908.7 0.981
 12908.8 0.952
 12908.9 0.857
 12909.0 0.732
 12909.1 0.701
 12909.2 0.805
 12909.3 0.923
 12909.4 0.973
 12909.5 0.984
 12909.6 0.987
 12909.7 0.986
 12909.8 0.976
 12909.9 0.913
 12910.0 0.792
 12910.1 0.728
 12910.2 0.809
 12910.3 0.926
 12910.4 0.981
 12910.5 0.991
 12910.6 0.995
 12910.7 0.996
 12910.8 0.997
 12910.9 0.997
 12911.0 0.997
 12911.1 0.998
 12911.2 0.998
 12911.3 0.999
 12911.4 0.999
 12911.5 0.999
 12911.6 0.999
 12911.7 0.999
 12911.8 0.999
 12911.9 0.999
 12912.0 0.999
 12912.1 0.999
 12912.2 0.999
 12912.3 0.999
 12912.4 0.999
 12912.5 0.999
 12912.6 0.999
 12912.7 0.999
 12912.8 0.999
 12912.9 0.999
 12913.0 0.999
 12913.1 0.999
 12913.2 0.999
 12913.3 0.998
 12913.4 0.989
 12913.5 0.970
 12913.6 0.967
 12913.7 0.985
 12913.8 0.997
 12913.9 0.999
 12914.0 0.999
 12914.1 0.999
 12914.2 0.999
 12914.3 0.993
 12914.4 0.980
 12914.5 0.977
 12914.6 0.989
 12914.7 0.998
 12914.8 0.999
 12914.9 1.000
 12915.0 1.000
 12915.1 0.999
 12915.2 0.999
 12915.3 0.990
 12915.4 0.960
 12915.5 0.933
 12915.6 0.945
 12915.7 0.979
 12915.8 0.997
 12915.9 0.999
 12916.0 0.999
 12916.1 0.999
 12916.2 0.999
 12916.3 0.999
 12916.4 0.999
 12916.5 0.999
 12916.6 0.999
 12916.7 0.998
 12916.8 0.997
 12916.9 0.995
 12917.0 0.983
 12917.1 0.956
 12917.2 0.942
 12917.3 0.959
 12917.4 0.981
 12917.5 0.992
 12917.6 0.995
 12917.7 0.997
 12917.8 0.997
 12917.9 0.998
 12918.0 0.999
 12918.1 0.998
 12918.2 0.993
 12918.3 0.980
 12918.4 0.977
 12918.5 0.988
 12918.6 0.997
 12918.7 0.999
 12918.8 0.999
 12918.9 0.999
 12919.0 0.999
 12919.1 0.999
 12919.2 0.999
 12919.3 0.998
 12919.4 0.997
 12919.5 0.995
 12919.6 0.988
 12919.7 0.943
 12919.8 0.836
 12919.9 0.769
 12920.0 0.838
 12920.1 0.945
 12920.2 0.989
 12920.3 0.995
 12920.4 0.997
 12920.5 0.998
 12920.6 0.999
 12920.7 0.999
 12920.8 0.999
 12920.9 0.999
 12921.0 0.999
 12921.1 0.999
 12921.2 0.994
 12921.3 0.981
 12921.4 0.976
 12921.5 0.985
 12921.6 0.987
 12921.7 0.960
 12921.8 0.939
 12921.9 0.955
 12922.0 0.986
 12922.1 0.997
 12922.2 0.999
 12922.3 0.999
 12922.4 0.999
 12922.5 1.000
 12922.6 1.000
 12922.7 1.000
 12922.8 1.000
 12922.9 1.000
 12923.0 1.000
 12923.1 1.000
 12923.2 1.000
 12923.3 1.000
 12923.4 1.000
 12923.5 1.000
 12923.6 1.000
 12923.7 1.000
 12923.8 1.000
 12923.9 1.000
 12924.0 1.000
 12924.1 1.000
 12924.2 0.999
 12924.3 0.997
 12924.4 0.981
 12924.5 0.957
 12924.6 0.956
 12924.7 0.969
 12924.8 0.974
 12924.9 0.982
 12925.0 0.995
 12925.1 0.999
 12925.2 1.000
 12925.3 1.000
 12925.4 1.000
 12925.5 0.999
 12925.6 0.999
 12925.7 0.999
 12925.8 1.000
 12925.9 1.000
 12926.0 1.000
 12926.1 0.999
 12926.2 1.000
 12926.3 1.000
 12926.4 1.000
 12926.5 1.000
 12926.6 1.000
 12926.7 1.000
 12926.8 0.999
 12926.9 0.999
 12927.0 0.999
 12927.1 0.999
 12927.2 0.997
 12927.3 0.986
 12927.4 0.959
 12927.5 0.950
 12927.6 0.972
 12927.7 0.994
 12927.8 0.998
 12927.9 0.994
 12928.0 0.976
 12928.1 0.962
 12928.2 0.973
 12928.3 0.992
 12928.4 0.997
 12928.5 0.996
 12928.6 0.997
 12928.7 0.998
 12928.8 0.999
 12928.9 0.998
 12929.0 0.997
 12929.1 0.997
 12929.2 0.998
 12929.3 0.999
 12929.4 0.999
 12929.5 0.999
 12929.6 0.996
 12929.7 0.989
 12929.8 0.987
 12929.9 0.992
 12930.0 0.998
 12930.1 0.998
 12930.2 0.998
 12930.3 0.997
 12930.4 0.998
 12930.5 0.998
 12930.6 0.999
 12930.7 0.999
 12930.8 0.999
 12930.9 0.999
 12931.0 0.999
 12931.1 0.999
 12931.2 0.999
 12931.3 0.999
 12931.4 0.999
 12931.5 0.998
 12931.6 0.997
 12931.7 0.997
 12931.8 0.998
 12931.9 0.998
 12932.0 0.995
 12932.1 0.979
 12932.2 0.932
 12932.3 0.894
 12932.4 0.917
 12932.5 0.968
 12932.6 0.993
 12932.7 0.996
 12932.8 0.993
 12932.9 0.984
 12933.0 0.977
 12933.1 0.983
 12933.2 0.993
 12933.3 0.997
 12933.4 0.998
 12933.5 0.999
 12933.6 0.999
 12933.7 0.999
 12933.8 0.999
 12933.9 0.999
 12934.0 0.999
 12934.1 0.998
 12934.2 0.997
 12934.3 0.997
 12934.4 0.995
 12934.5 0.988
 12934.6 0.977
 12934.7 0.974
 12934.8 0.985
 12934.9 0.994
 12935.0 0.997
 12935.1 0.998
 12935.2 0.998
 12935.3 0.999
 12935.4 0.998
 12935.5 0.998
 12935.6 0.999
 12935.7 0.999
 12935.8 0.999
 12935.9 0.997
 12936.0 0.996
 12936.1 0.997
 12936.2 0.995
 12936.3 0.992
 12936.4 0.993
 12936.5 0.995
 12936.6 0.994
 12936.7 0.988
 12936.8 0.953
 12936.9 0.853
 12937.0 0.766
 12937.1 0.809
 12937.2 0.919
 12937.3 0.981
 12937.4 0.993
 12937.5 0.996
 12937.6 0.997
 12937.7 0.998
 12937.8 0.999
 12937.9 0.999
 12938.0 0.999
 12938.1 0.999
 12938.2 0.999
 12938.3 0.999
 12938.4 0.999
 12938.5 0.999
 12938.6 1.000
 12938.7 1.000
 12938.8 1.000
 12938.9 1.000
 12939.0 1.000
 12939.1 1.000
 12939.2 0.999
 12939.3 0.998
 12939.4 0.987
 12939.5 0.967
 12939.6 0.967
 12939.7 0.986
 12939.8 0.997
 12939.9 0.997
 12940.0 0.997
 12940.1 0.999
 12940.2 0.999
 12940.3 1.000
 12940.4 1.000
 12940.5 1.000
 12940.6 1.000
 12940.7 1.000
 12940.8 0.999
 12940.9 0.999
 12941.0 0.999
 12941.1 0.999
 12941.2 0.999
 12941.3 0.999
 12941.4 0.991
 12941.5 0.970
 12941.6 0.962
 12941.7 0.979
 12941.8 0.996
 12941.9 0.999
 12942.0 1.000
 12942.1 1.000
 12942.2 1.000
 12942.3 1.000
 12942.4 1.000
 12942.5 1.000
 12942.6 1.000
 12942.7 1.000
 12942.8 1.000
 12942.9 1.000
 12943.0 1.000
 12943.1 1.000
 12943.2 1.000
 12943.3 1.000
 12943.4 1.000
 12943.5 1.000
 12943.6 1.000
 12943.7 0.999
 12943.8 0.991
 12943.9 0.972
 12944.0 0.966
 12944.1 0.982
 12944.2 0.996
 12944.3 0.999
 12944.4 1.000
 12944.5 1.000
 12944.6 1.000
 12944.7 0.999
 12944.8 0.998
 12944.9 0.985
 12945.0 0.965
 12945.1 0.966
 12945.2 0.986
 12945.3 0.998
 12945.4 1.000
 12945.5 1.000
 12945.6 1.000
 12945.7 1.000
 12945.8 1.000
 12945.9 1.000
 12946.0 0.999
 12946.1 0.999
 12946.2 0.999
 12946.3 0.997
 12946.4 0.985
 12946.5 0.968
 12946.6 0.971
 12946.7 0.989
 12946.8 0.997
 12946.9 0.997
 12947.0 0.996
 12947.1 0.997
 12947.2 0.999
 12947.3 1.000
 12947.4 1.000
 12947.5 1.000
 12947.6 1.000
 12947.7 1.000
 12947.8 1.000
 12947.9 1.000
 12948.0 1.000
 12948.1 1.000
 12948.2 1.000
 12948.3 0.999
 12948.4 0.993
 12948.5 0.974
 12948.6 0.961
 12948.7 0.974
 12948.8 0.994
 12948.9 0.999
 12949.0 0.999
 12949.1 0.998
 12949.2 0.992
 12949.3 0.989
 12949.4 0.994
 12949.5 0.998
 12949.6 1.000
 12949.7 1.000
 12949.8 0.999
 12949.9 0.999
 12950.0 0.998
 12950.1 0.997
 12950.2 0.998
 12950.3 0.999
 12950.4 0.999
 12950.5 0.996
 12950.6 0.988
 12950.7 0.976
 12950.8 0.954
 12950.9 0.944
 12951.0 0.963
 12951.1 0.989
 12951.2 0.998
 12951.3 0.999
 12951.4 0.999
 12951.5 0.999
 12951.6 0.999
 12951.7 0.999
 12951.8 0.999
 12951.9 0.999
 12952.0 0.998
 12952.1 0.996
 12952.2 0.985
 12952.3 0.980
 12952.4 0.987
 12952.5 0.989
 12952.6 0.984
 12952.7 0.987
 12952.8 0.995
 12952.9 0.998
 12953.0 0.999
 12953.1 1.000
 12953.2 1.000
 12953.3 1.000
 12953.4 1.000
 12953.5 1.000
 12953.6 1.000
 12953.7 1.000
 12953.8 0.999
 12953.9 0.999
 12954.0 1.000
 12954.1 1.000
 12954.2 1.000
 12954.3 1.000
 12954.4 1.000
 12954.5 1.000
 12954.6 1.000
 12954.7 1.000
 12954.8 1.000
 12954.9 0.999
 12955.0 0.995
 12955.1 0.979
 12955.2 0.969
 12955.3 0.980
 12955.4 0.992
 12955.5 0.979
 12955.6 0.965
 12955.7 0.973
 12955.8 0.992
 12955.9 0.998
 12956.0 0.999
 12956.1 1.000
 12956.2 1.000
 12956.3 1.000
 12956.4 1.000
 12956.5 0.999
 12956.6 0.999
 12956.7 0.999
 12956.8 1.000
 12956.9 1.000
 12957.0 1.000
 12957.1 0.999
 12957.2 0.998
 12957.3 0.999
 12957.4 1.000
 12957.5 1.000
 12957.6 1.000
 12957.7 1.000
 12957.8 1.000
 12957.9 1.000
 12958.0 0.999
 12958.1 0.993
 12958.2 0.979
 12958.3 0.975
 12958.4 0.988
 12958.5 0.998
 12958.6 1.000
 12958.7 1.000
 12958.8 1.000
 12958.9 1.000
 12959.0 1.000
 12959.1 1.000
 12959.2 1.000
 12959.3 1.000
 12959.4 1.000
 12959.5 1.000
 12959.6 1.000
 12959.7 1.000
 12959.8 1.000
 12959.9 1.000
 12960.0 1.000
 12960.1 1.000
 12960.2 1.000
 12960.3 1.000
 12960.4 1.000
 12960.5 1.000
 12960.6 1.000
 12960.7 1.000
 12960.8 1.000
 12960.9 1.000
 12961.0 1.000
 12961.1 0.999
 12961.2 0.999
 12961.3 1.000
 12961.4 1.000
 12961.5 1.000
 12961.6 1.000
 12961.7 1.000
 12961.8 1.000
 12961.9 1.000
 12962.0 0.999
 12962.1 0.999
 12962.2 0.998
 12962.3 0.998
 12962.4 0.999
 12962.5 1.000
 12962.6 1.000
 12962.7 1.000
 12962.8 1.000
 12962.9 1.000
 12963.0 0.999
 12963.1 0.999
 12963.2 1.000
 12963.3 1.000
 12963.4 1.000
 12963.5 1.000
 12963.6 1.000
 12963.7 0.999
 12963.8 0.999
 12963.9 0.999
 12964.0 0.998
 12964.1 0.990
 12964.2 0.976
 12964.3 0.976
 12964.4 0.989
 12964.5 0.997
 12964.6 0.999
 12964.7 1.000
 12964.8 1.000
 12964.9 1.000
 12965.0 1.000
 12965.1 1.000
 12965.2 1.000
 12965.3 1.000
 12965.4 0.999
 12965.5 0.997
 12965.6 0.991
 12965.7 0.990
 12965.8 0.995
 12965.9 0.999
 12966.0 1.000
 12966.1 1.000
 12966.2 1.000
 12966.3 1.000
 12966.4 1.000
 12966.5 1.000
 12966.6 1.000
 12966.7 1.000
 12966.8 1.000
 12966.9 1.000
 12967.0 0.997
 12967.1 0.990
 12967.2 0.987
 12967.3 0.992
 12967.4 0.998
 12967.5 1.000
 12967.6 1.000
 12967.7 1.000
 12967.8 1.000
 12967.9 1.000
 12968.0 1.000
 12968.1 1.000
 12968.2 1.000
 12968.3 1.000
 12968.4 1.000
 12968.5 1.000
 12968.6 1.000
 12968.7 1.000
 12968.8 1.000
 12968.9 1.000
 12969.0 1.000
 12969.1 1.000
 12969.2 1.000
 12969.3 1.000
 12969.4 1.000
 12969.5 1.000
 12969.6 1.000
 12969.7 1.000
 12969.8 1.000
 12969.9 0.999
 12970.0 0.998
 12970.1 0.997
 12970.2 0.997
 12970.3 0.992
 12970.4 0.976
 12970.5 0.963
 12970.6 0.973
 12970.7 0.990
 12970.8 0.998
 12970.9 0.999
 12971.0 0.998
 12971.1 0.997
 12971.2 0.997
 12971.3 0.986
 12971.4 0.967
 12971.5 0.967
 12971.6 0.987
 12971.7 0.998
 12971.8 1.000
 12971.9 1.000
 12972.0 1.000
 12972.1 1.000
 12972.2 1.000
 12972.3 1.000
 12972.4 1.000
 12972.5 1.000
 12972.6 1.000
 12972.7 1.000
 12972.8 1.000
 12972.9 1.000
 12973.0 1.000
 12973.1 1.000
 12973.2 1.000
 12973.3 1.000
 12973.4 0.999
 12973.5 0.999
 12973.6 0.999
 12973.7 0.999
 12973.8 0.999
 12973.9 0.999
 12974.0 0.999
 12974.1 0.999
 12974.2 0.998
 12974.3 0.997
 12974.4 0.997
 12974.5 0.997
 12974.6 0.996
 12974.7 0.989
 12974.8 0.976
 12974.9 0.973
 12975.0 0.984
 12975.1 0.992
 12975.2 0.992
 12975.3 0.990
 12975.4 0.985
 12975.5 0.962
 12975.6 0.887
 12975.7 0.776
 12975.8 0.699
 12975.9 0.676
 12976.0 0.686
 12976.1 0.757
 12976.2 0.873
 12976.3 0.959
 12976.4 0.984
 12976.5 0.991
 12976.6 0.993
 12976.7 0.995
 12976.8 0.996
 12976.9 0.997
 12977.0 0.997
 12977.1 0.998
 12977.2 0.998
 12977.3 0.997
 12977.4 0.997
 12977.5 0.998
 12977.6 0.998
 12977.7 0.999
 12977.8 0.999
 12977.9 0.998
 12978.0 0.990
 12978.1 0.969
 12978.2 0.960
 12978.3 0.977
 12978.4 0.995
 12978.5 0.998
 12978.6 0.998
 12978.7 0.998
 12978.8 0.999
 12978.9 0.999
 12979.0 0.999
 12979.1 0.999
 12979.2 0.998
 12979.3 0.994
 12979.4 0.988
 12979.5 0.988
 12979.6 0.993
 12979.7 0.996
 12979.8 0.997
 12979.9 0.998
 12980.0 0.999
 12980.1 0.999
 12980.2 0.999
 12980.3 0.998
 12980.4 0.992
 12980.5 0.970
 12980.6 0.955
 12980.7 0.967
 12980.8 0.987
 12980.9 0.993
 12981.0 0.977
 12981.1 0.961
 12981.2 0.970
 12981.3 0.991
 12981.4 0.999
 12981.5 0.999
 12981.6 0.998
 12981.7 0.990
 12981.8 0.978
 12981.9 0.978
 12982.0 0.990
 12982.1 0.997
 12982.2 0.999
 12982.3 0.999
 12982.4 0.999
 12982.5 1.000
 12982.6 1.000
 12982.7 1.000
 12982.8 1.000
 12982.9 0.999
 12983.0 0.998
 12983.1 0.998
 12983.2 0.998
 12983.3 0.999
 12983.4 0.999
 12983.5 0.999
 12983.6 0.999
 12983.7 0.999
 12983.8 0.999
 12983.9 0.999
 12984.0 1.000
 12984.1 1.000
 12984.2 1.000
 12984.3 1.000
 12984.4 1.000
 12984.5 1.000
 12984.6 1.000
 12984.7 1.000
 12984.8 1.000
 12984.9 1.000
 12985.0 1.000
 12985.1 1.000
 12985.2 1.000
 12985.3 0.999
 12985.4 0.996
 12985.5 0.979
 12985.6 0.951
 12985.7 0.947
 12985.8 0.972
 12985.9 0.994
 12986.0 0.999
 12986.1 1.000
 12986.2 1.000
 12986.3 1.000
 12986.4 1.000
 12986.5 1.000
 12986.6 0.999
 12986.7 0.999
 12986.8 0.999
 12986.9 0.999
 12987.0 0.999
 12987.1 0.999
 12987.2 0.998
 12987.3 0.993
 12987.4 0.963
 12987.5 0.909
 12987.6 0.897
 12987.7 0.945
 12987.8 0.987
 12987.9 0.997
 12988.0 0.999
 12988.1 0.999
 12988.2 0.999
 12988.3 1.000
 12988.4 1.000
 12988.5 1.000
 12988.6 1.000
 12988.7 1.000
 12988.8 1.000
 12988.9 1.000
 12989.0 1.000
 12989.1 1.000
 12989.2 1.000
 12989.3 1.000
 12989.4 1.000
 12989.5 1.000
 12989.6 1.000
 12989.7 1.000
 12989.8 1.000
 12989.9 1.000
 12990.0 1.000
 12990.1 1.000
 12990.2 1.000
 12990.3 1.000
 12990.4 1.000
 12990.5 0.999
 12990.6 0.998
 12990.7 0.990
 12990.8 0.970
 12990.9 0.966
 12991.0 0.983
 12991.1 0.997
 12991.2 1.000
 12991.3 1.000
 12991.4 1.000
 12991.5 1.000
 12991.6 1.000
 12991.7 1.000
 12991.8 1.000
 12991.9 1.000
 12992.0 1.000
 12992.1 1.000
 12992.2 1.000
 12992.3 1.000
 12992.4 1.000
 12992.5 1.000
 12992.6 0.999
 12992.7 0.998
 12992.8 0.998
 12992.9 0.998
 12993.0 0.999
 12993.1 0.999
 12993.2 0.998
 12993.3 0.995
 12993.4 0.982
 12993.5 0.965
 12993.6 0.969
 12993.7 0.989
 12993.8 0.998
 12993.9 1.000
 12994.0 1.000
 12994.1 1.000
 12994.2 1.000
 12994.3 1.000
 12994.4 1.000
 12994.5 1.000
 12994.6 1.000
 12994.7 1.000
 12994.8 1.000
 12994.9 1.000
 12995.0 1.000
 12995.1 1.000
 12995.2 1.000
 12995.3 1.000
 12995.4 1.000
 12995.5 0.999
 12995.6 0.998
 12995.7 0.988
 12995.8 0.969
 12995.9 0.964
 12996.0 0.972
 12996.1 0.966
 12996.2 0.965
 12996.3 0.983
 12996.4 0.997
 12996.5 0.999
 12996.6 1.000
 12996.7 1.000
 12996.8 1.000
 12996.9 1.000
 12997.0 1.000
 12997.1 1.000
 12997.2 1.000
 12997.3 1.000
 12997.4 0.999
 12997.5 0.991
 12997.6 0.972
 12997.7 0.965
 12997.8 0.981
 12997.9 0.996
 12998.0 0.998
 12998.1 0.991
 12998.2 0.974
 12998.3 0.970
 12998.4 0.985
 12998.5 0.997
 12998.6 1.000
 12998.7 1.000
 12998.8 1.000
 12998.9 1.000
 12999.0 0.999
 12999.1 0.999
 12999.2 1.000
 12999.3 1.000
 12999.4 1.000
 12999.5 1.000
 12999.6 1.000
 12999.7 0.999
 12999.8 0.999
 12999.9 0.998
 13000.0 0.999
 13000.1 0.999
 13000.2 1.000
 13000.3 1.000
 13000.4 1.000
 13000.5 0.999
 13000.6 0.999
 13000.7 0.998
 13000.8 0.997
 13000.9 0.996
 13001.0 0.997
 13001.1 0.995
 13001.2 0.978
 13001.3 0.935
 13001.4 0.907
 13001.5 0.933
 13001.6 0.977
 13001.7 0.993
 13001.8 0.992
 13001.9 0.988
 13002.0 0.984
 13002.1 0.976
 13002.2 0.972
 13002.3 0.981
 13002.4 0.993
 13002.5 0.998
 13002.6 0.999
 13002.7 0.999
 13002.8 0.999
 13002.9 0.999
 13003.0 0.999
 13003.1 1.000
 13003.2 0.999
 13003.3 0.999
 13003.4 0.998
 13003.5 0.998
 13003.6 0.999
 13003.7 1.000
 13003.8 1.000
 13003.9 1.000
 13004.0 0.999
 13004.1 0.996
 13004.2 0.980
 13004.3 0.962
 13004.4 0.967
 13004.5 0.989
 13004.6 0.998
 13004.7 0.999
 13004.8 0.999
 13004.9 0.999
 13005.0 0.999
 13005.1 0.996
 13005.2 0.977
 13005.3 0.943
 13005.4 0.938
 13005.5 0.969
 13005.6 0.993
 13005.7 0.998
 13005.8 0.999
 13005.9 0.999
 13006.0 0.999
 13006.1 0.999
 13006.2 0.999
 13006.3 0.998
 13006.4 0.996
 13006.5 0.979
 13006.6 0.936
 13006.7 0.905
 13006.8 0.926
 13006.9 0.966
 13007.0 0.984
 13007.1 0.989
 13007.2 0.995
 13007.3 0.994
 13007.4 0.986
 13007.5 0.986
 13007.6 0.993
 13007.7 0.998
 13007.8 0.999
 13007.9 0.999
 13008.0 0.999
 13008.1 0.999
 13008.2 1.000
 13008.3 1.000
 13008.4 1.000
 13008.5 1.000
 13008.6 1.000
 13008.7 1.000
 13008.8 1.000
 13008.9 1.000
 13009.0 1.000
 13009.1 1.000
 13009.2 1.000
 13009.3 1.000
 13009.4 0.999
 13009.5 0.999
 13009.6 0.999
 13009.7 0.999
 13009.8 0.999
 13009.9 0.998
 13010.0 0.991
 13010.1 0.970
 13010.2 0.955
 13010.3 0.954
 13010.4 0.966
 13010.5 0.985
 13010.6 0.996
 13010.7 0.998
 13010.8 0.998
 13010.9 0.997
 13011.0 0.991
 13011.1 0.962
 13011.2 0.915
 13011.3 0.905
 13011.4 0.943
 13011.5 0.977
 13011.6 0.976
 13011.7 0.899
 13011.8 0.746
 13011.9 0.657
 13012.0 0.756
 13012.1 0.908
 13012.2 0.980
 13012.3 0.992
 13012.4 0.995
 13012.5 0.997
 13012.6 0.998
 13012.7 0.998
 13012.8 0.999
 13012.9 0.999
 13013.0 0.999
 13013.1 0.999
 13013.2 0.999
 13013.3 0.999
 13013.4 0.999
 13013.5 0.999
 13013.6 0.999
 13013.7 0.999
 13013.8 0.999
 13013.9 0.999
 13014.0 0.997
 13014.1 0.997
 13014.2 0.998
 13014.3 0.999
 13014.4 1.000
 13014.5 0.999
 13014.6 0.999
 13014.7 0.997
 13014.8 0.995
 13014.9 0.996
 13015.0 0.998
 13015.1 0.999
 13015.2 0.999
 13015.3 0.999
 13015.4 0.998
 13015.5 0.995
 13015.6 0.992
 13015.7 0.993
 13015.8 0.997
 13015.9 0.999
 13016.0 1.000
 13016.1 1.000
 13016.2 1.000
 13016.3 1.000
 13016.4 1.000
 13016.5 1.000
 13016.6 1.000
 13016.7 1.000
 13016.8 1.000
 13016.9 1.000
 13017.0 1.000
 13017.1 1.000
 13017.2 1.000
 13017.3 1.000
 13017.4 1.000
 13017.5 1.000
 13017.6 1.000
 13017.7 1.000
 13017.8 1.000
 13017.9 1.000
 13018.0 1.000
 13018.1 1.000
 13018.2 1.000
 13018.3 1.000
 13018.4 1.000
 13018.5 0.999
 13018.6 0.999
 13018.7 0.994
 13018.8 0.970
 13018.9 0.941
 13019.0 0.947
 13019.1 0.979
 13019.2 0.996
 13019.3 0.998
 13019.4 0.997
 13019.5 0.997
 13019.6 0.998
 13019.7 0.999
 13019.8 1.000
 13019.9 1.000
 13020.0 1.000
 13020.1 1.000
 13020.2 0.999
 13020.3 0.998
 13020.4 0.999
 13020.5 0.999
 13020.6 1.000
 13020.7 0.997
 13020.8 0.985
 13020.9 0.973
 13021.0 0.979
 13021.1 0.994
 13021.2 0.999
 13021.3 1.000
 13021.4 1.000
 13021.5 1.000
 13021.6 1.000
 13021.7 1.000
 13021.8 0.999
 13021.9 0.999
 13022.0 0.999
 13022.1 0.999
 13022.2 0.999
 13022.3 0.999
 13022.4 0.999
 13022.5 0.999
 13022.6 0.999
 13022.7 1.000
 13022.8 1.000
 13022.9 1.000
 13023.0 1.000
 13023.1 1.000
 13023.2 1.000
 13023.3 1.000
 13023.4 1.000
 13023.5 1.000
 13023.6 1.000
 13023.7 1.000
 13023.8 0.999
 13023.9 0.999
 13024.0 0.998
 13024.1 0.998
 13024.2 0.999
 13024.3 1.000
 13024.4 1.000
 13024.5 1.000
 13024.6 1.000
 13024.7 1.000
 13024.8 1.000
 13024.9 1.000
 13025.0 1.000
 13025.1 0.999
 13025.2 0.996
 13025.3 0.985
 13025.4 0.980
 13025.5 0.988
 13025.6 0.998
 13025.7 1.000
 13025.8 1.000
 13025.9 1.000
 13026.0 1.000
 13026.1 1.000
 13026.2 1.000
 13026.3 1.000
 13026.4 0.999
 13026.5 0.999
 13026.6 1.000
 13026.7 1.000
 13026.8 1.000
 13026.9 1.000
 13027.0 1.000
 13027.1 1.000
 13027.2 1.000
 13027.3 1.000
 13027.4 1.000
 13027.5 0.997
 13027.6 0.984
 13027.7 0.966
 13027.8 0.970
 13027.9 0.989
 13028.0 0.998
 13028.1 0.999
 13028.2 1.000
 13028.3 1.000
 13028.4 1.000
 13028.5 1.000
 13028.6 1.000
 13028.7 1.000
 13028.8 1.000
 13028.9 1.000
 13029.0 0.999
 13029.1 0.999
 13029.2 0.999
 13029.3 0.997
 13029.4 0.993
 13029.5 0.990
 13029.6 0.991
 13029.7 0.995
 13029.8 0.998
 13029.9 0.999
 13030.0 0.999
 13030.1 0.999
 13030.2 0.999
 13030.3 0.999
 13030.4 0.998
 13030.5 0.998
 13030.6 0.997
 13030.7 0.994
 13030.8 0.988
 13030.9 0.983
 13031.0 0.985
 13031.1 0.991
 13031.2 0.996
 13031.3 0.997
 13031.4 0.998
 13031.5 0.998
 13031.6 0.995
 13031.7 0.978
 13031.8 0.960
 13031.9 0.967
 13032.0 0.988
 13032.1 0.997
 13032.2 0.998
 13032.3 0.997
 13032.4 0.997
 13032.5 0.996
 13032.6 0.996
 13032.7 0.995
 13032.8 0.992
 13032.9 0.982
 13033.0 0.972
 13033.1 0.971
 13033.2 0.967
 13033.3 0.923
 13033.4 0.805
 13033.5 0.681
 13033.6 0.673
 13033.7 0.793
 13033.8 0.915
 13033.9 0.968
 13034.0 0.982
 13034.1 0.988
 13034.2 0.992
 13034.3 0.994
 13034.4 0.995
 13034.5 0.996
 13034.6 0.997
 13034.7 0.997
 13034.8 0.998
 13034.9 0.998
 13035.0 0.998
 13035.1 0.998
 13035.2 0.995
 13035.3 0.991
 13035.4 0.991
 13035.5 0.996
 13035.6 0.999
 13035.7 0.999
 13035.8 0.998
 13035.9 0.997
 13036.0 0.997
 13036.1 0.998
 13036.2 0.999
 13036.3 0.999
 13036.4 0.999
 13036.5 0.999
 13036.6 1.000
 13036.7 1.000
 13036.8 1.000
 13036.9 1.000
 13037.0 1.000
 13037.1 0.999
 13037.2 0.999
 13037.3 0.998
 13037.4 0.998
 13037.5 0.999
 13037.6 0.999
 13037.7 1.000
 13037.8 0.999
 13037.9 0.997
 13038.0 0.988
 13038.1 0.981
 13038.2 0.987
 13038.3 0.997
 13038.4 0.999
 13038.5 1.000
 13038.6 1.000
 13038.7 1.000
 13038.8 1.000
 13038.9 0.999
 13039.0 0.999
 13039.1 0.999
 13039.2 0.999
 13039.3 0.998
 13039.4 0.996
 13039.5 0.989
 13039.6 0.980
 13039.7 0.981
 13039.8 0.990
 13039.9 0.996
 13040.0 0.998
 13040.1 0.999
 13040.2 0.999
 13040.3 0.999
 13040.4 0.999
 13040.5 0.992
 13040.6 0.973
 13040.7 0.965
 13040.8 0.980
 13040.9 0.996
 13041.0 0.998
 13041.1 0.990
 13041.2 0.979
 13041.3 0.981
 13041.4 0.993
 13041.5 0.998
 13041.6 0.991
 13041.7 0.972
 13041.8 0.965
 13041.9 0.981
 13042.0 0.996
 13042.1 0.999
 13042.2 1.000
 13042.3 1.000
 13042.4 1.000
 13042.5 1.000
 13042.6 1.000
 13042.7 1.000
 13042.8 1.000
 13042.9 1.000
 13043.0 1.000
 13043.1 1.000
 13043.2 1.000
 13043.3 1.000
 13043.4 1.000
 13043.5 0.999
 13043.6 0.998
 13043.7 0.994
 13043.8 0.989
 13043.9 0.986
 13044.0 0.986
 13044.1 0.987
 13044.2 0.989
 13044.3 0.993
 13044.4 0.997
 13044.5 0.999
 13044.6 1.000
 13044.7 1.000
 13044.8 1.000
 13044.9 1.000
 13045.0 1.000
 13045.1 1.000
 13045.2 1.000
 13045.3 1.000
 13045.4 1.000
 13045.5 1.000
 13045.6 1.000
 13045.7 1.000
 13045.8 1.000
 13045.9 1.000
 13046.0 1.000
 13046.1 1.000
 13046.2 1.000
 13046.3 1.000
 13046.4 1.000
 13046.5 1.000
 13046.6 1.000
 13046.7 0.999
 13046.8 0.999
 13046.9 0.999
 13047.0 1.000
 13047.1 1.000
 13047.2 1.000
 13047.3 1.000
 13047.4 1.000
 13047.5 0.999
 13047.6 0.999
 13047.7 0.998
 13047.8 0.997
 13047.9 0.996
 13048.0 0.984
 13048.1 0.968
 13048.2 0.966
 13048.3 0.976
 13048.4 0.984
 13048.5 0.992
 13048.6 0.998
 13048.7 0.999
 13048.8 0.999
 13048.9 1.000
 13049.0 1.000
 13049.1 1.000
 13049.2 0.999
 13049.3 0.999
 13049.4 0.999
 13049.5 0.999
 13049.6 0.997
 13049.7 0.983
 13049.8 0.965
 13049.9 0.969
 13050.0 0.989
 13050.1 0.999
 13050.2 1.000
 13050.3 1.000
 13050.4 1.000
 13050.5 1.000
 13050.6 1.000
 13050.7 0.999
 13050.8 0.999
 13050.9 0.996
 13051.0 0.983
 13051.1 0.969
 13051.2 0.974
 13051.3 0.992
 13051.4 0.999
 13051.5 0.999
 13051.6 0.999
 13051.7 0.999
 13051.8 0.999
 13051.9 0.999
 13052.0 0.999
 13052.1 0.999
 13052.2 0.999
 13052.3 1.000
 13052.4 1.000
 13052.5 1.000
 13052.6 1.000
 13052.7 1.000
 13052.8 0.999
 13052.9 0.999
 13053.0 1.000
 13053.1 1.000
 13053.2 1.000
 13053.3 1.000
 13053.4 1.000
 13053.5 1.000
 13053.6 1.000
 13053.7 1.000
 13053.8 1.000
 13053.9 1.000
 13054.0 1.000
 13054.1 1.000
 13054.2 1.000
 13054.3 1.000
 13054.4 1.000
 13054.5 1.000
 13054.6 1.000
 13054.7 1.000
 13054.8 1.000
 13054.9 1.000
 13055.0 1.000
 13055.1 1.000
 13055.2 1.000
 13055.3 1.000
 13055.4 1.000
 13055.5 1.000
 13055.6 1.000
 13055.7 1.000
 13055.8 1.000
 13055.9 1.000
 13056.0 1.000
 13056.1 1.000
 13056.2 1.000
 13056.3 1.000
 13056.4 1.000
 13056.5 1.000
 13056.6 1.000
 13056.7 1.000
 13056.8 1.000
 13056.9 1.000
 13057.0 0.999
 13057.1 0.999
 13057.2 0.999
 13057.3 0.998
 13057.4 0.995
 13057.5 0.989
 13057.6 0.984
 13057.7 0.963
 13057.8 0.916
 13057.9 0.897
 13058.0 0.934
 13058.1 0.979
 13058.2 0.995
 13058.3 0.998
 13058.4 0.998
 13058.5 0.999
 13058.6 0.999
 13058.7 0.999
 13058.8 1.000
 13058.9 1.000
 13059.0 1.000
 13059.1 1.000
 13059.2 0.999
 13059.3 0.999
 13059.4 0.999
 13059.5 0.999
 13059.6 1.000
 13059.7 1.000
 13059.8 1.000
 13059.9 1.000
 13060.0 1.000
 13060.1 1.000
 13060.2 1.000
 13060.3 1.000
 13060.4 1.000
 13060.5 1.000
 13060.6 1.000
 13060.7 1.000
 13060.8 0.999
 13060.9 0.993
 13061.0 0.972
 13061.1 0.961
 13061.2 0.975
 13061.3 0.994
 13061.4 0.999
 13061.5 0.999
 13061.6 0.999
 13061.7 0.999
 13061.8 0.997
 13061.9 0.992
 13062.0 0.989
 13062.1 0.992
 13062.2 0.997
 13062.3 0.999
 13062.4 1.000
 13062.5 1.000
 13062.6 1.000
 13062.7 1.000
 13062.8 1.000
 13062.9 1.000
 13063.0 1.000
 13063.1 1.000
 13063.2 1.000
 13063.3 0.999
 13063.4 0.996
 13063.5 0.978
 13063.6 0.963
 13063.7 0.971
 13063.8 0.991
 13063.9 0.999
 13064.0 1.000
 13064.1 1.000
 13064.2 0.999
 13064.3 0.998
 13064.4 0.998
 13064.5 0.998
 13064.6 0.994
 13064.7 0.990
 13064.8 0.992
 13064.9 0.998
 13065.0 0.999
 13065.1 0.998
 13065.2 0.991
 13065.3 0.987
 13065.4 0.991
 13065.5 0.998
 13065.6 1.000
 13065.7 1.000
 13065.8 1.000
 13065.9 1.000
 13066.0 0.999
 13066.1 0.999
 13066.2 0.999
 13066.3 0.998
 13066.4 0.989
 13066.5 0.970
 13066.6 0.966
 13066.7 0.983
 13066.8 0.997
 13066.9 1.000
 13067.0 1.000
 13067.1 1.000
 13067.2 1.000
 13067.3 1.000
 13067.4 1.000
 13067.5 1.000
 13067.6 1.000
 13067.7 1.000
 13067.8 1.000
 13067.9 1.000
 13068.0 0.999
 13068.1 0.998
 13068.2 0.998
 13068.3 0.999
 13068.4 1.000
 13068.5 1.000
 13068.6 1.000
 13068.7 1.000
 13068.8 1.000
 13068.9 1.000
 13069.0 1.000
 13069.1 1.000
 13069.2 1.000
 13069.3 0.999
 13069.4 0.999
 13069.5 1.000
 13069.6 1.000
 13069.7 1.000
 13069.8 1.000
 13069.9 1.000
 13070.0 1.000
 13070.1 1.000
 13070.2 1.000
 13070.3 0.999
 13070.4 1.000
 13070.5 1.000
 13070.6 0.998
 13070.7 0.988
 13070.8 0.970
 13070.9 0.970
 13071.0 0.987
 13071.1 0.998
 13071.2 1.000
 13071.3 1.000
 13071.4 1.000
 13071.5 1.000
 13071.6 1.000
 13071.7 1.000
 13071.8 1.000
 13071.9 1.000
 13072.0 1.000
 13072.1 1.000
 13072.2 0.999
 13072.3 0.999
 13072.4 1.000
 13072.5 1.000
 13072.6 1.000
 13072.7 0.999
 13072.8 0.999
 13072.9 1.000
 13073.0 1.000
 13073.1 1.000
 13073.2 1.000
 13073.3 1.000
 13073.4 1.000
 13073.5 0.999
 13073.6 0.994
 13073.7 0.976
 13073.8 0.964
 13073.9 0.976
 13074.0 0.993
 13074.1 0.998
 13074.2 0.999
 13074.3 0.999
 13074.4 0.999
 13074.5 0.999
 13074.6 0.995
 13074.7 0.979
 13074.8 0.965
 13074.9 0.973
 13075.0 0.992
 13075.1 0.999
 13075.2 0.999
 13075.3 0.999
 13075.4 0.999
 13075.5 0.999
 13075.6 0.999
 13075.7 0.999
 13075.8 0.999
 13075.9 0.997
 13076.0 0.984
 13076.1 0.962
 13076.2 0.959
 13076.3 0.980
 13076.4 0.995
 13076.5 0.997
 13076.6 0.997
 13076.7 0.995
 13076.8 0.993
 13076.9 0.988
 13077.0 0.961
 13077.1 0.846
 13077.2 0.693
 13077.3 0.662
 13077.4 0.795
 13077.5 0.921
 13077.6 0.959
 13077.7 0.974
 13077.8 0.990
 13077.9 0.996
 13078.0 0.997
 13078.1 0.996
 13078.2 0.987
 13078.3 0.968
 13078.4 0.962
 13078.5 0.979
 13078.6 0.995
 13078.7 0.999
 13078.8 0.999
 13078.9 0.999
 13079.0 0.998
 13079.1 0.997
 13079.2 0.998
 13079.3 0.999
 13079.4 1.000
 13079.5 1.000
 13079.6 1.000
 13079.7 1.000
 13079.8 1.000
 13079.9 0.999
 13080.0 0.997
 13080.1 0.984
 13080.2 0.972
 13080.3 0.978
 13080.4 0.993
 13080.5 0.999
 13080.6 1.000
 13080.7 1.000
 13080.8 1.000
 13080.9 1.000
 13081.0 1.000
 13081.1 1.000
 13081.2 1.000
 13081.3 1.000
 13081.4 1.000
 13081.5 1.000
 13081.6 1.000
 13081.7 1.000
 13081.8 1.000
 13081.9 1.000
 13082.0 1.000
 13082.1 1.000
 13082.2 1.000
 13082.3 1.000
 13082.4 1.000
 13082.5 1.000
 13082.6 1.000
 13082.7 0.997
 13082.8 0.987
 13082.9 0.981
 13083.0 0.987
 13083.1 0.997
 13083.2 0.999
 13083.3 1.000
 13083.4 1.000
 13083.5 1.000
 13083.6 1.000
 13083.7 0.999
 13083.8 0.999
 13083.9 0.999
 13084.0 0.999
 13084.1 0.999
 13084.2 0.999
 13084.3 0.997
 13084.4 0.983
 13084.5 0.964
 13084.6 0.950
 13084.7 0.936
 13084.8 0.932
 13084.9 0.945
 13085.0 0.957
 13085.1 0.971
 13085.2 0.990
 13085.3 0.998
 13085.4 0.999
 13085.5 0.999
 13085.6 0.999
 13085.7 0.999
 13085.8 0.998
 13085.9 0.997
 13086.0 0.995
 13086.1 0.994
 13086.2 0.986
 13086.3 0.954
 13086.4 0.921
 13086.5 0.931
 13086.6 0.970
 13086.7 0.993
 13086.8 0.997
 13086.9 0.998
 13087.0 0.999
 13087.1 0.999
 13087.2 0.999
 13087.3 0.999
 13087.4 0.999
 13087.5 0.999
 13087.6 0.996
 13087.7 0.979
 13087.8 0.961
 13087.9 0.968
 13088.0 0.989
 13088.1 0.998
 13088.2 0.999
 13088.3 1.000
 13088.4 0.999
 13088.5 0.999
 13088.6 1.000
 13088.7 1.000
 13088.8 1.000
 13088.9 1.000
 13089.0 1.000
 13089.1 1.000
 13089.2 1.000
 13089.3 0.999
 13089.4 0.999
 13089.5 0.999
 13089.6 1.000
 13089.7 1.000
 13089.8 1.000
 13089.9 1.000
 13090.0 1.000
 13090.1 1.000
 13090.2 1.000
 13090.3 1.000
 13090.4 1.000
 13090.5 1.000
 13090.6 1.000
 13090.7 1.000
 13090.8 0.999
 13090.9 0.998
 13091.0 0.997
 13091.1 0.998
 13091.2 0.999
 13091.3 1.000
 13091.4 1.000
 13091.5 1.000
 13091.6 1.000
 13091.7 0.999
 13091.8 0.994
 13091.9 0.988
 13092.0 0.981
 13092.1 0.968
 13092.2 0.965
 13092.3 0.981
 13092.4 0.996
 13092.5 0.999
 13092.6 1.000
 13092.7 1.000
 13092.8 1.000
 13092.9 1.000
 13093.0 1.000
 13093.1 1.000
 13093.2 1.000
 13093.3 1.000
 13093.4 1.000
 13093.5 1.000
 13093.6 1.000
 13093.7 1.000
 13093.8 1.000
 13093.9 1.000
 13094.0 1.000
 13094.1 1.000
 13094.2 1.000
 13094.3 1.000
 13094.4 1.000
 13094.5 1.000
 13094.6 1.000
 13094.7 1.000
 13094.8 1.000
 13094.9 1.000
 13095.0 1.000
 13095.1 1.000
 13095.2 1.000
 13095.3 1.000
 13095.4 1.000
 13095.5 1.000
 13095.6 1.000
 13095.7 1.000
 13095.8 1.000
 13095.9 1.000
 13096.0 1.000
 13096.1 1.000
 13096.2 1.000
 13096.3 1.000
 13096.4 1.000
 13096.5 1.000
 13096.6 1.000
 13096.7 1.000
 13096.8 1.000
 13096.9 1.000
 13097.0 1.000
 13097.1 1.000
 13097.2 1.000
 13097.3 1.000
 13097.4 0.999
 13097.5 0.999
 13097.6 1.000
 13097.7 1.000
 13097.8 1.000
 13097.9 1.000
 13098.0 1.000
 13098.1 0.999
 13098.2 0.997
 13098.3 0.993
 13098.4 0.993
 13098.5 0.995
 13098.6 0.994
 13098.7 0.984
 13098.8 0.967
 13098.9 0.961
 13099.0 0.975
 13099.1 0.991
 13099.2 0.996
 13099.3 0.997
 13099.4 0.997
 13099.5 0.996
 13099.6 0.994
 13099.7 0.989
 13099.8 0.979
 13099.9 0.977
 13100.0 0.988
 13100.1 0.997
 13100.2 0.999
 13100.3 0.999
 13100.4 0.999
 13100.5 0.999
 13100.6 0.999
 13100.7 0.999
 13100.8 0.999
 13100.9 0.999
 13101.0 0.999
 13101.1 0.999
 13101.2 0.999
 13101.3 0.999
 13101.4 0.999
 13101.5 0.998
 13101.6 0.997
 13101.7 0.996
 13101.8 0.991
 13101.9 0.980
 13102.0 0.967
 13102.1 0.966
 13102.2 0.978
 13102.3 0.990
 13102.4 0.995
 13102.5 0.997
 13102.6 0.998
 13102.7 0.998
 13102.8 0.999
 13102.9 0.999
 13103.0 0.999
 13103.1 0.998
 13103.2 0.997
 13103.3 0.998
 13103.4 0.999
 13103.5 0.999
 13103.6 0.999
 13103.7 0.999
 13103.8 0.999
 13103.9 0.999
 13104.0 0.999
 13104.1 0.998
 13104.2 0.992
 13104.3 0.975
 13104.4 0.943
 13104.5 0.922
 13104.6 0.932
 13104.7 0.961
 13104.8 0.985
 13104.9 0.995
 13105.0 0.996
 13105.1 0.995
 13105.2 0.996
 13105.3 0.999
 13105.4 0.999
 13105.5 0.999
 13105.6 0.999
 13105.7 0.999
 13105.8 0.998
 13105.9 0.999
 13106.0 0.999
 13106.1 1.000
 13106.2 1.000
 13106.3 1.000
 13106.4 1.000
 13106.5 0.998
 13106.6 0.989
 13106.7 0.979
 13106.8 0.982
 13106.9 0.994
 13107.0 0.999
 13107.1 0.999
 13107.2 1.000
 13107.3 1.000
 13107.4 1.000
 13107.5 0.999
 13107.6 0.995
 13107.7 0.988
 13107.8 0.973
 13107.9 0.963
 13108.0 0.972
 13108.1 0.991
 13108.2 0.998
 13108.3 0.999
 13108.4 0.999
 13108.5 1.000
 13108.6 1.000
 13108.7 1.000
 13108.8 1.000
 13108.9 1.000
 13109.0 1.000
 13109.1 1.000
 13109.2 1.000
 13109.3 1.000
 13109.4 1.000
 13109.5 1.000
 13109.6 1.000
 13109.7 1.000
 13109.8 1.000
 13109.9 1.000
 13110.0 1.000
 13110.1 0.999
 13110.2 0.993
 13110.3 0.984
 13110.4 0.984
 13110.5 0.993
 13110.6 0.999
 13110.7 1.000
 13110.8 1.000
 13110.9 1.000
 13111.0 1.000
 13111.1 1.000
 13111.2 1.000
 13111.3 1.000
 13111.4 1.000
 13111.5 1.000
 13111.6 1.000
 13111.7 1.000
 13111.8 1.000
 13111.9 0.999
 13112.0 0.999
 13112.1 0.998
 13112.2 0.998
 13112.3 0.998
 13112.4 0.998
 13112.5 0.992
 13112.6 0.981
 13112.7 0.978
 13112.8 0.987
 13112.9 0.996
 13113.0 0.998
 13113.1 0.999
 13113.2 0.997
 13113.3 0.989
 13113.4 0.968
 13113.5 0.961
 13113.6 0.978
 13113.7 0.994
 13113.8 0.992
 13113.9 0.982
 13114.0 0.981
 13114.1 0.989
 13114.2 0.988
 13114.3 0.978
 13114.4 0.981
 13114.5 0.993
 13114.6 0.999
 13114.7 1.000
 13114.8 1.000
 13114.9 1.000
 13115.0 1.000
 13115.1 1.000
 13115.2 1.000
 13115.3 1.000
 13115.4 1.000
 13115.5 1.000
 13115.6 1.000
 13115.7 1.000
 13115.8 1.000
 13115.9 0.999
 13116.0 0.999
 13116.1 0.996
 13116.2 0.992
 13116.3 0.991
 13116.4 0.995
 13116.5 0.998
 13116.6 0.998
 13116.7 0.998
 13116.8 0.998
 13116.9 0.997
 13117.0 0.994
 13117.1 0.992
 13117.2 0.992
 13117.3 0.994
 13117.4 0.996
 13117.5 0.997
 13117.6 0.997
 13117.7 0.997
 13117.8 0.997
 13117.9 0.997
 13118.0 0.998
 13118.1 0.998
 13118.2 0.998
 13118.3 0.999
 13118.4 0.999
 13118.5 0.999
 13118.6 0.999
 13118.7 0.999
 13118.8 0.999
 13118.9 0.999
 13119.0 0.999
 13119.1 1.000
 13119.2 0.999
 13119.3 0.993
 13119.4 0.983
 13119.5 0.976
 13119.6 0.975
 13119.7 0.973
 13119.8 0.972
 13119.9 0.971
 13120.0 0.969
 13120.1 0.968
 13120.2 0.966
 13120.3 0.964
 13120.4 0.959
 13120.5 0.948
 13120.6 0.942
 13120.7 0.945
 13120.8 0.949
 13120.9 0.944
 13121.0 0.934
 13121.1 0.932
 13121.2 0.934
 13121.3 0.933
 13121.4 0.929
 13121.5 0.924
 13121.6 0.918
 13121.7 0.912
 13121.8 0.904
 13121.9 0.896
 13122.0 0.887
 13122.1 0.877
 13122.2 0.866
 13122.3 0.853
 13122.4 0.839
 13122.5 0.824
 13122.6 0.806
 13122.7 0.784
 13122.8 0.760
 13122.9 0.730
 13123.0 0.690
 13123.1 0.618
 13123.2 0.516
 13123.3 0.432
 13123.4 0.404
 13123.5 0.422
 13123.6 0.497
 13123.7 0.599
 13123.8 0.679
 13123.9 0.723
 13124.0 0.754
 13124.1 0.780
 13124.2 0.802
 13124.3 0.821
 13124.4 0.837
 13124.5 0.852
 13124.6 0.864
 13124.7 0.876
 13124.8 0.886
 13124.9 0.895
 13125.0 0.903
 13125.1 0.911
 13125.2 0.917
 13125.3 0.923
 13125.4 0.928
 13125.5 0.933
 13125.6 0.938
 13125.7 0.942
 13125.8 0.945
 13125.9 0.949
 13126.0 0.951
 13126.1 0.952
 13126.2 0.949
 13126.3 0.951
 13126.4 0.957
 13126.5 0.963
 13126.6 0.966
 13126.7 0.967
 13126.8 0.969
 13126.9 0.971
 13127.0 0.972
 13127.1 0.973
 13127.2 0.975
 13127.3 0.976
 13127.4 0.981
 13127.5 0.991
 13127.6 0.999
 13127.7 1.000
 13127.8 1.000
 13127.9 1.000
 13128.0 1.000
 13128.1 1.000
 13128.2 1.000
 13128.3 1.000
 13128.4 1.000
 13128.5 1.000
 13128.6 1.000
 13128.7 1.000
 13128.8 1.000
 13128.9 1.000
 13129.0 1.000
 13129.1 0.999
 13129.2 0.999
 13129.3 0.996
 13129.4 0.982
 13129.5 0.968
 13129.6 0.974
 13129.7 0.991
 13129.8 0.997
 13129.9 0.997
 13130.0 0.996
 13130.1 0.995
 13130.2 0.995
 13130.3 0.996
 13130.4 0.997
 13130.5 0.998
 13130.6 0.998
 13130.7 0.999
 13130.8 0.999
 13130.9 0.999
 13131.0 0.999
 13131.1 0.999
 13131.2 0.999
 13131.3 0.999
 13131.4 0.999
 13131.5 0.999
 13131.6 0.999
 13131.7 0.999
 13131.8 0.999
 13131.9 0.999
 13132.0 0.999
 13132.1 0.999
 13132.2 0.999
 13132.3 0.999
 13132.4 0.999
 13132.5 0.999
 13132.6 0.999
 13132.7 0.999
 13132.8 0.999
 13132.9 0.999
 13133.0 0.999
 13133.1 0.998
 13133.2 0.998
 13133.3 0.998
 13133.4 0.998
 13133.5 0.998
 13133.6 0.997
 13133.7 0.997
 13133.8 0.996
 13133.9 0.995
 13134.0 0.994
 13134.1 0.993
 13134.2 0.991
 13134.3 0.988
 13134.4 0.984
 13134.5 0.975
 13134.6 0.955
 13134.7 0.889
 13134.8 0.756
 13134.9 0.638
 13135.0 0.651
 13135.1 0.779
 13135.2 0.904
 13135.3 0.959
 13135.4 0.976
 13135.5 0.984
 13135.6 0.989
 13135.7 0.992
 13135.8 0.993
 13135.9 0.994
 13136.0 0.995
 13136.1 0.996
 13136.2 0.997
 13136.3 0.997
 13136.4 0.998
 13136.5 0.998
 13136.6 0.998
 13136.7 0.998
 13136.8 0.998
 13136.9 0.998
 13137.0 0.992
 13137.1 0.977
 13137.2 0.970
 13137.3 0.982
 13137.4 0.995
 13137.5 0.995
 13137.6 0.980
 13137.7 0.965
 13137.8 0.973
 13137.9 0.991
 13138.0 0.998
 13138.1 0.999
 13138.2 0.999
 13138.3 0.999
 13138.4 0.999
 13138.5 1.000
 13138.6 1.000
 13138.7 1.000
 13138.8 1.000
 13138.9 1.000
 13139.0 1.000
 13139.1 1.000
 13139.2 1.000
 13139.3 1.000
 13139.4 1.000
 13139.5 0.999
 13139.6 0.995
 13139.7 0.976
 13139.8 0.961
 13139.9 0.971
 13140.0 0.991
 13140.1 0.997
 13140.2 0.987
 13140.3 0.969
 13140.4 0.969
 13140.5 0.986
 13140.6 0.998
 13140.7 0.999
 13140.8 1.000
 13140.9 1.000
 13141.0 1.000
 13141.1 1.000
 13141.2 1.000
 13141.3 0.999
 13141.4 0.999
 13141.5 0.993
 13141.6 0.967
 13141.7 0.944
 13141.8 0.956
 13141.9 0.986
 13142.0 0.998
 13142.1 0.999
 13142.2 1.000
 13142.3 1.000
 13142.4 1.000
 13142.5 1.000
 13142.6 1.000
 13142.7 1.000
 13142.8 1.000
 13142.9 0.998
 13143.0 0.989
 13143.1 0.982
 13143.2 0.986
 13143.3 0.996
 13143.4 0.999
 13143.5 1.000
 13143.6 1.000
 13143.7 1.000
 13143.8 1.000
 13143.9 1.000
 13144.0 1.000
 13144.1 1.000
 13144.2 1.000
 13144.3 1.000
 13144.4 1.000
 13144.5 1.000
 13144.6 1.000
 13144.7 1.000
 13144.8 0.999
 13144.9 0.997
 13145.0 0.994
 13145.1 0.993
 13145.2 0.996
 13145.3 0.999
 13145.4 1.000
 13145.5 1.000
 13145.6 1.000
 13145.7 1.000
 13145.8 1.000
 13145.9 1.000
 13146.0 1.000
 13146.1 1.000
 13146.2 1.000
 13146.3 1.000
 13146.4 1.000
 13146.5 0.999
 13146.6 0.998
 13146.7 0.987
 13146.8 0.964
 13146.9 0.953
 13147.0 0.964
 13147.1 0.976
 13147.2 0.967
 13147.3 0.953
 13147.4 0.957
 13147.5 0.972
 13147.6 0.977
 13147.7 0.972
 13147.8 0.958
 13147.9 0.947
 13148.0 0.951
 13148.1 0.962
 13148.2 0.968
 13148.3 0.968
 13148.4 0.967
 13148.5 0.965
 13148.6 0.962
 13148.7 0.959
 13148.8 0.955
 13148.9 0.951
 13149.0 0.947
 13149.1 0.942
 13149.2 0.936
 13149.3 0.930
 13149.4 0.923
 13149.5 0.914
 13149.6 0.904
 13149.7 0.893
 13149.8 0.879
 13149.9 0.864
 13150.0 0.845
 13150.1 0.822
 13150.2 0.795
 13150.3 0.759
 13150.4 0.700
 13150.5 0.596
 13150.6 0.487
 13150.7 0.430
 13150.8 0.429
 13150.9 0.483
 13151.0 0.592
 13151.1 0.697
 13151.2 0.757
 13151.3 0.793
 13151.4 0.820
 13151.5 0.842
 13151.6 0.860
 13151.7 0.877
 13151.8 0.892
 13151.9 0.904
 13152.0 0.914
 13152.1 0.922
 13152.2 0.930
 13152.3 0.936
 13152.4 0.942
 13152.5 0.946
 13152.6 0.948
 13152.7 0.949
 13152.8 0.953
 13152.9 0.959
 13153.0 0.964
 13153.1 0.967
 13153.2 0.970
 13153.3 0.972
 13153.4 0.974
 13153.5 0.975
 13153.6 0.977
 13153.7 0.978
 13153.8 0.979
 13153.9 0.981
 13154.0 0.982
 13154.1 0.983
 13154.2 0.983
 13154.3 0.984
 13154.4 0.984
 13154.5 0.985
 13154.6 0.985
 13154.7 0.987
 13154.8 0.992
 13154.9 0.998
 13155.0 1.000
 13155.1 1.000
 13155.2 1.000
 13155.3 1.000
 13155.4 1.000
 13155.5 1.000
 13155.6 1.000
 13155.7 1.000
 13155.8 1.000
 13155.9 1.000
 13156.0 1.000
 13156.1 1.000
 13156.2 1.000
 13156.3 1.000
 13156.4 1.000
 13156.5 1.000
 13156.6 1.000
 13156.7 1.000
 13156.8 1.000
 13156.9 1.000
 13157.0 0.999
 13157.1 0.999
 13157.2 0.999
 13157.3 1.000
 13157.4 1.000
 13157.5 0.998
 13157.6 0.989
 13157.7 0.969
 13157.8 0.965
 13157.9 0.978
 13158.0 0.976
 13158.1 0.967
 13158.2 0.976
 13158.3 0.993
 13158.4 0.999
 13158.5 1.000
 13158.6 1.000
 13158.7 1.000
 13158.8 1.000
 13158.9 1.000
 13159.0 1.000
 13159.1 1.000
 13159.2 1.000
 13159.3 1.000
 13159.4 1.000
 13159.5 1.000
 13159.6 1.000
 13159.7 1.000
 13159.8 1.000
 13159.9 1.000
 13160.0 1.000
 13160.1 1.000
 13160.2 1.000
 13160.3 1.000
 13160.4 1.000
 13160.5 1.000
 13160.6 1.000
 13160.7 1.000
 13160.8 1.000
 13160.9 1.000
 13161.0 1.000
 13161.1 1.000
 13161.2 1.000
 13161.3 1.000
 13161.4 1.000
 13161.5 1.000
 13161.6 1.000
 13161.7 1.000
 13161.8 1.000
 13161.9 1.000
 13162.0 1.000
 13162.1 1.000
 13162.2 1.000
 13162.3 1.000
 13162.4 1.000
 13162.5 1.000
 13162.6 1.000
 13162.7 1.000
 13162.8 1.000
 13162.9 1.000
 13163.0 1.000
 13163.1 1.000
 13163.2 1.000
 13163.3 1.000
 13163.4 1.000
 13163.5 1.000
 13163.6 1.000
 13163.7 1.000
 13163.8 1.000
 13163.9 1.000
 13164.0 1.000
 13164.1 1.000
 13164.2 1.000
 13164.3 0.999
 13164.4 0.999
 13164.5 1.000
 13164.6 1.000
 13164.7 1.000
 13164.8 1.000
 13164.9 1.000
 13165.0 0.999
 13165.1 0.999
 13165.2 0.992
 13165.3 0.975
 13165.4 0.969
 13165.5 0.982
 13165.6 0.996
 13165.7 0.999
 13165.8 1.000
 13165.9 1.000
 13166.0 1.000
 13166.1 1.000
 13166.2 0.999
 13166.3 1.000
 13166.4 1.000
 13166.5 1.000
 13166.6 1.000
 13166.7 1.000
 13166.8 0.999
 13166.9 0.999
 13167.0 0.997
 13167.1 0.987
 13167.2 0.970
 13167.3 0.968
 13167.4 0.983
 13167.5 0.987
 13167.6 0.957
 13167.7 0.910
 13167.8 0.904
 13167.9 0.948
 13168.0 0.986
 13168.1 0.996
 13168.2 0.998
 13168.3 0.999
 13168.4 0.999
 13168.5 0.999
 13168.6 0.999
 13168.7 0.999
 13168.8 0.999
 13168.9 0.999
 13169.0 0.999
 13169.1 1.000
 13169.2 1.000
 13169.3 1.000
 13169.4 1.000
 13169.5 1.000
 13169.6 1.000
 13169.7 1.000
 13169.8 1.000
 13169.9 1.000
 13170.0 1.000
 13170.1 1.000
 13170.2 1.000
 13170.3 1.000
 13170.4 1.000
 13170.5 0.999
 13170.6 0.999
 13170.7 1.000
 13170.8 1.000
 13170.9 1.000
 13171.0 1.000
 13171.1 1.000
 13171.2 1.000
 13171.3 1.000
 13171.4 1.000
 13171.5 1.000
 13171.6 1.000
 13171.7 1.000
 13171.8 1.000
 13171.9 1.000
 13172.0 1.000
 13172.1 1.000
 13172.2 1.000
 13172.3 1.000
 13172.4 1.000
 13172.5 1.000
 13172.6 1.000
 13172.7 1.000
 13172.8 1.000
 13172.9 1.000
 13173.0 1.000
 13173.1 1.000
 13173.2 1.000
 13173.3 1.000
 13173.4 1.000
 13173.5 1.000
 13173.6 1.000
 13173.7 1.000
 13173.8 1.000
 13173.9 1.000
 13174.0 1.000
 13174.1 1.000
 13174.2 1.000
 13174.3 1.000
 13174.4 1.000
 13174.5 1.000
 13174.6 0.999
 13174.7 0.999
 13174.8 1.000
 13174.9 1.000
 13175.0 0.999
 13175.1 0.999
 13175.2 0.999
 13175.3 0.999
 13175.4 0.999
 13175.5 0.999
 13175.6 0.999
 13175.7 0.999
 13175.8 0.999
 13175.9 0.998
 13176.0 0.998
 13176.1 0.998
 13176.2 0.997
 13176.3 0.996
 13176.4 0.994
 13176.5 0.991
 13176.6 0.983
 13176.7 0.965
 13176.8 0.938
 13176.9 0.927
 13177.0 0.944
 13177.1 0.970
 13177.2 0.986
 13177.3 0.992
 13177.4 0.993
 13177.5 0.989
 13177.6 0.987
 13177.7 0.990
 13177.8 0.993
 13177.9 0.990
 13178.0 0.989
 13178.1 0.990
 13178.2 0.991
 13178.3 0.993
 13178.4 0.996
 13178.5 0.998
 13178.6 0.999
 13178.7 0.999
 13178.8 1.000
 13178.9 1.000
 13179.0 1.000
 13179.1 1.000
 13179.2 0.999
 13179.3 0.999
 13179.4 0.999
 13179.5 0.999
 13179.6 1.000
 13179.7 1.000
 13179.8 1.000
 13179.9 1.000
 13180.0 1.000
 13180.1 1.000
 13180.2 1.000
 13180.3 1.000
 13180.4 1.000
 13180.5 1.000
 13180.6 1.000
 13180.7 1.000
 13180.8 1.000
 13180.9 1.000
 13181.0 1.000
 13181.1 1.000
 13181.2 1.000
 13181.3 1.000
 13181.4 1.000
 13181.5 1.000
 13181.6 1.000
 13181.7 1.000
 13181.8 1.000
 13181.9 0.999
 13182.0 0.990
 13182.1 0.971
 13182.2 0.966
 13182.3 0.982
 13182.4 0.996
 13182.5 0.999
 13182.6 0.999
 13182.7 0.996
 13182.8 0.991
 13182.9 0.980
 13183.0 0.964
 13183.1 0.964
 13183.2 0.983
 13183.3 0.997
 13183.4 0.999
 13183.5 0.999
 13183.6 0.999
 13183.7 0.998
 13183.8 0.995
 13183.9 0.992
 13184.0 0.994
 13184.1 0.998
 13184.2 1.000
 13184.3 1.000
 13184.4 1.000
 13184.5 1.000
 13184.6 0.999
 13184.7 0.995
 13184.8 0.990
 13184.9 0.985
 13185.0 0.983
 13185.1 0.986
 13185.2 0.993
 13185.3 0.998
 13185.4 0.999
 13185.5 0.994
 13185.6 0.975
 13185.7 0.962
 13185.8 0.973
 13185.9 0.992
 13186.0 0.998
 13186.1 0.998
 13186.2 0.999
 13186.3 0.999
 13186.4 1.000
 13186.5 1.000
 13186.6 0.999
 13186.7 0.999
 13186.8 1.000
 13186.9 1.000
 13187.0 1.000
 13187.1 1.000
 13187.2 0.997
 13187.3 0.990
 13187.4 0.984
 13187.5 0.988
 13187.6 0.997
 13187.7 1.000
 13187.8 1.000
 13187.9 1.000
 13188.0 1.000
 13188.1 1.000
 13188.2 1.000
 13188.3 1.000
 13188.4 1.000
 13188.5 1.000
 13188.6 1.000
 13188.7 1.000
 13188.8 1.000
 13188.9 1.000
 13189.0 1.000
 13189.1 1.000
 13189.2 1.000
 13189.3 1.000
 13189.4 1.000
 13189.5 0.999
 13189.6 0.998
 13189.7 0.988
 13189.8 0.970
 13189.9 0.968
 13190.0 0.985
 13190.1 0.997
 13190.2 0.998
 13190.3 0.994
 13190.4 0.989
 13190.5 0.990
 13190.6 0.996
 13190.7 0.999
 13190.8 0.999
 13190.9 1.000
 13191.0 1.000
 13191.1 1.000
 13191.2 1.000
 13191.3 1.000
 13191.4 1.000
 13191.5 1.000
 13191.6 1.000
 13191.7 1.000
 13191.8 1.000
 13191.9 1.000
 13192.0 1.000
 13192.1 0.999
 13192.2 0.998
 13192.3 0.998
 13192.4 0.998
 13192.5 0.999
 13192.6 0.998
 13192.7 0.994
 13192.8 0.980
 13192.9 0.970
 13193.0 0.977
 13193.1 0.992
 13193.2 0.997
 13193.3 0.995
 13193.4 0.986
 13193.5 0.980
 13193.6 0.986
 13193.7 0.996
 13193.8 0.998
 13193.9 0.998
 13194.0 0.997
 13194.1 0.998
 13194.2 0.999
 13194.3 1.000
 13194.4 1.000
 13194.5 1.000
 13194.6 1.000
 13194.7 1.000
 13194.8 1.000
 13194.9 1.000
 13195.0 1.000
 13195.1 1.000
 13195.2 1.000
 13195.3 1.000
 13195.4 1.000
 13195.5 1.000
 13195.6 1.000
 13195.7 1.000
 13195.8 1.000
 13195.9 1.000
 13196.0 1.000
 13196.1 1.000
 13196.2 0.999
 13196.3 0.999
 13196.4 0.998
 13196.5 0.996
 13196.6 0.995
 13196.7 0.996
 13196.8 0.998
 13196.9 0.999
 13197.0 0.998
 13197.1 0.998
 13197.2 0.997
 13197.3 0.995
 13197.4 0.993
 13197.5 0.995
 13197.6 0.998
 13197.7 0.999
 13197.8 0.999
 13197.9 0.999
 13198.0 0.999
 13198.1 0.998
 13198.2 0.997
 13198.3 0.991
 13198.4 0.975
 13198.5 0.966
 13198.6 0.977
 13198.7 0.988
 13198.8 0.984
 13198.9 0.982
 13199.0 0.985
 13199.1 0.976
 13199.2 0.969
 13199.3 0.980
 13199.4 0.995
 13199.5 0.994
 13199.6 0.985
 13199.7 0.981
 13199.8 0.988
 13199.9 0.997
