 11800.0 0.994
 11800.1 0.999
 11800.2 0.999
 11800.3 0.997
 11800.4 0.996
 11800.5 0.998
 11800.6 0.999
 11800.7 0.999
 11800.8 0.999
 11800.9 0.999
 11801.0 1.000
 11801.1 1.000
 11801.2 0.998
 11801.3 0.991
 11801.4 0.988
 11801.5 0.993
 11801.6 0.999
 11801.7 1.000
 11801.8 1.000
 11801.9 0.997
 11802.0 0.990
 11802.1 0.989
 11802.2 0.996
 11802.3 1.000
 11802.4 1.000
 11802.5 1.000
 11802.6 1.000
 11802.7 0.999
 11802.8 0.998
 11802.9 0.999
 11803.0 1.000
 11803.1 1.000
 11803.2 1.000
 11803.3 1.000
 11803.4 1.000
 11803.5 1.000
 11803.6 1.000
 11803.7 1.000
 11803.8 1.000
 11803.9 1.000
 11804.0 1.000
 11804.1 1.000
 11804.2 1.000
 11804.3 1.000
 11804.4 1.000
 11804.5 1.000
 11804.6 1.000
 11804.7 0.999
 11804.8 0.999
 11804.9 1.000
 11805.0 1.000
 11805.1 1.000
 11805.2 1.000
 11805.3 1.000
 11805.4 1.000
 11805.5 1.000
 11805.6 1.000
 11805.7 0.999
 11805.8 0.999
 11805.9 1.000
 11806.0 1.000
 11806.1 1.000
 11806.2 1.000
 11806.3 1.000
 11806.4 1.000
 11806.5 1.000
 11806.6 1.000
 11806.7 1.000
 11806.8 1.000
 11806.9 1.000
 11807.0 1.000
 11807.1 1.000
 11807.2 1.000
 11807.3 1.000
 11807.4 1.000
 11807.5 1.000
 11807.6 0.999
 11807.7 0.996
 11807.8 0.996
 11807.9 0.998
 11808.0 0.999
 11808.1 1.000
 11808.2 1.000
 11808.3 1.000
 11808.4 1.000
 11808.5 1.000
 11808.6 1.000
 11808.7 0.999
 11808.8 0.999
 11808.9 0.999
 11809.0 0.999
 11809.1 1.000
 11809.2 1.000
 11809.3 1.000
 11809.4 1.000
 11809.5 1.000
 11809.6 1.000
 11809.7 1.000
 11809.8 1.000
 11809.9 1.000
 11810.0 1.000
 11810.1 0.999
 11810.2 0.999
 11810.3 0.999
 11810.4 0.999
 11810.5 0.999
 11810.6 0.999
 11810.7 0.998
 11810.8 0.998
 11810.9 0.997
 11811.0 0.994
 11811.1 0.986
 11811.2 0.980
 11811.3 0.979
 11811.4 0.969
 11811.5 0.949
 11811.6 0.947
 11811.7 0.967
 11811.8 0.984
 11811.9 0.990
 11812.0 0.993
 11812.1 0.996
 11812.2 0.997
 11812.3 0.997
 11812.4 0.994
 11812.5 0.988
 11812.6 0.989
 11812.7 0.993
 11812.8 0.995
 11812.9 0.998
 11813.0 0.999
 11813.1 0.999
 11813.2 0.999
 11813.3 0.999
 11813.4 0.999
 11813.5 0.997
 11813.6 0.997
 11813.7 0.997
 11813.8 0.998
 11813.9 0.998
 11814.0 0.999
 11814.1 1.000
 11814.2 1.000
 11814.3 1.000
 11814.4 1.000
 11814.5 1.000
 11814.6 1.000
 11814.7 1.000
 11814.8 1.000
 11814.9 1.000
 11815.0 1.000
 11815.1 1.000
 11815.2 1.000
 11815.3 1.000
 11815.4 1.000
 11815.5 1.000
 11815.6 1.000
 11815.7 1.000
 11815.8 1.000
 11815.9 1.000
 11816.0 1.000
 11816.1 1.000
 11816.2 1.000
 11816.3 1.000
 11816.4 1.000
 11816.5 1.000
 11816.6 1.000
 11816.7 0.999
 11816.8 0.999
 11816.9 0.999
 11817.0 0.999
 11817.1 1.000
 11817.2 1.000
 11817.3 1.000
 11817.4 1.000
 11817.5 1.000
 11817.6 1.000
 11817.7 1.000
 11817.8 1.000
 11817.9 1.000
 11818.0 1.000
 11818.1 0.999
 11818.2 0.998
 11818.3 0.996
 11818.4 0.996
 11818.5 0.998
 11818.6 1.000
 11818.7 1.000
 11818.8 1.000
 11818.9 1.000
 11819.0 1.000
 11819.1 1.000
 11819.2 1.000
 11819.3 1.000
 11819.4 1.000
 11819.5 1.000
 11819.6 1.000
 11819.7 1.000
 11819.8 1.000
 11819.9 1.000
 11820.0 1.000
 11820.1 1.000
 11820.2 0.999
 11820.3 0.999
 11820.4 0.999
 11820.5 0.998
 11820.6 0.997
 11820.7 0.995
 11820.8 0.990
 11820.9 0.982
 11821.0 0.979
 11821.1 0.985
 11821.2 0.993
 11821.3 0.997
 11821.4 0.998
 11821.5 0.999
 11821.6 0.999
 11821.7 0.999
 11821.8 0.999
 11821.9 1.000
 11822.0 1.000
 11822.1 1.000
 11822.2 1.000
 11822.3 1.000
 11822.4 1.000
 11822.5 1.000
 11822.6 1.000
 11822.7 1.000
 11822.8 1.000
 11822.9 1.000
 11823.0 0.999
 11823.1 0.999
 11823.2 0.999
 11823.3 0.996
 11823.4 0.981
 11823.5 0.973
 11823.6 0.985
 11823.7 0.998
 11823.8 0.999
 11823.9 1.000
 11824.0 1.000
 11824.1 0.990
 11824.2 0.978
 11824.3 0.975
 11824.4 0.974
 11824.5 0.972
 11824.6 0.971
 11824.7 0.970
 11824.8 0.969
 11824.9 0.967
 11825.0 0.965
 11825.1 0.964
 11825.2 0.961
 11825.3 0.959
 11825.4 0.957
 11825.5 0.955
 11825.6 0.952
 11825.7 0.950
 11825.8 0.947
 11825.9 0.943
 11826.0 0.937
 11826.1 0.931
 11826.2 0.929
 11826.3 0.927
 11826.4 0.923
 11826.5 0.917
 11826.6 0.911
 11826.7 0.904
 11826.8 0.896
 11826.9 0.886
 11827.0 0.872
 11827.1 0.856
 11827.2 0.846
 11827.3 0.839
 11827.4 0.825
 11827.5 0.806
 11827.6 0.783
 11827.7 0.755
 11827.8 0.718
 11827.9 0.657
 11828.0 0.555
 11828.1 0.464
 11828.2 0.446
 11828.3 0.511
 11828.4 0.617
 11828.5 0.698
 11828.6 0.741
 11828.7 0.771
 11828.8 0.794
 11828.9 0.814
 11829.0 0.834
 11829.1 0.850
 11829.2 0.863
 11829.3 0.874
 11829.4 0.884
 11829.5 0.893
 11829.6 0.901
 11829.7 0.908
 11829.8 0.913
 11829.9 0.919
 11830.0 0.925
 11830.1 0.929
 11830.2 0.932
 11830.3 0.934
 11830.4 0.935
 11830.5 0.939
 11830.6 0.945
 11830.7 0.950
 11830.8 0.954
 11830.9 0.957
 11831.0 0.959
 11831.1 0.961
 11831.2 0.963
 11831.3 0.965
 11831.4 0.966
 11831.5 0.968
 11831.6 0.970
 11831.7 0.971
 11831.8 0.972
 11831.9 0.973
 11832.0 0.974
 11832.1 0.975
 11832.2 0.986
 11832.3 0.998
 11832.4 0.999
 11832.5 0.999
 11832.6 1.000
 11832.7 1.000
 11832.8 1.000
 11832.9 1.000
 11833.0 1.000
 11833.1 1.000
 11833.2 1.000
 11833.3 1.000
 11833.4 1.000
 11833.5 1.000
 11833.6 1.000
 11833.7 1.000
 11833.8 1.000
 11833.9 1.000
 11834.0 1.000
 11834.1 1.000
 11834.2 1.000
 11834.3 1.000
 11834.4 1.000
 11834.5 1.000
 11834.6 1.000
 11834.7 1.000
 11834.8 1.000
 11834.9 1.000
 11835.0 1.000
 11835.1 1.000
 11835.2 1.000
 11835.3 1.000
 11835.4 0.999
 11835.5 0.999
 11835.6 0.999
 11835.7 1.000
 11835.8 1.000
 11835.9 1.000
 11836.0 1.000
 11836.1 1.000
 11836.2 1.000
 11836.3 1.000
 11836.4 1.000
 11836.5 1.000
 11836.6 1.000
 11836.7 1.000
 11836.8 0.999
 11836.9 0.999
 11837.0 1.000
 11837.1 1.000
 11837.2 1.000
 11837.3 1.000
 11837.4 1.000
 11837.5 1.000
 11837.6 1.000
 11837.7 1.000
 11837.8 1.000
 11837.9 1.000
 11838.0 1.000
 11838.1 1.000
 11838.2 1.000
 11838.3 1.000
 11838.4 1.000
 11838.5 0.999
 11838.6 0.999
 11838.7 0.998
 11838.8 0.996
 11838.9 0.991
 11839.0 0.987
 11839.1 0.990
 11839.2 0.995
 11839.3 0.998
 11839.4 0.999
 11839.5 0.999
 11839.6 1.000
 11839.7 1.000
 11839.8 0.999
 11839.9 0.999
 11840.0 0.999
 11840.1 0.999
 11840.2 1.000
 11840.3 1.000
 11840.4 1.000
 11840.5 0.999
 11840.6 0.998
 11840.7 0.998
 11840.8 0.998
 11840.9 0.999
 11841.0 0.999
 11841.1 0.999
 11841.2 0.993
 11841.3 0.976
 11841.4 0.972
 11841.5 0.984
 11841.6 0.987
 11841.7 0.986
 11841.8 0.993
 11841.9 0.999
 11842.0 1.000
 11842.1 1.000
 11842.2 1.000
 11842.3 1.000
 11842.4 1.000
 11842.5 1.000
 11842.6 1.000
 11842.7 1.000
 11842.8 1.000
 11842.9 0.999
 11843.0 0.999
 11843.1 0.999
 11843.2 1.000
 11843.3 1.000
 11843.4 0.999
 11843.5 0.999
 11843.6 0.995
 11843.7 0.990
 11843.8 0.991
 11843.9 0.996
 11844.0 0.999
 11844.1 1.000
 11844.2 1.000
 11844.3 1.000
 11844.4 1.000
 11844.5 1.000
 11844.6 1.000
 11844.7 1.000
 11844.8 1.000
 11844.9 1.000
 11845.0 1.000
 11845.1 1.000
 11845.2 1.000
 11845.3 0.999
 11845.4 0.997
 11845.5 0.997
 11845.6 0.999
 11845.7 1.000
 11845.8 1.000
 11845.9 1.000
 11846.0 1.000
 11846.1 1.000
 11846.2 1.000
 11846.3 1.000
 11846.4 1.000
 11846.5 1.000
 11846.6 1.000
 11846.7 1.000
 11846.8 1.000
 11846.9 1.000
 11847.0 1.000
 11847.1 1.000
 11847.2 1.000
 11847.3 1.000
 11847.4 0.999
 11847.5 0.999
 11847.6 1.000
 11847.7 1.000
 11847.8 1.000
 11847.9 1.000
 11848.0 1.000
 11848.1 1.000
 11848.2 1.000
 11848.3 1.000
 11848.4 1.000
 11848.5 1.000
 11848.6 1.000
 11848.7 1.000
 11848.8 1.000
 11848.9 1.000
 11849.0 1.000
 11849.1 1.000
 11849.2 1.000
 11849.3 0.999
 11849.4 0.998
 11849.5 0.997
 11849.6 0.996
 11849.7 0.997
 11849.8 0.999
 11849.9 1.000
 11850.0 1.000
 11850.1 1.000
 11850.2 1.000
 11850.3 1.000
 11850.4 1.000
 11850.5 1.000
 11850.6 1.000
 11850.7 1.000
 11850.8 0.999
 11850.9 0.999
 11851.0 0.999
 11851.1 0.999
 11851.2 0.999
 11851.3 0.999
 11851.4 0.999
 11851.5 0.999
 11851.6 0.998
 11851.7 0.998
 11851.8 0.995
 11851.9 0.988
 11852.0 0.986
 11852.1 0.993
 11852.2 0.997
 11852.3 0.998
 11852.4 0.997
 11852.5 0.997
 11852.6 0.998
 11852.7 1.000
 11852.8 1.000
 11852.9 1.000
 11853.0 1.000
 11853.1 1.000
 11853.2 0.999
 11853.3 0.996
 11853.4 0.994
 11853.5 0.997
 11853.6 0.999
 11853.7 1.000
 11853.8 1.000
 11853.9 1.000
 11854.0 0.999
 11854.1 0.998
 11854.2 0.996
 11854.3 0.997
 11854.4 0.999
 11854.5 1.000
 11854.6 1.000
 11854.7 1.000
 11854.8 1.000
 11854.9 1.000
 11855.0 1.000
 11855.1 1.000
 11855.2 1.000
 11855.3 1.000
 11855.4 1.000
 11855.5 1.000
 11855.6 1.000
 11855.7 0.999
 11855.8 0.999
 11855.9 0.999
 11856.0 1.000
 11856.1 1.000
 11856.2 1.000
 11856.3 1.000
 11856.4 1.000
 11856.5 0.999
 11856.6 0.999
 11856.7 0.998
 11856.8 0.997
 11856.9 0.997
 11857.0 0.997
 11857.1 0.991
 11857.2 0.988
 11857.3 0.992
 11857.4 0.997
 11857.5 0.999
 11857.6 0.999
 11857.7 0.999
 11857.8 1.000
 11857.9 1.000
 11858.0 1.000
 11858.1 1.000
 11858.2 1.000
 11858.3 1.000
 11858.4 1.000
 11858.5 1.000
 11858.6 1.000
 11858.7 1.000
 11858.8 1.000
 11858.9 1.000
 11859.0 1.000
 11859.1 1.000
 11859.2 1.000
 11859.3 1.000
 11859.4 1.000
 11859.5 1.000
 11859.6 1.000
 11859.7 1.000
 11859.8 1.000
 11859.9 1.000
 11860.0 1.000
 11860.1 1.000
 11860.2 1.000
 11860.3 1.000
 11860.4 1.000
 11860.5 1.000
 11860.6 1.000
 11860.7 1.000
 11860.8 1.000
 11860.9 1.000
 11861.0 1.000
 11861.1 1.000
 11861.2 0.999
 11861.3 0.997
 11861.4 0.997
 11861.5 0.995
 11861.6 0.989
 11861.7 0.988
 11861.8 0.994
 11861.9 0.999
 11862.0 1.000
 11862.1 1.000
 11862.2 1.000
 11862.3 1.000
 11862.4 1.000
 11862.5 1.000
 11862.6 1.000
 11862.7 1.000
 11862.8 1.000
 11862.9 1.000
 11863.0 1.000
 11863.1 0.999
 11863.2 0.999
 11863.3 0.999
 11863.4 1.000
 11863.5 1.000
 11863.6 0.998
 11863.7 0.996
 11863.8 0.996
 11863.9 0.997
 11864.0 0.998
 11864.1 0.999
 11864.2 1.000
 11864.3 1.000
 11864.4 1.000
 11864.5 1.000
 11864.6 1.000
 11864.7 1.000
 11864.8 1.000
 11864.9 1.000
 11865.0 0.999
 11865.1 0.999
 11865.2 0.998
 11865.3 0.998
 11865.4 0.999
 11865.5 0.999
 11865.6 0.999
 11865.7 1.000
 11865.8 1.000
 11865.9 1.000
 11866.0 1.000
 11866.1 1.000
 11866.2 1.000
 11866.3 1.000
 11866.4 1.000
 11866.5 1.000
 11866.6 1.000
 11866.7 1.000
 11866.8 1.000
 11866.9 1.000
 11867.0 1.000
 11867.1 1.000
 11867.2 1.000
 11867.3 1.000
 11867.4 1.000
 11867.5 1.000
 11867.6 1.000
 11867.7 1.000
 11867.8 0.999
 11867.9 0.995
 11868.0 0.984
 11868.1 0.982
 11868.2 0.993
 11868.3 0.999
 11868.4 1.000
 11868.5 1.000
 11868.6 1.000
 11868.7 1.000
 11868.8 1.000
 11868.9 1.000
 11869.0 1.000
 11869.1 1.000
 11869.2 1.000
 11869.3 1.000
 11869.4 1.000
 11869.5 1.000
 11869.6 1.000
 11869.7 1.000
 11869.8 1.000
 11869.9 1.000
 11870.0 1.000
 11870.1 1.000
 11870.2 1.000
 11870.3 1.000
 11870.4 0.999
 11870.5 0.999
 11870.6 1.000
 11870.7 1.000
 11870.8 1.000
 11870.9 1.000
 11871.0 0.998
 11871.1 0.997
 11871.2 0.997
 11871.3 0.999
 11871.4 1.000
 11871.5 1.000
 11871.6 1.000
 11871.7 1.000
 11871.8 1.000
 11871.9 1.000
 11872.0 1.000
 11872.1 0.997
 11872.2 0.992
 11872.3 0.992
 11872.4 0.997
 11872.5 0.998
 11872.6 0.997
 11872.7 0.992
 11872.8 0.987
 11872.9 0.991
 11873.0 0.997
 11873.1 0.999
 11873.2 1.000
 11873.3 1.000
 11873.4 1.000
 11873.5 1.000
 11873.6 1.000
 11873.7 1.000
 11873.8 1.000
 11873.9 1.000
 11874.0 0.999
 11874.1 0.992
 11874.2 0.987
 11874.3 0.993
 11874.4 0.999
 11874.5 1.000
 11874.6 1.000
 11874.7 1.000
 11874.8 1.000
 11874.9 1.000
 11875.0 1.000
 11875.1 1.000
 11875.2 1.000
 11875.3 1.000
 11875.4 0.999
 11875.5 0.994
 11875.6 0.989
 11875.7 0.992
 11875.8 0.998
 11875.9 1.000
 11876.0 1.000
 11876.1 1.000
 11876.2 1.000
 11876.3 1.000
 11876.4 1.000
 11876.5 1.000
 11876.6 1.000
 11876.7 0.999
 11876.8 0.999
 11876.9 0.998
 11877.0 0.999
 11877.1 0.999
 11877.2 0.999
 11877.3 1.000
 11877.4 1.000
 11877.5 1.000
 11877.6 1.000
 11877.7 0.999
 11877.8 0.999
 11877.9 0.999
 11878.0 0.997
 11878.1 0.994
 11878.2 0.988
 11878.3 0.989
 11878.4 0.994
 11878.5 0.997
 11878.6 0.999
 11878.7 0.998
 11878.8 0.995
 11878.9 0.993
 11879.0 0.992
 11879.1 0.992
 11879.2 0.991
 11879.3 0.991
 11879.4 0.991
 11879.5 0.990
 11879.6 0.989
 11879.7 0.989
 11879.8 0.987
 11879.9 0.982
 11880.0 0.978
 11880.1 0.980
 11880.2 0.982
 11880.3 0.981
 11880.4 0.980
 11880.5 0.978
 11880.6 0.977
 11880.7 0.975
 11880.8 0.972
 11880.9 0.970
 11881.0 0.968
 11881.1 0.964
 11881.2 0.961
 11881.3 0.957
 11881.4 0.952
 11881.5 0.946
 11881.6 0.938
 11881.7 0.931
 11881.8 0.922
 11881.9 0.912
 11882.0 0.898
 11882.1 0.881
 11882.2 0.860
 11882.3 0.834
 11882.4 0.798
 11882.5 0.749
 11882.6 0.642
 11882.7 0.487
 11882.8 0.384
 11882.9 0.390
 11883.0 0.506
 11883.1 0.658
 11883.2 0.750
 11883.3 0.791
 11883.4 0.819
 11883.5 0.835
 11883.6 0.837
 11883.7 0.822
 11883.8 0.767
 11883.9 0.615
 11884.0 0.456
 11884.1 0.413
 11884.2 0.504
 11884.3 0.678
 11884.4 0.809
 11884.5 0.859
 11884.6 0.889
 11884.7 0.909
 11884.8 0.924
 11884.9 0.935
 11885.0 0.944
 11885.1 0.951
 11885.2 0.957
 11885.3 0.961
 11885.4 0.965
 11885.5 0.969
 11885.6 0.972
 11885.7 0.974
 11885.8 0.976
 11885.9 0.978
 11886.0 0.979
 11886.1 0.981
 11886.2 0.982
 11886.3 0.983
 11886.4 0.984
 11886.5 0.985
 11886.6 0.986
 11886.7 0.987
 11886.8 0.988
 11886.9 0.992
 11887.0 0.995
 11887.1 0.996
 11887.2 0.996
 11887.3 0.996
 11887.4 0.996
 11887.5 0.996
 11887.6 0.996
 11887.7 0.997
 11887.8 0.996
 11887.9 0.995
 11888.0 0.994
 11888.1 0.997
 11888.2 0.999
 11888.3 0.999
 11888.4 0.999
 11888.5 1.000
 11888.6 1.000
 11888.7 0.999
 11888.8 0.994
 11888.9 0.989
 11889.0 0.991
 11889.1 0.997
 11889.2 0.999
 11889.3 0.999
 11889.4 0.999
 11889.5 0.999
 11889.6 0.999
 11889.7 0.999
 11889.8 0.999
 11889.9 0.998
 11890.0 0.998
 11890.1 0.997
 11890.2 0.995
 11890.3 0.987
 11890.4 0.970
 11890.5 0.962
 11890.6 0.972
 11890.7 0.980
 11890.8 0.974
 11890.9 0.973
 11891.0 0.983
 11891.1 0.991
 11891.2 0.994
 11891.3 0.996
 11891.4 0.997
 11891.5 0.997
 11891.6 0.998
 11891.7 0.998
 11891.8 0.997
 11891.9 0.997
 11892.0 0.996
 11892.1 0.996
 11892.2 0.990
 11892.3 0.977
 11892.4 0.972
 11892.5 0.976
 11892.6 0.953
 11892.7 0.811
 11892.8 0.603
 11892.9 0.535
 11893.0 0.699
 11893.1 0.897
 11893.2 0.974
 11893.3 0.986
 11893.4 0.988
 11893.5 0.985
 11893.6 0.985
 11893.7 0.991
 11893.8 0.996
 11893.9 0.998
 11894.0 0.998
 11894.1 0.998
 11894.2 0.998
 11894.3 0.998
 11894.4 0.998
 11894.5 0.998
 11894.6 0.995
 11894.7 0.992
 11894.8 0.988
 11894.9 0.989
 11895.0 0.992
 11895.1 0.991
 11895.2 0.992
 11895.3 0.996
 11895.4 0.999
 11895.5 0.999
 11895.6 0.999
 11895.7 0.999
 11895.8 0.999
 11895.9 0.997
 11896.0 0.995
 11896.1 0.995
 11896.2 0.998
 11896.3 0.999
 11896.4 0.999
 11896.5 1.000
 11896.6 1.000
 11896.7 1.000
 11896.8 0.998
 11896.9 0.993
 11897.0 0.992
 11897.1 0.997
 11897.2 1.000
 11897.3 1.000
 11897.4 1.000
 11897.5 1.000
 11897.6 1.000
 11897.7 1.000
 11897.8 1.000
 11897.9 1.000
 11898.0 1.000
 11898.1 0.999
 11898.2 0.999
 11898.3 1.000
 11898.4 1.000
 11898.5 1.000
 11898.6 1.000
 11898.7 1.000
 11898.8 1.000
 11898.9 1.000
 11899.0 0.997
 11899.1 0.983
 11899.2 0.972
 11899.3 0.981
 11899.4 0.995
 11899.5 0.999
 11899.6 1.000
 11899.7 1.000
 11899.8 1.000
 11899.9 0.999
 11900.0 0.999
 11900.1 0.999
 11900.2 0.999
 11900.3 1.000
 11900.4 1.000
 11900.5 1.000
 11900.6 1.000
 11900.7 1.000
 11900.8 0.999
 11900.9 0.991
 11901.0 0.976
 11901.1 0.975
 11901.2 0.990
 11901.3 0.999
 11901.4 1.000
 11901.5 1.000
 11901.6 1.000
 11901.7 1.000
 11901.8 1.000
 11901.9 1.000
 11902.0 1.000
 11902.1 1.000
 11902.2 1.000
 11902.3 1.000
 11902.4 1.000
 11902.5 1.000
 11902.6 1.000
 11902.7 0.999
 11902.8 0.999
 11902.9 0.999
 11903.0 1.000
 11903.1 1.000
 11903.2 1.000
 11903.3 1.000
 11903.4 1.000
 11903.5 1.000
 11903.6 1.000
 11903.7 0.999
 11903.8 0.997
 11903.9 0.997
 11904.0 0.999
 11904.1 1.000
 11904.2 1.000
 11904.3 1.000
 11904.4 0.998
 11904.5 0.993
 11904.6 0.988
 11904.7 0.990
 11904.8 0.997
 11904.9 0.999
 11905.0 1.000
 11905.1 1.000
 11905.2 1.000
 11905.3 1.000
 11905.4 1.000
 11905.5 1.000
 11905.6 1.000
 11905.7 1.000
 11905.8 1.000
 11905.9 1.000
 11906.0 1.000
 11906.1 1.000
 11906.2 1.000
 11906.3 1.000
 11906.4 1.000
 11906.5 1.000
 11906.6 1.000
 11906.7 1.000
 11906.8 1.000
 11906.9 1.000
 11907.0 1.000
 11907.1 1.000
 11907.2 1.000
 11907.3 1.000
 11907.4 0.999
 11907.5 0.999
 11907.6 0.999
 11907.7 0.997
 11907.8 0.994
 11907.9 0.990
 11908.0 0.975
 11908.1 0.964
 11908.2 0.976
 11908.3 0.993
 11908.4 0.999
 11908.5 0.999
 11908.6 1.000
 11908.7 1.000
 11908.8 1.000
 11908.9 1.000
 11909.0 1.000
 11909.1 1.000
 11909.2 1.000
 11909.3 1.000
 11909.4 1.000
 11909.5 1.000
 11909.6 1.000
 11909.7 1.000
 11909.8 1.000
 11909.9 1.000
 11910.0 1.000
 11910.1 1.000
 11910.2 0.997
 11910.3 0.993
 11910.4 0.993
 11910.5 0.998
 11910.6 1.000
 11910.7 1.000
 11910.8 1.000
 11910.9 1.000
 11911.0 1.000
 11911.1 1.000
 11911.2 1.000
 11911.3 1.000
 11911.4 1.000
 11911.5 0.999
 11911.6 0.998
 11911.7 0.990
 11911.8 0.964
 11911.9 0.951
 11912.0 0.973
 11912.1 0.995
 11912.2 0.999
 11912.3 0.999
 11912.4 1.000
 11912.5 0.999
 11912.6 0.998
 11912.7 0.998
 11912.8 0.999
 11912.9 1.000
 11913.0 1.000
 11913.1 1.000
 11913.2 1.000
 11913.3 1.000
 11913.4 1.000
 11913.5 1.000
 11913.6 1.000
 11913.7 0.999
 11913.8 0.999
 11913.9 0.999
 11914.0 1.000
 11914.1 0.999
 11914.2 0.998
 11914.3 0.997
 11914.4 0.998
 11914.5 0.999
 11914.6 1.000
 11914.7 1.000
 11914.8 1.000
 11914.9 1.000
 11915.0 1.000
 11915.1 1.000
 11915.2 1.000
 11915.3 1.000
 11915.4 1.000
 11915.5 1.000
 11915.6 1.000
 11915.7 1.000
 11915.8 1.000
 11915.9 0.998
 11916.0 0.989
 11916.1 0.985
 11916.2 0.992
 11916.3 0.999
 11916.4 1.000
 11916.5 1.000
 11916.6 1.000
 11916.7 1.000
 11916.8 1.000
 11916.9 1.000
 11917.0 1.000
 11917.1 1.000
 11917.2 1.000
 11917.3 1.000
 11917.4 1.000
 11917.5 1.000
 11917.6 1.000
 11917.7 1.000
 11917.8 1.000
 11917.9 1.000
 11918.0 1.000
 11918.1 1.000
 11918.2 1.000
 11918.3 1.000
 11918.4 1.000
 11918.5 1.000
 11918.6 1.000
 11918.7 1.000
 11918.8 0.999
 11918.9 0.999
 11919.0 0.999
 11919.1 0.999
 11919.2 0.999
 11919.3 0.999
 11919.4 1.000
 11919.5 1.000
 11919.6 1.000
 11919.7 1.000
 11919.8 1.000
 11919.9 1.000
 11920.0 1.000
 11920.1 1.000
 11920.2 1.000
 11920.3 0.999
 11920.4 0.998
 11920.5 0.995
 11920.6 0.995
 11920.7 0.998
 11920.8 0.999
 11920.9 0.999
 11921.0 0.999
 11921.1 0.999
 11921.2 0.995
 11921.3 0.990
 11921.4 0.991
 11921.5 0.997
 11921.6 0.999
 11921.7 1.000
 11921.8 1.000
 11921.9 1.000
 11922.0 1.000
 11922.1 1.000
 11922.2 1.000
 11922.3 0.998
 11922.4 0.995
 11922.5 0.996
 11922.6 0.998
 11922.7 0.998
 11922.8 0.999
 11922.9 1.000
 11923.0 1.000
 11923.1 1.000
 11923.2 1.000
 11923.3 1.000
 11923.4 1.000
 11923.5 1.000
 11923.6 1.000
 11923.7 1.000
 11923.8 1.000
 11923.9 1.000
 11924.0 1.000
 11924.1 1.000
 11924.2 1.000
 11924.3 1.000
 11924.4 0.999
 11924.5 0.999
 11924.6 0.999
 11924.7 0.999
 11924.8 1.000
 11924.9 1.000
 11925.0 1.000
 11925.1 1.000
 11925.2 1.000
 11925.3 1.000
 11925.4 1.000
 11925.5 1.000
 11925.6 1.000
 11925.7 1.000
 11925.8 1.000
 11925.9 0.998
 11926.0 0.991
 11926.1 0.984
 11926.2 0.987
 11926.3 0.993
 11926.4 0.996
 11926.5 0.998
 11926.6 0.999
 11926.7 1.000
 11926.8 1.000
 11926.9 1.000
 11927.0 1.000
 11927.1 1.000
 11927.2 1.000
 11927.3 1.000
 11927.4 1.000
 11927.5 1.000
 11927.6 1.000
 11927.7 0.999
 11927.8 0.998
 11927.9 0.998
 11928.0 0.999
 11928.1 0.998
 11928.2 0.994
 11928.3 0.993
 11928.4 0.997
 11928.5 1.000
 11928.6 1.000
 11928.7 1.000
 11928.8 1.000
 11928.9 1.000
 11929.0 0.998
 11929.1 0.996
 11929.2 0.996
 11929.3 0.998
 11929.4 0.999
 11929.5 1.000
 11929.6 1.000
 11929.7 1.000
 11929.8 1.000
 11929.9 1.000
 11930.0 1.000
 11930.1 1.000
 11930.2 1.000
 11930.3 1.000
 11930.4 1.000
 11930.5 1.000
 11930.6 1.000
 11930.7 1.000
 11930.8 1.000
 11930.9 1.000
 11931.0 1.000
 11931.1 1.000
 11931.2 0.999
 11931.3 0.997
 11931.4 0.997
 11931.5 0.999
 11931.6 1.000
 11931.7 1.000
 11931.8 1.000
 11931.9 1.000
 11932.0 1.000
 11932.1 1.000
 11932.2 1.000
 11932.3 1.000
 11932.4 1.000
 11932.5 1.000
 11932.6 1.000
 11932.7 1.000
 11932.8 1.000
 11932.9 1.000
 11933.0 1.000
 11933.1 1.000
 11933.2 1.000
 11933.3 1.000
 11933.4 1.000
 11933.5 1.000
 11933.6 1.000
 11933.7 1.000
 11933.8 1.000
 11933.9 1.000
 11934.0 1.000
 11934.1 1.000
 11934.2 1.000
 11934.3 1.000
 11934.4 1.000
 11934.5 0.999
 11934.6 0.999
 11934.7 1.000
 11934.8 1.000
 11934.9 0.998
 11935.0 0.996
 11935.1 0.995
 11935.2 0.997
 11935.3 0.999
 11935.4 0.999
 11935.5 0.999
 11935.6 1.000
 11935.7 1.000
 11935.8 1.000
 11935.9 1.000
 11936.0 1.000
 11936.1 1.000
 11936.2 1.000
 11936.3 1.000
 11936.4 1.000
 11936.5 0.999
 11936.6 1.000
 11936.7 1.000
 11936.8 0.999
 11936.9 0.998
 11937.0 0.993
 11937.1 0.988
 11937.2 0.989
 11937.3 0.995
 11937.4 0.998
 11937.5 0.999
 11937.6 0.999
 11937.7 1.000
 11937.8 1.000
 11937.9 1.000
 11938.0 1.000
 11938.1 1.000
 11938.2 1.000
 11938.3 1.000
 11938.4 0.997
 11938.5 0.979
 11938.6 0.954
 11938.7 0.962
 11938.8 0.989
 11938.9 0.998
 11939.0 0.999
 11939.1 0.999
 11939.2 0.998
 11939.3 0.998
 11939.4 0.999
 11939.5 1.000
 11939.6 1.000
 11939.7 1.000
 11939.8 1.000
 11939.9 1.000
 11940.0 0.999
 11940.1 0.999
 11940.2 0.991
 11940.3 0.948
 11940.4 0.914
 11940.5 0.945
 11940.6 0.989
 11940.7 0.999
 11940.8 0.999
 11940.9 1.000
 11941.0 1.000
 11941.1 0.999
 11941.2 0.996
 11941.3 0.991
 11941.4 0.991
 11941.5 0.996
 11941.6 0.999
 11941.7 1.000
 11941.8 1.000
 11941.9 0.999
 11942.0 0.999
 11942.1 0.999
 11942.2 1.000
 11942.3 0.999
 11942.4 0.998
 11942.5 0.995
 11942.6 0.989
 11942.7 0.985
 11942.8 0.991
 11942.9 0.998
 11943.0 1.000
 11943.1 1.000
 11943.2 0.999
 11943.3 0.996
 11943.4 0.977
 11943.5 0.955
 11943.6 0.966
 11943.7 0.992
 11943.8 0.999
 11943.9 1.000
 11944.0 1.000
 11944.1 1.000
 11944.2 1.000
 11944.3 1.000
 11944.4 0.999
 11944.5 0.997
 11944.6 0.976
 11944.7 0.952
 11944.8 0.964
 11944.9 0.992
 11945.0 0.999
 11945.1 0.999
 11945.2 1.000
 11945.3 1.000
 11945.4 1.000
 11945.5 1.000
 11945.6 0.999
 11945.7 1.000
 11945.8 1.000
 11945.9 0.999
 11946.0 0.998
 11946.1 0.989
 11946.2 0.978
 11946.3 0.983
 11946.4 0.995
 11946.5 0.998
 11946.6 0.987
 11946.7 0.956
 11946.8 0.946
 11946.9 0.972
 11947.0 0.993
 11947.1 0.999
 11947.2 0.999
 11947.3 0.999
 11947.4 0.999
 11947.5 0.998
 11947.6 0.997
 11947.7 0.996
 11947.8 0.997
 11947.9 0.998
 11948.0 0.998
 11948.1 0.998
 11948.2 0.998
 11948.3 0.991
 11948.4 0.964
 11948.5 0.949
 11948.6 0.970
 11948.7 0.992
 11948.8 0.994
 11948.9 0.992
 11949.0 0.987
 11949.1 0.971
 11949.2 0.945
 11949.3 0.889
 11949.4 0.713
 11949.5 0.528
 11949.6 0.535
 11949.7 0.728
 11949.8 0.912
 11949.9 0.969
 11950.0 0.972
 11950.1 0.950
 11950.2 0.949
 11950.3 0.977
 11950.4 0.994
 11950.5 0.996
 11950.6 0.997
 11950.7 0.998
 11950.8 0.998
 11950.9 0.998
 11951.0 0.998
 11951.1 0.999
 11951.2 0.999
 11951.3 0.998
 11951.4 0.998
 11951.5 0.999
 11951.6 0.999
 11951.7 0.999
 11951.8 0.999
 11951.9 0.999
 11952.0 0.999
 11952.1 0.999
 11952.2 0.999
 11952.3 0.999
 11952.4 0.999
 11952.5 0.999
 11952.6 0.999
 11952.7 0.999
 11952.8 0.999
 11952.9 0.999
 11953.0 1.000
 11953.1 0.999
 11953.2 0.999
 11953.3 1.000
 11953.4 0.999
 11953.5 0.999
 11953.6 0.999
 11953.7 0.999
 11953.8 0.999
 11953.9 0.999
 11954.0 0.998
 11954.1 0.991
 11954.2 0.964
 11954.3 0.951
 11954.4 0.969
 11954.5 0.989
 11954.6 0.996
 11954.7 0.998
 11954.8 0.998
 11954.9 0.998
 11955.0 0.998
 11955.1 0.997
 11955.2 0.997
 11955.3 0.995
 11955.4 0.993
 11955.5 0.990
 11955.6 0.983
 11955.7 0.963
 11955.8 0.892
 11955.9 0.793
 11956.0 0.786
 11956.1 0.881
 11956.2 0.958
 11956.3 0.982
 11956.4 0.989
 11956.5 0.992
 11956.6 0.995
 11956.7 0.996
 11956.8 0.997
 11956.9 0.997
 11957.0 0.998
 11957.1 0.994
 11957.2 0.971
 11957.3 0.951
 11957.4 0.968
 11957.5 0.993
 11957.6 0.999
 11957.7 0.999
 11957.8 0.997
 11957.9 0.981
 11958.0 0.955
 11958.1 0.960
 11958.2 0.982
 11958.3 0.968
 11958.4 0.949
 11958.5 0.967
 11958.6 0.993
 11958.7 0.999
 11958.8 0.999
 11958.9 0.999
 11959.0 1.000
 11959.1 0.999
 11959.2 0.998
 11959.3 0.993
 11959.4 0.989
 11959.5 0.992
 11959.6 0.996
 11959.7 0.995
 11959.8 0.996
 11959.9 0.999
 11960.0 1.000
 11960.1 1.000
 11960.2 1.000
 11960.3 1.000
 11960.4 1.000
 11960.5 1.000
 11960.6 1.000
 11960.7 1.000
 11960.8 1.000
 11960.9 0.999
 11961.0 0.991
 11961.1 0.964
 11961.2 0.952
 11961.3 0.976
 11961.4 0.997
 11961.5 0.999
 11961.6 0.999
 11961.7 0.986
 11961.8 0.958
 11961.9 0.956
 11962.0 0.984
 11962.1 0.998
 11962.2 1.000
 11962.3 1.000
 11962.4 1.000
 11962.5 1.000
 11962.6 1.000
 11962.7 1.000
 11962.8 1.000
 11962.9 1.000
 11963.0 1.000
 11963.1 0.999
 11963.2 0.999
 11963.3 0.999
 11963.4 0.999
 11963.5 1.000
 11963.6 1.000
 11963.7 1.000
 11963.8 1.000
 11963.9 1.000
 11964.0 1.000
 11964.1 1.000
 11964.2 0.999
 11964.3 0.999
 11964.4 0.996
 11964.5 0.975
 11964.6 0.952
 11964.7 0.964
 11964.8 0.992
 11964.9 0.999
 11965.0 1.000
 11965.1 1.000
 11965.2 1.000
 11965.3 0.999
 11965.4 0.996
 11965.5 0.991
 11965.6 0.992
 11965.7 0.998
 11965.8 1.000
 11965.9 1.000
 11966.0 1.000
 11966.1 1.000
 11966.2 0.999
 11966.3 0.999
 11966.4 0.989
 11966.5 0.959
 11966.6 0.936
 11966.7 0.942
 11966.8 0.968
 11966.9 0.993
 11967.0 0.999
 11967.1 0.999
 11967.2 0.999
 11967.3 1.000
 11967.4 1.000
 11967.5 1.000
 11967.6 1.000
 11967.7 1.000
 11967.8 1.000
 11967.9 1.000
 11968.0 1.000
 11968.1 1.000
 11968.2 1.000
 11968.3 1.000
 11968.4 1.000
 11968.5 1.000
 11968.6 1.000
 11968.7 1.000
 11968.8 1.000
 11968.9 0.999
 11969.0 0.993
 11969.1 0.988
 11969.2 0.988
 11969.3 0.987
 11969.4 0.985
 11969.5 0.985
 11969.6 0.984
 11969.7 0.984
 11969.8 0.983
 11969.9 0.981
 11970.0 0.980
 11970.1 0.977
 11970.2 0.972
 11970.3 0.965
 11970.4 0.959
 11970.5 0.956
 11970.6 0.960
 11970.7 0.966
 11970.8 0.966
 11970.9 0.963
 11971.0 0.957
 11971.1 0.934
 11971.2 0.900
 11971.3 0.895
 11971.4 0.921
 11971.5 0.935
 11971.6 0.932
 11971.7 0.924
 11971.8 0.916
 11971.9 0.906
 11972.0 0.895
 11972.1 0.881
 11972.2 0.864
 11972.3 0.845
 11972.4 0.821
 11972.5 0.788
 11972.6 0.742
 11972.7 0.693
 11972.8 0.602
 11972.9 0.463
 11973.0 0.368
 11973.1 0.372
 11973.2 0.473
 11973.3 0.611
 11973.4 0.706
 11973.5 0.752
 11973.6 0.752
 11973.7 0.636
 11973.8 0.498
 11973.9 0.506
 11974.0 0.673
 11974.1 0.834
 11974.2 0.887
 11974.3 0.905
 11974.4 0.917
 11974.5 0.927
 11974.6 0.935
 11974.7 0.941
 11974.8 0.947
 11974.9 0.951
 11975.0 0.955
 11975.1 0.953
 11975.2 0.951
 11975.3 0.956
 11975.4 0.965
 11975.5 0.969
 11975.6 0.972
 11975.7 0.974
 11975.8 0.976
 11975.9 0.977
 11976.0 0.978
 11976.1 0.977
 11976.2 0.966
 11976.3 0.944
 11976.4 0.937
 11976.5 0.940
 11976.6 0.952
 11976.7 0.975
 11976.8 0.985
 11976.9 0.981
 11977.0 0.957
 11977.1 0.948
 11977.2 0.973
 11977.3 0.996
 11977.4 0.999
 11977.5 0.999
 11977.6 0.999
 11977.7 0.999
 11977.8 0.999
 11977.9 0.999
 11978.0 1.000
 11978.1 1.000
 11978.2 1.000
 11978.3 1.000
 11978.4 0.999
 11978.5 0.999
 11978.6 1.000
 11978.7 1.000
 11978.8 1.000
 11978.9 0.999
 11979.0 0.998
 11979.1 0.991
 11979.2 0.980
 11979.3 0.983
 11979.4 0.995
 11979.5 0.999
 11979.6 1.000
 11979.7 1.000
 11979.8 1.000
 11979.9 0.999
 11980.0 0.998
 11980.1 0.996
 11980.2 0.997
 11980.3 0.993
 11980.4 0.971
 11980.5 0.951
 11980.6 0.968
 11980.7 0.992
 11980.8 0.997
 11980.9 0.997
 11981.0 0.995
 11981.1 0.992
 11981.2 0.975
 11981.3 0.959
 11981.4 0.971
 11981.5 0.991
 11981.6 0.995
 11981.7 0.989
 11981.8 0.966
 11981.9 0.951
 11982.0 0.968
 11982.1 0.989
 11982.2 0.993
 11982.3 0.993
 11982.4 0.992
 11982.5 0.991
 11982.6 0.990
 11982.7 0.985
 11982.8 0.965
 11982.9 0.948
 11983.0 0.960
 11983.1 0.977
 11983.2 0.978
 11983.3 0.974
 11983.4 0.969
 11983.5 0.962
 11983.6 0.952
 11983.7 0.939
 11983.8 0.918
 11983.9 0.880
 11984.0 0.801
 11984.1 0.688
 11984.2 0.631
 11984.3 0.692
 11984.4 0.805
 11984.5 0.882
 11984.6 0.918
 11984.7 0.939
 11984.8 0.953
 11984.9 0.962
 11985.0 0.969
 11985.1 0.975
 11985.2 0.978
 11985.3 0.981
 11985.4 0.984
 11985.5 0.986
 11985.6 0.988
 11985.7 0.989
 11985.8 0.991
 11985.9 0.992
 11986.0 0.992
 11986.1 0.993
 11986.2 0.993
 11986.3 0.991
 11986.4 0.989
 11986.5 0.991
 11986.6 0.994
 11986.7 0.995
 11986.8 0.996
 11986.9 0.996
 11987.0 0.995
 11987.1 0.984
 11987.2 0.964
 11987.3 0.966
 11987.4 0.975
 11987.5 0.960
 11987.6 0.962
 11987.7 0.985
 11987.8 0.995
 11987.9 0.996
 11988.0 0.996
 11988.1 0.992
 11988.2 0.989
 11988.3 0.991
 11988.4 0.996
 11988.5 0.998
 11988.6 0.998
 11988.7 0.998
 11988.8 0.997
 11988.9 0.992
 11989.0 0.971
 11989.1 0.956
 11989.2 0.973
 11989.3 0.992
 11989.4 0.988
 11989.5 0.966
 11989.6 0.959
 11989.7 0.979
 11989.8 0.994
 11989.9 0.995
 11990.0 0.995
 11990.1 0.994
 11990.2 0.992
 11990.3 0.989
 11990.4 0.987
 11990.5 0.987
 11990.6 0.987
 11990.7 0.985
 11990.8 0.982
 11990.9 0.977
 11991.0 0.969
 11991.1 0.954
 11991.2 0.921
 11991.3 0.874
 11991.4 0.805
 11991.5 0.722
 11991.6 0.698
 11991.7 0.775
 11991.8 0.874
 11991.9 0.930
 11992.0 0.952
 11992.1 0.947
 11992.2 0.935
 11992.3 0.951
 11992.4 0.973
 11992.5 0.953
 11992.6 0.921
 11992.7 0.940
 11992.8 0.980
 11992.9 0.992
 11993.0 0.994
 11993.1 0.994
 11993.2 0.992
 11993.3 0.988
 11993.4 0.987
 11993.5 0.992
 11993.6 0.996
 11993.7 0.997
 11993.8 0.997
 11993.9 0.997
 11994.0 0.996
 11994.1 0.986
 11994.2 0.968
 11994.3 0.969
 11994.4 0.981
 11994.5 0.964
 11994.6 0.954
 11994.7 0.976
 11994.8 0.994
 11994.9 0.997
 11995.0 0.998
 11995.1 0.999
 11995.2 0.999
 11995.3 0.999
 11995.4 0.996
 11995.5 0.976
 11995.6 0.956
 11995.7 0.969
 11995.8 0.993
 11995.9 0.998
 11996.0 0.992
 11996.1 0.973
 11996.2 0.971
 11996.3 0.989
 11996.4 0.999
 11996.5 1.000
 11996.6 1.000
 11996.7 1.000
 11996.8 1.000
 11996.9 0.999
 11997.0 0.997
 11997.1 0.981
 11997.2 0.967
 11997.3 0.978
 11997.4 0.995
 11997.5 0.999
 11997.6 1.000
 11997.7 1.000
 11997.8 1.000
 11997.9 1.000
 11998.0 1.000
 11998.1 0.999
 11998.2 0.999
 11998.3 1.000
 11998.4 1.000
 11998.5 1.000
 11998.6 1.000
 11998.7 1.000
 11998.8 1.000
 11998.9 1.000
 11999.0 1.000
 11999.1 1.000
 11999.2 1.000
 11999.3 1.000
 11999.4 1.000
 11999.5 1.000
 11999.6 1.000
 11999.7 1.000
 11999.8 1.000
 11999.9 1.000
 12000.0 1.000
 12000.1 0.999
 12000.2 0.993
 12000.3 0.977
 12000.4 0.973
 12000.5 0.989
 12000.6 0.998
 12000.7 0.998
 12000.8 0.982
 12000.9 0.952
 12001.0 0.950
 12001.1 0.981
 12001.2 0.997
 12001.3 0.998
 12001.4 0.988
 12001.5 0.963
 12001.6 0.958
 12001.7 0.972
 12001.8 0.964
 12001.9 0.966
 12002.0 0.985
 12002.1 0.982
 12002.2 0.970
 12002.3 0.979
 12002.4 0.995
 12002.5 0.999
 12002.6 0.999
 12002.7 0.991
 12002.8 0.967
 12002.9 0.954
 12003.0 0.961
 12003.1 0.974
 12003.2 0.983
 12003.3 0.971
 12003.4 0.965
 12003.5 0.983
 12003.6 0.997
 12003.7 0.999
 12003.8 0.999
 12003.9 0.998
 12004.0 0.995
 12004.1 0.977
 12004.2 0.966
 12004.3 0.978
 12004.4 0.986
 12004.5 0.972
 12004.6 0.974
 12004.7 0.991
 12004.8 0.997
 12004.9 0.993
 12005.0 0.992
 12005.1 0.995
 12005.2 0.992
 12005.3 0.979
 12005.4 0.966
 12005.5 0.967
 12005.6 0.979
 12005.7 0.981
 12005.8 0.981
 12005.9 0.990
 12006.0 0.998
 12006.1 0.998
 12006.2 0.997
 12006.3 0.997
 12006.4 0.999
 12006.5 1.000
 12006.6 1.000
 12006.7 1.000
 12006.8 1.000
 12006.9 1.000
 12007.0 0.999
 12007.1 0.999
 12007.2 0.999
 12007.3 0.999
 12007.4 0.999
 12007.5 1.000
 12007.6 1.000
 12007.7 1.000
 12007.8 1.000
 12007.9 1.000
 12008.0 1.000
 12008.1 1.000
 12008.2 0.999
 12008.3 0.993
 12008.4 0.972
 12008.5 0.955
 12008.6 0.948
 12008.7 0.956
 12008.8 0.980
 12008.9 0.995
 12009.0 0.997
 12009.1 0.997
 12009.2 0.998
 12009.3 0.999
 12009.4 1.000
 12009.5 0.999
 12009.6 0.994
 12009.7 0.971
 12009.8 0.949
 12009.9 0.964
 12010.0 0.990
 12010.1 0.983
 12010.2 0.959
 12010.3 0.962
 12010.4 0.985
 12010.5 0.982
 12010.6 0.970
 12010.7 0.976
 12010.8 0.979
 12010.9 0.971
 12011.0 0.967
 12011.1 0.976
 12011.2 0.992
 12011.3 0.999
 12011.4 1.000
 12011.5 1.000
 12011.6 0.999
 12011.7 0.999
 12011.8 1.000
 12011.9 1.000
 12012.0 1.000
 12012.1 1.000
 12012.2 1.000
 12012.3 1.000
 12012.4 1.000
 12012.5 0.999
 12012.6 0.999
 12012.7 0.998
 12012.8 0.999
 12012.9 0.999
 12013.0 0.999
 12013.1 0.999
 12013.2 0.995
 12013.3 0.989
 12013.4 0.990
 12013.5 0.996
 12013.6 0.996
 12013.7 0.980
 12013.8 0.962
 12013.9 0.961
 12014.0 0.974
 12014.1 0.972
 12014.2 0.958
 12014.3 0.970
 12014.4 0.993
 12014.5 0.999
 12014.6 1.000
 12014.7 1.000
 12014.8 1.000
 12014.9 1.000
 12015.0 1.000
 12015.1 1.000
 12015.2 1.000
 12015.3 1.000
 12015.4 1.000
 12015.5 0.999
 12015.6 0.998
 12015.7 0.988
 12015.8 0.958
 12015.9 0.943
 12016.0 0.966
 12016.1 0.985
 12016.2 0.976
 12016.3 0.959
 12016.4 0.962
 12016.5 0.980
 12016.6 0.995
 12016.7 0.998
 12016.8 0.999
 12016.9 1.000
 12017.0 0.999
 12017.1 0.999
 12017.2 0.992
 12017.3 0.972
 12017.4 0.955
 12017.5 0.967
 12017.6 0.988
 12017.7 0.994
 12017.8 0.997
 12017.9 0.998
 12018.0 0.997
 12018.1 0.989
 12018.2 0.975
 12018.3 0.973
 12018.4 0.985
 12018.5 0.996
 12018.6 0.999
 12018.7 1.000
 12018.8 1.000
 12018.9 1.000
 12019.0 1.000
 12019.1 1.000
 12019.2 0.999
 12019.3 0.999
 12019.4 0.999
 12019.5 0.999
 12019.6 0.999
 12019.7 0.999
 12019.8 0.999
 12019.9 0.994
 12020.0 0.961
 12020.1 0.919
 12020.2 0.920
 12020.3 0.956
 12020.4 0.975
 12020.5 0.982
 12020.6 0.992
 12020.7 0.998
 12020.8 0.999
 12020.9 1.000
 12021.0 1.000
 12021.1 1.000
 12021.2 1.000
 12021.3 1.000
 12021.4 1.000
 12021.5 1.000
 12021.6 1.000
 12021.7 0.999
 12021.8 0.999
 12021.9 0.999
 12022.0 0.999
 12022.1 0.999
 12022.2 0.999
 12022.3 1.000
 12022.4 1.000
 12022.5 0.999
 12022.6 0.995
 12022.7 0.991
 12022.8 0.993
 12022.9 0.997
 12023.0 0.999
 12023.1 1.000
 12023.2 0.999
 12023.3 0.999
 12023.4 0.999
 12023.5 1.000
 12023.6 1.000
 12023.7 1.000
 12023.8 1.000
 12023.9 1.000
 12024.0 1.000
 12024.1 1.000
 12024.2 1.000
 12024.3 1.000
 12024.4 1.000
 12024.5 1.000
 12024.6 1.000
 12024.7 0.999
 12024.8 0.995
 12024.9 0.975
 12025.0 0.964
 12025.1 0.980
 12025.2 0.996
 12025.3 0.998
 12025.4 0.998
 12025.5 0.995
 12025.6 0.976
 12025.7 0.950
 12025.8 0.943
 12025.9 0.966
 12026.0 0.991
 12026.1 0.999
 12026.2 0.999
 12026.3 0.997
 12026.4 0.981
 12026.5 0.960
 12026.6 0.965
 12026.7 0.981
 12026.8 0.988
 12026.9 0.996
 12027.0 0.999
 12027.1 0.999
 12027.2 0.999
 12027.3 0.996
 12027.4 0.976
 12027.5 0.958
 12027.6 0.970
 12027.7 0.992
 12027.8 0.995
 12027.9 0.992
 12028.0 0.987
 12028.1 0.988
 12028.2 0.993
 12028.3 0.995
 12028.4 0.995
 12028.5 0.995
 12028.6 0.995
 12028.7 0.994
 12028.8 0.994
 12028.9 0.993
 12029.0 0.993
 12029.1 0.993
 12029.2 0.992
 12029.3 0.991
 12029.4 0.991
 12029.5 0.990
 12029.6 0.989
 12029.7 0.988
 12029.8 0.987
 12029.9 0.985
 12030.0 0.978
 12030.1 0.968
 12030.2 0.968
 12030.3 0.973
 12030.4 0.972
 12030.5 0.968
 12030.6 0.962
 12030.7 0.955
 12030.8 0.946
 12030.9 0.934
 12031.0 0.918
 12031.1 0.894
 12031.2 0.854
 12031.3 0.771
 12031.4 0.655
 12031.5 0.591
 12031.6 0.646
 12031.7 0.762
 12031.8 0.849
 12031.9 0.892
 12032.0 0.916
 12032.1 0.933
 12032.2 0.946
 12032.3 0.955
 12032.4 0.962
 12032.5 0.967
 12032.6 0.964
 12032.7 0.948
 12032.8 0.948
 12032.9 0.965
 12033.0 0.971
 12033.1 0.974
 12033.2 0.983
 12033.3 0.987
 12033.4 0.988
 12033.5 0.990
 12033.6 0.991
 12033.7 0.991
 12033.8 0.992
 12033.9 0.993
 12034.0 0.993
 12034.1 0.988
 12034.2 0.980
 12034.3 0.982
 12034.4 0.992
 12034.5 0.995
 12034.6 0.995
 12034.7 0.996
 12034.8 0.996
 12034.9 0.996
 12035.0 0.996
 12035.1 0.996
 12035.2 0.996
 12035.3 0.996
 12035.4 0.993
 12035.5 0.976
 12035.6 0.960
 12035.7 0.970
 12035.8 0.986
 12035.9 0.992
 12036.0 0.997
 12036.1 0.999
 12036.2 0.999
 12036.3 0.999
 12036.4 1.000
 12036.5 1.000
 12036.6 1.000
 12036.7 1.000
 12036.8 1.000
 12036.9 1.000
 12037.0 1.000
 12037.1 0.999
 12037.2 0.998
 12037.3 0.995
 12037.4 0.993
 12037.5 0.997
 12037.6 0.999
 12037.7 1.000
 12037.8 1.000
 12037.9 0.999
 12038.0 0.995
 12038.1 0.974
 12038.2 0.961
 12038.3 0.976
 12038.4 0.996
 12038.5 0.999
 12038.6 0.997
 12038.7 0.992
 12038.8 0.990
 12038.9 0.994
 12039.0 0.998
 12039.1 0.999
 12039.2 0.998
 12039.3 0.998
 12039.4 0.997
 12039.5 0.994
 12039.6 0.988
 12039.7 0.973
 12039.8 0.962
 12039.9 0.967
 12040.0 0.983
 12040.1 0.993
 12040.2 0.996
 12040.3 0.996
 12040.4 0.992
 12040.5 0.991
 12040.6 0.995
 12040.7 0.997
 12040.8 0.997
 12040.9 0.997
 12041.0 0.996
 12041.1 0.979
 12041.2 0.962
 12041.3 0.973
 12041.4 0.994
 12041.5 0.999
 12041.6 0.999
 12041.7 0.997
 12041.8 0.996
 12041.9 0.997
 12042.0 0.997
 12042.1 0.983
 12042.2 0.962
 12042.3 0.968
 12042.4 0.991
 12042.5 0.999
 12042.6 1.000
 12042.7 1.000
 12042.8 1.000
 12042.9 1.000
 12043.0 1.000
 12043.1 1.000
 12043.2 1.000
 12043.3 1.000
 12043.4 1.000
 12043.5 1.000
 12043.6 1.000
 12043.7 0.999
 12043.8 0.999
 12043.9 0.996
 12044.0 0.983
 12044.1 0.970
 12044.2 0.978
 12044.3 0.993
 12044.4 0.998
 12044.5 0.997
 12044.6 0.997
 12044.7 0.999
 12044.8 0.999
 12044.9 0.999
 12045.0 0.996
 12045.1 0.992
 12045.2 0.993
 12045.3 0.997
 12045.4 0.999
 12045.5 0.993
 12045.6 0.972
 12045.7 0.963
 12045.8 0.982
 12045.9 0.997
 12046.0 0.997
 12046.1 0.984
 12046.2 0.964
 12046.3 0.969
 12046.4 0.988
 12046.5 0.989
 12046.6 0.989
 12046.7 0.996
 12046.8 0.998
 12046.9 0.988
 12047.0 0.964
 12047.1 0.961
 12047.2 0.985
 12047.3 0.998
 12047.4 1.000
 12047.5 1.000
 12047.6 1.000
 12047.7 1.000
 12047.8 1.000
 12047.9 0.999
 12048.0 0.999
 12048.1 0.999
 12048.2 1.000
 12048.3 1.000
 12048.4 1.000
 12048.5 1.000
 12048.6 0.997
 12048.7 0.993
 12048.8 0.994
 12048.9 0.998
 12049.0 1.000
 12049.1 1.000
 12049.2 1.000
 12049.3 1.000
 12049.4 1.000
 12049.5 1.000
 12049.6 1.000
 12049.7 1.000
 12049.8 0.999
 12049.9 0.998
