 10100.0 1.000
 10100.1 0.995
 10100.2 0.985
 10100.3 0.990
 10100.4 0.999
 10100.5 1.000
 10100.6 1.000
 10100.7 1.000
 10100.8 1.000
 10100.9 1.000
 10101.0 1.000
 10101.1 1.000
 10101.2 1.000
 10101.3 1.000
 10101.4 1.000
 10101.5 0.999
 10101.6 0.998
 10101.7 0.999
 10101.8 0.999
 10101.9 1.000
 10102.0 0.998
 10102.1 0.995
 10102.2 0.997
 10102.3 0.999
 10102.4 1.000
 10102.5 1.000
 10102.6 1.000
 10102.7 1.000
 10102.8 1.000
 10102.9 0.999
 10103.0 0.998
 10103.1 0.999
 10103.2 0.999
 10103.3 0.995
 10103.4 0.953
 10103.5 0.872
 10103.6 0.865
 10103.7 0.928
 10103.8 0.981
 10103.9 0.994
 10104.0 0.998
 10104.1 0.998
 10104.2 0.994
 10104.3 0.981
 10104.4 0.981
 10104.5 0.995
 10104.6 0.999
 10104.7 0.995
 10104.8 0.992
 10104.9 0.996
 10105.0 0.996
 10105.1 0.951
 10105.2 0.879
 10105.3 0.925
 10105.4 0.990
 10105.5 0.996
 10105.6 0.995
 10105.7 0.996
 10105.8 0.998
 10105.9 0.999
 10106.0 0.999
 10106.1 1.000
 10106.2 1.000
 10106.3 1.000
 10106.4 1.000
 10106.5 1.000
 10106.6 0.998
 10106.7 0.990
 10106.8 0.985
 10106.9 0.991
 10107.0 0.997
 10107.1 1.000
 10107.2 1.000
 10107.3 1.000
 10107.4 1.000
 10107.5 1.000
 10107.6 1.000
 10107.7 0.998
 10107.8 0.991
 10107.9 0.985
 10108.0 0.936
 10108.1 0.900
 10108.2 0.960
 10108.3 0.997
 10108.4 0.998
 10108.5 0.989
 10108.6 0.980
 10108.7 0.979
 10108.8 0.970
 10108.9 0.925
 10109.0 0.933
 10109.1 0.987
 10109.2 0.999
 10109.3 0.999
 10109.4 0.992
 10109.5 0.990
 10109.6 0.997
 10109.7 1.000
 10109.8 1.000
 10109.9 1.000
 10110.0 1.000
 10110.1 1.000
 10110.2 1.000
 10110.3 0.999
 10110.4 0.996
 10110.5 0.963
 10110.6 0.910
 10110.7 0.940
 10110.8 0.933
 10110.9 0.867
 10111.0 0.927
 10111.1 0.991
 10111.2 0.993
 10111.3 0.995
 10111.4 0.998
 10111.5 0.998
 10111.6 0.997
 10111.7 0.996
 10111.8 0.996
 10111.9 0.994
 10112.0 0.990
 10112.1 0.960
 10112.2 0.874
 10112.3 0.894
 10112.4 0.977
 10112.5 0.994
 10112.6 0.996
 10112.7 0.997
 10112.8 0.988
 10112.9 0.982
 10113.0 0.993
 10113.1 0.991
 10113.2 0.976
 10113.3 0.983
 10113.4 0.997
 10113.5 0.997
 10113.6 0.989
 10113.7 0.989
 10113.8 0.993
 10113.9 0.954
 10114.0 0.895
 10114.1 0.932
 10114.2 0.988
 10114.3 0.997
 10114.4 0.988
 10114.5 0.976
 10114.6 0.988
 10114.7 0.998
 10114.8 0.999
 10114.9 0.999
 10115.0 0.985
 10115.1 0.905
 10115.2 0.873
 10115.3 0.958
 10115.4 0.997
 10115.5 0.999
 10115.6 0.999
 10115.7 0.999
 10115.8 0.998
 10115.9 0.990
 10116.0 0.980
 10116.1 0.984
 10116.2 0.961
 10116.3 0.864
 10116.4 0.836
 10116.5 0.926
 10116.6 0.989
 10116.7 0.996
 10116.8 0.957
 10116.9 0.882
 10117.0 0.917
 10117.1 0.988
 10117.2 0.999
 10117.3 0.998
 10117.4 0.975
 10117.5 0.895
 10117.6 0.899
 10117.7 0.978
 10117.8 0.998
 10117.9 0.999
 10118.0 0.999
 10118.1 0.998
 10118.2 0.994
 10118.3 0.994
 10118.4 0.997
 10118.5 0.997
 10118.6 0.994
 10118.7 0.933
 10118.8 0.856
 10118.9 0.920
 10119.0 0.991
 10119.1 0.994
 10119.2 0.993
 10119.3 0.997
 10119.4 0.999
 10119.5 0.999
 10119.6 0.998
 10119.7 0.999
 10119.8 1.000
 10119.9 1.000
 10120.0 1.000
 10120.1 1.000
 10120.2 1.000
 10120.3 0.998
 10120.4 0.995
 10120.5 0.996
 10120.6 0.998
 10120.7 0.991
 10120.8 0.926
 10120.9 0.867
 10121.0 0.934
 10121.1 0.992
 10121.2 0.997
 10121.3 0.998
 10121.4 0.998
 10121.5 0.999
 10121.6 0.999
 10121.7 1.000
 10121.8 1.000
 10121.9 1.000
 10122.0 1.000
 10122.1 1.000
 10122.2 1.000
 10122.3 1.000
 10122.4 1.000
 10122.5 1.000
 10122.6 1.000
 10122.7 1.000
 10122.8 1.000
 10122.9 1.000
 10123.0 1.000
 10123.1 1.000
 10123.2 1.000
 10123.3 0.999
 10123.4 0.991
 10123.5 0.988
 10123.6 0.995
 10123.7 0.972
 10123.8 0.901
 10123.9 0.901
 10124.0 0.907
 10124.1 0.916
 10124.2 0.975
 10124.3 0.985
 10124.4 0.991
 10124.5 0.998
 10124.6 0.985
 10124.7 0.916
 10124.8 0.883
 10124.9 0.956
 10125.0 0.997
 10125.1 0.998
 10125.2 0.998
 10125.3 0.999
 10125.4 1.000
 10125.5 1.000
 10125.6 1.000
 10125.7 1.000
 10125.8 1.000
 10125.9 1.000
 10126.0 1.000
 10126.1 0.999
 10126.2 0.999
 10126.3 0.999
 10126.4 0.998
 10126.5 0.996
 10126.6 0.997
 10126.7 0.999
 10126.8 1.000
 10126.9 1.000
 10127.0 0.999
 10127.1 0.996
 10127.2 0.946
 10127.3 0.854
 10127.4 0.854
 10127.5 0.945
 10127.6 0.995
 10127.7 0.999
 10127.8 0.999
 10127.9 0.998
 10128.0 0.998
 10128.1 0.998
 10128.2 0.997
 10128.3 0.995
 10128.4 0.987
 10128.5 0.983
 10128.6 0.989
 10128.7 0.981
 10128.8 0.985
 10128.9 0.998
 10129.0 0.999
 10129.1 0.999
 10129.2 0.999
 10129.3 1.000
 10129.4 0.996
 10129.5 0.991
 10129.6 0.995
 10129.7 0.996
 10129.8 0.994
 10129.9 0.998
 10130.0 1.000
 10130.1 1.000
 10130.2 1.000
 10130.3 1.000
 10130.4 1.000
 10130.5 1.000
 10130.6 1.000
 10130.7 1.000
 10130.8 1.000
 10130.9 1.000
 10131.0 1.000
 10131.1 1.000
 10131.2 0.999
 10131.3 0.998
 10131.4 0.997
 10131.5 0.997
 10131.6 0.999
 10131.7 1.000
 10131.8 1.000
 10131.9 1.000
 10132.0 1.000
 10132.1 1.000
 10132.2 1.000
 10132.3 0.999
 10132.4 0.992
 10132.5 0.925
 10132.6 0.870
 10132.7 0.942
 10132.8 0.995
 10132.9 0.999
 10133.0 0.999
 10133.1 0.999
 10133.2 0.997
 10133.3 0.986
 10133.4 0.974
 10133.5 0.907
 10133.6 0.844
 10133.7 0.927
 10133.8 0.994
 10133.9 0.999
 10134.0 0.999
 10134.1 0.998
 10134.2 0.998
 10134.3 0.998
 10134.4 0.999
 10134.5 0.999
 10134.6 0.999
 10134.7 0.996
 10134.8 0.945
 10134.9 0.871
 10135.0 0.914
 10135.1 0.980
 10135.2 0.995
 10135.3 0.998
 10135.4 0.999
 10135.5 0.998
 10135.6 0.998
 10135.7 0.998
 10135.8 0.977
 10135.9 0.913
 10136.0 0.921
 10136.1 0.983
 10136.2 0.991
 10136.3 0.929
 10136.4 0.873
 10136.5 0.911
 10136.6 0.873
 10136.7 0.856
 10136.8 0.931
 10136.9 0.987
 10137.0 0.993
 10137.1 0.968
 10137.2 0.910
 10137.3 0.928
 10137.4 0.986
 10137.5 0.998
 10137.6 0.999
 10137.7 0.999
 10137.8 0.999
 10137.9 0.999
 10138.0 0.995
 10138.1 0.944
 10138.2 0.872
 10138.3 0.924
 10138.4 0.991
 10138.5 0.998
 10138.6 0.998
 10138.7 0.998
 10138.8 0.998
 10138.9 0.998
 10139.0 0.998
 10139.1 0.999
 10139.2 1.000
 10139.3 1.000
 10139.4 1.000
 10139.5 1.000
 10139.6 1.000
 10139.7 0.999
 10139.8 0.996
 10139.9 0.947
 10140.0 0.859
 10140.1 0.902
 10140.2 0.973
 10140.3 0.982
 10140.4 0.994
 10140.5 0.999
 10140.6 1.000
 10140.7 1.000
 10140.8 1.000
 10140.9 0.999
 10141.0 0.998
 10141.1 0.998
 10141.2 0.999
 10141.3 0.999
 10141.4 0.999
 10141.5 0.999
 10141.6 1.000
 10141.7 1.000
 10141.8 1.000
 10141.9 1.000
 10142.0 1.000
 10142.1 1.000
 10142.2 1.000
 10142.3 1.000
 10142.4 0.999
 10142.5 0.998
 10142.6 0.996
 10142.7 0.992
 10142.8 0.979
 10142.9 0.981
 10143.0 0.995
 10143.1 0.999
 10143.2 0.999
 10143.3 0.999
 10143.4 0.997
 10143.5 0.997
 10143.6 0.999
 10143.7 0.998
 10143.8 0.991
 10143.9 0.989
 10144.0 0.996
 10144.1 0.999
 10144.2 0.999
 10144.3 0.998
 10144.4 0.997
 10144.5 0.997
 10144.6 0.998
 10144.7 0.998
 10144.8 0.998
 10144.9 0.997
 10145.0 0.996
 10145.1 0.994
 10145.2 0.988
 10145.3 0.973
 10145.4 0.913
 10145.5 0.790
 10145.6 0.779
 10145.7 0.902
 10145.8 0.973
 10145.9 0.987
 10146.0 0.992
 10146.1 0.982
 10146.2 0.889
 10146.3 0.795
 10146.4 0.886
 10146.5 0.984
 10146.6 0.991
 10146.7 0.927
 10146.8 0.823
 10146.9 0.836
 10147.0 0.939
 10147.1 0.978
 10147.2 0.902
 10147.3 0.879
 10147.4 0.962
 10147.5 0.997
 10147.6 0.999
 10147.7 0.999
 10147.8 0.998
 10147.9 0.999
 10148.0 0.999
 10148.1 1.000
 10148.2 1.000
 10148.3 1.000
 10148.4 1.000
 10148.5 1.000
 10148.6 1.000
 10148.7 1.000
 10148.8 0.999
 10148.9 0.999
 10149.0 0.996
 10149.1 0.973
 10149.2 0.927
 10149.3 0.949
 10149.4 0.993
 10149.5 0.999
 10149.6 0.999
 10149.7 0.998
 10149.8 0.996
 10149.9 0.997
 10150.0 0.996
 10150.1 0.985
 10150.2 0.985
 10150.3 0.997
 10150.4 1.000
 10150.5 1.000
 10150.6 1.000
 10150.7 1.000
 10150.8 1.000
 10150.9 1.000
 10151.0 1.000
 10151.1 1.000
 10151.2 1.000
 10151.3 0.998
 10151.4 0.993
 10151.5 0.993
 10151.6 0.999
 10151.7 1.000
 10151.8 1.000
 10151.9 1.000
 10152.0 1.000
 10152.1 1.000
 10152.2 1.000
 10152.3 1.000
 10152.4 1.000
 10152.5 1.000
 10152.6 1.000
 10152.7 0.999
 10152.8 0.999
 10152.9 0.999
 10153.0 0.999
 10153.1 0.998
 10153.2 0.980
 10153.3 0.913
 10153.4 0.908
 10153.5 0.974
 10153.6 0.995
 10153.7 0.997
 10153.8 0.995
 10153.9 0.957
 10154.0 0.895
 10154.1 0.930
 10154.2 0.981
 10154.3 0.981
 10154.4 0.988
 10154.5 0.998
 10154.6 0.999
 10154.7 0.999
 10154.8 0.998
 10154.9 0.996
 10155.0 0.968
 10155.1 0.861
 10155.2 0.838
 10155.3 0.947
 10155.4 0.994
 10155.5 0.998
 10155.6 0.999
 10155.7 0.999
 10155.8 0.998
 10155.9 0.994
 10156.0 0.934
 10156.1 0.850
 10156.2 0.910
 10156.3 0.987
 10156.4 0.982
 10156.5 0.965
 10156.6 0.979
 10156.7 0.996
 10156.8 0.997
 10156.9 0.987
 10157.0 0.980
 10157.1 0.976
 10157.2 0.888
 10157.3 0.846
 10157.4 0.944
 10157.5 0.996
 10157.6 0.999
 10157.7 0.999
 10157.8 0.999
 10157.9 0.991
 10158.0 0.915
 10158.1 0.849
 10158.2 0.926
 10158.3 0.986
 10158.4 0.995
 10158.5 0.999
 10158.6 0.999
 10158.7 0.999
 10158.8 0.999
 10158.9 0.999
 10159.0 0.999
 10159.1 0.999
 10159.2 0.999
 10159.3 1.000
 10159.4 1.000
 10159.5 1.000
 10159.6 1.000
 10159.7 1.000
 10159.8 1.000
 10159.9 1.000
 10160.0 1.000
 10160.1 1.000
 10160.2 1.000
 10160.3 0.999
 10160.4 0.999
 10160.5 0.998
 10160.6 0.997
 10160.7 0.996
 10160.8 0.981
 10160.9 0.903
 10161.0 0.883
 10161.1 0.947
 10161.2 0.974
 10161.3 0.986
 10161.4 0.987
 10161.5 0.995
 10161.6 0.999
 10161.7 0.998
 10161.8 0.992
 10161.9 0.925
 10162.0 0.863
 10162.1 0.933
 10162.2 0.993
 10162.3 0.998
 10162.4 0.999
 10162.5 0.998
 10162.6 0.993
 10162.7 0.992
 10162.8 0.996
 10162.9 0.999
 10163.0 0.998
 10163.1 0.998
 10163.2 0.997
 10163.3 0.996
 10163.4 0.998
 10163.5 0.993
 10163.6 0.991
 10163.7 0.997
 10163.8 1.000
 10163.9 1.000
 10164.0 0.999
 10164.1 0.998
 10164.2 0.998
 10164.3 0.997
 10164.4 0.966
 10164.5 0.898
 10164.6 0.920
 10164.7 0.983
 10164.8 0.997
 10164.9 0.996
 10165.0 0.990
 10165.1 0.921
 10165.2 0.850
 10165.3 0.924
 10165.4 0.993
 10165.5 0.997
 10165.6 0.995
 10165.7 0.997
 10165.8 1.000
 10165.9 1.000
 10166.0 1.000
 10166.1 1.000
 10166.2 1.000
 10166.3 1.000
 10166.4 1.000
 10166.5 1.000
 10166.6 1.000
 10166.7 0.999
 10166.8 0.999
 10166.9 0.999
 10167.0 0.999
 10167.1 0.998
 10167.2 0.996
 10167.3 0.967
 10167.4 0.848
 10167.5 0.787
 10167.6 0.888
 10167.7 0.977
 10167.8 0.997
 10167.9 0.998
 10168.0 0.999
 10168.1 0.999
 10168.2 0.999
 10168.3 0.997
 10168.4 0.967
 10168.5 0.916
 10168.6 0.945
 10168.7 0.993
 10168.8 0.999
 10168.9 0.999
 10169.0 0.999
 10169.1 0.999
 10169.2 0.994
 10169.3 0.927
 10169.4 0.841
 10169.5 0.908
 10169.6 0.986
 10169.7 0.952
 10169.8 0.898
 10169.9 0.941
 10170.0 0.991
 10170.1 0.998
 10170.2 0.999
 10170.3 0.994
 10170.4 0.956
 10170.5 0.926
 10170.6 0.913
 10170.7 0.844
 10170.8 0.893
 10170.9 0.972
 10171.0 0.911
 10171.1 0.881
 10171.2 0.959
 10171.3 0.997
 10171.4 0.998
 10171.5 0.997
 10171.6 0.998
 10171.7 0.999
 10171.8 0.999
 10171.9 0.998
 10172.0 0.997
 10172.1 0.999
 10172.2 1.000
 10172.3 1.000
 10172.4 0.999
 10172.5 0.998
 10172.6 0.995
 10172.7 0.976
 10172.8 0.941
 10172.9 0.962
 10173.0 0.995
 10173.1 0.999
 10173.2 0.998
 10173.3 0.997
 10173.4 0.997
 10173.5 0.999
 10173.6 1.000
 10173.7 1.000
 10173.8 1.000
 10173.9 0.996
 10174.0 0.993
 10174.1 0.996
 10174.2 0.999
 10174.3 1.000
 10174.4 1.000
 10174.5 0.997
 10174.6 0.994
 10174.7 0.997
 10174.8 1.000
 10174.9 1.000
 10175.0 1.000
 10175.1 0.999
 10175.2 0.999
 10175.3 0.996
 10175.4 0.993
 10175.5 0.996
 10175.6 0.999
 10175.7 0.999
 10175.8 1.000
 10175.9 1.000
 10176.0 1.000
 10176.1 0.999
 10176.2 0.998
 10176.3 0.993
 10176.4 0.992
 10176.5 0.997
 10176.6 0.999
 10176.7 0.999
 10176.8 0.998
 10176.9 0.996
 10177.0 0.993
 10177.1 0.992
 10177.2 0.995
 10177.3 0.997
 10177.4 0.998
 10177.5 0.986
 10177.6 0.921
 10177.7 0.898
 10177.8 0.968
 10177.9 0.998
 10178.0 0.999
 10178.1 0.999
 10178.2 0.999
 10178.3 0.987
 10178.4 0.908
 10178.5 0.869
 10178.6 0.952
 10178.7 0.996
 10178.8 0.994
 10178.9 0.984
 10179.0 0.986
 10179.1 0.996
 10179.2 0.999
 10179.3 0.999
 10179.4 0.998
 10179.5 0.997
 10179.6 0.997
 10179.7 0.985
 10179.8 0.901
 10179.9 0.842
 10180.0 0.928
 10180.1 0.991
 10180.2 0.999
 10180.3 0.999
 10180.4 1.000
 10180.5 1.000
 10180.6 0.999
 10180.7 1.000
 10180.8 1.000
 10180.9 1.000
 10181.0 1.000
 10181.1 1.000
 10181.2 1.000
 10181.3 1.000
 10181.4 1.000
 10181.5 1.000
 10181.6 1.000
 10181.7 1.000
 10181.8 0.999
 10181.9 0.999
 10182.0 0.999
 10182.1 0.999
 10182.2 0.999
 10182.3 0.999
 10182.4 0.998
 10182.5 0.997
 10182.6 0.995
 10182.7 0.979
 10182.8 0.886
 10182.9 0.830
 10183.0 0.927
 10183.1 0.987
 10183.2 0.989
 10183.3 0.994
 10183.4 0.997
 10183.5 0.998
 10183.6 0.998
 10183.7 0.999
 10183.8 0.999
 10183.9 0.999
 10184.0 0.999
 10184.1 1.000
 10184.2 1.000
 10184.3 0.999
 10184.4 0.999
 10184.5 0.999
 10184.6 0.998
 10184.7 0.976
 10184.8 0.874
 10184.9 0.847
 10185.0 0.952
 10185.1 0.997
 10185.2 0.999
 10185.3 0.999
 10185.4 0.998
 10185.5 0.992
 10185.6 0.993
 10185.7 0.999
 10185.8 0.999
 10185.9 0.999
 10186.0 0.999
 10186.1 0.999
 10186.2 0.999
 10186.3 0.998
 10186.4 0.988
 10186.5 0.920
 10186.6 0.886
 10186.7 0.951
 10186.8 0.940
 10186.9 0.908
 10187.0 0.957
 10187.1 0.991
 10187.2 0.998
 10187.3 0.999
 10187.4 1.000
 10187.5 1.000
 10187.6 0.999
 10187.7 0.999
 10187.8 0.998
 10187.9 0.997
 10188.0 0.998
 10188.1 0.999
 10188.2 0.999
 10188.3 0.999
 10188.4 0.999
 10188.5 0.999
 10188.6 0.998
 10188.7 0.998
 10188.8 0.997
 10188.9 0.961
 10189.0 0.875
 10189.1 0.857
 10189.2 0.929
 10189.3 0.987
 10189.4 0.998
 10189.5 0.999
 10189.6 0.999
 10189.7 0.999
 10189.8 0.998
 10189.9 0.998
 10190.0 0.999
 10190.1 1.000
 10190.2 1.000
 10190.3 1.000
 10190.4 1.000
 10190.5 1.000
 10190.6 1.000
 10190.7 0.999
 10190.8 0.997
 10190.9 0.996
 10191.0 0.998
 10191.1 1.000
 10191.2 1.000
 10191.3 1.000
 10191.4 1.000
 10191.5 1.000
 10191.6 0.999
 10191.7 0.995
 10191.8 0.936
 10191.9 0.847
 10192.0 0.904
 10192.1 0.988
 10192.2 0.999
 10192.3 0.999
 10192.4 0.999
 10192.5 0.999
 10192.6 0.999
 10192.7 0.998
 10192.8 0.998
 10192.9 0.997
 10193.0 0.994
 10193.1 0.970
 10193.2 0.924
 10193.3 0.887
 10193.4 0.815
 10193.5 0.847
 10193.6 0.961
 10193.7 0.993
 10193.8 0.994
 10193.9 0.997
 10194.0 0.999
 10194.1 0.999
 10194.2 0.993
 10194.3 0.980
 10194.4 0.986
 10194.5 0.998
 10194.6 0.999
 10194.7 0.999
 10194.8 0.997
 10194.9 0.980
 10195.0 0.915
 10195.1 0.857
 10195.2 0.919
 10195.3 0.960
 10195.4 0.892
 10195.5 0.907
 10195.6 0.981
 10195.7 0.998
 10195.8 0.997
 10195.9 0.990
 10196.0 0.990
 10196.1 0.998
 10196.2 1.000
 10196.3 0.999
 10196.4 0.998
 10196.5 0.998
 10196.6 0.999
 10196.7 0.999
 10196.8 0.998
 10196.9 0.988
 10197.0 0.981
 10197.1 0.991
 10197.2 0.999
 10197.3 0.999
 10197.4 0.999
 10197.5 0.999
 10197.6 0.994
 10197.7 0.924
 10197.8 0.832
 10197.9 0.900
 10198.0 0.988
 10198.1 0.999
 10198.2 0.999
 10198.3 0.999
 10198.4 0.998
 10198.5 0.998
 10198.6 0.999
 10198.7 0.999
 10198.8 1.000
 10198.9 1.000
 10199.0 1.000
 10199.1 0.999
 10199.2 0.999
 10199.3 1.000
 10199.4 1.000
 10199.5 1.000
 10199.6 1.000
 10199.7 1.000
 10199.8 1.000
 10199.9 1.000
 10200.0 0.999
 10200.1 0.996
 10200.2 0.967
 10200.3 0.941
 10200.4 0.972
 10200.5 0.971
 10200.6 0.867
 10200.7 0.847
 10200.8 0.955
 10200.9 0.997
 10201.0 0.999
 10201.1 0.996
 10201.2 0.994
 10201.3 0.998
 10201.4 0.999
 10201.5 0.996
 10201.6 0.995
 10201.7 0.998
 10201.8 0.999
 10201.9 0.999
 10202.0 0.999
 10202.1 0.997
 10202.2 0.961
 10202.3 0.886
 10202.4 0.916
 10202.5 0.987
 10202.6 0.998
 10202.7 0.999
 10202.8 0.999
 10202.9 0.999
 10203.0 0.998
 10203.1 0.992
 10203.2 0.987
 10203.3 0.992
 10203.4 0.993
 10203.5 0.990
 10203.6 0.990
 10203.7 0.992
 10203.8 0.995
 10203.9 0.998
 10204.0 0.999
 10204.1 0.999
 10204.2 0.999
 10204.3 0.999
 10204.4 1.000
 10204.5 1.000
 10204.6 0.999
 10204.7 0.999
 10204.8 0.998
 10204.9 0.983
 10205.0 0.891
 10205.1 0.848
 10205.2 0.944
 10205.3 0.996
 10205.4 0.999
 10205.5 0.999
 10205.6 1.000
 10205.7 1.000
 10205.8 0.999
 10205.9 0.998
 10206.0 0.999
 10206.1 0.999
 10206.2 0.999
 10206.3 0.998
 10206.4 0.998
 10206.5 0.994
 10206.6 0.984
 10206.7 0.988
 10206.8 0.998
 10206.9 0.999
 10207.0 0.999
 10207.1 0.998
 10207.2 0.996
 10207.3 0.997
 10207.4 0.999
 10207.5 0.999
 10207.6 0.999
 10207.7 0.999
 10207.8 0.984
 10207.9 0.926
 10208.0 0.920
 10208.1 0.979
 10208.2 0.999
 10208.3 0.999
 10208.4 0.999
 10208.5 0.999
 10208.6 0.998
 10208.7 0.997
 10208.8 0.999
 10208.9 0.999
 10209.0 0.999
 10209.1 1.000
 10209.2 1.000
 10209.3 1.000
 10209.4 1.000
 10209.5 1.000
 10209.6 1.000
 10209.7 1.000
 10209.8 1.000
 10209.9 0.997
 10210.0 0.992
 10210.1 0.990
 10210.2 0.991
 10210.3 0.996
 10210.4 0.999
 10210.5 0.999
 10210.6 0.999
 10210.7 0.999
 10210.8 0.999
 10210.9 0.997
 10211.0 0.957
 10211.1 0.860
 10211.2 0.831
 10211.3 0.899
 10211.4 0.971
 10211.5 0.993
 10211.6 0.998
 10211.7 0.999
 10211.8 0.997
 10211.9 0.972
 10212.0 0.947
 10212.1 0.975
 10212.2 0.998
 10212.3 1.000
 10212.4 1.000
 10212.5 1.000
 10212.6 1.000
 10212.7 1.000
 10212.8 1.000
 10212.9 0.999
 10213.0 0.999
 10213.1 0.999
 10213.2 1.000
 10213.3 1.000
 10213.4 1.000
 10213.5 1.000
 10213.6 0.999
 10213.7 0.999
 10213.8 0.999
 10213.9 0.999
 10214.0 0.998
 10214.1 0.988
 10214.2 0.902
 10214.3 0.828
 10214.4 0.909
 10214.5 0.976
 10214.6 0.992
 10214.7 0.998
 10214.8 0.997
 10214.9 0.997
 10215.0 0.998
 10215.1 0.998
 10215.2 0.998
 10215.3 0.998
 10215.4 0.997
 10215.5 0.997
 10215.6 0.994
 10215.7 0.990
 10215.8 0.990
 10215.9 0.988
 10216.0 0.980
 10216.1 0.947
 10216.2 0.832
 10216.3 0.724
 10216.4 0.800
 10216.5 0.931
 10216.6 0.976
 10216.7 0.986
 10216.8 0.991
 10216.9 0.994
 10217.0 0.994
 10217.1 0.990
 10217.2 0.991
 10217.3 0.996
 10217.4 0.992
 10217.5 0.981
 10217.6 0.982
 10217.7 0.959
 10217.8 0.912
 10217.9 0.945
 10218.0 0.985
 10218.1 0.928
 10218.2 0.823
 10218.3 0.794
 10218.4 0.778
 10218.5 0.864
 10218.6 0.970
 10218.7 0.992
 10218.8 0.995
 10218.9 0.986
 10219.0 0.920
 10219.1 0.890
 10219.2 0.960
 10219.3 0.995
 10219.4 0.997
 10219.5 0.998
 10219.6 0.999
 10219.7 0.999
 10219.8 0.998
 10219.9 0.998
 10220.0 0.998
 10220.1 0.978
 10220.2 0.881
 10220.3 0.854
 10220.4 0.954
 10220.5 0.997
 10220.6 0.997
 10220.7 0.995
 10220.8 0.993
 10220.9 0.994
 10221.0 0.998
 10221.1 0.999
 10221.2 0.998
 10221.3 0.980
 10221.4 0.906
 10221.5 0.851
 10221.6 0.874
 10221.7 0.938
 10221.8 0.991
 10221.9 0.998
 10222.0 0.998
 10222.1 0.999
 10222.2 1.000
 10222.3 1.000
 10222.4 1.000
 10222.5 1.000
 10222.6 1.000
 10222.7 1.000
 10222.8 1.000
 10222.9 0.996
 10223.0 0.987
 10223.1 0.990
 10223.2 0.998
 10223.3 0.999
 10223.4 0.998
 10223.5 0.998
 10223.6 0.999
 10223.7 1.000
 10223.8 1.000
 10223.9 1.000
 10224.0 0.999
 10224.1 0.999
 10224.2 1.000
 10224.3 1.000
 10224.4 1.000
 10224.5 1.000
 10224.6 0.999
 10224.7 0.999
 10224.8 0.999
 10224.9 0.998
 10225.0 0.997
 10225.1 0.994
 10225.2 0.992
 10225.3 0.995
 10225.4 0.997
 10225.5 0.998
 10225.6 0.999
 10225.7 0.999
 10225.8 0.999
 10225.9 0.999
 10226.0 0.999
 10226.1 0.999
 10226.2 0.998
 10226.3 0.993
 10226.4 0.979
 10226.5 0.982
 10226.6 0.995
 10226.7 0.996
 10226.8 0.951
 10226.9 0.862
 10227.0 0.899
 10227.1 0.983
 10227.2 0.998
 10227.3 0.999
 10227.4 0.999
 10227.5 0.999
 10227.6 0.998
 10227.7 0.991
 10227.8 0.988
 10227.9 0.968
 10228.0 0.891
 10228.1 0.898
 10228.2 0.977
 10228.3 0.997
 10228.4 0.998
 10228.5 0.999
 10228.6 0.999
 10228.7 1.000
 10228.8 1.000
 10228.9 0.999
 10229.0 0.995
 10229.1 0.995
 10229.2 0.999
 10229.3 1.000
 10229.4 1.000
 10229.5 1.000
 10229.6 1.000
 10229.7 1.000
 10229.8 0.999
 10229.9 0.999
 10230.0 1.000
 10230.1 1.000
 10230.2 1.000
 10230.3 1.000
 10230.4 0.999
 10230.5 0.998
 10230.6 0.997
 10230.7 0.996
 10230.8 0.994
 10230.9 0.996
 10231.0 0.998
 10231.1 0.999
 10231.2 0.999
 10231.3 0.999
 10231.4 0.999
 10231.5 0.998
 10231.6 0.995
 10231.7 0.944
 10231.8 0.848
 10231.9 0.889
 10232.0 0.982
 10232.1 0.995
 10232.2 0.941
 10232.3 0.835
 10232.4 0.877
 10232.5 0.979
 10232.6 0.994
 10232.7 0.983
 10232.8 0.983
 10232.9 0.995
 10233.0 0.999
 10233.1 0.999
 10233.2 0.997
 10233.3 0.997
 10233.4 0.997
 10233.5 0.998
 10233.6 0.999
 10233.7 0.999
 10233.8 0.999
 10233.9 0.988
 10234.0 0.921
 10234.1 0.891
 10234.2 0.961
 10234.3 0.995
 10234.4 0.998
 10234.5 0.999
 10234.6 1.000
 10234.7 0.999
 10234.8 0.997
 10234.9 0.994
 10235.0 0.967
 10235.1 0.949
 10235.2 0.979
 10235.3 0.998
 10235.4 1.000
 10235.5 1.000
 10235.6 1.000
 10235.7 1.000
 10235.8 1.000
 10235.9 0.999
 10236.0 0.997
 10236.1 0.998
 10236.2 1.000
 10236.3 1.000
 10236.4 1.000
 10236.5 0.999
 10236.6 0.999
 10236.7 1.000
 10236.8 1.000
 10236.9 0.997
 10237.0 0.994
 10237.1 0.997
 10237.2 0.999
 10237.3 0.999
 10237.4 0.998
 10237.5 0.984
 10237.6 0.888
 10237.7 0.831
 10237.8 0.929
 10237.9 0.990
 10238.0 0.997
 10238.1 0.999
 10238.2 1.000
 10238.3 1.000
 10238.4 1.000
 10238.5 1.000
 10238.6 0.999
 10238.7 0.995
 10238.8 0.993
 10238.9 0.992
 10239.0 0.993
 10239.1 0.998
 10239.2 1.000
 10239.3 1.000
 10239.4 1.000
 10239.5 0.999
 10239.6 0.999
 10239.7 0.999
 10239.8 0.999
 10239.9 1.000
 10240.0 0.999
 10240.1 0.999
 10240.2 0.999
 10240.3 1.000
 10240.4 1.000
 10240.5 1.000
 10240.6 1.000
 10240.7 1.000
 10240.8 1.000
 10240.9 1.000
 10241.0 1.000
 10241.1 0.999
 10241.2 0.997
 10241.3 0.993
 10241.4 0.994
 10241.5 0.998
 10241.6 1.000
 10241.7 1.000
 10241.8 1.000
 10241.9 0.999
 10242.0 0.999
 10242.1 0.999
 10242.2 1.000
 10242.3 1.000
 10242.4 1.000
 10242.5 0.999
 10242.6 0.996
 10242.7 0.959
 10242.8 0.921
 10242.9 0.960
 10243.0 0.996
 10243.1 0.999
 10243.2 1.000
 10243.3 1.000
 10243.4 1.000
 10243.5 1.000
 10243.6 1.000
 10243.7 1.000
 10243.8 1.000
 10243.9 1.000
 10244.0 1.000
 10244.1 1.000
 10244.2 1.000
 10244.3 1.000
 10244.4 0.999
 10244.5 0.999
 10244.6 1.000
 10244.7 1.000
 10244.8 0.999
 10244.9 0.998
 10245.0 0.972
 10245.1 0.879
 10245.2 0.876
 10245.3 0.968
 10245.4 0.998
 10245.5 0.999
 10245.6 1.000
 10245.7 1.000
 10245.8 0.999
 10245.9 0.999
 10246.0 1.000
 10246.1 1.000
 10246.2 1.000
 10246.3 1.000
 10246.4 1.000
 10246.5 1.000
 10246.6 1.000
 10246.7 1.000
 10246.8 0.999
 10246.9 0.982
 10247.0 0.921
 10247.1 0.919
 10247.2 0.980
 10247.3 0.992
 10247.4 0.952
 10247.5 0.932
 10247.6 0.975
 10247.7 0.997
 10247.8 0.998
 10247.9 0.999
 10248.0 0.999
 10248.1 1.000
 10248.2 1.000
 10248.3 0.999
 10248.4 0.999
 10248.5 0.999
 10248.6 0.999
 10248.7 0.998
 10248.8 0.997
 10248.9 0.993
 10249.0 0.980
 10249.1 0.969
 10249.2 0.979
 10249.3 0.993
 10249.4 0.997
 10249.5 0.998
 10249.6 0.999
 10249.7 0.998
 10249.8 0.998
 10249.9 0.998
 10250.0 0.998
 10250.1 0.991
 10250.2 0.916
 10250.3 0.842
 10250.4 0.919
 10250.5 0.992
 10250.6 0.999
 10250.7 0.999
 10250.8 0.998
 10250.9 0.976
 10251.0 0.905
 10251.1 0.911
 10251.2 0.980
 10251.3 0.999
 10251.4 0.999
 10251.5 0.999
 10251.6 0.999
 10251.7 0.999
 10251.8 0.999
 10251.9 0.999
 10252.0 0.999
 10252.1 0.994
 10252.2 0.930
 10252.3 0.831
 10252.4 0.887
 10252.5 0.978
 10252.6 0.987
 10252.7 0.962
 10252.8 0.953
 10252.9 0.985
 10253.0 0.998
 10253.1 0.992
 10253.2 0.966
 10253.3 0.952
 10253.4 0.952
 10253.5 0.971
 10253.6 0.996
 10253.7 0.999
 10253.8 0.999
 10253.9 0.999
 10254.0 0.998
 10254.1 0.998
 10254.2 0.996
 10254.3 0.977
 10254.4 0.950
 10254.5 0.959
 10254.6 0.948
 10254.7 0.921
 10254.8 0.939
 10254.9 0.974
 10255.0 0.991
 10255.1 0.995
 10255.2 0.997
 10255.3 0.998
 10255.4 0.999
 10255.5 0.999
 10255.6 0.999
 10255.7 0.999
 10255.8 0.999
 10255.9 0.999
 10256.0 0.998
 10256.1 0.998
 10256.2 0.998
 10256.3 0.996
 10256.4 0.987
 10256.5 0.973
 10256.6 0.975
 10256.7 0.990
 10256.8 0.995
 10256.9 0.978
 10257.0 0.963
 10257.1 0.960
 10257.2 0.956
 10257.3 0.982
 10257.4 0.998
 10257.5 0.999
 10257.6 0.999
 10257.7 1.000
 10257.8 1.000
 10257.9 0.999
 10258.0 0.999
 10258.1 0.997
 10258.2 0.992
 10258.3 0.970
 10258.4 0.962
 10258.5 0.941
 10258.6 0.874
 10258.7 0.888
 10258.8 0.915
 10258.9 0.950
 10259.0 0.943
 10259.1 0.819
 10259.2 0.821
 10259.3 0.948
 10259.4 0.996
 10259.5 0.998
 10259.6 0.995
 10259.7 0.995
 10259.8 0.997
 10259.9 0.997
 10260.0 0.960
 10260.1 0.847
 10260.2 0.815
 10260.3 0.911
 10260.4 0.980
 10260.5 0.997
 10260.6 0.999
 10260.7 0.999
 10260.8 0.999
 10260.9 0.999
 10261.0 0.998
 10261.1 0.998
 10261.2 0.999
 10261.3 0.993
 10261.4 0.973
 10261.5 0.968
 10261.6 0.961
 10261.7 0.964
 10261.8 0.992
 10261.9 0.999
 10262.0 0.999
 10262.1 0.999
 10262.2 0.998
 10262.3 0.993
 10262.4 0.928
 10262.5 0.854
 10262.6 0.919
 10262.7 0.991
 10262.8 0.997
 10262.9 0.988
 10263.0 0.972
 10263.1 0.921
 10263.2 0.861
 10263.3 0.914
 10263.4 0.985
 10263.5 0.991
 10263.6 0.994
 10263.7 0.999
 10263.8 0.999
 10263.9 0.993
 10264.0 0.985
 10264.1 0.979
 10264.2 0.977
 10264.3 0.991
 10264.4 0.997
 10264.5 0.982
 10264.6 0.972
 10264.7 0.975
 10264.8 0.981
 10264.9 0.974
 10265.0 0.939
 10265.1 0.892
 10265.2 0.855
 10265.3 0.887
 10265.4 0.956
 10265.5 0.993
 10265.6 0.998
 10265.7 0.999
 10265.8 0.997
 10265.9 0.991
 10266.0 0.977
 10266.1 0.970
 10266.2 0.988
 10266.3 0.999
 10266.4 0.997
 10266.5 0.992
 10266.6 0.992
 10266.7 0.997
 10266.8 0.995
 10266.9 0.975
 10267.0 0.971
 10267.1 0.992
 10267.2 0.999
 10267.3 1.000
 10267.4 1.000
 10267.5 1.000
 10267.6 1.000
 10267.7 1.000
 10267.8 1.000
 10267.9 1.000
 10268.0 1.000
 10268.1 0.999
 10268.2 0.989
 10268.3 0.944
 10268.4 0.934
 10268.5 0.981
 10268.6 0.997
 10268.7 0.986
 10268.8 0.955
 10268.9 0.906
 10269.0 0.880
 10269.1 0.943
 10269.2 0.991
 10269.3 0.992
 10269.4 0.977
 10269.5 0.971
 10269.6 0.974
 10269.7 0.968
 10269.8 0.985
 10269.9 0.998
 10270.0 0.999
 10270.1 1.000
 10270.2 1.000
 10270.3 1.000
 10270.4 1.000
 10270.5 0.999
 10270.6 0.988
 10270.7 0.955
 10270.8 0.961
 10270.9 0.993
 10271.0 0.999
 10271.1 0.999
 10271.2 0.999
 10271.3 0.997
 10271.4 0.985
 10271.5 0.984
 10271.6 0.989
 10271.7 0.952
 10271.8 0.930
 10271.9 0.920
 10272.0 0.923
 10272.1 0.977
 10272.2 0.998
 10272.3 0.999
 10272.4 0.999
 10272.5 0.999
 10272.6 0.999
 10272.7 0.999
 10272.8 0.998
 10272.9 0.997
 10273.0 0.995
 10273.1 0.973
 10273.2 0.949
 10273.3 0.971
 10273.4 0.986
 10273.5 0.969
 10273.6 0.921
 10273.7 0.881
 10273.8 0.864
 10273.9 0.815
 10274.0 0.862
 10274.1 0.968
 10274.2 0.994
 10274.3 0.996
 10274.4 0.997
 10274.5 0.988
 10274.6 0.953
 10274.7 0.952
 10274.8 0.987
 10274.9 0.995
 10275.0 0.980
 10275.1 0.937
 10275.2 0.915
 10275.3 0.955
 10275.4 0.987
 10275.5 0.993
 10275.6 0.978
 10275.7 0.978
 10275.8 0.988
 10275.9 0.969
 10276.0 0.955
 10276.1 0.941
 10276.2 0.945
 10276.3 0.977
 10276.4 0.993
 10276.5 0.997
 10276.6 0.997
 10276.7 0.992
 10276.8 0.970
 10276.9 0.944
 10277.0 0.961
 10277.1 0.993
 10277.2 0.999
 10277.3 0.999
 10277.4 0.999
 10277.5 0.999
 10277.6 1.000
 10277.7 1.000
 10277.8 0.999
 10277.9 0.998
 10278.0 0.998
 10278.1 0.998
 10278.2 0.999
 10278.3 0.994
 10278.4 0.965
 10278.5 0.955
 10278.6 0.980
 10278.7 0.963
 10278.8 0.955
 10278.9 0.986
 10279.0 0.995
 10279.1 0.995
 10279.2 0.984
 10279.3 0.951
 10279.4 0.959
 10279.5 0.992
 10279.6 0.991
 10279.7 0.962
 10279.8 0.963
 10279.9 0.992
