  9920.0 1.000
  9920.1 0.999
  9920.2 0.999
  9920.3 0.999
  9920.4 0.994
  9920.5 0.924
  9920.6 0.812
  9920.7 0.882
  9920.8 0.985
  9920.9 0.998
  9921.0 0.998
  9921.1 0.997
  9921.2 0.977
  9921.3 0.910
  9921.4 0.905
  9921.5 0.900
  9921.6 0.904
  9921.7 0.975
  9921.8 0.996
  9921.9 0.997
  9922.0 0.981
  9922.1 0.905
  9922.2 0.896
  9922.3 0.974
  9922.4 0.996
  9922.5 0.997
  9922.6 0.997
  9922.7 0.986
  9922.8 0.964
  9922.9 0.945
  9923.0 0.861
  9923.1 0.850
  9923.2 0.904
  9923.3 0.823
  9923.4 0.764
  9923.5 0.858
  9923.6 0.878
  9923.7 0.835
  9923.8 0.933
  9923.9 0.993
  9924.0 0.996
  9924.1 0.995
  9924.2 0.991
  9924.3 0.973
  9924.4 0.959
  9924.5 0.924
  9924.6 0.791
  9924.7 0.811
  9924.8 0.956
  9924.9 0.996
  9925.0 0.998
  9925.1 0.998
  9925.2 0.998
  9925.3 0.997
  9925.4 0.994
  9925.5 0.990
  9925.6 0.919
  9925.7 0.806
  9925.8 0.880
  9925.9 0.985
  9926.0 0.989
  9926.1 0.912
  9926.2 0.852
  9926.3 0.939
  9926.4 0.995
  9926.5 0.998
  9926.6 0.997
  9926.7 0.988
  9926.8 0.944
  9926.9 0.937
  9927.0 0.978
  9927.1 0.978
  9927.2 0.868
  9927.3 0.640
  9927.4 0.616
  9927.5 0.758
  9927.6 0.890
  9927.7 0.980
  9927.8 0.993
  9927.9 0.996
  9928.0 0.997
  9928.1 0.997
  9928.2 0.997
  9928.3 0.998
  9928.4 0.999
  9928.5 0.998
  9928.6 0.995
  9928.7 0.967
  9928.8 0.886
  9928.9 0.865
  9929.0 0.908
  9929.1 0.929
  9929.2 0.980
  9929.3 0.998
  9929.4 0.999
  9929.5 0.995
  9929.6 0.990
  9929.7 0.968
  9929.8 0.923
  9929.9 0.949
  9930.0 0.992
  9930.1 0.998
  9930.2 0.998
  9930.3 0.994
  9930.4 0.973
  9930.5 0.872
  9930.6 0.841
  9930.7 0.949
  9930.8 0.990
  9930.9 0.980
  9931.0 0.983
  9931.1 0.993
  9931.2 0.996
  9931.3 0.998
  9931.4 0.997
  9931.5 0.998
  9931.6 0.998
  9931.7 0.998
  9931.8 0.997
  9931.9 0.997
  9932.0 0.998
  9932.1 0.998
  9932.2 0.999
  9932.3 0.999
  9932.4 0.984
  9932.5 0.961
  9932.6 0.970
  9932.7 0.962
  9932.8 0.970
  9932.9 0.993
  9933.0 0.995
  9933.1 0.980
  9933.2 0.881
  9933.3 0.845
  9933.4 0.951
  9933.5 0.985
  9933.6 0.920
  9933.7 0.847
  9933.8 0.920
  9933.9 0.973
  9934.0 0.878
  9934.1 0.846
  9934.2 0.952
  9934.3 0.992
  9934.4 0.968
  9934.5 0.859
  9934.6 0.766
  9934.7 0.819
  9934.8 0.845
  9934.9 0.908
  9935.0 0.987
  9935.1 0.997
  9935.2 0.999
  9935.3 0.999
  9935.4 1.000
  9935.5 1.000
  9935.6 0.999
  9935.7 0.999
  9935.8 0.999
  9935.9 0.996
  9936.0 0.968
  9936.1 0.938
  9936.2 0.944
  9936.3 0.977
  9936.4 0.997
  9936.5 0.998
  9936.6 0.999
  9936.7 1.000
  9936.8 1.000
  9936.9 0.999
  9937.0 0.996
  9937.1 0.993
  9937.2 0.997
  9937.3 1.000
  9937.4 1.000
  9937.5 1.000
  9937.6 1.000
  9937.7 1.000
  9937.8 1.000
  9937.9 1.000
  9938.0 1.000
  9938.1 1.000
  9938.2 1.000
  9938.3 1.000
  9938.4 0.999
  9938.5 0.999
  9938.6 0.998
  9938.7 0.993
  9938.8 0.926
  9938.9 0.836
  9939.0 0.908
  9939.1 0.990
  9939.2 0.999
  9939.3 0.999
  9939.4 0.999
  9939.5 0.993
  9939.6 0.923
  9939.7 0.850
  9939.8 0.927
  9939.9 0.993
  9940.0 0.997
  9940.1 0.999
  9940.2 0.999
  9940.3 0.999
  9940.4 0.999
  9940.5 0.999
  9940.6 0.998
  9940.7 0.997
  9940.8 0.995
  9940.9 0.994
  9941.0 0.997
  9941.1 0.994
  9941.2 0.970
  9941.3 0.907
  9941.4 0.884
  9941.5 0.938
  9941.6 0.974
  9941.7 0.963
  9941.8 0.870
  9941.9 0.881
  9942.0 0.976
  9942.1 0.998
  9942.2 0.999
  9942.3 0.999
  9942.4 0.999
  9942.5 0.999
  9942.6 0.999
  9942.7 0.999
  9942.8 0.999
  9942.9 0.992
  9943.0 0.921
  9943.1 0.844
  9943.2 0.908
  9943.3 0.971
  9943.4 0.992
  9943.5 0.998
  9943.6 0.997
  9943.7 0.984
  9943.8 0.972
  9943.9 0.986
  9944.0 0.997
  9944.1 0.989
  9944.2 0.976
  9944.3 0.937
  9944.4 0.849
  9944.5 0.895
  9944.6 0.985
  9944.7 0.986
  9944.8 0.898
  9944.9 0.849
  9945.0 0.944
  9945.1 0.995
  9945.2 0.994
  9945.3 0.934
  9945.4 0.834
  9945.5 0.893
  9945.6 0.986
  9945.7 0.998
  9945.8 0.999
  9945.9 0.999
  9946.0 0.999
  9946.1 0.998
  9946.2 0.986
  9946.3 0.964
  9946.4 0.975
  9946.5 0.996
  9946.6 0.999
  9946.7 0.999
  9946.8 0.999
  9946.9 0.999
  9947.0 0.997
  9947.1 0.998
  9947.2 0.999
  9947.3 1.000
  9947.4 1.000
  9947.5 0.999
  9947.6 0.999
  9947.7 0.999
  9947.8 0.999
  9947.9 0.997
  9948.0 0.963
  9948.1 0.876
  9948.2 0.898
  9948.3 0.980
  9948.4 0.993
  9948.5 0.994
  9948.6 0.997
  9948.7 0.997
  9948.8 0.992
  9948.9 0.929
  9949.0 0.795
  9949.1 0.759
  9949.2 0.892
  9949.3 0.987
  9949.4 0.997
  9949.5 0.998
  9949.6 0.997
  9949.7 0.994
  9949.8 0.995
  9949.9 0.998
  9950.0 0.999
  9950.1 0.998
  9950.2 0.974
  9950.3 0.876
  9950.4 0.868
  9950.5 0.953
  9950.6 0.978
  9950.7 0.992
  9950.8 0.997
  9950.9 0.999
  9951.0 0.998
  9951.1 0.993
  9951.2 0.990
  9951.3 0.991
  9951.4 0.995
  9951.5 0.999
  9951.6 0.999
  9951.7 0.999
  9951.8 0.999
  9951.9 0.995
  9952.0 0.990
  9952.1 0.971
  9952.2 0.967
  9952.3 0.990
  9952.4 0.998
  9952.5 0.999
  9952.6 0.999
  9952.7 0.999
  9952.8 1.000
  9952.9 1.000
  9953.0 0.996
  9953.1 0.980
  9953.2 0.978
  9953.3 0.994
  9953.4 0.995
  9953.5 0.994
  9953.6 0.997
  9953.7 0.997
  9953.8 0.958
  9953.9 0.867
  9954.0 0.899
  9954.1 0.984
  9954.2 0.998
  9954.3 0.998
  9954.4 0.989
  9954.5 0.914
  9954.6 0.846
  9954.7 0.930
  9954.8 0.992
  9954.9 0.983
  9955.0 0.980
  9955.1 0.995
  9955.2 0.999
  9955.3 0.999
  9955.4 0.999
  9955.5 0.999
  9955.6 0.998
  9955.7 0.985
  9955.8 0.976
  9955.9 0.987
  9956.0 0.995
  9956.1 0.998
  9956.2 0.998
  9956.3 0.997
  9956.4 0.996
  9956.5 0.976
  9956.6 0.883
  9956.7 0.868
  9956.8 0.893
  9956.9 0.855
  9957.0 0.934
  9957.1 0.994
  9957.2 0.998
  9957.3 0.998
  9957.4 0.992
  9957.5 0.970
  9957.6 0.969
  9957.7 0.988
  9957.8 0.995
  9957.9 0.997
  9958.0 0.997
  9958.1 0.979
  9958.2 0.883
  9958.3 0.861
  9958.4 0.959
  9958.5 0.996
  9958.6 0.999
  9958.7 0.999
  9958.8 0.999
  9958.9 0.999
  9959.0 0.999
  9959.1 0.999
  9959.2 0.998
  9959.3 0.998
  9959.4 0.999
  9959.5 0.999
  9959.6 0.998
  9959.7 0.998
  9959.8 0.998
  9959.9 0.996
  9960.0 0.952
  9960.1 0.855
  9960.2 0.892
  9960.3 0.982
  9960.4 0.996
  9960.5 0.995
  9960.6 0.991
  9960.7 0.971
  9960.8 0.959
  9960.9 0.934
  9961.0 0.838
  9961.1 0.839
  9961.2 0.852
  9961.3 0.835
  9961.4 0.873
  9961.5 0.913
  9961.6 0.964
  9961.7 0.987
  9961.8 0.990
  9961.9 0.969
  9962.0 0.940
  9962.1 0.968
  9962.2 0.994
  9962.3 0.974
  9962.4 0.892
  9962.5 0.888
  9962.6 0.952
  9962.7 0.975
  9962.8 0.994
  9962.9 0.995
  9963.0 0.994
  9963.1 0.998
  9963.2 0.999
  9963.3 0.999
  9963.4 0.999
  9963.5 0.999
  9963.6 0.998
  9963.7 0.982
  9963.8 0.973
  9963.9 0.990
  9964.0 0.999
  9964.1 0.999
  9964.2 0.999
  9964.3 0.999
  9964.4 0.997
  9964.5 0.993
  9964.6 0.974
  9964.7 0.932
  9964.8 0.949
  9964.9 0.990
  9965.0 0.996
  9965.1 0.998
  9965.2 0.999
  9965.3 1.000
  9965.4 1.000
  9965.5 1.000
  9965.6 1.000
  9965.7 1.000
  9965.8 1.000
  9965.9 1.000
  9966.0 1.000
  9966.1 1.000
  9966.2 0.997
  9966.3 0.974
  9966.4 0.965
  9966.5 0.989
  9966.6 0.999
  9966.7 1.000
  9966.8 1.000
  9966.9 0.998
  9967.0 0.995
  9967.1 0.996
  9967.2 0.996
  9967.3 0.995
  9967.4 0.998
  9967.5 0.999
  9967.6 0.998
  9967.7 0.977
  9967.8 0.963
  9967.9 0.979
  9968.0 0.914
  9968.1 0.842
  9968.2 0.924
  9968.3 0.992
  9968.4 0.988
  9968.5 0.973
  9968.6 0.985
  9968.7 0.998
  9968.8 0.999
  9968.9 1.000
  9969.0 0.999
  9969.1 0.999
  9969.2 0.999
  9969.3 0.998
  9969.4 0.996
  9969.5 0.998
  9969.6 0.990
  9969.7 0.917
  9969.8 0.830
  9969.9 0.840
  9970.0 0.932
  9970.1 0.988
  9970.2 0.937
  9970.3 0.864
  9970.4 0.924
  9970.5 0.992
  9970.6 0.999
  9970.7 0.999
  9970.8 0.998
  9970.9 0.985
  9971.0 0.895
  9971.1 0.853
  9971.2 0.949
  9971.3 0.996
  9971.4 0.999
  9971.5 0.998
  9971.6 0.979
  9971.7 0.912
  9971.8 0.922
  9971.9 0.986
  9972.0 0.999
  9972.1 0.999
  9972.2 0.998
  9972.3 0.997
  9972.4 0.979
  9972.5 0.922
  9972.6 0.935
  9972.7 0.988
  9972.8 0.980
  9972.9 0.910
  9973.0 0.847
  9973.1 0.921
  9973.2 0.990
  9973.3 0.995
  9973.4 0.997
  9973.5 0.999
  9973.6 0.999
  9973.7 0.988
  9973.8 0.920
  9973.9 0.852
  9974.0 0.827
  9974.1 0.899
  9974.2 0.987
  9974.3 0.998
  9974.4 0.997
  9974.5 0.994
  9974.6 0.994
  9974.7 0.998
  9974.8 0.999
  9974.9 1.000
  9975.0 0.999
  9975.1 0.999
  9975.2 0.998
  9975.3 0.970
  9975.4 0.871
  9975.5 0.849
  9975.6 0.939
  9975.7 0.968
  9975.8 0.979
  9975.9 0.995
  9976.0 0.999
  9976.1 0.999
  9976.2 0.998
  9976.3 0.969
  9976.4 0.928
  9976.5 0.960
  9976.6 0.995
  9976.7 0.998
  9976.8 0.999
  9976.9 1.000
  9977.0 1.000
  9977.1 1.000
  9977.2 1.000
  9977.3 1.000
  9977.4 0.999
  9977.5 0.997
  9977.6 0.992
  9977.7 0.992
  9977.8 0.997
  9977.9 0.999
  9978.0 0.997
  9978.1 0.990
  9978.2 0.992
  9978.3 0.997
  9978.4 0.996
  9978.5 0.956
  9978.6 0.868
  9978.7 0.835
  9978.8 0.903
  9978.9 0.984
  9979.0 0.998
  9979.1 0.998
  9979.2 0.999
  9979.3 0.999
  9979.4 0.999
  9979.5 0.999
  9979.6 0.999
  9979.7 0.983
  9979.8 0.899
  9979.9 0.878
  9980.0 0.965
  9980.1 0.998
  9980.2 0.998
  9980.3 0.995
  9980.4 0.980
  9980.5 0.962
  9980.6 0.977
  9980.7 0.996
  9980.8 0.998
  9980.9 0.989
  9981.0 0.978
  9981.1 0.985
  9981.2 0.970
  9981.3 0.960
  9981.4 0.986
  9981.5 0.999
  9981.6 0.999
  9981.7 0.999
  9981.8 0.999
  9981.9 0.997
  9982.0 0.994
  9982.1 0.996
  9982.2 0.994
  9982.3 0.988
  9982.4 0.993
  9982.5 0.999
  9982.6 0.999
  9982.7 0.999
  9982.8 0.999
  9982.9 0.998
  9983.0 0.996
  9983.1 0.954
  9983.2 0.849
  9983.3 0.791
  9983.4 0.812
  9983.5 0.843
  9983.6 0.804
  9983.7 0.837
  9983.8 0.917
  9983.9 0.983
  9984.0 0.974
  9984.1 0.919
  9984.2 0.939
  9984.3 0.991
  9984.4 0.998
  9984.5 0.999
  9984.6 0.999
  9984.7 1.000
  9984.8 1.000
  9984.9 0.999
  9985.0 0.999
  9985.1 0.999
  9985.2 0.998
  9985.3 0.973
  9985.4 0.938
  9985.5 0.939
  9985.6 0.872
  9985.7 0.874
  9985.8 0.964
  9985.9 0.973
  9986.0 0.947
  9986.1 0.874
  9986.2 0.858
  9986.3 0.925
  9986.4 0.974
  9986.5 0.986
  9986.6 0.993
  9986.7 0.996
  9986.8 0.996
  9986.9 0.997
  9987.0 0.999
  9987.1 0.999
  9987.2 0.999
  9987.3 0.999
  9987.4 0.999
  9987.5 0.999
  9987.6 0.999
  9987.7 0.998
  9987.8 0.988
  9987.9 0.985
  9988.0 0.995
  9988.1 0.998
  9988.2 0.999
  9988.3 0.999
  9988.4 1.000
  9988.5 0.999
  9988.6 0.999
  9988.7 0.997
  9988.8 0.958
  9988.9 0.860
  9989.0 0.879
  9989.1 0.934
  9989.2 0.883
  9989.3 0.925
  9989.4 0.990
  9989.5 0.998
  9989.6 0.998
  9989.7 0.995
  9989.8 0.970
  9989.9 0.878
  9990.0 0.848
  9990.1 0.840
  9990.2 0.885
  9990.3 0.980
  9990.4 0.998
  9990.5 0.999
  9990.6 0.998
  9990.7 0.974
  9990.8 0.935
  9990.9 0.960
  9991.0 0.995
  9991.1 0.999
  9991.2 0.999
  9991.3 0.999
  9991.4 0.999
  9991.5 0.999
  9991.6 0.998
  9991.7 0.998
  9991.8 0.998
  9991.9 0.997
  9992.0 0.973
  9992.1 0.950
  9992.2 0.978
  9992.3 0.998
  9992.4 0.999
  9992.5 0.999
  9992.6 0.998
  9992.7 0.998
  9992.8 0.998
  9992.9 0.997
  9993.0 0.995
  9993.1 0.985
  9993.2 0.974
  9993.3 0.977
  9993.4 0.987
  9993.5 0.996
  9993.6 0.996
  9993.7 0.995
  9993.8 0.997
  9993.9 0.999
  9994.0 0.999
  9994.1 0.999
  9994.2 0.996
  9994.3 0.976
  9994.4 0.971
  9994.5 0.992
  9994.6 0.999
  9994.7 0.999
  9994.8 0.999
  9994.9 0.999
  9995.0 0.996
  9995.1 0.973
  9995.2 0.892
  9995.3 0.893
  9995.4 0.976
  9995.5 0.997
  9995.6 0.997
  9995.7 0.962
  9995.8 0.861
  9995.9 0.877
  9996.0 0.970
  9996.1 0.988
  9996.2 0.992
  9996.3 0.981
  9996.4 0.872
  9996.5 0.792
  9996.6 0.908
  9996.7 0.991
  9996.8 0.987
  9996.9 0.938
  9997.0 0.935
  9997.1 0.984
  9997.2 0.997
  9997.3 0.997
  9997.4 0.996
  9997.5 0.995
  9997.6 0.981
  9997.7 0.893
  9997.8 0.804
  9997.9 0.704
  9998.0 0.703
  9998.1 0.891
  9998.2 0.974
  9998.3 0.976
  9998.4 0.989
  9998.5 0.996
  9998.6 0.995
  9998.7 0.977
  9998.8 0.968
  9998.9 0.989
  9999.0 0.998
  9999.1 0.999
  9999.2 0.999
  9999.3 0.999
  9999.4 0.999
  9999.5 0.999
  9999.6 0.999
  9999.7 0.999
  9999.8 0.994
  9999.9 0.966
 10000.0 0.958
 10000.1 0.988
 10000.2 0.999
 10000.3 0.998
 10000.4 0.988
 10000.5 0.976
 10000.6 0.929
 10000.7 0.852
 10000.8 0.914
 10000.9 0.991
 10001.0 0.998
 10001.1 0.996
 10001.2 0.994
 10001.3 0.996
 10001.4 0.999
 10001.5 0.999
 10001.6 0.999
 10001.7 0.998
 10001.8 0.999
 10001.9 0.999
 10002.0 0.999
 10002.1 0.998
 10002.2 0.998
 10002.3 0.986
 10002.4 0.943
 10002.5 0.916
 10002.6 0.961
 10002.7 0.993
 10002.8 0.994
 10002.9 0.965
 10003.0 0.808
 10003.1 0.701
 10003.2 0.851
 10003.3 0.971
 10003.4 0.990
 10003.5 0.997
 10003.6 0.998
 10003.7 0.999
 10003.8 0.999
 10003.9 0.999
 10004.0 0.999
 10004.1 0.998
 10004.2 0.970
 10004.3 0.883
 10004.4 0.894
 10004.5 0.980
 10004.6 0.999
 10004.7 0.999
 10004.8 0.998
 10004.9 0.984
 10005.0 0.965
 10005.1 0.982
 10005.2 0.998
 10005.3 0.999
 10005.4 0.999
 10005.5 0.988
 10005.6 0.935
 10005.7 0.925
 10005.8 0.980
 10005.9 0.999
 10006.0 0.999
 10006.1 1.000
 10006.2 1.000
 10006.3 1.000
 10006.4 1.000
 10006.5 1.000
 10006.6 0.999
 10006.7 0.999
 10006.8 0.990
 10006.9 0.977
 10007.0 0.986
 10007.1 0.996
 10007.2 0.973
 10007.3 0.880
 10007.4 0.871
 10007.5 0.963
 10007.6 0.938
 10007.7 0.864
 10007.8 0.925
 10007.9 0.993
 10008.0 0.999
 10008.1 0.999
 10008.2 0.999
 10008.3 1.000
 10008.4 0.999
 10008.5 0.997
 10008.6 0.994
 10008.7 0.995
 10008.8 0.994
 10008.9 0.977
 10009.0 0.887
 10009.1 0.858
 10009.2 0.953
 10009.3 0.996
 10009.4 0.998
 10009.5 0.995
 10009.6 0.942
 10009.7 0.883
 10009.8 0.937
 10009.9 0.939
 10010.0 0.865
 10010.1 0.919
 10010.2 0.991
 10010.3 0.999
 10010.4 0.999
 10010.5 0.999
 10010.6 0.998
 10010.7 0.967
 10010.8 0.870
 10010.9 0.872
 10011.0 0.955
 10011.1 0.986
 10011.2 0.997
 10011.3 0.998
 10011.4 0.997
 10011.5 0.993
 10011.6 0.933
 10011.7 0.782
 10011.8 0.797
 10011.9 0.935
 10012.0 0.922
 10012.1 0.904
 10012.2 0.968
 10012.3 0.997
 10012.4 0.991
 10012.5 0.984
 10012.6 0.983
 10012.7 0.975
 10012.8 0.987
 10012.9 0.999
 10013.0 1.000
 10013.1 0.999
 10013.2 0.998
 10013.3 0.999
 10013.4 0.996
 10013.5 0.974
 10013.6 0.965
 10013.7 0.982
 10013.8 0.971
 10013.9 0.978
 10014.0 0.995
 10014.1 0.970
 10014.2 0.936
 10014.3 0.968
 10014.4 0.997
 10014.5 1.000
 10014.6 1.000
 10014.7 0.999
 10014.8 0.996
 10014.9 0.993
 10015.0 0.997
 10015.1 1.000
 10015.2 1.000
 10015.3 1.000
 10015.4 1.000
 10015.5 1.000
 10015.6 0.997
 10015.7 0.989
 10015.8 0.989
 10015.9 0.997
 10016.0 0.992
 10016.1 0.984
 10016.2 0.992
 10016.3 0.999
 10016.4 1.000
 10016.5 1.000
 10016.6 0.996
 10016.7 0.960
 10016.8 0.937
 10016.9 0.975
 10017.0 0.982
 10017.1 0.980
 10017.2 0.987
 10017.3 0.983
 10017.4 0.989
 10017.5 0.997
 10017.6 0.998
 10017.7 0.987
 10017.8 0.980
 10017.9 0.993
 10018.0 0.999
 10018.1 0.999
 10018.2 0.999
 10018.3 1.000
 10018.4 0.999
 10018.5 0.998
 10018.6 0.999
 10018.7 0.999
 10018.8 0.999
 10018.9 0.999
 10019.0 0.999
 10019.1 0.998
 10019.2 0.998
 10019.3 0.998
 10019.4 0.975
 10019.5 0.909
 10019.6 0.918
 10019.7 0.980
 10019.8 0.988
 10019.9 0.917
 10020.0 0.843
 10020.1 0.921
 10020.2 0.992
 10020.3 0.998
 10020.4 0.998
 10020.5 0.998
 10020.6 0.996
 10020.7 0.995
 10020.8 0.995
 10020.9 0.992
 10021.0 0.953
 10021.1 0.899
 10021.2 0.945
 10021.3 0.992
 10021.4 0.955
 10021.5 0.866
 10021.6 0.898
 10021.7 0.982
 10021.8 0.995
 10021.9 0.989
 10022.0 0.914
 10022.1 0.864
 10022.2 0.946
 10022.3 0.996
 10022.4 0.999
 10022.5 1.000
 10022.6 1.000
 10022.7 1.000
 10022.8 1.000
 10022.9 1.000
 10023.0 1.000
 10023.1 1.000
 10023.2 1.000
 10023.3 1.000
 10023.4 0.999
 10023.5 0.986
 10023.6 0.974
 10023.7 0.989
 10023.8 0.999
 10023.9 1.000
 10024.0 1.000
 10024.1 1.000
 10024.2 1.000
 10024.3 1.000
 10024.4 1.000
 10024.5 1.000
 10024.6 1.000
 10024.7 1.000
 10024.8 0.999
 10024.9 0.993
 10025.0 0.974
 10025.1 0.978
 10025.2 0.995
 10025.3 0.998
 10025.4 0.999
 10025.5 0.998
 10025.6 0.998
 10025.7 0.995
 10025.8 0.972
 10025.9 0.959
 10026.0 0.981
 10026.1 0.993
 10026.2 0.997
 10026.3 0.999
 10026.4 0.999
 10026.5 0.998
 10026.6 0.983
 10026.7 0.894
 10026.8 0.857
 10026.9 0.872
 10027.0 0.863
 10027.1 0.948
 10027.2 0.996
 10027.3 0.999
 10027.4 0.998
 10027.5 0.998
 10027.6 0.994
 10027.7 0.982
 10027.8 0.987
 10027.9 0.998
 10028.0 1.000
 10028.1 1.000
 10028.2 0.999
 10028.3 0.993
 10028.4 0.984
 10028.5 0.989
 10028.6 0.999
 10028.7 1.000
 10028.8 1.000
 10028.9 1.000
 10029.0 0.998
 10029.1 0.997
 10029.2 0.998
 10029.3 0.998
 10029.4 0.995
 10029.5 0.993
 10029.6 0.997
 10029.7 0.999
 10029.8 0.999
 10029.9 0.999
 10030.0 0.999
 10030.1 0.998
 10030.2 0.962
 10030.3 0.882
 10030.4 0.911
 10030.5 0.987
 10030.6 0.999
 10030.7 0.999
 10030.8 0.999
 10030.9 0.992
 10031.0 0.990
 10031.1 0.997
 10031.2 0.998
 10031.3 0.983
 10031.4 0.974
 10031.5 0.988
 10031.6 0.995
 10031.7 0.995
 10031.8 0.996
 10031.9 0.997
 10032.0 0.995
 10032.1 0.993
 10032.2 0.997
 10032.3 0.999
 10032.4 0.998
 10032.5 0.998
 10032.6 0.997
 10032.7 0.977
 10032.8 0.905
 10032.9 0.910
 10033.0 0.981
 10033.1 0.998
 10033.2 0.999
 10033.3 0.997
 10033.4 0.980
 10033.5 0.970
 10033.6 0.989
 10033.7 0.998
 10033.8 0.998
 10033.9 0.997
 10034.0 0.996
 10034.1 0.990
 10034.2 0.947
 10034.3 0.859
 10034.4 0.669
 10034.5 0.540
 10034.6 0.736
 10034.7 0.949
 10034.8 0.989
 10034.9 0.994
 10035.0 0.996
 10035.1 0.997
 10035.2 0.998
 10035.3 0.998
 10035.4 0.998
 10035.5 0.998
 10035.6 0.997
 10035.7 0.994
 10035.8 0.993
 10035.9 0.956
 10036.0 0.867
 10036.1 0.885
 10036.2 0.919
 10036.3 0.940
 10036.4 0.985
 10036.5 0.965
 10036.6 0.863
 10036.7 0.830
 10036.8 0.896
 10036.9 0.963
 10037.0 0.991
 10037.1 0.935
 10037.2 0.854
 10037.3 0.903
 10037.4 0.979
 10037.5 0.997
 10037.6 0.999
 10037.7 0.999
 10037.8 1.000
 10037.9 1.000
 10038.0 1.000
 10038.1 1.000
 10038.2 0.999
 10038.3 0.998
 10038.4 0.999
 10038.5 0.999
 10038.6 0.997
 10038.7 0.996
 10038.8 0.966
 10038.9 0.904
 10039.0 0.934
 10039.1 0.985
 10039.2 0.981
 10039.3 0.986
 10039.4 0.994
 10039.5 0.996
 10039.6 0.999
 10039.7 1.000
 10039.8 1.000
 10039.9 1.000
 10040.0 1.000
 10040.1 0.998
 10040.2 0.996
 10040.3 0.997
 10040.4 0.999
 10040.5 1.000
 10040.6 0.998
 10040.7 0.982
 10040.8 0.970
 10040.9 0.986
 10041.0 0.994
 10041.1 0.949
 10041.2 0.864
 10041.3 0.908
 10041.4 0.983
 10041.5 0.991
 10041.6 0.997
 10041.7 0.999
 10041.8 0.999
 10041.9 1.000
 10042.0 1.000
 10042.1 1.000
 10042.2 1.000
 10042.3 1.000
 10042.4 1.000
 10042.5 1.000
 10042.6 1.000
 10042.7 1.000
 10042.8 1.000
 10042.9 1.000
 10043.0 1.000
 10043.1 1.000
 10043.2 1.000
 10043.3 0.999
 10043.4 0.999
 10043.5 0.995
 10043.6 0.983
 10043.7 0.985
 10043.8 0.995
 10043.9 0.994
 10044.0 0.996
 10044.1 0.999
 10044.2 1.000
 10044.3 1.000
 10044.4 0.999
 10044.5 0.998
 10044.6 0.984
 10044.7 0.923
 10044.8 0.856
 10044.9 0.917
 10045.0 0.991
 10045.1 0.997
 10045.2 0.996
 10045.3 0.997
 10045.4 0.998
 10045.5 0.998
 10045.6 0.998
 10045.7 0.993
 10045.8 0.959
 10045.9 0.897
 10046.0 0.907
 10046.1 0.961
 10046.2 0.987
 10046.3 0.991
 10046.4 0.978
 10046.5 0.972
 10046.6 0.985
 10046.7 0.997
 10046.8 0.999
 10046.9 0.999
 10047.0 0.998
 10047.1 0.993
 10047.2 0.993
 10047.3 0.998
 10047.4 0.999
 10047.5 0.999
 10047.6 0.999
 10047.7 0.999
 10047.8 0.998
 10047.9 0.986
 10048.0 0.907
 10048.1 0.869
 10048.2 0.951
 10048.3 0.993
 10048.4 0.995
 10048.5 0.988
 10048.6 0.968
 10048.7 0.810
 10048.8 0.593
 10048.9 0.684
 10049.0 0.916
 10049.1 0.988
 10049.2 0.995
 10049.3 0.996
 10049.4 0.988
 10049.5 0.953
 10049.6 0.954
 10049.7 0.989
 10049.8 0.974
 10049.9 0.938
 10050.0 0.963
 10050.1 0.985
 10050.2 0.941
 10050.3 0.868
 10050.4 0.877
 10050.5 0.964
 10050.6 0.997
 10050.7 0.999
 10050.8 0.999
 10050.9 0.999
 10051.0 0.998
 10051.1 0.995
 10051.2 0.961
 10051.3 0.920
 10051.4 0.862
 10051.5 0.791
 10051.6 0.863
 10051.7 0.956
 10051.8 0.993
 10051.9 0.999
 10052.0 0.999
 10052.1 0.999
 10052.2 1.000
 10052.3 0.999
 10052.4 0.994
 10052.5 0.968
 10052.6 0.964
 10052.7 0.991
 10052.8 0.999
 10052.9 1.000
 10053.0 1.000
 10053.1 0.999
 10053.2 0.999
 10053.3 0.998
 10053.4 0.969
 10053.5 0.898
 10053.6 0.877
 10053.7 0.935
 10053.8 0.905
 10053.9 0.823
 10054.0 0.906
 10054.1 0.990
 10054.2 0.998
 10054.3 0.988
 10054.4 0.962
 10054.5 0.971
 10054.6 0.972
 10054.7 0.884
 10054.8 0.879
 10054.9 0.971
 10055.0 0.997
 10055.1 0.995
 10055.2 0.994
 10055.3 0.994
 10055.4 0.976
 10055.5 0.914
 10055.6 0.924
 10055.7 0.986
 10055.8 0.998
 10055.9 0.996
 10056.0 0.976
 10056.1 0.899
 10056.2 0.865
 10056.3 0.838
 10056.4 0.859
 10056.5 0.966
 10056.6 0.997
 10056.7 0.998
 10056.8 0.999
 10056.9 0.999
 10057.0 0.998
 10057.1 0.996
 10057.2 0.994
 10057.3 0.993
 10057.4 0.984
 10057.5 0.957
 10057.6 0.826
 10057.7 0.645
 10057.8 0.724
 10057.9 0.927
 10058.0 0.989
 10058.1 0.987
 10058.2 0.934
 10058.3 0.885
 10058.4 0.944
 10058.5 0.994
 10058.6 0.998
 10058.7 0.993
 10058.8 0.971
 10058.9 0.971
 10059.0 0.993
 10059.1 0.998
 10059.2 0.998
 10059.3 0.990
 10059.4 0.902
 10059.5 0.800
 10059.6 0.886
 10059.7 0.956
 10059.8 0.791
 10059.9 0.617
 10060.0 0.764
 10060.1 0.957
 10060.2 0.993
 10060.3 0.996
 10060.4 0.998
 10060.5 0.998
 10060.6 0.998
 10060.7 0.998
 10060.8 0.999
 10060.9 0.999
 10061.0 0.999
 10061.1 0.988
 10061.2 0.952
 10061.3 0.944
 10061.4 0.965
 10061.5 0.987
 10061.6 0.999
 10061.7 0.999
 10061.8 0.999
 10061.9 0.999
 10062.0 0.999
 10062.1 0.999
 10062.2 0.999
 10062.3 0.999
 10062.4 0.998
 10062.5 0.990
 10062.6 0.894
 10062.7 0.776
 10062.8 0.872
 10062.9 0.985
 10063.0 0.994
 10063.1 0.952
 10063.2 0.901
 10063.3 0.946
 10063.4 0.989
 10063.5 0.992
 10063.6 0.995
 10063.7 0.998
 10063.8 0.999
 10063.9 0.999
 10064.0 0.998
 10064.1 0.997
 10064.2 0.994
 10064.3 0.948
 10064.4 0.864
 10064.5 0.846
 10064.6 0.858
 10064.7 0.932
 10064.8 0.961
 10064.9 0.903
 10065.0 0.820
 10065.1 0.837
 10065.2 0.940
 10065.3 0.984
 10065.4 0.991
 10065.5 0.994
 10065.6 0.997
 10065.7 0.998
 10065.8 0.998
 10065.9 0.997
 10066.0 0.993
 10066.1 0.993
 10066.2 0.997
 10066.3 0.995
 10066.4 0.949
 10066.5 0.883
 10066.6 0.929
 10066.7 0.990
 10066.8 0.998
 10066.9 0.999
 10067.0 0.999
 10067.1 0.998
 10067.2 0.993
 10067.3 0.993
 10067.4 0.999
 10067.5 1.000
 10067.6 1.000
 10067.7 1.000
 10067.8 0.999
 10067.9 0.999
 10068.0 0.998
 10068.1 0.991
 10068.2 0.972
 10068.3 0.972
 10068.4 0.991
 10068.5 0.999
 10068.6 1.000
 10068.7 1.000
 10068.8 0.999
 10068.9 0.998
 10069.0 0.974
 10069.1 0.884
 10069.2 0.880
 10069.3 0.971
 10069.4 0.998
 10069.5 0.999
 10069.6 1.000
 10069.7 1.000
 10069.8 0.999
 10069.9 0.999
 10070.0 1.000
 10070.1 1.000
 10070.2 0.999
 10070.3 1.000
 10070.4 0.999
 10070.5 0.999
 10070.6 0.999
 10070.7 1.000
 10070.8 0.999
 10070.9 0.999
 10071.0 0.998
 10071.1 0.987
 10071.2 0.913
 10071.3 0.882
 10071.4 0.961
 10071.5 0.997
 10071.6 0.999
 10071.7 0.999
 10071.8 0.999
 10071.9 0.999
 10072.0 0.986
 10072.1 0.916
 10072.2 0.895
 10072.3 0.954
 10072.4 0.909
 10072.5 0.882
 10072.6 0.912
 10072.7 0.948
 10072.8 0.989
 10072.9 0.983
 10073.0 0.975
 10073.1 0.987
 10073.2 0.991
 10073.3 0.965
 10073.4 0.918
 10073.5 0.947
 10073.6 0.993
 10073.7 0.999
 10073.8 0.999
 10073.9 0.999
 10074.0 0.999
 10074.1 0.998
 10074.2 0.997
 10074.3 0.998
 10074.4 0.999
 10074.5 1.000
 10074.6 0.999
 10074.7 0.997
 10074.8 0.987
 10074.9 0.987
 10075.0 0.982
 10075.1 0.955
 10075.2 0.968
 10075.3 0.996
 10075.4 0.999
 10075.5 0.999
 10075.6 0.999
 10075.7 0.998
 10075.8 0.983
 10075.9 0.900
 10076.0 0.849
 10076.1 0.935
 10076.2 0.995
 10076.3 0.999
 10076.4 0.999
 10076.5 1.000
 10076.6 0.999
 10076.7 0.998
 10076.8 0.988
 10076.9 0.976
 10077.0 0.986
 10077.1 0.987
 10077.2 0.983
 10077.3 0.994
 10077.4 0.999
 10077.5 1.000
 10077.6 1.000
 10077.7 0.999
 10077.8 0.999
 10077.9 1.000
 10078.0 1.000
 10078.1 1.000
 10078.2 1.000
 10078.3 0.999
 10078.4 0.995
 10078.5 0.986
 10078.6 0.979
 10078.7 0.978
 10078.8 0.978
 10078.9 0.983
 10079.0 0.991
 10079.1 0.995
 10079.2 0.998
 10079.3 0.999
 10079.4 0.999
 10079.5 0.998
 10079.6 0.964
 10079.7 0.847
 10079.8 0.842
 10079.9 0.950
 10080.0 0.976
 10080.1 0.988
 10080.2 0.983
 10080.3 0.936
 10080.4 0.936
 10080.5 0.983
 10080.6 0.998
 10080.7 0.999
 10080.8 0.999
 10080.9 0.998
 10081.0 0.998
 10081.1 0.999
 10081.2 0.995
 10081.3 0.968
 10081.4 0.947
 10081.5 0.976
 10081.6 0.997
 10081.7 0.999
 10081.8 1.000
 10081.9 1.000
 10082.0 1.000
 10082.1 1.000
 10082.2 0.999
 10082.3 0.999
 10082.4 0.999
 10082.5 0.999
 10082.6 0.999
 10082.7 0.994
 10082.8 0.980
 10082.9 0.984
 10083.0 0.995
 10083.1 0.980
 10083.2 0.970
 10083.3 0.988
 10083.4 0.998
 10083.5 0.999
 10083.6 0.998
 10083.7 0.974
 10083.8 0.883
 10083.9 0.878
 10084.0 0.969
 10084.1 0.988
 10084.2 0.944
 10084.3 0.937
 10084.4 0.977
 10084.5 0.992
 10084.6 0.998
 10084.7 0.998
 10084.8 0.988
 10084.9 0.885
 10085.0 0.801
 10085.1 0.907
 10085.2 0.983
 10085.3 0.992
 10085.4 0.995
 10085.5 0.998
 10085.6 0.999
 10085.7 0.999
 10085.8 0.999
 10085.9 0.999
 10086.0 0.994
 10086.1 0.942
 10086.2 0.890
 10086.3 0.941
 10086.4 0.992
 10086.5 0.999
 10086.6 0.999
 10086.7 0.999
 10086.8 1.000
 10086.9 1.000
 10087.0 1.000
 10087.1 1.000
 10087.2 0.999
 10087.3 0.996
 10087.4 0.984
 10087.5 0.981
 10087.6 0.994
 10087.7 0.999
 10087.8 1.000
 10087.9 1.000
 10088.0 1.000
 10088.1 0.999
 10088.2 0.995
 10088.3 0.993
 10088.4 0.998
 10088.5 1.000
 10088.6 0.999
 10088.7 0.999
 10088.8 0.993
 10088.9 0.929
 10089.0 0.855
 10089.1 0.920
 10089.2 0.989
 10089.3 0.985
 10089.4 0.917
 10089.5 0.884
 10089.6 0.877
 10089.7 0.869
 10089.8 0.951
 10089.9 0.994
 10090.0 0.998
 10090.1 0.999
 10090.2 1.000
 10090.3 1.000
 10090.4 1.000
 10090.5 1.000
 10090.6 1.000
 10090.7 1.000
 10090.8 1.000
 10090.9 1.000
 10091.0 1.000
 10091.1 1.000
 10091.2 0.999
 10091.3 0.994
 10091.4 0.987
 10091.5 0.992
 10091.6 0.995
 10091.7 0.983
 10091.8 0.909
 10091.9 0.881
 10092.0 0.962
 10092.1 0.998
 10092.2 0.999
 10092.3 1.000
 10092.4 0.999
 10092.5 0.998
 10092.6 0.997
 10092.7 0.998
 10092.8 0.999
 10092.9 0.999
 10093.0 0.990
 10093.1 0.916
 10093.2 0.866
 10093.3 0.945
 10093.4 0.994
 10093.5 0.996
 10093.6 0.997
 10093.7 0.998
 10093.8 0.974
 10093.9 0.886
 10094.0 0.887
 10094.1 0.974
 10094.2 0.995
 10094.3 0.995
 10094.4 0.998
 10094.5 1.000
 10094.6 1.000
 10094.7 0.998
 10094.8 0.986
 10094.9 0.983
 10095.0 0.995
 10095.1 1.000
 10095.2 1.000
 10095.3 0.999
 10095.4 0.998
 10095.5 0.999
 10095.6 1.000
 10095.7 1.000
 10095.8 1.000
 10095.9 1.000
 10096.0 1.000
 10096.1 0.996
 10096.2 0.983
 10096.3 0.984
 10096.4 0.990
 10096.5 0.933
 10096.6 0.884
 10096.7 0.940
 10096.8 0.934
 10096.9 0.922
 10097.0 0.978
 10097.1 0.999
 10097.2 1.000
 10097.3 1.000
 10097.4 1.000
 10097.5 1.000
 10097.6 0.999
 10097.7 0.992
 10097.8 0.980
 10097.9 0.986
 10098.0 0.998
 10098.1 1.000
 10098.2 1.000
 10098.3 1.000
 10098.4 1.000
 10098.5 1.000
 10098.6 1.000
 10098.7 1.000
 10098.8 1.000
 10098.9 1.000
 10099.0 0.998
 10099.1 0.998
 10099.2 0.999
 10099.3 1.000
 10099.4 1.000
 10099.5 1.000
 10099.6 1.000
 10099.7 0.999
 10099.8 0.999
 10099.9 1.000
