 11320.0 0.999
 11320.1 1.000
 11320.2 1.000
 11320.3 1.000
 11320.4 0.999
 11320.5 0.999
 11320.6 0.997
 11320.7 0.989
 11320.8 0.989
 11320.9 0.996
 11321.0 0.999
 11321.1 1.000
 11321.2 1.000
 11321.3 1.000
 11321.4 1.000
 11321.5 1.000
 11321.6 0.999
 11321.7 0.999
 11321.8 0.999
 11321.9 1.000
 11322.0 1.000
 11322.1 1.000
 11322.2 1.000
 11322.3 1.000
 11322.4 1.000
 11322.5 1.000
 11322.6 1.000
 11322.7 0.999
 11322.8 0.999
 11322.9 0.999
 11323.0 0.999
 11323.1 0.995
 11323.2 0.989
 11323.3 0.990
 11323.4 0.996
 11323.5 0.999
 11323.6 0.999
 11323.7 0.999
 11323.8 1.000
 11323.9 1.000
 11324.0 1.000
 11324.1 1.000
 11324.2 1.000
 11324.3 1.000
 11324.4 1.000
 11324.5 1.000
 11324.6 1.000
 11324.7 1.000
 11324.8 1.000
 11324.9 1.000
 11325.0 1.000
 11325.1 1.000
 11325.2 1.000
 11325.3 1.000
 11325.4 1.000
 11325.5 1.000
 11325.6 1.000
 11325.7 1.000
 11325.8 1.000
 11325.9 1.000
 11326.0 1.000
 11326.1 1.000
 11326.2 1.000
 11326.3 0.999
 11326.4 0.999
 11326.5 0.999
 11326.6 0.999
 11326.7 0.999
 11326.8 0.998
 11326.9 0.997
 11327.0 0.998
 11327.1 0.998
 11327.2 0.998
 11327.3 0.998
 11327.4 0.999
 11327.5 1.000
 11327.6 1.000
 11327.7 1.000
 11327.8 1.000
 11327.9 1.000
 11328.0 1.000
 11328.1 1.000
 11328.2 1.000
 11328.3 1.000
 11328.4 0.999
 11328.5 0.998
 11328.6 0.997
 11328.7 0.999
 11328.8 1.000
 11328.9 1.000
 11329.0 1.000
 11329.1 1.000
 11329.2 1.000
 11329.3 0.999
 11329.4 0.998
 11329.5 0.997
 11329.6 0.987
 11329.7 0.968
 11329.8 0.969
 11329.9 0.988
 11330.0 0.996
 11330.1 0.992
 11330.2 0.988
 11330.3 0.992
 11330.4 0.997
 11330.5 0.996
 11330.6 0.980
 11330.7 0.968
 11330.8 0.982
 11330.9 0.996
 11331.0 0.997
 11331.1 0.998
 11331.2 0.998
 11331.3 0.998
 11331.4 0.997
 11331.5 0.995
 11331.6 0.991
 11331.7 0.973
 11331.8 0.890
 11331.9 0.801
 11332.0 0.846
 11332.1 0.950
 11332.2 0.989
 11332.3 0.995
 11332.4 0.997
 11332.5 0.998
 11332.6 0.998
 11332.7 0.999
 11332.8 0.999
 11332.9 0.999
 11333.0 0.998
 11333.1 0.996
 11333.2 0.994
 11333.3 0.990
 11333.4 0.980
 11333.5 0.977
 11333.6 0.983
 11333.7 0.987
 11333.8 0.981
 11333.9 0.970
 11334.0 0.977
 11334.1 0.991
 11334.2 0.989
 11334.3 0.981
 11334.4 0.986
 11334.5 0.996
 11334.6 0.999
 11334.7 1.000
 11334.8 1.000
 11334.9 1.000
 11335.0 1.000
 11335.1 1.000
 11335.2 1.000
 11335.3 1.000
 11335.4 1.000
 11335.5 1.000
 11335.6 1.000
 11335.7 1.000
 11335.8 1.000
 11335.9 1.000
 11336.0 1.000
 11336.1 1.000
 11336.2 0.999
 11336.3 0.999
 11336.4 0.998
 11336.5 0.997
 11336.6 0.997
 11336.7 0.999
 11336.8 0.999
 11336.9 0.999
 11337.0 0.999
 11337.1 0.999
 11337.2 0.999
 11337.3 0.999
 11337.4 0.999
 11337.5 0.999
 11337.6 0.998
 11337.7 0.995
 11337.8 0.992
 11337.9 0.994
 11338.0 0.997
 11338.1 0.997
 11338.2 0.997
 11338.3 0.996
 11338.4 0.995
 11338.5 0.993
 11338.6 0.992
 11338.7 0.990
 11338.8 0.983
 11338.9 0.962
 11339.0 0.866
 11339.1 0.713
 11339.2 0.692
 11339.3 0.836
 11339.4 0.953
 11339.5 0.982
 11339.6 0.989
 11339.7 0.992
 11339.8 0.995
 11339.9 0.996
 11340.0 0.997
 11340.1 0.998
 11340.2 0.998
 11340.3 0.999
 11340.4 0.999
 11340.5 0.999
 11340.6 0.999
 11340.7 0.998
 11340.8 0.997
 11340.9 0.997
 11341.0 0.999
 11341.1 0.999
 11341.2 0.999
 11341.3 0.999
 11341.4 0.999
 11341.5 0.999
 11341.6 0.999
 11341.7 0.998
 11341.8 0.998
 11341.9 0.998
 11342.0 0.991
 11342.1 0.980
 11342.2 0.985
 11342.3 0.995
 11342.4 0.991
 11342.5 0.984
 11342.6 0.974
 11342.7 0.977
 11342.8 0.992
 11342.9 0.999
 11343.0 0.999
 11343.1 0.999
 11343.2 0.999
 11343.3 1.000
 11343.4 1.000
 11343.5 1.000
 11343.6 1.000
 11343.7 1.000
 11343.8 1.000
 11343.9 1.000
 11344.0 1.000
 11344.1 1.000
 11344.2 1.000
 11344.3 1.000
 11344.4 1.000
 11344.5 1.000
 11344.6 1.000
 11344.7 1.000
 11344.8 1.000
 11344.9 1.000
 11345.0 1.000
 11345.1 1.000
 11345.2 0.999
 11345.3 0.992
 11345.4 0.981
 11345.5 0.986
 11345.6 0.997
 11345.7 1.000
 11345.8 1.000
 11345.9 1.000
 11346.0 1.000
 11346.1 1.000
 11346.2 1.000
 11346.3 1.000
 11346.4 1.000
 11346.5 1.000
 11346.6 1.000
 11346.7 0.999
 11346.8 0.994
 11346.9 0.971
 11347.0 0.961
 11347.1 0.983
 11347.2 0.998
 11347.3 0.999
 11347.4 0.999
 11347.5 0.999
 11347.6 0.998
 11347.7 0.999
 11347.8 0.999
 11347.9 0.999
 11348.0 0.999
 11348.1 0.999
 11348.2 0.997
 11348.3 0.984
 11348.4 0.970
 11348.5 0.978
 11348.6 0.993
 11348.7 0.997
 11348.8 0.998
 11348.9 0.999
 11349.0 0.999
 11349.1 0.999
 11349.2 0.994
 11349.3 0.962
 11349.4 0.935
 11349.5 0.961
 11349.6 0.993
 11349.7 0.999
 11349.8 1.000
 11349.9 0.999
 11350.0 0.996
 11350.1 0.990
 11350.2 0.990
 11350.3 0.996
 11350.4 0.999
 11350.5 1.000
 11350.6 0.999
 11350.7 0.999
 11350.8 1.000
 11350.9 1.000
 11351.0 1.000
 11351.1 1.000
 11351.2 1.000
 11351.3 0.999
 11351.4 0.993
 11351.5 0.972
 11351.6 0.964
 11351.7 0.983
 11351.8 0.997
 11351.9 0.999
 11352.0 1.000
 11352.1 0.998
 11352.2 0.988
 11352.3 0.976
 11352.4 0.980
 11352.5 0.981
 11352.6 0.973
 11352.7 0.981
 11352.8 0.990
 11352.9 0.983
 11353.0 0.983
 11353.1 0.994
 11353.2 0.994
 11353.3 0.980
 11353.4 0.972
 11353.5 0.985
 11353.6 0.997
 11353.7 0.998
 11353.8 0.997
 11353.9 0.997
 11354.0 0.998
 11354.1 0.998
 11354.2 0.999
 11354.3 0.994
 11354.4 0.984
 11354.5 0.984
 11354.6 0.992
 11354.7 0.994
 11354.8 0.996
 11354.9 0.999
 11355.0 0.999
 11355.1 1.000
 11355.2 0.999
 11355.3 0.999
 11355.4 0.999
 11355.5 0.999
 11355.6 0.997
 11355.7 0.993
 11355.8 0.965
 11355.9 0.907
 11356.0 0.904
 11356.1 0.962
 11356.2 0.993
 11356.3 0.997
 11356.4 0.998
 11356.5 0.999
 11356.6 0.999
 11356.7 0.999
 11356.8 1.000
 11356.9 1.000
 11357.0 1.000
 11357.1 1.000
 11357.2 1.000
 11357.3 0.999
 11357.4 0.999
 11357.5 1.000
 11357.6 0.999
 11357.7 0.999
 11357.8 0.999
 11357.9 1.000
 11358.0 1.000
 11358.1 0.999
 11358.2 0.998
 11358.3 0.998
 11358.4 0.999
 11358.5 1.000
 11358.6 0.999
 11358.7 0.999
 11358.8 0.999
 11358.9 1.000
 11359.0 1.000
 11359.1 1.000
 11359.2 1.000
 11359.3 1.000
 11359.4 0.999
 11359.5 0.998
 11359.6 0.995
 11359.7 0.995
 11359.8 0.998
 11359.9 1.000
 11360.0 1.000
 11360.1 0.998
 11360.2 0.995
 11360.3 0.996
 11360.4 0.999
 11360.5 0.999
 11360.6 0.997
 11360.7 0.996
 11360.8 0.997
 11360.9 0.999
 11361.0 0.999
 11361.1 0.999
 11361.2 1.000
 11361.3 1.000
 11361.4 1.000
 11361.5 1.000
 11361.6 1.000
 11361.7 1.000
 11361.8 1.000
 11361.9 1.000
 11362.0 0.998
 11362.1 0.994
 11362.2 0.989
 11362.3 0.988
 11362.4 0.994
 11362.5 0.999
 11362.6 1.000
 11362.7 1.000
 11362.8 1.000
 11362.9 1.000
 11363.0 1.000
 11363.1 0.999
 11363.2 1.000
 11363.3 1.000
 11363.4 1.000
 11363.5 0.998
 11363.6 0.993
 11363.7 0.994
 11363.8 0.998
 11363.9 0.999
 11364.0 1.000
 11364.1 1.000
 11364.2 1.000
 11364.3 1.000
 11364.4 1.000
 11364.5 1.000
 11364.6 1.000
 11364.7 1.000
 11364.8 1.000
 11364.9 1.000
 11365.0 1.000
 11365.1 1.000
 11365.2 1.000
 11365.3 0.997
 11365.4 0.985
 11365.5 0.977
 11365.6 0.987
 11365.7 0.995
 11365.8 0.997
 11365.9 0.999
 11366.0 1.000
 11366.1 1.000
 11366.2 1.000
 11366.3 1.000
 11366.4 1.000
 11366.5 1.000
 11366.6 1.000
 11366.7 1.000
 11366.8 1.000
 11366.9 1.000
 11367.0 1.000
 11367.1 1.000
 11367.2 0.999
 11367.3 0.999
 11367.4 0.996
 11367.5 0.985
 11367.6 0.971
 11367.7 0.977
 11367.8 0.993
 11367.9 0.999
 11368.0 1.000
 11368.1 0.999
 11368.2 0.998
 11368.3 0.998
 11368.4 0.998
 11368.5 0.998
 11368.6 0.999
 11368.7 1.000
 11368.8 1.000
 11368.9 1.000
 11369.0 1.000
 11369.1 1.000
 11369.2 1.000
 11369.3 0.999
 11369.4 0.999
 11369.5 1.000
 11369.6 1.000
 11369.7 1.000
 11369.8 1.000
 11369.9 1.000
 11370.0 1.000
 11370.1 1.000
 11370.2 1.000
 11370.3 1.000
 11370.4 0.999
 11370.5 0.995
 11370.6 0.990
 11370.7 0.992
 11370.8 0.998
 11370.9 0.999
 11371.0 0.999
 11371.1 0.999
 11371.2 0.999
 11371.3 1.000
 11371.4 1.000
 11371.5 1.000
 11371.6 0.999
 11371.7 0.999
 11371.8 0.999
 11371.9 0.998
 11372.0 0.997
 11372.1 0.997
 11372.2 0.994
 11372.3 0.984
 11372.4 0.982
 11372.5 0.991
 11372.6 0.997
 11372.7 0.997
 11372.8 0.996
 11372.9 0.996
 11373.0 0.997
 11373.1 0.996
 11373.2 0.990
 11373.3 0.975
 11373.4 0.969
 11373.5 0.980
 11373.6 0.986
 11373.7 0.979
 11373.8 0.952
 11373.9 0.824
 11374.0 0.622
 11374.1 0.555
 11374.2 0.719
 11374.3 0.908
 11374.4 0.972
 11374.5 0.985
 11374.6 0.990
 11374.7 0.993
 11374.8 0.994
 11374.9 0.992
 11375.0 0.984
 11375.1 0.979
 11375.2 0.987
 11375.3 0.996
 11375.4 0.998
 11375.5 0.995
 11375.6 0.971
 11375.7 0.943
 11375.8 0.962
 11375.9 0.992
 11376.0 0.998
 11376.1 0.999
 11376.2 0.999
 11376.3 0.998
 11376.4 0.998
 11376.5 0.998
 11376.6 0.999
 11376.7 0.999
 11376.8 0.999
 11376.9 0.999
 11377.0 0.999
 11377.1 0.999
 11377.2 0.999
 11377.3 0.998
 11377.4 0.990
 11377.5 0.982
 11377.6 0.981
 11377.7 0.980
 11377.8 0.979
 11377.9 0.978
 11378.0 0.976
 11378.1 0.975
 11378.2 0.972
 11378.3 0.967
 11378.4 0.958
 11378.5 0.953
 11378.6 0.956
 11378.7 0.959
 11378.8 0.960
 11378.9 0.959
 11379.0 0.955
 11379.1 0.947
 11379.2 0.908
 11379.3 0.855
 11379.4 0.868
 11379.5 0.916
 11379.6 0.930
 11379.7 0.926
 11379.8 0.919
 11379.9 0.911
 11380.0 0.902
 11380.1 0.892
 11380.2 0.880
 11380.3 0.866
 11380.4 0.850
 11380.5 0.832
 11380.6 0.810
 11380.7 0.785
 11380.8 0.756
 11380.9 0.721
 11381.0 0.680
 11381.1 0.628
 11381.2 0.549
 11381.3 0.455
 11381.4 0.399
 11381.5 0.404
 11381.6 0.471
 11381.7 0.565
 11381.8 0.639
 11381.9 0.688
 11382.0 0.728
 11382.1 0.761
 11382.2 0.790
 11382.3 0.814
 11382.4 0.835
 11382.5 0.852
 11382.6 0.866
 11382.7 0.880
 11382.8 0.893
 11382.9 0.904
 11383.0 0.913
 11383.1 0.921
 11383.2 0.928
 11383.3 0.934
 11383.4 0.940
 11383.5 0.944
 11383.6 0.949
 11383.7 0.951
 11383.8 0.952
 11383.9 0.954
 11384.0 0.960
 11384.1 0.964
 11384.2 0.967
 11384.3 0.969
 11384.4 0.971
 11384.5 0.972
 11384.6 0.974
 11384.7 0.974
 11384.8 0.974
 11384.9 0.975
 11385.0 0.977
 11385.1 0.978
 11385.2 0.979
 11385.3 0.980
 11385.4 0.982
 11385.5 0.991
 11385.6 0.999
 11385.7 1.000
 11385.8 1.000
 11385.9 0.999
 11386.0 0.999
 11386.1 0.999
 11386.2 0.999
 11386.3 1.000
 11386.4 1.000
 11386.5 1.000
 11386.6 1.000
 11386.7 1.000
 11386.8 1.000
 11386.9 0.999
 11387.0 0.999
 11387.1 0.998
 11387.2 0.992
 11387.3 0.976
 11387.4 0.972
 11387.5 0.987
 11387.6 0.997
 11387.7 0.999
 11387.8 0.999
 11387.9 0.999
 11388.0 0.999
 11388.1 0.999
 11388.2 0.999
 11388.3 0.998
 11388.4 0.993
 11388.5 0.985
 11388.6 0.986
 11388.7 0.994
 11388.8 0.998
 11388.9 0.999
 11389.0 0.999
 11389.1 0.999
 11389.2 0.999
 11389.3 0.999
 11389.4 0.998
 11389.5 0.995
 11389.6 0.992
 11389.7 0.994
 11389.8 0.996
 11389.9 0.996
 11390.0 0.995
 11390.1 0.994
 11390.2 0.989
 11390.3 0.982
 11390.4 0.975
 11390.5 0.948
 11390.6 0.830
 11390.7 0.673
 11390.8 0.673
 11390.9 0.829
 11391.0 0.948
 11391.1 0.979
 11391.2 0.988
 11391.3 0.992
 11391.4 0.994
 11391.5 0.993
 11391.6 0.988
 11391.7 0.989
 11391.8 0.994
 11391.9 0.997
 11392.0 0.997
 11392.1 0.997
 11392.2 0.996
 11392.3 0.996
 11392.4 0.996
 11392.5 0.992
 11392.6 0.983
 11392.7 0.984
 11392.8 0.994
 11392.9 0.999
 11393.0 0.999
 11393.1 0.999
 11393.2 0.999
 11393.3 0.999
 11393.4 0.999
 11393.5 0.999
 11393.6 0.999
 11393.7 0.995
 11393.8 0.981
 11393.9 0.972
 11394.0 0.983
 11394.1 0.995
 11394.2 0.997
 11394.3 0.993
 11394.4 0.991
 11394.5 0.995
 11394.6 0.999
 11394.7 0.999
 11394.8 0.999
 11394.9 0.998
 11395.0 0.997
 11395.1 0.999
 11395.2 1.000
 11395.3 1.000
 11395.4 0.999
 11395.5 0.998
 11395.6 0.997
 11395.7 0.985
 11395.8 0.972
 11395.9 0.980
 11396.0 0.987
 11396.1 0.981
 11396.2 0.979
 11396.3 0.981
 11396.4 0.990
 11396.5 0.998
 11396.6 0.998
 11396.7 0.998
 11396.8 0.998
 11396.9 0.999
 11397.0 0.999
 11397.1 0.998
 11397.2 0.998
 11397.3 0.998
 11397.4 0.997
 11397.5 0.995
 11397.6 0.993
 11397.7 0.988
 11397.8 0.970
 11397.9 0.884
 11398.0 0.740
 11398.1 0.719
 11398.2 0.855
 11398.3 0.961
 11398.4 0.986
 11398.5 0.992
 11398.6 0.995
 11398.7 0.996
 11398.8 0.997
 11398.9 0.998
 11399.0 0.998
 11399.1 0.999
 11399.2 0.999
 11399.3 0.998
 11399.4 0.999
 11399.5 0.999
 11399.6 0.999
 11399.7 0.986
 11399.8 0.969
 11399.9 0.965
 11400.0 0.963
 11400.1 0.952
 11400.2 0.931
 11400.3 0.931
 11400.4 0.948
 11400.5 0.946
 11400.6 0.938
 11400.7 0.941
 11400.8 0.945
 11400.9 0.942
 11401.0 0.938
 11401.1 0.935
 11401.2 0.931
 11401.3 0.927
 11401.4 0.922
 11401.5 0.917
 11401.6 0.911
 11401.7 0.905
 11401.8 0.898
 11401.9 0.890
 11402.0 0.881
 11402.1 0.872
 11402.2 0.862
 11402.3 0.850
 11402.4 0.837
 11402.5 0.823
 11402.6 0.806
 11402.7 0.788
 11402.8 0.769
 11402.9 0.748
 11403.0 0.724
 11403.1 0.697
 11403.2 0.666
 11403.3 0.631
 11403.4 0.589
 11403.5 0.531
 11403.6 0.451
 11403.7 0.388
 11403.8 0.379
 11403.9 0.427
 11404.0 0.506
 11404.1 0.573
 11404.2 0.618
 11404.3 0.655
 11404.4 0.687
 11404.5 0.716
 11404.6 0.741
 11404.7 0.763
 11404.8 0.783
 11404.9 0.799
 11405.0 0.816
 11405.1 0.832
 11405.2 0.844
 11405.3 0.856
 11405.4 0.868
 11405.5 0.878
 11405.6 0.887
 11405.7 0.895
 11405.8 0.903
 11405.9 0.909
 11406.0 0.915
 11406.1 0.921
 11406.2 0.926
 11406.3 0.930
 11406.4 0.934
 11406.5 0.938
 11406.6 0.942
 11406.7 0.945
 11406.8 0.948
 11406.9 0.951
 11407.0 0.953
 11407.1 0.956
 11407.2 0.958
 11407.3 0.960
 11407.4 0.961
 11407.5 0.958
 11407.6 0.948
 11407.7 0.947
 11407.8 0.972
 11407.9 0.995
 11408.0 1.000
 11408.1 1.000
 11408.2 1.000
 11408.3 1.000
 11408.4 0.998
 11408.5 0.983
 11408.6 0.971
 11408.7 0.982
 11408.8 0.996
 11408.9 0.997
 11409.0 0.998
 11409.1 0.999
 11409.2 1.000
 11409.3 0.999
 11409.4 0.999
 11409.5 0.999
 11409.6 0.999
 11409.7 0.998
 11409.8 0.993
 11409.9 0.989
 11410.0 0.992
 11410.1 0.997
 11410.2 0.999
 11410.3 1.000
 11410.4 1.000
 11410.5 1.000
 11410.6 1.000
 11410.7 1.000
 11410.8 1.000
 11410.9 1.000
 11411.0 1.000
 11411.1 0.997
 11411.2 0.984
 11411.3 0.965
 11411.4 0.967
 11411.5 0.987
 11411.6 0.998
 11411.7 1.000
 11411.8 1.000
 11411.9 1.000
 11412.0 0.999
 11412.1 0.999
 11412.2 1.000
 11412.3 1.000
 11412.4 1.000
 11412.5 1.000
 11412.6 1.000
 11412.7 0.999
 11412.8 0.998
 11412.9 0.998
 11413.0 0.998
 11413.1 0.993
 11413.2 0.989
 11413.3 0.988
 11413.4 0.984
 11413.5 0.982
 11413.6 0.990
 11413.7 0.997
 11413.8 0.999
 11413.9 1.000
 11414.0 1.000
 11414.1 1.000
 11414.2 1.000
 11414.3 1.000
 11414.4 1.000
 11414.5 0.997
 11414.6 0.995
 11414.7 0.996
 11414.8 0.991
 11414.9 0.977
 11415.0 0.976
 11415.1 0.990
 11415.2 0.998
 11415.3 0.999
 11415.4 0.999
 11415.5 1.000
 11415.6 1.000
 11415.7 1.000
 11415.8 1.000
 11415.9 1.000
 11416.0 1.000
 11416.1 1.000
 11416.2 1.000
 11416.3 1.000
 11416.4 1.000
 11416.5 1.000
 11416.6 1.000
 11416.7 1.000
 11416.8 0.999
 11416.9 0.999
 11417.0 0.999
 11417.1 0.999
 11417.2 0.999
 11417.3 0.999
 11417.4 1.000
 11417.5 1.000
 11417.6 1.000
 11417.7 1.000
 11417.8 0.998
 11417.9 0.990
 11418.0 0.982
 11418.1 0.986
 11418.2 0.991
 11418.3 0.991
 11418.4 0.994
 11418.5 0.998
 11418.6 0.999
 11418.7 0.999
 11418.8 0.999
 11418.9 0.998
 11419.0 0.998
 11419.1 0.999
 11419.2 0.999
 11419.3 0.999
 11419.4 0.999
 11419.5 0.999
 11419.6 0.999
 11419.7 0.999
 11419.8 0.999
 11419.9 0.998
 11420.0 0.998
 11420.1 0.998
 11420.2 0.997
 11420.3 0.997
 11420.4 0.996
 11420.5 0.996
 11420.6 0.997
 11420.7 0.997
 11420.8 0.996
 11420.9 0.996
 11421.0 0.995
 11421.1 0.994
 11421.2 0.992
 11421.3 0.991
 11421.4 0.989
 11421.5 0.986
 11421.6 0.982
 11421.7 0.977
 11421.8 0.970
 11421.9 0.956
 11422.0 0.926
 11422.1 0.819
 11422.2 0.610
 11422.3 0.469
 11422.4 0.536
 11422.5 0.742
 11422.6 0.901
 11422.7 0.948
 11422.8 0.966
 11422.9 0.976
 11423.0 0.982
 11423.1 0.986
 11423.2 0.989
 11423.3 0.991
 11423.4 0.993
 11423.5 0.994
 11423.6 0.995
 11423.7 0.996
 11423.8 0.996
 11423.9 0.996
 11424.0 0.996
 11424.1 0.996
 11424.2 0.996
 11424.3 0.996
 11424.4 0.997
 11424.5 0.998
 11424.6 0.998
 11424.7 0.996
 11424.8 0.990
 11424.9 0.984
 11425.0 0.985
 11425.1 0.991
 11425.2 0.996
 11425.3 0.998
 11425.4 0.999
 11425.5 0.999
 11425.6 0.999
 11425.7 0.999
 11425.8 0.999
 11425.9 0.999
 11426.0 0.999
 11426.1 0.999
 11426.2 0.999
 11426.3 0.999
 11426.4 1.000
 11426.5 1.000
 11426.6 1.000
 11426.7 1.000
 11426.8 0.999
 11426.9 0.999
 11427.0 1.000
 11427.1 1.000
 11427.2 0.999
 11427.3 0.998
 11427.4 0.997
 11427.5 0.990
 11427.6 0.980
 11427.7 0.985
 11427.8 0.996
 11427.9 0.999
 11428.0 0.999
 11428.1 0.999
 11428.2 0.999
 11428.3 0.996
 11428.4 0.984
 11428.5 0.973
 11428.6 0.981
 11428.7 0.994
 11428.8 0.992
 11428.9 0.983
 11429.0 0.988
 11429.1 0.998
 11429.2 1.000
 11429.3 1.000
 11429.4 1.000
 11429.5 1.000
 11429.6 1.000
 11429.7 1.000
 11429.8 1.000
 11429.9 1.000
 11430.0 0.999
 11430.1 0.999
 11430.2 1.000
 11430.3 1.000
 11430.4 1.000
 11430.5 1.000
 11430.6 0.999
 11430.7 0.999
 11430.8 1.000
 11430.9 1.000
 11431.0 1.000
 11431.1 1.000
 11431.2 0.999
 11431.3 0.999
 11431.4 0.999
 11431.5 1.000
 11431.6 1.000
 11431.7 1.000
 11431.8 0.999
 11431.9 0.999
 11432.0 0.999
 11432.1 0.997
 11432.2 0.995
 11432.3 0.996
 11432.4 0.996
 11432.5 0.997
 11432.6 0.998
 11432.7 0.987
 11432.8 0.955
 11432.9 0.953
 11433.0 0.984
 11433.1 0.998
 11433.2 1.000
 11433.3 1.000
 11433.4 0.999
 11433.5 0.999
 11433.6 1.000
 11433.7 1.000
 11433.8 1.000
 11433.9 1.000
 11434.0 1.000
 11434.1 1.000
 11434.2 1.000
 11434.3 0.999
 11434.4 0.998
 11434.5 0.998
 11434.6 0.998
 11434.7 0.994
 11434.8 0.985
 11434.9 0.984
 11435.0 0.993
 11435.1 0.998
 11435.2 0.997
 11435.3 0.991
 11435.4 0.989
 11435.5 0.994
 11435.6 0.998
 11435.7 0.999
 11435.8 0.999
 11435.9 0.998
 11436.0 0.998
 11436.1 0.999
 11436.2 0.998
 11436.3 0.998
 11436.4 0.992
 11436.5 0.978
 11436.6 0.975
 11436.7 0.988
 11436.8 0.996
 11436.9 0.997
 11437.0 0.997
 11437.1 0.997
 11437.2 0.997
 11437.3 0.997
 11437.4 0.996
 11437.5 0.996
 11437.6 0.995
 11437.7 0.995
 11437.8 0.994
 11437.9 0.992
 11438.0 0.990
 11438.1 0.990
 11438.2 0.988
 11438.3 0.984
 11438.4 0.980
 11438.5 0.974
 11438.6 0.966
 11438.7 0.951
 11438.8 0.921
 11438.9 0.824
 11439.0 0.628
 11439.1 0.485
 11439.2 0.540
 11439.3 0.734
 11439.4 0.890
 11439.5 0.939
 11439.6 0.957
 11439.7 0.953
 11439.8 0.947
 11439.9 0.964
 11440.0 0.984
 11440.1 0.985
 11440.2 0.978
 11440.3 0.978
 11440.4 0.987
 11440.5 0.993
 11440.6 0.995
 11440.7 0.996
 11440.8 0.996
 11440.9 0.996
 11441.0 0.996
 11441.1 0.997
 11441.2 0.997
 11441.3 0.998
 11441.4 0.998
 11441.5 0.998
 11441.6 0.998
 11441.7 0.997
 11441.8 0.994
 11441.9 0.993
 11442.0 0.995
 11442.1 0.998
 11442.2 0.999
 11442.3 0.999
 11442.4 0.999
 11442.5 0.999
 11442.6 0.999
 11442.7 0.999
 11442.8 0.999
 11442.9 0.999
 11443.0 0.999
 11443.1 0.999
 11443.2 1.000
 11443.3 0.999
 11443.4 0.995
 11443.5 0.994
 11443.6 0.997
 11443.7 0.998
 11443.8 0.999
 11443.9 0.999
 11444.0 0.998
 11444.1 0.998
 11444.2 0.998
 11444.3 0.999
 11444.4 0.999
 11444.5 0.998
 11444.6 0.999
 11444.7 1.000
 11444.8 1.000
 11444.9 1.000
 11445.0 1.000
 11445.1 1.000
 11445.2 1.000
 11445.3 1.000
 11445.4 1.000
 11445.5 1.000
 11445.6 1.000
 11445.7 1.000
 11445.8 1.000
 11445.9 1.000
 11446.0 1.000
 11446.1 0.999
 11446.2 0.997
 11446.3 0.997
 11446.4 0.998
 11446.5 0.999
 11446.6 1.000
 11446.7 1.000
 11446.8 0.998
 11446.9 0.987
 11447.0 0.974
 11447.1 0.981
 11447.2 0.996
 11447.3 0.999
 11447.4 1.000
 11447.5 0.999
 11447.6 0.996
 11447.7 0.973
 11447.8 0.952
 11447.9 0.971
 11448.0 0.995
 11448.1 0.999
 11448.2 1.000
 11448.3 1.000
 11448.4 1.000
 11448.5 1.000
 11448.6 1.000
 11448.7 1.000
 11448.8 1.000
 11448.9 1.000
 11449.0 1.000
 11449.1 1.000
 11449.2 1.000
 11449.3 1.000
 11449.4 0.999
 11449.5 0.999
 11449.6 0.999
 11449.7 0.997
 11449.8 0.985
 11449.9 0.974
 11450.0 0.982
 11450.1 0.995
 11450.2 0.999
 11450.3 1.000
 11450.4 1.000
 11450.5 1.000
 11450.6 1.000
 11450.7 1.000
 11450.8 1.000
 11450.9 1.000
 11451.0 1.000
 11451.1 0.999
 11451.2 0.998
 11451.3 0.997
 11451.4 0.998
 11451.5 1.000
 11451.6 1.000
 11451.7 1.000
 11451.8 1.000
 11451.9 1.000
 11452.0 1.000
 11452.1 1.000
 11452.2 1.000
 11452.3 1.000
 11452.4 1.000
 11452.5 1.000
 11452.6 1.000
 11452.7 1.000
 11452.8 1.000
 11452.9 1.000
 11453.0 1.000
 11453.1 1.000
 11453.2 1.000
 11453.3 1.000
 11453.4 1.000
 11453.5 1.000
 11453.6 1.000
 11453.7 1.000
 11453.8 1.000
 11453.9 1.000
 11454.0 1.000
 11454.1 1.000
 11454.2 1.000
 11454.3 1.000
 11454.4 1.000
 11454.5 1.000
 11454.6 1.000
 11454.7 1.000
 11454.8 1.000
 11454.9 1.000
 11455.0 1.000
 11455.1 1.000
 11455.2 1.000
 11455.3 0.999
 11455.4 0.997
 11455.5 0.997
 11455.6 0.999
 11455.7 1.000
 11455.8 1.000
 11455.9 1.000
 11456.0 1.000
 11456.1 0.999
 11456.2 0.999
 11456.3 0.998
 11456.4 0.998
 11456.5 0.998
 11456.6 0.997
 11456.7 0.990
 11456.8 0.983
 11456.9 0.989
 11457.0 0.997
 11457.1 1.000
 11457.2 1.000
 11457.3 1.000
 11457.4 1.000
 11457.5 1.000
 11457.6 1.000
 11457.7 0.999
 11457.8 0.998
 11457.9 0.994
 11458.0 0.989
 11458.1 0.990
 11458.2 0.996
 11458.3 0.999
 11458.4 0.999
 11458.5 0.997
 11458.6 0.987
 11458.7 0.976
 11458.8 0.981
 11458.9 0.995
 11459.0 0.999
 11459.1 0.998
 11459.2 0.998
 11459.3 0.998
 11459.4 0.999
 11459.5 0.999
 11459.6 0.999
 11459.7 0.999
 11459.8 1.000
 11459.9 1.000
 11460.0 1.000
 11460.1 0.998
 11460.2 0.980
 11460.3 0.958
 11460.4 0.970
 11460.5 0.994
 11460.6 0.999
 11460.7 0.998
 11460.8 0.991
 11460.9 0.979
 11461.0 0.983
 11461.1 0.993
 11461.2 0.991
 11461.3 0.993
 11461.4 0.998
 11461.5 0.999
 11461.6 0.997
 11461.7 0.995
 11461.8 0.998
 11461.9 1.000
 11462.0 1.000
 11462.1 1.000
 11462.2 1.000
 11462.3 1.000
 11462.4 1.000
 11462.5 1.000
 11462.6 1.000
 11462.7 1.000
 11462.8 0.999
 11462.9 0.996
 11463.0 0.987
 11463.1 0.984
 11463.2 0.992
 11463.3 0.999
 11463.4 1.000
 11463.5 1.000
 11463.6 1.000
 11463.7 1.000
 11463.8 1.000
 11463.9 1.000
 11464.0 1.000
 11464.1 1.000
 11464.2 1.000
 11464.3 1.000
 11464.4 1.000
 11464.5 1.000
 11464.6 1.000
 11464.7 1.000
 11464.8 1.000
 11464.9 0.999
 11465.0 0.998
 11465.1 0.998
 11465.2 0.998
 11465.3 0.999
 11465.4 1.000
 11465.5 1.000
 11465.6 0.999
 11465.7 0.989
 11465.8 0.975
 11465.9 0.981
 11466.0 0.996
 11466.1 1.000
 11466.2 1.000
 11466.3 1.000
 11466.4 1.000
 11466.5 1.000
 11466.6 1.000
 11466.7 1.000
 11466.8 0.999
 11466.9 0.999
 11467.0 1.000
 11467.1 1.000
 11467.2 1.000
 11467.3 1.000
 11467.4 1.000
 11467.5 1.000
 11467.6 1.000
 11467.7 1.000
 11467.8 1.000
 11467.9 1.000
 11468.0 1.000
 11468.1 1.000
 11468.2 1.000
 11468.3 1.000
 11468.4 1.000
 11468.5 1.000
 11468.6 1.000
 11468.7 1.000
 11468.8 1.000
 11468.9 1.000
 11469.0 1.000
 11469.1 1.000
 11469.2 0.999
 11469.3 0.999
 11469.4 0.998
 11469.5 0.995
 11469.6 0.991
 11469.7 0.994
 11469.8 0.998
 11469.9 0.999
 11470.0 1.000
 11470.1 1.000
 11470.2 1.000
 11470.3 1.000
 11470.4 1.000
 11470.5 0.999
 11470.6 0.998
 11470.7 0.996
 11470.8 0.996
 11470.9 0.997
 11471.0 0.997
 11471.1 0.998
 11471.2 0.998
 11471.3 0.995
 11471.4 0.995
 11471.5 0.997
 11471.6 0.998
 11471.7 0.993
 11471.8 0.979
 11471.9 0.973
 11472.0 0.985
 11472.1 0.995
 11472.2 0.997
 11472.3 0.996
 11472.4 0.994
 11472.5 0.992
 11472.6 0.988
 11472.7 0.978
 11472.8 0.934
 11472.9 0.797
 11473.0 0.672
 11473.1 0.735
 11473.2 0.889
 11473.3 0.968
 11473.4 0.985
 11473.5 0.990
 11473.6 0.993
 11473.7 0.995
 11473.8 0.997
 11473.9 0.997
 11474.0 0.998
 11474.1 0.998
 11474.2 0.999
 11474.3 0.999
 11474.4 0.999
 11474.5 0.999
 11474.6 0.999
 11474.7 0.999
 11474.8 0.999
 11474.9 0.999
 11475.0 0.999
 11475.1 0.998
 11475.2 0.997
 11475.3 0.995
 11475.4 0.995
 11475.5 0.995
 11475.6 0.995
 11475.7 0.994
 11475.8 0.994
 11475.9 0.997
 11476.0 0.999
 11476.1 0.999
 11476.2 1.000
 11476.3 1.000
 11476.4 1.000
 11476.5 1.000
 11476.6 1.000
 11476.7 1.000
 11476.8 1.000
 11476.9 1.000
 11477.0 1.000
 11477.1 1.000
 11477.2 1.000
 11477.3 1.000
 11477.4 1.000
 11477.5 1.000
 11477.6 1.000
 11477.7 1.000
 11477.8 1.000
 11477.9 1.000
 11478.0 1.000
 11478.1 1.000
 11478.2 1.000
 11478.3 1.000
 11478.4 1.000
 11478.5 1.000
 11478.6 1.000
 11478.7 1.000
 11478.8 0.999
 11478.9 0.998
 11479.0 0.998
 11479.1 0.998
 11479.2 0.990
 11479.3 0.982
 11479.4 0.987
 11479.5 0.996
 11479.6 0.999
 11479.7 0.999
 11479.8 0.999
 11479.9 0.999
 11480.0 0.999
 11480.1 1.000
 11480.2 1.000
 11480.3 1.000
 11480.4 1.000
 11480.5 1.000
 11480.6 1.000
 11480.7 1.000
 11480.8 1.000
 11480.9 1.000
 11481.0 0.999
 11481.1 0.999
 11481.2 0.995
 11481.3 0.983
 11481.4 0.970
 11481.5 0.976
 11481.6 0.992
 11481.7 0.996
 11481.8 0.988
 11481.9 0.983
 11482.0 0.992
 11482.1 0.998
 11482.2 0.999
 11482.3 0.999
 11482.4 0.999
 11482.5 0.999
 11482.6 0.999
 11482.7 0.999
 11482.8 0.998
 11482.9 0.998
 11483.0 0.998
 11483.1 0.998
 11483.2 0.998
 11483.3 0.998
 11483.4 0.997
 11483.5 0.997
 11483.6 0.996
 11483.7 0.995
 11483.8 0.993
 11483.9 0.991
 11484.0 0.989
 11484.1 0.986
 11484.2 0.979
 11484.3 0.964
 11484.4 0.908
 11484.5 0.754
 11484.6 0.608
 11484.7 0.651
 11484.8 0.821
 11484.9 0.939
 11485.0 0.971
 11485.1 0.981
 11485.2 0.986
 11485.3 0.990
 11485.4 0.992
 11485.5 0.993
 11485.6 0.991
 11485.7 0.985
 11485.8 0.980
 11485.9 0.983
 11486.0 0.990
 11486.1 0.994
 11486.2 0.995
 11486.3 0.991
 11486.4 0.983
 11486.5 0.984
 11486.6 0.990
 11486.7 0.994
 11486.8 0.997
 11486.9 0.999
 11487.0 0.999
 11487.1 0.999
 11487.2 0.995
 11487.3 0.986
 11487.4 0.986
 11487.5 0.995
 11487.6 0.998
 11487.7 0.998
 11487.8 0.998
 11487.9 0.998
 11488.0 0.999
 11488.1 0.999
 11488.2 0.999
 11488.3 0.999
 11488.4 0.999
 11488.5 0.999
 11488.6 0.999
 11488.7 0.999
 11488.8 0.999
 11488.9 0.998
 11489.0 0.996
 11489.1 0.994
 11489.2 0.994
 11489.3 0.991
 11489.4 0.973
 11489.5 0.954
 11489.6 0.966
 11489.7 0.989
 11489.8 0.995
 11489.9 0.995
 11490.0 0.996
 11490.1 0.998
 11490.2 0.996
 11490.3 0.987
 11490.4 0.975
 11490.5 0.979
 11490.6 0.994
 11490.7 0.999
 11490.8 1.000
 11490.9 1.000
 11491.0 1.000
 11491.1 1.000
 11491.2 1.000
 11491.3 1.000
 11491.4 1.000
 11491.5 1.000
 11491.6 1.000
 11491.7 0.998
 11491.8 0.996
 11491.9 0.996
 11492.0 0.999
 11492.1 1.000
 11492.2 1.000
 11492.3 1.000
 11492.4 1.000
 11492.5 1.000
 11492.6 0.998
 11492.7 0.989
 11492.8 0.984
 11492.9 0.991
 11493.0 0.998
 11493.1 1.000
 11493.2 1.000
 11493.3 0.999
 11493.4 0.999
 11493.5 0.999
 11493.6 0.999
 11493.7 0.996
 11493.8 0.995
 11493.9 0.996
 11494.0 0.997
 11494.1 0.997
 11494.2 0.995
 11494.3 0.979
 11494.4 0.960
 11494.5 0.971
 11494.6 0.993
 11494.7 0.999
 11494.8 0.999
 11494.9 0.999
 11495.0 0.999
 11495.1 0.999
 11495.2 0.999
 11495.3 0.999
 11495.4 0.990
 11495.5 0.977
 11495.6 0.982
 11495.7 0.995
 11495.8 0.999
 11495.9 0.999
 11496.0 0.999
 11496.1 0.998
 11496.2 0.997
 11496.3 0.996
 11496.4 0.992
 11496.5 0.991
 11496.6 0.994
 11496.7 0.997
 11496.8 0.998
 11496.9 0.999
 11497.0 0.999
 11497.1 0.999
 11497.2 0.999
 11497.3 0.998
 11497.4 0.997
 11497.5 0.997
 11497.6 0.998
 11497.7 0.999
 11497.8 1.000
 11497.9 1.000
 11498.0 1.000
 11498.1 1.000
 11498.2 1.000
 11498.3 1.000
 11498.4 1.000
 11498.5 1.000
 11498.6 1.000
 11498.7 1.000
 11498.8 0.999
 11498.9 0.998
 11499.0 0.999
 11499.1 1.000
 11499.2 1.000
 11499.3 1.000
 11499.4 1.000
 11499.5 0.999
 11499.6 0.999
 11499.7 0.999
 11499.8 0.999
 11499.9 1.000
 11500.0 0.999
 11500.1 0.997
 11500.2 0.995
 11500.3 0.997
 11500.4 1.000
 11500.5 1.000
 11500.6 1.000
 11500.7 1.000
 11500.8 1.000
 11500.9 1.000
 11501.0 1.000
 11501.1 1.000
 11501.2 1.000
 11501.3 1.000
 11501.4 0.999
 11501.5 0.998
 11501.6 0.997
 11501.7 0.997
 11501.8 0.998
 11501.9 0.998
 11502.0 0.997
 11502.1 0.997
 11502.2 0.994
 11502.3 0.987
 11502.4 0.982
 11502.5 0.988
 11502.6 0.993
 11502.7 0.994
 11502.8 0.996
 11502.9 0.998
 11503.0 0.999
 11503.1 1.000
 11503.2 0.999
 11503.3 0.999
 11503.4 0.999
 11503.5 0.999
 11503.6 0.999
 11503.7 1.000
 11503.8 1.000
 11503.9 1.000
 11504.0 1.000
 11504.1 1.000
 11504.2 1.000
 11504.3 1.000
 11504.4 0.999
 11504.5 0.998
 11504.6 0.988
 11504.7 0.977
 11504.8 0.983
 11504.9 0.995
 11505.0 0.998
 11505.1 0.995
 11505.2 0.992
 11505.3 0.995
 11505.4 0.999
 11505.5 1.000
 11505.6 1.000
 11505.7 1.000
 11505.8 1.000
 11505.9 1.000
 11506.0 1.000
 11506.1 1.000
 11506.2 1.000
 11506.3 1.000
 11506.4 1.000
 11506.5 1.000
 11506.6 1.000
 11506.7 1.000
 11506.8 1.000
 11506.9 1.000
 11507.0 1.000
 11507.1 1.000
 11507.2 1.000
 11507.3 1.000
 11507.4 1.000
 11507.5 1.000
 11507.6 1.000
 11507.7 1.000
 11507.8 1.000
 11507.9 1.000
 11508.0 1.000
 11508.1 1.000
 11508.2 1.000
 11508.3 1.000
 11508.4 0.999
 11508.5 0.999
 11508.6 0.999
 11508.7 0.996
 11508.8 0.987
 11508.9 0.986
 11509.0 0.995
 11509.1 0.999
 11509.2 0.999
 11509.3 0.999
 11509.4 0.998
 11509.5 0.999
 11509.6 1.000
 11509.7 1.000
 11509.8 1.000
 11509.9 1.000
 11510.0 1.000
 11510.1 0.999
 11510.2 0.995
 11510.3 0.987
 11510.4 0.984
 11510.5 0.992
 11510.6 0.998
 11510.7 0.997
 11510.8 0.995
 11510.9 0.997
 11511.0 0.999
 11511.1 1.000
 11511.2 1.000
 11511.3 1.000
 11511.4 1.000
 11511.5 0.999
 11511.6 0.998
 11511.7 0.997
 11511.8 0.997
 11511.9 0.998
 11512.0 0.999
 11512.1 1.000
 11512.2 1.000
 11512.3 1.000
 11512.4 1.000
 11512.5 1.000
 11512.6 1.000
 11512.7 1.000
 11512.8 1.000
 11512.9 1.000
 11513.0 1.000
 11513.1 0.999
 11513.2 0.998
 11513.3 0.999
 11513.4 0.999
 11513.5 0.999
 11513.6 0.999
 11513.7 0.999
 11513.8 0.999
 11513.9 0.999
 11514.0 0.999
 11514.1 0.998
 11514.2 0.999
 11514.3 1.000
 11514.4 1.000
 11514.5 1.000
 11514.6 1.000
 11514.7 1.000
 11514.8 1.000
 11514.9 1.000
 11515.0 1.000
 11515.1 1.000
 11515.2 1.000
 11515.3 1.000
 11515.4 1.000
 11515.5 1.000
 11515.6 1.000
 11515.7 1.000
 11515.8 1.000
 11515.9 1.000
 11516.0 1.000
 11516.1 0.998
 11516.2 0.995
 11516.3 0.996
 11516.4 0.997
 11516.5 0.993
 11516.6 0.993
 11516.7 0.997
 11516.8 0.999
 11516.9 1.000
 11517.0 0.999
 11517.1 0.999
 11517.2 0.998
 11517.3 0.995
 11517.4 0.984
 11517.5 0.976
 11517.6 0.984
 11517.7 0.996
 11517.8 0.999
 11517.9 1.000
 11518.0 0.999
 11518.1 0.996
 11518.2 0.986
 11518.3 0.982
 11518.4 0.992
 11518.5 0.998
 11518.6 0.999
 11518.7 0.998
 11518.8 0.999
 11518.9 1.000
 11519.0 1.000
 11519.1 1.000
 11519.2 0.998
 11519.3 0.983
 11519.4 0.957
 11519.5 0.963
 11519.6 0.990
 11519.7 0.999
 11519.8 0.999
 11519.9 0.995
 11520.0 0.992
 11520.1 0.996
 11520.2 0.999
 11520.3 1.000
 11520.4 1.000
 11520.5 1.000
 11520.6 1.000
 11520.7 0.999
 11520.8 0.997
 11520.9 0.979
 11521.0 0.957
 11521.1 0.969
 11521.2 0.994
 11521.3 0.999
 11521.4 0.999
 11521.5 0.999
 11521.6 0.999
 11521.7 0.999
 11521.8 0.999
 11521.9 0.998
 11522.0 0.991
 11522.1 0.958
 11522.2 0.923
 11522.3 0.945
 11522.4 0.985
 11522.5 0.997
 11522.6 0.998
 11522.7 0.998
 11522.8 0.997
 11522.9 0.994
 11523.0 0.988
 11523.1 0.978
 11523.2 0.981
 11523.3 0.995
 11523.4 0.999
 11523.5 0.999
 11523.6 0.999
 11523.7 1.000
 11523.8 1.000
 11523.9 0.999
 11524.0 0.999
 11524.1 0.999
 11524.2 1.000
 11524.3 1.000
 11524.4 1.000
 11524.5 1.000
 11524.6 1.000
 11524.7 1.000
 11524.8 1.000
 11524.9 1.000
 11525.0 1.000
 11525.1 0.999
 11525.2 0.998
 11525.3 0.999
 11525.4 1.000
 11525.5 0.999
 11525.6 0.999
 11525.7 0.998
 11525.8 0.998
 11525.9 0.993
 11526.0 0.985
 11526.1 0.984
 11526.2 0.993
 11526.3 0.999
 11526.4 0.999
 11526.5 1.000
 11526.6 1.000
 11526.7 1.000
 11526.8 0.999
 11526.9 0.999
 11527.0 0.999
 11527.1 0.999
 11527.2 0.999
 11527.3 1.000
 11527.4 0.999
 11527.5 1.000
 11527.6 1.000
 11527.7 1.000
 11527.8 1.000
 11527.9 0.999
 11528.0 0.998
 11528.1 0.998
 11528.2 0.999
 11528.3 0.999
 11528.4 0.994
 11528.5 0.982
 11528.6 0.979
 11528.7 0.990
 11528.8 0.998
 11528.9 1.000
 11529.0 0.999
 11529.1 0.999
 11529.2 1.000
 11529.3 1.000
 11529.4 0.999
 11529.5 0.997
 11529.6 0.992
 11529.7 0.990
 11529.8 0.992
 11529.9 0.996
 11530.0 0.999
 11530.1 1.000
 11530.2 1.000
 11530.3 1.000
 11530.4 1.000
 11530.5 1.000
 11530.6 1.000
 11530.7 1.000
 11530.8 1.000
 11530.9 1.000
 11531.0 1.000
 11531.1 1.000
 11531.2 1.000
 11531.3 1.000
 11531.4 1.000
 11531.5 1.000
 11531.6 1.000
 11531.7 0.999
 11531.8 0.996
 11531.9 0.994
 11532.0 0.997
 11532.1 1.000
 11532.2 1.000
 11532.3 1.000
 11532.4 1.000
 11532.5 1.000
 11532.6 1.000
 11532.7 1.000
 11532.8 1.000
 11532.9 1.000
 11533.0 1.000
 11533.1 1.000
 11533.2 1.000
 11533.3 1.000
 11533.4 1.000
 11533.5 0.997
 11533.6 0.995
 11533.7 0.997
 11533.8 1.000
 11533.9 1.000
 11534.0 1.000
 11534.1 0.999
 11534.2 0.999
 11534.3 1.000
 11534.4 1.000
 11534.5 1.000
 11534.6 0.999
 11534.7 0.995
 11534.8 0.986
 11534.9 0.984
 11535.0 0.993
 11535.1 0.999
 11535.2 1.000
 11535.3 1.000
 11535.4 1.000
 11535.5 1.000
 11535.6 1.000
 11535.7 0.999
 11535.8 0.999
 11535.9 1.000
 11536.0 1.000
 11536.1 1.000
 11536.2 1.000
 11536.3 0.999
 11536.4 0.999
 11536.5 1.000
 11536.6 1.000
 11536.7 1.000
 11536.8 1.000
 11536.9 1.000
 11537.0 1.000
 11537.1 1.000
 11537.2 1.000
 11537.3 1.000
 11537.4 1.000
 11537.5 1.000
 11537.6 1.000
 11537.7 0.999
 11537.8 0.996
 11537.9 0.979
 11538.0 0.970
 11538.1 0.984
 11538.2 0.998
 11538.3 0.999
 11538.4 1.000
 11538.5 1.000
 11538.6 1.000
 11538.7 1.000
 11538.8 0.999
 11538.9 0.999
 11539.0 0.999
 11539.1 0.999
 11539.2 0.999
 11539.3 0.998
 11539.4 0.984
 11539.5 0.955
 11539.6 0.956
 11539.7 0.985
 11539.8 0.998
 11539.9 0.999
 11540.0 0.999
 11540.1 0.999
 11540.2 0.999
 11540.3 0.999
 11540.4 0.998
 11540.5 0.996
 11540.6 0.994
 11540.7 0.992
 11540.8 0.990
 11540.9 0.990
 11541.0 0.991
 11541.1 0.983
 11541.2 0.977
 11541.3 0.987
 11541.4 0.996
 11541.5 0.998
 11541.6 0.998
 11541.7 0.999
 11541.8 1.000
 11541.9 1.000
 11542.0 1.000
 11542.1 1.000
 11542.2 1.000
 11542.3 1.000
 11542.4 1.000
 11542.5 1.000
 11542.6 1.000
 11542.7 0.999
 11542.8 0.999
 11542.9 1.000
 11543.0 1.000
 11543.1 1.000
 11543.2 1.000
 11543.3 0.999
 11543.4 0.998
 11543.5 0.999
 11543.6 1.000
 11543.7 1.000
 11543.8 1.000
 11543.9 1.000
 11544.0 1.000
 11544.1 1.000
 11544.2 1.000
 11544.3 1.000
 11544.4 1.000
 11544.5 1.000
 11544.6 1.000
 11544.7 1.000
 11544.8 1.000
 11544.9 1.000
 11545.0 1.000
 11545.1 1.000
 11545.2 1.000
 11545.3 1.000
 11545.4 1.000
 11545.5 1.000
 11545.6 1.000
 11545.7 1.000
 11545.8 1.000
 11545.9 1.000
 11546.0 1.000
 11546.1 1.000
 11546.2 1.000
 11546.3 1.000
 11546.4 1.000
 11546.5 1.000
 11546.6 0.999
 11546.7 0.999
 11546.8 1.000
 11546.9 1.000
 11547.0 1.000
 11547.1 1.000
 11547.2 1.000
 11547.3 1.000
 11547.4 1.000
 11547.5 1.000
 11547.6 1.000
 11547.7 1.000
 11547.8 1.000
 11547.9 1.000
 11548.0 1.000
 11548.1 0.998
 11548.2 0.997
 11548.3 0.998
 11548.4 0.999
 11548.5 1.000
 11548.6 1.000
 11548.7 1.000
 11548.8 1.000
 11548.9 1.000
 11549.0 1.000
 11549.1 1.000
 11549.2 1.000
 11549.3 1.000
 11549.4 1.000
 11549.5 1.000
 11549.6 1.000
 11549.7 1.000
 11549.8 0.999
 11549.9 0.995
 11550.0 0.977
 11550.1 0.961
 11550.2 0.969
 11550.3 0.981
 11550.4 0.989
 11550.5 0.997
 11550.6 0.999
 11550.7 0.999
 11550.8 0.999
 11550.9 1.000
 11551.0 1.000
 11551.1 1.000
 11551.2 1.000
 11551.3 1.000
 11551.4 1.000
 11551.5 1.000
 11551.6 1.000
 11551.7 1.000
 11551.8 1.000
 11551.9 1.000
 11552.0 1.000
 11552.1 1.000
 11552.2 1.000
 11552.3 1.000
 11552.4 0.999
 11552.5 0.999
 11552.6 0.999
 11552.7 0.999
 11552.8 0.996
 11552.9 0.985
 11553.0 0.978
 11553.1 0.987
 11553.2 0.997
 11553.3 0.999
 11553.4 0.999
 11553.5 0.999
 11553.6 0.998
 11553.7 0.994
 11553.8 0.986
 11553.9 0.989
 11554.0 0.998
 11554.1 1.000
 11554.2 1.000
 11554.3 1.000
 11554.4 0.999
 11554.5 0.998
 11554.6 0.994
 11554.7 0.993
 11554.8 0.997
 11554.9 0.999
 11555.0 0.994
 11555.1 0.985
 11555.2 0.988
 11555.3 0.997
 11555.4 1.000
 11555.5 1.000
 11555.6 1.000
 11555.7 1.000
 11555.8 1.000
 11555.9 1.000
 11556.0 1.000
 11556.1 1.000
 11556.2 1.000
 11556.3 1.000
 11556.4 1.000
 11556.5 1.000
 11556.6 1.000
 11556.7 1.000
 11556.8 1.000
 11556.9 1.000
 11557.0 1.000
 11557.1 1.000
 11557.2 1.000
 11557.3 1.000
 11557.4 1.000
 11557.5 1.000
 11557.6 1.000
 11557.7 1.000
 11557.8 1.000
 11557.9 1.000
 11558.0 1.000
 11558.1 1.000
 11558.2 0.999
 11558.3 0.998
 11558.4 0.999
 11558.5 0.999
 11558.6 0.998
 11558.7 0.998
 11558.8 0.999
 11558.9 0.998
 11559.0 0.996
 11559.1 0.995
 11559.2 0.997
 11559.3 0.998
 11559.4 0.999
 11559.5 1.000
 11559.6 1.000
 11559.7 0.999
 11559.8 0.993
 11559.9 0.985
