10172.000   0.988187
10172.019   0.987615
10172.038   0.987212
10172.057   0.987122
10172.076   0.987481
10172.094   0.988382
10172.113   0.989761
10172.132   0.991392
10172.151   0.992894
10172.170   0.993900
10172.189   0.994165
10172.208   0.993716
10172.227   0.992791
10172.246   0.991761
10172.264   0.990981
10172.283   0.990687
10172.302   0.990931
10172.321   0.991598
10172.340   0.992469
10172.359   0.993290
10172.378   0.993844
10172.397   0.993981
10172.415   0.993674
10172.434   0.993025
10172.453   0.992236
10172.472   0.991556
10172.491   0.991199
10172.510   0.991283
10172.529   0.991762
10172.548   0.992460
10172.567   0.993101
10172.585   0.993435
10172.604   0.993308
10172.623   0.992726
10172.642   0.991832
10172.661   0.990847
10172.680   0.990010
10172.699   0.989512
10172.718   0.989462
10172.737   0.989872
10172.755   0.990677
10172.774   0.991727
10172.793   0.992787
10172.812   0.993582
10172.831   0.993856
10172.850   0.993485
10172.869   0.992545
10172.888   0.991307
10172.907   0.990159
10172.925   0.989442
10172.944   0.989382
10172.963   0.989950
10172.982   0.990958
10173.001   0.992102
10173.020   0.993143
10173.039   0.993905
10173.058   0.994337
10173.077   0.994449
10173.095   0.994289
10173.114   0.993925
10173.133   0.993397
10173.152   0.992761
10173.171   0.992038
10173.190   0.991300
10173.209   0.990601
10173.228   0.990062
10173.246   0.989795
10173.265   0.989912
10173.284   0.990424
10173.303   0.991224
10173.322   0.992066
10173.341   0.992658
10173.360   0.992754
10173.379   0.992284
10173.398   0.991381
10173.416   0.990371
10173.435   0.989630
10173.454   0.989471
10173.473   0.989982
10173.492   0.991014
10173.511   0.992221
10173.530   0.993208
10173.549   0.993669
10173.568   0.993500
10173.586   0.992844
10173.605   0.992018
10173.624   0.991401
10173.643   0.991287
10173.662   0.991797
10173.681   0.992846
10173.700   0.994146
10173.719   0.995322
10173.738   0.996008
10173.756   0.996003
10173.775   0.995304
10173.794   0.994135
10173.813   0.992827
10173.832   0.991728
10173.851   0.991084
10173.870   0.990975
10173.889   0.991342
10173.908   0.991992
10173.926   0.992698
10173.945   0.993207
10173.964   0.993391
10173.983   0.993209
10174.002   0.992798
10174.021   0.992348
10174.040   0.992043
10174.059   0.991968
10174.077   0.992055
10174.096   0.992194
10174.115   0.992243
10174.134   0.992234
10174.153   0.992279
10174.172   0.992619
10174.191   0.993377
10174.210   0.994550
10174.229   0.995868
10174.247   0.996972
10174.266   0.997504
10174.285   0.997294
10174.304   0.996408
10174.323   0.995143
10174.342   0.993881
10174.361   0.992917
10174.380   0.992379
10174.399   0.992147
10174.417   0.991992
10174.436   0.991666
10174.455   0.991081
10174.474   0.990303
10174.493   0.989575
10174.512   0.989170
10174.531   0.989301
10174.550   0.990013
10174.569   0.991204
10174.587   0.992645
10174.606   0.994061
10174.625   0.995154
10174.644   0.995642
10174.663   0.995277
10174.682   0.993913
10174.701   0.991556
10174.720   0.988370
10174.739   0.984642
10174.757   0.980680
10174.776   0.976734
10174.795   0.972931
10174.814   0.969370
10174.833   0.966176
10174.852   0.963572
10174.871   0.961824
10174.890   0.961166
10174.908   0.961696
10174.927   0.963352
10174.946   0.965937
10174.965   0.969196
10174.984   0.972884
10175.003   0.976737
10175.022   0.980489
10175.041   0.983834
10175.060   0.986511
10175.078   0.988356
10175.097   0.989386
10175.116   0.989836
10175.135   0.990081
10175.154   0.990510
10175.173   0.991340
10175.192   0.992580
10175.211   0.993975
10175.230   0.995177
10175.248   0.995846
10175.267   0.995854
10175.286   0.995294
10175.305   0.994492
10175.324   0.993827
10175.343   0.993618
10175.362   0.993946
10175.381   0.994663
10175.400   0.995424
10175.418   0.995893
10175.437   0.995880
10175.456   0.995452
10175.475   0.994867
10175.494   0.994431
10175.513   0.994365
10175.532   0.994687
10175.551   0.995270
10175.570   0.995869
10175.588   0.996315
10175.607   0.996503
10175.626   0.996524
10175.645   0.996499
10175.664   0.996570
10175.683   0.996780
10175.702   0.997126
10175.721   0.997545
10175.739   0.997975
10175.758   0.998361
10175.777   0.998644
10175.796   0.998791
10175.815   0.998756
10175.834   0.998546
10175.853   0.998161
10175.872   0.997683
10175.891   0.997190
10175.909   0.996803
10175.928   0.996597
10175.947   0.996586
10175.966   0.996685
10175.985   0.996753
10176.004   0.996643
10176.023   0.996241
10176.042   0.995530
10176.061   0.994594
10176.079   0.993604
10176.098   0.992755
10176.117   0.992197
10176.136   0.992013
10176.155   0.992181
10176.174   0.992596
10176.193   0.993076
10176.212   0.993432
10176.231   0.993500
10176.249   0.993223
10176.268   0.992665
10176.287   0.992029
10176.306   0.991560
10176.325   0.991472
10176.344   0.991821
10176.363   0.992508
10176.382   0.993297
10176.401   0.993916
10176.419   0.994157
10176.438   0.993960
10176.457   0.993431
10176.476   0.992778
10176.495   0.992221
10176.514   0.991884
10176.533   0.991771
10176.552   0.991787
10176.570   0.991811
10176.589   0.991767
10176.608   0.991681
10176.627   0.991657
10176.646   0.991830
10176.665   0.992258
10176.684   0.992903
10176.703   0.993620
10176.722   0.994245
10176.740   0.994644
10176.759   0.994766
10176.778   0.994621
10176.797   0.994268
10176.816   0.993754
10176.835   0.993122
10176.854   0.992409
10176.873   0.991684
10176.892   0.991026
10176.910   0.990519
10176.929   0.990213
10176.948   0.990110
10176.967   0.990168
10176.986   0.990306
10177.005   0.990464
10177.024   0.990579
10177.043   0.990637
10177.062   0.990623
10177.080   0.990542
10177.099   0.990381
10177.118   0.990145
10177.137   0.989859
10177.156   0.989574
10177.175   0.989381
10177.194   0.989347
10177.213   0.989518
10177.232   0.989841
10177.250   0.990212
10177.269   0.990435
10177.288   0.990371
10177.307   0.989923
10177.326   0.989151
10177.345   0.988206
10177.364   0.987309
10177.383   0.986643
10177.401   0.986303
10177.420   0.986272
10177.439   0.986444
10177.458   0.986691
10177.477   0.986899
10177.496   0.986999
10177.515   0.986928
10177.534   0.986648
10177.553   0.986164
10177.571   0.985561
10177.590   0.985022
10177.609   0.984766
10177.628   0.984972
10177.647   0.985683
10177.666   0.986791
10177.685   0.988045
10177.704   0.989170
10177.723   0.989982
10177.741   0.990444
10177.760   0.990664
10177.779   0.990797
10177.798   0.990990
10177.817   0.991327
10177.836   0.991845
10177.855   0.992571
10177.874   0.993506
10177.893   0.994643
10177.911   0.995853
10177.930   0.996925
10177.949   0.997532
10177.968   0.997412
10177.987   0.996460
10178.006   0.994847
10178.025   0.992954
10178.044   0.991257
10178.063   0.990152
10178.081   0.989799
10178.100   0.990129
10178.119   0.990887
10178.138   0.991795
10178.157   0.992630
10178.176   0.993289
10178.195   0.993738
10178.214   0.993980
10178.232   0.994039
10178.251   0.993947
10178.270   0.993777
10178.289   0.993605
10178.308   0.993507
10178.327   0.993518
10178.346   0.993641
10178.365   0.993854
10178.384   0.994133
10178.402   0.994443
10178.421   0.994703
10178.440   0.994792
10178.459   0.994573
10178.478   0.993978
10178.497   0.993061
10178.516   0.992006
10178.535   0.991090
10178.554   0.990547
10178.572   0.990506
10178.591   0.990917
10178.610   0.991596
10178.629   0.992290
10178.648   0.992775
10178.667   0.992935
10178.686   0.992763
10178.705   0.992365
10178.724   0.991882
10178.742   0.991463
10178.761   0.991209
10178.780   0.991152
10178.799   0.991217
10178.818   0.991292
10178.837   0.991264
10178.856   0.991112
10178.875   0.990890
10178.894   0.990729
10178.912   0.990731
10178.931   0.990944
10178.950   0.991336
10178.969   0.991826
10178.988   0.992342
10179.007   0.992823
10179.026   0.993247
10179.045   0.993567
10179.063   0.993721
10179.082   0.993614
10179.101   0.993180
10179.120   0.992429
10179.139   0.991444
10179.158   0.990371
10179.177   0.989353
10179.196   0.988504
10179.215   0.987866
10179.233   0.987446
10179.252   0.987258
10179.271   0.987326
10179.290   0.987687
10179.309   0.988335
10179.328   0.989209
10179.347   0.990158
10179.366   0.991030
10179.385   0.991693
10179.403   0.992117
10179.422   0.992345
10179.441   0.992482
10179.460   0.992608
10179.479   0.992765
10179.498   0.992934
10179.517   0.993070
10179.536   0.993122
10179.555   0.993044
10179.573   0.992825
10179.592   0.992458
10179.611   0.991972
10179.630   0.991403
10179.649   0.990834
10179.668   0.990362
10179.687   0.990106
10179.706   0.990132
10179.725   0.990445
10179.743   0.990955
10179.762   0.991507
10179.781   0.991925
10179.800   0.992077
10179.819   0.991921
10179.838   0.991521
10179.857   0.991008
10179.876   0.990529
10179.894   0.990204
10179.913   0.990107
10179.932   0.990281
10179.951   0.990714
10179.970   0.991368
10179.989   0.992131
10180.008   0.992864
10180.027   0.993423
10180.046   0.993743
10180.064   0.993854
10180.083   0.993899
10180.102   0.994046
10180.121   0.994414
10180.140   0.995021
10180.159   0.995775
10180.178   0.996518
10180.197   0.997086
10180.216   0.997380
10180.234   0.997392
10180.253   0.997177
10180.272   0.996827
10180.291   0.996403
10180.310   0.995945
10180.329   0.995446
10180.348   0.994914
10180.367   0.994344
10180.386   0.993784
10180.404   0.993277
10180.423   0.992894
10180.442   0.992680
10180.461   0.992669
10180.480   0.992849
10180.499   0.993190
10180.518   0.993626
10180.537   0.994055
10180.556   0.994363
10180.574   0.994451
10180.593   0.994268
10180.612   0.993863
10180.631   0.993383
10180.650   0.993022
10180.669   0.992936
10180.688   0.993161
10180.707   0.993581
10180.725   0.993968
10180.744   0.994096
10180.763   0.993839
10180.782   0.993217
10180.801   0.992390
10180.820   0.991560
10180.839   0.990937
10180.858   0.990649
10180.877   0.990783
10180.895   0.991334
10180.914   0.992261
10180.933   0.993430
10180.952   0.994646
10180.971   0.995658
10180.990   0.996266
10181.009   0.996374
10181.028   0.996049
10181.047   0.995457
10181.065   0.994796
10181.084   0.994203
10181.103   0.993732
10181.122   0.993373
10181.141   0.993108
10181.160   0.992940
10181.179   0.992899
10181.198   0.993014
10181.217   0.993307
10181.235   0.993751
10181.254   0.994275
10181.273   0.994766
10181.292   0.995099
10181.311   0.995195
10181.330   0.995045
10181.349   0.994737
10181.368   0.994408
10181.387   0.994186
10181.405   0.994149
10181.424   0.994286
10181.443   0.994544
10181.462   0.994819
10181.481   0.995034
10181.500   0.995117
10181.519   0.995043
10181.538   0.994810
10181.556   0.994452
10181.575   0.994037
10181.594   0.993614
10181.613   0.993249
10181.632   0.992952
10181.651   0.992746
10181.670   0.992613
10181.689   0.992581
10181.708   0.992628
10181.726   0.992737
10181.745   0.992831
10181.764   0.992845
10181.783   0.992729
10181.802   0.992501
10181.821   0.992240
10181.840   0.992065
10181.859   0.992091
10181.878   0.992356
10181.896   0.992804
10181.915   0.993296
10181.934   0.993683
10181.953   0.993848
10181.972   0.993786
10181.991   0.993578
10182.010   0.993391
10182.029   0.993396
10182.048   0.993724
10182.066   0.994376
10182.085   0.995227
10182.104   0.996041
10182.123   0.996557
10182.142   0.996589
10182.161   0.996093
10182.180   0.995198
10182.199   0.994144
10182.218   0.993215
10182.236   0.992649
10182.255   0.992595
10182.274   0.993078
10182.293   0.994017
10182.312   0.995242
10182.331   0.996520
10182.350   0.997608
10182.369   0.998296
10182.387   0.998458
10182.406   0.998083
10182.425   0.997267
10182.444   0.996184
10182.463   0.995012
10182.482   0.993927
10182.501   0.993065
10182.520   0.992552
10182.539   0.992453
10182.557   0.992754
10182.576   0.993320
10182.595   0.993904
10182.614   0.994242
10182.633   0.994167
10182.652   0.993685
10182.671   0.992963
10182.690   0.992271
10182.709   0.991844
10182.727   0.991824
10182.746   0.992206
10182.765   0.992892
10182.784   0.993727
10182.803   0.994548
10182.822   0.995218
10182.841   0.995641
10182.860   0.995800
10182.879   0.995725
10182.897   0.995494
10182.916   0.995164
10182.935   0.994755
10182.954   0.994265
10182.973   0.993686
10182.992   0.993076
10183.011   0.992539
10183.030   0.992255
10183.049   0.992358
10183.067   0.992905
10183.086   0.993814
10183.105   0.994888
10183.124   0.995896
10183.143   0.996665
10183.162   0.997118
10183.181   0.997277
10183.200   0.997202
10183.218   0.996981
10183.237   0.996629
10183.256   0.996149
10183.275   0.995485
10183.294   0.994648
10183.313   0.993680
10183.332   0.992723
10183.351   0.991952
10183.370   0.991530
10183.388   0.991561
10183.407   0.992045
10183.426   0.992906
10183.445   0.993970
10183.464   0.995045
10183.483   0.995900
10183.502   0.996357
10183.521   0.996329
10183.540   0.995896
10183.558   0.995273
10183.577   0.994740
10183.596   0.994521
10183.615   0.994682
10183.634   0.995119
10183.653   0.995621
10183.672   0.995965
10183.691   0.996006
10183.710   0.995676
10183.728   0.995016
10183.747   0.994100
10183.766   0.993080
10183.785   0.992105
10183.804   0.991361
10183.823   0.990974
10183.842   0.991007
10183.861   0.991397
10183.880   0.991973
10183.898   0.992497
10183.917   0.992748
10183.936   0.992594
10183.955   0.992051
10183.974   0.991272
10183.993   0.990484
10184.012   0.989895
10184.031   0.989612
10184.049   0.989604
10184.068   0.989732
10184.087   0.989835
10184.106   0.989799
10184.125   0.989613
10184.144   0.989344
10184.163   0.989089
10184.182   0.988894
10184.201   0.988742
10184.219   0.988592
10184.238   0.988414
10184.257   0.988254
10184.276   0.988189
10184.295   0.988324
10184.314   0.988675
10184.333   0.989226
10184.352   0.989873
10184.371   0.990517
10184.389   0.991049
10184.408   0.991401
10184.427   0.991552
10184.446   0.991505
10184.465   0.991323
10184.484   0.991066
10184.503   0.990823
10184.522   0.990648
10184.541   0.990571
10184.559   0.990563
10184.578   0.990576
10184.597   0.990575
10184.616   0.990582
10184.635   0.990666
10184.654   0.990898
10184.673   0.991267
10184.692   0.991658
10184.711   0.991903
10184.729   0.991854
10184.748   0.991502
10184.767   0.990944
10184.786   0.990394
10184.805   0.990001
10184.824   0.989867
10184.843   0.989933
10184.862   0.990132
10184.880   0.990361
10184.899   0.990596
10184.918   0.990846
10184.937   0.991156
10184.956   0.991590
10184.975   0.992119
10184.994   0.992719
10185.013   0.993231
10185.032   0.993576
10185.050   0.993640
10185.069   0.993475
10185.088   0.993134
10185.107   0.992773
10185.126   0.992483
10185.145   0.992333
10185.164   0.992295
10185.183   0.992308
10185.202   0.992306
10185.220   0.992246
10185.239   0.992139
10185.258   0.991986
10185.277   0.991793
10185.296   0.991519
10185.315   0.991166
10185.334   0.990745
10185.353   0.990365
10185.372   0.990156
10185.390   0.990283
10185.409   0.990826
10185.428   0.991780
10185.447   0.992989
10185.466   0.994203
10185.485   0.995124
10185.504   0.995511
10185.523   0.995248
10185.542   0.994404
10185.560   0.993216
10185.579   0.992012
10185.598   0.991057
10185.617   0.990462
10185.636   0.990109
10185.655   0.989721
10185.674   0.988989
10185.693   0.987745
10185.711   0.986127
10185.730   0.984516
10185.749   0.983480
10185.768   0.983407
10185.787   0.984418
10185.806   0.986104
10185.825   0.987874
10185.844   0.989074
10185.863   0.989442
10185.881   0.989091
10185.900   0.988526
10185.919   0.988293
10185.938   0.988742
10185.957   0.989842
10185.976   0.991250
10185.995   0.992540
10186.014   0.993362
10186.033   0.993617
10186.051   0.993343
10186.070   0.992711
10186.089   0.991868
10186.108   0.990972
10186.127   0.990122
10186.146   0.989430
10186.165   0.988960
10186.184   0.988756
10186.203   0.988791
10186.221   0.988999
10186.240   0.989254
10186.259   0.989418
10186.278   0.989306
10186.297   0.988746
10186.316   0.987616
10186.335   0.985973
10186.354   0.984105
10186.373   0.982507
10186.391   0.981716
10186.410   0.982090
10186.429   0.983628
10186.448   0.985932
10186.467   0.988369
10186.486   0.990329
10186.505   0.991489
10186.524   0.991892
10186.542   0.991876
10186.561   0.991844
10186.580   0.992086
10186.599   0.992682
10186.618   0.993547
10186.637   0.994523
10186.656   0.995465
10186.675   0.996278
10186.694   0.996900
10186.712   0.997293
10186.731   0.997432
10186.750   0.997332
10186.769   0.997055
10186.788   0.996712
10186.807   0.996405
10186.826   0.996218
10186.845   0.996164
10186.864   0.996238
10186.882   0.996406
10186.901   0.996642
10186.920   0.996908
10186.939   0.997171
10186.958   0.997418
10186.977   0.997647
10186.996   0.997893
10187.015   0.998173
10187.034   0.998483
10187.052   0.998752
10187.071   0.998896
10187.090   0.998862
10187.109   0.998666
10187.128   0.998408
10187.147   0.998199
10187.166   0.998122
10187.185   0.998144
10187.204   0.998144
10187.222   0.997959
10187.241   0.997458
10187.260   0.996616
10187.279   0.995536
10187.298   0.994446
10187.317   0.993598
10187.336   0.993220
10187.355   0.993385
10187.373   0.994020
10187.392   0.994873
10187.411   0.995684
10187.430   0.996209
10187.449   0.996365
10187.468   0.996177
10187.487   0.995783
10187.506   0.995330
10187.525   0.994939
10187.543   0.994672
10187.562   0.994510
10187.581   0.994415
10187.600   0.994313
10187.619   0.994167
10187.638   0.993962
10187.657   0.993760
10187.676   0.993637
10187.695   0.993671
10187.713   0.993867
10187.732   0.994156
10187.751   0.994406
10187.770   0.994486
10187.789   0.994324
10187.808   0.993917
10187.827   0.993344
10187.846   0.992706
10187.865   0.992118
10187.883   0.991667
10187.902   0.991408
10187.921   0.991364
10187.940   0.991520
10187.959   0.991864
10187.978   0.992394
10187.997   0.993107
10188.016   0.993965
10188.035   0.994847
10188.053   0.995575
10188.072   0.995940
10188.091   0.995839
10188.110   0.995304
10188.129   0.994535
10188.148   0.993806
10188.167   0.993338
10188.186   0.993234
10188.204   0.993437
10188.223   0.993803
10188.242   0.994142
10188.261   0.994298
10188.280   0.994180
10188.299   0.993808
10188.318   0.993283
10188.337   0.992765
10188.356   0.992382
10188.374   0.992213
10188.393   0.992249
10188.412   0.992436
10188.431   0.992673
10188.450   0.992878
10188.469   0.992972
10188.488   0.992902
10188.507   0.992637
10188.526   0.992191
10188.544   0.991624
10188.563   0.991043
10188.582   0.990573
10188.601   0.990320
10188.620   0.990322
10188.639   0.990541
10188.658   0.990858
10188.677   0.991138
10188.696   0.991255
10188.714   0.991177
10188.733   0.990946
10188.752   0.990690
10188.771   0.990539
10188.790   0.990595
10188.809   0.990857
10188.828   0.991245
10188.847   0.991615
10188.866   0.991841
10188.884   0.991853
10188.903   0.991648
10188.922   0.991278
10188.941   0.990810
10188.960   0.990344
10188.979   0.989999
10188.998   0.989916
10189.017   0.990219
10189.035   0.990923
10189.054   0.991922
10189.073   0.992959
10189.092   0.993766
10189.111   0.994112
10189.130   0.993939
10189.149   0.993338
10189.168   0.992514
10189.187   0.991703
10189.205   0.991089
10189.224   0.990796
10189.243   0.990839
10189.262   0.991185
10189.281   0.991718
10189.300   0.992282
10189.319   0.992693
10189.338   0.992844
10189.357   0.992746
10189.375   0.992575
10189.394   0.992606
10189.413   0.993078
10189.432   0.994035
10189.451   0.995268
10189.470   0.996358
10189.489   0.996890
10189.508   0.996623
10189.527   0.995665
10189.545   0.994396
10189.564   0.993341
10189.583   0.992907
10189.602   0.993219
10189.621   0.994083
10189.640   0.995069
10189.659   0.995806
10189.678   0.996065
10189.697   0.995921
10189.715   0.995558
10189.734   0.995259
10189.753   0.995151
10189.772   0.995260
10189.791   0.995446
10189.810   0.995553
10189.829   0.995443
10189.848   0.995070
10189.866   0.994480
10189.885   0.993756
10189.904   0.993031
10189.923   0.992400
10189.942   0.991979
10189.961   0.991833
10189.980   0.991996
10189.999   0.992417
10190.018   0.992983
10190.036   0.993529
10190.055   0.993907
10190.074   0.994018
10190.093   0.993837
10190.112   0.993420
10190.131   0.992871
10190.150   0.992311
10190.169   0.991860
10190.188   0.991601
10190.206   0.991569
10190.225   0.991749
10190.244   0.992104
10190.263   0.992573
10190.282   0.993104
10190.301   0.993624
10190.320   0.994016
10190.339   0.994147
10190.358   0.993895
10190.376   0.993272
10190.395   0.992390
10190.414   0.991512
10190.433   0.990853
10190.452   0.990559
10190.471   0.990595
10190.490   0.990851
10190.509   0.991189
10190.528   0.991555
10190.546   0.991984
10190.565   0.992527
10190.584   0.993194
10190.603   0.993864
10190.622   0.994357
10190.641   0.994474
10190.660   0.994134
10190.679   0.993383
10190.697   0.992423
10190.716   0.991498
10190.735   0.990834
10190.754   0.990546
10190.773   0.990625
10190.792   0.990955
10190.811   0.991399
10190.830   0.991831
10190.849   0.992175
10190.867   0.992384
10190.886   0.992414
10190.905   0.992227
10190.924   0.991819
10190.943   0.991259
10190.962   0.990689
10190.981   0.990275
10191.000   0.990141
10191.019   0.990311
10191.037   0.990713
10191.056   0.991208
10191.075   0.991665
10191.094   0.991996
10191.113   0.992183
10191.132   0.992273
10191.151   0.992333
10191.170   0.992432
10191.189   0.992589
10191.207   0.992800
10191.226   0.992998
10191.245   0.993118
10191.264   0.993089
10191.283   0.992911
10191.302   0.992633
10191.321   0.992366
10191.340   0.992246
10191.359   0.992360
10191.377   0.992736
10191.396   0.993291
10191.415   0.993903
10191.434   0.994421
10191.453   0.994756
10191.472   0.994882
10191.491   0.994848
10191.510   0.994734
10191.528   0.994602
10191.547   0.994492
10191.566   0.994397
10191.585   0.994319
10191.604   0.994266
10191.623   0.994287
10191.642   0.994405
10191.661   0.994619
10191.680   0.994898
10191.698   0.995192
10191.717   0.995474
10191.736   0.995734
10191.755   0.995984
10191.774   0.996221
10191.793   0.996411
10191.812   0.996486
10191.831   0.996379
10191.850   0.996085
10191.868   0.995657
10191.887   0.995207
10191.906   0.994825
10191.925   0.994538
10191.944   0.994318
10191.963   0.994115
10191.982   0.993956
10192.001   0.993908
10192.020   0.994071
10192.038   0.994431
10192.057   0.994874
10192.076   0.995190
10192.095   0.995201
10192.114   0.994857
10192.133   0.994262
10192.152   0.993614
10192.171   0.993096
10192.190   0.992798
10192.208   0.992723
10192.227   0.992812
10192.246   0.993050
10192.265   0.993433
10192.284   0.994001
10192.303   0.994734
10192.322   0.995594
10192.341   0.996506
10192.359   0.997430
10192.378   0.998351
10192.397   0.999280
10192.416   1.000179
10192.435   1.000973
10192.454   1.001532
10192.473   1.001776
10192.492   1.001696
10192.511   1.001410
10192.529   1.001064
10192.548   1.000777
10192.567   1.000574
10192.586   1.000366
10192.605   1.000045
10192.624   0.999533
10192.643   0.998860
10192.662   0.998092
10192.681   0.997320
10192.699   0.996570
10192.718   0.995845
10192.737   0.995150
10192.756   0.994554
10192.775   0.994176
10192.794   0.994109
10192.813   0.994348
10192.832   0.994743
10192.851   0.995069
10192.869   0.995135
10192.888   0.994878
10192.907   0.994388
10192.926   0.993829
10192.945   0.993375
10192.964   0.993118
10192.983   0.993105
10193.002   0.993316
10193.021   0.993713
10193.039   0.994214
10193.058   0.994726
10193.077   0.995146
10193.096   0.995413
10193.115   0.995516
10193.134   0.995521
10193.153   0.995523
10193.172   0.995608
10193.190   0.995808
10193.209   0.996062
10193.228   0.996234
10193.247   0.996136
10193.266   0.995613
10193.285   0.994568
10193.304   0.993004
10193.323   0.990954
10193.342   0.988439
10193.360   0.985407
10193.379   0.981754
10193.398   0.977365
10193.417   0.972278
10193.436   0.966778
10193.455   0.961442
10193.474   0.956986
10193.493   0.954037
10193.512   0.952919
10193.530   0.953500
10193.549   0.955322
10193.568   0.957804
10193.587   0.960551
10193.606   0.963441
10193.625   0.966586
10193.644   0.970098
10193.663   0.973890
10193.682   0.977612
10193.700   0.980745
10193.719   0.982798
10193.738   0.983435
10193.757   0.982556
10193.776   0.980259
10193.795   0.976780
10193.814   0.972436
10193.833   0.967597
10193.852   0.962714
10193.870   0.958295
10193.889   0.954810
10193.908   0.952656
10193.927   0.952059
10193.946   0.953039
10193.965   0.955387
10193.984   0.958732
10194.003   0.962627
10194.021   0.966610
10194.040   0.970302
10194.059   0.973369
10194.078   0.975556
10194.097   0.976657
10194.116   0.976612
10194.135   0.975465
10194.154   0.973425
10194.173   0.970731
10194.191   0.967592
10194.210   0.964119
10194.229   0.960359
10194.248   0.956403
10194.267   0.952459
10194.286   0.948943
10194.305   0.946309
10194.324   0.945013
10194.343   0.945287
10194.361   0.947145
10194.380   0.950365
10194.399   0.954598
10194.418   0.959459
10194.437   0.964581
10194.456   0.969656
10194.475   0.974378
10194.494   0.978505
10194.513   0.981887
10194.531   0.984556
10194.550   0.986663
10194.569   0.988413
10194.588   0.989941
10194.607   0.991279
10194.626   0.992341
10194.645   0.993039
10194.664   0.993356
10194.683   0.993414
10194.701   0.993418
10194.720   0.993571
10194.739   0.993981
10194.758   0.994628
10194.777   0.995403
10194.796   0.996189
10194.815   0.996900
10194.834   0.997509
10194.852   0.998011
10194.871   0.998401
10194.890   0.998654
10194.909   0.998732
10194.928   0.998625
10194.947   0.998346
10194.966   0.997959
10194.985   0.997548
10195.004   0.997198
10195.022   0.996941
10195.041   0.996767
10195.060   0.996636
10195.079   0.996530
10195.098   0.996472
10195.117   0.996519
10195.136   0.996706
10195.155   0.996988
10195.174   0.997253
10195.192   0.997352
10195.211   0.997192
10195.230   0.996780
10195.249   0.996232
10195.268   0.995711
10195.287   0.995357
10195.306   0.995251
10195.325   0.995400
10195.344   0.995762
10195.362   0.996254
10195.381   0.996754
10195.400   0.997099
10195.419   0.997130
10195.438   0.996745
10195.457   0.995967
10195.476   0.994932
10195.495   0.993879
10195.514   0.993041
10195.532   0.992601
10195.551   0.992632
10195.570   0.993098
10195.589   0.993857
10195.608   0.994702
10195.627   0.995408
10195.646   0.995801
10195.665   0.995800
10195.683   0.995453
10195.702   0.994906
10195.721   0.994362
10195.740   0.993974
10195.759   0.993827
10195.778   0.993899
10195.797   0.994108
10195.816   0.994338
10195.835   0.994448
10195.853   0.994328
10195.872   0.993889
10195.891   0.993188
10195.910   0.992332
10195.929   0.991570
10195.948   0.991122
10195.967   0.991150
10195.986   0.991617
10196.005   0.992348
10196.023   0.993085
10196.042   0.993588
10196.061   0.993745
10196.080   0.993532
10196.099   0.993030
10196.118   0.992363
10196.137   0.991704
10196.156   0.991255
10196.175   0.991189
10196.193   0.991594
10196.212   0.992377
10196.231   0.993275
10196.250   0.993946
10196.269   0.994110
10196.288   0.993707
10196.307   0.992886
10196.326   0.991982
10196.345   0.991314
10196.363   0.991073
10196.382   0.991243
10196.401   0.991660
10196.420   0.992123
10196.439   0.992480
10196.458   0.992688
10196.477   0.992754
10196.496   0.992713
10196.514   0.992579
10196.533   0.992372
10196.552   0.992116
10196.571   0.991866
10196.590   0.991687
10196.609   0.991627
10196.628   0.991703
10196.647   0.991887
10196.666   0.992135
10196.684   0.992379
10196.703   0.992556
10196.722   0.992613
10196.741   0.992516
10196.760   0.992282
10196.779   0.991963
10196.798   0.991646
10196.817   0.991386
10196.836   0.991198
10196.854   0.991048
10196.873   0.990896
10196.892   0.990744
10196.911   0.990654
10196.930   0.990731
10196.949   0.991043
10196.968   0.991579
10196.987   0.992221
10197.006   0.992794
10197.024   0.993140
10197.043   0.993179
10197.062   0.992957
10197.081   0.992593
10197.100   0.992271
10197.119   0.992139
10197.138   0.992310
10197.157   0.992799
10197.176   0.993572
10197.194   0.994532
10197.213   0.995545
10197.232   0.996434
10197.251   0.997038
10197.270   0.997238
10197.289   0.997023
10197.308   0.996500
10197.327   0.995885
10197.345   0.995398
10197.364   0.995188
10197.383   0.995278
10197.402   0.995588
10197.421   0.995991
10197.440   0.996382
10197.459   0.996712
10197.478   0.996969
10197.497   0.997167
10197.515   0.997297
10197.534   0.997340
10197.553   0.997254
10197.572   0.997032
10197.591   0.996699
10197.610   0.996329
10197.629   0.995995
10197.648   0.995751
10197.667   0.995612
10197.685   0.995550
10197.704   0.995537
10197.723   0.995543
10197.742   0.995569
10197.761   0.995599
10197.780   0.995616
10197.799   0.995578
10197.818   0.995444
10197.837   0.995181
10197.855   0.994782
10197.874   0.994284
10197.893   0.993760
10197.912   0.993323
10197.931   0.993084
10197.950   0.993130
10197.969   0.993421
10197.988   0.993816
10198.007   0.994089
10198.025   0.994081
10198.044   0.993773
10198.063   0.993375
10198.082   0.993193
10198.101   0.993508
10198.120   0.994373
10198.139   0.995567
10198.158   0.996679
10198.176   0.997303
10198.195   0.997239
10198.214   0.996541
10198.233   0.995464
10198.252   0.994314
10198.271   0.993323
10198.290   0.992670
10198.309   0.992455
10198.328   0.992752
10198.346   0.993522
10198.365   0.994594
10198.384   0.995679
10198.403   0.996449
10198.422   0.996707
10198.441   0.996435
10198.460   0.995801
10198.479   0.995054
10198.498   0.994408
10198.516   0.994034
10198.535   0.993979
10198.554   0.994285
10198.573   0.994867
10198.592   0.995609
10198.611   0.996278
10198.630   0.996652
10198.649   0.996596
10198.668   0.996101
10198.686   0.995363
10198.705   0.994604
10198.724   0.994077
10198.743   0.993856
10198.762   0.993935
10198.781   0.994175
10198.800   0.994469
10198.819   0.994723
10198.838   0.994933
10198.856   0.995114
10198.875   0.995288
10198.894   0.995453
10198.913   0.995569
10198.932   0.995611
10198.951   0.995547
10198.970   0.995397
10198.989   0.995173
10199.007   0.994916
10199.026   0.994660
10199.045   0.994472
10199.064   0.994411
10199.083   0.994540
10199.102   0.994829
10199.121   0.995177
10199.140   0.995412
10199.159   0.995416
10199.177   0.995185
10199.196   0.994884
10199.215   0.994772
10199.234   0.995040
10199.253   0.995706
10199.272   0.996572
10199.291   0.997316
10199.310   0.997641
10199.329   0.997428
10199.347   0.996766
10199.366   0.995917
10199.385   0.995186
10199.404   0.994817
10199.423   0.994904
10199.442   0.995396
10199.461   0.996127
10199.480   0.996867
10199.499   0.997389
10199.517   0.997488
10199.536   0.997063
10199.555   0.996128
10199.574   0.994866
10199.593   0.993549
10199.612   0.992474
10199.631   0.991860
10199.650   0.991794
10199.669   0.992240
10199.687   0.993052
10199.706   0.994030
10199.725   0.994894
10199.744   0.995408
10199.763   0.995368
10199.782   0.994749
10199.801   0.993678
10199.820   0.992447
10199.838   0.991367
10199.857   0.990650
10199.876   0.990358
10199.895   0.990375
10199.914   0.990545
10199.933   0.990719
10199.952   0.990876
10199.971   0.991054
10199.990   0.991332
10200.008   0.991738
10200.027   0.992247
10200.046   0.992768
10200.065   0.993186
10200.084   0.993395
10200.103   0.993319
10200.122   0.992953
10200.141   0.992348
10200.160   0.991606
10200.178   0.990836
10200.197   0.990115
10200.216   0.989491
10200.235   0.988945
10200.254   0.988451
10200.273   0.987942
10200.292   0.987390
10200.311   0.986807
10200.330   0.986280
10200.348   0.985941
10200.367   0.985856
10200.386   0.985952
10200.405   0.985972
10200.424   0.985606
10200.443   0.984661
10200.462   0.983217
10200.481   0.981653
10200.500   0.980461
10200.518   0.980022
10200.537   0.980418
10200.556   0.981436
10200.575   0.982697
10200.594   0.983859
10200.613   0.984759
10200.632   0.985353
10200.651   0.985685
10200.669   0.985746
10200.688   0.985549
10200.707   0.985126
10200.726   0.984645
10200.745   0.984353
10200.764   0.984470
10200.783   0.985104
10200.802   0.986096
10200.821   0.987161
10200.839   0.987906
10200.858   0.988106
10200.877   0.987705
10200.896   0.986925
10200.915   0.986088
10200.934   0.985538
10200.953   0.985460
10200.972   0.985851
10200.991   0.986523
10201.009   0.987217
10201.028   0.987728
10201.047   0.987957
10201.066   0.987965
10201.085   0.987881
10201.104   0.987876
10201.123   0.988039
10201.142   0.988400
10201.161   0.988873
10201.179   0.989357
10201.198   0.989746
10201.217   0.990025
10201.236   0.990244
10201.255   0.990513
10201.274   0.990913
10201.293   0.991460
10201.312   0.992106
10201.331   0.992771
10201.349   0.993376
10201.368   0.993880
10201.387   0.994234
10201.406   0.994391
10201.425   0.994317
10201.444   0.994048
10201.463   0.993700
10201.482   0.993468
10201.500   0.993520
10201.519   0.993928
10201.538   0.994610
10201.557   0.995383
10201.576   0.996040
10201.595   0.996454
10201.614   0.996613
10201.633   0.996569
10201.652   0.996401
10201.670   0.996134
10201.689   0.995769
10201.708   0.995276
10201.727   0.994663
10201.746   0.993987
10201.765   0.993361
10201.784   0.992920
10201.803   0.992763
10201.822   0.992932
10201.840   0.993365
10201.859   0.993959
10201.878   0.994590
10201.897   0.995178
10201.916   0.995674
10201.935   0.996074
10201.954   0.996348
10201.973   0.996480
10201.992   0.996422
10202.010   0.996177
10202.029   0.995769
10202.048   0.995290
10202.067   0.994835
10202.086   0.994482
10202.105   0.994259
10202.124   0.994144
10202.143   0.994099
10202.162   0.994115
10202.180   0.994229
10202.199   0.994459
10202.218   0.994775
10202.237   0.995070
10202.256   0.995245
10202.275   0.995265
10202.294   0.995224
10202.313   0.995292
10202.331   0.995647
10202.350   0.996335
10202.369   0.997256
10202.388   0.998160
10202.407   0.998804
10202.426   0.999034
10202.445   0.998877
10202.464   0.998498
10202.483   0.998099
10202.501   0.997828
10202.520   0.997722
10202.539   0.997739
10202.558   0.997802
10202.577   0.997841
10202.596   0.997829
10202.615   0.997756
10202.634   0.997645
10202.653   0.997513
10202.671   0.997395
10202.690   0.997307
10202.709   0.997281
10202.728   0.997319
10202.747   0.997400
10202.766   0.997461
10202.785   0.997422
10202.804   0.997223
10202.823   0.996890
10202.841   0.996523
10202.860   0.996269
10202.879   0.996226
10202.898   0.996398
10202.917   0.996680
10202.936   0.996954
10202.955   0.997154
10202.974   0.997300
10202.993   0.997449
10203.011   0.997627
10203.030   0.997781
10203.049   0.997790
10203.068   0.997536
10203.087   0.996980
10203.106   0.996186
10203.125   0.995325
10203.144   0.994594
10203.162   0.994166
10203.181   0.994082
10203.200   0.994273
10203.219   0.994547
10203.238   0.994731
10203.257   0.994732
10203.276   0.994612
10203.295   0.994530
10203.314   0.994632
10203.332   0.994976
10203.351   0.995475
10203.370   0.995989
10203.389   0.996378
10203.408   0.996594
10203.427   0.996653
10203.446   0.996622
10203.465   0.996558
10203.484   0.996504
10203.502   0.996483
10203.521   0.996488
10203.540   0.996480
10203.559   0.996383
10203.578   0.996147
10203.597   0.995758
10203.616   0.995324
10203.635   0.994980
10203.654   0.994878
10203.672   0.995007
10203.691   0.995230
10203.710   0.995278
10203.729   0.994922
10203.748   0.994084
10203.767   0.992857
10203.786   0.991467
10203.805   0.990086
10203.824   0.988795
10203.842   0.987553
10203.861   0.986288
10203.880   0.985010
10203.899   0.983794
10203.918   0.982799
10203.937   0.982125
10203.956   0.981830
10203.975   0.981879
10203.993   0.982189
10204.012   0.982694
10204.031   0.983325
10204.050   0.984078
10204.069   0.984932
10204.088   0.985904
10204.107   0.986969
10204.126   0.988101
10204.145   0.989253
10204.163   0.990373
10204.182   0.991396
10204.201   0.992268
10204.220   0.992908
10204.239   0.993270
10204.258   0.993319
10204.277   0.993120
10204.296   0.992772
10204.315   0.992410
10204.333   0.992122
10204.352   0.991917
10204.371   0.991757
10204.390   0.991567
10204.409   0.991319
10204.428   0.991029
10204.447   0.990758
10204.466   0.990601
10204.485   0.990650
10204.503   0.991005
10204.522   0.991683
10204.541   0.992639
10204.560   0.993696
10204.579   0.994591
10204.598   0.995046
10204.617   0.994884
10204.636   0.994135
10204.655   0.993003
10204.673   0.991816
10204.692   0.990851
10204.711   0.990263
10204.730   0.990052
10204.749   0.990116
10204.768   0.990333
10204.787   0.990577
10204.806   0.990772
10204.824   0.990847
10204.843   0.990775
10204.862   0.990540
10204.881   0.990174
10204.900   0.989712
10204.919   0.989206
10204.938   0.988667
10204.957   0.988073
10204.976   0.987357
10204.994   0.986419
10205.013   0.985189
10205.032   0.983660
10205.051   0.981957
10205.070   0.980302
10205.089   0.978987
10205.108   0.978241
10205.127   0.978170
10205.146   0.978702
10205.164   0.979661
10205.183   0.980837
10205.202   0.982077
10205.221   0.983304
10205.240   0.984460
10205.259   0.985489
10205.278   0.986284
10205.297   0.986792
10205.316   0.987022
10205.334   0.987117
10205.353   0.987259
10205.372   0.987589
10205.391   0.988096
10205.410   0.988622
10205.429   0.988939
10205.448   0.988897
10205.467   0.988510
10205.486   0.987972
10205.504   0.987537
10205.523   0.987404
10205.542   0.987627
10205.561   0.988125
10205.580   0.988733
10205.599   0.989291
10205.618   0.989701
10205.637   0.989908
10205.655   0.989937
10205.674   0.989829
10205.693   0.989684
10205.712   0.989602
10205.731   0.989712
10205.750   0.990113
10205.769   0.990852
10205.788   0.991878
10205.807   0.993034
10205.825   0.994102
10205.844   0.994869
10205.863   0.995232
10205.882   0.995239
10205.901   0.995059
10205.920   0.994855
10205.939   0.994696
10205.958   0.994525
10205.977   0.994223
10205.995   0.993719
10206.014   0.993052
10206.033   0.992378
10206.052   0.991892
10206.071   0.991739
10206.090   0.991949
10206.109   0.992440
10206.128   0.993073
10206.147   0.993717
10206.165   0.994332
10206.184   0.994973
10206.203   0.995740
10206.222   0.996677
10206.241   0.997682
10206.260   0.998522
10206.279   0.998899
10206.298   0.998634
10206.317   0.997751
10206.335   0.996509
10206.354   0.995261
10206.373   0.994319
10206.392   0.993862
10206.411   0.993904
10206.430   0.994364
10206.449   0.995121
10206.468   0.996020
10206.486   0.996858
10206.505   0.997380
10206.524   0.997413
10206.543   0.996890
10206.562   0.995999
10206.581   0.995005
10206.600   0.994227
10206.619   0.993826
10206.638   0.993872
10206.656   0.994291
10206.675   0.994945
10206.694   0.995658
10206.713   0.996226
10206.732   0.996496
10206.751   0.996416
10206.770   0.996104
10206.789   0.995777
10206.808   0.995635
10206.826   0.995724
10206.845   0.995927
10206.864   0.996069
10206.883   0.996049
10206.902   0.995932
10206.921   0.995839
10206.940   0.995843
10206.959   0.995850
10206.978   0.995674
10206.996   0.995165
10207.015   0.994345
10207.034   0.993446
10207.053   0.992734
10207.072   0.992401
10207.091   0.992415
10207.110   0.992610
10207.129   0.992774
10207.148   0.992806
10207.166   0.992737
10207.185   0.992665
10207.204   0.992663
10207.223   0.992708
10207.242   0.992718
10207.261   0.992629
10207.280   0.992432
10207.299   0.992188
10207.317   0.991941
10207.336   0.991709
10207.355   0.991453
10207.374   0.991186
10207.393   0.990979
10207.412   0.990961
10207.431   0.991233
10207.450   0.991745
10207.469   0.992318
10207.487   0.992689
10207.506   0.992712
10207.525   0.992391
10207.544   0.991898
10207.563   0.991443
10207.582   0.991139
10207.601   0.990989
10207.620   0.990895
10207.639   0.990801
10207.657   0.990707
10207.676   0.990711
10207.695   0.990917
10207.714   0.991370
10207.733   0.992008
10207.752   0.992663
10207.771   0.993152
10207.790   0.993364
10207.809   0.993318
10207.827   0.993147
10207.846   0.993023
10207.865   0.993052
10207.884   0.993241
10207.903   0.993527
10207.922   0.993837
10207.941   0.994125
10207.960   0.994368
10207.979   0.994540
10207.997   0.994606
10208.016   0.994509
10208.035   0.994246
10208.054   0.993850
10208.073   0.993418
10208.092   0.993043
10208.111   0.992786
10208.130   0.992687
10208.148   0.992728
10208.167   0.992904
10208.186   0.993153
10208.205   0.993441
10208.224   0.993687
10208.243   0.993815
10208.262   0.993737
10208.281   0.993392
10208.300   0.992773
10208.318   0.991950
10208.337   0.991089
10208.356   0.990352
10208.375   0.989890
10208.394   0.989688
10208.413   0.989690
10208.432   0.989743
10208.451   0.989798
10208.470   0.989831
10208.488   0.989870
10208.507   0.989928
10208.526   0.989976
10208.545   0.990035
10208.564   0.990109
10208.583   0.990269
10208.602   0.990532
10208.621   0.990911
10208.640   0.991364
10208.658   0.991856
10208.677   0.992365
10208.696   0.992871
10208.715   0.993308
10208.734   0.993574
10208.753   0.993527
10208.772   0.993073
10208.791   0.992185
10208.810   0.990955
10208.828   0.989546
10208.847   0.988081
10208.866   0.986711
10208.885   0.985519
10208.904   0.984712
10208.923   0.984504
10208.942   0.985068
10208.961   0.986309
10208.979   0.987835
10208.998   0.989142
10209.017   0.989836
10209.036   0.989888
10209.055   0.989578
10209.074   0.989238
10209.093   0.989105
10209.112   0.989122
10209.131   0.989191
10209.149   0.989219
10209.168   0.989330
10209.187   0.989638
10209.206   0.990241
10209.225   0.990992
10209.244   0.991679
10209.263   0.992074
10209.282   0.992143
10209.301   0.992004
10209.319   0.991845
10209.338   0.991834
10209.357   0.991994
10209.376   0.992248
10209.395   0.992432
10209.414   0.992403
10209.433   0.992146
10209.452   0.991732
10209.471   0.991362
10209.489   0.991200
10209.508   0.991354
10209.527   0.991771
10209.546   0.992296
10209.565   0.992801
10209.584   0.993239
10209.603   0.993721
10209.622   0.994330
10209.641   0.995105
10209.659   0.995886
10209.678   0.996475
10209.697   0.996689
10209.716   0.996496
10209.735   0.995994
10209.754   0.995329
10209.773   0.994657
10209.792   0.994050
10209.810   0.993592
10209.829   0.993302
10209.848   0.993213
10209.867   0.993291
10209.886   0.993486
10209.905   0.993730
10209.924   0.993979
10209.943   0.994240
10209.962   0.994557
10209.980   0.994955
10209.999   0.995411
10210.018   0.995800
10210.037   0.995961
10210.056   0.995743
10210.075   0.995138
10210.094   0.994285
10210.113   0.993433
10210.132   0.992783
10210.150   0.992422
10210.169   0.992261
10210.188   0.992155
10210.207   0.991930
10210.226   0.991521
10210.245   0.990964
10210.264   0.990383
10210.283   0.989982
10210.302   0.989915
10210.320   0.990289
10210.339   0.990982
10210.358   0.991793
10210.377   0.992407
10210.396   0.992658
10210.415   0.992523
10210.434   0.992177
10210.453   0.991868
10210.472   0.991775
10210.490   0.991964
10210.509   0.992330
10210.528   0.992729
10210.547   0.992991
10210.566   0.993038
10210.585   0.992870
10210.604   0.992567
10210.623   0.992260
10210.641   0.992048
10210.660   0.991976
10210.679   0.991967
10210.698   0.991914
10210.717   0.991704
10210.736   0.991346
10210.755   0.990951
10210.774   0.990710
10210.793   0.990764
10210.811   0.991114
10210.830   0.991645
10210.849   0.992148
10210.868   0.992525
10210.887   0.992754
10210.906   0.992956
10210.925   0.993235
10210.944   0.993642
10210.963   0.994130
10210.981   0.994591
10211.000   0.994970
10211.019   0.995277
10211.038   0.995599
10211.057   0.996012
10211.076   0.996518
10211.095   0.997023
10211.114   0.997380
10211.133   0.997477
10211.151   0.997247
10211.170   0.996703
10211.189   0.995880
10211.208   0.994857
10211.227   0.993759
10211.246   0.992782
10211.265   0.992157
10211.284   0.992042
10211.303   0.992462
10211.321   0.993275
10211.340   0.994221
10211.359   0.995017
10211.378   0.995514
10211.397   0.995724
10211.416   0.995820
10211.435   0.995940
10211.454   0.996122
10211.472   0.996215
10211.491   0.996006
10211.510   0.995412
10211.529   0.994538
10211.548   0.993677
10211.567   0.993090
10211.586   0.992896
10211.605   0.992972
10211.624   0.993062
10211.642   0.992959
10211.661   0.992611
10211.680   0.992180
10211.699   0.991899
10211.718   0.991962
10211.737   0.992355
10211.756   0.992885
10211.775   0.993265
10211.794   0.993282
10211.812   0.992919
10211.831   0.992350
10211.850   0.991845
10211.869   0.991606
10211.888   0.991703
10211.907   0.992073
10211.926   0.992553
10211.945   0.992974
10211.964   0.993166
10211.982   0.993038
10212.001   0.992600
10212.020   0.991968
10212.039   0.991354
10212.058   0.990921
10212.077   0.990784
10212.096   0.990927
10212.115   0.991323
10212.134   0.991934
10212.152   0.992787
10212.171   0.993915
10212.190   0.995237
10212.209   0.996527
10212.228   0.997351
10212.247   0.997328
10212.266   0.996291
10212.285   0.994502
10212.303   0.992542
10212.322   0.991047
10212.341   0.990430
10212.360   0.990676
10212.379   0.991488
10212.398   0.992479
10212.417   0.993407
10212.436   0.994202
10212.455   0.994913
10212.473   0.995548
10212.492   0.996066
10212.511   0.996357
10212.530   0.996390
10212.549   0.996158
10212.568   0.995751
10212.587   0.995238
10212.606   0.994664
10212.625   0.994075
10212.643   0.993480
10212.662   0.992939
10212.681   0.992443
10212.700   0.991969
10212.719   0.991408
10212.738   0.990678
10212.757   0.989764
10212.776   0.988737
10212.795   0.987766
10212.813   0.986987
10212.832   0.986509
10212.851   0.986338
10212.870   0.986498
10212.889   0.987019
10212.908   0.987913
10212.927   0.989132
10212.946   0.990442
10212.965   0.991582
10212.983   0.992301
10213.002   0.992549
10213.021   0.992426
10213.040   0.992154
10213.059   0.991943
10213.078   0.991897
10213.097   0.992030
10213.116   0.992290
10213.134   0.992650
10213.153   0.993121
10213.172   0.993754
10213.191   0.994565
10213.210   0.995461
10213.229   0.996248
10213.248   0.996665
10213.267   0.996511
10213.286   0.995738
10213.304   0.994516
10213.323   0.993147
10213.342   0.991973
10213.361   0.991251
10213.380   0.991090
10213.399   0.991461
10213.418   0.992205
10213.437   0.993143
10213.456   0.994068
10213.474   0.994821
10213.493   0.995258
10213.512   0.995276
10213.531   0.994842
10213.550   0.994026
10213.569   0.993034
10213.588   0.992153
10213.607   0.991617
10213.626   0.991504
10213.644   0.991676
10213.663   0.991895
10213.682   0.992009
10213.701   0.992021
10213.720   0.992122
10213.739   0.992456
10213.758   0.993053
10213.777   0.993750
10213.796   0.994337
10213.814   0.994670
10213.833   0.994746
10213.852   0.994664
10213.871   0.994547
10213.890   0.994496
10213.909   0.994526
10213.928   0.994594
10213.947   0.994558
10213.965   0.994282
10213.984   0.993652
10214.003   0.992687
10214.022   0.991538
10214.041   0.990457
10214.060   0.989697
10214.079   0.989428
10214.098   0.989652
10214.117   0.990200
10214.135   0.990778
10214.154   0.991113
10214.173   0.991082
10214.192   0.990768
10214.211   0.990406
10214.230   0.990206
10214.249   0.990204
10214.268   0.990249
10214.287   0.990073
10214.305   0.989537
10214.324   0.988673
10214.343   0.987729
10214.362   0.986975
10214.381   0.986580
10214.400   0.986532
10214.419   0.986672
10214.438   0.986868
10214.457   0.987023
10214.475   0.987193
10214.494   0.987406
10214.513   0.987709
10214.532   0.988047
10214.551   0.988353
10214.570   0.988565
10214.589   0.988669
10214.608   0.988670
10214.627   0.988533
10214.645   0.988185
10214.664   0.987559
10214.683   0.986670
10214.702   0.985681
10214.721   0.984849
10214.740   0.984418
10214.759   0.984508
10214.778   0.985076
10214.796   0.985994
10214.815   0.987101
10214.834   0.988265
10214.853   0.989365
10214.872   0.990244
10214.891   0.990797
10214.910   0.990966
10214.929   0.990870
10214.948   0.990723
10214.966   0.990792
10214.985   0.991244
10215.004   0.992076
10215.023   0.993140
10215.042   0.994220
10215.061   0.995133
10215.080   0.995754
10215.099   0.996047
10215.118   0.996018
10215.136   0.995723
10215.155   0.995270
10215.174   0.994817
10215.193   0.994517
10215.212   0.994455
10215.231   0.994621
10215.250   0.994894
10215.269   0.995114
10215.288   0.995143
10215.306   0.994945
10215.325   0.994595
10215.344   0.994221
10215.363   0.993926
10215.382   0.993688
10215.401   0.993398
10215.420   0.992903
10215.439   0.992147
10215.458   0.991238
10215.476   0.990418
10215.495   0.989974
10215.514   0.990070
10215.533   0.990668
10215.552   0.991544
10215.571   0.992373
10215.590   0.992908
10215.609   0.993035
10215.627   0.992840
10215.646   0.992490
10215.665   0.992188
10215.684   0.992039
10215.703   0.992018
10215.722   0.991987
10215.741   0.991785
10215.760   0.991391
10215.779   0.990976
10215.797   0.990899
10215.816   0.991429
10215.835   0.992603
10215.854   0.994047
10215.873   0.995212
10215.892   0.995555
10215.911   0.994903
10215.930   0.993541
10215.949   0.992072
10215.967   0.991083
10215.986   0.990804
10216.005   0.991067
10216.024   0.991406
10216.043   0.991485
10216.062   0.991243
10216.081   0.990961
10216.100   0.990950
10216.119   0.991341
10216.137   0.991925
10216.156   0.992310
10216.175   0.992120
10216.194   0.991237
10216.213   0.989819
10216.232   0.988195
10216.251   0.986665
10216.270   0.985411
10216.289   0.984498
10216.307   0.983969
10216.326   0.983890
10216.345   0.984348
10216.364   0.985293
10216.383   0.986525
10216.402   0.987760
10216.421   0.988779
10216.440   0.989586
10216.458   0.990326
10216.477   0.991221
10216.496   0.992308
10216.515   0.993501
10216.534   0.994596
10216.553   0.995436
10216.572   0.995983
10216.591   0.996269
10216.610   0.996411
10216.628   0.996492
10216.647   0.996632
10216.666   0.996870
10216.685   0.997194
10216.704   0.997462
10216.723   0.997520
10216.742   0.997251
10216.761   0.996712
10216.780   0.996128
10216.798   0.995795
10216.817   0.995920
10216.836   0.996495
10216.855   0.997272
10216.874   0.997876
10216.893   0.997957
10216.912   0.997327
10216.931   0.996018
10216.950   0.994215
10216.968   0.992240
10216.987   0.990385
10217.006   0.988891
10217.025   0.987790
10217.044   0.986880
10217.063   0.985775
10217.082   0.984067
10217.101   0.981602
10217.120   0.978571
10217.138   0.975484
10217.157   0.972935
10217.176   0.971303
10217.195   0.970743
10217.214   0.971149
10217.233   0.972376
10217.252   0.974202
10217.271   0.976349
10217.289   0.978468
10217.308   0.980189
10217.327   0.981369
10217.346   0.982036
10217.365   0.982408
10217.384   0.982597
10217.403   0.982550
10217.422   0.982044
10217.441   0.980904
10217.459   0.979187
10217.478   0.977185
10217.497   0.975323
10217.516   0.973951
10217.535   0.973302
10217.554   0.973418
10217.573   0.974221
10217.592   0.975544
10217.611   0.977204
10217.629   0.979059
10217.648   0.981027
10217.667   0.983067
10217.686   0.985108
10217.705   0.987018
10217.724   0.988659
10217.743   0.989922
10217.762   0.990827
10217.781   0.991418
10217.799   0.991801
10217.818   0.991988
10217.837   0.992010
10217.856   0.991830
10217.875   0.991468
10217.894   0.990969
10217.913   0.990464
10217.932   0.990197
10217.951   0.990422
10217.969   0.991333
10217.988   0.992837
10218.007   0.994576
10218.026   0.996008
10218.045   0.996695
10218.064   0.996502
10218.083   0.995659
10218.102   0.994617
10218.120   0.993836
10218.139   0.993583
10218.158   0.993838
10218.177   0.994416
10218.196   0.995047
10218.215   0.995528
10218.234   0.995716
10218.253   0.995588
10218.272   0.995200
10218.290   0.994703
10218.309   0.994272
10218.328   0.994010
10218.347   0.993894
10218.366   0.993751
10218.385   0.993399
10218.404   0.992758
10218.423   0.992008
10218.442   0.991477
10218.460   0.991557
10218.479   0.992415
10218.498   0.993943
10218.517   0.995735
10218.536   0.997284
10218.555   0.998194
10218.574   0.998299
10218.593   0.997741
10218.612   0.996805
10218.630   0.995821
10218.649   0.995029
10218.668   0.994550
10218.687   0.994432
10218.706   0.994607
10218.725   0.994963
10218.744   0.995308
10218.763   0.995472
10218.782   0.995399
10218.800   0.995142
10218.819   0.994840
10218.838   0.994600
10218.857   0.994440
10218.876   0.994334
10218.895   0.994236
10218.914   0.994154
10218.933   0.994098
10218.951   0.994058
10218.970   0.994000
10218.989   0.993837
10219.008   0.993503
10219.027   0.992968
10219.046   0.992302
10219.065   0.991634
10219.084   0.991107
10219.103   0.990818
10219.121   0.990793
10219.140   0.991001
10219.159   0.991349
10219.178   0.991756
10219.197   0.992090
10219.216   0.992246
10219.235   0.992122
10219.254   0.991734
10219.273   0.991212
10219.291   0.990778
10219.310   0.990634
10219.329   0.990818
10219.348   0.991222
10219.367   0.991619
10219.386   0.991836
10219.405   0.991834
10219.424   0.991672
10219.443   0.991425
10219.461   0.991060
10219.480   0.990451
10219.499   0.989439
10219.518   0.987981
10219.537   0.986188
10219.556   0.984349
10219.575   0.982789
10219.594   0.981764
10219.613   0.981432
10219.631   0.981777
10219.650   0.982767
10219.669   0.984269
10219.688   0.986109
10219.707   0.988026
10219.726   0.989744
10219.745   0.991036
10219.764   0.991803
10219.782   0.992108
10219.801   0.992103
10219.820   0.991975
10219.839   0.991843
10219.858   0.991758
10219.877   0.991652
10219.896   0.991437
10219.915   0.990969
10219.934   0.990196
10219.952   0.989150
10219.971   0.988041
10219.990   0.987153
10220.009   0.986647
10220.028   0.986515
10220.047   0.986486
10220.066   0.986355
10220.085   0.986059
10220.104   0.985794
10220.122   0.985826
10220.141   0.986231
10220.160   0.986884
10220.179   0.987488
10220.198   0.987838
10220.217   0.987902
10220.236   0.987835
10220.255   0.987872
10220.274   0.988157
10220.292   0.988719
10220.311   0.989439
10220.330   0.990152
10220.349   0.990734
10220.368   0.991112
10220.387   0.991356
10220.406   0.991563
10220.425   0.991868
10220.444   0.992323
10220.462   0.992880
10220.481   0.993447
10220.500   0.993993
10220.519   0.994574
10220.538   0.995282
10220.557   0.996008
10220.576   0.996432
10220.595   0.996084
10220.613   0.994729
10220.632   0.992665
10220.651   0.990636
10220.670   0.989559
10220.689   0.989827
10220.708   0.991265
10220.727   0.993148
10220.746   0.994755
10220.765   0.995643
10220.783   0.995749
10220.802   0.995284
10220.821   0.994571
10220.840   0.993967
10220.859   0.993756
10220.878   0.994081
10220.897   0.994793
10220.916   0.995571
10220.935   0.996020
10220.953   0.996000
10220.972   0.995616
10220.991   0.995102
10221.010   0.994645
10221.029   0.994200
10221.048   0.993736
10221.067   0.993282
10221.086   0.993116
10221.105   0.993522
10221.123   0.994584
10221.142   0.996079
10221.161   0.997522
10221.180   0.998462
10221.199   0.998618
10221.218   0.998012
10221.237   0.996861
10221.256   0.995490
10221.275   0.994238
10221.293   0.993392
10221.312   0.993109
10221.331   0.993348
10221.350   0.993809
10221.369   0.994056
10221.388   0.993662
10221.407   0.992499
10221.426   0.990818
10221.444   0.989194
10221.463   0.988247
10221.482   0.988316
10221.501   0.989322
10221.520   0.990839
10221.539   0.992322
10221.558   0.993368
10221.577   0.993803
10221.596   0.993660
10221.614   0.993069
10221.633   0.992210
10221.652   0.991286
10221.671   0.990468
10221.690   0.989921
10221.709   0.989684
10221.728   0.989695
10221.747   0.989722
10221.766   0.989533
10221.784   0.988959
10221.803   0.988098
10221.822   0.987233
10221.841   0.986722
10221.860   0.986753
10221.879   0.987240
10221.898   0.987969
10221.917   0.988638
10221.936   0.989141
10221.954   0.989451
10221.973   0.989668
10221.992   0.989920
10222.011   0.990263
10222.030   0.990774
10222.049   0.991334
10222.068   0.991867
10222.087   0.992266
10222.106   0.992587
10222.124   0.993002
10222.143   0.993618
10222.162   0.994407
10222.181   0.995029
10222.200   0.995129
10222.219   0.994452
10222.238   0.993155
10222.257   0.991656
10222.275   0.990523
10222.294   0.990087
10222.313   0.990371
10222.332   0.991093
10222.351   0.991871
10222.370   0.992426
10222.389   0.992695
10222.408   0.992783
10222.427   0.992844
10222.445   0.992924
10222.464   0.993014
10222.483   0.993073
10222.502   0.993149
10222.521   0.993334
10222.540   0.993623
10222.559   0.993866
10222.578   0.993793
10222.597   0.993265
10222.615   0.992413
10222.634   0.991631
10222.653   0.991327
10222.672   0.991665
10222.691   0.992469
10222.710   0.993388
10222.729   0.994120
10222.748   0.994600
10222.767   0.994898
10222.785   0.995108
10222.804   0.995221
10222.823   0.995172
10222.842   0.994975
10222.861   0.994735
10222.880   0.994674
10222.899   0.994872
10222.918   0.995302
10222.937   0.995781
10222.955   0.996152
10222.974   0.996369
10222.993   0.996483
10223.012   0.996575
10223.031   0.996623
10223.050   0.996520
10223.069   0.996147
10223.088   0.995487
10223.106   0.994689
10223.125   0.993985
10223.144   0.993563
10223.163   0.993488
10223.182   0.993669
10223.201   0.993987
10223.220   0.994303
10223.239   0.994590
10223.258   0.994839
10223.276   0.995103
10223.295   0.995388
10223.314   0.995697
10223.333   0.995953
10223.352   0.996008
10223.371   0.995712
10223.390   0.994940
10223.409   0.993740
10223.428   0.992313
10223.446   0.991023
10223.465   0.990237
10223.484   0.990128
10223.503   0.990546
10223.522   0.991059
10223.541   0.991171
10223.560   0.990647
10223.579   0.989592
10223.598   0.988368
10223.616   0.987379
10223.635   0.986837
10223.654   0.986783
10223.673   0.987098
10223.692   0.987658
10223.711   0.988335
10223.730   0.988988
10223.749   0.989545
10223.768   0.989962
10223.786   0.990311
10223.805   0.990575
10223.824   0.990648
10223.843   0.990322
10223.862   0.989471
10223.881   0.988218
10223.900   0.986897
10223.919   0.985943
10223.937   0.985592
10223.956   0.985847
10223.975   0.986410
10223.994   0.986969
10224.013   0.987268
10224.032   0.987285
10224.051   0.987204
10224.070   0.987278
10224.089   0.987784
10224.107   0.988757
10224.126   0.990044
10224.145   0.991256
10224.164   0.991938
10224.183   0.991849
10224.202   0.991038
10224.221   0.989945
10224.240   0.989091
10224.259   0.988834
10224.277   0.989155
10224.296   0.989714
10224.315   0.990182
10224.334   0.990454
10224.353   0.990696
10224.372   0.991126
10224.391   0.991777
10224.410   0.992418
10224.429   0.992699
10224.447   0.992414
10224.466   0.991662
10224.485   0.990820
10224.504   0.990299
10224.523   0.990343
10224.542   0.990864
10224.561   0.991571
10224.580   0.992127
10224.599   0.992388
10224.617   0.992403
10224.636   0.992291
10224.655   0.992148
10224.674   0.991945
10224.693   0.991672
10224.712   0.991325
10224.731   0.990983
10224.750   0.990648
10224.768   0.990236
10224.787   0.989602
10224.806   0.988746
10224.825   0.987886
10224.844   0.987435
10224.863   0.987742
10224.882   0.988856
10224.901   0.990443
10224.920   0.991965
10224.938   0.992963
10224.957   0.993274
10224.976   0.993067
10224.995   0.992682
10225.014   0.992410
10225.033   0.992434
10225.052   0.992770
10225.071   0.993362
10225.090   0.994050
10225.108   0.994591
10225.127   0.994717
10225.146   0.994241
10225.165   0.993262
10225.184   0.992102
10225.203   0.991265
10225.222   0.991074
10225.241   0.991582
10225.260   0.992488
10225.278   0.993352
10225.297   0.993828
10225.316   0.993816
10225.335   0.993482
10225.354   0.993097
10225.373   0.992867
10225.392   0.992836
10225.411   0.992891
10225.430   0.992894
10225.448   0.992764
10225.467   0.992566
10225.486   0.992464
10225.505   0.992634
10225.524   0.993166
10225.543   0.993962
10225.562   0.994782
10225.581   0.995353
10225.599   0.995527
10225.618   0.995411
10225.637   0.995238
10225.656   0.995170
10225.675   0.995097
10225.694   0.994622
10225.713   0.993405
10225.732   0.991464
10225.751   0.989304
10225.769   0.987714
10225.788   0.987144
10225.807   0.987646
10225.826   0.988704
10225.845   0.989764
10225.864   0.990451
10225.883   0.990728
10225.902   0.990796
10225.921   0.990862
10225.939   0.991168
10225.958   0.991816
10225.977   0.992835
10225.996   0.994007
10226.015   0.994982
10226.034   0.995341
10226.053   0.994903
10226.072   0.993844
10226.091   0.992611
10226.109   0.991713
10226.128   0.991393
10226.147   0.991627
10226.166   0.992147
10226.185   0.992662
10226.204   0.992944
10226.223   0.992884
10226.242   0.992474
10226.261   0.991813
10226.279   0.991100
10226.298   0.990560
10226.317   0.990359
10226.336   0.990485
10226.355   0.990793
10226.374   0.991020
10226.393   0.990976
10226.412   0.990577
10226.430   0.989951
10226.449   0.989284
10226.468   0.988857
10226.487   0.988819
10226.506   0.989270
10226.525   0.990069
10226.544   0.990957
10226.563   0.991616
10226.582   0.991770
10226.600   0.991424
10226.619   0.990738
10226.638   0.990058
10226.657   0.989598
10226.676   0.989458
10226.695   0.989550
10226.714   0.989764
10226.733   0.990011
10226.752   0.990229
10226.770   0.990326
10226.789   0.990196
10226.808   0.989789
10226.827   0.989197
10226.846   0.988702
10226.865   0.988583
10226.884   0.989002
10226.903   0.989780
10226.922   0.990560
10226.940   0.990942
10226.959   0.990769
10226.978   0.990223
10226.997   0.989584
10227.016   0.989141
10227.035   0.988904
10227.054   0.988838
10227.073   0.988878
10227.092   0.989173
10227.110   0.989901
10227.129   0.991120
10227.148   0.992656
10227.167   0.994099
10227.186   0.995096
10227.205   0.995449
10227.224   0.995266
10227.243   0.994796
10227.261   0.994235
10227.280   0.993646
10227.299   0.992905
10227.318   0.992020
10227.337   0.991146
10227.356   0.990684
10227.375   0.990972
10227.394   0.992108
10227.413   0.993823
10227.431   0.995545
10227.450   0.996779
10227.469   0.997178
10227.488   0.996811
10227.507   0.995958
10227.526   0.995007
10227.545   0.994282
10227.564   0.993945
10227.583   0.994045
10227.601   0.994510
10227.620   0.995178
10227.639   0.995913
10227.658   0.996530
10227.677   0.996990
10227.696   0.997265
10227.715   0.997357
10227.734   0.997286
10227.753   0.996958
10227.771   0.996418
10227.790   0.995614
10227.809   0.994706
10227.828   0.993818
10227.847   0.993123
10227.866   0.992796
10227.885   0.992917
10227.904   0.993522
10227.923   0.994446
10227.941   0.995464
10227.960   0.996289
10227.979   0.996720
10227.998   0.996725
10228.017   0.996397
10228.036   0.995919
10228.055   0.995427
10228.074   0.995049
10228.092   0.994830
10228.111   0.994852
10228.130   0.995185
10228.149   0.995864
10228.168   0.996855
10228.187   0.997884
10228.206   0.998682
10228.225   0.998961
10228.244   0.998715
10228.262   0.998152
10228.281   0.997562
10228.300   0.997215
10228.319   0.997144
10228.338   0.997309
10228.357   0.997626
10228.376   0.998055
10228.395   0.998559
10228.414   0.998997
10228.432   0.999147
10228.451   0.998816
10228.470   0.997971
10228.489   0.996844
10228.508   0.995807
10228.527   0.995202
10228.546   0.995102
10228.565   0.995373
10228.584   0.995772
10228.602   0.996180
10228.621   0.996658
10228.640   0.997238
10228.659   0.997896
10228.678   0.998381
10228.697   0.998552
10228.716   0.998372
10228.735   0.998038
10228.754   0.997763
10228.772   0.997608
10228.791   0.997530
10228.810   0.997451
10228.829   0.997483
10228.848   0.997898
10228.867   0.998900
10228.886   1.000299
10228.905   1.001226
10228.923   1.000572
10228.942   0.997530
10228.961   0.992424
10228.980   0.986775
10228.999   0.982515
10229.018   0.981155
10229.037   0.982627
10229.056   0.985879
10229.075   0.989198
10229.093   0.991500
10229.112   0.992471
10229.131   0.992346
10229.150   0.991574
10229.169   0.990352
10229.188   0.988849
10229.207   0.987046
10229.226   0.984903
10229.245   0.982314
10229.263   0.979181
10229.282   0.975518
10229.301   0.971392
10229.320   0.966823
10229.339   0.961703
10229.358   0.955860
10229.377   0.949416
10229.396   0.942959
10229.415   0.937511
10229.433   0.934122
10229.452   0.933342
10229.471   0.935067
10229.490   0.938589
10229.509   0.943164
10229.528   0.948288
10229.547   0.953789
10229.566   0.959594
10229.585   0.965424
10229.603   0.970851
10229.622   0.975339
10229.641   0.978628
10229.660   0.980836
10229.679   0.982316
10229.698   0.983538
10229.717   0.984758
10229.736   0.986050
10229.754   0.987305
10229.773   0.988414
10229.792   0.989411
10229.811   0.990348
10229.830   0.991326
10229.849   0.992258
10229.868   0.992984
10229.887   0.993360
10229.906   0.993356
10229.924   0.993194
10229.943   0.993100
10229.962   0.993258
10229.981   0.993580
10230.000   0.993872
