10350.000   0.995623
10350.020   0.996107
10350.040   0.996422
10350.060   0.996421
10350.079   0.996141
10350.099   0.995754
10350.119   0.995559
10350.139   0.995808
10350.159   0.996623
10350.179   0.997851
10350.199   0.999150
10350.218   1.000077
10350.238   1.000318
10350.258   0.999797
10350.278   0.998727
10350.298   0.997490
10350.318   0.996451
10350.338   0.995809
10350.358   0.995539
10350.377   0.995469
10350.397   0.995393
10350.417   0.995225
10350.437   0.994992
10350.457   0.994832
10350.477   0.994835
10350.497   0.995042
10350.516   0.995374
10350.536   0.995737
10350.556   0.996008
10350.576   0.996129
10350.596   0.996093
10350.616   0.995964
10350.636   0.995809
10350.655   0.995658
10350.675   0.995492
10350.695   0.995243
10350.715   0.994864
10350.735   0.994370
10350.755   0.993893
10350.775   0.993625
10350.795   0.993725
10350.814   0.994236
10350.834   0.995030
10350.854   0.995844
10350.874   0.996373
10350.894   0.996373
10350.914   0.995766
10350.934   0.994666
10350.953   0.993355
10350.973   0.992161
10350.993   0.991384
10351.013   0.991160
10351.033   0.991478
10351.053   0.992152
10351.073   0.992989
10351.092   0.993804
10351.112   0.994489
10351.132   0.994963
10351.152   0.995165
10351.172   0.995063
10351.192   0.994660
10351.212   0.994067
10351.232   0.993453
10351.251   0.993062
10351.271   0.993034
10351.291   0.993371
10351.311   0.993888
10351.331   0.994324
10351.351   0.994442
10351.371   0.994119
10351.390   0.993412
10351.410   0.992483
10351.430   0.991562
10351.450   0.990805
10351.470   0.990311
10351.490   0.990074
10351.510   0.990066
10351.529   0.990223
10351.549   0.990502
10351.569   0.990842
10351.589   0.991196
10351.609   0.991509
10351.629   0.991755
10351.649   0.991934
10351.669   0.992079
10351.688   0.992240
10351.708   0.992430
10351.728   0.992613
10351.748   0.992723
10351.768   0.992700
10351.788   0.992527
10351.808   0.992243
10351.827   0.991931
10351.847   0.991682
10351.867   0.991565
10351.887   0.991598
10351.907   0.991755
10351.927   0.991972
10351.947   0.992163
10351.966   0.992263
10351.986   0.992243
10352.006   0.992136
10352.026   0.992006
10352.046   0.991916
10352.066   0.991890
10352.086   0.991888
10352.106   0.991886
10352.125   0.991867
10352.145   0.991912
10352.165   0.992084
10352.185   0.992433
10352.205   0.992866
10352.225   0.993225
10352.245   0.993281
10352.264   0.992904
10352.284   0.992096
10352.304   0.991093
10352.324   0.990243
10352.344   0.989892
10352.364   0.990203
10352.384   0.991067
10352.403   0.992148
10352.423   0.993006
10352.443   0.993267
10352.463   0.992784
10352.483   0.991727
10352.503   0.990515
10352.523   0.989624
10352.542   0.989420
10352.562   0.990002
10352.582   0.991234
10352.602   0.992747
10352.622   0.994131
10352.642   0.995036
10352.662   0.995321
10352.682   0.995041
10352.701   0.994438
10352.721   0.993818
10352.741   0.993450
10352.761   0.993456
10352.781   0.993744
10352.801   0.994078
10352.821   0.994179
10352.840   0.993892
10352.860   0.993242
10352.880   0.992468
10352.900   0.991882
10352.920   0.991762
10352.940   0.992184
10352.960   0.993057
10352.979   0.994147
10352.999   0.995215
10353.019   0.996051
10353.039   0.996541
10353.059   0.996643
10353.079   0.996378
10353.099   0.995814
10353.119   0.995055
10353.138   0.994227
10353.158   0.993482
10353.178   0.992955
10353.198   0.992715
10353.218   0.992733
10353.238   0.992902
10353.258   0.993087
10353.277   0.993181
10353.297   0.993128
10353.317   0.992921
10353.337   0.992590
10353.357   0.992164
10353.377   0.991678
10353.397   0.991168
10353.416   0.990710
10353.436   0.990381
10353.456   0.990281
10353.476   0.990445
10353.496   0.990847
10353.516   0.991372
10353.536   0.991884
10353.556   0.992252
10353.575   0.992375
10353.595   0.992228
10353.615   0.991842
10353.635   0.991333
10353.655   0.990848
10353.675   0.990588
10353.695   0.990727
10353.714   0.991393
10353.734   0.992565
10353.754   0.994083
10353.774   0.995604
10353.794   0.996749
10353.814   0.997125
10353.834   0.996511
10353.853   0.994837
10353.873   0.992316
10353.893   0.989290
10353.913   0.986209
10353.933   0.983403
10353.953   0.981150
10353.973   0.979576
10353.993   0.978779
10354.012   0.978782
10354.032   0.979589
10354.052   0.981078
10354.072   0.983042
10354.092   0.985132
10354.112   0.987015
10354.132   0.988434
10354.151   0.989291
10354.171   0.989640
10354.191   0.989642
10354.211   0.989508
10354.231   0.989399
10354.251   0.989436
10354.271   0.989624
10354.290   0.989927
10354.310   0.990226
10354.330   0.990423
10354.350   0.990422
10354.370   0.990201
10354.390   0.989772
10354.410   0.989223
10354.430   0.988704
10354.449   0.988380
10354.469   0.988379
10354.489   0.988690
10354.509   0.989165
10354.529   0.989507
10354.549   0.989462
10354.569   0.988886
10354.588   0.987892
10354.608   0.986733
10354.628   0.985729
10354.648   0.985117
10354.668   0.985002
10354.688   0.985321
10354.708   0.985923
10354.727   0.986648
10354.747   0.987357
10354.767   0.987958
10354.787   0.988393
10354.807   0.988648
10354.827   0.988752
10354.847   0.988777
10354.866   0.988826
10354.886   0.988990
10354.906   0.989310
10354.926   0.989730
10354.946   0.990124
10354.966   0.990344
10354.986   0.990293
10355.006   0.989974
10355.025   0.989485
10355.045   0.988999
10355.065   0.988688
10355.085   0.988672
10355.105   0.988949
10355.125   0.989425
10355.145   0.989922
10355.164   0.990296
10355.184   0.990455
10355.204   0.990428
10355.224   0.990298
10355.244   0.990201
10355.264   0.990212
10355.284   0.990342
10355.303   0.990503
10355.323   0.990611
10355.343   0.990591
10355.363   0.990436
10355.383   0.990148
10355.403   0.989757
10355.423   0.989283
10355.443   0.988813
10355.462   0.988474
10355.482   0.988431
10355.502   0.988789
10355.522   0.989547
10355.542   0.990510
10355.562   0.991377
10355.582   0.991851
10355.601   0.991830
10355.621   0.991455
10355.641   0.991032
10355.661   0.990847
10355.681   0.991015
10355.701   0.991428
10355.721   0.991844
10355.740   0.992033
10355.760   0.991919
10355.780   0.991611
10355.800   0.991342
10355.820   0.991318
10355.840   0.991620
10355.860   0.992171
10355.880   0.992793
10355.899   0.993296
10355.919   0.993540
10355.939   0.993494
10355.959   0.993210
10355.979   0.992843
10355.999   0.992565
10356.019   0.992548
10356.038   0.992843
10356.058   0.993431
10356.078   0.994178
10356.098   0.995002
10356.118   0.995881
10356.138   0.996991
10356.158   0.998522
10356.177   1.000657
10356.197   1.003287
10356.217   1.006090
10356.237   1.008489
10356.257   1.009965
10356.277   1.010150
10356.297   1.009021
10356.317   1.006797
10356.336   1.003880
10356.356   1.000727
10356.376   0.997763
10356.396   0.995332
10356.416   0.993601
10356.436   0.992548
10356.456   0.991981
10356.475   0.991635
10356.495   0.991304
10356.515   0.990910
10356.535   0.990504
10356.555   0.990181
10356.575   0.989974
10356.595   0.989811
10356.614   0.989546
10356.634   0.989052
10356.654   0.988311
10356.674   0.987434
10356.694   0.986608
10356.714   0.985980
10356.734   0.985597
10356.754   0.985383
10356.773   0.985189
10356.793   0.984865
10356.813   0.984360
10356.833   0.983740
10356.853   0.983163
10356.873   0.982806
10356.893   0.982773
10356.912   0.983064
10356.932   0.983558
10356.952   0.984119
10356.972   0.984629
10356.992   0.985049
10357.012   0.985378
10357.032   0.985637
10357.051   0.985795
10357.071   0.985776
10357.091   0.985504
10357.111   0.984984
10357.131   0.984351
10357.151   0.983836
10357.171   0.983643
10357.190   0.983854
10357.210   0.984377
10357.230   0.984974
10357.250   0.985384
10357.270   0.985442
10357.290   0.985142
10357.310   0.984614
10357.330   0.984060
10357.349   0.983654
10357.369   0.983523
10357.389   0.983684
10357.409   0.984097
10357.429   0.984658
10357.449   0.985275
10357.469   0.985863
10357.488   0.986413
10357.508   0.986938
10357.528   0.987473
10357.548   0.988007
10357.568   0.988474
10357.588   0.988783
10357.608   0.988862
10357.627   0.988708
10357.647   0.988378
10357.667   0.987958
10357.687   0.987527
10357.707   0.987110
10357.727   0.986714
10357.747   0.986312
10357.767   0.985927
10357.786   0.985544
10357.806   0.985192
10357.826   0.984857
10357.846   0.984563
10357.866   0.984295
10357.886   0.984087
10357.906   0.983977
10357.925   0.984085
10357.945   0.984526
10357.965   0.985406
10357.985   0.986685
10358.005   0.988181
10358.025   0.989550
10358.045   0.990452
10358.064   0.990663
10358.084   0.990190
10358.104   0.989256
10358.124   0.988216
10358.144   0.987414
10358.164   0.987036
10358.184   0.987081
10358.204   0.987394
10358.223   0.987787
10358.243   0.988140
10358.263   0.988441
10358.283   0.988764
10358.303   0.989185
10358.323   0.989713
10358.343   0.990230
10358.362   0.990549
10358.382   0.990539
10358.402   0.990226
10358.422   0.989836
10358.442   0.989643
10358.462   0.989847
10358.482   0.990405
10358.501   0.991088
10358.521   0.991560
10358.541   0.991607
10358.561   0.991212
10358.581   0.990619
10358.601   0.990159
10358.621   0.990088
10358.641   0.990426
10358.660   0.990975
10358.680   0.991433
10358.700   0.991556
10358.720   0.991274
10358.740   0.990674
10358.760   0.989950
10358.780   0.989305
10358.799   0.988896
10358.819   0.988790
10358.839   0.988988
10358.859   0.989446
10358.879   0.990082
10358.899   0.990802
10358.919   0.991470
10358.938   0.991981
10358.958   0.992239
10358.978   0.992220
10358.998   0.991920
10359.018   0.991409
10359.038   0.990769
10359.058   0.990133
10359.077   0.989624
10359.097   0.989370
10359.117   0.989436
10359.137   0.989839
10359.157   0.990518
10359.177   0.991367
10359.197   0.992226
10359.217   0.992917
10359.236   0.993258
10359.256   0.993127
10359.276   0.992533
10359.296   0.991645
10359.316   0.990776
10359.336   0.990207
10359.356   0.990066
10359.375   0.990203
10359.395   0.990318
10359.415   0.990126
10359.435   0.989556
10359.455   0.988778
10359.475   0.988117
10359.495   0.987857
10359.514   0.988090
10359.534   0.988678
10359.554   0.989369
10359.574   0.989952
10359.594   0.990352
10359.614   0.990600
10359.634   0.990754
10359.654   0.990829
10359.673   0.990789
10359.693   0.990606
10359.713   0.990306
10359.733   0.990026
10359.753   0.989952
10359.773   0.990267
10359.793   0.991031
10359.812   0.992165
10359.832   0.993451
10359.852   0.994638
10359.872   0.995525
10359.892   0.996050
10359.912   0.996291
10359.932   0.996390
10359.951   0.996451
10359.971   0.996445
10359.991   0.996236
10360.011   0.995658
10360.031   0.994689
10360.051   0.993488
10360.071   0.992380
10360.091   0.991694
10360.110   0.991606
10360.130   0.992050
10360.150   0.992758
10360.170   0.993425
10360.190   0.993824
10360.210   0.993933
10360.230   0.993856
10360.249   0.993785
10360.269   0.993803
10360.289   0.993911
10360.309   0.993970
10360.329   0.993862
10360.349   0.993498
10360.369   0.992916
10360.388   0.992208
10360.408   0.991493
10360.428   0.990867
10360.448   0.990367
10360.468   0.990004
10360.488   0.989724
10360.508   0.989464
10360.528   0.989126
10360.547   0.988665
10360.567   0.988072
10360.587   0.987418
10360.607   0.986801
10360.627   0.986321
10360.647   0.986033
10360.667   0.985917
10360.686   0.985958
10360.706   0.986153
10360.726   0.986577
10360.746   0.987295
10360.766   0.988325
10360.786   0.989523
10360.806   0.990643
10360.825   0.991409
10360.845   0.991679
10360.865   0.991510
10360.885   0.991151
10360.905   0.990913
10360.925   0.991016
10360.945   0.991451
10360.965   0.992003
10360.984   0.992339
10361.004   0.992231
10361.024   0.991658
10361.044   0.990861
10361.064   0.990183
10361.084   0.989900
10361.104   0.990048
10361.123   0.990406
10361.143   0.990601
10361.163   0.990300
10361.183   0.989436
10361.203   0.988244
10361.223   0.987175
10361.243   0.986703
10361.262   0.987103
10361.282   0.988371
10361.302   0.990171
10361.322   0.992034
10361.342   0.993485
10361.362   0.994290
10361.382   0.994442
10361.401   0.994180
10361.421   0.993808
10361.441   0.993585
10361.461   0.993580
10361.481   0.993689
10361.501   0.993724
10361.521   0.993557
10361.541   0.993196
10361.560   0.992780
10361.580   0.992470
10361.600   0.992339
10361.620   0.992305
10361.640   0.992199
10361.660   0.991881
10361.680   0.991375
10361.699   0.990867
10361.719   0.990641
10361.739   0.990891
10361.759   0.991623
10361.779   0.992598
10361.799   0.993474
10361.819   0.993939
10361.838   0.993885
10361.858   0.993412
10361.878   0.992768
10361.898   0.992203
10361.918   0.991870
10361.938   0.991788
10361.958   0.991869
10361.978   0.992005
10361.997   0.992118
10362.017   0.992221
10362.037   0.992389
10362.057   0.992735
10362.077   0.993320
10362.097   0.994136
10362.117   0.995055
10362.136   0.995907
10362.156   0.996524
10362.176   0.996825
10362.196   0.996835
10362.216   0.996651
10362.236   0.996395
10362.256   0.996158
10362.275   0.996014
10362.295   0.996011
10362.315   0.996205
10362.335   0.996612
10362.355   0.997239
10362.375   0.998077
10362.395   0.999102
10362.415   1.000230
10362.434   1.001310
10362.454   1.002088
10362.474   1.002323
10362.494   1.001847
10362.514   1.000746
10362.534   0.999277
10362.554   0.997829
10362.573   0.996691
10362.593   0.995990
10362.613   0.995651
10362.633   0.995509
10362.653   0.995417
10362.673   0.995298
10362.693   0.995173
10362.712   0.995086
10362.732   0.995071
10362.752   0.995124
10362.772   0.995223
10362.792   0.995371
10362.812   0.995540
10362.832   0.995726
10362.852   0.995846
10362.871   0.995859
10362.891   0.995730
10362.911   0.995514
10362.931   0.995259
10362.951   0.995040
10362.971   0.994871
10362.991   0.994747
10363.010   0.994650
10363.030   0.994596
10363.050   0.994617
10363.070   0.994720
10363.090   0.994824
10363.110   0.994765
10363.130   0.994357
10363.149   0.993545
10363.169   0.992448
10363.189   0.991355
10363.209   0.990553
10363.229   0.990219
10363.249   0.990285
10363.269   0.990519
10363.289   0.990623
10363.308   0.990430
10363.328   0.989973
10363.348   0.989477
10363.368   0.989215
10363.388   0.989386
10363.408   0.989991
10363.428   0.990865
10363.447   0.991702
10363.467   0.992210
10363.487   0.992187
10363.507   0.991630
10363.527   0.990680
10363.547   0.989602
10363.567   0.988664
10363.586   0.988096
10363.606   0.988034
10363.626   0.988468
10363.646   0.989247
10363.666   0.990097
10363.686   0.990736
10363.706   0.990978
10363.725   0.990816
10363.745   0.990398
10363.765   0.989991
10363.785   0.989845
10363.805   0.990093
10363.825   0.990708
10363.845   0.991530
10363.865   0.992359
10363.884   0.993015
10363.904   0.993396
10363.924   0.993467
10363.944   0.993252
10363.964   0.992819
10363.984   0.992294
10364.004   0.991844
10364.023   0.991669
10364.043   0.991924
10364.063   0.992676
10364.083   0.993849
10364.103   0.995270
10364.123   0.996688
10364.143   0.997851
10364.162   0.998547
10364.182   0.998681
10364.202   0.998292
10364.222   0.997531
10364.242   0.996662
10364.262   0.995961
10364.282   0.995658
10364.302   0.995797
10364.321   0.996220
10364.341   0.996588
10364.361   0.996556
10364.381   0.995950
10364.401   0.994876
10364.421   0.993684
10364.441   0.992816
10364.460   0.992573
10364.480   0.992998
10364.500   0.993843
10364.520   0.994743
10364.540   0.995358
10364.560   0.995576
10364.580   0.995474
10364.599   0.995269
10364.619   0.995142
10364.639   0.995174
10364.659   0.995299
10364.679   0.995390
10364.699   0.995342
10364.719   0.995117
10364.739   0.994757
10364.758   0.994355
10364.778   0.993998
10364.798   0.993745
10364.818   0.993593
10364.838   0.993497
10364.858   0.993390
10364.878   0.993226
10364.897   0.993005
10364.917   0.992768
10364.937   0.992580
10364.957   0.992488
10364.977   0.992521
10364.997   0.992672
10365.017   0.992916
10365.036   0.993203
10365.056   0.993483
10365.076   0.993725
10365.096   0.993916
10365.116   0.994053
10365.136   0.994095
10365.156   0.993959
10365.176   0.993533
10365.195   0.992784
10365.215   0.991826
10365.235   0.990931
10365.255   0.990405
10365.275   0.990430
10365.295   0.990926
10365.315   0.991589
10365.334   0.992053
10365.354   0.992103
10365.374   0.991766
10365.394   0.991290
10365.414   0.990971
10365.434   0.991021
10365.454   0.991435
10365.473   0.992048
10365.493   0.992582
10365.513   0.992816
10365.533   0.992637
10365.553   0.992141
10365.573   0.991544
10365.593   0.991127
10365.613   0.991072
10365.632   0.991421
10365.652   0.992047
10365.672   0.992775
10365.692   0.993452
10365.712   0.994018
10365.732   0.994477
10365.752   0.994869
10365.771   0.995197
10365.791   0.995442
10365.811   0.995570
10365.831   0.995589
10365.851   0.995542
10365.871   0.995514
10365.891   0.995559
10365.910   0.995687
10365.930   0.995836
10365.950   0.995927
10365.970   0.995904
10365.990   0.995761
10366.010   0.995547
10366.030   0.995316
10366.049   0.995106
10366.069   0.994917
10366.089   0.994722
10366.109   0.994506
10366.129   0.994297
10366.149   0.994145
10366.169   0.994101
10366.189   0.994158
10366.208   0.994250
10366.228   0.994248
10366.248   0.994050
10366.268   0.993641
10366.288   0.993145
10366.308   0.992778
10366.328   0.992754
10366.347   0.993174
10366.367   0.993964
10366.387   0.994921
10366.407   0.995772
10366.427   0.996302
10366.447   0.996381
10366.467   0.996009
10366.486   0.995258
10366.506   0.994305
10366.526   0.993351
10366.546   0.992624
10366.566   0.992257
10366.586   0.992257
10366.606   0.992466
10366.626   0.992649
10366.645   0.992599
10366.665   0.992230
10366.685   0.991641
10366.705   0.991043
10366.725   0.990685
10366.745   0.990686
10366.765   0.991031
10366.784   0.991531
10366.804   0.991987
10366.824   0.992223
10366.844   0.992220
10366.864   0.992045
10366.884   0.991862
10366.904   0.991788
10366.923   0.991868
10366.943   0.991994
10366.963   0.992003
10366.983   0.991748
10367.003   0.991242
10367.023   0.990662
10367.043   0.990296
10367.063   0.990362
10367.082   0.990872
10367.102   0.991582
10367.122   0.992107
10367.142   0.992121
10367.162   0.991532
10367.182   0.990530
10367.202   0.989491
10367.221   0.988785
10367.241   0.988629
10367.261   0.989023
10367.281   0.989800
10367.301   0.990727
10367.321   0.991561
10367.341   0.992095
10367.360   0.992182
10367.380   0.991797
10367.400   0.991044
10367.420   0.990150
10367.440   0.989379
10367.460   0.988934
10367.480   0.988877
10367.500   0.989096
10367.519   0.989387
10367.539   0.989530
10367.559   0.989454
10367.579   0.989241
10367.599   0.989115
10367.619   0.989290
10367.639   0.989871
10367.658   0.990771
10367.678   0.991762
10367.698   0.992591
10367.718   0.993079
10367.738   0.993194
10367.758   0.993027
10367.778   0.992743
10367.797   0.992488
10367.817   0.992361
10367.837   0.992369
10367.857   0.992459
10367.877   0.992536
10367.897   0.992536
10367.917   0.992431
10367.937   0.992272
10367.956   0.992103
10367.976   0.991974
10367.996   0.991875
10368.016   0.991794
10368.036   0.991720
10368.056   0.991714
10368.076   0.991858
10368.095   0.992239
10368.115   0.992846
10368.135   0.993599
10368.155   0.994348
10368.175   0.995006
10368.195   0.995561
10368.215   0.996102
10368.234   0.996710
10368.254   0.997413
10368.274   0.998146
10368.294   0.998806
10368.314   0.999292
10368.334   0.999569
10368.354   0.999661
10368.373   0.999603
10368.393   0.999422
10368.413   0.999094
10368.433   0.998608
10368.453   0.997962
10368.473   0.997207
10368.493   0.996386
10368.513   0.995551
10368.532   0.994733
10368.552   0.993968
10368.572   0.993282
10368.592   0.992697
10368.612   0.992216
10368.632   0.991820
10368.652   0.991483
10368.671   0.991199
10368.691   0.990986
10368.711   0.990901
10368.731   0.991014
10368.751   0.991398
10368.771   0.992071
10368.791   0.992963
10368.810   0.993900
10368.830   0.994669
10368.850   0.995066
10368.870   0.995006
10368.890   0.994557
10368.910   0.993948
10368.930   0.993442
10368.950   0.993241
10368.969   0.993380
10368.989   0.993734
10369.009   0.994078
10369.029   0.994216
10369.049   0.994058
10369.069   0.993658
10369.089   0.993197
10369.108   0.992926
10369.128   0.993095
10369.148   0.993843
10369.168   0.995113
10369.188   0.996606
10369.208   0.997860
10369.228   0.998451
10369.247   0.998144
10369.267   0.997060
10369.287   0.995557
10369.307   0.994118
10369.327   0.993113
10369.347   0.992732
10369.367   0.992913
10369.387   0.993459
10369.406   0.994115
10369.426   0.994695
10369.446   0.995098
10369.466   0.995338
10369.486   0.995480
10369.506   0.995605
10369.526   0.995765
10369.545   0.995961
10369.565   0.996139
10369.585   0.996223
10369.605   0.996139
10369.625   0.995867
10369.645   0.995448
10369.665   0.994989
10369.684   0.994612
10369.704   0.994410
10369.724   0.994398
10369.744   0.994503
10369.764   0.994591
10369.784   0.994536
10369.804   0.994292
10369.824   0.993920
10369.843   0.993580
10369.863   0.993438
10369.883   0.993588
10369.903   0.993972
10369.923   0.994398
10369.943   0.994619
10369.963   0.994455
10369.982   0.993899
10370.002   0.993087
10370.022   0.992262
10370.042   0.991602
10370.062   0.991205
10370.082   0.991042
10370.102   0.991074
10370.121   0.991235
10370.141   0.991495
10370.161   0.991802
10370.181   0.992107
10370.201   0.992328
10370.221   0.992422
10370.241   0.992373
10370.261   0.992251
10370.280   0.992140
10370.300   0.992146
10370.320   0.992310
10370.340   0.992612
10370.360   0.992965
10370.380   0.993273
10370.400   0.993464
10370.419   0.993490
10370.439   0.993348
10370.459   0.993055
10370.479   0.992713
10370.499   0.992453
10370.519   0.992457
10370.539   0.992821
10370.558   0.993539
10370.578   0.994432
10370.598   0.995254
10370.618   0.995773
10370.638   0.995882
10370.658   0.995645
10370.678   0.995232
10370.697   0.994845
10370.717   0.994581
10370.737   0.994433
10370.757   0.994296
10370.777   0.994103
10370.797   0.993871
10370.817   0.993755
10370.837   0.993907
10370.856   0.994395
10370.876   0.995046
10370.896   0.995576
10370.916   0.995645
10370.936   0.995178
10370.956   0.994332
10370.976   0.993528
10370.995   0.993112
10371.015   0.993238
10371.035   0.993705
10371.055   0.994153
10371.075   0.994259
10371.095   0.993945
10371.115   0.993407
10371.134   0.992971
10371.154   0.992944
10371.174   0.993436
10371.194   0.994383
10371.214   0.995556
10371.234   0.996716
10371.254   0.997634
10371.274   0.998160
10371.293   0.998200
10371.313   0.997743
10371.333   0.996884
10371.353   0.995791
10371.373   0.994686
10371.393   0.993731
10371.413   0.993039
10371.432   0.992624
10371.452   0.992506
10371.472   0.992676
10371.492   0.993128
10371.512   0.993760
10371.532   0.994425
10371.552   0.994918
10371.571   0.995123
10371.591   0.995029
10371.611   0.994794
10371.631   0.994594
10371.651   0.994571
10371.671   0.994735
10371.691   0.995007
10371.711   0.995255
10371.730   0.995392
10371.750   0.995407
10371.770   0.995375
10371.790   0.995391
10371.810   0.995534
10371.830   0.995812
10371.850   0.996153
10371.869   0.996420
10371.889   0.996464
10371.909   0.996163
10371.929   0.995454
10371.949   0.994376
10371.969   0.993089
10371.989   0.991873
10372.008   0.991060
10372.028   0.990900
10372.048   0.991476
10372.068   0.992590
10372.088   0.993891
10372.108   0.994953
10372.128   0.995518
10372.148   0.995502
10372.167   0.995083
10372.187   0.994517
10372.207   0.994115
10372.227   0.994070
10372.247   0.994478
10372.267   0.995279
10372.287   0.996319
10372.306   0.997358
10372.326   0.998085
10372.346   0.998231
10372.366   0.997617
10372.386   0.996347
10372.406   0.994715
10372.426   0.993189
10372.445   0.992097
10372.465   0.991578
10372.485   0.991526
10372.505   0.991753
10372.525   0.992097
10372.545   0.992443
10372.565   0.992717
10372.585   0.992804
10372.604   0.992642
10372.624   0.992220
10372.644   0.991694
10372.664   0.991296
10372.684   0.991269
10372.704   0.991678
10372.724   0.992410
10372.743   0.993183
10372.763   0.993728
10372.783   0.993865
10372.803   0.993590
10372.823   0.993007
10372.843   0.992300
10372.863   0.991638
10372.882   0.991166
10372.902   0.990947
10372.922   0.990974
10372.942   0.991141
10372.962   0.991302
10372.982   0.991318
10373.002   0.991140
10373.021   0.990829
10373.041   0.990525
10373.061   0.990385
10373.081   0.990491
10373.101   0.990835
10373.121   0.991321
10373.141   0.991828
10373.161   0.992247
10373.180   0.992492
10373.200   0.992492
10373.220   0.992193
10373.240   0.991591
10373.260   0.990752
10373.280   0.989841
10373.300   0.989079
10373.319   0.988669
10373.339   0.988722
10373.359   0.989205
10373.379   0.989976
10373.399   0.990813
10373.419   0.991503
10373.439   0.991914
10373.458   0.992012
10373.478   0.991895
10373.498   0.991695
10373.518   0.991551
10373.538   0.991519
10373.558   0.991611
10373.578   0.991811
10373.598   0.992141
10373.617   0.992639
10373.637   0.993307
10373.657   0.994017
10373.677   0.994539
10373.697   0.994596
10373.717   0.994093
10373.737   0.993152
10373.756   0.992177
10373.776   0.991546
10373.796   0.991508
10373.816   0.991924
10373.836   0.992456
10373.856   0.992674
10373.876   0.992409
10373.895   0.991781
10373.915   0.991179
10373.935   0.990992
10373.955   0.991410
10373.975   0.992319
10373.995   0.993361
10374.015   0.994174
10374.035   0.994492
10374.054   0.994315
10374.074   0.993758
10374.094   0.993072
10374.114   0.992434
10374.134   0.992032
10374.154   0.991950
10374.174   0.992244
10374.193   0.992835
10374.213   0.993589
10374.233   0.994321
10374.253   0.994893
10374.273   0.995254
10374.293   0.995417
10374.313   0.995427
10374.332   0.995254
10374.352   0.994876
10374.372   0.994241
10374.392   0.993438
10374.412   0.992597
10374.432   0.991963
10374.452   0.991664
10374.472   0.991763
10374.491   0.992130
10374.511   0.992618
10374.531   0.993067
10374.551   0.993428
10374.571   0.993714
10374.591   0.993973
10374.611   0.994212
10374.630   0.994353
10374.650   0.994287
10374.670   0.993871
10374.690   0.993061
10374.710   0.991867
10374.730   0.990462
10374.750   0.989054
10374.769   0.987925
10374.789   0.987261
10374.809   0.987173
10374.829   0.987601
10374.849   0.988427
10374.869   0.989484
10374.889   0.990648
10374.908   0.991795
10374.928   0.992815
10374.948   0.993548
10374.968   0.993831
10374.988   0.993518
10375.008   0.992600
10375.028   0.991208
10375.048   0.989629
10375.067   0.988177
10375.087   0.987093
10375.107   0.986435
10375.127   0.986129
10375.147   0.986045
10375.167   0.986131
10375.187   0.986409
10375.206   0.986939
10375.226   0.987683
10375.246   0.988511
10375.266   0.989223
10375.286   0.989713
10375.306   0.990007
10375.326   0.990270
10375.345   0.990639
10375.365   0.991101
10375.385   0.991462
10375.405   0.991435
10375.425   0.990852
10375.445   0.989789
10375.465   0.988605
10375.485   0.987764
10375.504   0.987634
10375.524   0.988280
10375.544   0.989459
10375.564   0.990721
10375.584   0.991686
10375.604   0.992189
10375.624   0.992414
10375.643   0.992721
10375.663   0.993465
10375.683   0.994679
10375.703   0.996064
10375.723   0.997060
10375.743   0.997188
10375.763   0.996314
10375.782   0.994761
10375.802   0.993160
10375.822   0.992112
10375.842   0.991943
10375.862   0.992561
10375.882   0.993581
10375.902   0.994535
10375.922   0.995064
10375.941   0.995073
10375.961   0.994661
10375.981   0.994076
10376.001   0.993513
10376.021   0.993112
10376.041   0.992883
10376.061   0.992789
10376.080   0.992783
10376.100   0.992846
10376.120   0.992992
10376.140   0.993230
10376.160   0.993559
10376.180   0.993938
10376.200   0.994299
10376.219   0.994575
10376.239   0.994697
10376.259   0.994633
10376.279   0.994384
10376.299   0.994053
10376.319   0.993837
10376.339   0.993968
10376.359   0.994598
10376.378   0.995655
10376.398   0.996837
10376.418   0.997717
10376.438   0.997979
10376.458   0.997603
10376.478   0.996901
10376.498   0.996359
10376.517   0.996336
10376.537   0.996898
10376.557   0.997694
10376.577   0.998236
10376.597   0.998084
10376.617   0.997184
10376.637   0.995777
10376.656   0.994336
10376.676   0.993223
10376.696   0.992581
10376.716   0.992270
10376.736   0.992047
10376.756   0.991757
10376.776   0.991418
10376.796   0.991236
10376.815   0.991386
10376.835   0.991937
10376.855   0.992628
10376.875   0.993104
10376.895   0.992940
10376.915   0.992044
10376.935   0.990524
10376.954   0.988805
10376.974   0.987262
10376.994   0.986216
10377.014   0.985744
10377.034   0.985841
10377.054   0.986442
10377.074   0.987448
10377.093   0.988745
10377.113   0.990114
10377.133   0.991341
10377.153   0.992178
10377.173   0.992499
10377.193   0.992262
10377.213   0.991560
10377.232   0.990604
10377.252   0.989657
10377.272   0.988941
10377.292   0.988530
10377.312   0.988332
10377.332   0.988167
10377.352   0.987872
10377.372   0.987427
10377.391   0.986876
10377.411   0.986344
10377.431   0.985876
10377.451   0.985510
10377.471   0.985237
10377.491   0.985112
10377.511   0.985217
10377.530   0.985635
10377.550   0.986367
10377.570   0.987289
10377.590   0.988173
10377.610   0.988785
10377.630   0.989007
10377.650   0.988897
10377.669   0.988658
10377.689   0.988531
10377.709   0.988683
10377.729   0.989116
10377.749   0.989705
10377.769   0.990249
10377.789   0.990613
10377.809   0.990704
10377.828   0.990534
10377.848   0.990134
10377.868   0.989588
10377.888   0.988993
10377.908   0.988471
10377.928   0.988147
10377.948   0.988101
10377.967   0.988354
10377.987   0.988867
10378.007   0.989560
10378.027   0.990355
10378.047   0.991168
10378.067   0.991915
10378.087   0.992497
10378.106   0.992769
10378.126   0.992589
10378.146   0.991862
10378.166   0.990677
10378.186   0.989296
10378.206   0.988104
10378.226   0.987435
10378.246   0.987385
10378.265   0.987802
10378.285   0.988332
10378.305   0.988675
10378.325   0.988680
10378.345   0.988442
10378.365   0.988166
10378.385   0.988041
10378.404   0.988128
10378.424   0.988341
10378.444   0.988565
10378.464   0.988733
10378.484   0.988879
10378.504   0.989103
10378.524   0.989496
10378.543   0.990061
10378.563   0.990684
10378.583   0.991184
10378.603   0.991404
10378.623   0.991296
10378.643   0.990956
10378.663   0.990568
10378.683   0.990308
10378.702   0.990252
10378.722   0.990355
10378.742   0.990497
10378.762   0.990566
10378.782   0.990540
10378.802   0.990464
10378.822   0.990394
10378.841   0.990324
10378.861   0.990166
10378.881   0.989806
10378.901   0.989177
10378.921   0.988377
10378.941   0.987602
10378.961   0.987174
10378.980   0.987311
10379.000   0.988125
10379.020   0.989424
10379.040   0.990873
10379.060   0.992011
10379.080   0.992500
10379.100   0.992240
10379.120   0.991418
10379.139   0.990426
10379.159   0.989642
10379.179   0.989309
10379.199   0.989422
10379.219   0.989829
10379.239   0.990343
10379.259   0.990873
10379.278   0.991432
10379.298   0.992098
10379.318   0.992863
10379.338   0.993590
10379.358   0.993985
10379.378   0.993813
10379.398   0.993027
10379.417   0.991944
10379.437   0.991082
10379.457   0.990927
10379.477   0.991635
10379.497   0.992941
10379.517   0.994327
10379.537   0.995301
10379.556   0.995721
10379.576   0.995762
10379.596   0.995809
10379.616   0.996111
10379.636   0.996678
10379.656   0.997264
10379.676   0.997572
10379.696   0.997443
10379.715   0.996875
10379.735   0.996026
10379.755   0.995041
10379.775   0.994099
10379.795   0.993298
10379.815   0.992807
10379.835   0.992731
10379.854   0.993124
10379.874   0.993833
10379.894   0.994595
10379.914   0.995110
10379.934   0.995222
10379.954   0.994994
10379.974   0.994653
10379.993   0.994448
10380.013   0.994489
10380.033   0.994687
10380.053   0.994813
10380.073   0.994622
10380.093   0.994042
10380.113   0.993202
10380.133   0.992460
10380.152   0.992168
10380.172   0.992532
10380.192   0.993426
10380.212   0.994505
10380.232   0.995347
10380.252   0.995687
10380.272   0.995507
10380.291   0.994985
10380.311   0.994369
10380.331   0.993862
10380.351   0.993553
10380.371   0.993433
10380.391   0.993435
10380.411   0.993505
10380.430   0.993607
10380.450   0.993757
10380.470   0.993955
10380.490   0.994204
10380.510   0.994458
10380.530   0.994694
10380.550   0.994892
10380.570   0.995083
10380.589   0.995275
10380.609   0.995460
10380.629   0.995554
10380.649   0.995455
10380.669   0.995052
10380.689   0.994326
10380.709   0.993380
10380.728   0.992467
10380.748   0.991901
10380.768   0.991929
10380.788   0.992593
10380.808   0.993672
10380.828   0.994774
10380.848   0.995512
10380.867   0.995683
10380.887   0.995323
10380.907   0.994649
10380.927   0.993906
10380.947   0.993243
10380.967   0.992686
10380.987   0.992212
10381.007   0.991826
10381.026   0.991606
10381.046   0.991659
10381.066   0.992039
10381.086   0.992656
10381.106   0.993295
10381.126   0.993707
10381.146   0.993755
10381.165   0.993477
10381.185   0.993109
10381.205   0.992947
10381.225   0.993227
10381.245   0.993992
10381.265   0.995162
10381.285   0.996525
10381.304   0.997889
10381.324   0.999044
10381.344   0.999826
10381.364   1.000019
10381.384   0.999429
10381.404   0.997979
10381.424   0.995791
10381.444   0.993278
10381.463   0.990965
10381.483   0.989432
10381.503   0.989015
10381.523   0.989769
10381.543   0.991355
10381.563   0.993187
10381.583   0.994661
10381.602   0.995347
10381.622   0.995182
10381.642   0.994400
10381.662   0.993462
10381.682   0.992828
10381.702   0.992758
10381.722   0.993225
10381.741   0.993910
10381.761   0.994410
10381.781   0.994389
10381.801   0.993827
10381.821   0.992946
10381.841   0.992165
10381.861   0.991819
10381.880   0.992073
10381.900   0.992825
10381.920   0.993792
10381.940   0.994630
10381.960   0.995077
10381.980   0.995044
10382.000   0.994625
10382.020   0.994044
10382.039   0.993543
10382.059   0.993254
10382.079   0.993165
10382.099   0.993161
10382.119   0.993115
10382.139   0.992985
10382.159   0.992791
10382.178   0.992593
10382.198   0.992409
10382.218   0.992210
10382.238   0.991961
10382.258   0.991690
10382.278   0.991497
10382.298   0.991515
10382.317   0.991816
10382.337   0.992374
10382.357   0.993030
10382.377   0.993607
10382.397   0.993974
10382.417   0.994125
10382.437   0.994117
10382.457   0.994040
10382.476   0.993941
10382.496   0.993826
10382.516   0.993673
10382.536   0.993470
10382.556   0.993240
10382.576   0.993006
10382.596   0.992786
10382.615   0.992563
10382.635   0.992351
10382.655   0.992191
10382.675   0.992177
10382.695   0.992383
10382.715   0.992802
10382.735   0.993308
10382.754   0.993697
10382.774   0.993807
10382.794   0.993591
10382.814   0.993158
10382.834   0.992672
10382.854   0.992304
10382.874   0.992117
10382.894   0.992107
10382.913   0.992198
10382.933   0.992341
10382.953   0.992503
10382.973   0.992715
10382.993   0.992981
10383.013   0.993282
10383.033   0.993489
10383.052   0.993469
10383.072   0.993129
10383.092   0.992536
10383.112   0.991927
10383.132   0.991619
10383.152   0.991881
10383.172   0.992738
10383.191   0.993953
10383.211   0.995082
10383.231   0.995726
10383.251   0.995706
10383.271   0.995191
10383.291   0.994594
10383.311   0.994353
10383.331   0.994618
10383.350   0.995162
10383.370   0.995389
10383.390   0.994777
10383.410   0.993133
10383.430   0.990882
10383.450   0.988784
10383.470   0.987571
10383.489   0.987545
10383.509   0.988454
10383.529   0.989747
10383.549   0.990839
10383.569   0.991482
10383.589   0.991691
10383.609   0.991721
10383.628   0.991743
10383.648   0.991846
10383.668   0.991974
10383.688   0.992059
10383.708   0.992086
10383.728   0.992089
10383.748   0.992154
10383.768   0.992286
10383.787   0.992449
10383.807   0.992488
10383.827   0.992297
10383.847   0.991859
10383.867   0.991369
10383.887   0.991106
10383.907   0.991308
10383.926   0.991987
10383.946   0.992892
10383.966   0.993629
10383.986   0.993870
10384.006   0.993529
10384.026   0.992792
10384.046   0.991964
10384.065   0.991321
10384.085   0.990941
10384.105   0.990767
10384.125   0.990678
10384.145   0.990626
10384.165   0.990631
10384.185   0.990731
10384.204   0.990916
10384.224   0.991116
10384.244   0.991260
10384.264   0.991359
10384.284   0.991491
10384.304   0.991803
10384.324   0.992369
10384.344   0.993173
10384.363   0.994058
10384.383   0.994856
10384.403   0.995431
10384.423   0.995760
10384.443   0.995893
10384.463   0.995885
10384.483   0.995749
10384.502   0.995463
10384.522   0.995025
10384.542   0.994497
10384.562   0.993984
10384.582   0.993602
10384.602   0.993429
10384.622   0.993518
10384.641   0.993881
10384.661   0.994493
10384.681   0.995263
10384.701   0.996041
10384.721   0.996651
10384.741   0.996964
10384.761   0.996948
10384.781   0.996656
10384.800   0.996182
10384.820   0.995628
10384.840   0.995093
10384.860   0.994702
10384.880   0.994561
10384.900   0.994733
10384.920   0.995143
10384.939   0.995631
10384.959   0.995977
10384.979   0.996039
10384.999   0.995785
10385.019   0.995316
10385.039   0.994781
10385.059   0.994314
10385.078   0.993987
10385.098   0.993824
10385.118   0.993809
10385.138   0.993916
10385.158   0.994085
10385.178   0.994252
10385.198   0.994353
10385.218   0.994402
10385.237   0.994448
10385.257   0.994607
10385.277   0.994902
10385.297   0.995340
10385.317   0.995798
10385.337   0.996213
10385.357   0.996483
10385.376   0.996587
10385.396   0.996485
10385.416   0.996208
10385.436   0.995863
10385.456   0.995639
10385.476   0.995758
10385.496   0.996315
10385.515   0.997248
10385.535   0.998239
10385.555   0.998891
10385.575   0.998680
10385.595   0.997272
10385.615   0.994524
10385.635   0.990871
10385.655   0.987171
10385.674   0.984630
10385.694   0.984155
10385.714   0.985813
10385.734   0.988808
10385.754   0.991718
10385.774   0.993584
10385.794   0.994075
10385.813   0.993873
10385.833   0.993750
10385.853   0.994244
10385.873   0.995083
10385.893   0.995540
10385.913   0.994811
10385.933   0.992654
10385.952   0.989629
10385.972   0.986804
10385.992   0.985322
10386.012   0.985597
10386.032   0.987377
10386.052   0.989665
10386.072   0.991608
10386.092   0.992615
10386.111   0.992814
10386.131   0.992529
10386.151   0.992182
10386.171   0.991938
10386.191   0.991842
10386.211   0.991821
10386.231   0.991825
10386.250   0.991840
10386.270   0.991885
10386.290   0.992023
10386.310   0.992290
10386.330   0.992716
10386.350   0.993194
10386.370   0.993581
10386.389   0.993659
10386.409   0.993346
10386.429   0.992674
10386.449   0.991860
10386.469   0.991161
10386.489   0.990817
10386.509   0.990964
10386.528   0.991599
10386.548   0.992591
10386.568   0.993702
10386.588   0.994652
10386.608   0.995214
10386.628   0.995295
10386.648   0.994995
10386.668   0.994535
10386.687   0.994158
10386.707   0.993994
10386.727   0.994006
10386.747   0.994021
10386.767   0.993837
10386.787   0.993351
10386.807   0.992608
10386.826   0.991774
10386.846   0.991066
10386.866   0.990652
10386.886   0.990611
10386.906   0.990919
10386.926   0.991546
10386.946   0.992482
10386.965   0.993765
10386.985   0.995369
10387.005   0.997122
10387.025   0.998690
10387.045   0.999701
10387.065   0.999948
10387.085   0.999500
10387.105   0.998680
10387.124   0.997838
10387.144   0.997209
10387.164   0.996783
10387.184   0.996436
10387.204   0.996033
10387.224   0.995537
10387.244   0.995032
10387.263   0.994625
10387.283   0.994396
10387.303   0.994290
10387.323   0.994156
10387.343   0.993815
10387.363   0.993161
10387.383   0.992274
10387.402   0.991320
10387.422   0.990509
10387.442   0.989903
10387.462   0.989491
10387.482   0.989201
10387.502   0.988982
10387.522   0.988827
10387.542   0.988701
10387.561   0.988615
10387.581   0.988570
10387.601   0.988685
10387.621   0.989063
10387.641   0.989794
10387.661   0.990794
10387.681   0.991873
10387.700   0.992781
10387.720   0.993352
10387.740   0.993556
10387.760   0.993496
10387.780   0.993310
10387.800   0.993083
10387.820   0.992817
10387.839   0.992451
10387.859   0.991940
10387.879   0.991316
10387.899   0.990671
10387.919   0.990113
10387.939   0.989679
10387.959   0.989352
10387.979   0.989098
10387.998   0.988948
10388.018   0.988976
10388.038   0.989262
10388.058   0.989776
10388.078   0.990387
10388.098   0.990927
10388.118   0.991343
10388.137   0.991799
10388.157   0.992548
10388.177   0.993787
10388.197   0.995359
10388.217   0.996853
10388.237   0.997722
10388.257   0.997710
10388.276   0.996938
10388.296   0.995892
10388.316   0.995043
10388.336   0.994616
10388.356   0.994426
10388.376   0.994101
10388.396   0.993350
10388.415   0.992239
10388.435   0.991145
10388.455   0.990542
10388.475   0.990691
10388.495   0.991439
10388.515   0.992353
10388.535   0.992913
10388.555   0.992888
10388.574   0.992311
10388.594   0.991537
10388.614   0.990868
10388.634   0.990539
10388.654   0.990499
10388.674   0.990641
10388.694   0.990804
10388.713   0.990953
10388.733   0.991149
10388.753   0.991476
10388.773   0.991982
10388.793   0.992514
10388.813   0.992869
10388.833   0.992785
10388.852   0.992212
10388.872   0.991248
10388.892   0.990179
10388.912   0.989310
10388.932   0.988870
10388.952   0.988961
10388.972   0.989531
10388.992   0.990441
10389.011   0.991516
10389.031   0.992589
10389.051   0.993537
10389.071   0.994227
10389.091   0.994562
10389.111   0.994478
10389.131   0.994056
10389.150   0.993538
10389.170   0.993251
10389.190   0.993437
10389.210   0.994085
10389.230   0.994945
10389.250   0.995639
10389.270   0.995894
10389.289   0.995652
10389.309   0.995090
10389.329   0.994478
10389.349   0.994081
10389.369   0.994036
10389.389   0.994355
10389.409   0.994918
10389.429   0.995555
10389.448   0.996073
10389.468   0.996316
10389.488   0.996178
10389.508   0.995671
10389.528   0.994931
10389.548   0.994202
10389.568   0.993744
10389.587   0.993670
10389.607   0.993940
10389.627   0.994301
10389.647   0.994543
10389.667   0.994517
10389.687   0.994341
10389.707   0.994212
10389.726   0.994365
10389.746   0.994901
10389.766   0.995755
10389.786   0.996759
10389.806   0.997689
10389.826   0.998397
10389.846   0.998771
10389.866   0.998787
10389.885   0.998436
10389.905   0.997743
10389.925   0.996765
10389.945   0.995615
10389.965   0.994488
10389.985   0.993611
10390.005   0.993159
10390.024   0.993181
10390.044   0.993561
10390.064   0.994099
10390.084   0.994530
10390.104   0.994669
10390.124   0.994401
10390.144   0.993784
10390.163   0.992998
10390.183   0.992344
10390.203   0.992106
10390.223   0.992417
10390.243   0.993191
10390.263   0.994117
10390.283   0.994865
10390.303   0.995218
10390.322   0.995252
10390.342   0.995176
10390.362   0.995220
10390.382   0.995395
10390.402   0.995522
10390.422   0.995327
10390.442   0.994698
10390.461   0.993770
10390.481   0.992879
10390.501   0.992371
10390.521   0.992378
10390.541   0.992799
10390.561   0.993323
10390.581   0.993676
10390.600   0.993677
10390.620   0.993331
10390.640   0.992736
10390.660   0.992043
10390.680   0.991410
10390.700   0.990984
10390.720   0.990901
10390.739   0.991219
10390.759   0.991904
10390.779   0.992815
10390.799   0.993750
10390.819   0.994495
10390.839   0.994895
10390.859   0.994894
10390.879   0.994570
10390.898   0.994112
10390.918   0.993762
10390.938   0.993710
10390.958   0.994023
10390.978   0.994591
10390.998   0.995210
10391.018   0.995621
10391.037   0.995717
10391.057   0.995506
10391.077   0.995170
10391.097   0.994846
10391.117   0.994624
10391.137   0.994458
10391.157   0.994284
10391.176   0.994089
10391.196   0.993874
10391.216   0.993702
10391.236   0.993531
10391.256   0.993339
10391.276   0.993037
10391.296   0.992688
10391.316   0.992370
10391.335   0.992236
10391.355   0.992295
10391.375   0.992450
10391.395   0.992499
10391.415   0.992267
10391.435   0.991743
10391.455   0.991033
10391.474   0.990397
10391.494   0.990007
10391.514   0.990020
10391.534   0.990387
10391.554   0.991018
10391.574   0.991703
10391.594   0.992291
10391.613   0.992693
10391.633   0.992958
10391.653   0.993253
10391.673   0.993751
10391.693   0.994567
10391.713   0.995614
10391.733   0.996652
10391.753   0.997381
10391.772   0.997575
10391.792   0.997225
10391.812   0.996460
10391.832   0.995575
10391.852   0.994830
10391.872   0.994495
10391.892   0.994642
10391.911   0.995215
10391.931   0.995908
10391.951   0.996402
10391.971   0.996442
10391.991   0.996011
10392.011   0.995266
10392.031   0.994449
10392.050   0.993765
10392.070   0.993352
10392.090   0.993322
10392.110   0.993759
10392.130   0.994619
10392.150   0.995711
10392.170   0.996649
10392.190   0.997114
10392.209   0.996889
10392.229   0.996123
10392.249   0.995092
10392.269   0.994194
10392.289   0.993642
10392.309   0.993529
10392.329   0.993782
10392.348   0.994297
10392.368   0.994954
10392.388   0.995579
10392.408   0.996003
10392.428   0.996116
10392.448   0.995958
10392.468   0.995696
10392.487   0.995508
10392.507   0.995501
10392.527   0.995619
10392.547   0.995753
10392.567   0.995734
10392.587   0.995474
10392.607   0.994908
10392.627   0.994073
10392.646   0.993107
10392.666   0.992271
10392.686   0.991861
10392.706   0.992053
10392.726   0.992792
10392.746   0.993805
10392.766   0.994732
10392.785   0.995393
10392.805   0.995866
10392.825   0.996486
10392.845   0.997512
10392.865   0.998936
10392.885   1.000305
10392.905   1.001003
10392.924   1.000539
10392.944   0.998905
10392.964   0.996545
10392.984   0.994168
10393.004   0.992374
10393.024   0.991440
10393.044   0.991259
10393.063   0.991488
10393.083   0.991764
10393.103   0.991861
10393.123   0.991779
10393.143   0.991671
10393.163   0.991735
10393.183   0.992072
10393.203   0.992632
10393.222   0.993242
10393.242   0.993667
10393.262   0.993735
10393.282   0.993316
10393.302   0.992453
10393.322   0.991331
10393.342   0.990342
10393.361   0.989881
10393.381   0.990199
10393.401   0.991259
10393.421   0.992705
10393.441   0.994087
10393.461   0.994971
10393.481   0.995167
10393.500   0.994702
10393.520   0.993852
10393.540   0.992970
10393.560   0.992350
10393.580   0.992124
10393.600   0.992174
10393.620   0.992290
10393.640   0.992211
10393.659   0.991885
10393.679   0.991421
10393.699   0.991153
10393.719   0.991365
10393.739   0.992112
10393.759   0.993121
10393.779   0.993933
10393.798   0.994222
10393.818   0.993964
10393.838   0.993461
10393.858   0.993039
10393.878   0.992846
10393.898   0.992764
10393.918   0.992592
10393.937   0.992239
10393.957   0.991830
10393.977   0.991615
10393.997   0.991781
10394.017   0.992319
10394.037   0.993010
10394.057   0.993616
10394.077   0.993998
10394.096   0.994221
10394.116   0.994406
10394.136   0.994632
10394.156   0.994843
10394.176   0.994920
10394.196   0.994795
10394.216   0.994524
10394.235   0.994274
10394.255   0.994205
10394.275   0.994396
10394.295   0.994782
10394.315   0.995167
10394.335   0.995342
10394.355   0.995206
10394.374   0.994850
10394.394   0.994505
10394.414   0.994368
10394.434   0.994482
10394.454   0.994622
10394.474   0.994513
10394.494   0.993945
10394.514   0.992991
10394.533   0.991954
10394.553   0.991225
10394.573   0.991085
10394.593   0.991558
10394.613   0.992450
10394.633   0.993455
10394.653   0.994312
10394.672   0.994856
10394.692   0.995000
10394.712   0.994696
10394.732   0.993979
10394.752   0.992988
10394.772   0.992055
10394.792   0.991537
10394.811   0.991693
10394.831   0.992409
10394.851   0.993273
10394.871   0.993773
10394.891   0.993659
10394.911   0.993118
10394.931   0.992577
10394.951   0.992444
10394.970   0.992764
10394.990   0.993319
10395.010   0.993755
10395.030   0.993919
10395.050   0.993854
10395.070   0.993758
10395.090   0.993742
10395.109   0.993752
10395.129   0.993636
10395.149   0.993273
10395.169   0.992759
10395.189   0.992289
10395.209   0.992159
10395.229   0.992448
10395.248   0.993079
10395.268   0.993759
10395.288   0.994264
10395.308   0.994473
10395.328   0.994408
10395.348   0.994130
10395.368   0.993657
10395.387   0.993019
10395.407   0.992314
10395.427   0.991778
10395.447   0.991617
10395.467   0.991864
10395.487   0.992290
10395.507   0.992562
10395.527   0.992484
10395.546   0.992146
10395.566   0.991847
10395.586   0.991815
10395.606   0.992058
10395.626   0.992358
10395.646   0.992526
10395.666   0.992518
10395.685   0.992453
10395.705   0.992446
10395.725   0.992527
10395.745   0.992643
10395.765   0.992772
10395.785   0.992959
10395.805   0.993298
10395.824   0.993810
10395.844   0.994429
10395.864   0.994986
10395.884   0.995332
10395.904   0.995424
10395.924   0.995317
10395.944   0.995118
10395.964   0.994882
10395.983   0.994646
10396.003   0.994442
10396.023   0.994352
10396.043   0.994480
10396.063   0.994836
10396.083   0.995344
10396.103   0.995828
10396.122   0.996167
10396.142   0.996259
10396.162   0.996090
10396.182   0.995658
10396.202   0.995016
10396.222   0.994282
10396.242   0.993596
10396.261   0.993093
10396.281   0.992802
10396.301   0.992698
10396.321   0.992735
10396.341   0.992950
10396.361   0.993481
10396.381   0.994397
10396.401   0.995568
10396.420   0.996543
10396.440   0.996797
10396.460   0.996013
10396.480   0.994405
10396.500   0.992633
10396.520   0.991450
10396.540   0.991263
10396.559   0.991891
10396.579   0.992781
10396.599   0.993354
10396.619   0.993397
10396.639   0.993054
10396.659   0.992674
10396.679   0.992499
10396.698   0.992568
10396.718   0.992746
10396.738   0.992911
10396.758   0.993088
10396.778   0.993434
10396.798   0.994119
10396.818   0.994990
10396.838   0.995594
10396.857   0.995158
10396.877   0.993358
10396.897   0.990470
10396.917   0.987794
10396.937   0.986614
10396.957   0.987733
10396.977   0.990611
10396.996   0.993916
10397.016   0.996259
10397.036   0.996958
10397.056   0.996350
10397.076   0.995115
10397.096   0.994047
10397.116   0.993455
10397.135   0.993513
10397.155   0.994176
10397.175   0.995316
10397.195   0.996624
10397.215   0.997644
10397.235   0.997983
10397.255   0.997485
10397.275   0.996370
10397.294   0.995102
10397.314   0.994149
10397.334   0.993690
10397.354   0.993571
10397.374   0.993436
10397.394   0.993047
10397.414   0.992407
10397.433   0.991752
10397.453   0.991294
10397.473   0.991077
10397.493   0.990960
10397.513   0.990791
10397.533   0.990597
10397.553   0.990591
10397.572   0.991025
10397.592   0.991967
10397.612   0.993163
10397.632   0.994190
10397.652   0.994638
10397.672   0.994448
10397.692   0.993819
10397.711   0.993140
10397.731   0.992702
10397.751   0.992597
10397.771   0.992803
10397.791   0.993190
10397.811   0.993719
10397.831   0.994221
10397.851   0.994566
10397.870   0.994564
10397.890   0.994174
10397.910   0.993518
10397.930   0.992824
10397.950   0.992389
10397.970   0.992325
10397.990   0.992662
10398.009   0.993255
10398.029   0.993953
10398.049   0.994621
10398.069   0.995189
10398.089   0.995657
10398.109   0.996029
10398.129   0.996301
10398.148   0.996428
10398.168   0.996304
10398.188   0.995841
10398.208   0.994931
10398.228   0.993610
10398.248   0.992021
10398.268   0.990524
10398.288   0.989478
10398.307   0.989118
10398.327   0.989369
10398.347   0.989895
10398.367   0.990293
10398.387   0.990333
10398.407   0.990090
10398.427   0.989809
10398.446   0.989737
10398.466   0.989959
10398.486   0.990442
10398.506   0.991100
10398.526   0.991879
10398.546   0.992665
10398.566   0.993295
10398.585   0.993559
10398.605   0.993335
10398.625   0.992667
10398.645   0.991770
10398.665   0.990992
10398.685   0.990598
10398.705   0.990712
10398.725   0.991171
10398.744   0.991660
10398.764   0.991781
10398.784   0.991346
10398.804   0.990457
10398.824   0.989516
10398.844   0.989022
10398.864   0.989262
10398.883   0.990171
10398.903   0.991299
10398.923   0.992142
10398.943   0.992391
10398.963   0.992086
10398.983   0.991533
10399.003   0.991063
10399.022   0.990902
10399.042   0.991097
10399.062   0.991559
10399.082   0.992219
10399.102   0.992940
10399.122   0.993712
10399.142   0.994397
10399.162   0.994917
10399.181   0.995085
10399.201   0.994856
10399.221   0.994305
10399.241   0.993644
10399.261   0.993120
10399.281   0.992868
10399.301   0.992898
10399.320   0.993099
10399.340   0.993345
10399.360   0.993586
10399.380   0.993869
10399.400   0.994348
10399.420   0.995115
10399.440   0.996114
10399.459   0.997034
10399.479   0.997513
10399.499   0.997252
10399.519   0.996306
10399.539   0.994984
10399.559   0.993804
10399.579   0.993168
10399.599   0.993253
10399.618   0.993883
10399.638   0.994678
10399.658   0.995245
10399.678   0.995403
10399.698   0.995258
10399.718   0.995104
10399.738   0.995221
10399.757   0.995658
10399.777   0.996279
10399.797   0.996885
10399.817   0.997442
10399.837   0.998044
10399.857   0.998750
10399.877   0.999400
10399.896   0.999584
10399.916   0.999017
10399.936   0.997716
10399.956   0.996214
10399.976   0.995161
10399.996   0.994991
10400.016   0.995632
10400.035   0.996564
10400.055   0.997242
10400.075   0.997292
10400.095   0.996741
10400.115   0.995820
10400.135   0.994838
10400.155   0.994093
10400.175   0.993706
10400.194   0.993711
10400.214   0.993893
10400.234   0.994023
10400.254   0.993929
10400.274   0.993658
10400.294   0.993516
10400.314   0.993759
10400.333   0.994529
10400.353   0.995497
10400.373   0.996255
10400.393   0.996335
10400.413   0.995694
10400.433   0.994577
10400.453   0.993464
10400.472   0.992787
10400.492   0.992761
10400.512   0.993357
10400.532   0.994293
10400.552   0.995177
10400.572   0.995597
10400.592   0.995326
10400.612   0.994385
10400.631   0.993083
10400.651   0.991819
10400.671   0.990913
10400.691   0.990400
10400.711   0.990085
10400.731   0.989685
10400.751   0.989113
10400.770   0.988532
10400.790   0.988356
10400.810   0.988866
10400.830   0.990100
10400.850   0.991659
10400.870   0.993047
10400.890   0.993866
10400.909   0.994088
10400.929   0.993892
10400.949   0.993484
10400.969   0.992896
10400.989   0.992051
10401.009   0.990963
10401.029   0.989854
10401.049   0.989163
10401.068   0.989189
10401.088   0.989948
10401.108   0.991001
10401.128   0.991790
10401.148   0.991908
10401.168   0.991406
10401.188   0.990679
10401.207   0.990167
10401.227   0.990050
10401.247   0.990236
10401.267   0.990562
10401.287   0.991043
10401.307   0.991796
10401.327   0.992826
10401.346   0.993762
10401.366   0.994021
10401.386   0.993206
10401.406   0.991434
10401.426   0.989388
10401.446   0.987893
10401.466   0.987487
10401.486   0.988137
10401.505   0.989260
10401.525   0.990142
10401.545   0.990225
10401.565   0.989500
10401.585   0.988419
10401.605   0.987702
10401.625   0.987903
10401.644   0.988983
10401.664   0.990376
10401.684   0.991173
10401.704   0.990850
10401.724   0.989506
10401.744   0.987899
10401.764   0.986899
10401.783   0.986930
10401.803   0.987814
10401.823   0.988878
10401.843   0.989538
10401.863   0.989577
10401.883   0.989250
10401.903   0.989001
10401.923   0.989106
10401.942   0.989580
10401.962   0.990143
10401.982   0.990588
10402.002   0.990791
10402.022   0.990898
10402.042   0.991026
10402.062   0.991185
10402.081   0.991178
10402.101   0.990785
10402.121   0.989959
10402.141   0.988962
10402.161   0.988298
10402.181   0.988389
10402.201   0.989289
10402.220   0.990551
10402.240   0.991473
10402.260   0.991598
10402.280   0.991016
10402.300   0.990361
10402.320   0.990390
10402.340   0.991424
10402.359   0.993277
10402.379   0.995303
10402.399   0.996952
10402.419   0.997864
10402.439   0.998012
10402.459   0.997552
10402.479   0.996739
10402.499   0.995927
10402.518   0.995387
10402.538   0.995235
10402.558   0.995354
10402.578   0.995493
10402.598   0.995469
10402.618   0.995197
10402.638   0.994723
10402.657   0.994141
10402.677   0.993504
10402.697   0.993001
10402.717   0.992732
10402.737   0.992884
10402.757   0.993302
10402.777   0.993822
10402.796   0.994186
10402.816   0.994372
10402.836   0.994550
10402.856   0.994837
10402.876   0.995235
10402.896   0.995393
10402.916   0.995034
10402.936   0.993943
10402.955   0.992316
10402.975   0.990549
10402.995   0.989196
10403.015   0.988652
10403.035   0.988991
10403.055   0.989841
10403.075   0.990542
10403.094   0.990546
10403.114   0.989762
10403.134   0.988761
10403.154   0.988365
10403.174   0.989252
10403.194   0.991329
10403.214   0.993949
10403.233   0.996134
10403.253   0.997265
10403.273   0.997191
10403.293   0.996233
10403.313   0.994843
10403.333   0.993374
10403.353   0.992101
10403.373   0.991180
10403.392   0.990851
10403.412   0.991216
10403.432   0.992262
10403.452   0.993535
10403.472   0.994342
10403.492   0.994052
10403.512   0.992543
10403.531   0.990432
10403.551   0.988713
10403.571   0.988237
10403.591   0.989123
10403.611   0.990793
10403.631   0.992317
10403.651   0.993021
10403.670   0.992783
10403.690   0.992034
10403.710   0.991392
10403.730   0.991291
10403.750   0.991789
10403.770   0.992589
10403.790   0.993252
10403.810   0.993361
10403.829   0.992731
10403.849   0.991474
10403.869   0.990079
10403.889   0.989159
10403.909   0.989272
10403.929   0.990450
10403.949   0.992296
10403.968   0.994038
10403.988   0.995098
10404.008   0.995291
10404.028   0.994981
10404.048   0.994747
10404.068   0.995043
10404.088   0.995972
10404.107   0.997291
10404.127   0.998603
10404.147   0.999528
10404.167   0.999815
10404.187   0.999394
10404.207   0.998315
10404.227   0.996777
10404.246   0.995079
10404.266   0.993618
10404.286   0.992853
10404.306   0.993063
10404.326   0.994263
10404.346   0.995960
10404.366   0.997441
10404.386   0.998002
10404.405   0.997354
10404.425   0.995710
10404.445   0.993595
10404.465   0.991662
10404.485   0.990322
10404.505   0.989795
10404.525   0.989969
10404.544   0.990576
10404.564   0.991243
10404.584   0.991679
10404.604   0.991793
10404.624   0.991709
10404.644   0.991712
10404.664   0.992057
10404.683   0.992733
10404.703   0.993483
10404.723   0.993835
10404.743   0.993491
10404.763   0.992368
10404.783   0.990781
10404.803   0.989171
10404.823   0.987995
10404.842   0.987539
10404.862   0.987844
10404.882   0.988804
10404.902   0.990121
10404.922   0.991505
10404.942   0.992637
10404.962   0.993353
10404.981   0.993620
10405.001   0.993629
10405.021   0.993683
10405.041   0.994120
10405.061   0.995052
10405.081   0.996287
10405.101   0.997266
10405.120   0.997370
10405.140   0.996229
10405.160   0.994022
10405.180   0.991491
10405.200   0.989536
10405.220   0.988890
10405.240   0.989642
10405.260   0.991397
10405.279   0.993334
10405.299   0.994691
10405.319   0.994950
10405.339   0.994110
10405.359   0.992655
10405.379   0.991334
10405.399   0.990809
10405.418   0.991281
10405.438   0.992420
10405.458   0.993578
10405.478   0.994168
10405.498   0.994035
10405.518   0.993417
10405.538   0.992787
10405.557   0.992482
10405.577   0.992524
10405.597   0.992684
10405.617   0.992650
10405.637   0.992328
10405.657   0.991768
10405.677   0.991208
10405.697   0.990839
10405.716   0.990877
10405.736   0.991421
10405.756   0.992459
10405.776   0.993749
10405.796   0.994892
10405.816   0.995512
10405.836   0.995506
10405.855   0.995146
10405.875   0.994840
10405.895   0.994880
10405.915   0.995132
10405.935   0.995242
10405.955   0.994898
10405.975   0.994087
10405.994   0.993123
10406.014   0.992396
10406.034   0.992225
10406.054   0.992718
10406.074   0.993759
10406.094   0.995092
10406.114   0.996241
10406.134   0.996830
10406.153   0.996561
10406.173   0.995614
10406.193   0.994322
10406.213   0.993173
10406.233   0.992367
10406.253   0.991932
10406.273   0.991764
10406.292   0.991809
10406.312   0.992145
10406.332   0.992732
10406.352   0.993458
10406.372   0.993938
10406.392   0.993917
10406.412   0.993231
10406.431   0.992119
10406.451   0.990971
10406.471   0.990291
10406.491   0.990411
10406.511   0.991362
10406.531   0.992962
10406.551   0.994801
10406.570   0.996554
10406.590   0.997862
10406.610   0.998487
10406.630   0.998174
10406.650   0.996794
10406.670   0.994462
10406.690   0.991630
10406.710   0.989079
10406.729   0.987589
10406.749   0.987596
10406.769   0.988796
10406.789   0.990420
10406.809   0.991505
10406.829   0.991702
10406.849   0.991231
10406.868   0.990888
10406.888   0.991180
10406.908   0.992075
10406.928   0.992966
10406.948   0.993296
10406.968   0.993089
10406.988   0.992937
10407.007   0.993484
10407.027   0.994760
10407.047   0.996098
10407.067   0.996607
10407.087   0.995855
10407.107   0.994184
10407.127   0.992427
10407.147   0.991374
10407.166   0.991338
10407.186   0.992101
10407.206   0.993176
10407.226   0.993981
10407.246   0.994126
10407.266   0.993402
10407.286   0.991913
10407.305   0.990017
10407.325   0.988357
10407.345   0.987651
10407.365   0.988337
10407.385   0.990213
10407.405   0.992356
10407.425   0.993551
10407.444   0.993005
10407.464   0.990867
10407.484   0.988218
10407.504   0.986409
10407.524   0.986392
10407.544   0.988131
10407.564   0.990786
10407.584   0.993099
10407.603   0.994161
10407.623   0.993734
10407.643   0.992365
10407.663   0.990969
10407.683   0.990324
10407.703   0.990717
10407.723   0.991912
10407.742   0.993355
10407.762   0.994456
10407.782   0.994793
10407.802   0.994283
10407.822   0.993202
10407.842   0.992089
10407.862   0.991472
10407.881   0.991620
10407.901   0.992411
10407.921   0.993480
10407.941   0.994417
10407.961   0.994967
10407.981   0.995018
10408.001   0.994564
10408.021   0.993609
10408.040   0.992359
10408.060   0.991068
10408.080   0.990138
10408.100   0.989736
10408.120   0.989933
10408.140   0.990629
10408.160   0.991760
10408.179   0.993199
10408.199   0.994602
10408.219   0.995466
10408.239   0.995364
10408.259   0.994367
10408.279   0.993151
10408.299   0.992578
10408.318   0.993175
10408.338   0.994590
10408.358   0.995985
10408.378   0.996509
10408.398   0.995997
10408.418   0.994984
10408.438   0.994229
10408.458   0.994179
10408.477   0.994600
10408.497   0.994828
10408.517   0.994277
10408.537   0.992840
10408.557   0.991051
10408.577   0.989600
10408.597   0.989084
10408.616   0.989517
10408.636   0.990558
10408.656   0.991604
10408.676   0.992319
10408.696   0.992627
10408.716   0.992782
10408.736   0.992943
10408.755   0.993096
10408.775   0.992972
10408.795   0.992312
10408.815   0.991171
10408.835   0.989980
10408.855   0.989489
10408.875   0.990217
10408.894   0.992189
10408.914   0.994692
10408.934   0.996785
10408.954   0.997705
10408.974   0.997404
10408.994   0.996419
10409.014   0.995562
10409.034   0.995444
10409.053   0.996111
10409.073   0.997109
10409.093   0.997719
10409.113   0.997452
10409.133   0.996341
10409.153   0.994878
10409.173   0.993781
10409.192   0.993465
10409.212   0.993895
10409.232   0.994577
10409.252   0.994871
10409.272   0.994440
10409.292   0.993324
10409.312   0.992132
10409.331   0.991398
10409.351   0.991524
10409.371   0.992374
10409.391   0.993579
10409.411   0.994684
10409.431   0.995333
10409.451   0.995414
10409.471   0.994967
10409.490   0.994242
10409.510   0.993511
10409.530   0.992993
10409.550   0.992781
10409.570   0.992814
10409.590   0.992932
10409.610   0.992934
10409.629   0.992679
10409.649   0.992185
10409.669   0.991616
10409.689   0.991243
10409.709   0.991208
10409.729   0.991537
10409.749   0.992100
10409.768   0.992855
10409.788   0.993773
10409.808   0.994808
10409.828   0.995715
10409.848   0.996125
10409.868   0.995813
10409.888   0.994843
10409.908   0.993681
10409.927   0.992773
10409.947   0.992427
10409.967   0.992505
10409.987   0.992780
10410.007   0.993014
10410.027   0.993241
10410.047   0.993564
10410.066   0.994036
10410.086   0.994539
10410.106   0.994799
10410.126   0.994685
10410.146   0.994252
10410.166   0.993878
10410.186   0.993965
10410.205   0.994695
10410.225   0.995878
10410.245   0.996895
10410.265   0.997186
10410.285   0.996436
10410.305   0.995047
10410.325   0.993815
10410.345   0.993593
10410.364   0.994632
10410.384   0.996374
10410.404   0.997860
10410.424   0.998242
10410.444   0.997339
10410.464   0.995509
10410.484   0.993382
10410.503   0.991503
10410.523   0.990199
10410.543   0.989708
10410.563   0.990193
10410.583   0.991588
10410.603   0.993499
10410.623   0.995138
10410.642   0.995803
10410.662   0.995142
10410.682   0.993473
10410.702   0.991513
10410.722   0.990027
10410.742   0.989472
10410.762   0.989857
10410.782   0.990799
10410.801   0.991768
10410.821   0.992267
10410.841   0.992134
10410.861   0.991581
10410.881   0.991119
10410.901   0.991280
10410.921   0.992151
10410.940   0.993419
10410.960   0.994317
10410.980   0.994370
10411.000   0.993386
