10533.114   0.994069
10533.134   0.993946
10533.155   0.993958
10533.175   0.994022
10533.196   0.994071
10533.216   0.994092
10533.237   0.994129
10533.257   0.994230
10533.278   0.994392
10533.298   0.994569
10533.319   0.994682
10533.339   0.994704
10533.360   0.994657
10533.380   0.994628
10533.401   0.994688
10533.421   0.994899
10533.442   0.995236
10533.462   0.995625
10533.483   0.995919
10533.503   0.996016
10533.524   0.995873
10533.544   0.995544
10533.565   0.995135
10533.585   0.994800
10533.606   0.994657
10533.626   0.994751
10533.647   0.995032
10533.668   0.995380
10533.688   0.995658
10533.709   0.995749
10533.729   0.995627
10533.750   0.995351
10533.770   0.995100
10533.791   0.995038
10533.811   0.995310
10533.832   0.995916
10533.852   0.996788
10533.873   0.997696
10533.893   0.998390
10533.914   0.998595
10533.934   0.998206
10533.955   0.997235
10533.975   0.995883
10533.996   0.994419
10534.016   0.993191
10534.037   0.992474
10534.057   0.992417
10534.078   0.992987
10534.098   0.994000
10534.119   0.995185
10534.139   0.996243
10534.160   0.996939
10534.180   0.997123
10534.201   0.996790
10534.221   0.996032
10534.242   0.995043
10534.262   0.994051
10534.283   0.993287
10534.303   0.992909
10534.324   0.992954
10534.344   0.993317
10534.365   0.993780
10534.385   0.994112
10534.406   0.994142
10534.426   0.993848
10534.447   0.993325
10534.467   0.992771
10534.488   0.992382
10534.508   0.992313
10534.529   0.992636
10534.549   0.993331
10534.570   0.994275
10534.590   0.995263
10534.611   0.996045
10534.631   0.996385
10534.652   0.996156
10534.672   0.995385
10534.693   0.994319
10534.713   0.993313
10534.734   0.992746
10534.754   0.992836
10534.775   0.993598
10534.795   0.994770
10534.816   0.995942
10534.837   0.996671
10534.857   0.996715
10534.878   0.996109
10534.898   0.995161
10534.919   0.994283
10534.939   0.993824
10534.960   0.993917
10534.980   0.994453
10535.001   0.995132
10535.021   0.995622
10535.042   0.995685
10535.062   0.995284
10535.083   0.994550
10535.103   0.993740
10535.124   0.993123
10535.144   0.992907
10535.165   0.993125
10535.185   0.993652
10535.206   0.994234
10535.226   0.994638
10535.247   0.994736
10535.267   0.994582
10535.288   0.994330
10535.308   0.994150
10535.329   0.994126
10535.349   0.994219
10535.370   0.994321
10535.390   0.994307
10535.411   0.994113
10535.431   0.993766
10535.452   0.993392
10535.472   0.993143
10535.493   0.993170
10535.513   0.993533
10535.534   0.994163
10535.554   0.994850
10535.575   0.995335
10535.595   0.995390
10535.616   0.994910
10535.636   0.993958
10535.657   0.992757
10535.677   0.991627
10535.698   0.990870
10535.718   0.990666
10535.739   0.991007
10535.759   0.991723
10535.780   0.992534
10535.800   0.993147
10535.821   0.993349
10535.841   0.993097
10535.862   0.992519
10535.882   0.991860
10535.903   0.991371
10535.923   0.991233
10535.944   0.991492
10535.965   0.992057
10535.985   0.992749
10536.006   0.993372
10536.026   0.993788
10536.047   0.993944
10536.067   0.993914
10536.088   0.993856
10536.108   0.993956
10536.129   0.994315
10536.149   0.994915
10536.170   0.995584
10536.190   0.996091
10536.211   0.996229
10536.231   0.995937
10536.252   0.995317
10536.272   0.994622
10536.293   0.994130
10536.313   0.994043
10536.334   0.994372
10536.354   0.994970
10536.375   0.995583
10536.395   0.995970
10536.416   0.995985
10536.436   0.995617
10536.457   0.994968
10536.477   0.994205
10536.498   0.993491
10536.518   0.992963
10536.539   0.992708
10536.559   0.992752
10536.580   0.993030
10536.600   0.993396
10536.621   0.993670
10536.641   0.993714
10536.662   0.993498
10536.682   0.993101
10536.703   0.992692
10536.723   0.992449
10536.744   0.992471
10536.764   0.992723
10536.785   0.993067
10536.805   0.993317
10536.826   0.993321
10536.846   0.993033
10536.867   0.992531
10536.887   0.992023
10536.908   0.991723
10536.928   0.991767
10536.949   0.992087
10536.969   0.992493
10536.990   0.992744
10537.010   0.992719
10537.031   0.992448
10537.051   0.992139
10537.072   0.992009
10537.092   0.992186
10537.113   0.992609
10537.134   0.993093
10537.154   0.993412
10537.175   0.993433
10537.195   0.993165
10537.216   0.992751
10537.236   0.992368
10537.257   0.992167
10537.277   0.992203
10537.298   0.992443
10537.318   0.992765
10537.339   0.993030
10537.359   0.993094
10537.380   0.992868
10537.400   0.992340
10537.421   0.991601
10537.441   0.990820
10537.462   0.990205
10537.482   0.989900
10537.503   0.989951
10537.523   0.990288
10537.544   0.990758
10537.564   0.991183
10537.585   0.991427
10537.605   0.991424
10537.626   0.991200
10537.646   0.990834
10537.667   0.990451
10537.687   0.990177
10537.708   0.990115
10537.728   0.990303
10537.749   0.990748
10537.769   0.991433
10537.790   0.992317
10537.810   0.993320
10537.831   0.994308
10537.851   0.995131
10537.872   0.995646
10537.892   0.995807
10537.913   0.995647
10537.933   0.995299
10537.954   0.994893
10537.974   0.994561
10537.995   0.994343
10538.015   0.994294
10538.036   0.994435
10538.056   0.994799
10538.077   0.995345
10538.097   0.995979
10538.118   0.996509
10538.138   0.996768
10538.159   0.996651
10538.179   0.996223
10538.200   0.995659
10538.220   0.995210
10538.241   0.995049
10538.262   0.995215
10538.282   0.995564
10538.303   0.995870
10538.323   0.995899
10538.344   0.995532
10538.364   0.994783
10538.385   0.993813
10538.405   0.992852
10538.426   0.992171
10538.446   0.991990
10538.467   0.992401
10538.487   0.993308
10538.508   0.994420
10538.528   0.995371
10538.549   0.995859
10538.569   0.995804
10538.590   0.995370
10538.610   0.994897
10538.631   0.994703
10538.651   0.994927
10538.672   0.995458
10538.692   0.996015
10538.713   0.996280
10538.733   0.996072
10538.754   0.995404
10538.774   0.994505
10538.795   0.993672
10538.815   0.993170
10538.836   0.993087
10538.856   0.993374
10538.877   0.993861
10538.897   0.994378
10538.918   0.994794
10538.938   0.995024
10538.959   0.994994
10538.979   0.994644
10539.000   0.993987
10539.020   0.993174
10539.041   0.992509
10539.061   0.992333
10539.082   0.992857
10539.102   0.993987
10539.123   0.995335
10539.143   0.996388
10539.164   0.996722
10539.184   0.996260
10539.205   0.995257
10539.225   0.994188
10539.246   0.993452
10539.266   0.993240
10539.287   0.993454
10539.307   0.993875
10539.328   0.994270
10539.348   0.994542
10539.369   0.994678
10539.389   0.994742
10539.410   0.994782
10539.431   0.994829
10539.451   0.994869
10539.472   0.994871
10539.492   0.994769
10539.513   0.994520
10539.533   0.994114
10539.554   0.993622
10539.574   0.993170
10539.595   0.992906
10539.615   0.992932
10539.636   0.993253
10539.656   0.993791
10539.677   0.994378
10539.697   0.994819
10539.718   0.994924
10539.738   0.994610
10539.759   0.993905
10539.779   0.992964
10539.800   0.991993
10539.820   0.991186
10539.841   0.990645
10539.861   0.990363
10539.882   0.990250
10539.902   0.990201
10539.923   0.990184
10539.943   0.990223
10539.964   0.990388
10539.984   0.990686
10540.005   0.991067
10540.025   0.991413
10540.046   0.991648
10540.066   0.991754
10540.087   0.991835
10540.107   0.992005
10540.128   0.992353
10540.148   0.992821
10540.169   0.993233
10540.189   0.993352
10540.210   0.993026
10540.230   0.992296
10540.251   0.991381
10540.271   0.990587
10540.292   0.990111
10540.312   0.989968
10540.333   0.989961
10540.353   0.989847
10540.374   0.989462
10540.394   0.988931
10540.415   0.988572
10540.435   0.988811
10540.456   0.989853
10540.476   0.991601
10540.497   0.993510
10540.517   0.994871
10540.538   0.994983
10540.559   0.993602
10540.579   0.990990
10540.600   0.987992
10540.620   0.985629
10540.641   0.984756
10540.661   0.985680
10540.682   0.988084
10540.702   0.991214
10540.723   0.994144
10540.743   0.996163
10540.764   0.996882
10540.784   0.996336
10540.805   0.994849
10540.825   0.992957
10540.846   0.991193
10540.866   0.989994
10540.887   0.989557
10540.907   0.989850
10540.928   0.990646
10540.948   0.991644
10540.969   0.992566
10540.989   0.993241
10541.010   0.993599
10541.030   0.993664
10541.051   0.993471
10541.071   0.993070
10541.092   0.992504
10541.112   0.991881
10541.133   0.991317
10541.153   0.990950
10541.174   0.990849
10541.194   0.991027
10541.215   0.991421
10541.235   0.991926
10541.256   0.992417
10541.276   0.992777
10541.297   0.992915
10541.317   0.992761
10541.338   0.992318
10541.358   0.991630
10541.379   0.990833
10541.399   0.990090
10541.420   0.989595
10541.440   0.989471
10541.461   0.989748
10541.481   0.990335
10541.502   0.991059
10541.522   0.991704
10541.543   0.992066
10541.563   0.992038
10541.584   0.991654
10541.604   0.991101
10541.625   0.990671
10541.645   0.990655
10541.666   0.991232
10541.686   0.992359
10541.707   0.993774
10541.728   0.995057
10541.748   0.995824
10541.769   0.995834
10541.789   0.995124
10541.810   0.993940
10541.830   0.992680
10541.851   0.991730
10541.871   0.991342
10541.892   0.991577
10541.912   0.992289
10541.933   0.993204
10541.953   0.993986
10541.974   0.994365
10541.994   0.994215
10542.015   0.993650
10542.035   0.992941
10542.056   0.992444
10542.076   0.992413
10542.097   0.992950
10542.117   0.993932
10542.138   0.995085
10542.158   0.996062
10542.179   0.996572
10542.199   0.996464
10542.220   0.995767
10542.240   0.994690
10542.261   0.993537
10542.281   0.992631
10542.302   0.992153
10542.322   0.992111
10542.343   0.992325
10542.363   0.992573
10542.384   0.992687
10542.404   0.992626
10542.425   0.992466
10542.445   0.992330
10542.466   0.992310
10542.486   0.992394
10542.507   0.992505
10542.527   0.992519
10542.548   0.992370
10542.568   0.992027
10542.589   0.991539
10542.609   0.990963
10542.630   0.990403
10542.650   0.989956
10542.671   0.989758
10542.691   0.989899
10542.712   0.990434
10542.732   0.991302
10542.753   0.992355
10542.773   0.993350
10542.794   0.994035
10542.814   0.994245
10542.835   0.993948
10542.856   0.993281
10542.876   0.992459
10542.897   0.991723
10542.917   0.991215
10542.938   0.990989
10542.958   0.990981
10542.979   0.991114
10542.999   0.991310
10543.020   0.991527
10543.040   0.991719
10543.061   0.991849
10543.081   0.991881
10543.102   0.991799
10543.122   0.991609
10543.143   0.991352
10543.163   0.991097
10543.184   0.990922
10543.204   0.990888
10543.225   0.991015
10543.245   0.991271
10543.266   0.991573
10543.286   0.991848
10543.307   0.992046
10543.327   0.992200
10543.348   0.992352
10543.368   0.992562
10543.389   0.992796
10543.409   0.993009
10543.430   0.993115
10543.450   0.993114
10543.471   0.993028
10543.491   0.992952
10543.512   0.992925
10543.532   0.992920
10543.553   0.992813
10543.573   0.992478
10543.594   0.991863
10543.614   0.991060
10543.635   0.990304
10543.655   0.989901
10543.676   0.990113
10543.696   0.991034
10543.717   0.992526
10543.737   0.994234
10543.758   0.995725
10543.778   0.996621
10543.799   0.996750
10543.819   0.996199
10543.840   0.995287
10543.860   0.994447
10543.881   0.994071
10543.901   0.994358
10543.922   0.995236
10543.942   0.996403
10543.963   0.997449
10543.983   0.998046
10544.004   0.998061
10544.025   0.997573
10544.045   0.996783
10544.066   0.995906
10544.086   0.995083
10544.107   0.994361
10544.127   0.993751
10544.148   0.993259
10544.168   0.992918
10544.189   0.992751
10544.209   0.992750
10544.230   0.992881
10544.250   0.993098
10544.271   0.993370
10544.291   0.993655
10544.312   0.993924
10544.332   0.994132
10544.353   0.994257
10544.373   0.994261
10544.394   0.994166
10544.414   0.993951
10544.435   0.993639
10544.455   0.993235
10544.476   0.992861
10544.496   0.992649
10544.517   0.992770
10544.537   0.993247
10544.558   0.994008
10544.578   0.994821
10544.599   0.995478
10544.619   0.995824
10544.640   0.995872
10544.660   0.995713
10544.681   0.995446
10544.701   0.995067
10544.722   0.994478
10544.742   0.993578
10544.763   0.992337
10544.783   0.990849
10544.804   0.989284
10544.824   0.987903
10544.845   0.986979
10544.865   0.986773
10544.886   0.987446
10544.906   0.988956
10544.927   0.991052
10544.947   0.993294
10544.968   0.995201
10544.988   0.996397
10545.009   0.996766
10545.029   0.996446
10545.050   0.995796
10545.070   0.995248
10545.091   0.995151
10545.111   0.995608
10545.132   0.996427
10545.153   0.997200
10545.173   0.997508
10545.194   0.997125
10545.214   0.996178
10545.235   0.995049
10545.255   0.994236
10545.276   0.994066
10545.296   0.994608
10545.317   0.995597
10545.337   0.996649
10545.358   0.997393
10545.378   0.997688
10545.399   0.997561
10545.419   0.997191
10545.440   0.996714
10545.460   0.996217
10545.481   0.995714
10545.501   0.995260
10545.522   0.994938
10545.542   0.994845
10545.563   0.995004
10545.583   0.995355
10545.604   0.995746
10545.624   0.996019
10545.645   0.996075
10545.665   0.995916
10545.686   0.995632
10545.706   0.995369
10545.727   0.995295
10545.747   0.995545
10545.768   0.996178
10545.788   0.997091
10545.809   0.998042
10545.829   0.998657
10545.850   0.998641
10545.870   0.997849
10545.891   0.996465
10545.911   0.994871
10545.932   0.993597
10545.952   0.992966
10545.973   0.993075
10545.993   0.993656
10546.014   0.994357
10546.034   0.994828
10546.055   0.994957
10546.075   0.994793
10546.096   0.994523
10546.116   0.994289
10546.137   0.994139
10546.157   0.993985
10546.178   0.993711
10546.198   0.993260
10546.219   0.992713
10546.239   0.992254
10546.260   0.992084
10546.280   0.992297
10546.301   0.992826
10546.322   0.993471
10546.342   0.993981
10546.363   0.994190
10546.383   0.994068
10546.404   0.993752
10546.424   0.993450
10546.445   0.993367
10546.465   0.993565
10546.486   0.993958
10546.506   0.994303
10546.527   0.994355
10546.547   0.993951
10546.568   0.993175
10546.588   0.992302
10546.609   0.991741
10546.629   0.991756
10546.650   0.992389
10546.670   0.993363
10546.691   0.994279
10546.711   0.994749
10546.732   0.994646
10546.752   0.994069
10546.773   0.993308
10546.793   0.992647
10546.814   0.992270
10546.834   0.992206
10546.855   0.992384
10546.875   0.992695
10546.896   0.993039
10546.916   0.993327
10546.937   0.993491
10546.957   0.993459
10546.978   0.993194
10546.998   0.992697
10547.019   0.992031
10547.039   0.991267
10547.060   0.990489
10547.080   0.989750
10547.101   0.989128
10547.121   0.988694
10547.142   0.988533
10547.162   0.988651
10547.183   0.988987
10547.203   0.989372
10547.224   0.989647
10547.244   0.989711
10547.265   0.989608
10547.285   0.989466
10547.306   0.989418
10547.326   0.989510
10547.347   0.989669
10547.367   0.989733
10547.388   0.989538
10547.408   0.989019
10547.429   0.988237
10547.450   0.987377
10547.470   0.986686
10547.491   0.986386
10547.511   0.986577
10547.532   0.987187
10547.552   0.987995
10547.573   0.988707
10547.593   0.989121
10547.614   0.989208
10547.634   0.989130
10547.655   0.989126
10547.675   0.989381
10547.696   0.989944
10547.716   0.990724
10547.737   0.991571
10547.757   0.992350
10547.778   0.993003
10547.798   0.993534
10547.819   0.993968
10547.839   0.994301
10547.860   0.994476
10547.880   0.994422
10547.901   0.994094
10547.921   0.993541
10547.942   0.992902
10547.962   0.992392
10547.983   0.992220
10548.003   0.992505
10548.024   0.993234
10548.044   0.994216
10548.065   0.995175
10548.085   0.995788
10548.106   0.995889
10548.126   0.995461
10548.147   0.994729
10548.167   0.993966
10548.188   0.993459
10548.208   0.993331
10548.229   0.993600
10548.249   0.994131
10548.270   0.994746
10548.290   0.995236
10548.311   0.995451
10548.331   0.995309
10548.352   0.994851
10548.372   0.994218
10548.393   0.993609
10548.413   0.993201
10548.434   0.993072
10548.454   0.993179
10548.475   0.993384
10548.495   0.993535
10548.516   0.993561
10548.536   0.993492
10548.557   0.993393
10548.577   0.993307
10548.598   0.993179
10548.619   0.992920
10548.639   0.992439
10548.660   0.991750
10548.680   0.990942
10548.701   0.990188
10548.721   0.989644
10548.742   0.989432
10548.762   0.989601
10548.783   0.990104
10548.803   0.990801
10548.824   0.991477
10548.844   0.991914
10548.865   0.991959
10548.885   0.991657
10548.906   0.991215
10548.926   0.990981
10548.947   0.991183
10548.967   0.991880
10548.988   0.992819
10549.008   0.993669
10549.029   0.994120
10549.049   0.994110
10549.070   0.993747
10549.090   0.993280
10549.111   0.992909
10549.131   0.992758
10549.152   0.992820
10549.172   0.993031
10549.193   0.993291
10549.213   0.993499
10549.234   0.993554
10549.254   0.993375
10549.275   0.992942
10549.295   0.992352
10549.316   0.991814
10549.336   0.991599
10549.357   0.991895
10549.377   0.992734
10549.398   0.993897
10549.418   0.995012
10549.439   0.995655
10549.459   0.995600
10549.480   0.994872
10549.500   0.993808
10549.521   0.992841
10549.541   0.992376
10549.562   0.992577
10549.582   0.993369
10549.603   0.994461
10549.623   0.995508
10549.644   0.996225
10549.664   0.996492
10549.685   0.996348
10549.705   0.995951
10549.726   0.995519
10549.747   0.995248
10549.767   0.995276
10549.788   0.995613
10549.808   0.996160
10549.829   0.996719
10549.849   0.997093
10549.870   0.997158
10549.890   0.996903
10549.911   0.996412
10549.931   0.995816
10549.952   0.995260
10549.972   0.994871
10549.993   0.994754
10550.013   0.994974
10550.034   0.995506
10550.054   0.996216
10550.075   0.996878
10550.095   0.997289
10550.116   0.997349
10550.136   0.997148
10550.157   0.996860
10550.177   0.996663
10550.198   0.996611
10550.218   0.996657
10550.239   0.996683
10550.259   0.996616
10550.280   0.996463
10550.300   0.996330
10550.321   0.996352
10550.341   0.996627
10550.362   0.997139
10550.382   0.997754
10550.403   0.998238
10550.423   0.998379
10550.444   0.998066
10550.464   0.997358
10550.485   0.996444
10550.505   0.995568
10550.526   0.994948
10550.546   0.994699
10550.567   0.994784
10550.587   0.995054
10550.608   0.995296
10550.628   0.995341
10550.649   0.995109
10550.669   0.994651
10550.690   0.994090
10550.710   0.993581
10550.731   0.993198
10550.751   0.992938
10550.772   0.992710
10550.792   0.992458
10550.813   0.992176
10550.833   0.991939
10550.854   0.991832
10550.874   0.991894
10550.895   0.992081
10550.916   0.992277
10550.936   0.992358
10550.957   0.992251
10550.977   0.991972
10550.998   0.991611
10551.018   0.991306
10551.039   0.991190
10551.059   0.991350
10551.080   0.991785
10551.100   0.992411
10551.121   0.993067
10551.141   0.993581
10551.162   0.993822
10551.182   0.993766
10551.203   0.993485
10551.223   0.993111
10551.244   0.992750
10551.264   0.992446
10551.285   0.992178
10551.305   0.991936
10551.326   0.991755
10551.346   0.991731
10551.367   0.991957
10551.387   0.992463
10551.408   0.993195
10551.428   0.994017
10551.449   0.994781
10551.469   0.995324
10551.490   0.995534
10551.510   0.995328
10551.531   0.994726
10551.551   0.993821
10551.572   0.992802
10551.592   0.991865
10551.613   0.991180
10551.633   0.990832
10551.654   0.990843
10551.674   0.991148
10551.695   0.991658
10551.715   0.992237
10551.736   0.992792
10551.756   0.993245
10551.777   0.993580
10551.797   0.993763
10551.818   0.993782
10551.838   0.993610
10551.859   0.993288
10551.879   0.992933
10551.900   0.992731
10551.920   0.992835
10551.941   0.993301
10551.961   0.994035
10551.982   0.994826
10552.002   0.995413
10552.023   0.995571
10552.044   0.995205
10552.064   0.994368
10552.085   0.993296
10552.105   0.992294
10552.126   0.991658
10552.146   0.991531
10552.167   0.991899
10552.187   0.992555
10552.208   0.993256
10552.228   0.993799
10552.249   0.994148
10552.269   0.994388
10552.290   0.994683
10552.310   0.995160
10552.331   0.995840
10552.351   0.996623
10552.372   0.997318
10552.392   0.997727
10552.413   0.997711
10552.433   0.997270
10552.454   0.996544
10552.474   0.995788
10552.495   0.995229
10552.515   0.995028
10552.536   0.995168
10552.556   0.995558
10552.577   0.996024
10552.597   0.996435
10552.618   0.996660
10552.638   0.996656
10552.659   0.996416
10552.679   0.995994
10552.700   0.995472
10552.720   0.994956
10552.741   0.994551
10552.761   0.994316
10552.782   0.994279
10552.802   0.994384
10552.823   0.994528
10552.843   0.994565
10552.864   0.994390
10552.884   0.993954
10552.905   0.993305
10552.925   0.992596
10552.946   0.992018
10552.966   0.991755
10552.987   0.991872
10553.007   0.992323
10553.028   0.992920
10553.048   0.993451
10553.069   0.993749
10553.089   0.993772
10553.110   0.993609
10553.130   0.993425
10553.151   0.993388
10553.171   0.993582
10553.192   0.994008
10553.213   0.994561
10553.233   0.995123
10553.254   0.995557
10553.274   0.995771
10553.295   0.995692
10553.315   0.995328
10553.336   0.994783
10553.356   0.994272
10553.377   0.994045
10553.397   0.994278
10553.418   0.994961
10553.438   0.995876
10553.459   0.996689
10553.479   0.997104
10553.500   0.997021
10553.520   0.996557
10553.541   0.995989
10553.561   0.995586
10553.582   0.995509
10553.602   0.995735
10553.623   0.996146
10553.643   0.996540
10553.664   0.996739
10553.684   0.996546
10553.705   0.995854
10553.725   0.994641
10553.746   0.993137
10553.766   0.991768
10553.787   0.991109
10553.807   0.991525
10553.828   0.993037
10553.848   0.995154
10553.869   0.997158
10553.889   0.998343
10553.910   0.998367
10553.930   0.997289
10553.951   0.995518
10553.971   0.993600
10553.992   0.992052
10554.012   0.991242
10554.033   0.991299
10554.053   0.992095
10554.074   0.993259
10554.094   0.994315
10554.115   0.994842
10554.135   0.994660
10554.156   0.993899
10554.176   0.992918
10554.197   0.992129
10554.217   0.991781
10554.238   0.991922
10554.258   0.992386
10554.279   0.992952
10554.299   0.993409
10554.320   0.993620
10554.341   0.993496
10554.361   0.993007
10554.382   0.992207
10554.402   0.991235
10554.423   0.990322
10554.443   0.989695
10554.464   0.989528
10554.484   0.989836
10554.505   0.990525
10554.525   0.991394
10554.546   0.992240
10554.566   0.992903
10554.587   0.993325
10554.607   0.993557
10554.628   0.993726
10554.648   0.993926
10554.669   0.994152
10554.689   0.994280
10554.710   0.994171
10554.730   0.993759
10554.751   0.993170
10554.771   0.992614
10554.792   0.992294
10554.812   0.992243
10554.833   0.992365
10554.853   0.992469
10554.874   0.992442
10554.894   0.992275
10554.915   0.992121
10554.935   0.992156
10554.956   0.992537
10554.976   0.993248
10554.997   0.994148
10555.017   0.994958
10555.038   0.995428
10555.058   0.995396
10555.079   0.994911
10555.099   0.994175
10555.120   0.993511
10555.140   0.993187
10555.161   0.993328
10555.181   0.993824
10555.202   0.994406
10555.222   0.994795
10555.243   0.994836
10555.263   0.994610
10555.284   0.994302
10555.304   0.994135
10555.325   0.994175
10555.345   0.994399
10555.366   0.994673
10555.386   0.994920
10555.407   0.995094
10555.427   0.995255
10555.448   0.995451
10555.468   0.995744
10555.489   0.996111
10555.510   0.996507
10555.530   0.996784
10555.551   0.996818
10555.571   0.996500
10555.592   0.995873
10555.612   0.995073
10555.633   0.994371
10555.653   0.993974
10555.674   0.994006
10555.694   0.994413
10555.715   0.995079
10555.735   0.995841
10555.756   0.996560
10555.776   0.997113
10555.797   0.997408
10555.817   0.997415
10555.838   0.997168
10555.858   0.996780
10555.879   0.996374
10555.899   0.996032
10555.920   0.995749
10555.940   0.995443
10555.961   0.995022
10555.981   0.994439
10556.002   0.993754
10556.022   0.993105
10556.043   0.992671
10556.063   0.992578
10556.084   0.992844
10556.104   0.993357
10556.125   0.993918
10556.145   0.994315
10556.166   0.994406
10556.186   0.994157
10556.207   0.993644
10556.227   0.993003
10556.248   0.992392
10556.268   0.991942
10556.289   0.991746
10556.309   0.991837
10556.330   0.992170
10556.350   0.992642
10556.371   0.993128
10556.391   0.993515
10556.412   0.993730
10556.432   0.993723
10556.453   0.993488
10556.473   0.993076
10556.494   0.992612
10556.514   0.992277
10556.535   0.992245
10556.555   0.992599
10556.576   0.993259
10556.596   0.994007
10556.617   0.994586
10556.638   0.994852
10556.658   0.994827
10556.679   0.994718
10556.699   0.994783
10556.720   0.995179
10556.740   0.995842
10556.761   0.996529
10556.781   0.996948
10556.802   0.996927
10556.822   0.996520
10556.843   0.995978
10556.863   0.995604
10556.884   0.995605
10556.904   0.995985
10556.925   0.996559
10556.945   0.997044
10556.966   0.997237
10556.986   0.997080
10557.007   0.996705
10557.027   0.996312
10557.048   0.996081
10557.068   0.996032
10557.089   0.996064
10557.109   0.995997
10557.130   0.995731
10557.150   0.995284
10557.171   0.994796
10557.191   0.994404
10557.212   0.994126
10557.232   0.993845
10557.253   0.993361
10557.273   0.992559
10557.294   0.991481
10557.314   0.990405
10557.335   0.989672
10557.355   0.989545
10557.376   0.989959
10557.396   0.990592
10557.417   0.990950
10557.437   0.990731
10557.458   0.989940
10557.478   0.988971
10557.499   0.988321
10557.519   0.988355
10557.540   0.989098
10557.560   0.990275
10557.581   0.991467
10557.601   0.992304
10557.622   0.992622
10557.642   0.992476
10557.663   0.992098
10557.683   0.991767
10557.704   0.991716
10557.724   0.992017
10557.745   0.992588
10557.765   0.993188
10557.786   0.993544
10557.807   0.993410
10557.827   0.992733
10557.848   0.991655
10557.868   0.990533
10557.889   0.989725
10557.909   0.989465
10557.930   0.989716
10557.950   0.990226
10557.971   0.990645
10557.991   0.990735
10558.012   0.990464
10558.032   0.990000
10558.053   0.989597
10558.073   0.989440
10558.094   0.989563
10558.114   0.989838
10558.135   0.990067
10558.155   0.990064
10558.176   0.989763
10558.196   0.989200
10558.217   0.988515
10558.237   0.987887
10558.258   0.987511
10558.278   0.987528
10558.299   0.987998
10558.319   0.988834
10558.340   0.989821
10558.360   0.990638
10558.381   0.991006
10558.401   0.990804
10558.422   0.990153
10558.442   0.989361
10558.463   0.988800
10558.483   0.988734
10558.504   0.989217
10558.524   0.990098
10558.545   0.991113
10558.565   0.991985
10558.586   0.992511
10558.606   0.992591
10558.627   0.992266
10558.647   0.991713
10558.668   0.991234
10558.688   0.991164
10558.709   0.991748
10558.729   0.992988
10558.750   0.994622
10558.770   0.996151
10558.791   0.997067
10558.811   0.997048
10558.832   0.996185
10558.852   0.994923
10558.873   0.993895
10558.893   0.993567
10558.914   0.994059
10558.935   0.995073
10558.955   0.996134
10558.976   0.996807
10558.996   0.996954
10559.017   0.996708
10559.037   0.996386
10559.058   0.996272
10559.078   0.996501
10559.099   0.997027
10559.119   0.997674
10559.140   0.998252
10559.160   0.998640
10559.181   0.998800
10559.201   0.998770
10559.222   0.998646
10559.242   0.998557
10559.263   0.998604
10559.283   0.998827
10559.304   0.999159
10559.324   0.999421
10559.345   0.999404
10559.365   0.998973
10559.386   0.998180
10559.406   0.997269
10559.427   0.996574
10559.447   0.996332
10559.468   0.996523
10559.488   0.996878
10559.509   0.997019
10559.529   0.996701
10559.550   0.995915
10559.570   0.994907
10559.591   0.994001
10559.611   0.993455
10559.632   0.993325
10559.652   0.993506
10559.673   0.993810
10559.693   0.994067
10559.714   0.994208
10559.734   0.994248
10559.755   0.994263
10559.775   0.994271
10559.796   0.994220
10559.816   0.993972
10559.837   0.993450
10559.857   0.992674
10559.878   0.991843
10559.898   0.991184
10559.919   0.990876
10559.939   0.990909
10559.960   0.991152
10559.980   0.991416
10560.001   0.991609
10560.021   0.991737
10560.042   0.991888
10560.062   0.992117
10560.083   0.992410
10560.104   0.992697
10560.124   0.992928
10560.145   0.993128
10560.165   0.993359
10560.186   0.993664
10560.206   0.993999
10560.227   0.994263
10560.247   0.994350
10560.268   0.994266
10560.288   0.994115
10560.309   0.994075
10560.329   0.994240
10560.350   0.994611
10560.370   0.995035
10560.391   0.995380
10560.411   0.995525
10560.432   0.995495
10560.452   0.995320
10560.473   0.995077
10560.493   0.994787
10560.514   0.994492
10560.534   0.994218
10560.555   0.994031
10560.575   0.993986
10560.596   0.994091
10560.616   0.994284
10560.637   0.994451
10560.657   0.994504
10560.678   0.994420
10560.698   0.994300
10560.719   0.994266
10560.739   0.994419
10560.760   0.994726
10560.780   0.995085
10560.801   0.995346
10560.821   0.995454
10560.842   0.995444
10560.862   0.995433
10560.883   0.995488
10560.903   0.995625
10560.924   0.995778
10560.944   0.995909
10560.965   0.995977
10560.985   0.995987
10561.006   0.995898
10561.026   0.995663
10561.047   0.995243
10561.067   0.994693
10561.088   0.994143
10561.108   0.993741
10561.129   0.993564
10561.149   0.993585
10561.170   0.993720
10561.190   0.993890
10561.211   0.994045
10561.232   0.994179
10561.252   0.994311
10561.273   0.994474
10561.293   0.994719
10561.314   0.995054
10561.334   0.995433
10561.355   0.995710
10561.375   0.995772
10561.396   0.995575
10561.416   0.995250
10561.437   0.995008
10561.457   0.995046
10561.478   0.995406
10561.498   0.995967
10561.519   0.996512
10561.539   0.996869
10561.560   0.996991
10561.580   0.996979
10561.601   0.996980
10561.621   0.997093
10561.642   0.997270
10561.662   0.997376
10561.683   0.997229
10561.703   0.996775
10561.724   0.996092
10561.744   0.995401
10561.765   0.994882
10561.785   0.994584
10561.806   0.994288
10561.826   0.993683
10561.847   0.992487
10561.867   0.990785
10561.888   0.988996
10561.908   0.987781
10561.929   0.987609
10561.949   0.988510
10561.970   0.990005
10561.990   0.991391
10562.011   0.992163
10562.031   0.992217
10562.052   0.991862
10562.072   0.991486
10562.093   0.991363
10562.113   0.991475
10562.134   0.991653
10562.154   0.991729
10562.175   0.991672
10562.195   0.991571
10562.216   0.991564
10562.236   0.991746
10562.257   0.992124
10562.277   0.992631
10562.298   0.993181
10562.318   0.993671
10562.339   0.994010
10562.359   0.994099
10562.380   0.993900
10562.401   0.993475
10562.421   0.993012
10562.442   0.992743
10562.462   0.992824
10562.483   0.993239
10562.503   0.993795
10562.524   0.994257
10562.544   0.994490
10562.565   0.994510
10562.585   0.994454
10562.606   0.994421
10562.626   0.994437
10562.647   0.994390
10562.667   0.994176
10562.688   0.993723
10562.708   0.993134
10562.729   0.992578
10562.749   0.992296
10562.770   0.992405
10562.790   0.992898
10562.811   0.993562
10562.831   0.994140
10562.852   0.994390
10562.872   0.994243
10562.893   0.993769
10562.913   0.993161
10562.934   0.992611
10562.954   0.992255
10562.975   0.992152
10562.995   0.992269
10563.016   0.992535
10563.036   0.992829
10563.057   0.993086
10563.077   0.993256
10563.098   0.993366
10563.118   0.993413
10563.139   0.993400
10563.159   0.993279
10563.180   0.993073
10563.200   0.992844
10563.221   0.992755
10563.241   0.992913
10563.262   0.993330
10563.282   0.993849
10563.303   0.994235
10563.323   0.994273
10563.344   0.993910
10563.364   0.993299
10563.385   0.992757
10563.405   0.992601
10563.426   0.992989
10563.446   0.993801
10563.467   0.994719
10563.487   0.995345
10563.508   0.995428
10563.529   0.994946
10563.549   0.994124
10563.570   0.993281
10563.590   0.992724
10563.611   0.992611
10563.631   0.992931
10563.652   0.993486
10563.672   0.994038
10563.693   0.994372
10563.713   0.994424
10563.734   0.994245
10563.754   0.993984
10563.775   0.993762
10563.795   0.993665
10563.816   0.993684
10563.836   0.993761
10563.857   0.993764
10563.877   0.993592
10563.898   0.993190
10563.918   0.992645
10563.939   0.992093
10563.959   0.991710
10563.980   0.991570
10564.000   0.991665
10564.021   0.991873
10564.041   0.992088
10564.062   0.992220
10564.082   0.992278
10564.103   0.992307
10564.123   0.992428
10564.144   0.992714
10564.164   0.993253
10564.185   0.994032
10564.205   0.994982
10564.226   0.995850
10564.246   0.996327
10564.267   0.996141
10564.287   0.995318
10564.308   0.994237
10564.328   0.993542
10564.349   0.993752
10564.369   0.994975
10564.390   0.996784
10564.410   0.998477
10564.431   0.999438
10564.451   0.999416
10564.472   0.998572
10564.492   0.997295
10564.513   0.996008
10564.533   0.994983
10564.554   0.994318
10564.574   0.993962
10564.595   0.993813
10564.615   0.993805
10564.636   0.993964
10564.656   0.994349
10564.677   0.994974
10564.698   0.995717
10564.718   0.996358
10564.739   0.996689
10564.759   0.996631
10564.780   0.996286
10564.800   0.995844
10564.821   0.995469
10564.841   0.995174
10564.862   0.994847
10564.882   0.994343
10564.903   0.993615
10564.923   0.992764
10564.944   0.992002
10564.964   0.991552
10564.985   0.991525
10565.005   0.991868
10565.026   0.992391
10565.046   0.992865
10565.067   0.993124
10565.087   0.993123
10565.108   0.992922
10565.128   0.992604
10565.149   0.992220
10565.169   0.991777
10565.190   0.991305
10565.210   0.990892
10565.231   0.990695
10565.251   0.990814
10565.272   0.991215
10565.292   0.991694
10565.313   0.991993
10565.333   0.991934
10565.354   0.991557
10565.374   0.991100
10565.395   0.990873
10565.415   0.991117
10565.436   0.991850
10565.456   0.992895
10565.477   0.993887
10565.497   0.994488
10565.518   0.994468
10565.538   0.993907
10565.559   0.993085
10565.579   0.992427
10565.600   0.992251
10565.620   0.992697
10565.641   0.993644
10565.661   0.994823
10565.682   0.995867
10565.702   0.996439
10565.723   0.996290
10565.743   0.995376
10565.764   0.993873
10565.784   0.992176
10565.805   0.990755
10565.826   0.990011
10565.846   0.990084
10565.867   0.990853
10565.887   0.992013
10565.908   0.993217
10565.928   0.994201
10565.949   0.994813
10565.969   0.995034
10565.990   0.994903
10566.010   0.994526
10566.031   0.994027
10566.051   0.993533
10566.072   0.993119
10566.092   0.992807
10566.113   0.992563
10566.133   0.992348
10566.154   0.992178
10566.174   0.992127
10566.195   0.992302
10566.215   0.992747
10566.236   0.993369
10566.256   0.993922
10566.277   0.994129
10566.297   0.993860
10566.318   0.993264
10566.338   0.992688
10566.359   0.992500
10566.379   0.992857
10566.400   0.993623
10566.420   0.994457
10566.441   0.995026
10566.461   0.995181
10566.482   0.995013
10566.502   0.994750
10566.523   0.994602
10566.543   0.994660
10566.564   0.994891
10566.584   0.995228
10566.605   0.995611
10566.625   0.996047
10566.646   0.996537
10566.666   0.997058
10566.687   0.997502
10566.707   0.997762
10566.728   0.997754
10566.748   0.997558
10566.769   0.997305
10566.789   0.997146
10566.810   0.997020
10566.830   0.996767
10566.851   0.996202
10566.871   0.995438
10566.892   0.994784
10566.912   0.994628
10566.933   0.995062
10566.953   0.995837
10566.974   0.996447
10566.995   0.996501
10567.015   0.995941
10567.036   0.995082
10567.056   0.994370
10567.077   0.994109
10567.097   0.994301
10567.118   0.994707
10567.138   0.995047
10567.159   0.995157
10567.179   0.995035
10567.200   0.994774
10567.220   0.994471
10567.241   0.994194
10567.261   0.993993
10567.282   0.993902
10567.302   0.993918
10567.323   0.993946
10567.343   0.993821
10567.364   0.993383
10567.384   0.992615
10567.405   0.991674
10567.425   0.990865
10567.446   0.990467
10567.466   0.990614
10567.487   0.991206
10567.507   0.992027
10567.528   0.992812
10567.548   0.993400
10567.569   0.993662
10567.589   0.993583
10567.610   0.993164
10567.630   0.992587
10567.651   0.992073
10567.671   0.991927
10567.692   0.992249
10567.712   0.992944
10567.733   0.993650
10567.753   0.994020
10567.774   0.993884
10567.794   0.993381
10567.815   0.992829
10567.835   0.992498
10567.856   0.992468
10567.876   0.992592
10567.897   0.992692
10567.917   0.992685
10567.938   0.992705
10567.958   0.992972
10567.979   0.993648
10567.999   0.994627
10568.020   0.995592
10568.040   0.996154
10568.061   0.996158
10568.081   0.995717
10568.102   0.995196
10568.123   0.994909
10568.143   0.994999
10568.164   0.995377
10568.184   0.995859
10568.205   0.996259
10568.225   0.996452
10568.246   0.996367
10568.266   0.995981
10568.287   0.995325
10568.307   0.994534
10568.328   0.993824
10568.348   0.993453
10568.369   0.993556
10568.389   0.994100
10568.410   0.994856
10568.430   0.995557
10568.451   0.996002
10568.471   0.996129
10568.492   0.995957
10568.512   0.995518
10568.533   0.994848
10568.553   0.994015
10568.574   0.993162
10568.594   0.992484
10568.615   0.992138
10568.635   0.992152
10568.656   0.992395
10568.676   0.992657
10568.697   0.992749
10568.717   0.992608
10568.738   0.992308
10568.758   0.992012
10568.779   0.991882
10568.799   0.992016
10568.820   0.992417
10568.840   0.993011
10568.861   0.993674
10568.881   0.994290
10568.902   0.994737
10568.922   0.994966
10568.943   0.994955
10568.963   0.994800
10568.984   0.994599
10569.004   0.994493
10569.025   0.994484
10569.045   0.994527
10569.066   0.994474
10569.086   0.994269
10569.107   0.993925
10569.127   0.993576
10569.148   0.993324
10569.168   0.993203
10569.189   0.993150
10569.209   0.993080
10569.230   0.992964
10569.250   0.992880
10569.271   0.992954
10569.292   0.993261
10569.312   0.993774
10569.333   0.994353
10569.353   0.994831
10569.374   0.995037
10569.394   0.994895
10569.415   0.994400
10569.435   0.993685
10569.456   0.992960
10569.476   0.992494
10569.497   0.992490
10569.517   0.993002
10569.538   0.993899
10569.558   0.994897
10569.579   0.995720
10569.599   0.996184
10569.620   0.996292
10569.640   0.996152
10569.661   0.995934
10569.681   0.995778
10569.702   0.995765
10569.722   0.995891
10569.743   0.996062
10569.763   0.996130
10569.784   0.995940
10569.804   0.995427
10569.825   0.994656
10569.845   0.993787
10569.866   0.993019
10569.886   0.992495
10569.907   0.992291
10569.927   0.992390
10569.948   0.992737
10569.968   0.993216
10569.989   0.993683
10570.009   0.993952
10570.030   0.993882
10570.050   0.993439
10570.071   0.992798
10570.091   0.992303
10570.112   0.992327
10570.132   0.993054
10570.153   0.994336
10570.173   0.995770
10570.194   0.996864
10570.214   0.997286
10570.235   0.996951
10570.255   0.996077
10570.276   0.995012
10570.296   0.994176
10570.317   0.993841
10570.337   0.994088
10570.358   0.994679
10570.378   0.995208
10570.399   0.995244
10570.420   0.994629
10570.440   0.993521
10570.461   0.992364
10570.481   0.991576
10570.502   0.991358
10570.522   0.991628
10570.543   0.992177
10570.563   0.992837
10570.584   0.993515
10570.604   0.994127
10570.625   0.994501
10570.645   0.994449
10570.666   0.993923
10570.686   0.993093
10570.707   0.992281
10570.727   0.991781
10570.748   0.991736
10570.768   0.992094
10570.789   0.992681
10570.809   0.993297
10570.830   0.993768
10570.850   0.994011
10570.871   0.994027
10570.891   0.993912
10570.912   0.993807
10570.932   0.993792
10570.953   0.993859
10570.973   0.993883
10570.994   0.993744
10571.014   0.993366
10571.035   0.992819
10571.055   0.992258
10571.076   0.991892
10571.096   0.991840
10571.117   0.992082
10571.137   0.992419
10571.158   0.992585
10571.178   0.992367
10571.199   0.991739
10571.219   0.990910
10571.240   0.990244
10571.260   0.990116
10571.281   0.990702
10571.301   0.991964
10571.322   0.993594
10571.342   0.995219
10571.363   0.996430
10571.383   0.997007
10571.404   0.996866
10571.424   0.996161
10571.445   0.995200
10571.465   0.994395
10571.486   0.994111
10571.506   0.994478
10571.527   0.995360
10571.547   0.996344
10571.568   0.996993
10571.589   0.996968
10571.609   0.996220
10571.630   0.994944
10571.650   0.993524
10571.671   0.992402
10571.691   0.991897
10571.712   0.992095
10571.732   0.992806
10571.753   0.993657
10571.773   0.994261
10571.794   0.994336
10571.814   0.993837
10571.835   0.992896
10571.855   0.991805
10571.876   0.990837
10571.896   0.990185
10571.917   0.989893
10571.937   0.989904
10571.958   0.990109
10571.978   0.990379
10571.999   0.990584
10572.019   0.990588
10572.040   0.990333
10572.060   0.989864
10572.081   0.989415
10572.101   0.989275
10572.122   0.989703
10572.142   0.990706
10572.163   0.992065
10572.183   0.993333
10572.204   0.994088
10572.224   0.994057
10572.245   0.993330
10572.265   0.992253
10572.286   0.991338
10572.306   0.990935
10572.327   0.991122
10572.347   0.991666
10572.368   0.992212
10572.388   0.992493
10572.409   0.992416
10572.429   0.992107
10572.450   0.991718
10572.470   0.991407
10572.491   0.991199
10572.511   0.991131
10572.532   0.991197
10572.552   0.991428
10572.573   0.991758
10572.593   0.992057
10572.614   0.992174
10572.634   0.992059
10572.655   0.991903
10572.675   0.991967
10572.696   0.992514
10572.717   0.993480
10572.737   0.994622
10572.758   0.995488
10572.778   0.995810
10572.799   0.995494
10572.819   0.994778
10572.840   0.993958
10572.860   0.993349
10572.881   0.993110
10572.901   0.993344
10572.922   0.994021
10572.942   0.995024
10572.963   0.996057
10572.983   0.996763
10573.004   0.996823
10573.024   0.996208
10573.045   0.995181
10573.065   0.994226
10573.086   0.993743
10573.106   0.993916
10573.127   0.994609
10573.147   0.995539
10573.168   0.996389
10573.188   0.996980
10573.209   0.997230
10573.229   0.997169
10573.250   0.996837
10573.270   0.996341
10573.291   0.995795
10573.311   0.995364
10573.332   0.995153
10573.352   0.995185
10573.373   0.995339
10573.393   0.995379
10573.414   0.995114
10573.434   0.994490
10573.455   0.993715
10573.475   0.993093
10573.496   0.992921
10573.516   0.993256
10573.537   0.993960
10573.557   0.994765
10573.578   0.995441
10573.598   0.995882
10573.619   0.996052
10573.639   0.995968
10573.660   0.995633
10573.680   0.995099
10573.701   0.994489
10573.721   0.993971
10573.742   0.993707
10573.762   0.993698
10573.783   0.993860
10573.803   0.994019
10573.824   0.994109
10573.844   0.994164
10573.865   0.994294
10573.886   0.994587
10573.906   0.995019
10573.927   0.995514
10573.947   0.995959
10573.968   0.996308
10573.988   0.996533
10574.009   0.996654
10574.029   0.996669
10574.050   0.996590
10574.070   0.996430
10574.091   0.996231
10574.111   0.996021
10574.132   0.995782
10574.152   0.995469
10574.173   0.995040
10574.193   0.994537
10574.214   0.994075
10574.234   0.993834
10574.255   0.993943
10574.275   0.994434
10574.296   0.995183
10574.316   0.995944
10574.337   0.996387
10574.357   0.996222
10574.378   0.995349
10574.398   0.993961
10574.419   0.992524
10574.439   0.991581
10574.460   0.991538
10574.480   0.992470
10574.501   0.994086
10574.521   0.995859
10574.542   0.997217
10574.562   0.997775
10574.583   0.997452
10574.603   0.996524
10574.624   0.995434
10574.644   0.994571
10574.665   0.994083
10574.685   0.993878
10574.706   0.993779
10574.726   0.993683
10574.747   0.993656
10574.767   0.993831
10574.788   0.994296
10574.808   0.994949
10574.829   0.995545
10574.849   0.995746
10574.870   0.995360
10574.890   0.994435
10574.911   0.993350
10574.931   0.992613
10574.952   0.992642
10574.972   0.993488
10574.993   0.994843
10575.014   0.996181
10575.034   0.997030
10575.055   0.997135
10575.075   0.996549
10575.096   0.995546
10575.116   0.994527
10575.137   0.993815
10575.157   0.993596
10575.178   0.993824
10575.198   0.994352
10575.219   0.994992
10575.239   0.995616
10575.260   0.996129
10575.280   0.996377
10575.301   0.996245
10575.321   0.995651
10575.342   0.994789
10575.362   0.993910
10575.383   0.993345
10575.403   0.993200
10575.424   0.993469
10575.444   0.994000
10575.465   0.994688
10575.485   0.995405
10575.506   0.996002
10575.526   0.996266
10575.547   0.996024
10575.567   0.995277
10575.588   0.994264
10575.608   0.993390
10575.629   0.993002
10575.649   0.993200
10575.670   0.993743
10575.690   0.994241
10575.711   0.994335
10575.731   0.993992
10575.752   0.993436
10575.772   0.993056
10575.793   0.993040
10575.813   0.993332
10575.834   0.993617
10575.854   0.993659
10575.875   0.993435
10575.895   0.993206
10575.916   0.993267
10575.936   0.993737
10575.957   0.994424
10575.977   0.994904
10575.998   0.994815
10576.018   0.994013
10576.039   0.992757
10576.059   0.991489
10576.080   0.990727
10576.100   0.990731
10576.121   0.991543
10576.141   0.992900
10576.162   0.994413
10576.183   0.995646
10576.203   0.996258
10576.224   0.996105
10576.244   0.995275
10576.265   0.994127
10576.285   0.993124
10576.306   0.992710
10576.326   0.993016
10576.347   0.993865
10576.367   0.994796
10576.388   0.995376
10576.408   0.995380
10576.429   0.994911
10576.449   0.994250
10576.470   0.993693
10576.490   0.993377
10576.511   0.993294
10576.531   0.993346
10576.552   0.993394
10576.572   0.993250
10576.593   0.992657
10576.613   0.991446
10576.634   0.989623
10576.654   0.987518
10576.675   0.985588
10576.695   0.984337
10576.716   0.984035
10576.736   0.984756
10576.757   0.986319
10576.777   0.988370
10576.798   0.990507
10576.818   0.992356
10576.839   0.993756
10576.859   0.994613
10576.880   0.994964
10576.900   0.994817
10576.921   0.994308
10576.941   0.993639
10576.962   0.993133
10576.982   0.993030
10577.003   0.993413
10577.023   0.994111
10577.044   0.994834
10577.064   0.995283
10577.085   0.995334
10577.105   0.995047
10577.126   0.994671
10577.146   0.994493
10577.167   0.994723
10577.187   0.995341
10577.208   0.996054
10577.228   0.996434
10577.249   0.996142
10577.269   0.995274
10577.290   0.994298
10577.311   0.993919
10577.331   0.994549
10577.352   0.996133
10577.372   0.998062
10577.393   0.999569
10577.413   1.000065
10577.434   0.999400
10577.454   0.997859
10577.475   0.995994
10577.495   0.994428
10577.516   0.993599
10577.536   0.993630
10577.557   0.994306
10577.577   0.995186
10577.598   0.995883
10577.618   0.996158
10577.639   0.996060
10577.659   0.995676
10577.680   0.995193
10577.700   0.994626
10577.721   0.994036
10577.741   0.993317
10577.762   0.992520
10577.782   0.991689
10577.803   0.991115
10577.823   0.991021
10577.844   0.991551
10577.864   0.992500
10577.885   0.993432
10577.905   0.993912
10577.926   0.993736
10577.946   0.993083
10577.967   0.992274
10577.987   0.991635
10578.008   0.991318
10578.028   0.991388
10578.049   0.991807
10578.069   0.992419
10578.090   0.992910
10578.110   0.992959
10578.131   0.992433
10578.151   0.991621
10578.172   0.991018
10578.192   0.991102
10578.213   0.991850
10578.233   0.992902
10578.254   0.993644
10578.274   0.993790
10578.295   0.993369
10578.315   0.992830
10578.336   0.992567
10578.356   0.992807
10578.377   0.993358
10578.397   0.993842
10578.418   0.993863
10578.438   0.993293
10578.459   0.992386
10578.480   0.991568
10578.500   0.991265
10578.521   0.991534
10578.541   0.992190
10578.562   0.992817
10578.582   0.993109
10578.603   0.992891
10578.623   0.992215
10578.644   0.991283
10578.664   0.990368
10578.685   0.989790
10578.705   0.989726
10578.726   0.990217
10578.746   0.991032
10578.767   0.991897
10578.787   0.992556
10578.808   0.992947
10578.828   0.993124
10578.849   0.993189
10578.869   0.993211
10578.890   0.993188
10578.910   0.993110
10578.931   0.992912
10578.951   0.992557
10578.972   0.992006
10578.992   0.991381
10579.013   0.990848
10579.033   0.990639
10579.054   0.990803
10579.074   0.991287
10579.095   0.991947
10579.115   0.992748
10579.136   0.993740
10579.156   0.994919
10579.177   0.996129
10579.197   0.997032
10579.218   0.997338
10579.238   0.996946
10579.259   0.996071
10579.279   0.995057
10579.300   0.994233
10579.320   0.993801
10579.341   0.993877
10579.361   0.994536
10579.382   0.995702
10579.402   0.997096
10579.423   0.998167
10579.443   0.998385
10579.464   0.997550
10579.484   0.996002
10579.505   0.994478
10579.525   0.993600
10579.546   0.993562
10579.566   0.993934
10579.587   0.994128
10579.608   0.993683
10579.628   0.992645
10579.649   0.991347
10579.669   0.990217
10579.690   0.989481
10579.710   0.989158
10579.731   0.989119
10579.751   0.989244
10579.772   0.989513
10579.792   0.989969
10579.813   0.990668
10579.833   0.991531
10579.854   0.992382
10579.874   0.992968
10579.895   0.993111
10579.915   0.992751
10579.936   0.991979
10579.956   0.991000
10579.977   0.990095
10579.997   0.989547
10580.018   0.989586
10580.038   0.990259
10580.059   0.991437
10580.079   0.992824
10580.100   0.994150
10580.120   0.995167
10580.141   0.995686
10580.161   0.995520
10580.182   0.994543
10580.202   0.992829
10580.223   0.990739
10580.243   0.988927
10580.264   0.988097
10580.284   0.988695
10580.305   0.990593
10580.325   0.993081
10580.346   0.995123
10580.366   0.995819
10580.387   0.994826
10580.407   0.992579
10580.428   0.989981
10580.448   0.987976
10580.469   0.987032
10580.489   0.987124
10580.510   0.987877
10580.530   0.988899
10580.551   0.989926
10580.571   0.990798
10580.592   0.991398
10580.612   0.991660
10580.633   0.991601
10580.653   0.991374
10580.674   0.991120
10580.694   0.990972
10580.715   0.990922
10580.735   0.990990
10580.756   0.991178
10580.777   0.991563
10580.797   0.992193
10580.818   0.993065
10580.838   0.994074
10580.859   0.995017
10580.879   0.995652
10580.900   0.995772
10580.920   0.995306
10580.941   0.994406
10580.961   0.993351
10580.982   0.992498
10581.002   0.992069
10581.023   0.992192
10581.043   0.992799
10581.064   0.993753
10581.084   0.994801
10581.105   0.995683
10581.125   0.996156
10581.146   0.996137
10581.166   0.995703
10581.187   0.995091
10581.207   0.994549
10581.228   0.994264
10581.248   0.994254
10581.269   0.994390
10581.289   0.994439
10581.310   0.994185
10581.330   0.993546
10581.351   0.992679
10581.371   0.991990
10581.392   0.991943
10581.412   0.992800
10581.433   0.994439
10581.453   0.996273
10581.474   0.997585
10581.494   0.997795
10581.515   0.996891
10581.535   0.995341
10581.556   0.993967
10581.576   0.993493
10581.597   0.994208
10581.617   0.995813
10581.638   0.997557
10581.658   0.998688
10581.679   0.998801
10581.699   0.998043
10581.720   0.996902
10581.740   0.995873
10581.761   0.995138
10581.781   0.994506
10581.802   0.993659
10581.822   0.992418
10581.843   0.990977
10581.863   0.989763
10581.884   0.989177
10581.905   0.989314
10581.925   0.989937
10581.946   0.990701
10581.966   0.991381
10581.987   0.991936
10582.007   0.992396
10582.028   0.992688
10582.048   0.992692
10582.069   0.992339
10582.089   0.991791
10582.110   0.991330
10582.130   0.991168
10582.151   0.991288
10582.171   0.991459
10582.192   0.991479
10582.212   0.991264
10582.233   0.990932
10582.253   0.990636
10582.274   0.990525
10582.294   0.990698
10582.315   0.991225
10582.335   0.992132
10582.356   0.993272
10582.376   0.994371
10582.397   0.995078
10582.417   0.995222
10582.438   0.994836
10582.458   0.994155
10582.479   0.993440
10582.499   0.992944
10582.520   0.992903
10582.540   0.993541
10582.561   0.994886
10582.581   0.996688
10582.602   0.998340
10582.622   0.999162
10582.643   0.998698
10582.663   0.996969
10582.684   0.994494
10582.704   0.991991
10582.725   0.990224
10582.745   0.989558
10582.766   0.990024
10582.786   0.991153
10582.807   0.992375
10582.827   0.993168
10582.848   0.993386
10582.868   0.993215
10582.889   0.992989
10582.909   0.992976
10582.930   0.993195
10582.950   0.993540
10582.971   0.993835
10582.991   0.994015
10583.012   0.994057
10583.032   0.993980
10583.053   0.993728
10583.074   0.993240
10583.094   0.992488
10583.115   0.991585
10583.135   0.990790
10583.156   0.990379
10583.176   0.990568
10583.197   0.991218
10583.217   0.992014
10583.238   0.992370
10583.258   0.991982
10583.279   0.990820
10583.299   0.989380
10583.320   0.988316
10583.340   0.988167
10583.361   0.989056
10583.381   0.990582
10583.402   0.992126
10583.422   0.993047
10583.443   0.993161
10583.463   0.992549
10583.484   0.991624
10583.504   0.990728
10583.525   0.990189
10583.545   0.990144
10583.566   0.990570
10583.586   0.991185
10583.607   0.991494
10583.627   0.991053
10583.648   0.989811
10583.668   0.988228
10583.689   0.987112
10583.709   0.987056
10583.730   0.988194
10583.750   0.989982
10583.771   0.991624
10583.791   0.992340
10583.812   0.991814
10583.832   0.990280
10583.853   0.988387
10583.873   0.986973
10583.894   0.986581
10583.914   0.987312
10583.935   0.988762
10583.955   0.990313
10583.976   0.991435
10583.996   0.991811
10584.017   0.991465
10584.037   0.990532
10584.058   0.989326
10584.078   0.988102
10584.099   0.987170
10584.119   0.986731
10584.140   0.986980
10584.160   0.987923
10584.181   0.989391
10584.202   0.990929
10584.222   0.991997
10584.243   0.992150
10584.263   0.991358
10584.284   0.990021
10584.304   0.988806
10584.325   0.988278
10584.345   0.988578
10584.366   0.989461
10584.386   0.990482
10584.407   0.991360
10584.427   0.992067
10584.448   0.992719
10584.468   0.993374
10584.489   0.993909
10584.509   0.994188
10584.530   0.994166
10584.550   0.993992
10584.571   0.993899
10584.591   0.994088
10584.612   0.994648
10584.632   0.995490
10584.653   0.996428
10584.673   0.997227
10584.694   0.997771
10584.714   0.998071
10584.735   0.998197
10584.755   0.998089
10584.776   0.997550
10584.796   0.996385
10584.817   0.994651
10584.837   0.992694
10584.858   0.990971
10584.878   0.989837
10584.899   0.989337
10584.919   0.989337
10584.940   0.989571
10584.960   0.989850
10584.981   0.990006
10585.001   0.989933
10585.022   0.989547
10585.042   0.988817
10585.063   0.987856
10585.083   0.986901
10585.104   0.986291
10585.124   0.986237
10585.145   0.986742
10585.165   0.987514
10585.186   0.988219
10585.206   0.988630
10585.227   0.988815
10585.247   0.988946
10585.268   0.989187
10585.288   0.989559
10585.309   0.990016
10585.329   0.990593
10585.350   0.991303
10585.371   0.992149
10585.391   0.992917
10585.412   0.993376
10585.432   0.993312
10585.453   0.992736
10585.473   0.991851
10585.494   0.990965
10585.514   0.990374
10585.535   0.990207
10585.555   0.990446
10585.576   0.990921
10585.596   0.991455
10585.617   0.991892
10585.637   0.992154
10585.658   0.992212
10585.678   0.992054
10585.699   0.991713
10585.719   0.991225
10585.740   0.990644
10585.760   0.989945
10585.781   0.989123
10585.801   0.988230
10585.822   0.987386
10585.842   0.986707
10585.863   0.986126
10585.883   0.985517
10585.904   0.984731
10585.924   0.983915
10585.945   0.983298
10585.965   0.983070
10585.986   0.983057
10586.006   0.982837
10586.027   0.981992
10586.047   0.980417
10586.068   0.978400
10586.088   0.976411
10586.109   0.974887
10586.129   0.974026
10586.150   0.973844
10586.170   0.974203
10586.191   0.974942
10586.211   0.975897
10586.232   0.976945
10586.252   0.977982
10586.273   0.978954
10586.293   0.979903
10586.314   0.980980
10586.334   0.982377
10586.355   0.984187
10586.375   0.986271
10586.396   0.988281
10586.416   0.989805
10586.437   0.990546
10586.457   0.990474
10586.478   0.989824
10586.499   0.988956
10586.519   0.988184
10586.540   0.987636
10586.560   0.987374
10586.581   0.987411
10586.601   0.987840
10586.622   0.988634
10586.642   0.989583
10586.663   0.990268
10586.683   0.990279
10586.704   0.989565
10586.724   0.988430
10586.745   0.987511
10586.765   0.987307
10586.786   0.988049
10586.806   0.989536
10586.827   0.991349
10586.847   0.992938
10586.868   0.993825
10586.888   0.993655
10586.909   0.992520
10586.929   0.990910
10586.950   0.989709
10586.970   0.989536
10586.991   0.990542
10587.011   0.992116
10587.032   0.993494
10587.052   0.994075
10587.073   0.993830
10587.093   0.993084
10587.114   0.992320
10587.134   0.991876
10587.155   0.991878
10587.175   0.992194
10587.196   0.992579
10587.216   0.992779
10587.237   0.992687
10587.257   0.992342
10587.278   0.991876
10587.298   0.991373
10587.319   0.990844
10587.339   0.990269
10587.360   0.989677
10587.380   0.989199
10587.401   0.988941
10587.421   0.989018
10587.442   0.989439
10587.462   0.990234
10587.483   0.991268
10587.503   0.992364
10587.524   0.993192
10587.544   0.993554
10587.565   0.993353
10587.585   0.992735
10587.606   0.991935
10587.626   0.991211
10587.647   0.990779
10587.668   0.990815
10587.688   0.991515
10587.709   0.992879
10587.729   0.994692
10587.750   0.996328
10587.770   0.997230
10587.791   0.997117
10587.811   0.996365
10587.832   0.995572
10587.852   0.995196
10587.873   0.995186
10587.893   0.995290
10587.914   0.995445
10587.934   0.995939
10587.955   0.997059
10587.975   0.998678
10587.996   1.000115
10588.016   1.000569
10588.037   0.999570
10588.057   0.997389
10588.078   0.994738
10588.098   0.992515
10588.119   0.991328
10588.139   0.991395
10588.160   0.992424
10588.180   0.993812
10588.201   0.994900
10588.221   0.995311
10588.242   0.995067
10588.262   0.994571
10588.283   0.994243
10588.303   0.994319
10588.324   0.994651
10588.344   0.994947
10588.365   0.994971
10588.385   0.994631
10588.406   0.993937
10588.426   0.992863
10588.447   0.991465
10588.467   0.989940
10588.488   0.988652
10588.508   0.988037
10588.529   0.988302
10588.549   0.989431
10588.570   0.990995
10588.590   0.992440
10588.611   0.993140
10588.631   0.992828
10588.652   0.991615
10588.672   0.990031
10588.693   0.988664
10588.713   0.987910
10588.734   0.987811
10588.754   0.988218
10588.775   0.988917
10588.796   0.989785
10588.816   0.990629
10588.837   0.991221
10588.857   0.991302
10588.878   0.990805
10588.898   0.989968
10588.919   0.989194
10588.939   0.988844
10588.960   0.988901
10588.980   0.989119
10589.001   0.989182
10589.021   0.989045
10589.042   0.988885
10589.062   0.988915
10589.083   0.989138
10589.103   0.989319
10589.124   0.989269
10589.144   0.989031
10589.165   0.988923
10589.185   0.989209
10589.206   0.989823
10589.226   0.990370
10589.247   0.990413
10589.267   0.989920
10589.288   0.989260
10589.308   0.988996
10589.329   0.989376
10589.349   0.990240
10589.370   0.991140
10589.390   0.991696
10589.411   0.991749
10589.431   0.991380
10589.452   0.990725
10589.472   0.989969
10589.493   0.989253
10589.513   0.988800
10589.534   0.988754
10589.554   0.989270
10589.575   0.990226
10589.595   0.991485
10589.616   0.992705
10589.636   0.993748
10589.657   0.994446
10589.677   0.994941
10589.698   0.995204
10589.718   0.995216
10589.739   0.994715
10589.759   0.993660
10589.780   0.992250
10589.800   0.990953
10589.821   0.990189
10589.841   0.990029
10589.862   0.990249
10589.882   0.990527
10589.903   0.990828
10589.923   0.991345
10589.944   0.992285
10589.965   0.993532
10589.985   0.994661
10590.006   0.995206
10590.026   0.994924
10590.047   0.993991
10590.067   0.992848
10590.088   0.992043
10590.108   0.991997
10590.129   0.992796
10590.149   0.994265
10590.170   0.995828
10590.190   0.996923
10590.211   0.996997
10590.231   0.995985
10590.252   0.994167
10590.272   0.992181
10590.293   0.990593
10590.313   0.989704
10590.334   0.989428
10590.354   0.989504
10590.375   0.989648
10590.395   0.989791
10590.416   0.989929
10590.436   0.990174
10590.457   0.990480
10590.477   0.990785
10590.498   0.990895
10590.518   0.990728
10590.539   0.990296
10590.559   0.989743
10590.580   0.989277
10590.600   0.989039
10590.621   0.989137
10590.641   0.989533
10590.662   0.990159
10590.682   0.990805
10590.703   0.991262
10590.723   0.991325
10590.744   0.990953
10590.764   0.990269
10590.785   0.989496
10590.805   0.988791
10590.826   0.988151
10590.846   0.987552
10590.867   0.987025
10590.887   0.986804
10590.908   0.987054
10590.928   0.987780
10590.949   0.988609
10590.969   0.989151
10590.990   0.989169
10591.010   0.988828
10591.031   0.988469
10591.051   0.988343
10591.072   0.988446
10591.093   0.988588
10591.113   0.988650
10591.134   0.988651
10591.154   0.988675
10591.175   0.988797
10591.195   0.988990
10591.216   0.989344
10591.236   0.989831
10591.257   0.990421
10591.277   0.990741
10591.298   0.990519
10591.318   0.989647
10591.339   0.988591
10591.359   0.988007
10591.380   0.988430
10591.400   0.989858
10591.421   0.991724
10591.441   0.993362
10591.462   0.994245
10591.482   0.994394
10591.503   0.993977
10591.523   0.993403
10591.544   0.992882
10591.564   0.992658
10591.585   0.992791
10591.605   0.993285
10591.626   0.993998
10591.646   0.994767
10591.667   0.995467
10591.687   0.995992
10591.708   0.996176
10591.728   0.995826
10591.749   0.994821
10591.769   0.993365
10591.790   0.991992
10591.810   0.991339
10591.831   0.991827
10591.851   0.993254
10591.872   0.994974
10591.892   0.995990
10591.913   0.995677
10591.933   0.993898
10591.954   0.991315
10591.974   0.988903
10591.995   0.987550
10592.015   0.987532
10592.036   0.988386
10592.056   0.989413
10592.077   0.990096
10592.097   0.990472
10592.118   0.990804
10592.138   0.991173
10592.159   0.991382
10592.179   0.991075
10592.200   0.990274
10592.220   0.989285
10592.241   0.988667
10592.262   0.988674
10592.282   0.989180
10592.303   0.989675
10592.323   0.989743
10592.344   0.989339
10592.364   0.988902
10592.385   0.988969
10592.405   0.989818
10592.426   0.991268
10592.446   0.992922
10592.467   0.994377
10592.487   0.995434
10592.508   0.995957
10592.528   0.995901
10592.549   0.995237
10592.569   0.994204
10592.590   0.993154
10592.610   0.992483
10592.631   0.992341
10592.651   0.992677
10592.672   0.993295
10592.692   0.993973
10592.713   0.994366
10592.733   0.994106
10592.754   0.992844
10592.774   0.990798
10592.795   0.988555
10592.815   0.987083
10592.836   0.986906
10592.856   0.988017
10592.877   0.989777
10592.897   0.991467
10592.918   0.992585
10592.938   0.992886
10592.959   0.992342
10592.979   0.991120
10593.000   0.989658
10593.020   0.988588
10593.041   0.988418
10593.061   0.989232
10593.082   0.990632
10593.102   0.991979
10593.123   0.992828
10593.143   0.993074
10593.164   0.992898
10593.184   0.992462
10593.205   0.991795
10593.225   0.990815
10593.246   0.989533
10593.266   0.988195
10593.287   0.987212
10593.307   0.986967
10593.328   0.987489
10593.348   0.988465
10593.369   0.989325
10593.390   0.989659
10593.410   0.989270
10593.431   0.988330
10593.451   0.987209
10593.472   0.986345
10593.492   0.986049
10593.513   0.986370
10593.533   0.987105
10593.554   0.987940
10593.574   0.988602
10593.595   0.989023
10593.615   0.989204
10593.636   0.989172
10593.656   0.988860
10593.677   0.988234
10593.697   0.987436
10593.718   0.986774
10593.738   0.986607
10593.759   0.987012
10593.779   0.987942
10593.800   0.989151
10593.820   0.990613
10593.841   0.992105
10593.861   0.993421
10593.882   0.994025
10593.902   0.993686
10593.923   0.992488
10593.943   0.991050
10593.964   0.990017
10593.984   0.989736
10594.005   0.990222
10594.025   0.991385
10594.046   0.993184
10594.066   0.995510
10594.087   0.997884
10594.107   0.999643
10594.128   1.000283
10594.148   0.999802
10594.169   0.998680
10594.189   0.997369
10594.210   0.996202
10594.230   0.995130
10594.251   0.994115
10594.271   0.993134
10594.292   0.992291
10594.312   0.991632
10594.333   0.991097
10594.353   0.990500
10594.374   0.989691
10594.394   0.988658
10594.415   0.987628
10594.435   0.986938
10594.456   0.986854
10594.476   0.987440
10594.497   0.988491
10594.517   0.989642
10594.538   0.990513
10594.559   0.990816
10594.579   0.990467
10594.600   0.989596
10594.620   0.988542
10594.641   0.987766
10594.661   0.987606
10594.682   0.988233
10594.702   0.989437
10594.723   0.990831
10594.743   0.991882
10594.764   0.992170
10594.784   0.991628
10594.805   0.990501
10594.825   0.989368
10594.846   0.988656
10594.866   0.988564
10594.887   0.988879
10594.907   0.989239
10594.928   0.989384
10594.948   0.989318
10594.969   0.989324
10594.989   0.989636
10595.010   0.990348
10595.030   0.991367
10595.051   0.992537
10595.071   0.993641
10595.092   0.994380
10595.112   0.994350
10595.133   0.993457
10595.153   0.991908
10595.174   0.990590
10595.194   0.990241
10595.215   0.991390
10595.235   0.993518
10595.256   0.995770
10595.276   0.997019
10595.297   0.996789
10595.317   0.995097
10595.338   0.992631
10595.358   0.990165
10595.379   0.988485
10595.399   0.987990
10595.420   0.988779
10595.440   0.990400
10595.461   0.992144
10595.481   0.993212
10595.502   0.993269
10595.522   0.992460
10595.543   0.991288
10595.563   0.990259
10595.584   0.989725
10595.604   0.989868
10595.625   0.990634
10595.645   0.991747
10595.666   0.992655
10595.687   0.992921
10595.707   0.992416
10595.728   0.991474
10595.748   0.990552
10595.769   0.989950
10595.789   0.989685
10595.810   0.989731
10595.830   0.990120
10595.851   0.990935
10595.871   0.991969
10595.892   0.992777
10595.912   0.992971
10595.933   0.992538
10595.953   0.992009
10595.974   0.991746
10595.994   0.991981
10596.015   0.992314
10596.035   0.992620
10596.056   0.992707
10596.076   0.992729
10596.097   0.992618
