10473.000   0.989569
10473.021   0.989749
10473.041   0.990078
10473.062   0.990441
10473.082   0.990705
10473.103   0.990778
10473.123   0.990641
10473.144   0.990348
10473.164   0.990035
10473.185   0.989857
10473.205   0.989957
10473.226   0.990373
10473.246   0.991033
10473.267   0.991735
10473.287   0.992263
10473.308   0.992437
10473.328   0.992246
10473.349   0.991806
10473.369   0.991349
10473.390   0.991107
10473.410   0.991243
10473.431   0.991739
10473.451   0.992415
10473.472   0.992983
10473.492   0.993187
10473.513   0.992903
10473.533   0.992225
10473.554   0.991433
10473.574   0.990901
10473.595   0.990957
10473.615   0.991743
10473.636   0.993146
10473.656   0.994844
10473.677   0.996405
10473.697   0.997430
10473.718   0.997697
10473.739   0.997244
10473.759   0.996324
10473.780   0.995286
10473.800   0.994417
10473.821   0.993873
10473.841   0.993648
10473.862   0.993615
10473.882   0.993592
10473.903   0.993441
10473.923   0.993128
10473.944   0.992740
10473.964   0.992434
10473.985   0.992359
10474.005   0.992534
10474.026   0.992861
10474.046   0.993162
10474.067   0.993312
10474.087   0.993295
10474.108   0.993253
10474.128   0.993369
10474.149   0.993776
10474.169   0.994384
10474.190   0.994957
10474.210   0.995168
10474.231   0.994819
10474.251   0.993898
10474.272   0.992654
10474.292   0.991456
10474.313   0.990706
10474.333   0.990602
10474.354   0.991111
10474.374   0.991943
10474.395   0.992744
10474.415   0.993192
10474.436   0.993171
10474.457   0.992750
10474.477   0.992174
10474.498   0.991670
10474.518   0.991389
10474.539   0.991295
10474.559   0.991274
10474.580   0.991186
10474.600   0.990981
10474.621   0.990670
10474.641   0.990305
10474.662   0.989903
10474.682   0.989411
10474.703   0.988709
10474.723   0.987694
10474.744   0.986386
10474.764   0.984950
10474.785   0.983697
10474.805   0.982930
10474.826   0.982862
10474.846   0.983481
10474.867   0.984579
10474.887   0.985779
10474.908   0.986703
10474.928   0.987088
10474.949   0.986907
10474.969   0.986340
10474.990   0.985706
10475.010   0.985313
10475.031   0.985340
10475.051   0.985768
10475.072   0.986389
10475.092   0.986930
10475.113   0.987190
10475.134   0.987131
10475.154   0.986889
10475.175   0.986682
10475.195   0.986685
10475.216   0.986937
10475.236   0.987345
10475.257   0.987739
10475.277   0.987973
10475.298   0.988008
10475.318   0.987944
10475.339   0.987937
10475.359   0.988112
10475.380   0.988474
10475.400   0.988915
10475.421   0.989250
10475.441   0.989311
10475.462   0.989028
10475.482   0.988510
10475.503   0.987977
10475.523   0.987703
10475.544   0.987852
10475.564   0.988458
10475.585   0.989371
10475.605   0.990391
10475.626   0.991330
10475.646   0.992143
10475.667   0.992873
10475.687   0.993637
10475.708   0.994477
10475.728   0.995375
10475.749   0.996212
10475.769   0.996859
10475.790   0.997174
10475.810   0.997064
10475.831   0.996482
10475.852   0.995491
10475.872   0.994243
10475.893   0.992991
10475.913   0.991994
10475.934   0.991446
10475.954   0.991366
10475.975   0.991637
10475.995   0.992015
10476.016   0.992295
10476.036   0.992304
10476.057   0.991986
10476.077   0.991325
10476.098   0.990381
10476.118   0.989235
10476.139   0.988058
10476.159   0.987045
10476.180   0.986399
10476.200   0.986244
10476.221   0.986597
10476.241   0.987354
10476.262   0.988361
10476.282   0.989473
10476.303   0.990584
10476.323   0.991583
10476.344   0.992352
10476.364   0.992764
10476.385   0.992745
10476.405   0.992287
10476.426   0.991475
10476.446   0.990482
10476.467   0.989513
10476.487   0.988739
10476.508   0.988265
10476.528   0.988122
10476.549   0.988299
10476.570   0.988731
10476.590   0.989318
10476.611   0.989932
10476.631   0.990451
10476.652   0.990779
10476.672   0.990901
10476.693   0.990880
10476.713   0.990828
10476.734   0.990869
10476.754   0.991085
10476.775   0.991481
10476.795   0.991982
10476.816   0.992477
10476.836   0.992856
10476.857   0.993070
10476.877   0.993123
10476.898   0.993051
10476.918   0.992873
10476.939   0.992570
10476.959   0.992122
10476.980   0.991541
10477.000   0.990922
10477.021   0.990411
10477.041   0.990184
10477.062   0.990357
10477.082   0.990928
10477.103   0.991732
10477.123   0.992501
10477.144   0.992961
10477.164   0.992960
10477.185   0.992539
10477.205   0.991908
10477.226   0.991349
10477.246   0.991084
10477.267   0.991196
10477.288   0.991624
10477.308   0.992226
10477.329   0.992850
10477.349   0.993380
10477.370   0.993743
10477.390   0.993897
10477.411   0.993853
10477.431   0.993678
10477.452   0.993487
10477.472   0.993426
10477.493   0.993598
10477.513   0.994005
10477.534   0.994519
10477.554   0.994949
10477.575   0.995154
10477.595   0.995129
10477.616   0.995026
10477.636   0.995062
10477.657   0.995395
10477.677   0.996016
10477.698   0.996737
10477.718   0.997270
10477.739   0.997383
10477.759   0.996991
10477.780   0.996201
10477.800   0.995227
10477.821   0.994345
10477.841   0.993773
10477.862   0.993651
10477.882   0.993927
10477.903   0.994435
10477.923   0.994881
10477.944   0.995004
10477.965   0.994638
10477.985   0.993861
10478.006   0.992897
10478.026   0.992032
10478.047   0.991461
10478.067   0.991241
10478.088   0.991312
10478.108   0.991582
10478.129   0.992016
10478.149   0.992622
10478.170   0.993405
10478.190   0.994290
10478.211   0.995115
10478.231   0.995692
10478.252   0.995882
10478.272   0.995672
10478.293   0.995192
10478.313   0.994677
10478.334   0.994343
10478.354   0.994326
10478.375   0.994615
10478.395   0.995139
10478.416   0.995784
10478.436   0.996456
10478.457   0.997071
10478.477   0.997559
10478.498   0.997838
10478.518   0.997845
10478.539   0.997571
10478.559   0.997054
10478.580   0.996390
10478.600   0.995688
10478.621   0.995058
10478.641   0.994601
10478.662   0.994379
10478.683   0.994385
10478.703   0.994537
10478.724   0.994707
10478.744   0.994756
10478.765   0.994602
10478.785   0.994256
10478.806   0.993823
10478.826   0.993462
10478.847   0.993324
10478.867   0.993492
10478.888   0.993948
10478.908   0.994580
10478.929   0.995227
10478.949   0.995759
10478.970   0.996125
10478.990   0.996348
10479.011   0.996459
10479.031   0.996427
10479.052   0.996155
10479.072   0.995568
10479.093   0.994698
10479.113   0.993732
10479.134   0.992954
10479.154   0.992599
10479.175   0.992747
10479.195   0.993279
10479.216   0.993958
10479.236   0.994534
10479.257   0.994845
10479.277   0.994822
10479.298   0.994446
10479.318   0.993741
10479.339   0.992800
10479.359   0.991810
10479.380   0.991043
10479.401   0.990761
10479.421   0.991109
10479.442   0.991983
10479.462   0.993043
10479.483   0.993811
10479.503   0.993912
10479.524   0.993201
10479.544   0.991885
10479.565   0.990392
10479.585   0.989254
10479.606   0.988849
10479.626   0.989314
10479.647   0.990430
10479.667   0.991798
10479.688   0.992951
10479.708   0.993601
10479.729   0.993645
10479.749   0.993198
10479.770   0.992477
10479.790   0.991716
10479.811   0.991061
10479.831   0.990576
10479.852   0.990273
10479.872   0.990156
10479.893   0.990249
10479.913   0.990556
10479.934   0.991054
10479.954   0.991625
10479.975   0.992089
10479.995   0.992223
10480.016   0.991896
10480.036   0.991122
10480.057   0.990102
10480.077   0.989146
10480.098   0.988562
10480.119   0.988527
10480.139   0.989012
10480.160   0.989799
10480.180   0.990610
10480.201   0.991230
10480.221   0.991586
10480.242   0.991744
10480.262   0.991837
10480.283   0.991965
10480.303   0.992131
10480.324   0.992243
10480.344   0.992186
10480.365   0.991898
10480.385   0.991448
10480.406   0.990998
10480.426   0.990728
10480.447   0.990740
10480.467   0.991018
10480.488   0.991449
10480.508   0.991874
10480.529   0.992174
10480.549   0.992312
10480.570   0.992352
10480.590   0.992403
10480.611   0.992560
10480.631   0.992845
10480.652   0.993198
10480.672   0.993494
10480.693   0.993598
10480.713   0.993434
10480.734   0.993037
10480.754   0.992536
10480.775   0.992101
10480.796   0.991859
10480.816   0.991842
10480.837   0.991981
10480.857   0.992180
10480.878   0.992338
10480.898   0.992425
10480.919   0.992438
10480.939   0.992429
10480.960   0.992425
10480.980   0.992462
10481.001   0.992543
10481.021   0.992679
10481.042   0.992844
10481.062   0.993000
10481.083   0.993070
10481.103   0.992982
10481.124   0.992694
10481.144   0.992241
10481.165   0.991723
10481.185   0.991273
10481.206   0.990996
10481.226   0.990914
10481.247   0.990971
10481.267   0.991072
10481.288   0.991183
10481.308   0.991332
10481.329   0.991616
10481.349   0.992092
10481.370   0.992731
10481.390   0.993345
10481.411   0.993718
10481.431   0.993677
10481.452   0.993271
10481.472   0.992714
10481.493   0.992326
10481.514   0.992331
10481.534   0.992761
10481.555   0.993406
10481.575   0.993938
10481.596   0.994088
10481.616   0.993769
10481.637   0.993124
10481.657   0.992403
10481.678   0.991877
10481.698   0.991682
10481.719   0.991845
10481.739   0.992231
10481.760   0.992697
10481.780   0.993088
10481.801   0.993373
10481.821   0.993556
10481.842   0.993717
10481.862   0.993892
10481.883   0.994078
10481.903   0.994192
10481.924   0.994150
10481.944   0.993909
10481.965   0.993530
10481.985   0.993150
10482.006   0.992933
10482.026   0.992969
10482.047   0.993220
10482.067   0.993547
10482.088   0.993803
10482.108   0.993928
10482.129   0.993976
10482.149   0.994071
10482.170   0.994310
10482.190   0.994691
10482.211   0.995095
10482.232   0.995361
10482.252   0.995353
10482.273   0.995065
10482.293   0.994623
10482.314   0.994255
10482.334   0.994187
10482.355   0.994550
10482.375   0.995298
10482.396   0.996212
10482.416   0.996953
10482.437   0.997204
10482.457   0.996797
10482.478   0.995791
10482.498   0.994440
10482.519   0.993088
10482.539   0.992023
10482.560   0.991395
10482.580   0.991187
10482.601   0.991270
10482.621   0.991492
10482.642   0.991738
10482.662   0.991974
10482.683   0.992191
10482.703   0.992399
10482.724   0.992556
10482.744   0.992646
10482.765   0.992648
10482.785   0.992596
10482.806   0.992520
10482.826   0.992446
10482.847   0.992370
10482.867   0.992290
10482.888   0.992198
10482.908   0.992087
10482.929   0.991962
10482.950   0.991860
10482.970   0.991860
10482.991   0.992059
10483.011   0.992536
10483.032   0.993282
10483.052   0.994161
10483.073   0.994937
10483.093   0.995350
10483.114   0.995258
10483.134   0.994711
10483.155   0.993977
10483.175   0.993405
10483.196   0.993278
10483.216   0.993624
10483.237   0.994225
10483.257   0.994715
10483.278   0.994800
10483.298   0.994388
10483.319   0.993662
10483.339   0.992952
10483.360   0.992564
10483.380   0.992608
10483.401   0.992988
10483.421   0.993482
10483.442   0.993901
10483.462   0.994172
10483.483   0.994326
10483.503   0.994436
10483.524   0.994522
10483.544   0.994568
10483.565   0.994519
10483.585   0.994366
10483.606   0.994128
10483.627   0.993879
10483.647   0.993668
10483.668   0.993532
10483.688   0.993451
10483.709   0.993394
10483.729   0.993314
10483.750   0.993200
10483.770   0.993113
10483.791   0.993199
10483.811   0.993631
10483.832   0.994498
10483.852   0.995677
10483.873   0.996810
10483.893   0.997448
10483.914   0.997274
10483.934   0.996309
10483.955   0.994926
10483.975   0.993642
10483.996   0.992881
10484.016   0.992837
10484.037   0.993448
10484.057   0.994468
10484.078   0.995555
10484.098   0.996368
10484.119   0.996656
10484.139   0.996346
10484.160   0.995597
10484.180   0.994726
10484.201   0.994077
10484.221   0.993800
10484.242   0.993864
10484.262   0.994069
10484.283   0.994249
10484.303   0.994305
10484.324   0.994268
10484.345   0.994184
10484.365   0.994085
10484.386   0.993936
10484.406   0.993703
10484.427   0.993391
10484.447   0.993091
10484.468   0.992917
10484.488   0.992956
10484.509   0.993198
10484.529   0.993544
10484.550   0.993867
10484.570   0.994084
10484.591   0.994203
10484.611   0.994303
10484.632   0.994480
10484.652   0.994757
10484.673   0.995092
10484.693   0.995380
10484.714   0.995544
10484.734   0.995523
10484.755   0.995317
10484.775   0.994897
10484.796   0.994258
10484.816   0.993395
10484.837   0.992424
10484.857   0.991569
10484.878   0.991135
10484.898   0.991334
10484.919   0.992146
10484.939   0.993267
10484.960   0.994220
10484.980   0.994576
10485.001   0.994124
10485.021   0.992993
10485.042   0.991548
10485.063   0.990265
10485.083   0.989468
10485.104   0.989276
10485.124   0.989519
10485.145   0.989944
10485.165   0.990283
10485.186   0.990426
10485.206   0.990381
10485.227   0.990297
10485.247   0.990312
10485.268   0.990514
10485.288   0.990873
10485.309   0.991293
10485.329   0.991647
10485.350   0.991822
10485.370   0.991766
10485.391   0.991470
10485.411   0.990996
10485.432   0.990442
10485.452   0.989961
10485.473   0.989689
10485.493   0.989711
10485.514   0.990001
10485.534   0.990457
10485.555   0.990934
10485.575   0.991336
10485.596   0.991660
10485.616   0.991971
10485.637   0.992353
10485.657   0.992815
10485.678   0.993292
10485.698   0.993631
10485.719   0.993711
10485.739   0.993473
10485.760   0.992999
10485.781   0.992437
10485.801   0.991965
10485.822   0.991641
10485.842   0.991445
10485.863   0.991271
10485.883   0.991066
10485.904   0.990828
10485.924   0.990647
10485.945   0.990592
10485.965   0.990678
10485.986   0.990809
10486.006   0.990860
10486.027   0.990725
10486.047   0.990394
10486.068   0.989939
10486.088   0.989501
10486.109   0.989217
10486.129   0.989176
10486.150   0.989377
10486.170   0.989727
10486.191   0.990063
10486.211   0.990213
10486.232   0.990061
10486.252   0.989619
10486.273   0.989014
10486.293   0.988470
10486.314   0.988202
10486.334   0.988354
10486.355   0.988912
10486.375   0.989745
10486.396   0.990623
10486.416   0.991328
10486.437   0.991714
10486.458   0.991785
10486.478   0.991663
10486.499   0.991534
10486.519   0.991540
10486.540   0.991734
10486.560   0.992027
10486.581   0.992264
10486.601   0.992261
10486.622   0.991918
10486.642   0.991218
10486.663   0.990284
10486.683   0.989308
10486.704   0.988548
10486.724   0.988168
10486.745   0.988222
10486.765   0.988570
10486.786   0.989013
10486.806   0.989339
10486.827   0.989467
10486.847   0.989432
10486.868   0.989374
10486.888   0.989437
10486.909   0.989704
10486.929   0.990142
10486.950   0.990637
10486.970   0.991046
10486.991   0.991288
10487.011   0.991405
10487.032   0.991556
10487.052   0.991952
10487.073   0.992731
10487.093   0.993840
10487.114   0.995018
10487.134   0.995902
10487.155   0.996209
10487.176   0.995880
10487.196   0.995136
10487.217   0.994371
10487.237   0.993971
10487.258   0.994153
10487.278   0.994895
10487.299   0.995979
10487.319   0.997076
10487.340   0.997854
10487.360   0.998077
10487.381   0.997677
10487.401   0.996788
10487.422   0.995686
10487.442   0.994694
10487.463   0.994060
10487.483   0.993883
10487.504   0.994113
10487.524   0.994616
10487.545   0.995246
10487.565   0.995883
10487.586   0.996415
10487.606   0.996713
10487.627   0.996660
10487.647   0.996182
10487.668   0.995329
10487.688   0.994271
10487.709   0.993251
10487.729   0.992499
10487.750   0.992153
10487.770   0.992231
10487.791   0.992667
10487.811   0.993366
10487.832   0.994199
10487.852   0.995030
10487.873   0.995680
10487.894   0.995991
10487.914   0.995837
10487.935   0.995229
10487.955   0.994302
10487.976   0.993333
10487.996   0.992642
10488.017   0.992524
10488.037   0.993085
10488.058   0.994231
10488.078   0.995632
10488.099   0.996873
10488.119   0.997555
10488.140   0.997533
10488.160   0.996890
10488.181   0.995975
10488.201   0.995159
10488.222   0.994771
10488.242   0.994897
10488.263   0.995476
10488.283   0.996283
10488.304   0.997114
10488.324   0.997769
10488.345   0.998134
10488.365   0.998161
10488.386   0.997892
10488.406   0.997435
10488.427   0.996914
10488.447   0.996430
10488.468   0.996015
10488.488   0.995664
10488.509   0.995363
10488.529   0.995148
10488.550   0.995074
10488.570   0.995185
10488.591   0.995440
10488.612   0.995719
10488.632   0.995863
10488.653   0.995773
10488.673   0.995470
10488.694   0.995092
10488.714   0.994842
10488.735   0.994891
10488.755   0.995327
10488.776   0.996107
10488.796   0.997084
10488.817   0.998004
10488.837   0.998593
10488.858   0.998627
10488.878   0.998053
10488.899   0.997024
10488.919   0.995899
10488.940   0.995074
10488.960   0.994826
10488.981   0.995182
10489.001   0.995939
10489.022   0.996764
10489.042   0.997353
10489.063   0.997539
10489.083   0.997303
10489.104   0.996744
10489.124   0.995981
10489.145   0.995149
10489.165   0.994355
10489.186   0.993730
10489.206   0.993363
10489.227   0.993317
10489.247   0.993555
10489.268   0.994003
10489.289   0.994529
10489.309   0.995029
10489.330   0.995404
10489.350   0.995614
10489.371   0.995650
10489.391   0.995574
10489.412   0.995464
10489.432   0.995414
10489.453   0.995475
10489.473   0.995641
10489.494   0.995833
10489.514   0.995927
10489.535   0.995802
10489.555   0.995412
10489.576   0.994838
10489.596   0.994289
10489.617   0.994023
10489.637   0.994231
10489.658   0.994933
10489.678   0.995958
10489.699   0.996997
10489.719   0.997735
10489.740   0.997958
10489.760   0.997669
10489.781   0.997048
10489.801   0.996405
10489.822   0.996012
10489.842   0.996014
10489.863   0.996339
10489.883   0.996772
10489.904   0.997052
10489.924   0.997021
10489.945   0.996670
10489.965   0.996142
10489.986   0.995594
10490.007   0.995122
10490.027   0.994732
10490.048   0.994410
10490.068   0.994186
10490.089   0.994159
10490.109   0.994439
10490.130   0.995060
10490.150   0.995928
10490.171   0.996846
10490.191   0.997586
10490.212   0.997980
10490.232   0.997958
10490.253   0.997565
10490.273   0.996932
10490.294   0.996263
10490.314   0.995769
10490.335   0.995617
10490.355   0.995854
10490.376   0.996381
10490.396   0.996963
10490.417   0.997373
10490.437   0.997476
10490.458   0.997324
10490.478   0.997073
10490.499   0.996913
10490.519   0.996902
10490.540   0.996989
10490.560   0.997038
10490.581   0.996953
10490.601   0.996719
10490.622   0.996400
10490.642   0.996057
10490.663   0.995699
10490.683   0.995303
10490.704   0.994842
10490.725   0.994336
10490.745   0.993837
10490.766   0.993428
10490.786   0.993166
10490.807   0.993099
10490.827   0.993212
10490.848   0.993457
10490.868   0.993728
10490.889   0.993927
10490.909   0.993973
10490.930   0.993892
10490.950   0.993774
10490.971   0.993751
10490.991   0.993876
10491.012   0.994110
10491.032   0.994303
10491.053   0.994338
10491.073   0.994184
10491.094   0.993980
10491.114   0.993905
10491.135   0.994109
10491.155   0.994577
10491.176   0.995165
10491.196   0.995632
10491.217   0.995782
10491.237   0.995528
10491.258   0.994959
10491.278   0.994277
10491.299   0.993728
10491.319   0.993469
10491.340   0.993545
10491.360   0.993867
10491.381   0.994325
10491.401   0.994833
10491.422   0.995349
10491.443   0.995821
10491.463   0.996118
10491.484   0.996078
10491.504   0.995578
10491.525   0.994677
10491.545   0.993612
10491.566   0.992764
10491.586   0.992434
10491.607   0.992743
10491.627   0.993557
10491.648   0.994599
10491.668   0.995564
10491.689   0.996224
10491.709   0.996466
10491.730   0.996293
10491.750   0.995807
10491.771   0.995174
10491.791   0.994589
10491.812   0.994216
10491.832   0.994129
10491.853   0.994293
10491.873   0.994590
10491.894   0.994882
10491.914   0.995075
10491.935   0.995147
10491.955   0.995146
10491.976   0.995165
10491.996   0.995284
10492.017   0.995533
10492.037   0.995861
10492.058   0.996156
10492.078   0.996284
10492.099   0.996194
10492.120   0.995930
10492.140   0.995632
10492.161   0.995436
10492.181   0.995427
10492.202   0.995579
10492.222   0.995793
10492.243   0.995948
10492.263   0.995955
10492.284   0.995796
10492.304   0.995501
10492.325   0.995131
10492.345   0.994731
10492.366   0.994327
10492.386   0.993938
10492.407   0.993608
10492.427   0.993405
10492.448   0.993404
10492.468   0.993671
10492.489   0.994200
10492.509   0.994903
10492.530   0.995595
10492.550   0.996086
10492.571   0.996252
10492.591   0.996098
10492.612   0.995757
10492.632   0.995417
10492.653   0.995233
10492.673   0.995253
10492.694   0.995411
10492.714   0.995579
10492.735   0.995652
10492.755   0.995592
10492.776   0.995426
10492.796   0.995208
10492.817   0.994948
10492.838   0.994603
10492.858   0.994077
10492.879   0.993316
10492.899   0.992380
10492.920   0.991498
10492.940   0.990994
10492.961   0.991137
10492.981   0.991982
10493.002   0.993299
10493.022   0.994674
10493.043   0.995681
10493.063   0.996080
10493.084   0.995874
10493.104   0.995274
10493.125   0.994543
10493.145   0.993894
10493.166   0.993435
10493.186   0.993201
10493.207   0.993182
10493.227   0.993360
10493.248   0.993720
10493.268   0.994232
10493.289   0.994832
10493.309   0.995418
10493.330   0.995855
10493.350   0.996015
10493.371   0.995834
10493.391   0.995379
10493.412   0.994843
10493.432   0.994493
10493.453   0.994551
10493.473   0.995086
10493.494   0.995963
10493.514   0.996870
10493.535   0.997471
10493.556   0.997501
10493.576   0.996883
10493.597   0.995715
10493.617   0.994274
10493.638   0.992908
10493.658   0.991960
10493.679   0.991649
10493.699   0.992013
10493.720   0.992884
10493.740   0.993957
10493.761   0.994909
10493.781   0.995512
10493.802   0.995719
10493.822   0.995626
10493.843   0.995415
10493.863   0.995257
10493.884   0.995267
10493.904   0.995467
10493.925   0.995790
10493.945   0.996109
10493.966   0.996273
10493.986   0.996179
10494.007   0.995802
10494.027   0.995250
10494.048   0.994683
10494.068   0.994294
10494.089   0.994183
10494.109   0.994354
10494.130   0.994669
10494.150   0.994947
10494.171   0.995013
10494.191   0.994802
10494.212   0.994344
10494.232   0.993745
10494.253   0.993123
10494.274   0.992605
10494.294   0.992315
10494.315   0.992407
10494.335   0.992973
10494.356   0.993972
10494.376   0.995124
10494.397   0.996000
10494.417   0.996208
10494.438   0.995639
10494.458   0.994546
10494.479   0.993422
10494.499   0.992702
10494.520   0.992525
10494.540   0.992731
10494.561   0.993026
10494.581   0.993207
10494.602   0.993234
10494.622   0.993192
10494.643   0.993146
10494.663   0.993070
10494.684   0.992869
10494.704   0.992475
10494.725   0.991922
10494.745   0.991347
10494.766   0.990937
10494.786   0.990841
10494.807   0.991136
10494.827   0.991806
10494.848   0.992782
10494.868   0.993927
10494.889   0.995053
10494.909   0.995942
10494.930   0.996398
10494.951   0.996316
10494.971   0.995707
10494.992   0.994713
10495.012   0.993525
10495.033   0.992343
10495.053   0.991293
10495.074   0.990449
10495.094   0.989835
10495.115   0.989482
10495.135   0.989425
10495.156   0.989682
10495.176   0.990248
10495.197   0.991064
10495.217   0.992053
10495.238   0.993104
10495.258   0.994101
10495.279   0.994862
10495.299   0.995193
10495.320   0.994950
10495.340   0.994170
10495.361   0.993144
10495.381   0.992304
10495.402   0.992052
10495.422   0.992511
10495.443   0.993503
10495.463   0.994606
10495.484   0.995427
10495.504   0.995699
10495.525   0.995392
10495.545   0.994620
10495.566   0.993600
10495.586   0.992588
10495.607   0.991812
10495.627   0.991440
10495.648   0.991501
10495.669   0.991894
10495.689   0.992413
10495.710   0.992866
10495.730   0.993131
10495.751   0.993235
10495.771   0.993301
10495.792   0.993474
10495.812   0.993806
10495.833   0.994177
10495.853   0.994343
10495.874   0.994051
10495.894   0.993249
10495.915   0.992089
10495.935   0.990940
10495.956   0.990140
10495.976   0.989907
10495.997   0.990157
10496.017   0.990652
10496.038   0.991073
10496.058   0.991233
10496.079   0.991073
10496.099   0.990700
10496.120   0.990271
10496.140   0.989924
10496.161   0.989718
10496.181   0.989631
10496.202   0.989609
10496.222   0.989624
10496.243   0.989739
10496.263   0.990049
10496.284   0.990626
10496.304   0.991411
10496.325   0.992242
10496.345   0.992913
10496.366   0.993337
10496.387   0.993575
10496.407   0.993803
10496.428   0.994161
10496.448   0.994651
10496.469   0.995146
10496.489   0.995464
10496.510   0.995514
10496.530   0.995340
10496.551   0.995096
10496.571   0.994920
10496.592   0.994887
10496.612   0.994989
10496.633   0.995207
10496.653   0.995534
10496.674   0.995974
10496.694   0.996467
10496.715   0.996888
10496.735   0.997084
10496.756   0.997012
10496.776   0.996781
10496.797   0.996625
10496.817   0.996744
10496.838   0.997165
10496.858   0.997711
10496.879   0.998082
10496.899   0.998019
10496.920   0.997425
10496.940   0.996407
10496.961   0.995225
10496.981   0.994175
10497.002   0.993470
10497.022   0.993195
10497.043   0.993311
10497.063   0.993699
10497.084   0.994198
10497.105   0.994611
10497.125   0.994748
10497.146   0.994447
10497.166   0.993714
10497.187   0.992698
10497.207   0.991736
10497.228   0.991142
10497.248   0.991155
10497.269   0.991770
10497.289   0.992844
10497.310   0.994115
10497.330   0.995362
10497.351   0.996416
10497.371   0.997202
10497.392   0.997702
10497.412   0.997935
10497.433   0.997934
10497.453   0.997750
10497.474   0.997458
10497.494   0.997164
10497.515   0.996976
10497.535   0.996956
10497.556   0.997081
10497.576   0.997237
10497.597   0.997261
10497.617   0.997057
10497.638   0.996685
10497.658   0.996349
10497.679   0.996320
10497.699   0.996759
10497.720   0.997618
10497.740   0.998612
10497.761   0.999370
10497.782   0.999589
10497.802   0.999210
10497.823   0.998369
10497.843   0.997330
10497.864   0.996327
10497.884   0.995537
10497.905   0.995060
10497.925   0.994982
10497.946   0.995331
10497.966   0.996020
10497.987   0.996803
10498.007   0.997312
10498.028   0.997227
10498.048   0.996416
10498.069   0.995078
10498.089   0.993592
10498.110   0.992373
10498.130   0.991613
10498.151   0.991300
10498.171   0.991235
10498.192   0.991234
10498.212   0.991189
10498.233   0.991109
10498.253   0.991045
10498.274   0.991049
10498.294   0.991149
10498.315   0.991359
10498.335   0.991703
10498.356   0.992189
10498.376   0.992792
10498.397   0.993414
10498.417   0.993928
10498.438   0.994232
10498.458   0.994334
10498.479   0.994329
10498.500   0.994346
10498.520   0.994442
10498.541   0.994555
10498.561   0.994558
10498.582   0.994357
10498.602   0.993963
10498.623   0.993489
10498.643   0.993080
10498.664   0.992833
10498.684   0.992744
10498.705   0.992760
10498.725   0.992809
10498.746   0.992875
10498.766   0.992976
10498.787   0.993148
10498.807   0.993391
10498.828   0.993662
10498.848   0.993892
10498.869   0.994003
10498.889   0.993967
10498.910   0.993802
10498.930   0.993592
10498.951   0.993429
10498.971   0.993391
10498.992   0.993484
10499.012   0.993649
10499.033   0.993769
10499.053   0.993737
10499.074   0.993491
10499.094   0.993062
10499.115   0.992534
10499.135   0.992002
10499.156   0.991528
10499.176   0.991148
10499.197   0.990880
10499.218   0.990761
10499.238   0.990815
10499.259   0.991030
10499.279   0.991328
10499.300   0.991583
10499.320   0.991667
10499.341   0.991513
10499.361   0.991150
10499.382   0.990679
10499.402   0.990213
10499.423   0.989804
10499.443   0.989414
10499.464   0.988954
10499.484   0.988371
10499.505   0.987740
10499.525   0.987258
10499.546   0.987171
10499.566   0.987652
10499.587   0.988698
10499.607   0.990139
10499.628   0.991683
10499.648   0.993028
10499.669   0.993904
10499.689   0.994172
10499.710   0.993839
10499.730   0.993120
10499.751   0.992353
10499.771   0.991898
10499.792   0.991967
10499.812   0.992532
10499.833   0.993352
10499.853   0.994095
10499.874   0.994536
10499.894   0.994645
10499.915   0.994599
10499.936   0.994603
10499.956   0.994786
10499.977   0.995083
10499.997   0.995323
10500.018   0.995297
10500.038   0.994934
10500.059   0.994303
10500.079   0.993603
10500.100   0.993015
10500.120   0.992633
10500.141   0.992401
10500.161   0.992198
10500.182   0.991907
10500.202   0.991544
10500.223   0.991218
10500.243   0.991095
10500.264   0.991273
10500.284   0.991741
10500.305   0.992345
10500.325   0.992884
10500.346   0.993186
10500.366   0.993173
10500.387   0.992855
10500.407   0.992305
10500.428   0.991632
10500.448   0.990969
10500.469   0.990482
10500.489   0.990313
10500.510   0.990493
10500.530   0.990840
10500.551   0.990996
10500.571   0.990589
10500.592   0.989455
10500.613   0.987774
10500.633   0.986029
10500.654   0.984775
10500.674   0.984357
10500.695   0.984738
10500.715   0.985537
10500.736   0.986268
10500.756   0.986619
10500.777   0.986625
10500.797   0.986599
10500.818   0.986926
10500.838   0.987771
10500.859   0.989002
10500.879   0.990229
10500.900   0.991086
10500.920   0.991393
10500.941   0.991282
10500.961   0.991024
10500.982   0.990902
10501.002   0.991037
10501.023   0.991399
10501.043   0.991841
10501.064   0.992217
10501.084   0.992413
10501.105   0.992390
10501.125   0.992125
10501.146   0.991626
10501.166   0.990874
10501.187   0.989897
10501.207   0.988774
10501.228   0.987701
10501.248   0.986953
10501.269   0.986804
10501.289   0.987387
10501.310   0.988555
10501.331   0.989926
10501.351   0.990991
10501.372   0.991413
10501.392   0.991113
10501.413   0.990376
10501.433   0.989605
10501.454   0.989185
10501.474   0.989264
10501.495   0.989780
10501.515   0.990502
10501.536   0.991203
10501.556   0.991733
10501.577   0.992068
10501.597   0.992256
10501.618   0.992375
10501.638   0.992503
10501.659   0.992714
10501.679   0.993086
10501.700   0.993656
10501.720   0.994383
10501.741   0.995120
10501.761   0.995689
10501.782   0.996008
10501.802   0.996161
10501.823   0.996369
10501.843   0.996815
10501.864   0.997476
10501.884   0.998044
10501.905   0.998100
10501.925   0.997362
10501.946   0.995947
10501.966   0.994342
10501.987   0.993220
10502.007   0.993026
10502.028   0.993780
10502.049   0.995022
10502.069   0.996174
10502.090   0.996822
10502.110   0.997007
10502.131   0.997051
10502.151   0.997337
10502.172   0.997954
10502.192   0.998686
10502.213   0.999130
10502.233   0.998995
10502.254   0.998261
10502.274   0.997159
10502.295   0.996018
10502.315   0.995075
10502.336   0.994430
10502.356   0.994067
10502.377   0.993920
10502.397   0.993887
10502.418   0.993820
10502.438   0.993544
10502.459   0.992892
10502.479   0.991808
10502.500   0.990365
10502.520   0.988771
10502.541   0.987259
10502.561   0.986035
10502.582   0.985239
10502.602   0.984923
10502.623   0.985047
10502.643   0.985437
10502.664   0.985832
10502.684   0.985943
10502.705   0.985621
10502.725   0.984911
10502.746   0.984038
10502.767   0.983247
10502.787   0.982707
10502.808   0.982451
10502.828   0.982473
10502.849   0.982731
10502.869   0.983204
10502.890   0.983769
10502.910   0.984245
10502.931   0.984399
10502.951   0.984169
10502.972   0.983653
10502.992   0.983133
10503.013   0.982864
10503.033   0.982995
10503.054   0.983474
10503.074   0.984164
10503.095   0.984876
10503.115   0.985444
10503.136   0.985709
10503.156   0.985589
10503.177   0.985112
10503.197   0.984477
10503.218   0.983976
10503.238   0.983862
10503.259   0.984211
10503.279   0.984876
10503.300   0.985572
10503.320   0.986025
10503.341   0.986114
10503.361   0.985907
10503.382   0.985596
10503.402   0.985388
10503.423   0.985346
10503.444   0.985367
10503.464   0.985232
10503.485   0.984808
10503.505   0.984132
10503.526   0.983497
10503.546   0.983241
10503.567   0.983608
10503.587   0.984513
10503.608   0.985654
10503.628   0.986622
10503.649   0.987160
10503.669   0.987234
10503.690   0.987027
10503.710   0.986823
10503.731   0.986886
10503.751   0.987418
10503.772   0.988477
10503.792   0.989959
10503.813   0.991546
10503.833   0.992803
10503.854   0.993331
10503.874   0.992988
10503.895   0.992032
10503.915   0.990986
10503.936   0.990397
10503.956   0.990482
10503.977   0.991092
10503.997   0.991820
10504.018   0.992344
10504.038   0.992597
10504.059   0.992726
10504.079   0.992934
10504.100   0.993270
10504.120   0.993659
10504.141   0.993937
10504.162   0.994042
10504.182   0.994001
10504.203   0.993940
10504.223   0.993943
10504.244   0.994037
10504.264   0.994186
10504.285   0.994350
10504.305   0.994499
10504.326   0.994605
10504.346   0.994627
10504.367   0.994522
10504.387   0.994291
10504.408   0.993992
10504.428   0.993715
10504.449   0.993522
10504.469   0.993413
10504.490   0.993345
10504.510   0.993293
10504.531   0.993323
10504.551   0.993545
10504.572   0.994039
10504.592   0.994729
10504.613   0.995399
10504.633   0.995758
10504.654   0.995631
10504.674   0.995045
10504.695   0.994251
10504.715   0.993568
10504.736   0.993245
10504.756   0.993358
10504.777   0.993836
10504.797   0.994510
10504.818   0.995157
10504.838   0.995500
10504.859   0.995278
10504.880   0.994324
10504.900   0.992740
10504.921   0.990861
10504.941   0.989200
10504.962   0.988113
10504.982   0.987695
10505.003   0.987685
10505.023   0.987725
10505.044   0.987517
10505.064   0.987005
10505.085   0.986300
10505.105   0.985602
10505.126   0.985037
10505.146   0.984659
10505.167   0.984427
10505.187   0.984258
10505.208   0.984010
10505.228   0.983560
10505.249   0.982818
10505.269   0.981807
10505.290   0.980643
10505.310   0.979496
10505.331   0.978505
10505.351   0.977763
10505.372   0.977336
10505.392   0.977294
10505.413   0.977706
10505.433   0.978573
10505.454   0.979809
10505.474   0.981221
10505.495   0.982621
10505.515   0.983889
10505.536   0.985073
10505.556   0.986314
10505.577   0.987782
10505.598   0.989489
10505.618   0.991270
10505.639   0.992810
10505.659   0.993824
10505.680   0.994192
10505.700   0.994000
10505.721   0.993477
10505.741   0.992846
10505.762   0.992301
10505.782   0.991952
10505.803   0.991885
10505.823   0.992105
10505.844   0.992521
10505.864   0.992956
10505.885   0.993230
10505.905   0.993293
10505.926   0.993237
10505.946   0.993282
10505.967   0.993574
10505.987   0.994125
10506.008   0.994733
10506.028   0.995147
10506.049   0.995155
10506.069   0.994741
10506.090   0.994040
10506.110   0.993299
10506.131   0.992755
10506.151   0.992586
10506.172   0.992868
10506.192   0.993556
10506.213   0.994501
10506.233   0.995498
10506.254   0.996352
10506.275   0.996917
10506.295   0.997106
10506.316   0.996853
10506.336   0.996193
10506.357   0.995246
10506.377   0.994291
10506.398   0.993608
10506.418   0.993410
10506.439   0.993658
10506.459   0.994176
10506.480   0.994717
10506.500   0.995157
10506.521   0.995468
10506.541   0.995633
10506.562   0.995578
10506.582   0.995204
10506.603   0.994542
10506.623   0.993799
10506.644   0.993277
10506.664   0.993198
10506.685   0.993510
10506.705   0.993973
10506.726   0.994246
10506.746   0.994184
10506.767   0.993792
10506.787   0.993301
10506.808   0.992923
10506.828   0.992832
10506.849   0.993027
10506.869   0.993409
10506.890   0.993774
10506.910   0.993907
10506.931   0.993681
10506.951   0.993122
10506.972   0.992418
10506.993   0.991804
10507.013   0.991461
10507.034   0.991405
10507.054   0.991525
10507.075   0.991680
10507.095   0.991807
10507.116   0.991942
10507.136   0.992129
10507.157   0.992344
10507.177   0.992473
10507.198   0.992415
10507.218   0.992176
10507.239   0.991902
10507.259   0.991801
10507.280   0.992014
10507.300   0.992547
10507.321   0.993279
10507.341   0.994048
10507.362   0.994713
10507.382   0.995150
10507.403   0.995279
10507.423   0.995036
10507.444   0.994491
10507.464   0.993776
10507.485   0.993127
10507.505   0.992717
10507.526   0.992656
10507.546   0.992924
10507.567   0.993450
10507.587   0.994112
10507.608   0.994784
10507.628   0.995338
10507.649   0.995664
10507.669   0.995704
10507.690   0.995448
10507.711   0.994924
10507.731   0.994153
10507.752   0.993215
10507.772   0.992260
10507.793   0.991572
10507.813   0.991374
10507.834   0.991765
10507.854   0.992504
10507.875   0.993223
10507.895   0.993539
10507.916   0.993365
10507.936   0.992870
10507.957   0.992424
10507.977   0.992299
10507.998   0.992570
10508.018   0.993059
10508.039   0.993512
10508.059   0.993744
10508.080   0.993741
10508.100   0.993613
10508.121   0.993495
10508.141   0.993450
10508.162   0.993465
10508.182   0.993495
10508.203   0.993541
10508.223   0.993632
10508.244   0.993802
10508.264   0.994021
10508.285   0.994236
10508.305   0.994380
10508.326   0.994478
10508.346   0.994604
10508.367   0.994877
10508.387   0.995313
10508.408   0.995851
10508.429   0.996293
10508.449   0.996511
10508.470   0.996452
10508.490   0.996266
10508.511   0.996093
10508.531   0.996020
10508.552   0.995933
10508.572   0.995644
10508.593   0.995060
10508.613   0.994279
10508.634   0.993598
10508.654   0.993255
10508.675   0.993341
10508.695   0.993675
10508.716   0.994014
10508.736   0.994139
10508.757   0.993982
10508.777   0.993571
10508.798   0.992972
10508.818   0.992342
10508.839   0.991876
10508.859   0.991870
10508.880   0.992480
10508.900   0.993675
10508.921   0.995105
10508.941   0.996319
10508.962   0.996945
10508.982   0.996924
10509.003   0.996461
10509.023   0.995876
10509.044   0.995385
10509.064   0.995018
10509.085   0.994680
10509.106   0.994302
10509.126   0.993923
10509.147   0.993681
10509.167   0.993704
10509.188   0.994013
10509.208   0.994486
10509.229   0.994934
10509.249   0.995184
10509.270   0.995204
10509.290   0.995087
10509.311   0.995022
10509.331   0.995122
10509.352   0.995396
10509.372   0.995695
10509.393   0.995883
10509.413   0.995886
10509.434   0.995791
10509.454   0.995756
10509.475   0.995956
10509.495   0.996486
10509.516   0.997334
10509.536   0.998396
10509.557   0.999462
10509.577   1.000251
10509.598   1.000458
10509.618   0.999929
10509.639   0.998770
10509.659   0.997360
10509.680   0.996164
10509.700   0.995502
10509.721   0.995410
10509.741   0.995717
10509.762   0.996200
10509.782   0.996729
10509.803   0.997248
10509.824   0.997699
10509.844   0.997934
10509.865   0.997840
10509.885   0.997429
10509.906   0.996956
10509.926   0.996729
10509.947   0.996977
10509.967   0.997602
10509.988   0.998258
10510.008   0.998487
10510.029   0.997997
10510.049   0.996808
10510.070   0.995213
10510.090   0.993666
10510.111   0.992531
10510.131   0.992030
10510.152   0.992131
10510.172   0.992683
10510.193   0.993392
10510.213   0.994000
10510.234   0.994294
10510.254   0.994251
10510.275   0.993983
10510.295   0.993688
10510.316   0.993462
10510.336   0.993237
10510.357   0.992802
10510.377   0.992004
10510.398   0.990887
10510.418   0.989783
10510.439   0.989117
10510.459   0.989199
10510.480   0.989955
10510.500   0.991002
10510.521   0.991825
10510.542   0.992147
10510.562   0.992038
10510.583   0.991890
10510.603   0.992071
10510.624   0.992680
10510.644   0.993435
10510.665   0.993902
10510.685   0.993762
10510.706   0.993044
10510.726   0.992047
10510.747   0.991145
10510.767   0.990561
10510.788   0.990317
10510.808   0.990309
10510.829   0.990431
10510.849   0.990597
10510.870   0.990695
10510.890   0.990581
10510.911   0.990155
10510.931   0.989480
10510.952   0.988825
10510.972   0.988517
10510.993   0.988761
10511.013   0.989444
10511.034   0.990229
10511.054   0.990706
10511.075   0.990714
10511.095   0.990366
10511.116   0.990027
10511.136   0.989974
10511.157   0.990283
10511.177   0.990741
10511.198   0.991075
10511.218   0.991118
10511.239   0.990938
10511.260   0.990763
10511.280   0.990801
10511.301   0.991110
10511.321   0.991523
10511.342   0.991786
10511.362   0.991696
10511.383   0.991295
10511.403   0.990813
10511.424   0.990598
10511.444   0.990856
10511.465   0.991566
10511.485   0.992434
10511.506   0.993076
10511.526   0.993164
10511.547   0.992613
10511.567   0.991565
10511.588   0.990362
10511.608   0.989367
10511.629   0.988888
10511.649   0.989019
10511.670   0.989646
10511.690   0.990466
10511.711   0.991210
10511.731   0.991730
10511.752   0.992095
10511.772   0.992398
10511.793   0.992691
10511.813   0.992861
10511.834   0.992802
10511.854   0.992513
10511.875   0.992205
10511.895   0.992160
10511.916   0.992553
10511.937   0.993345
10511.957   0.994279
10511.978   0.995073
10511.998   0.995480
10512.019   0.995431
10512.039   0.994932
10512.060   0.994103
10512.080   0.993134
10512.101   0.992317
10512.121   0.991944
10512.142   0.992161
10512.162   0.992897
10512.183   0.993870
10512.203   0.994768
10512.224   0.995387
10512.244   0.995741
10512.265   0.995934
10512.285   0.996059
10512.306   0.996087
10512.326   0.995931
10512.347   0.995539
10512.367   0.995022
10512.388   0.994616
10512.408   0.994550
10512.429   0.994873
10512.449   0.995385
10512.470   0.995758
10512.490   0.995745
10512.511   0.995373
10512.531   0.994928
10512.552   0.994771
10512.572   0.995102
10512.593   0.995829
10512.613   0.996638
10512.634   0.997198
10512.655   0.997358
10512.675   0.997180
10512.696   0.996850
10512.716   0.996511
10512.737   0.996227
10512.757   0.996006
10512.778   0.995892
10512.798   0.995963
10512.819   0.996247
10512.839   0.996671
10512.860   0.997035
10512.880   0.997139
10512.901   0.996847
10512.921   0.996198
10512.942   0.995334
10512.962   0.994483
10512.983   0.993832
10513.003   0.993541
10513.024   0.993660
10513.044   0.994141
10513.065   0.994767
10513.085   0.995258
10513.106   0.995322
10513.126   0.994870
10513.147   0.994034
10513.167   0.993146
10513.188   0.992534
10513.208   0.992400
10513.229   0.992747
10513.249   0.993421
10513.270   0.994221
10513.290   0.994968
10513.311   0.995553
10513.331   0.995960
10513.352   0.996198
10513.373   0.996314
10513.393   0.996309
10513.414   0.996265
10513.434   0.996275
10513.455   0.996527
10513.475   0.997075
10513.496   0.997806
10513.516   0.998310
10513.537   0.998151
10513.557   0.997101
10513.578   0.995412
10513.598   0.993675
10513.619   0.992516
10513.639   0.992271
10513.660   0.992820
10513.680   0.993769
10513.701   0.994629
10513.721   0.995073
10513.742   0.994934
10513.762   0.994268
10513.783   0.993275
10513.803   0.992311
10513.824   0.991728
10513.844   0.991736
10513.865   0.992216
10513.885   0.992787
10513.906   0.993019
10513.926   0.992702
10513.947   0.991957
10513.967   0.991150
10513.988   0.990659
10514.008   0.990672
10514.029   0.991132
10514.049   0.991831
10514.070   0.992567
10514.091   0.993234
10514.111   0.993813
10514.132   0.994298
10514.152   0.994602
10514.173   0.994600
10514.193   0.994149
10514.214   0.993262
10514.234   0.992072
10514.255   0.990885
10514.275   0.990016
10514.296   0.989728
10514.316   0.990076
10514.337   0.990913
10514.357   0.991904
10514.378   0.992658
10514.398   0.992909
10514.419   0.992596
10514.439   0.991917
10514.460   0.991161
10514.480   0.990613
10514.501   0.990358
10514.521   0.990312
10514.542   0.990259
10514.562   0.990033
10514.583   0.989655
10514.603   0.989318
10514.624   0.989345
10514.644   0.989861
10514.665   0.990777
10514.685   0.991618
10514.706   0.991951
10514.726   0.991495
10514.747   0.990474
10514.768   0.989357
10514.788   0.988688
10514.809   0.988710
10514.829   0.989312
10514.850   0.990121
10514.870   0.990736
10514.891   0.990905
10514.911   0.990633
10514.932   0.990073
10514.952   0.989502
10514.973   0.989100
10514.993   0.989024
10515.014   0.989201
10515.034   0.989522
10515.055   0.989713
10515.075   0.989629
10515.096   0.989155
10515.116   0.988374
10515.137   0.987408
10515.157   0.986444
10515.178   0.985684
10515.198   0.985316
10515.219   0.985519
10515.239   0.986330
10515.260   0.987644
10515.280   0.989141
10515.301   0.990437
10515.321   0.991244
10515.342   0.991504
10515.362   0.991398
10515.383   0.991196
10515.403   0.991141
10515.424   0.991337
10515.444   0.991767
10515.465   0.992309
10515.486   0.992761
10515.506   0.992933
10515.527   0.992709
10515.547   0.992216
10515.568   0.991746
10515.588   0.991704
10515.609   0.992251
10515.629   0.993278
10515.650   0.994316
10515.670   0.994917
10515.691   0.994797
10515.711   0.994115
10515.732   0.993254
10515.752   0.992690
10515.773   0.992680
10515.793   0.993241
10515.814   0.994158
10515.834   0.995157
10515.855   0.996001
10515.875   0.996587
10515.896   0.996943
10515.916   0.997186
10515.937   0.997395
10515.957   0.997559
10515.978   0.997569
10515.998   0.997337
10516.019   0.996924
10516.039   0.996524
10516.060   0.996373
10516.080   0.996531
10516.101   0.996843
10516.121   0.996981
10516.142   0.996677
10516.162   0.995874
10516.183   0.994749
10516.204   0.993612
10516.224   0.992780
10516.245   0.992476
10516.265   0.992798
10516.286   0.993718
10516.306   0.995071
10516.327   0.996549
10516.347   0.997765
10516.368   0.998362
10516.388   0.998164
10516.409   0.997223
10516.429   0.995830
10516.450   0.994379
10516.470   0.993253
10516.491   0.992667
10516.511   0.992629
10516.532   0.992984
10516.552   0.993490
10516.573   0.993978
10516.593   0.994301
10516.614   0.994393
10516.634   0.994150
10516.655   0.993603
10516.675   0.992880
10516.696   0.992290
10516.716   0.992047
10516.737   0.992180
10516.757   0.992398
10516.778   0.992386
10516.798   0.991955
10516.819   0.991373
10516.839   0.991046
10516.860   0.991390
10516.880   0.992325
10516.901   0.993460
10516.922   0.994164
10516.942   0.994057
10516.963   0.993102
10516.983   0.991585
10517.004   0.989923
10517.024   0.988467
10517.045   0.987497
10517.065   0.987162
10517.086   0.987513
10517.106   0.988405
10517.127   0.989483
10517.147   0.990356
10517.168   0.990774
10517.188   0.990865
10517.209   0.990971
10517.229   0.991447
10517.250   0.992279
10517.270   0.993131
10517.291   0.993513
10517.311   0.993226
10517.332   0.992479
10517.352   0.991839
10517.373   0.991765
10517.393   0.992350
10517.414   0.993183
10517.434   0.993685
10517.455   0.993450
10517.475   0.992524
10517.496   0.991384
10517.516   0.990608
10517.537   0.990599
10517.557   0.991309
10517.578   0.992359
10517.599   0.993221
10517.619   0.993516
10517.640   0.993161
10517.660   0.992324
10517.681   0.991350
10517.701   0.990555
10517.722   0.990188
10517.742   0.990301
10517.763   0.990778
10517.783   0.991390
10517.804   0.991900
10517.824   0.992213
10517.845   0.992363
10517.865   0.992503
10517.886   0.992739
10517.906   0.993076
10517.927   0.993382
10517.947   0.993492
10517.968   0.993341
10517.988   0.993029
10518.009   0.992775
10518.029   0.992734
10518.050   0.992882
10518.070   0.992953
10518.091   0.992689
10518.111   0.991989
10518.132   0.991122
10518.152   0.990499
10518.173   0.990522
10518.193   0.991238
10518.214   0.992425
10518.234   0.993713
10518.255   0.994904
10518.275   0.996005
10518.296   0.997070
10518.317   0.998009
10518.337   0.998511
10518.358   0.998273
10518.378   0.997205
10518.399   0.995546
10518.419   0.993755
10518.440   0.992238
10518.460   0.991229
10518.481   0.990666
10518.501   0.990442
10518.522   0.990452
10518.542   0.990769
10518.563   0.991423
10518.583   0.992363
10518.604   0.993292
10518.624   0.993882
10518.645   0.993917
10518.665   0.993407
10518.686   0.992517
10518.706   0.991495
10518.727   0.990631
10518.747   0.990283
10518.768   0.990690
10518.788   0.991880
10518.809   0.993405
10518.829   0.994647
10518.850   0.994987
10518.870   0.994324
10518.891   0.992970
10518.911   0.991580
10518.932   0.990733
10518.952   0.990754
10518.973   0.991597
10518.993   0.992912
10519.014   0.994146
10519.035   0.994756
10519.055   0.994378
10519.076   0.993090
10519.096   0.991301
10519.117   0.989656
10519.137   0.988574
10519.158   0.988176
10519.178   0.988189
10519.199   0.988312
10519.219   0.988394
10519.240   0.988547
10519.260   0.988961
10519.281   0.989705
10519.301   0.990684
10519.322   0.991722
10519.342   0.992749
10519.363   0.993767
10519.383   0.994775
10519.404   0.995642
10519.424   0.996140
10519.445   0.996122
10519.465   0.995566
10519.486   0.994648
10519.506   0.993562
10519.527   0.992595
10519.547   0.992030
10519.568   0.992186
10519.588   0.993183
10519.609   0.994826
10519.629   0.996570
10519.650   0.997780
10519.670   0.998044
10519.691   0.997378
10519.711   0.996157
10519.732   0.994867
10519.753   0.993838
10519.773   0.993243
10519.794   0.993085
10519.814   0.993366
10519.835   0.994009
10519.855   0.994941
10519.876   0.995952
10519.896   0.996824
10519.917   0.997307
10519.937   0.997299
10519.958   0.996865
10519.978   0.996280
10519.999   0.995845
10520.019   0.995706
10520.040   0.995800
10520.060   0.995924
10520.081   0.995972
10520.101   0.995958
10520.122   0.995989
10520.142   0.996087
10520.163   0.996170
10520.183   0.996143
10520.204   0.996008
10520.224   0.995923
10520.245   0.996010
10520.265   0.996271
10520.286   0.996482
10520.306   0.996436
10520.327   0.996065
10520.347   0.995599
10520.368   0.995359
10520.388   0.995553
10520.409   0.996082
10520.430   0.996572
10520.450   0.996646
10520.471   0.996121
10520.491   0.995180
10520.512   0.994214
10520.532   0.993660
10520.553   0.993729
10520.573   0.994365
10520.594   0.995262
10520.614   0.995988
10520.635   0.996197
10520.655   0.995782
10520.676   0.994998
10520.696   0.994322
10520.717   0.994186
10520.737   0.994701
10520.758   0.995523
10520.778   0.996168
10520.799   0.996280
10520.819   0.995968
10520.840   0.995554
10520.860   0.995366
10520.881   0.995434
10520.901   0.995584
10520.922   0.995680
10520.942   0.995718
10520.963   0.995835
10520.983   0.996018
10521.004   0.996168
10521.024   0.996120
10521.045   0.995911
10521.065   0.995731
10521.086   0.995724
10521.106   0.995831
10521.127   0.995746
10521.148   0.995233
10521.168   0.994258
10521.189   0.993122
10521.209   0.992179
10521.230   0.991701
10521.250   0.991718
10521.271   0.992110
10521.291   0.992686
10521.312   0.993192
10521.332   0.993333
10521.353   0.992829
10521.373   0.991605
10521.394   0.990000
10521.414   0.988600
10521.435   0.988023
10521.455   0.988363
10521.476   0.989292
10521.496   0.990115
10521.517   0.990389
10521.537   0.990040
10521.558   0.989427
10521.578   0.988966
10521.599   0.988901
10521.619   0.989222
10521.640   0.989785
10521.660   0.990461
10521.681   0.991171
10521.701   0.991829
10521.722   0.992334
10521.742   0.992541
10521.763   0.992426
10521.783   0.992043
10521.804   0.991568
10521.824   0.991045
10521.845   0.990445
10521.866   0.989670
10521.886   0.988828
10521.907   0.988232
10521.927   0.988287
10521.948   0.989169
10521.968   0.990604
10521.989   0.992000
10522.009   0.992724
10522.030   0.992558
10522.050   0.991724
10522.071   0.990785
10522.091   0.990180
10522.112   0.990055
10522.132   0.990209
10522.153   0.990391
10522.173   0.990468
10522.194   0.990505
10522.214   0.990596
10522.235   0.990743
10522.255   0.990859
10522.276   0.990870
10522.296   0.990825
10522.317   0.990841
10522.337   0.990983
10522.358   0.991157
10522.378   0.991126
10522.399   0.990680
10522.419   0.989798
10522.440   0.988734
10522.460   0.987967
10522.481   0.987904
10522.501   0.988689
10522.522   0.990004
10522.542   0.991396
10522.563   0.992481
10522.584   0.993265
10522.604   0.993874
10522.625   0.994403
10522.645   0.994641
10522.666   0.994365
10522.686   0.993514
10522.707   0.992459
10522.727   0.991749
10522.748   0.991851
10522.768   0.992773
10522.789   0.994119
10522.809   0.995274
10522.830   0.995722
10522.850   0.995276
10522.871   0.994127
10522.891   0.992752
10522.912   0.991658
10522.932   0.991124
10522.953   0.991137
10522.973   0.991473
10522.994   0.991958
10523.014   0.992516
10523.035   0.993162
10523.055   0.993853
10523.076   0.994472
10523.096   0.994947
10523.117   0.995326
10523.137   0.995791
10523.158   0.996377
10523.178   0.996877
10523.199   0.996856
10523.219   0.995996
10523.240   0.994381
10523.261   0.992588
10523.281   0.991403
10523.302   0.991385
10523.322   0.992538
10523.343   0.994324
10523.363   0.996005
10523.384   0.997048
10523.404   0.997371
10523.425   0.997220
10523.445   0.996900
10523.466   0.996518
10523.486   0.996005
10523.507   0.995267
10523.527   0.994308
10523.548   0.993238
10523.568   0.992152
10523.589   0.991134
10523.609   0.990297
10523.630   0.989860
10523.650   0.990041
10523.671   0.990868
10523.691   0.992041
10523.712   0.993007
10523.732   0.993258
10523.753   0.992625
10523.773   0.991356
10523.794   0.989950
10523.814   0.988854
10523.835   0.988239
10523.855   0.988017
10523.876   0.988025
10523.896   0.988196
10523.917   0.988601
10523.937   0.989262
10523.958   0.990126
10523.979   0.990948
10523.999   0.991567
10524.020   0.991821
10524.040   0.991804
10524.061   0.991544
10524.081   0.991158
10524.102   0.990629
10524.122   0.990106
10524.143   0.989792
10524.163   0.989920
10524.184   0.990519
10524.204   0.991349
10524.225   0.992095
10524.245   0.992532
10524.266   0.992682
10524.286   0.992658
10524.307   0.992589
10524.327   0.992495
10524.348   0.992419
10524.368   0.992441
10524.389   0.992688
10524.409   0.993153
10524.430   0.993682
10524.450   0.994076
10524.471   0.994202
10524.491   0.994096
10524.512   0.993787
10524.532   0.993296
10524.553   0.992557
10524.573   0.991636
10524.594   0.990725
10524.614   0.990151
10524.635   0.990173
10524.655   0.990886
10524.676   0.992159
10524.697   0.993705
10524.717   0.995133
10524.738   0.996077
10524.758   0.996183
10524.779   0.995317
10524.799   0.993577
10524.820   0.991471
10524.840   0.989681
10524.861   0.988950
10524.881   0.989647
10524.902   0.991685
10524.922   0.994389
10524.943   0.996800
10524.963   0.997990
10524.984   0.997557
10525.004   0.995774
10525.025   0.993511
10525.045   0.991653
10525.066   0.990714
10525.086   0.990588
10525.107   0.990933
10525.127   0.991410
10525.148   0.992030
10525.168   0.992901
10525.189   0.994083
10525.209   0.995264
10525.230   0.995972
10525.250   0.995821
10525.271   0.994871
10525.291   0.993547
10525.312   0.992358
10525.332   0.991602
10525.353   0.991257
10525.373   0.991236
10525.394   0.991500
10525.415   0.992113
10525.435   0.992989
10525.456   0.993777
10525.476   0.993993
10525.497   0.993343
10525.517   0.992135
10525.538   0.991070
10525.558   0.990947
10525.579   0.991905
10525.599   0.993455
10525.620   0.994690
10525.640   0.995076
10525.661   0.994666
10525.681   0.993965
10525.702   0.993359
10525.722   0.992831
10525.743   0.992107
10525.763   0.991076
10525.784   0.990064
10525.804   0.989630
10525.825   0.990170
10525.845   0.991622
10525.866   0.993544
10525.886   0.995389
10525.907   0.996696
10525.927   0.997166
10525.948   0.996601
10525.968   0.995064
10525.989   0.992960
10526.009   0.991033
10526.030   0.989978
10526.050   0.990042
10526.071   0.990911
10526.092   0.991973
10526.112   0.992815
10526.133   0.993430
10526.153   0.994035
10526.174   0.994702
10526.194   0.995121
10526.215   0.994829
10526.235   0.993568
10526.256   0.991663
10526.276   0.989804
10526.297   0.988706
10526.317   0.988670
10526.338   0.989572
10526.358   0.991046
10526.379   0.992694
10526.399   0.994197
10526.420   0.995231
10526.440   0.995594
10526.461   0.995229
10526.481   0.994368
10526.502   0.993358
10526.522   0.992495
10526.543   0.991876
10526.563   0.991379
10526.584   0.990986
10526.604   0.990872
10526.625   0.991446
10526.645   0.992878
10526.666   0.994816
10526.686   0.996444
10526.707   0.996864
10526.727   0.995826
10526.748   0.993759
10526.768   0.991775
10526.789   0.990729
10526.810   0.991021
10526.830   0.992165
10526.851   0.993445
10526.871   0.994158
10526.892   0.994183
10526.912   0.993785
10526.933   0.993441
10526.953   0.993407
10526.974   0.993589
10526.994   0.993678
10527.015   0.993421
10527.035   0.992944
10527.056   0.992627
10527.076   0.992894
10527.097   0.993783
10527.117   0.994945
10527.138   0.995778
10527.158   0.995887
10527.179   0.995259
10527.199   0.994315
10527.220   0.993552
10527.240   0.993326
10527.261   0.993604
10527.281   0.994136
10527.302   0.994534
10527.322   0.994567
10527.343   0.994179
10527.363   0.993558
10527.384   0.993012
10527.404   0.992848
10527.425   0.993168
10527.445   0.993787
10527.466   0.994305
10527.486   0.994338
10527.507   0.993756
10527.528   0.992783
10527.548   0.991890
10527.569   0.991548
10527.589   0.991941
10527.610   0.992884
10527.630   0.993879
10527.651   0.994503
10527.671   0.994565
10527.692   0.994326
10527.712   0.994150
10527.733   0.994332
10527.753   0.994788
10527.774   0.995271
10527.794   0.995525
10527.815   0.995512
10527.835   0.995331
10527.856   0.995135
10527.876   0.995016
10527.897   0.995023
10527.917   0.995142
10527.938   0.995287
10527.958   0.995336
10527.979   0.995120
10527.999   0.994564
10528.020   0.993664
10528.040   0.992612
10528.061   0.991712
10528.081   0.991318
10528.102   0.991621
10528.122   0.992485
10528.143   0.993438
10528.163   0.993890
10528.184   0.993512
10528.204   0.992535
10528.225   0.991587
10528.246   0.991310
10528.266   0.991767
10528.287   0.992566
10528.307   0.993103
10528.328   0.993207
10528.348   0.993049
10528.369   0.992905
10528.389   0.992719
10528.410   0.992208
10528.430   0.991186
10528.451   0.989825
10528.471   0.988588
10528.492   0.987798
10528.512   0.987487
10528.533   0.987436
10528.553   0.987629
10528.574   0.988294
10528.594   0.989809
10528.615   0.992119
10528.635   0.994491
10528.656   0.995802
10528.676   0.995209
10528.697   0.992826
10528.717   0.989579
10528.738   0.986735
10528.758   0.985117
10528.779   0.984955
10528.799   0.985938
10528.820   0.987539
10528.840   0.989172
10528.861   0.990274
10528.881   0.990509
10528.902   0.989917
10528.923   0.988965
10528.943   0.988257
10528.964   0.988198
10528.984   0.988728
10529.005   0.989415
10529.025   0.989758
10529.046   0.989527
10529.066   0.988931
10529.087   0.988446
10529.107   0.988540
10529.128   0.989289
10529.148   0.990388
10529.169   0.991343
10529.189   0.991929
10529.210   0.992246
10529.230   0.992581
10529.251   0.993001
10529.271   0.993215
10529.292   0.992842
10529.312   0.991779
10529.333   0.990541
10529.353   0.989894
10529.374   0.990470
10529.394   0.992191
10529.415   0.994377
10529.435   0.996047
10529.456   0.996501
10529.476   0.995656
10529.497   0.994053
10529.517   0.992572
10529.538   0.991947
10529.558   0.992456
10529.579   0.993798
10529.599   0.995293
10529.620   0.996296
10529.641   0.996546
10529.661   0.996292
10529.682   0.995947
10529.702   0.995761
10529.723   0.995564
10529.743   0.995149
10529.764   0.994529
10529.784   0.994048
10529.805   0.993927
10529.825   0.993953
10529.846   0.993563
10529.866   0.992430
10529.887   0.990931
10529.907   0.990008
10529.928   0.990418
10529.948   0.992137
10529.969   0.994297
10529.989   0.995862
10530.010   0.996287
10530.030   0.995733
10530.051   0.994772
10530.071   0.993808
10530.092   0.992974
10530.112   0.992086
10530.133   0.991088
10530.153   0.990045
10530.174   0.989238
10530.194   0.988952
10530.215   0.989422
10530.235   0.990735
10530.256   0.992673
10530.276   0.994688
10530.297   0.996009
10530.317   0.996099
10530.338   0.994965
10530.359   0.993271
10530.379   0.991875
10530.400   0.991393
10530.420   0.991819
10530.441   0.992750
10530.461   0.993607
10530.482   0.994085
10530.502   0.994105
10530.523   0.993850
10530.543   0.993503
10530.564   0.993234
10530.584   0.993124
10530.605   0.993188
10530.625   0.993273
10530.646   0.993158
10530.666   0.992645
10530.687   0.991816
10530.707   0.990969
10530.728   0.990537
10530.748   0.990755
10530.769   0.991566
10530.789   0.992590
10530.810   0.993397
10530.830   0.993619
10530.851   0.993230
10530.871   0.992418
10530.892   0.991562
10530.912   0.990904
10530.933   0.990479
10530.953   0.990165
10530.974   0.989865
10530.994   0.989707
10531.015   0.989862
10531.035   0.990436
10531.056   0.991197
10531.077   0.991762
10531.097   0.991834
10531.118   0.991509
10531.138   0.991178
10531.159   0.991168
10531.179   0.991511
10531.200   0.991955
10531.220   0.992320
10531.241   0.992607
10531.261   0.993050
10531.282   0.993778
10531.302   0.994686
10531.323   0.995395
10531.343   0.995543
10531.364   0.994944
10531.384   0.993676
10531.405   0.991955
10531.425   0.990135
10531.446   0.988633
10531.466   0.987916
10531.487   0.988274
10531.507   0.989649
10531.528   0.991567
10531.548   0.993351
10531.569   0.994478
10531.589   0.994865
10531.610   0.994801
10531.630   0.994675
10531.651   0.994587
10531.671   0.994283
10531.692   0.993488
10531.712   0.992257
10531.733   0.991204
10531.754   0.991027
10531.774   0.991994
10531.795   0.993577
10531.815   0.994808
10531.836   0.995033
10531.856   0.994314
10531.877   0.993397
10531.897   0.992915
10531.918   0.993038
10531.938   0.993421
10531.959   0.993715
10531.979   0.993989
10532.000   0.994526
10532.020   0.995631
10532.041   0.997073
10532.061   0.998331
10532.082   0.998706
10532.102   0.997870
10532.123   0.996004
10532.143   0.993740
10532.164   0.991917
10532.184   0.991103
10532.205   0.991454
10532.225   0.992583
10532.246   0.993906
10532.266   0.994881
10532.287   0.995257
10532.307   0.995103
10532.328   0.994679
10532.348   0.994371
10532.369   0.994405
10532.389   0.994870
10532.410   0.995513
10532.430   0.996073
10532.451   0.996250
10532.472   0.996001
10532.492   0.995355
10532.513   0.994494
10532.533   0.993600
10532.554   0.992896
10532.574   0.992523
10532.595   0.992431
10532.615   0.992342
10532.636   0.991976
10532.656   0.991302
10532.677   0.990687
10532.697   0.990604
10532.718   0.991265
10532.738   0.992408
10532.759   0.993434
10532.779   0.993796
10532.800   0.993274
10532.820   0.992121
10532.841   0.990927
10532.861   0.990399
10532.882   0.991022
10532.902   0.992714
10532.923   0.994793
10532.943   0.996328
10532.964   0.996696
10532.984   0.996015
10533.005   0.994881
10533.025   0.993976
10533.046   0.993469
10533.066   0.993171
10533.087   0.992748
10533.107   0.992162
10533.128   0.991657
10533.148   0.991498
10533.169   0.991823
10533.190   0.992557
10533.210   0.993622
10533.231   0.994941
10533.251   0.996269
10533.272   0.997289
10533.292   0.997563
10533.313   0.997126
10533.333   0.996233
10533.354   0.995468
10533.374   0.995019
10533.395   0.994758
10533.415   0.994279
10533.436   0.993438
10533.456   0.992538
10533.477   0.992068
10533.497   0.992283
10533.518   0.992929
10533.538   0.993403
10533.559   0.993239
10533.579   0.992402
10533.600   0.991358
10533.620   0.990640
10533.641   0.990535
10533.661   0.990906
10533.682   0.991461
10533.702   0.991972
10533.723   0.992352
10533.743   0.992546
10533.764   0.992382
10533.784   0.991811
10533.805   0.990957
10533.825   0.990322
10533.846   0.990330
10533.866   0.991151
10533.887   0.992434
10533.908   0.993656
10533.928   0.994406
10533.949   0.994584
10533.969   0.994310
10533.990   0.993745
10534.010   0.993018
10534.031   0.992259
10534.051   0.991678
10534.072   0.991455
10534.092   0.991684
10534.113   0.992168
10534.133   0.992607
10534.154   0.992600
10534.174   0.991944
10534.195   0.990548
10534.215   0.988572
10534.236   0.986348
10534.256   0.984446
10534.277   0.983523
10534.297   0.984132
10534.318   0.986333
10534.338   0.989615
10534.359   0.992854
10534.379   0.994978
10534.400   0.995327
10534.420   0.994085
10534.441   0.992003
10534.461   0.990031
10534.482   0.988944
10534.502   0.989065
10534.523   0.990251
10534.543   0.991961
10534.564   0.993526
10534.585   0.994472
10534.605   0.994719
10534.626   0.994492
10534.646   0.993936
10534.667   0.992843
10534.687   0.990946
10534.708   0.988300
10534.728   0.985768
10534.749   0.984454
10534.769   0.985133
10534.790   0.987507
10534.810   0.990497
10534.831   0.992932
10534.851   0.994151
10534.872   0.994257
10534.892   0.993576
10534.913   0.992548
10534.933   0.991458
10534.954   0.990652
10534.974   0.990406
10534.995   0.990753
10535.015   0.991480
10535.036   0.992264
10535.056   0.992926
10535.077   0.993485
10535.097   0.993946
10535.118   0.994181
10535.138   0.993932
10535.159   0.993165
10535.179   0.992234
10535.200   0.991757
10535.220   0.992139
10535.241   0.993194
10535.261   0.994308
10535.282   0.994839
10535.303   0.994742
10535.323   0.994385
10535.344   0.994368
10535.364   0.994827
10535.385   0.995460
10535.405   0.995668
10535.426   0.995048
10535.446   0.993709
10535.467   0.992169
10535.487   0.991071
10535.508   0.990726
10535.528   0.991077
10535.549   0.991803
10535.569   0.992649
10535.590   0.993473
10535.610   0.994224
10535.631   0.994828
10535.651   0.995243
10535.672   0.995592
10535.692   0.996016
10535.713   0.996593
10535.733   0.996976
10535.754   0.996801
10535.774   0.995782
10535.795   0.994277
10535.815   0.992917
10535.836   0.992408
10535.856   0.992962
10535.877   0.994309
10535.897   0.995785
10535.918   0.996735
10535.938   0.996675
10535.959   0.995594
10535.979   0.993815
10536.000   0.991992
