 9775.319   0.974775
 9775.337   0.973414
 9775.354   0.973548
 9775.372   0.975235
 9775.390   0.978260
 9775.407   0.982231
 9775.425   0.986628
 9775.442   0.990954
 9775.460   0.994808
 9775.477   0.997961
 9775.495   1.000364
 9775.513   1.002079
 9775.530   1.003266
 9775.548   1.004075
 9775.565   1.004656
 9775.583   1.005101
 9775.600   1.005451
 9775.618   1.005705
 9775.636   1.005850
 9775.653   1.005896
 9775.671   1.005858
 9775.688   1.005773
 9775.706   1.005669
 9775.724   1.005562
 9775.741   1.005443
 9775.759   1.005275
 9775.776   1.005007
 9775.794   1.004589
 9775.811   1.003974
 9775.829   1.003146
 9775.847   1.002113
 9775.864   1.000919
 9775.882   0.999636
 9775.899   0.998353
 9775.917   0.997149
 9775.934   0.996048
 9775.952   0.995002
 9775.970   0.993881
 9775.987   0.992535
 9776.005   0.990851
 9776.022   0.988815
 9776.040   0.986552
 9776.058   0.984290
 9776.075   0.982331
 9776.093   0.980956
 9776.110   0.980389
 9776.128   0.980721
 9776.145   0.981913
 9776.163   0.983779
 9776.181   0.986043
 9776.198   0.988371
 9776.216   0.990473
 9776.233   0.992145
 9776.251   0.993308
 9776.268   0.993999
 9776.286   0.994281
 9776.304   0.994223
 9776.321   0.993781
 9776.339   0.992874
 9776.356   0.991359
 9776.374   0.989163
 9776.392   0.986305
 9776.409   0.982911
 9776.427   0.979174
 9776.444   0.975222
 9776.462   0.971112
 9776.479   0.966689
 9776.497   0.961701
 9776.515   0.955818
 9776.532   0.948743
 9776.550   0.940243
 9776.567   0.930124
 9776.585   0.918157
 9776.602   0.903985
 9776.620   0.887061
 9776.638   0.866642
 9776.655   0.841988
 9776.673   0.812609
 9776.690   0.778535
 9776.708   0.740505
 9776.726   0.700236
 9776.743   0.660332
 9776.761   0.624091
 9776.778   0.594968
 9776.796   0.576004
 9776.813   0.569244
 9776.831   0.575306
 9776.849   0.593308
 9776.866   0.621123
 9776.884   0.655757
 9776.901   0.693975
 9776.919   0.732789
 9776.936   0.769828
 9776.954   0.803378
 9776.972   0.832453
 9776.989   0.856733
 9777.007   0.876400
 9777.024   0.892007
 9777.042   0.904269
 9777.060   0.913987
 9777.077   0.921930
 9777.095   0.928787
 9777.112   0.935062
 9777.130   0.941094
 9777.147   0.947040
 9777.165   0.952887
 9777.183   0.958508
 9777.200   0.963728
 9777.218   0.968416
 9777.235   0.972542
 9777.253   0.976210
 9777.270   0.979596
 9777.288   0.982867
 9777.306   0.986127
 9777.323   0.989343
 9777.341   0.992394
 9777.358   0.995111
 9777.376   0.997348
 9777.394   0.999060
 9777.411   1.000294
 9777.429   1.001207
 9777.446   1.001965
 9777.464   1.002739
 9777.481   1.003593
 9777.499   1.004507
 9777.517   1.005355
 9777.534   1.005986
 9777.552   1.006273
 9777.569   1.006156
 9777.587   1.005673
 9777.604   1.004914
 9777.622   1.004029
 9777.640   1.003147
 9777.657   1.002397
 9777.675   1.001843
 9777.692   1.001516
 9777.710   1.001396
 9777.728   1.001392
 9777.745   1.001373
 9777.763   1.001165
 9777.780   1.000660
 9777.798   0.999817
 9777.815   0.998744
 9777.833   0.997627
 9777.851   0.996693
 9777.868   0.996120
 9777.886   0.995975
 9777.903   0.996230
 9777.921   0.996758
 9777.938   0.997436
 9777.956   0.998155
 9777.974   0.998877
 9777.991   0.999606
 9778.009   1.000358
 9778.026   1.001129
 9778.044   1.001856
 9778.062   1.002438
 9778.079   1.002730
 9778.097   1.002619
 9778.114   1.002037
 9778.132   1.001002
 9778.149   0.999618
 9778.167   0.998041
 9778.185   0.996457
 9778.202   0.995029
 9778.220   0.993894
 9778.237   0.993168
 9778.255   0.992952
 9778.272   0.993329
 9778.290   0.994309
 9778.308   0.995808
 9778.325   0.997640
 9778.343   0.999544
 9778.360   1.001272
 9778.378   1.002632
 9778.396   1.003552
 9778.413   1.004055
 9778.431   1.004218
 9778.448   1.004117
 9778.466   1.003796
 9778.483   1.003301
 9778.501   1.002690
 9778.519   1.002052
 9778.536   1.001475
 9778.554   1.000983
 9778.571   1.000497
 9778.589   0.999806
 9778.606   0.998626
 9778.624   0.996641
 9778.642   0.993589
 9778.659   0.989291
 9778.677   0.983675
 9778.694   0.976804
 9778.712   0.968870
 9778.730   0.960220
 9778.747   0.951342
 9778.765   0.942879
 9778.782   0.935560
 9778.800   0.930089
 9778.817   0.927021
 9778.835   0.926662
 9778.853   0.928950
 9778.870   0.933469
 9778.888   0.939464
 9778.905   0.946023
 9778.923   0.952188
 9778.940   0.957141
 9778.958   0.960300
 9778.976   0.961344
 9778.993   0.960262
 9779.011   0.957264
 9779.028   0.952758
 9779.046   0.947159
 9779.064   0.940803
 9779.081   0.933775
 9779.099   0.925894
 9779.116   0.916730
 9779.134   0.905739
 9779.151   0.892408
 9779.169   0.876281
 9779.187   0.856952
 9779.204   0.833952
 9779.222   0.806732
 9779.239   0.774686
 9779.257   0.737371
 9779.275   0.694837
 9779.292   0.648054
 9779.310   0.598982
 9779.327   0.550550
 9779.345   0.506441
 9779.362   0.470492
 9779.380   0.446027
 9779.398   0.435401
 9779.415   0.439661
 9779.433   0.458401
 9779.450   0.489728
 9779.468   0.530705
 9779.485   0.577775
 9779.503   0.627342
 9779.521   0.676208
 9779.538   0.722033
 9779.556   0.763418
 9779.573   0.799820
 9779.591   0.831290
 9779.609   0.858198
 9779.626   0.881046
 9779.644   0.900327
 9779.661   0.916429
 9779.679   0.929696
 9779.696   0.940483
 9779.714   0.949188
 9779.732   0.956188
 9779.749   0.961825
 9779.767   0.966359
 9779.784   0.969933
 9779.802   0.972631
 9779.819   0.974479
 9779.837   0.975579
 9779.855   0.976100
 9779.872   0.976338
 9779.890   0.976601
 9779.907   0.977174
 9779.925   0.978213
 9779.943   0.979717
 9779.960   0.981566
 9779.978   0.983548
 9779.995   0.985468
 9780.013   0.987225
 9780.030   0.988839
 9780.048   0.990439
 9780.066   0.992170
 9780.083   0.994132
 9780.101   0.996305
 9780.118   0.998532
 9780.136   1.000584
 9780.153   1.002200
 9780.171   1.003250
 9780.189   1.003729
 9780.206   1.003818
 9780.224   1.003746
 9780.241   1.003753
 9780.259   1.003952
 9780.277   1.004335
 9780.294   1.004807
 9780.312   1.005242
 9780.329   1.005602
 9780.347   1.005906
 9780.364   1.006265
 9780.382   1.006733
 9780.400   1.007316
 9780.417   1.007899
 9780.435   1.008347
 9780.452   1.008548
 9780.470   1.008470
 9780.487   1.008189
 9780.505   1.007825
 9780.523   1.007498
 9780.540   1.007252
 9780.558   1.007072
 9780.575   1.006900
 9780.593   1.006706
 9780.611   1.006497
 9780.628   1.006307
 9780.646   1.006160
 9780.663   1.006020
 9780.681   1.005795
 9780.698   1.005381
 9780.716   1.004724
 9780.734   1.003876
 9780.751   1.002993
 9780.769   1.002287
 9780.786   1.001948
 9780.804   1.002067
 9780.821   1.002627
 9780.839   1.003487
 9780.857   1.004443
 9780.874   1.005272
 9780.892   1.005807
 9780.909   1.005961
 9780.927   1.005748
 9780.945   1.005276
 9780.962   1.004692
 9780.980   1.004150
 9780.997   1.003751
 9781.015   1.003557
 9781.032   1.003573
 9781.050   1.003812
 9781.068   1.004266
 9781.085   1.004946
 9781.103   1.005823
 9781.120   1.006832
 9781.138   1.007852
 9781.155   1.008746
 9781.173   1.009414
 9781.191   1.009804
 9781.208   1.009969
 9781.226   1.009975
 9781.243   1.009923
 9781.261   1.009851
 9781.279   1.009769
 9781.296   1.009645
 9781.314   1.009454
 9781.331   1.009188
 9781.349   1.008863
 9781.366   1.008483
 9781.384   1.008029
 9781.402   1.007457
 9781.419   1.006723
 9781.437   1.005829
 9781.454   1.004835
 9781.472   1.003871
 9781.489   1.003091
 9781.507   1.002628
 9781.525   1.002524
 9781.542   1.002700
 9781.560   1.002956
 9781.577   1.003027
 9781.595   1.002678
 9781.613   1.001772
 9781.630   1.000311
 9781.648   0.998427
 9781.665   0.996315
 9781.683   0.994167
 9781.700   0.992094
 9781.718   0.990113
 9781.736   0.988143
 9781.753   0.986074
 9781.771   0.983790
 9781.788   0.981194
 9781.806   0.978219
 9781.823   0.974802
 9781.841   0.970880
 9781.859   0.966370
 9781.876   0.961187
 9781.894   0.955253
 9781.911   0.948524
 9781.929   0.940970
 9781.947   0.932529
 9781.964   0.923072
 9781.982   0.912421
 9781.999   0.900404
 9782.017   0.886896
 9782.034   0.871852
 9782.052   0.855250
 9782.070   0.837055
 9782.087   0.817143
 9782.105   0.795240
 9782.122   0.770943
 9782.140   0.743757
 9782.157   0.713204
 9782.175   0.678831
 9782.193   0.640310
 9782.210   0.597453
 9782.228   0.550320
 9782.245   0.499371
 9782.263   0.445669
 9782.281   0.390950
 9782.298   0.337479
 9782.316   0.287717
 9782.333   0.244008
 9782.351   0.208474
 9782.368   0.182859
 9782.386   0.168471
 9782.404   0.166173
 9782.421   0.176194
 9782.439   0.198045
 9782.456   0.230482
 9782.474   0.271702
 9782.491   0.319529
 9782.509   0.371666
 9782.527   0.425931
 9782.544   0.480383
 9782.562   0.533354
 9782.579   0.583559
 9782.597   0.630105
 9782.615   0.672445
 9782.632   0.710378
 9782.650   0.743941
 9782.667   0.773276
 9782.685   0.798568
 9782.702   0.820097
 9782.720   0.838169
 9782.738   0.853059
 9782.755   0.865059
 9782.773   0.874521
 9782.790   0.881896
 9782.808   0.887683
 9782.825   0.892462
 9782.843   0.896789
 9782.861   0.901175
 9782.878   0.905990
 9782.896   0.911409
 9782.913   0.917397
 9782.931   0.923704
 9782.949   0.929938
 9782.966   0.935591
 9782.984   0.940180
 9783.001   0.943322
 9783.019   0.944889
 9783.036   0.945004
 9783.054   0.944069
 9783.072   0.942648
 9783.089   0.941370
 9783.107   0.940775
 9783.124   0.941241
 9783.142   0.942904
 9783.159   0.945671
 9783.177   0.949266
 9783.195   0.953308
 9783.212   0.957416
 9783.230   0.961291
 9783.247   0.964750
 9783.265   0.967744
 9783.283   0.970281
 9783.300   0.972412
 9783.318   0.974158
 9783.335   0.975553
 9783.353   0.976630
 9783.370   0.977490
 9783.388   0.978285
 9783.406   0.979204
 9783.423   0.980426
 9783.441   0.982033
 9783.458   0.984023
 9783.476   0.986286
 9783.493   0.988697
 9783.511   0.991139
 9783.529   0.993562
 9783.546   0.995968
 9783.564   0.998368
 9783.581   1.000744
 9783.599   1.003013
 9783.617   1.005025
 9783.634   1.006625
 9783.652   1.007681
 9783.669   1.008154
 9783.687   1.008084
 9783.704   1.007602
 9783.722   1.006881
 9783.740   1.006088
 9783.757   1.005391
 9783.775   1.004888
 9783.792   1.004656
 9783.810   1.004693
 9783.827   1.004953
 9783.845   1.005332
 9783.863   1.005729
 9783.880   1.006046
 9783.898   1.006227
 9783.915   1.006254
 9783.933   1.006142
 9783.951   1.005917
 9783.968   1.005608
 9783.986   1.005248
 9784.003   1.004866
 9784.021   1.004508
 9784.038   1.004215
 9784.056   1.004036
 9784.074   1.003979
 9784.091   1.004034
 9784.109   1.004133
 9784.126   1.004227
 9784.144   1.004266
 9784.161   1.004261
 9784.179   1.004235
 9784.197   1.004232
 9784.214   1.004276
 9784.232   1.004347
 9784.249   1.004410
 9784.267   1.004396
 9784.285   1.004296
 9784.302   1.004115
 9784.320   1.003936
 9784.337   1.003838
 9784.355   1.003884
 9784.372   1.004093
 9784.390   1.004435
 9784.408   1.004848
 9784.425   1.005251
 9784.443   1.005577
 9784.460   1.005765
 9784.478   1.005788
 9784.495   1.005648
 9784.513   1.005369
 9784.531   1.005007
 9784.548   1.004608
 9784.566   1.004226
 9784.583   1.003893
 9784.601   1.003641
 9784.619   1.003439
 9784.636   1.003173
 9784.654   1.002619
 9784.671   1.001526
 9784.689   0.999729
 9784.706   0.997305
 9784.724   0.994644
 9784.742   0.992376
 9784.759   0.991128
 9784.777   0.991256
 9784.794   0.992621
 9784.812   0.994672
 9784.829   0.996647
 9784.847   0.997910
 9784.865   0.998176
 9784.882   0.997576
 9784.900   0.996513
 9784.917   0.995431
 9784.935   0.994646
 9784.953   0.994237
 9784.970   0.994113
 9784.988   0.994091
 9785.005   0.993990
 9785.023   0.993675
 9785.040   0.993069
 9785.058   0.992149
 9785.076   0.990927
 9785.093   0.989453
 9785.111   0.987793
 9785.128   0.986026
 9785.146   0.984239
 9785.163   0.982529
 9785.181   0.981019
 9785.199   0.979838
 9785.216   0.979141
 9785.234   0.979061
 9785.251   0.979695
 9785.269   0.981012
 9785.287   0.982859
 9785.304   0.984962
 9785.322   0.987001
 9785.339   0.988698
 9785.357   0.989897
 9785.374   0.990590
 9785.392   0.990889
 9785.410   0.990962
 9785.427   0.990975
 9785.445   0.991045
 9785.462   0.991240
 9785.480   0.991580
 9785.497   0.992066
 9785.515   0.992683
 9785.533   0.993395
 9785.550   0.994151
 9785.568   0.994859
 9785.585   0.995439
 9785.603   0.995820
 9785.621   0.995986
 9785.638   0.995953
 9785.656   0.995738
 9785.673   0.995342
 9785.691   0.994714
 9785.708   0.993783
 9785.726   0.992445
 9785.744   0.990627
 9785.761   0.988314
 9785.779   0.985571
 9785.796   0.982584
 9785.814   0.979596
 9785.831   0.976872
 9785.849   0.974620
 9785.867   0.972946
 9785.884   0.971837
 9785.902   0.971195
 9785.919   0.970882
 9785.937   0.970767
 9785.955   0.970737
 9785.972   0.970706
 9785.990   0.970582
 9786.007   0.970349
 9786.025   0.970069
 9786.042   0.969918
 9786.060   0.970176
 9786.078   0.971073
 9786.095   0.972765
 9786.113   0.975207
 9786.130   0.978250
 9786.148   0.981628
 9786.166   0.985101
 9786.183   0.988465
 9786.201   0.991578
 9786.218   0.994316
 9786.236   0.996563
 9786.253   0.998212
 9786.271   0.999208
 9786.289   0.999576
 9786.306   0.999420
 9786.324   0.998915
 9786.341   0.998241
 9786.359   0.997564
 9786.376   0.997003
 9786.394   0.996628
 9786.412   0.996442
 9786.429   0.996391
 9786.447   0.996363
 9786.464   0.996215
 9786.482   0.995817
 9786.500   0.995084
 9786.517   0.994005
 9786.535   0.992619
 9786.552   0.990985
 9786.570   0.989140
 9786.587   0.987101
 9786.605   0.984885
 9786.623   0.982532
 9786.640   0.980155
 9786.658   0.977899
 9786.675   0.975932
 9786.693   0.974343
 9786.710   0.973108
 9786.728   0.972048
 9786.746   0.970881
 9786.763   0.969298
 9786.781   0.967029
 9786.798   0.963938
 9786.816   0.959956
 9786.834   0.955086
 9786.851   0.949277
 9786.869   0.942391
 9786.886   0.934163
 9786.904   0.924207
 9786.921   0.912003
 9786.939   0.896893
 9786.957   0.878111
 9786.974   0.854821
 9786.992   0.826291
 9787.009   0.792153
 9787.027   0.752703
 9787.044   0.709352
 9787.062   0.664611
 9787.080   0.621924
 9787.097   0.585147
 9787.115   0.558155
 9787.132   0.543854
 9787.150   0.544003
 9787.168   0.558509
 9787.185   0.585798
 9787.203   0.622737
 9787.220   0.665491
 9787.238   0.710201
 9787.255   0.753528
 9787.273   0.793099
 9787.291   0.827717
 9787.308   0.857117
 9787.326   0.881724
 9787.343   0.902151
 9787.361   0.919049
 9787.378   0.932973
 9787.396   0.944367
 9787.414   0.953553
 9787.431   0.960795
 9787.449   0.966372
 9787.466   0.970572
 9787.484   0.973675
 9787.502   0.975944
 9787.519   0.977621
 9787.537   0.978969
 9787.554   0.980257
 9787.572   0.981734
 9787.589   0.983566
 9787.607   0.985786
 9787.625   0.988305
 9787.642   0.990919
 9787.660   0.993409
 9787.677   0.995581
 9787.695   0.997341
 9787.712   0.998660
 9787.730   0.999586
 9787.748   1.000196
 9787.765   1.000572
 9787.783   1.000793
 9787.800   1.000920
 9787.818   1.001008
 9787.836   1.001087
 9787.853   1.001183
 9787.871   1.001275
 9787.888   1.001345
 9787.906   1.001338
 9787.923   1.001221
 9787.941   1.000966
 9787.959   1.000582
 9787.976   1.000116
 9787.994   0.999637
 9788.011   0.999257
 9788.029   0.999076
 9788.046   0.999198
 9788.064   0.999643
 9788.082   1.000357
 9788.099   1.001191
 9788.117   1.001950
 9788.134   1.002487
 9788.152   1.002732
 9788.170   1.002777
 9788.187   1.002776
 9788.205   1.002909
 9788.222   1.003268
 9788.240   1.003815
 9788.257   1.004415
 9788.275   1.004870
 9788.293   1.005057
 9788.310   1.004930
 9788.328   1.004579
 9788.345   1.004130
 9788.363   1.003729
 9788.380   1.003454
 9788.398   1.003337
 9788.416   1.003362
 9788.433   1.003517
 9788.451   1.003774
 9788.468   1.004104
 9788.486   1.004421
 9788.504   1.004618
 9788.521   1.004591
 9788.539   1.004290
 9788.556   1.003757
 9788.574   1.003098
 9788.591   1.002474
 9788.609   1.001990
 9788.627   1.001682
 9788.644   1.001468
 9788.662   1.001218
 9788.679   1.000794
 9788.697   1.000115
 9788.714   0.999177
 9788.732   0.997983
 9788.750   0.996515
 9788.767   0.994616
 9788.785   0.992042
 9788.802   0.988442
 9788.820   0.983541
 9788.838   0.977203
 9788.855   0.969583
 9788.873   0.961119
 9788.890   0.952501
 9788.908   0.944579
 9788.925   0.938191
 9788.943   0.934070
 9788.961   0.932728
 9788.978   0.934299
 9788.996   0.938587
 9789.013   0.944951
 9789.031   0.952516
 9789.048   0.960325
 9789.066   0.967578
 9789.084   0.973775
 9789.101   0.978758
 9789.119   0.982614
 9789.136   0.985517
 9789.154   0.987612
 9789.172   0.988928
 9789.189   0.989398
 9789.207   0.988884
 9789.224   0.987229
 9789.242   0.984282
 9789.259   0.979909
 9789.277   0.974039
 9789.295   0.966733
 9789.312   0.958280
 9789.330   0.949293
 9789.347   0.940643
 9789.365   0.933306
 9789.382   0.928191
 9789.400   0.925973
 9789.418   0.926921
 9789.435   0.930938
 9789.453   0.937501
 9789.470   0.945874
 9789.488   0.955127
 9789.506   0.964412
 9789.523   0.973039
 9789.541   0.980581
 9789.558   0.986881
 9789.576   0.992010
 9789.593   0.996160
 9789.611   0.999510
 9789.629   1.002187
 9789.646   1.004238
 9789.664   1.005683
 9789.681   1.006555
 9789.699   1.006936
 9789.716   1.006938
 9789.734   1.006673
 9789.752   1.006218
 9789.769   1.005600
 9789.787   1.004805
 9789.804   1.003779
 9789.822   1.002423
 9789.840   1.000614
 9789.857   0.998231
 9789.875   0.995212
 9789.892   0.991657
 9789.910   0.987820
 9789.927   0.984143
 9789.945   0.981099
 9789.963   0.979130
 9789.980   0.978476
 9789.998   0.979179
 9790.015   0.981085
 9790.033   0.983922
 9790.050   0.987403
 9790.068   0.991224
 9790.086   0.995127
 9790.103   0.998862
 9790.121   1.002188
 9790.138   1.004892
 9790.156   1.006814
 9790.174   1.007918
 9790.191   1.008279
 9790.209   1.008083
 9790.226   1.007552
 9790.244   1.006899
 9790.261   1.006265
 9790.279   1.005727
 9790.297   1.005301
 9790.314   1.004966
 9790.332   1.004665
 9790.349   1.004288
 9790.367   1.003638
 9790.384   1.002477
 9790.402   1.000539
 9790.420   0.997728
 9790.437   0.994093
 9790.455   0.989941
 9790.472   0.985651
 9790.490   0.981570
 9790.508   0.977881
 9790.525   0.974517
 9790.543   0.971263
 9790.560   0.967776
 9790.578   0.963752
 9790.595   0.958903
 9790.613   0.953008
 9790.631   0.945858
 9790.648   0.937247
 9790.666   0.926983
 9790.683   0.914883
 9790.701   0.900813
 9790.718   0.884635
 9790.736   0.866146
 9790.754   0.844999
 9790.771   0.820686
 9790.789   0.792506
 9790.806   0.759716
 9790.824   0.721728
 9790.842   0.678264
 9790.859   0.629491
 9790.877   0.576263
 9790.894   0.520343
 9790.912   0.464251
 9790.929   0.411285
 9790.947   0.365084
 9790.965   0.329132
 9790.982   0.306237
 9791.000   0.298128
 9791.017   0.305332
 9791.035   0.327134
 9791.052   0.361672
 9791.070   0.406361
 9791.088   0.458009
 9791.105   0.513212
 9791.123   0.568791
 9791.140   0.622247
 9791.158   0.671798
 9791.176   0.716348
 9791.193   0.755442
 9791.211   0.789189
 9791.228   0.818024
 9791.246   0.842541
 9791.263   0.863268
 9791.281   0.880706
 9791.299   0.895290
 9791.316   0.907311
 9791.334   0.916961
 9791.351   0.924371
 9791.369   0.929706
 9791.386   0.933220
 9791.404   0.935283
 9791.422   0.936399
 9791.439   0.937115
 9791.457   0.937987
 9791.474   0.939469
 9791.492   0.941864
 9791.510   0.945305
 9791.527   0.949749
 9791.545   0.955031
 9791.562   0.960876
 9791.580   0.966952
 9791.597   0.972934
 9791.615   0.978513
 9791.633   0.983486
 9791.650   0.987746
 9791.668   0.991353
 9791.685   0.994459
 9791.703   0.997235
 9791.720   0.999798
 9791.738   1.002163
 9791.756   1.004292
 9791.773   1.006111
 9791.791   1.007607
 9791.808   1.008796
 9791.826   1.009733
 9791.844   1.010467
 9791.861   1.011030
 9791.879   1.011481
 9791.896   1.011891
 9791.914   1.012368
 9791.931   1.012995
 9791.949   1.013804
 9791.967   1.014753
 9791.984   1.015754
 9792.002   1.016700
 9792.019   1.017515
 9792.037   1.018157
 9792.054   1.018602
 9792.072   1.018866
 9792.090   1.018968
 9792.107   1.018974
 9792.125   1.018939
 9792.142   1.018915
 9792.160   1.018898
 9792.178   1.018826
 9792.195   1.018629
 9792.213   1.018236
 9792.230   1.017664
 9792.248   1.016955
 9792.265   1.016192
 9792.283   1.015408
 9792.301   1.014579
 9792.318   1.013635
 9792.336   1.012484
 9792.353   1.011064
 9792.371   1.009323
 9792.388   1.007225
 9792.406   1.004709
 9792.424   1.001694
 9792.441   0.998076
 9792.459   0.993728
 9792.476   0.988472
 9792.494   0.982048
 9792.512   0.974106
 9792.529   0.964225
 9792.547   0.952005
 9792.564   0.937258
 9792.582   0.920096
 9792.599   0.901134
 9792.617   0.881456
 9792.635   0.862628
 9792.652   0.846473
 9792.670   0.834714
 9792.687   0.828701
 9792.705   0.828988
 9792.723   0.835279
 9792.740   0.846464
 9792.758   0.860851
 9792.775   0.876594
 9792.793   0.891974
 9792.810   0.905697
 9792.828   0.916989
 9792.846   0.925474
 9792.863   0.931092
 9792.881   0.933941
 9792.898   0.934226
 9792.916   0.932204
 9792.933   0.928129
 9792.951   0.922200
 9792.969   0.914556
 9792.986   0.905190
 9793.004   0.893975
 9793.021   0.880684
 9793.039   0.865078
 9793.057   0.846927
 9793.074   0.825978
 9793.092   0.801937
 9793.109   0.774421
 9793.127   0.742964
 9793.144   0.707042
 9793.162   0.666202
 9793.180   0.620230
 9793.197   0.569498
 9793.215   0.514914
 9793.232   0.458090
 9793.250   0.401262
 9793.267   0.347279
 9793.285   0.299178
 9793.303   0.259880
 9793.320   0.231725
 9793.338   0.216386
 9793.355   0.214643
 9793.373   0.226490
 9793.391   0.251149
 9793.408   0.287085
 9793.426   0.332082
 9793.443   0.383514
 9793.461   0.438621
 9793.478   0.494890
 9793.496   0.550119
 9793.514   0.602655
 9793.531   0.651276
 9793.549   0.695186
 9793.566   0.733953
 9793.584   0.767402
 9793.601   0.795520
 9793.619   0.818403
 9793.637   0.836345
 9793.654   0.849827
 9793.672   0.859584
 9793.689   0.866526
 9793.707   0.871673
 9793.725   0.875989
 9793.742   0.880182
 9793.760   0.884720
 9793.777   0.889839
 9793.795   0.895694
 9793.812   0.902430
 9793.830   0.910185
 9793.848   0.919001
 9793.865   0.928709
 9793.883   0.938901
 9793.900   0.949012
 9793.918   0.958454
 9793.935   0.966798
 9793.953   0.973838
 9793.971   0.979607
 9793.988   0.984272
 9794.006   0.988093
 9794.023   0.991291
 9794.041   0.994048
 9794.059   0.996475
 9794.076   0.998607
 9794.094   1.000465
 9794.111   1.002054
 9794.129   1.003412
 9794.146   1.004573
 9794.164   1.005590
 9794.182   1.006495
 9794.199   1.007333
 9794.217   1.008152
 9794.234   1.009017
 9794.252   1.009970
 9794.269   1.011005
 9794.287   1.012037
 9794.305   1.012905
 9794.322   1.013467
 9794.340   1.013620
 9794.357   1.013372
 9794.375   1.012794
 9794.393   1.012004
 9794.410   1.011100
 9794.428   1.010170
 9794.445   1.009283
 9794.463   1.008506
 9794.480   1.007913
 9794.498   1.007561
 9794.516   1.007487
 9794.533   1.007661
 9794.551   1.008003
 9794.568   1.008373
 9794.586   1.008627
 9794.603   1.008656
 9794.621   1.008421
 9794.639   1.007971
 9794.656   1.007408
 9794.674   1.006836
 9794.691   1.006314
 9794.709   1.005842
 9794.727   1.005392
 9794.744   1.004927
 9794.762   1.004434
 9794.779   1.003897
 9794.797   1.003289
 9794.814   1.002562
 9794.832   1.001641
 9794.850   1.000490
 9794.867   0.999093
 9794.885   0.997499
 9794.902   0.995758
 9794.920   0.993904
 9794.937   0.991919
 9794.955   0.989739
 9794.973   0.987314
 9794.990   0.984598
 9795.008   0.981587
 9795.025   0.978223
 9795.043   0.974374
 9795.061   0.969767
 9795.078   0.964007
 9795.096   0.956659
 9795.113   0.947289
 9795.131   0.935559
 9795.148   0.921244
 9795.166   0.904389
 9795.184   0.885414
 9795.201   0.865224
 9795.219   0.845219
 9795.236   0.827180
 9795.254   0.812937
 9795.271   0.804047
 9795.289   0.801509
 9795.307   0.805602
 9795.324   0.815824
 9795.342   0.831026
 9795.359   0.849588
 9795.377   0.869735
 9795.395   0.889787
 9795.412   0.908429
 9795.430   0.924803
 9795.447   0.938512
 9795.465   0.949544
 9795.482   0.958166
 9795.500   0.964778
 9795.518   0.969774
 9795.535   0.973490
 9795.553   0.976177
 9795.570   0.978082
 9795.588   0.979430
 9795.605   0.980462
 9795.623   0.981359
 9795.641   0.982220
 9795.658   0.983014
 9795.676   0.983629
 9795.693   0.983941
 9795.711   0.983894
 9795.729   0.983564
 9795.746   0.983122
 9795.764   0.982779
 9795.781   0.982689
 9795.799   0.982903
 9795.816   0.983357
 9795.834   0.983952
 9795.852   0.984606
 9795.869   0.985319
 9795.887   0.986152
 9795.904   0.987200
 9795.922   0.988526
 9795.939   0.990121
 9795.957   0.991903
 9795.975   0.993708
 9795.992   0.995355
 9796.010   0.996650
 9796.027   0.997486
 9796.045   0.997843
 9796.063   0.997826
 9796.080   0.997642
 9796.098   0.997523
 9796.115   0.997668
 9796.133   0.998140
 9796.150   0.998863
 9796.168   0.999631
 9796.186   1.000195
 9796.203   1.000375
 9796.221   1.000105
 9796.238   0.999482
 9796.256   0.998691
 9796.273   0.997950
 9796.291   0.997406
 9796.309   0.997092
 9796.326   0.996944
 9796.344   0.996832
 9796.361   0.996649
 9796.379   0.996334
 9796.397   0.995916
 9796.414   0.995470
 9796.432   0.995098
 9796.449   0.994875
 9796.467   0.994825
 9796.484   0.994931
 9796.502   0.995112
 9796.520   0.995272
 9796.537   0.995339
 9796.555   0.995288
 9796.572   0.995182
 9796.590   0.995093
 9796.607   0.995120
 9796.625   0.995268
 9796.643   0.995507
 9796.660   0.995736
 9796.678   0.995878
 9796.695   0.995894
 9796.713   0.995808
 9796.731   0.995685
 9796.748   0.995592
 9796.766   0.995572
 9796.783   0.995630
 9796.801   0.995751
 9796.818   0.995905
 9796.836   0.996065
 9796.854   0.996193
 9796.871   0.996270
 9796.889   0.996247
 9796.906   0.996126
 9796.924   0.995934
 9796.941   0.995751
 9796.959   0.995663
 9796.977   0.995725
 9796.994   0.995944
 9797.012   0.996277
 9797.029   0.996647
 9797.047   0.996999
 9797.065   0.997312
 9797.082   0.997599
 9797.100   0.997873
 9797.117   0.998122
 9797.135   0.998308
 9797.152   0.998386
 9797.170   0.998345
 9797.188   0.998221
 9797.205   0.998097
 9797.223   0.998066
 9797.240   0.998164
 9797.258   0.998351
 9797.275   0.998526
 9797.293   0.998563
 9797.311   0.998384
 9797.328   0.997977
 9797.346   0.997426
 9797.363   0.996874
 9797.381   0.996462
 9797.399   0.996288
 9797.416   0.996322
 9797.434   0.996454
 9797.451   0.996508
 9797.469   0.996349
 9797.486   0.995968
 9797.504   0.995459
 9797.522   0.995000
 9797.539   0.994682
 9797.557   0.994478
 9797.574   0.994179
 9797.592   0.993505
 9797.609   0.992242
 9797.627   0.990326
 9797.645   0.987937
 9797.662   0.985389
 9797.680   0.983080
 9797.697   0.981332
 9797.715   0.980365
 9797.733   0.980255
 9797.750   0.980961
 9797.768   0.982353
 9797.785   0.984224
 9797.803   0.986339
 9797.820   0.988444
 9797.838   0.990343
 9797.856   0.991866
 9797.873   0.992927
 9797.891   0.993514
 9797.908   0.993700
 9797.926   0.993681
 9797.943   0.993682
 9797.961   0.993954
 9797.979   0.994601
 9797.996   0.995586
 9798.014   0.996683
 9798.031   0.997590
 9798.049   0.998071
 9798.067   0.998004
 9798.084   0.997452
 9798.102   0.996535
 9798.119   0.995376
 9798.137   0.994002
 9798.154   0.992374
 9798.172   0.990435
 9798.190   0.988197
 9798.207   0.985774
 9798.225   0.983360
 9798.242   0.981181
 9798.260   0.979456
 9798.277   0.978384
 9798.295   0.978136
 9798.313   0.978851
 9798.330   0.980552
 9798.348   0.983141
 9798.365   0.986351
 9798.383   0.989804
 9798.401   0.993101
 9798.418   0.995935
 9798.436   0.998165
 9798.453   0.999816
 9798.471   1.001037
 9798.488   1.001979
 9798.506   1.002766
 9798.524   1.003446
 9798.541   1.004039
 9798.559   1.004558
 9798.576   1.005020
 9798.594   1.005449
 9798.611   1.005814
 9798.629   1.006051
 9798.647   1.006053
 9798.664   1.005758
 9798.682   1.005199
 9798.699   1.004487
 9798.717   1.003812
 9798.735   1.003303
 9798.752   1.002986
 9798.770   1.002755
 9798.787   1.002414
 9798.805   1.001804
 9798.822   1.000856
 9798.840   0.999679
 9798.858   0.998465
 9798.875   0.997436
 9798.893   0.996712
 9798.910   0.996260
 9798.928   0.995910
 9798.945   0.995393
 9798.963   0.994469
 9798.981   0.992951
 9798.998   0.990798
 9799.016   0.988051
 9799.033   0.984813
 9799.051   0.981165
 9799.069   0.977106
 9799.086   0.972543
 9799.104   0.967290
 9799.121   0.961126
 9799.139   0.953850
 9799.156   0.945301
 9799.174   0.935379
 9799.192   0.923934
 9799.209   0.910734
 9799.227   0.895345
 9799.244   0.877143
 9799.262   0.855272
 9799.279   0.828712
 9799.297   0.796444
 9799.315   0.757652
 9799.332   0.712086
 9799.350   0.660305
 9799.367   0.604077
 9799.385   0.546371
 9799.403   0.491248
 9799.420   0.443116
 9799.438   0.406283
 9799.455   0.384238
 9799.473   0.379127
 9799.490   0.391343
 9799.508   0.419512
 9799.526   0.460650
 9799.543   0.510718
 9799.561   0.565246
 9799.578   0.620204
 9799.596   0.672384
 9799.614   0.719654
 9799.631   0.760933
 9799.649   0.796112
 9799.666   0.825713
 9799.684   0.850608
 9799.701   0.871705
 9799.719   0.889866
 9799.737   0.905774
 9799.754   0.919882
 9799.772   0.932398
 9799.789   0.943395
 9799.807   0.952889
 9799.824   0.960926
 9799.842   0.967629
 9799.860   0.973170
 9799.877   0.977736
 9799.895   0.981470
 9799.912   0.984487
 9799.930   0.986904
 9799.948   0.988885
 9799.965   0.990624
 9799.983   0.992322
 9800.000   0.994113
 9800.018   0.996008
 9800.035   0.997936
 9800.053   0.999745
 9800.071   1.001331
 9800.088   1.002645
 9800.106   1.003759
 9800.123   1.004807
 9800.141   1.005930
 9800.158   1.007235
 9800.176   1.008682
 9800.194   1.010180
 9800.211   1.011503
 9800.229   1.012476
 9800.246   1.012955
 9800.264   1.012961
 9800.282   1.012605
 9800.299   1.012049
 9800.317   1.011442
 9800.334   1.010812
 9800.352   1.010150
 9800.369   1.009367
 9800.387   1.008432
 9800.405   1.007348
 9800.422   1.006188
 9800.440   1.005042
 9800.457   1.003956
 9800.475   1.002937
 9800.492   1.001907
 9800.510   1.000835
 9800.528   0.999732
 9800.545   0.998762
 9800.563   0.998189
 9800.580   0.998291
 9800.598   0.999266
 9800.616   1.001074
 9800.633   1.003489
 9800.651   1.006081
 9800.668   1.008437
 9800.686   1.010240
 9800.703   1.011381
 9800.721   1.011940
 9800.739   1.012080
 9800.756   1.012016
 9800.774   1.011883
 9800.791   1.011793
 9800.809   1.011771
 9800.826   1.011813
 9800.844   1.011864
 9800.862   1.011839
 9800.879   1.011652
 9800.897   1.011224
 9800.914   1.010562
 9800.932   1.009720
 9800.950   1.008812
 9800.967   1.007934
 9800.985   1.007131
 9801.002   1.006359
 9801.020   1.005512
 9801.037   1.004458
 9801.055   1.003096
 9801.073   1.001406
 9801.090   0.999449
 9801.108   0.997332
 9801.125   0.995155
 9801.143   0.992953
 9801.160   0.990683
 9801.178   0.988201
 9801.196   0.985316
 9801.213   0.981813
 9801.231   0.977478
 9801.248   0.972164
 9801.266   0.965750
 9801.284   0.958214
 9801.301   0.949555
 9801.319   0.939820
 9801.336   0.929004
 9801.354   0.917010
 9801.371   0.903634
 9801.389   0.888580
 9801.407   0.871526
 9801.424   0.852102
 9801.442   0.829932
 9801.459   0.804544
 9801.477   0.775401
 9801.494   0.741831
 9801.512   0.703089
 9801.530   0.658537
 9801.547   0.608039
 9801.565   0.552192
 9801.582   0.492584
 9801.600   0.431785
 9801.618   0.373235
 9801.635   0.320842
 9801.653   0.278559
 9801.670   0.249739
 9801.688   0.236736
 9801.705   0.240530
 9801.723   0.260648
 9801.741   0.295229
 9801.758   0.341457
 9801.776   0.395927
 9801.793   0.455122
 9801.811   0.515678
 9801.828   0.574751
 9801.846   0.630126
 9801.864   0.680328
 9801.881   0.724495
 9801.899   0.762342
 9801.916   0.793930
 9801.934   0.819542
 9801.952   0.839625
 9801.969   0.854736
 9801.987   0.865503
 9802.004   0.872565
 9802.022   0.876617
 9802.039   0.878432
 9802.057   0.878925
 9802.075   0.879159
 9802.092   0.880271
 9802.110   0.883261
 9802.127   0.888781
 9802.145   0.896959
 9802.162   0.907397
 9802.180   0.919304
 9802.198   0.931722
 9802.215   0.943778
 9802.233   0.954833
 9802.250   0.964535
 9802.268   0.972808
 9802.286   0.979717
 9802.303   0.985457
 9802.321   0.990210
 9802.338   0.994160
 9802.356   0.997443
 9802.373   1.000187
 9802.391   1.002518
 9802.409   1.004527
 9802.426   1.006281
 9802.444   1.007780
 9802.461   1.008997
 9802.479   1.009926
 9802.496   1.010603
 9802.514   1.011122
 9802.532   1.011571
 9802.549   1.012009
 9802.567   1.012418
 9802.584   1.012723
 9802.602   1.012850
 9802.620   1.012751
 9802.637   1.012455
 9802.655   1.012017
 9802.672   1.011489
 9802.690   1.010883
 9802.707   1.010144
 9802.725   1.009193
 9802.743   1.007949
 9802.760   1.006395
 9802.778   1.004553
 9802.795   1.002467
 9802.813   1.000153
 9802.830   0.997551
 9802.848   0.994560
 9802.866   0.991051
 9802.883   0.986933
 9802.901   0.982150
 9802.918   0.976688
 9802.936   0.970514
 9802.954   0.963516
 9802.971   0.955486
 9802.989   0.946057
 9803.006   0.934734
 9803.024   0.920823
 9803.041   0.903494
 9803.059   0.881791
 9803.077   0.854802
 9803.094   0.821821
 9803.112   0.782810
 9803.129   0.738567
 9803.147   0.691185
 9803.164   0.643876
 9803.182   0.600730
 9803.200   0.565811
 9803.217   0.542578
 9803.235   0.533307
 9803.252   0.538871
 9803.270   0.558486
 9803.288   0.590063
 9803.305   0.630264
 9803.323   0.675255
 9803.340   0.721322
 9803.358   0.765431
 9803.375   0.805477
 9803.393   0.840335
 9803.411   0.869686
 9803.428   0.893815
 9803.446   0.913327
 9803.463   0.929035
 9803.481   0.941730
 9803.498   0.952067
 9803.516   0.960532
 9803.534   0.967459
 9803.551   0.973124
 9803.569   0.977751
 9803.586   0.981552
 9803.604   0.984705
 9803.622   0.987324
 9803.639   0.989498
 9803.657   0.991267
 9803.674   0.992689
 9803.692   0.993828
 9803.709   0.994787
 9803.727   0.995684
 9803.745   0.996625
 9803.762   0.997695
 9803.780   0.998903
 9803.797   1.000210
 9803.815   1.001494
 9803.832   1.002632
 9803.850   1.003472
 9803.868   1.003927
 9803.885   1.003960
 9803.903   1.003639
 9803.920   1.003114
 9803.938   1.002608
 9803.956   1.002359
 9803.973   1.002521
 9803.991   1.003113
 9804.008   1.003958
 9804.026   1.004773
 9804.043   1.005265
 9804.061   1.005297
 9804.079   1.004922
 9804.096   1.004375
 9804.114   1.003926
 9804.131   1.003785
 9804.149   1.003985
 9804.166   1.004420
 9804.184   1.004894
 9804.202   1.005204
 9804.219   1.005229
 9804.237   1.004923
 9804.254   1.004347
 9804.272   1.003611
 9804.290   1.002869
 9804.307   1.002270
 9804.325   1.001926
 9804.342   1.001886
 9804.360   1.002109
 9804.377   1.002499
 9804.395   1.002915
 9804.413   1.003247
 9804.430   1.003416
 9804.448   1.003418
 9804.465   1.003286
 9804.483   1.003062
 9804.500   1.002799
 9804.518   1.002503
 9804.536   1.002193
 9804.553   1.001862
 9804.571   1.001543
 9804.588   1.001272
 9804.606   1.001072
 9804.624   1.000969
 9804.641   1.000893
 9804.659   1.000767
 9804.676   1.000495
 9804.694   1.000038
 9804.711   0.999448
 9804.729   0.998834
 9804.747   0.998342
 9804.764   0.998030
 9804.782   0.997894
 9804.799   0.997831
 9804.817   0.997746
 9804.834   0.997576
 9804.852   0.997332
 9804.870   0.997061
 9804.887   0.996799
 9804.905   0.996546
 9804.922   0.996227
 9804.940   0.995751
 9804.958   0.995010
 9804.975   0.993939
 9804.993   0.992472
 9805.010   0.990581
 9805.028   0.988248
 9805.045   0.985446
 9805.063   0.982145
 9805.081   0.978269
 9805.098   0.973726
 9805.116   0.968433
 9805.133   0.962384
 9805.151   0.955740
 9805.168   0.948848
 9805.186   0.942274
 9805.204   0.936693
 9805.221   0.932807
 9805.239   0.931159
 9805.256   0.932034
 9805.274   0.935355
 9805.292   0.940714
 9805.309   0.947460
 9805.327   0.954848
 9805.344   0.962216
 9805.362   0.969010
 9805.379   0.974868
 9805.397   0.979611
 9805.415   0.983219
 9805.432   0.985812
 9805.450   0.987573
 9805.467   0.988727
 9805.485   0.989467
 9805.502   0.989988
 9805.520   0.990428
 9805.538   0.990916
 9805.555   0.991500
 9805.573   0.992190
 9805.590   0.992913
 9805.608   0.993561
 9805.626   0.994013
 9805.643   0.994161
 9805.661   0.993986
 9805.678   0.993515
 9805.696   0.992836
 9805.713   0.992034
 9805.731   0.991178
 9805.749   0.990309
 9805.766   0.989427
 9805.784   0.988528
 9805.801   0.987607
 9805.819   0.986692
 9805.836   0.985856
 9805.854   0.985206
 9805.872   0.984849
 9805.889   0.984865
 9805.907   0.985242
 9805.924   0.985898
 9805.942   0.986678
 9805.960   0.987396
 9805.977   0.987871
 9805.995   0.987933
 9806.012   0.987480
 9806.030   0.986476
 9806.047   0.984990
 9806.065   0.983163
 9806.083   0.981128
 9806.100   0.978960
 9806.118   0.976583
 9806.135   0.973840
 9806.153   0.970572
 9806.171   0.966742
 9806.188   0.962515
 9806.206   0.958222
 9806.223   0.954310
 9806.241   0.951235
 9806.258   0.949372
 9806.276   0.948965
 9806.294   0.950036
 9806.311   0.952450
 9806.329   0.955832
 9806.346   0.959745
 9806.364   0.963761
 9806.381   0.967583
 9806.399   0.971110
 9806.417   0.974328
 9806.434   0.977308
 9806.452   0.980018
 9806.469   0.982403
 9806.487   0.984370
 9806.505   0.985882
 9806.522   0.986984
 9806.540   0.987759
 9806.557   0.988327
 9806.575   0.988755
 9806.592   0.989095
 9806.610   0.989395
 9806.628   0.989708
 9806.645   0.990151
 9806.663   0.990813
 9806.680   0.991744
 9806.698   0.992889
 9806.715   0.994059
 9806.733   0.995025
 9806.751   0.995552
 9806.768   0.995587
 9806.786   0.995211
 9806.803   0.994691
 9806.821   0.994313
 9806.839   0.994303
 9806.856   0.994751
 9806.874   0.995584
 9806.891   0.996646
 9806.909   0.997680
 9806.926   0.998492
 9806.944   0.998920
 9806.962   0.998952
 9806.979   0.998675
 9806.997   0.998232
 9807.014   0.997773
 9807.032   0.997359
 9807.049   0.997024
 9807.067   0.996783
 9807.085   0.996658
 9807.102   0.996692
 9807.120   0.996850
 9807.137   0.997058
 9807.155   0.997180
 9807.173   0.997170
 9807.190   0.997097
 9807.208   0.997107
 9807.225   0.997350
 9807.243   0.997810
 9807.260   0.998343
 9807.278   0.998715
 9807.296   0.998748
 9807.313   0.998435
 9807.331   0.997904
 9807.348   0.997375
 9807.366   0.996974
 9807.383   0.996749
 9807.401   0.996668
 9807.419   0.996695
 9807.436   0.996854
 9807.454   0.997162
 9807.471   0.997619
 9807.489   0.998117
 9807.507   0.998523
 9807.524   0.998725
 9807.542   0.998731
 9807.559   0.998640
 9807.577   0.998575
 9807.594   0.998610
 9807.612   0.998700
 9807.630   0.998756
 9807.647   0.998709
 9807.665   0.998584
 9807.682   0.998472
 9807.700   0.998475
 9807.717   0.998632
 9807.735   0.998866
 9807.753   0.999063
 9807.770   0.999068
 9807.788   0.998800
 9807.805   0.998237
 9807.823   0.997417
 9807.841   0.996418
 9807.858   0.995260
 9807.876   0.993948
 9807.893   0.992379
 9807.911   0.990476
 9807.928   0.988179
 9807.946   0.985527
 9807.964   0.982668
 9807.981   0.979809
 9807.999   0.977191
 9808.016   0.975019
 9808.034   0.973452
 9808.051   0.972605
 9808.069   0.972562
 9808.087   0.973334
 9808.104   0.974872
 9808.122   0.976965
 9808.139   0.979348
 9808.157   0.981676
 9808.175   0.983710
 9808.192   0.985337
 9808.210   0.986570
 9808.227   0.987520
 9808.245   0.988211
 9808.262   0.988623
 9808.280   0.988555
 9808.298   0.987767
 9808.315   0.985985
 9808.333   0.983035
 9808.350   0.978862
 9808.368   0.973485
 9808.385   0.966986
 9808.403   0.959386
 9808.421   0.950681
 9808.438   0.940842
 9808.456   0.930035
 9808.473   0.918659
 9808.491   0.907418
 9808.509   0.897228
 9808.526   0.889136
 9808.544   0.884088
 9808.561   0.882794
 9808.579   0.885522
 9808.596   0.892110
 9808.614   0.901852
 9808.632   0.913717
 9808.649   0.926461
 9808.667   0.938894
 9808.684   0.950045
 9808.702   0.959315
 9808.719   0.966541
 9808.737   0.971905
 9808.755   0.975836
 9808.772   0.978822
 9808.790   0.981292
 9808.807   0.983520
 9808.825   0.985589
 9808.843   0.987450
 9808.860   0.988964
 9808.878   0.990021
 9808.895   0.990612
 9808.913   0.990841
 9808.930   0.990919
 9808.948   0.991041
 9808.966   0.991329
 9808.983   0.991766
 9809.001   0.992267
 9809.018   0.992762
 9809.036   0.993258
 9809.053   0.993846
 9809.071   0.994568
 9809.089   0.995413
 9809.106   0.996246
 9809.124   0.996919
 9809.141   0.997324
 9809.159   0.997464
 9809.177   0.997451
 9809.194   0.997413
 9809.212   0.997465
 9809.229   0.997617
 9809.247   0.997853
 9809.264   0.998113
 9809.282   0.998370
 9809.300   0.998633
 9809.317   0.998906
 9809.335   0.999170
 9809.352   0.999326
 9809.370   0.999257
 9809.387   0.998872
 9809.405   0.998210
 9809.423   0.997441
 9809.440   0.996828
 9809.458   0.996582
 9809.475   0.996777
 9809.493   0.997283
 9809.511   0.997872
 9809.528   0.998301
 9809.546   0.998477
 9809.563   0.998441
 9809.581   0.998340
 9809.598   0.998315
 9809.616   0.998381
 9809.634   0.998501
 9809.651   0.998531
 9809.669   0.998395
 9809.686   0.998028
 9809.704   0.997454
 9809.721   0.996715
 9809.739   0.995887
 9809.757   0.995052
 9809.774   0.994267
 9809.792   0.993573
 9809.809   0.992966
 9809.827   0.992428
 9809.845   0.991941
 9809.862   0.991514
 9809.880   0.991183
 9809.897   0.991001
 9809.915   0.991013
 9809.932   0.991219
 9809.950   0.991540
 9809.968   0.991836
 9809.985   0.991922
 9810.003   0.991648
 9810.020   0.990944
 9810.038   0.989815
 9810.055   0.988304
 9810.073   0.986412
 9810.091   0.984031
 9810.108   0.980951
 9810.126   0.976927
 9810.143   0.971802
 9810.161   0.965574
 9810.179   0.958485
 9810.196   0.951007
 9810.214   0.943800
 9810.231   0.937649
 9810.249   0.933309
 9810.266   0.931388
 9810.284   0.932230
 9810.302   0.935733
 9810.319   0.941431
 9810.337   0.948466
 9810.354   0.955933
 9810.372   0.963008
 9810.389   0.969198
 9810.407   0.974347
 9810.425   0.978593
 9810.442   0.982204
 9810.460   0.985393
 9810.477   0.988249
 9810.495   0.990732
 9810.513   0.992739
 9810.530   0.994201
 9810.548   0.995148
 9810.565   0.995683
 9810.583   0.995966
 9810.600   0.996107
 9810.618   0.996191
 9810.636   0.996204
 9810.653   0.996138
 9810.671   0.995986
 9810.688   0.995782
 9810.706   0.995623
 9810.723   0.995569
 9810.741   0.995684
 9810.759   0.995928
 9810.776   0.996281
 9810.794   0.996694
 9810.811   0.997158
 9810.829   0.997656
 9810.847   0.998152
 9810.864   0.998592
 9810.882   0.998924
 9810.899   0.999149
 9810.917   0.999270
 9810.934   0.999326
 9810.952   0.999302
 9810.970   0.999192
 9810.987   0.998982
 9811.005   0.998709
 9811.022   0.998424
 9811.040   0.998187
 9811.057   0.998030
 9811.075   0.997951
 9811.093   0.997939
 9811.110   0.997989
 9811.128   0.998115
 9811.145   0.998340
 9811.163   0.998666
 9811.181   0.999053
 9811.198   0.999426
 9811.216   0.999677
 9811.233   0.999751
 9811.251   0.999615
 9811.268   0.999320
 9811.286   0.998924
 9811.304   0.998515
 9811.321   0.998202
 9811.339   0.998081
 9811.356   0.998275
 9811.374   0.998812
 9811.391   0.999649
 9811.409   1.000616
 9811.427   1.001506
 9811.444   1.002141
 9811.462   1.002430
 9811.479   1.002397
 9811.497   1.002147
 9811.515   1.001805
 9811.532   1.001519
 9811.550   1.001401
 9811.567   1.001536
 9811.585   1.001889
 9811.602   1.002319
 9811.620   1.002590
 9811.638   1.002491
 9811.655   1.001948
 9811.673   1.001049
 9811.690   1.000047
 9811.708   0.999210
 9811.725   0.998763
 9811.743   0.998780
 9811.761   0.999204
 9811.778   0.999875
 9811.796   1.000557
 9811.813   1.001005
 9811.831   1.000981
 9811.849   1.000309
 9811.866   0.998944
 9811.884   0.996970
 9811.901   0.994615
 9811.919   0.992128
 9811.936   0.989667
 9811.954   0.987178
 9811.972   0.984365
 9811.989   0.980811
 9812.007   0.976049
 9812.024   0.969715
 9812.042   0.961546
 9812.059   0.951441
 9812.077   0.939486
 9812.095   0.926015
 9812.112   0.911582
 9812.130   0.896940
 9812.147   0.882955
 9812.165   0.870559
 9812.183   0.860770
 9812.200   0.854545
 9812.218   0.852728
 9812.235   0.855687
 9812.253   0.863214
 9812.270   0.874478
 9812.288   0.888239
 9812.306   0.903105
 9812.323   0.917808
 9812.341   0.931466
 9812.358   0.943633
 9812.376   0.954235
 9812.393   0.963402
 9812.411   0.971271
 9812.429   0.977979
 9812.446   0.983519
 9812.464   0.987867
 9812.481   0.990973
 9812.499   0.992887
 9812.517   0.993801
 9812.534   0.994031
 9812.552   0.993996
 9812.569   0.994054
 9812.587   0.994435
 9812.604   0.995136
 9812.622   0.996007
 9812.640   0.996823
 9812.657   0.997397
 9812.675   0.997668
 9812.692   0.997669
 9812.710   0.997510
 9812.727   0.997308
 9812.745   0.997142
 9812.763   0.997070
 9812.780   0.997100
 9812.798   0.997227
 9812.815   0.997411
 9812.833   0.997585
 9812.851   0.997681
 9812.868   0.997612
 9812.886   0.997334
 9812.903   0.996812
 9812.921   0.996050
 9812.938   0.995097
 9812.956   0.993984
 9812.974   0.992761
 9812.991   0.991407
 9813.009   0.989898
 9813.026   0.988198
 9813.044   0.986290
 9813.062   0.984225
 9813.079   0.981995
 9813.097   0.979622
 9813.114   0.977032
 9813.132   0.974141
 9813.149   0.970833
 9813.167   0.966929
 9813.185   0.962185
 9813.202   0.956230
 9813.220   0.948631
 9813.237   0.938897
 9813.255   0.926535
 9813.272   0.911065
 9813.290   0.892026
 9813.308   0.869004
 9813.325   0.841733
 9813.343   0.810376
 9813.360   0.775974
 9813.378   0.740524
 9813.396   0.706906
 9813.413   0.678332
 9813.431   0.657727
 9813.448   0.647280
 9813.466   0.648117
 9813.483   0.660096
 9813.501   0.681908
 9813.519   0.711128
 9813.536   0.744743
 9813.554   0.779674
 9813.571   0.813295
 9813.589   0.843753
 9813.606   0.870051
 9813.624   0.891919
 9813.642   0.909700
 9813.659   0.924094
 9813.677   0.935889
 9813.694   0.945789
 9813.712   0.954244
 9813.730   0.961556
 9813.747   0.967863
 9813.765   0.973248
 9813.782   0.977748
 9813.800   0.981378
 9813.817   0.984201
 9813.835   0.986330
 9813.853   0.987961
 9813.870   0.989266
 9813.888   0.990381
 9813.905   0.991328
 9813.923   0.992089
 9813.940   0.992685
 9813.958   0.993228
 9813.976   0.993921
 9813.993   0.994885
 9814.011   0.996099
 9814.028   0.997348
 9814.046   0.998383
 9814.064   0.999081
 9814.081   0.999501
 9814.099   0.999877
 9814.116   1.000398
 9814.134   1.001114
 9814.151   1.001889
 9814.169   1.002524
 9814.187   1.002933
 9814.204   1.003173
 9814.222   1.003447
 9814.239   1.003885
 9814.257   1.004479
 9814.274   1.005041
 9814.292   1.005323
 9814.310   1.005214
 9814.327   1.004757
 9814.345   1.004207
 9814.362   1.003794
 9814.380   1.003663
 9814.398   1.003776
 9814.415   1.003951
 9814.433   1.004053
 9814.450   1.003996
 9814.468   1.003882
 9814.485   1.003835
 9814.503   1.003974
 9814.521   1.004291
 9814.538   1.004647
 9814.556   1.004886
 9814.573   1.004859
 9814.591   1.004578
 9814.608   1.004132
 9814.626   1.003723
 9814.644   1.003509
 9814.661   1.003584
 9814.679   1.003910
 9814.696   1.004308
 9814.714   1.004552
 9814.732   1.004420
 9814.749   1.003860
 9814.767   1.002973
 9814.784   1.002039
 9814.802   1.001305
 9814.819   1.000918
 9814.837   1.000814
 9814.855   1.000790
 9814.872   1.000651
 9814.890   1.000291
 9814.907   0.999813
 9814.925   0.999399
 9814.942   0.999241
 9814.960   0.999353
 9814.978   0.999587
 9814.995   0.999704
 9815.013   0.999519
 9815.030   0.999043
 9815.048   0.998459
 9815.066   0.998055
 9815.083   0.998029
 9815.101   0.998395
 9815.118   0.998958
 9815.136   0.999411
 9815.153   0.999476
 9815.171   0.999054
 9815.189   0.998245
 9815.206   0.997294
 9815.224   0.996446
 9815.241   0.995822
 9815.259   0.995379
 9815.276   0.994933
 9815.294   0.994254
 9815.312   0.993134
 9815.329   0.991443
 9815.347   0.989116
 9815.364   0.986127
 9815.382   0.982433
 9815.400   0.977941
 9815.417   0.972491
 9815.435   0.965861
 9815.452   0.957828
 9815.470   0.948175
 9815.487   0.936825
 9815.505   0.923905
 9815.523   0.909881
 9815.540   0.895595
 9815.558   0.882127
 9815.575   0.870659
 9815.593   0.862214
 9815.610   0.857562
 9815.628   0.857065
 9815.646   0.860583
 9815.663   0.867506
 9815.681   0.876813
 9815.698   0.887369
 9815.716   0.898151
 9815.734   0.908446
 9815.751   0.917945
 9815.769   0.926646
 9815.786   0.934735
 9815.804   0.942410
 9815.821   0.949785
 9815.839   0.956815
 9815.857   0.963304
 9815.874   0.968963
 9815.892   0.973506
 9815.909   0.976771
 9815.927   0.978743
 9815.944   0.979552
 9815.962   0.979330
 9815.980   0.978145
 9815.997   0.975920
 9816.015   0.972501
 9816.032   0.967779
 9816.050   0.961882
 9816.068   0.955232
 9816.085   0.948558
 9816.103   0.942701
 9816.120   0.938442
 9816.138   0.936361
 9816.155   0.936738
 9816.173   0.939561
 9816.191   0.944520
 9816.208   0.951058
 9816.226   0.958418
 9816.243   0.965759
 9816.261   0.972297
 9816.278   0.977493
 9816.296   0.981080
 9816.314   0.983147
 9816.331   0.983891
 9816.349   0.983476
 9816.366   0.981842
 9816.384   0.978682
 9816.402   0.973668
 9816.419   0.966557
 9816.437   0.957464
 9816.454   0.946743
 9816.472   0.935023
 9816.489   0.923045
 9816.507   0.911696
 9816.525   0.902037
 9816.542   0.895202
 9816.560   0.892253
 9816.577   0.893799
 9816.595   0.899749
 9816.612   0.909254
 9816.630   0.920904
 9816.648   0.933174
 9816.665   0.944758
 9816.683   0.954816
 9816.700   0.962983
 9816.718   0.969264
 9816.736   0.973919
 9816.753   0.977342
 9816.771   0.979931
 9816.788   0.982076
 9816.806   0.984063
 9816.823   0.986071
 9816.841   0.988137
 9816.859   0.990190
 9816.876   0.992123
 9816.894   0.993854
 9816.911   0.995373
 9816.929   0.996755
 9816.946   0.998090
 9816.964   0.999434
 9816.982   1.000788
 9816.999   1.002123
 9817.017   1.003415
 9817.034   1.004611
 9817.052   1.005616
 9817.070   1.006270
 9817.087   1.006417
 9817.105   1.005992
 9817.122   1.005109
 9817.140   1.004018
 9817.157   1.003030
 9817.175   1.002356
 9817.193   1.002037
 9817.210   1.001947
 9817.228   1.001889
 9817.245   1.001672
 9817.263   1.001174
 9817.280   1.000296
 9817.298   0.998945
 9817.316   0.997057
 9817.333   0.994579
 9817.351   0.991600
 9817.368   0.988230
 9817.386   0.984638
 9817.404   0.980917
 9817.421   0.976986
 9817.439   0.972675
 9817.456   0.967646
 9817.474   0.961603
 9817.491   0.954154
 9817.509   0.944876
 9817.527   0.933254
 9817.544   0.918721
 9817.562   0.900877
 9817.579   0.879581
 9817.597   0.855178
 9817.614   0.828601
 9817.632   0.801419
 9817.650   0.775760
 9817.667   0.754089
 9817.685   0.738782
 9817.702   0.731693
 9817.720   0.733635
 9817.738   0.744276
 9817.755   0.762159
 9817.773   0.785190
 9817.790   0.811093
 9817.808   0.837778
 9817.825   0.863593
 9817.843   0.887388
 9817.861   0.908464
 9817.878   0.926465
 9817.896   0.941369
 9817.913   0.953400
 9817.931   0.962995
 9817.948   0.970687
 9817.966   0.976938
 9817.984   0.982082
 9818.001   0.986224
 9818.019   0.989385
 9818.036   0.991555
 9818.054   0.992857
 9818.072   0.993542
 9818.089   0.993943
 9818.107   0.994372
 9818.124   0.994990
 9818.142   0.995841
 9818.159   0.996863
 9818.177   0.998000
 9818.195   0.999180
 9818.212   1.000343
 9818.230   1.001359
 9818.247   1.002055
 9818.265   1.002257
 9818.282   1.001871
 9818.300   1.000964
 9818.318   0.999756
 9818.335   0.998564
 9818.353   0.997664
 9818.370   0.997134
 9818.388   0.996833
 9818.406   0.996373
 9818.423   0.995329
 9818.441   0.993389
 9818.458   0.990486
 9818.476   0.986846
 9818.493   0.982819
 9818.511   0.978827
 9818.529   0.975191
 9818.546   0.972157
 9818.564   0.969898
 9818.581   0.968534
 9818.599   0.968193
 9818.616   0.968941
 9818.634   0.970782
 9818.652   0.973601
 9818.669   0.977109
 9818.687   0.980935
 9818.704   0.984654
 9818.722   0.987958
 9818.740   0.990717
 9818.757   0.992951
 9818.775   0.994804
 9818.792   0.996351
 9818.810   0.997601
 9818.827   0.998519
 9818.845   0.999124
 9818.863   0.999544
 9818.880   0.999956
 9818.898   1.000459
 9818.915   1.001012
 9818.933   1.001436
 9818.950   1.001580
 9818.968   1.001460
 9818.986   1.001230
 9819.003   1.001115
 9819.021   1.001177
 9819.038   1.001278
 9819.056   1.001181
 9819.074   1.000690
 9819.091   0.999844
 9819.109   0.998824
 9819.126   0.997850
 9819.144   0.997038
 9819.161   0.996344
 9819.179   0.995711
 9819.197   0.995122
 9819.214   0.994706
 9819.232   0.994614
 9819.249   0.994980
 9819.267   0.995759
 9819.284   0.996752
 9819.302   0.997678
 9819.320   0.998284
 9819.337   0.998521
 9819.355   0.998460
 9819.372   0.998280
 9819.390   0.998062
 9819.408   0.997772
 9819.425   0.997307
 9819.443   0.996597
 9819.460   0.995722
 9819.478   0.994848
 9819.495   0.994166
 9819.513   0.993759
 9819.531   0.993582
 9819.548   0.993498
 9819.566   0.993401
 9819.583   0.993282
 9819.601   0.993254
 9819.619   0.993462
 9819.636   0.993958
 9819.654   0.994653
 9819.671   0.995315
 9819.689   0.995721
 9819.706   0.995734
 9819.724   0.995433
 9819.742   0.995028
 9819.759   0.994792
 9819.777   0.994869
 9819.794   0.995240
 9819.812   0.995714
 9819.829   0.996102
 9819.847   0.996320
 9819.865   0.996403
 9819.882   0.996467
 9819.900   0.996521
 9819.917   0.996495
 9819.935   0.996262
 9819.953   0.995812
 9819.970   0.995325
 9819.988   0.995096
 9820.005   0.995358
 9820.023   0.996097
 9820.040   0.997023
 9820.058   0.997712
 9820.076   0.997828
 9820.093   0.997303
 9820.111   0.996367
 9820.128   0.995396
 9820.146   0.994751
 9820.163   0.994554
 9820.181   0.994693
 9820.199   0.994872
 9820.216   0.994830
 9820.234   0.994474
 9820.251   0.993925
 9820.269   0.993456
 9820.287   0.993260
 9820.304   0.993404
 9820.322   0.993758
 9820.339   0.994169
 9820.357   0.994547
 9820.374   0.994909
 9820.392   0.995297
 9820.410   0.995671
 9820.427   0.995899
 9820.445   0.995881
 9820.462   0.995611
 9820.480   0.995234
 9820.497   0.994944
 9820.515   0.994824
 9820.533   0.994875
 9820.550   0.994948
 9820.568   0.994939
 9820.585   0.994787
 9820.603   0.994514
 9820.621   0.994201
 9820.638   0.993868
 9820.656   0.993543
 9820.673   0.993201
 9820.691   0.992884
 9820.708   0.992682
 9820.726   0.992694
 9820.744   0.993003
 9820.761   0.993564
 9820.779   0.994261
 9820.796   0.994900
 9820.814   0.995330
 9820.831   0.995479
 9820.849   0.995394
 9820.867   0.995185
 9820.884   0.994967
 9820.902   0.994812
 9820.919   0.994720
 9820.937   0.994669
 9820.955   0.994569
 9820.972   0.994351
 9820.990   0.993947
 9821.007   0.993356
 9821.025   0.992699
 9821.042   0.992171
 9821.060   0.992013
 9821.078   0.992370
 9821.095   0.993229
 9821.113   0.994384
 9821.130   0.995526
 9821.148   0.996339
 9821.165   0.996620
 9821.183   0.996306
 9821.201   0.995502
 9821.218   0.994416
 9821.236   0.993262
 9821.253   0.992255
 9821.271   0.991469
 9821.289   0.990902
 9821.306   0.990461
 9821.324   0.990007
 9821.341   0.989440
 9821.359   0.988632
 9821.376   0.987519
 9821.394   0.986029
 9821.412   0.984058
 9821.429   0.981621
 9821.447   0.978718
 9821.464   0.975495
 9821.482   0.972015
 9821.499   0.968101
 9821.517   0.963314
 9821.535   0.956782
 9821.552   0.947666
 9821.570   0.935205
 9821.587   0.919030
 9821.605   0.899093
 9821.623   0.875660
 9821.640   0.849370
 9821.658   0.821301
 9821.675   0.793044
 9821.693   0.766719
 9821.710   0.744801
 9821.728   0.729717
 9821.746   0.723209
 9821.763   0.725992
 9821.781   0.737387
 9821.798   0.755713
 9821.816   0.778610
 9821.833   0.803678
 9821.851   0.828844
 9821.869   0.852589
 9821.886   0.873957
 9821.904   0.892584
 9821.921   0.908466
 9821.939   0.921906
 9821.957   0.933332
 9821.974   0.943247
 9821.992   0.952083
 9822.009   0.960105
 9822.027   0.967285
 9822.044   0.973351
 9822.062   0.978046
 9822.080   0.981340
 9822.097   0.983598
 9822.115   0.985393
 9822.132   0.987239
 9822.150   0.989346
 9822.167   0.991538
 9822.185   0.993470
 9822.203   0.994822
 9822.220   0.995497
 9822.238   0.995655
 9822.255   0.995545
 9822.273   0.995447
 9822.291   0.995509
 9822.308   0.995760
 9822.326   0.996176
 9822.343   0.996681
 9822.361   0.997307
 9822.378   0.998034
 9822.396   0.998883
 9822.414   0.999733
 9822.431   1.000395
 9822.449   1.000679
 9822.466   1.000473
 9822.484   0.999931
 9822.501   0.999323
 9822.519   0.999049
 9822.537   0.999336
 9822.554   1.000200
 9822.572   1.001426
 9822.589   1.002630
 9822.607   1.003469
 9822.625   1.003713
 9822.642   1.003365
 9822.660   1.002664
 9822.677   1.001965
 9822.695   1.001648
 9822.712   1.001895
 9822.730   1.002622
 9822.748   1.003527
 9822.765   1.004216
 9822.783   1.004495
 9822.800   1.004390
 9822.818   1.004137
 9822.835   1.003927
 9822.853   1.003705
 9822.871   1.003239
 9822.888   1.002220
 9822.906   1.000609
 9822.923   0.998649
 9822.941   0.996820
 9822.959   0.995560
 9822.976   0.995040
 9822.994   0.995169
 9823.011   0.995665
 9823.029   0.996222
 9823.046   0.996666
 9823.064   0.996990
 9823.082   0.997333
 9823.099   0.997907
 9823.117   0.998786
 9823.134   0.999904
 9823.152   1.000971
 9823.169   1.001689
 9823.187   1.001912
 9823.205   1.001735
 9823.222   1.001476
 9823.240   1.001355
 9823.257   1.001348
 9823.275   1.001071
 9823.293   1.000000
 9823.310   0.997778
 9823.328   0.994422
 9823.345   0.990296
 9823.363   0.985962
 9823.380   0.981859
 9823.398   0.978194
 9823.416   0.974989
 9823.433   0.972142
 9823.451   0.969649
 9823.468   0.967575
 9823.486   0.966109
 9823.503   0.965438
 9823.521   0.965607
 9823.539   0.966529
 9823.556   0.967909
 9823.574   0.969355
 9823.591   0.970544
 9823.609   0.971256
 9823.627   0.971493
 9823.644   0.971367
 9823.662   0.971005
 9823.679   0.970476
 9823.697   0.969720
 9823.714   0.968629
 9823.732   0.967103
 9823.750   0.965198
 9823.767   0.963159
 9823.785   0.961459
 9823.802   0.960626
 9823.820   0.961128
 9823.837   0.963177
 9823.855   0.966679
 9823.873   0.971328
 9823.890   0.976632
 9823.908   0.982146
 9823.925   0.987457
 9823.943   0.992305
 9823.961   0.996542
 9823.978   1.000062
 9823.996   1.002927
 9824.013   1.005177
 9824.031   1.006950
 9824.048   1.008333
 9824.066   1.009329
 9824.084   1.009982
 9824.101   1.010292
 9824.119   1.010415
 9824.136   1.010501
 9824.154   1.010627
 9824.171   1.010727
 9824.189   1.010549
 9824.207   1.009902
 9824.224   1.008787
 9824.242   1.007490
 9824.259   1.006479
 9824.277   1.006091
 9824.295   1.006369
 9824.312   1.006957
 9824.330   1.007391
 9824.347   1.007337
 9824.365   1.006816
 9824.382   1.006070
 9824.400   1.005333
 9824.418   1.004641
 9824.435   1.003766
 9824.453   1.002397
 9824.470   1.000233
 9824.488   0.997078
 9824.505   0.992757
 9824.523   0.987071
 9824.541   0.979767
 9824.558   0.970454
 9824.576   0.958654
 9824.593   0.943694
 9824.611   0.924833
 9824.629   0.901366
 9824.646   0.873016
 9824.664   0.840204
 9824.681   0.804301
 9824.699   0.767587
 9824.716   0.733200
 9824.734   0.704548
 9824.752   0.684750
 9824.769   0.676098
 9824.787   0.679662
 9824.804   0.695148
 9824.822   0.720978
 9824.839   0.754306
 9824.857   0.791595
 9824.875   0.829073
 9824.892   0.863661
 9824.910   0.893470
 9824.927   0.917823
 9824.945   0.937057
 9824.963   0.951927
 9824.980   0.963344
 9824.998   0.972016
 9825.015   0.978473
 9825.033   0.983037
 9825.050   0.985978
 9825.068   0.987558
 9825.086   0.987985
 9825.103   0.987477
 9825.121   0.986148
 9825.138   0.984095
 9825.156   0.981314
 9825.173   0.977718
 9825.191   0.973164
 9825.209   0.967302
 9825.226   0.959703
 9825.244   0.949695
 9825.261   0.936527
 9825.279   0.919423
 9825.297   0.897634
 9825.314   0.870476
 9825.332   0.837233
 9825.349   0.797269
 9825.367   0.750361
 9825.384   0.696950
 9825.402   0.638649
 9825.420   0.578120
 9825.437   0.519150
 9825.455   0.466087
 9825.472   0.423364
 9825.490   0.394772
 9825.507   0.383060
 9825.525   0.389219
 9825.543   0.412688
 9825.560   0.451228
 9825.578   0.501579
 9825.595   0.559589
 9825.613   0.620812
 9825.631   0.681022
 9825.648   0.736891
 9825.666   0.786259
 9825.683   0.828199
 9825.701   0.862790
 9825.718   0.890773
 9825.736   0.913158
 9825.754   0.931025
 9825.771   0.945326
 9825.789   0.956910
 9825.806   0.966487
 9825.824   0.974577
 9825.841   0.981494
 9825.859   0.987385
 9825.877   0.992256
 9825.894   0.996158
 9825.912   0.999154
 9825.929   1.001433
 9825.947   1.003168
 9825.965   1.004468
 9825.982   1.005354
 9826.000   1.005713
 9826.017   1.005495
 9826.035   1.004699
 9826.052   1.003473
 9826.070   1.001995
 9826.088   1.000342
 9826.105   0.998393
 9826.123   0.995763
 9826.140   0.991921
 9826.158   0.986315
 9826.175   0.978501
 9826.193   0.968181
 9826.211   0.955124
 9826.228   0.939087
 9826.246   0.919921
 9826.263   0.897672
 9826.281   0.872785
 9826.299   0.846211
 9826.316   0.819403
 9826.334   0.794180
 9826.351   0.772556
 9826.369   0.756435
 9826.386   0.747482
 9826.404   0.746723
 9826.422   0.754495
 9826.439   0.770083
 9826.457   0.791930
 9826.474   0.817807
 9826.492   0.845296
 9826.510   0.872177
 9826.527   0.896838
 9826.545   0.918324
 9826.562   0.936360
 9826.580   0.951043
 9826.597   0.962777
 9826.615   0.972008
 9826.633   0.979210
 9826.650   0.984835
 9826.668   0.989263
 9826.685   0.992828
 9826.703   0.995667
 9826.720   0.997846
 9826.738   0.999368
 9826.756   1.000264
 9826.773   1.000651
 9826.791   1.000637
 9826.808   1.000326
 9826.826   0.999744
 9826.844   0.998794
 9826.861   0.997339
 9826.879   0.995191
 9826.896   0.992249
 9826.914   0.988620
 9826.931   0.984642
 9826.949   0.980906
 9826.967   0.977987
 9826.984   0.976265
 9827.002   0.975751
 9827.019   0.976162
 9827.037   0.977156
 9827.054   0.978545
 9827.072   0.980366
 9827.090   0.982748
 9827.107   0.985718
 9827.125   0.989098
 9827.142   0.992554
 9827.160   0.995748
 9827.178   0.998508
 9827.195   1.000881
 9827.213   1.002979
 9827.230   1.004902
 9827.248   1.006494
 9827.265   1.007507
 9827.283   1.007676
 9827.301   1.007005
 9827.318   1.005803
 9827.336   1.004569
 9827.353   1.003780
 9827.371   1.003578
 9827.388   1.003841
 9827.406   1.004259
 9827.424   1.004631
 9827.441   1.004879
 9827.459   1.005054
 9827.476   1.005158
 9827.494   1.005049
 9827.512   1.004623
 9827.529   1.003879
 9827.547   1.003039
 9827.564   1.002455
 9827.582   1.002321
 9827.599   1.002642
 9827.617   1.003112
 9827.635   1.003329
 9827.652   1.003026
 9827.670   1.002099
 9827.687   1.000812
 9827.705   0.999455
 9827.722   0.998339
 9827.740   0.997589
 9827.758   0.997069
 9827.775   0.996657
 9827.793   0.996203
 9827.810   0.995826
 9827.828   0.995769
 9827.846   0.996271
 9827.863   0.997432
 9827.881   0.998962
 9827.898   1.000402
 9827.916   1.001219
 9827.933   1.001201
 9827.951   1.000529
 9827.969   0.999692
 9827.986   0.999190
 9828.004   0.999191
 9828.021   0.999462
 9828.039   0.999539
 9828.056   0.999060
 9828.074   0.998029
 9828.092   0.996773
 9828.109   0.995759
 9828.127   0.995255
 9828.144   0.995220
 9828.162   0.995381
 9828.180   0.995383
 9828.197   0.995077
 9828.215   0.994514
 9828.232   0.994006
 9828.250   0.993860
 9828.267   0.994199
 9828.285   0.994857
 9828.303   0.995390
 9828.320   0.995353
 9828.338   0.994507
 9828.355   0.992994
 9828.373   0.991256
 9828.390   0.989725
 9828.408   0.988656
 9828.426   0.987952
 9828.443   0.987405
 9828.461   0.986853
 9828.478   0.986306
 9828.496   0.985870
 9828.514   0.985555
 9828.531   0.985206
 9828.549   0.984633
 9828.566   0.983757
 9828.584   0.982706
 9828.601   0.981768
 9828.619   0.981101
 9828.637   0.980724
 9828.654   0.980385
 9828.672   0.979900
 9828.689   0.979214
 9828.707   0.978475
 9828.724   0.977985
 9828.742   0.977913
 9828.760   0.978346
 9828.777   0.979124
 9828.795   0.980084
 9828.812   0.981072
 9828.830   0.982086
 9828.848   0.983243
 9828.865   0.984610
 9828.883   0.986152
 9828.900   0.987578
 9828.918   0.988552
 9828.935   0.988802
 9828.953   0.988366
 9828.971   0.987609
 9828.988   0.986981
 9829.006   0.986836
 9829.023   0.987176
 9829.041   0.987735
 9829.058   0.988170
 9829.076   0.988250
 9829.094   0.987942
 9829.111   0.987314
 9829.129   0.986403
 9829.146   0.985138
 9829.164   0.983446
 9829.182   0.981287
 9829.199   0.978749
 9829.217   0.975990
 9829.234   0.973169
 9829.252   0.970490
 9829.269   0.968119
 9829.287   0.966341
 9829.305   0.965390
