10536.000   0.994069
10536.021   0.993946
10536.041   0.993958
10536.062   0.994022
10536.082   0.994071
10536.103   0.994092
10536.123   0.994129
10536.144   0.994230
10536.164   0.994392
10536.185   0.994569
10536.205   0.994682
10536.226   0.994704
10536.246   0.994657
10536.267   0.994628
10536.287   0.994688
10536.308   0.994899
10536.328   0.995236
10536.349   0.995625
10536.369   0.995919
10536.390   0.996016
10536.410   0.995873
10536.431   0.995544
10536.451   0.995135
10536.472   0.994800
10536.492   0.994657
10536.513   0.994751
10536.533   0.995032
10536.554   0.995380
10536.574   0.995658
10536.595   0.995749
10536.615   0.995627
10536.636   0.995351
10536.656   0.995100
10536.677   0.995038
10536.697   0.995310
10536.718   0.995916
10536.739   0.996788
10536.759   0.997696
10536.780   0.998390
10536.800   0.998595
10536.821   0.998206
10536.841   0.997235
10536.862   0.995883
10536.882   0.994419
10536.903   0.993191
10536.923   0.992474
10536.944   0.992417
10536.964   0.992987
10536.985   0.994000
10537.005   0.995185
10537.026   0.996243
10537.046   0.996939
10537.067   0.997123
10537.087   0.996790
10537.108   0.996032
10537.128   0.995043
10537.149   0.994051
10537.169   0.993287
10537.190   0.992909
10537.210   0.992954
10537.231   0.993317
10537.251   0.993780
10537.272   0.994112
10537.292   0.994142
10537.313   0.993848
10537.333   0.993325
10537.354   0.992771
10537.374   0.992382
10537.395   0.992313
10537.415   0.992636
10537.436   0.993331
10537.457   0.994275
10537.477   0.995263
10537.498   0.996045
10537.518   0.996385
10537.539   0.996156
10537.559   0.995385
10537.580   0.994319
10537.600   0.993313
10537.621   0.992746
10537.641   0.992836
10537.662   0.993598
10537.682   0.994770
10537.703   0.995942
10537.723   0.996671
10537.744   0.996715
10537.764   0.996109
10537.785   0.995161
10537.805   0.994283
10537.826   0.993824
10537.846   0.993917
10537.867   0.994453
10537.887   0.995132
10537.908   0.995622
10537.928   0.995685
10537.949   0.995284
10537.969   0.994550
10537.990   0.993740
10538.010   0.993123
10538.031   0.992907
10538.051   0.993125
10538.072   0.993652
10538.092   0.994234
10538.113   0.994638
10538.134   0.994736
10538.154   0.994582
10538.175   0.994330
10538.195   0.994150
10538.216   0.994126
10538.236   0.994219
10538.257   0.994321
10538.277   0.994307
10538.298   0.994113
10538.318   0.993766
10538.339   0.993392
10538.359   0.993143
10538.380   0.993170
10538.400   0.993533
10538.421   0.994163
10538.441   0.994850
10538.462   0.995335
10538.482   0.995390
10538.503   0.994910
10538.523   0.993958
10538.544   0.992757
10538.564   0.991627
10538.585   0.990870
10538.605   0.990666
10538.626   0.991007
10538.646   0.991723
10538.667   0.992534
10538.687   0.993147
10538.708   0.993349
10538.728   0.993097
10538.749   0.992519
10538.769   0.991860
10538.790   0.991371
10538.810   0.991233
10538.831   0.991492
10538.852   0.992057
10538.872   0.992749
10538.893   0.993372
10538.913   0.993788
10538.934   0.993944
10538.954   0.993914
10538.975   0.993856
10538.995   0.993956
10539.016   0.994315
10539.036   0.994915
10539.057   0.995584
10539.077   0.996091
10539.098   0.996229
10539.118   0.995937
10539.139   0.995317
10539.159   0.994622
10539.180   0.994130
10539.200   0.994043
10539.221   0.994372
10539.241   0.994970
10539.262   0.995583
10539.282   0.995970
10539.303   0.995985
10539.323   0.995617
10539.344   0.994968
10539.364   0.994205
10539.385   0.993491
10539.405   0.992963
10539.426   0.992708
10539.446   0.992752
10539.467   0.993030
10539.487   0.993396
10539.508   0.993670
10539.528   0.993714
10539.549   0.993498
10539.570   0.993101
10539.590   0.992692
10539.611   0.992449
10539.631   0.992471
10539.652   0.992723
10539.672   0.993067
10539.693   0.993317
10539.713   0.993321
10539.734   0.993033
10539.754   0.992531
10539.775   0.992023
10539.795   0.991723
10539.816   0.991767
10539.836   0.992087
10539.857   0.992493
10539.877   0.992744
10539.898   0.992719
10539.918   0.992448
10539.939   0.992139
10539.959   0.992009
10539.980   0.992186
10540.000   0.992609
10540.021   0.993093
10540.041   0.993412
10540.062   0.993433
10540.082   0.993165
10540.103   0.992751
10540.123   0.992368
10540.144   0.992167
10540.164   0.992203
10540.185   0.992443
10540.205   0.992765
10540.226   0.993030
10540.246   0.993094
10540.267   0.992868
10540.288   0.992340
10540.308   0.991601
10540.329   0.990820
10540.349   0.990205
10540.370   0.989900
10540.390   0.989951
10540.411   0.990288
10540.431   0.990758
10540.452   0.991183
10540.472   0.991427
10540.493   0.991424
10540.513   0.991200
10540.534   0.990834
10540.554   0.990451
10540.575   0.990177
10540.595   0.990115
10540.616   0.990303
10540.636   0.990748
10540.657   0.991433
10540.677   0.992317
10540.698   0.993320
10540.718   0.994308
10540.739   0.995131
10540.759   0.995646
10540.780   0.995807
10540.800   0.995647
10540.821   0.995299
10540.841   0.994893
10540.862   0.994561
10540.882   0.994343
10540.903   0.994294
10540.923   0.994435
10540.944   0.994799
10540.965   0.995345
10540.985   0.995979
10541.006   0.996509
10541.026   0.996768
10541.047   0.996651
10541.067   0.996223
10541.088   0.995659
10541.108   0.995210
10541.129   0.995049
10541.149   0.995215
10541.170   0.995564
10541.190   0.995870
10541.211   0.995899
10541.231   0.995532
10541.252   0.994783
10541.272   0.993813
10541.293   0.992852
10541.313   0.992171
10541.334   0.991990
10541.354   0.992401
10541.375   0.993308
10541.395   0.994420
10541.416   0.995371
10541.436   0.995859
10541.457   0.995804
10541.477   0.995370
10541.498   0.994897
10541.518   0.994703
10541.539   0.994927
10541.559   0.995458
10541.580   0.996015
10541.600   0.996280
10541.621   0.996072
10541.641   0.995404
10541.662   0.994505
10541.683   0.993672
10541.703   0.993170
10541.724   0.993087
10541.744   0.993374
10541.765   0.993861
10541.785   0.994378
10541.806   0.994794
10541.826   0.995024
10541.847   0.994994
10541.867   0.994644
10541.888   0.993987
10541.908   0.993174
10541.929   0.992509
10541.949   0.992333
10541.970   0.992857
10541.990   0.993987
10542.011   0.995335
10542.031   0.996388
10542.052   0.996722
10542.072   0.996260
10542.093   0.995257
10542.113   0.994188
10542.134   0.993452
10542.154   0.993240
10542.175   0.993454
10542.195   0.993875
10542.216   0.994270
10542.236   0.994542
10542.257   0.994678
10542.277   0.994742
10542.298   0.994782
10542.318   0.994829
10542.339   0.994869
10542.359   0.994871
10542.380   0.994769
10542.401   0.994520
10542.421   0.994114
10542.442   0.993622
10542.462   0.993170
10542.483   0.992906
10542.503   0.992932
10542.524   0.993253
10542.544   0.993791
10542.565   0.994378
10542.585   0.994819
10542.606   0.994924
10542.626   0.994610
10542.647   0.993905
10542.667   0.992964
10542.688   0.991993
10542.708   0.991186
10542.729   0.990645
10542.749   0.990363
10542.770   0.990250
10542.790   0.990201
10542.811   0.990184
10542.831   0.990223
10542.852   0.990388
10542.872   0.990686
10542.893   0.991067
10542.913   0.991413
10542.934   0.991648
10542.954   0.991754
10542.975   0.991835
10542.995   0.992005
10543.016   0.992353
10543.036   0.992821
10543.057   0.993233
10543.077   0.993352
10543.098   0.993026
10543.119   0.992296
10543.139   0.991381
10543.160   0.990587
10543.180   0.990111
10543.201   0.989968
10543.221   0.989961
10543.242   0.989847
10543.262   0.989462
10543.283   0.988931
10543.303   0.988572
10543.324   0.988811
10543.344   0.989853
10543.365   0.991601
10543.385   0.993510
10543.406   0.994871
10543.426   0.994983
10543.447   0.993602
10543.467   0.990990
10543.488   0.987992
10543.508   0.985629
10543.529   0.984756
10543.549   0.985680
10543.570   0.988084
10543.590   0.991214
10543.611   0.994144
10543.631   0.996163
10543.652   0.996882
10543.672   0.996336
10543.693   0.994849
10543.713   0.992957
10543.734   0.991193
10543.754   0.989994
10543.775   0.989557
10543.796   0.989850
10543.816   0.990646
10543.837   0.991644
10543.857   0.992566
10543.878   0.993241
10543.898   0.993599
10543.919   0.993664
10543.939   0.993471
10543.960   0.993070
10543.980   0.992504
10544.001   0.991881
10544.021   0.991317
10544.042   0.990950
10544.062   0.990849
10544.083   0.991027
10544.103   0.991421
10544.124   0.991926
10544.144   0.992417
10544.165   0.992777
10544.185   0.992915
10544.206   0.992761
10544.226   0.992318
10544.247   0.991630
10544.267   0.990833
10544.288   0.990090
10544.308   0.989595
10544.329   0.989471
10544.349   0.989748
10544.370   0.990335
10544.390   0.991059
10544.411   0.991704
10544.431   0.992066
10544.452   0.992038
10544.472   0.991654
10544.493   0.991101
10544.514   0.990671
10544.534   0.990655
10544.555   0.991232
10544.575   0.992359
10544.596   0.993774
10544.616   0.995057
10544.637   0.995824
10544.657   0.995834
10544.678   0.995124
10544.698   0.993940
10544.719   0.992680
10544.739   0.991730
10544.760   0.991342
10544.780   0.991577
10544.801   0.992289
10544.821   0.993204
10544.842   0.993986
10544.862   0.994365
10544.883   0.994215
10544.903   0.993650
10544.924   0.992941
10544.944   0.992444
10544.965   0.992413
10544.985   0.992950
10545.006   0.993932
10545.026   0.995085
10545.047   0.996062
10545.067   0.996572
10545.088   0.996464
10545.108   0.995767
10545.129   0.994690
10545.149   0.993537
10545.170   0.992631
10545.190   0.992153
10545.211   0.992111
10545.232   0.992325
10545.252   0.992573
10545.273   0.992687
10545.293   0.992626
10545.314   0.992466
10545.334   0.992330
10545.355   0.992310
10545.375   0.992394
10545.396   0.992505
10545.416   0.992519
10545.437   0.992370
10545.457   0.992027
10545.478   0.991539
10545.498   0.990963
10545.519   0.990403
10545.539   0.989956
10545.560   0.989758
10545.580   0.989899
10545.601   0.990434
10545.621   0.991302
10545.642   0.992355
10545.662   0.993350
10545.683   0.994035
10545.703   0.994245
10545.724   0.993948
10545.744   0.993281
10545.765   0.992459
10545.785   0.991723
10545.806   0.991215
10545.826   0.990989
10545.847   0.990981
10545.867   0.991114
10545.888   0.991310
10545.908   0.991527
10545.929   0.991719
10545.950   0.991849
10545.970   0.991881
10545.991   0.991799
10546.011   0.991609
10546.032   0.991352
10546.052   0.991097
10546.073   0.990922
10546.093   0.990888
10546.114   0.991015
10546.134   0.991271
10546.155   0.991573
10546.175   0.991848
10546.196   0.992046
10546.216   0.992200
10546.237   0.992352
10546.257   0.992562
10546.278   0.992796
10546.298   0.993009
10546.319   0.993115
10546.339   0.993114
10546.360   0.993028
10546.380   0.992952
10546.401   0.992925
10546.421   0.992920
10546.442   0.992813
10546.462   0.992478
10546.483   0.991863
10546.503   0.991060
10546.524   0.990304
10546.544   0.989901
10546.565   0.990113
10546.585   0.991034
10546.606   0.992526
10546.627   0.994234
10546.647   0.995725
10546.668   0.996621
10546.688   0.996750
10546.709   0.996199
10546.729   0.995287
10546.750   0.994447
10546.770   0.994071
10546.791   0.994358
10546.811   0.995236
10546.832   0.996403
10546.852   0.997449
10546.873   0.998046
10546.893   0.998061
10546.914   0.997573
10546.934   0.996783
10546.955   0.995906
10546.975   0.995083
10546.996   0.994361
10547.016   0.993751
10547.037   0.993259
10547.057   0.992918
10547.078   0.992751
10547.098   0.992750
10547.119   0.992881
10547.139   0.993098
10547.160   0.993370
10547.180   0.993655
10547.201   0.993924
10547.221   0.994132
10547.242   0.994257
10547.262   0.994261
10547.283   0.994166
10547.303   0.993951
10547.324   0.993639
10547.345   0.993235
10547.365   0.992861
10547.386   0.992649
10547.406   0.992770
10547.427   0.993247
10547.447   0.994008
10547.468   0.994821
10547.488   0.995478
10547.509   0.995824
10547.529   0.995872
10547.550   0.995713
10547.570   0.995446
10547.591   0.995067
10547.611   0.994478
10547.632   0.993578
10547.652   0.992337
10547.673   0.990849
10547.693   0.989284
10547.714   0.987903
10547.734   0.986979
10547.755   0.986773
10547.775   0.987446
10547.796   0.988956
10547.816   0.991052
10547.837   0.993294
10547.857   0.995201
10547.878   0.996397
10547.898   0.996766
10547.919   0.996446
10547.939   0.995796
10547.960   0.995248
10547.980   0.995151
10548.001   0.995608
10548.021   0.996427
10548.042   0.997200
10548.063   0.997508
10548.083   0.997125
10548.104   0.996178
10548.124   0.995049
10548.145   0.994236
10548.165   0.994066
10548.186   0.994608
10548.206   0.995597
10548.227   0.996649
10548.247   0.997393
10548.268   0.997688
10548.288   0.997561
10548.309   0.997191
10548.329   0.996714
10548.350   0.996217
10548.370   0.995714
10548.391   0.995260
10548.411   0.994938
10548.432   0.994845
10548.452   0.995004
10548.473   0.995355
10548.493   0.995746
10548.514   0.996019
10548.534   0.996075
10548.555   0.995916
10548.575   0.995632
10548.596   0.995369
10548.616   0.995295
10548.637   0.995545
10548.657   0.996178
10548.678   0.997091
10548.698   0.998042
10548.719   0.998657
10548.739   0.998641
10548.760   0.997849
10548.781   0.996465
10548.801   0.994871
10548.822   0.993597
10548.842   0.992966
10548.863   0.993075
10548.883   0.993656
10548.904   0.994357
10548.924   0.994828
10548.945   0.994957
10548.965   0.994793
10548.986   0.994523
10549.006   0.994289
10549.027   0.994139
10549.047   0.993985
10549.068   0.993711
10549.088   0.993260
10549.109   0.992713
10549.129   0.992254
10549.150   0.992084
10549.170   0.992297
10549.191   0.992826
10549.211   0.993471
10549.232   0.993981
10549.252   0.994190
10549.273   0.994068
10549.293   0.993752
10549.314   0.993450
10549.334   0.993367
10549.355   0.993565
10549.375   0.993958
10549.396   0.994303
10549.416   0.994355
10549.437   0.993951
10549.458   0.993175
10549.478   0.992302
10549.499   0.991741
10549.519   0.991756
10549.540   0.992389
10549.560   0.993363
10549.581   0.994279
10549.601   0.994749
10549.622   0.994646
10549.642   0.994069
10549.663   0.993308
10549.683   0.992647
10549.704   0.992270
10549.724   0.992206
10549.745   0.992384
10549.765   0.992695
10549.786   0.993039
10549.806   0.993327
10549.827   0.993491
10549.847   0.993459
10549.868   0.993194
10549.888   0.992697
10549.909   0.992031
10549.929   0.991267
10549.950   0.990489
10549.970   0.989750
10549.991   0.989128
10550.011   0.988694
10550.032   0.988533
10550.052   0.988651
10550.073   0.988987
10550.093   0.989372
10550.114   0.989647
10550.134   0.989711
10550.155   0.989608
10550.176   0.989466
10550.196   0.989418
10550.217   0.989510
10550.237   0.989669
10550.258   0.989733
10550.278   0.989538
10550.299   0.989019
10550.319   0.988237
10550.340   0.987377
10550.360   0.986686
10550.381   0.986386
10550.401   0.986577
10550.422   0.987187
10550.442   0.987995
10550.463   0.988707
10550.483   0.989121
10550.504   0.989208
10550.524   0.989130
10550.545   0.989126
10550.565   0.989381
10550.586   0.989944
10550.606   0.990724
10550.627   0.991571
10550.647   0.992350
10550.668   0.993003
10550.688   0.993534
10550.709   0.993968
10550.729   0.994301
10550.750   0.994476
10550.770   0.994422
10550.791   0.994094
10550.811   0.993541
10550.832   0.992902
10550.852   0.992392
10550.873   0.992220
10550.894   0.992505
10550.914   0.993234
10550.935   0.994216
10550.955   0.995175
10550.976   0.995788
10550.996   0.995889
10551.017   0.995461
10551.037   0.994729
10551.058   0.993966
10551.078   0.993459
10551.099   0.993331
10551.119   0.993600
10551.140   0.994131
10551.160   0.994746
10551.181   0.995236
10551.201   0.995451
10551.222   0.995309
10551.242   0.994851
10551.263   0.994218
10551.283   0.993609
10551.304   0.993201
10551.324   0.993072
10551.345   0.993179
10551.365   0.993384
10551.386   0.993535
10551.406   0.993561
10551.427   0.993492
10551.447   0.993393
10551.468   0.993307
10551.488   0.993179
10551.509   0.992920
10551.529   0.992439
10551.550   0.991750
10551.570   0.990942
10551.591   0.990188
10551.612   0.989644
10551.632   0.989432
10551.653   0.989601
10551.673   0.990104
10551.694   0.990801
10551.714   0.991477
10551.735   0.991914
10551.755   0.991959
10551.776   0.991657
10551.796   0.991215
10551.817   0.990981
10551.837   0.991183
10551.858   0.991880
10551.878   0.992819
10551.899   0.993669
10551.919   0.994120
10551.940   0.994110
10551.960   0.993747
10551.981   0.993280
10552.001   0.992909
10552.022   0.992758
10552.042   0.992820
10552.063   0.993031
10552.083   0.993291
10552.104   0.993499
10552.124   0.993554
10552.145   0.993375
10552.165   0.992942
10552.186   0.992352
10552.206   0.991814
10552.227   0.991599
10552.247   0.991895
10552.268   0.992734
10552.289   0.993897
10552.309   0.995012
10552.330   0.995655
10552.350   0.995600
10552.371   0.994872
10552.391   0.993808
10552.412   0.992841
10552.432   0.992376
10552.453   0.992577
10552.473   0.993369
10552.494   0.994461
10552.514   0.995508
10552.535   0.996225
10552.555   0.996492
10552.576   0.996348
10552.596   0.995951
10552.617   0.995519
10552.637   0.995248
10552.658   0.995276
10552.678   0.995613
10552.699   0.996160
10552.719   0.996719
10552.740   0.997093
10552.760   0.997158
10552.781   0.996903
10552.801   0.996412
10552.822   0.995816
10552.842   0.995260
10552.863   0.994871
10552.883   0.994754
10552.904   0.994974
10552.924   0.995506
10552.945   0.996216
10552.965   0.996878
10552.986   0.997289
10553.007   0.997349
10553.027   0.997148
10553.048   0.996860
10553.068   0.996663
10553.089   0.996611
10553.109   0.996657
10553.130   0.996683
10553.150   0.996616
10553.171   0.996463
10553.191   0.996330
10553.212   0.996352
10553.232   0.996627
10553.253   0.997139
10553.273   0.997754
10553.294   0.998238
10553.314   0.998379
10553.335   0.998066
10553.355   0.997358
10553.376   0.996444
10553.396   0.995568
10553.417   0.994948
10553.437   0.994699
10553.458   0.994784
10553.478   0.995054
10553.499   0.995296
10553.519   0.995341
10553.540   0.995109
10553.560   0.994651
10553.581   0.994090
10553.601   0.993581
10553.622   0.993198
10553.642   0.992938
10553.663   0.992710
10553.683   0.992458
10553.704   0.992176
10553.725   0.991939
10553.745   0.991832
10553.766   0.991894
10553.786   0.992081
10553.807   0.992277
10553.827   0.992358
10553.848   0.992251
10553.868   0.991972
10553.889   0.991611
10553.909   0.991306
10553.930   0.991190
10553.950   0.991350
10553.971   0.991785
10553.991   0.992411
10554.012   0.993067
10554.032   0.993581
10554.053   0.993822
10554.073   0.993766
10554.094   0.993485
10554.114   0.993111
10554.135   0.992750
10554.155   0.992446
10554.176   0.992178
10554.196   0.991936
10554.217   0.991755
10554.237   0.991731
10554.258   0.991957
10554.278   0.992463
10554.299   0.993195
10554.319   0.994017
10554.340   0.994781
10554.360   0.995324
10554.381   0.995534
10554.401   0.995328
10554.422   0.994726
10554.443   0.993821
10554.463   0.992802
10554.484   0.991865
10554.504   0.991180
10554.525   0.990832
10554.545   0.990843
10554.566   0.991148
10554.586   0.991658
10554.607   0.992237
10554.627   0.992792
10554.648   0.993245
10554.668   0.993580
10554.689   0.993763
10554.709   0.993782
10554.730   0.993610
10554.750   0.993288
10554.771   0.992933
10554.791   0.992731
10554.812   0.992835
10554.832   0.993301
10554.853   0.994035
10554.873   0.994826
10554.894   0.995413
10554.914   0.995571
10554.935   0.995205
10554.955   0.994368
10554.976   0.993296
10554.996   0.992294
10555.017   0.991658
10555.037   0.991531
10555.058   0.991899
10555.078   0.992555
10555.099   0.993256
10555.120   0.993799
10555.140   0.994148
10555.161   0.994388
10555.181   0.994683
10555.202   0.995160
10555.222   0.995840
10555.243   0.996623
10555.263   0.997318
10555.284   0.997727
10555.304   0.997711
10555.325   0.997270
10555.345   0.996544
10555.366   0.995788
10555.386   0.995229
10555.407   0.995028
10555.427   0.995168
10555.448   0.995558
10555.468   0.996024
10555.489   0.996435
10555.509   0.996660
10555.530   0.996656
10555.550   0.996416
10555.571   0.995994
10555.591   0.995472
10555.612   0.994956
10555.632   0.994551
10555.653   0.994316
10555.673   0.994279
10555.694   0.994384
10555.714   0.994528
10555.735   0.994565
10555.755   0.994390
10555.776   0.993954
10555.796   0.993305
10555.817   0.992596
10555.838   0.992018
10555.858   0.991755
10555.879   0.991872
10555.899   0.992323
10555.920   0.992920
10555.940   0.993451
10555.961   0.993749
10555.981   0.993772
10556.002   0.993609
10556.022   0.993425
10556.043   0.993388
10556.063   0.993582
10556.084   0.994008
10556.104   0.994561
10556.125   0.995123
10556.145   0.995557
10556.166   0.995771
10556.186   0.995692
10556.207   0.995328
10556.227   0.994783
10556.248   0.994272
10556.268   0.994045
10556.289   0.994278
10556.309   0.994961
10556.330   0.995876
10556.350   0.996689
10556.371   0.997104
10556.391   0.997021
10556.412   0.996557
10556.432   0.995989
10556.453   0.995586
10556.473   0.995509
10556.494   0.995735
10556.514   0.996146
10556.535   0.996540
10556.556   0.996739
10556.576   0.996546
10556.597   0.995854
10556.617   0.994641
10556.638   0.993137
10556.658   0.991768
10556.679   0.991109
10556.699   0.991525
10556.720   0.993037
10556.740   0.995154
10556.761   0.997158
10556.781   0.998343
10556.802   0.998367
10556.822   0.997289
10556.843   0.995518
10556.863   0.993600
10556.884   0.992052
10556.904   0.991242
10556.925   0.991299
10556.945   0.992095
10556.966   0.993259
10556.986   0.994315
10557.007   0.994842
10557.027   0.994660
10557.048   0.993899
10557.068   0.992918
10557.089   0.992129
10557.109   0.991781
10557.130   0.991922
10557.150   0.992386
10557.171   0.992952
10557.191   0.993409
10557.212   0.993620
10557.232   0.993496
10557.253   0.993007
10557.274   0.992207
10557.294   0.991235
10557.315   0.990322
10557.335   0.989695
10557.356   0.989528
10557.376   0.989836
10557.397   0.990525
10557.417   0.991394
10557.438   0.992240
10557.458   0.992903
10557.479   0.993325
10557.499   0.993557
10557.520   0.993726
10557.540   0.993926
10557.561   0.994152
10557.581   0.994280
10557.602   0.994171
10557.622   0.993759
10557.643   0.993170
10557.663   0.992614
10557.684   0.992294
10557.704   0.992243
10557.725   0.992365
10557.745   0.992469
10557.766   0.992442
10557.786   0.992275
10557.807   0.992121
10557.827   0.992156
10557.848   0.992537
10557.868   0.993248
10557.889   0.994148
10557.909   0.994958
10557.930   0.995428
10557.951   0.995396
10557.971   0.994911
10557.992   0.994175
10558.012   0.993511
10558.033   0.993187
10558.053   0.993328
10558.074   0.993824
10558.094   0.994406
10558.115   0.994795
10558.135   0.994836
10558.156   0.994610
10558.176   0.994302
10558.197   0.994135
10558.217   0.994175
10558.238   0.994399
10558.258   0.994673
10558.279   0.994920
10558.299   0.995094
10558.320   0.995255
10558.340   0.995451
10558.361   0.995744
10558.381   0.996111
10558.402   0.996507
10558.422   0.996784
10558.443   0.996818
10558.463   0.996500
10558.484   0.995873
10558.504   0.995073
10558.525   0.994371
10558.545   0.993974
10558.566   0.994006
10558.586   0.994413
10558.607   0.995079
10558.627   0.995841
10558.648   0.996560
10558.669   0.997113
10558.689   0.997408
10558.710   0.997415
10558.730   0.997168
10558.751   0.996780
10558.771   0.996374
10558.792   0.996032
10558.812   0.995749
10558.833   0.995443
10558.853   0.995022
10558.874   0.994439
10558.894   0.993754
10558.915   0.993105
10558.935   0.992671
10558.956   0.992578
10558.976   0.992844
10558.997   0.993357
10559.017   0.993918
10559.038   0.994315
10559.058   0.994406
10559.079   0.994157
10559.099   0.993644
10559.120   0.993003
10559.140   0.992392
10559.161   0.991942
10559.181   0.991746
10559.202   0.991837
10559.222   0.992170
10559.243   0.992642
10559.263   0.993128
10559.284   0.993515
10559.304   0.993730
10559.325   0.993723
10559.345   0.993488
10559.366   0.993076
10559.387   0.992612
10559.407   0.992277
10559.428   0.992245
10559.448   0.992599
10559.469   0.993259
10559.489   0.994007
10559.510   0.994586
10559.530   0.994852
10559.551   0.994827
10559.571   0.994718
10559.592   0.994783
10559.612   0.995179
10559.633   0.995842
10559.653   0.996529
10559.674   0.996948
10559.694   0.996927
10559.715   0.996520
10559.735   0.995978
10559.756   0.995604
10559.776   0.995605
10559.797   0.995985
10559.817   0.996559
10559.838   0.997044
10559.858   0.997237
10559.879   0.997080
10559.899   0.996705
10559.920   0.996312
10559.940   0.996081
10559.961   0.996032
10559.981   0.996064
10560.002   0.995997
10560.022   0.995731
10560.043   0.995284
10560.063   0.994796
10560.084   0.994404
10560.105   0.994126
10560.125   0.993845
10560.146   0.993361
10560.166   0.992559
10560.187   0.991481
10560.207   0.990405
10560.228   0.989672
10560.248   0.989545
10560.269   0.989959
10560.289   0.990592
10560.310   0.990950
10560.330   0.990731
10560.351   0.989940
10560.371   0.988971
10560.392   0.988321
10560.412   0.988355
10560.433   0.989098
10560.453   0.990275
10560.474   0.991467
10560.494   0.992304
10560.515   0.992622
10560.535   0.992476
10560.556   0.992098
10560.576   0.991767
10560.597   0.991716
10560.617   0.992017
10560.638   0.992588
10560.658   0.993188
10560.679   0.993544
10560.699   0.993410
10560.720   0.992733
10560.740   0.991655
10560.761   0.990533
10560.782   0.989725
10560.802   0.989465
10560.823   0.989716
10560.843   0.990226
10560.864   0.990645
10560.884   0.990735
10560.905   0.990464
10560.925   0.990000
10560.946   0.989597
10560.966   0.989440
10560.987   0.989563
10561.007   0.989838
10561.028   0.990067
10561.048   0.990064
10561.069   0.989763
10561.089   0.989200
10561.110   0.988515
10561.130   0.987887
10561.151   0.987511
10561.171   0.987528
10561.192   0.987998
10561.212   0.988834
10561.233   0.989821
10561.253   0.990638
10561.274   0.991006
10561.294   0.990804
10561.315   0.990153
10561.335   0.989361
10561.356   0.988800
10561.376   0.988734
10561.397   0.989217
10561.417   0.990098
10561.438   0.991113
10561.458   0.991985
10561.479   0.992511
10561.500   0.992591
10561.520   0.992266
10561.541   0.991713
10561.561   0.991234
10561.582   0.991164
10561.602   0.991748
10561.623   0.992988
10561.643   0.994622
10561.664   0.996151
10561.684   0.997067
10561.705   0.997048
10561.725   0.996185
10561.746   0.994923
10561.766   0.993895
10561.787   0.993567
10561.807   0.994059
10561.828   0.995073
10561.848   0.996134
10561.869   0.996807
10561.889   0.996954
10561.910   0.996708
10561.930   0.996386
10561.951   0.996272
10561.971   0.996501
10561.992   0.997027
10562.012   0.997674
10562.033   0.998252
10562.053   0.998640
10562.074   0.998800
10562.094   0.998770
10562.115   0.998646
10562.135   0.998557
10562.156   0.998604
10562.176   0.998827
10562.197   0.999159
10562.218   0.999421
10562.238   0.999404
10562.259   0.998973
10562.279   0.998180
10562.300   0.997269
10562.320   0.996574
10562.341   0.996332
10562.361   0.996523
10562.382   0.996878
10562.402   0.997019
10562.423   0.996701
10562.443   0.995915
10562.464   0.994907
10562.484   0.994001
10562.505   0.993455
10562.525   0.993325
10562.546   0.993506
10562.566   0.993810
10562.587   0.994067
10562.607   0.994208
10562.628   0.994248
10562.648   0.994263
10562.669   0.994271
10562.689   0.994220
10562.710   0.993972
10562.730   0.993450
10562.751   0.992674
10562.771   0.991843
10562.792   0.991184
10562.812   0.990876
10562.833   0.990909
10562.853   0.991152
10562.874   0.991416
10562.894   0.991609
10562.915   0.991737
10562.936   0.991888
10562.956   0.992117
10562.977   0.992410
10562.997   0.992697
10563.018   0.992928
10563.038   0.993128
10563.059   0.993359
10563.079   0.993664
10563.100   0.993999
10563.120   0.994263
10563.141   0.994350
10563.161   0.994266
10563.182   0.994115
10563.202   0.994075
10563.223   0.994240
10563.243   0.994611
10563.264   0.995035
10563.284   0.995380
10563.305   0.995525
10563.325   0.995495
10563.346   0.995320
10563.366   0.995077
10563.387   0.994787
10563.407   0.994492
10563.428   0.994218
10563.448   0.994031
10563.469   0.993986
10563.489   0.994091
10563.510   0.994284
10563.530   0.994451
10563.551   0.994504
10563.571   0.994420
10563.592   0.994300
10563.613   0.994266
10563.633   0.994419
10563.654   0.994726
10563.674   0.995085
10563.695   0.995346
10563.715   0.995454
10563.736   0.995444
10563.756   0.995433
10563.777   0.995488
10563.797   0.995625
10563.818   0.995778
10563.838   0.995909
10563.859   0.995977
10563.879   0.995987
10563.900   0.995898
10563.920   0.995663
10563.941   0.995243
10563.961   0.994693
10563.982   0.994143
10564.002   0.993741
10564.023   0.993564
10564.043   0.993585
10564.064   0.993720
10564.084   0.993890
10564.105   0.994045
10564.125   0.994179
10564.146   0.994311
10564.166   0.994474
10564.187   0.994719
10564.207   0.995054
10564.228   0.995433
10564.248   0.995710
10564.269   0.995772
10564.289   0.995575
10564.310   0.995250
10564.331   0.995008
10564.351   0.995046
10564.372   0.995406
10564.392   0.995967
10564.413   0.996512
10564.433   0.996869
10564.454   0.996991
10564.474   0.996979
10564.495   0.996980
10564.515   0.997093
10564.536   0.997270
10564.556   0.997376
10564.577   0.997229
10564.597   0.996775
10564.618   0.996092
10564.638   0.995401
10564.659   0.994882
10564.679   0.994584
10564.700   0.994288
10564.720   0.993683
10564.741   0.992487
10564.761   0.990785
10564.782   0.988996
10564.802   0.987781
10564.823   0.987609
10564.843   0.988510
10564.864   0.990005
10564.884   0.991391
10564.905   0.992163
10564.925   0.992217
10564.946   0.991862
10564.966   0.991486
10564.987   0.991363
10565.007   0.991475
10565.028   0.991653
10565.049   0.991729
10565.069   0.991672
10565.090   0.991571
10565.110   0.991564
10565.131   0.991746
10565.151   0.992124
10565.172   0.992631
10565.192   0.993181
10565.213   0.993671
10565.233   0.994010
10565.254   0.994099
10565.274   0.993900
10565.295   0.993475
10565.315   0.993012
10565.336   0.992743
10565.356   0.992824
10565.377   0.993239
10565.397   0.993795
10565.418   0.994257
10565.438   0.994490
10565.459   0.994510
10565.479   0.994454
10565.500   0.994421
10565.520   0.994437
10565.541   0.994390
10565.561   0.994176
10565.582   0.993723
10565.602   0.993134
10565.623   0.992578
10565.643   0.992296
10565.664   0.992405
10565.684   0.992898
10565.705   0.993562
10565.725   0.994140
10565.746   0.994390
10565.767   0.994243
10565.787   0.993769
10565.808   0.993161
10565.828   0.992611
10565.849   0.992255
10565.869   0.992152
10565.890   0.992269
10565.910   0.992535
10565.931   0.992829
10565.951   0.993086
10565.972   0.993256
10565.992   0.993366
10566.013   0.993413
10566.033   0.993400
10566.054   0.993279
10566.074   0.993073
10566.095   0.992844
10566.115   0.992755
10566.136   0.992913
10566.156   0.993330
10566.177   0.993849
10566.197   0.994235
10566.218   0.994273
10566.238   0.993910
10566.259   0.993299
10566.279   0.992757
10566.300   0.992601
10566.320   0.992989
10566.341   0.993801
10566.361   0.994719
10566.382   0.995345
10566.402   0.995428
10566.423   0.994946
10566.444   0.994124
10566.464   0.993281
10566.485   0.992724
10566.505   0.992611
10566.526   0.992931
10566.546   0.993486
10566.567   0.994038
10566.587   0.994372
10566.608   0.994424
10566.628   0.994245
10566.649   0.993984
10566.669   0.993762
10566.690   0.993665
10566.710   0.993684
10566.731   0.993761
10566.751   0.993764
10566.772   0.993592
10566.792   0.993190
10566.813   0.992645
10566.833   0.992093
10566.854   0.991710
10566.874   0.991570
10566.895   0.991665
10566.915   0.991873
10566.936   0.992088
10566.956   0.992220
10566.977   0.992278
10566.997   0.992307
10567.018   0.992428
10567.038   0.992714
10567.059   0.993253
10567.079   0.994032
10567.100   0.994982
10567.120   0.995850
10567.141   0.996327
10567.162   0.996141
10567.182   0.995318
10567.203   0.994237
10567.223   0.993542
10567.244   0.993752
10567.264   0.994975
10567.285   0.996784
10567.305   0.998477
10567.326   0.999438
10567.346   0.999416
10567.367   0.998572
10567.387   0.997295
10567.408   0.996008
10567.428   0.994983
10567.449   0.994318
10567.469   0.993962
10567.490   0.993813
10567.510   0.993805
10567.531   0.993964
10567.551   0.994349
10567.572   0.994974
10567.592   0.995717
10567.613   0.996358
10567.633   0.996689
10567.654   0.996631
10567.674   0.996286
10567.695   0.995844
10567.715   0.995469
10567.736   0.995174
10567.756   0.994847
10567.777   0.994343
10567.797   0.993615
10567.818   0.992764
10567.838   0.992002
10567.859   0.991552
10567.880   0.991525
10567.900   0.991868
10567.921   0.992391
10567.941   0.992865
10567.962   0.993124
10567.982   0.993123
10568.003   0.992922
10568.023   0.992604
10568.044   0.992220
10568.064   0.991777
10568.085   0.991305
10568.105   0.990892
10568.126   0.990695
10568.146   0.990814
10568.167   0.991215
10568.187   0.991694
10568.208   0.991993
10568.228   0.991934
10568.249   0.991557
10568.269   0.991100
10568.290   0.990873
10568.310   0.991117
10568.331   0.991850
10568.351   0.992895
10568.372   0.993887
10568.392   0.994488
10568.413   0.994468
10568.433   0.993907
10568.454   0.993085
10568.474   0.992427
10568.495   0.992251
10568.515   0.992697
10568.536   0.993644
10568.556   0.994823
10568.577   0.995867
10568.598   0.996439
10568.618   0.996290
10568.639   0.995376
10568.659   0.993873
10568.680   0.992176
10568.700   0.990755
10568.721   0.990011
10568.741   0.990084
10568.762   0.990853
10568.782   0.992013
10568.803   0.993217
10568.823   0.994201
10568.844   0.994813
10568.864   0.995034
10568.885   0.994903
10568.905   0.994526
10568.926   0.994027
10568.946   0.993533
10568.967   0.993119
10568.987   0.992807
10569.008   0.992563
10569.028   0.992348
10569.049   0.992178
10569.069   0.992127
10569.090   0.992302
10569.110   0.992747
10569.131   0.993369
10569.151   0.993922
10569.172   0.994129
10569.192   0.993860
10569.213   0.993264
10569.233   0.992688
10569.254   0.992500
10569.275   0.992857
10569.295   0.993623
10569.316   0.994457
10569.336   0.995026
10569.357   0.995181
10569.377   0.995013
10569.398   0.994750
10569.418   0.994602
10569.439   0.994660
10569.459   0.994891
10569.480   0.995228
10569.500   0.995611
10569.521   0.996047
10569.541   0.996537
10569.562   0.997058
10569.582   0.997502
10569.603   0.997762
10569.623   0.997754
10569.644   0.997558
10569.664   0.997305
10569.685   0.997146
10569.705   0.997020
10569.726   0.996767
10569.746   0.996202
10569.767   0.995438
10569.787   0.994784
10569.808   0.994628
10569.828   0.995062
10569.849   0.995837
10569.869   0.996447
10569.890   0.996501
10569.910   0.995941
10569.931   0.995082
10569.951   0.994370
10569.972   0.994109
10569.993   0.994301
10570.013   0.994707
10570.034   0.995047
10570.054   0.995157
10570.075   0.995035
10570.095   0.994774
10570.116   0.994471
10570.136   0.994194
10570.157   0.993993
10570.177   0.993902
10570.198   0.993918
10570.218   0.993946
10570.239   0.993821
10570.259   0.993383
10570.280   0.992615
10570.300   0.991674
10570.321   0.990865
10570.341   0.990467
10570.362   0.990614
10570.382   0.991206
10570.403   0.992027
10570.423   0.992812
10570.444   0.993400
10570.464   0.993662
10570.485   0.993583
10570.505   0.993164
10570.526   0.992587
10570.546   0.992073
10570.567   0.991927
10570.587   0.992249
10570.608   0.992944
10570.628   0.993650
10570.649   0.994020
10570.669   0.993884
10570.690   0.993381
10570.711   0.992829
10570.731   0.992498
10570.752   0.992468
10570.772   0.992592
10570.793   0.992692
10570.813   0.992685
10570.834   0.992705
10570.854   0.992972
10570.875   0.993648
10570.895   0.994627
10570.916   0.995592
10570.936   0.996154
10570.957   0.996158
10570.977   0.995717
10570.998   0.995196
10571.018   0.994909
10571.039   0.994999
10571.059   0.995377
10571.080   0.995859
10571.100   0.996259
10571.121   0.996452
10571.141   0.996367
10571.162   0.995981
10571.182   0.995325
10571.203   0.994534
10571.223   0.993824
10571.244   0.993453
10571.264   0.993556
10571.285   0.994100
10571.305   0.994856
10571.326   0.995557
10571.346   0.996002
10571.367   0.996129
10571.387   0.995957
10571.408   0.995518
10571.429   0.994848
10571.449   0.994015
10571.470   0.993162
10571.490   0.992484
10571.511   0.992138
10571.531   0.992152
10571.552   0.992395
10571.572   0.992657
10571.593   0.992749
10571.613   0.992608
10571.634   0.992308
10571.654   0.992012
10571.675   0.991882
10571.695   0.992016
10571.716   0.992417
10571.736   0.993011
10571.757   0.993674
10571.777   0.994290
10571.798   0.994737
10571.818   0.994966
10571.839   0.994955
10571.859   0.994800
10571.880   0.994599
10571.900   0.994493
10571.921   0.994484
10571.941   0.994527
10571.962   0.994474
10571.982   0.994269
10572.003   0.993925
10572.023   0.993576
10572.044   0.993324
10572.064   0.993203
10572.085   0.993150
10572.106   0.993080
10572.126   0.992964
10572.147   0.992880
10572.167   0.992954
10572.188   0.993261
10572.208   0.993774
10572.229   0.994353
10572.249   0.994831
10572.270   0.995037
10572.290   0.994895
10572.311   0.994400
10572.331   0.993685
10572.352   0.992960
10572.372   0.992494
10572.393   0.992490
10572.413   0.993002
10572.434   0.993899
10572.454   0.994897
10572.475   0.995720
10572.495   0.996184
10572.516   0.996292
10572.536   0.996152
10572.557   0.995934
10572.577   0.995778
10572.598   0.995765
10572.618   0.995891
10572.639   0.996062
10572.659   0.996130
10572.680   0.995940
10572.700   0.995427
10572.721   0.994656
10572.741   0.993787
10572.762   0.993019
10572.782   0.992495
10572.803   0.992291
10572.824   0.992390
10572.844   0.992737
10572.865   0.993216
10572.885   0.993683
10572.906   0.993952
10572.926   0.993882
10572.947   0.993439
10572.967   0.992798
10572.988   0.992303
10573.008   0.992327
10573.029   0.993054
10573.049   0.994336
10573.070   0.995770
10573.090   0.996864
10573.111   0.997286
10573.131   0.996951
10573.152   0.996077
10573.172   0.995012
10573.193   0.994176
10573.213   0.993841
10573.234   0.994088
10573.254   0.994679
10573.275   0.995208
10573.295   0.995244
10573.316   0.994629
10573.336   0.993521
10573.357   0.992364
10573.377   0.991576
10573.398   0.991358
10573.418   0.991628
10573.439   0.992177
10573.459   0.992837
10573.480   0.993515
10573.500   0.994127
10573.521   0.994501
10573.542   0.994449
10573.562   0.993923
10573.583   0.993093
10573.603   0.992281
10573.624   0.991781
10573.644   0.991736
10573.665   0.992094
10573.685   0.992681
10573.706   0.993297
10573.726   0.993768
10573.747   0.994011
10573.767   0.994027
10573.788   0.993912
10573.808   0.993807
10573.829   0.993792
10573.849   0.993859
10573.870   0.993883
10573.890   0.993744
10573.911   0.993366
10573.931   0.992819
10573.952   0.992258
10573.972   0.991892
10573.993   0.991840
10574.013   0.992082
10574.034   0.992419
10574.054   0.992585
10574.075   0.992367
10574.095   0.991739
10574.116   0.990910
10574.136   0.990244
10574.157   0.990116
10574.177   0.990702
10574.198   0.991964
10574.218   0.993594
10574.239   0.995219
10574.260   0.996430
10574.280   0.997007
10574.301   0.996866
10574.321   0.996161
10574.342   0.995200
10574.362   0.994395
10574.383   0.994111
10574.403   0.994478
10574.424   0.995360
10574.444   0.996344
10574.465   0.996993
10574.485   0.996968
10574.506   0.996220
10574.526   0.994944
10574.547   0.993524
10574.567   0.992402
10574.588   0.991897
10574.608   0.992095
10574.629   0.992806
10574.649   0.993657
10574.670   0.994261
10574.690   0.994336
10574.711   0.993837
10574.731   0.992896
10574.752   0.991805
10574.772   0.990837
10574.793   0.990185
10574.813   0.989893
10574.834   0.989904
10574.854   0.990109
10574.875   0.990379
10574.895   0.990584
10574.916   0.990588
10574.937   0.990333
10574.957   0.989864
10574.978   0.989415
10574.998   0.989275
10575.019   0.989703
10575.039   0.990706
10575.060   0.992065
10575.080   0.993333
10575.101   0.994088
10575.121   0.994057
10575.142   0.993330
10575.162   0.992253
10575.183   0.991338
10575.203   0.990935
10575.224   0.991122
10575.244   0.991666
10575.265   0.992212
10575.285   0.992493
10575.306   0.992416
10575.326   0.992107
10575.347   0.991718
10575.367   0.991407
10575.388   0.991199
10575.408   0.991131
10575.429   0.991197
10575.449   0.991428
10575.470   0.991758
10575.490   0.992057
10575.511   0.992174
10575.531   0.992059
10575.552   0.991903
10575.572   0.991967
10575.593   0.992514
10575.613   0.993480
10575.634   0.994622
10575.655   0.995488
10575.675   0.995810
10575.696   0.995494
10575.716   0.994778
10575.737   0.993958
10575.757   0.993349
10575.778   0.993110
10575.798   0.993344
10575.819   0.994021
10575.839   0.995024
10575.860   0.996057
10575.880   0.996763
10575.901   0.996823
10575.921   0.996208
10575.942   0.995181
10575.962   0.994226
10575.983   0.993743
10576.003   0.993916
10576.024   0.994609
10576.044   0.995539
10576.065   0.996389
10576.085   0.996980
10576.106   0.997230
10576.126   0.997169
10576.147   0.996837
10576.167   0.996341
10576.188   0.995795
10576.208   0.995364
10576.229   0.995153
10576.249   0.995185
10576.270   0.995339
10576.290   0.995379
10576.311   0.995114
10576.331   0.994490
10576.352   0.993715
10576.373   0.993093
10576.393   0.992921
10576.414   0.993256
10576.434   0.993960
10576.455   0.994765
10576.475   0.995441
10576.496   0.995882
10576.516   0.996052
10576.537   0.995968
10576.557   0.995633
10576.578   0.995099
10576.598   0.994489
10576.619   0.993971
10576.639   0.993707
10576.660   0.993698
10576.680   0.993860
10576.701   0.994019
10576.721   0.994109
10576.742   0.994164
10576.762   0.994294
10576.783   0.994587
10576.803   0.995019
10576.824   0.995514
10576.844   0.995959
10576.865   0.996308
10576.885   0.996533
10576.906   0.996654
10576.926   0.996669
10576.947   0.996590
10576.967   0.996430
10576.988   0.996231
10577.008   0.996021
10577.029   0.995782
10577.049   0.995469
10577.070   0.995040
10577.091   0.994537
10577.111   0.994075
10577.132   0.993834
10577.152   0.993943
10577.173   0.994434
10577.193   0.995183
10577.214   0.995944
10577.234   0.996387
10577.255   0.996222
10577.275   0.995349
10577.296   0.993961
10577.316   0.992524
10577.337   0.991581
10577.357   0.991538
10577.378   0.992470
10577.398   0.994086
10577.419   0.995859
10577.439   0.997217
10577.460   0.997775
10577.480   0.997452
10577.501   0.996524
10577.521   0.995434
10577.542   0.994571
10577.562   0.994083
10577.583   0.993878
10577.603   0.993779
10577.624   0.993683
10577.644   0.993656
10577.665   0.993831
10577.685   0.994296
10577.706   0.994949
10577.726   0.995545
10577.747   0.995746
10577.768   0.995360
10577.788   0.994435
10577.809   0.993350
10577.829   0.992613
10577.850   0.992642
10577.870   0.993488
10577.891   0.994843
10577.911   0.996181
10577.932   0.997030
10577.952   0.997135
10577.973   0.996549
10577.993   0.995546
10578.014   0.994527
10578.034   0.993815
10578.055   0.993596
10578.075   0.993824
10578.096   0.994352
10578.116   0.994992
10578.137   0.995616
10578.157   0.996129
10578.178   0.996377
10578.198   0.996245
10578.219   0.995651
10578.239   0.994789
10578.260   0.993910
10578.280   0.993345
10578.301   0.993200
10578.321   0.993469
10578.342   0.994000
10578.362   0.994688
10578.383   0.995405
10578.403   0.996002
10578.424   0.996266
10578.444   0.996024
10578.465   0.995277
10578.486   0.994264
10578.506   0.993390
10578.527   0.993002
10578.547   0.993200
10578.568   0.993743
10578.588   0.994241
10578.609   0.994335
10578.629   0.993992
10578.650   0.993436
10578.670   0.993056
10578.691   0.993040
10578.711   0.993332
10578.732   0.993617
10578.752   0.993659
10578.773   0.993435
10578.793   0.993206
10578.814   0.993267
10578.834   0.993737
10578.855   0.994424
10578.875   0.994904
10578.896   0.994815
10578.916   0.994013
10578.937   0.992757
10578.957   0.991489
10578.978   0.990727
10578.998   0.990731
10579.019   0.991543
10579.039   0.992900
10579.060   0.994413
10579.080   0.995646
10579.101   0.996258
10579.121   0.996105
10579.142   0.995275
10579.162   0.994127
10579.183   0.993124
10579.204   0.992710
10579.224   0.993016
10579.245   0.993865
10579.265   0.994796
10579.286   0.995376
10579.306   0.995380
10579.327   0.994911
10579.347   0.994250
10579.368   0.993693
10579.388   0.993377
10579.409   0.993294
10579.429   0.993346
10579.450   0.993394
10579.470   0.993250
10579.491   0.992657
10579.511   0.991446
10579.532   0.989623
10579.552   0.987518
10579.573   0.985588
10579.593   0.984337
10579.614   0.984035
10579.634   0.984756
10579.655   0.986319
10579.675   0.988370
10579.696   0.990507
10579.716   0.992356
10579.737   0.993756
10579.757   0.994613
10579.778   0.994964
10579.798   0.994817
10579.819   0.994308
10579.839   0.993639
10579.860   0.993133
10579.880   0.993030
10579.901   0.993413
10579.922   0.994111
10579.942   0.994834
10579.963   0.995283
10579.983   0.995334
10580.004   0.995047
10580.024   0.994671
10580.045   0.994493
10580.065   0.994723
10580.086   0.995341
10580.106   0.996054
10580.127   0.996434
10580.147   0.996142
10580.168   0.995274
10580.188   0.994298
10580.209   0.993919
10580.229   0.994549
10580.250   0.996133
10580.270   0.998062
10580.291   0.999569
10580.311   1.000065
10580.332   0.999400
10580.352   0.997859
10580.373   0.995994
10580.393   0.994428
10580.414   0.993599
10580.434   0.993630
10580.455   0.994306
10580.475   0.995186
10580.496   0.995883
10580.516   0.996158
10580.537   0.996060
10580.557   0.995676
10580.578   0.995193
10580.599   0.994626
10580.619   0.994036
10580.640   0.993317
10580.660   0.992520
10580.681   0.991689
10580.701   0.991115
10580.722   0.991021
10580.742   0.991551
10580.763   0.992500
10580.783   0.993432
10580.804   0.993912
10580.824   0.993736
10580.845   0.993083
10580.865   0.992274
10580.886   0.991635
10580.906   0.991318
10580.927   0.991388
10580.947   0.991807
10580.968   0.992419
10580.988   0.992910
10581.009   0.992959
10581.029   0.992433
10581.050   0.991621
10581.070   0.991018
10581.091   0.991102
10581.111   0.991850
10581.132   0.992902
10581.152   0.993644
10581.173   0.993790
10581.193   0.993369
10581.214   0.992830
10581.234   0.992567
10581.255   0.992807
10581.275   0.993358
10581.296   0.993842
10581.317   0.993863
10581.337   0.993293
10581.358   0.992386
10581.378   0.991568
10581.399   0.991265
10581.419   0.991534
10581.440   0.992190
10581.460   0.992817
10581.481   0.993109
10581.501   0.992891
10581.522   0.992215
10581.542   0.991283
10581.563   0.990368
10581.583   0.989790
10581.604   0.989726
10581.624   0.990217
10581.645   0.991032
10581.665   0.991897
10581.686   0.992556
10581.706   0.992947
10581.727   0.993124
10581.747   0.993189
10581.768   0.993211
10581.788   0.993188
10581.809   0.993110
10581.829   0.992912
10581.850   0.992557
10581.870   0.992006
10581.891   0.991381
10581.911   0.990848
10581.932   0.990639
10581.952   0.990803
10581.973   0.991287
10581.993   0.991947
10582.014   0.992748
10582.035   0.993740
10582.055   0.994919
10582.076   0.996129
10582.096   0.997032
10582.117   0.997338
10582.137   0.996946
10582.158   0.996071
10582.178   0.995057
10582.199   0.994233
10582.219   0.993801
10582.240   0.993877
10582.260   0.994536
10582.281   0.995702
10582.301   0.997096
10582.322   0.998167
10582.342   0.998385
10582.363   0.997550
10582.383   0.996002
10582.404   0.994478
10582.424   0.993600
10582.445   0.993562
10582.465   0.993934
10582.486   0.994128
10582.506   0.993683
10582.527   0.992645
10582.547   0.991347
10582.568   0.990217
10582.588   0.989481
10582.609   0.989158
10582.629   0.989119
10582.650   0.989244
10582.670   0.989513
10582.691   0.989969
10582.711   0.990668
10582.732   0.991531
10582.753   0.992382
10582.773   0.992968
10582.794   0.993111
10582.814   0.992751
10582.835   0.991979
10582.855   0.991000
10582.876   0.990095
10582.896   0.989547
10582.917   0.989586
10582.937   0.990259
10582.958   0.991437
10582.978   0.992824
10582.999   0.994150
10583.019   0.995167
10583.040   0.995686
10583.060   0.995520
10583.081   0.994543
10583.101   0.992829
10583.122   0.990739
10583.142   0.988927
10583.163   0.988097
10583.183   0.988695
10583.204   0.990593
10583.224   0.993081
10583.245   0.995123
10583.265   0.995819
10583.286   0.994826
10583.306   0.992579
10583.327   0.989981
10583.347   0.987976
10583.368   0.987032
10583.388   0.987124
10583.409   0.987877
10583.430   0.988899
10583.450   0.989926
10583.471   0.990798
10583.491   0.991398
10583.512   0.991660
10583.532   0.991601
10583.553   0.991374
10583.573   0.991120
10583.594   0.990972
10583.614   0.990922
10583.635   0.990990
10583.655   0.991178
10583.676   0.991563
10583.696   0.992193
10583.717   0.993065
10583.737   0.994074
10583.758   0.995017
10583.778   0.995652
10583.799   0.995772
10583.819   0.995306
10583.840   0.994406
10583.860   0.993351
10583.881   0.992498
10583.901   0.992069
10583.922   0.992192
10583.942   0.992799
10583.963   0.993753
10583.983   0.994801
10584.004   0.995683
10584.024   0.996156
10584.045   0.996137
10584.065   0.995703
10584.086   0.995091
10584.106   0.994549
10584.127   0.994264
10584.148   0.994254
10584.168   0.994390
10584.189   0.994439
10584.209   0.994185
10584.230   0.993546
10584.250   0.992679
10584.271   0.991990
10584.291   0.991943
10584.312   0.992800
10584.332   0.994439
10584.353   0.996273
10584.373   0.997585
10584.394   0.997795
10584.414   0.996891
10584.435   0.995341
10584.455   0.993967
10584.476   0.993493
10584.496   0.994208
10584.517   0.995813
10584.537   0.997557
10584.558   0.998688
10584.578   0.998801
10584.599   0.998043
10584.619   0.996902
10584.640   0.995873
10584.660   0.995138
10584.681   0.994506
10584.701   0.993659
10584.722   0.992418
10584.742   0.990977
10584.763   0.989763
10584.783   0.989177
10584.804   0.989314
10584.824   0.989937
10584.845   0.990701
10584.866   0.991381
10584.886   0.991936
10584.907   0.992396
10584.927   0.992688
10584.948   0.992692
10584.968   0.992339
10584.989   0.991791
10585.009   0.991330
10585.030   0.991168
10585.050   0.991288
10585.071   0.991459
10585.091   0.991479
10585.112   0.991264
10585.132   0.990932
10585.153   0.990636
10585.173   0.990525
10585.194   0.990698
10585.214   0.991225
10585.235   0.992132
10585.255   0.993272
10585.276   0.994371
10585.296   0.995078
10585.317   0.995222
10585.337   0.994836
10585.358   0.994155
10585.378   0.993440
10585.399   0.992944
10585.419   0.992903
10585.440   0.993541
10585.460   0.994886
10585.481   0.996688
10585.501   0.998340
10585.522   0.999162
10585.542   0.998698
10585.563   0.996969
10585.584   0.994494
10585.604   0.991991
10585.625   0.990224
10585.645   0.989558
10585.666   0.990024
10585.686   0.991153
10585.707   0.992375
10585.727   0.993168
10585.748   0.993386
10585.768   0.993215
10585.789   0.992989
10585.809   0.992976
10585.830   0.993195
10585.850   0.993540
10585.871   0.993835
10585.891   0.994015
10585.912   0.994057
10585.932   0.993980
10585.953   0.993728
10585.973   0.993240
10585.994   0.992488
10586.014   0.991585
10586.035   0.990790
10586.055   0.990379
10586.076   0.990568
10586.096   0.991218
10586.117   0.992014
10586.137   0.992370
10586.158   0.991982
10586.178   0.990820
10586.199   0.989380
10586.219   0.988316
10586.240   0.988167
10586.261   0.989056
10586.281   0.990582
10586.302   0.992126
10586.322   0.993047
10586.343   0.993161
10586.363   0.992549
10586.384   0.991624
10586.404   0.990728
10586.425   0.990189
10586.445   0.990144
10586.466   0.990570
10586.486   0.991185
10586.507   0.991494
10586.527   0.991053
10586.548   0.989811
10586.568   0.988228
10586.589   0.987112
10586.609   0.987056
10586.630   0.988194
10586.650   0.989982
10586.671   0.991624
10586.691   0.992340
10586.712   0.991814
10586.732   0.990280
10586.753   0.988387
10586.773   0.986973
10586.794   0.986581
10586.814   0.987312
10586.835   0.988762
10586.855   0.990313
10586.876   0.991435
10586.896   0.991811
10586.917   0.991465
10586.937   0.990532
10586.958   0.989326
10586.979   0.988102
10586.999   0.987170
10587.020   0.986731
10587.040   0.986980
10587.061   0.987923
10587.081   0.989391
10587.102   0.990929
10587.122   0.991997
10587.143   0.992150
10587.163   0.991358
10587.184   0.990021
10587.204   0.988806
10587.225   0.988278
10587.245   0.988578
10587.266   0.989461
10587.286   0.990482
10587.307   0.991360
10587.327   0.992067
10587.348   0.992719
10587.368   0.993374
10587.389   0.993909
10587.409   0.994188
10587.430   0.994166
10587.450   0.993992
10587.471   0.993899
10587.491   0.994088
10587.512   0.994648
10587.532   0.995490
10587.553   0.996428
10587.573   0.997227
10587.594   0.997771
10587.614   0.998071
10587.635   0.998197
10587.655   0.998089
10587.676   0.997550
10587.697   0.996385
10587.717   0.994651
10587.738   0.992694
10587.758   0.990971
10587.779   0.989837
10587.799   0.989337
10587.820   0.989337
10587.840   0.989571
10587.861   0.989850
10587.881   0.990006
10587.902   0.989933
10587.922   0.989547
10587.943   0.988817
10587.963   0.987856
10587.984   0.986901
10588.004   0.986291
10588.025   0.986237
10588.045   0.986742
10588.066   0.987514
10588.086   0.988219
10588.107   0.988630
10588.127   0.988815
10588.148   0.988946
10588.168   0.989187
10588.189   0.989559
10588.209   0.990016
10588.230   0.990593
10588.250   0.991303
10588.271   0.992149
10588.291   0.992917
10588.312   0.993376
10588.332   0.993312
10588.353   0.992736
10588.373   0.991851
10588.394   0.990965
10588.415   0.990374
10588.435   0.990207
10588.456   0.990446
10588.476   0.990921
10588.497   0.991455
10588.517   0.991892
10588.538   0.992154
10588.558   0.992212
10588.579   0.992054
10588.599   0.991713
10588.620   0.991225
10588.640   0.990644
10588.661   0.989945
10588.681   0.989123
10588.702   0.988230
10588.722   0.987386
10588.743   0.986707
10588.763   0.986126
10588.784   0.985517
10588.804   0.984731
10588.825   0.983915
10588.845   0.983298
10588.866   0.983070
10588.886   0.983057
10588.907   0.982837
10588.927   0.981992
10588.948   0.980417
10588.968   0.978400
10588.989   0.976411
10589.009   0.974887
10589.030   0.974026
10589.050   0.973844
10589.071   0.974203
10589.092   0.974942
10589.112   0.975897
10589.133   0.976945
10589.153   0.977982
10589.174   0.978954
10589.194   0.979903
10589.215   0.980980
10589.235   0.982377
10589.256   0.984187
10589.276   0.986271
10589.297   0.988281
10589.317   0.989805
10589.338   0.990546
10589.358   0.990474
10589.379   0.989824
10589.399   0.988956
10589.420   0.988184
10589.440   0.987636
10589.461   0.987374
10589.481   0.987411
10589.502   0.987840
10589.522   0.988634
10589.543   0.989583
10589.563   0.990268
10589.584   0.990279
10589.604   0.989565
10589.625   0.988430
10589.645   0.987511
10589.666   0.987307
10589.686   0.988049
10589.707   0.989536
10589.727   0.991349
10589.748   0.992938
10589.768   0.993825
10589.789   0.993655
10589.810   0.992520
10589.830   0.990910
10589.851   0.989709
10589.871   0.989536
10589.892   0.990542
10589.912   0.992116
10589.933   0.993494
10589.953   0.994075
10589.974   0.993830
10589.994   0.993084
10590.015   0.992320
10590.035   0.991876
10590.056   0.991878
10590.076   0.992194
10590.097   0.992579
10590.117   0.992779
10590.138   0.992687
10590.158   0.992342
10590.179   0.991876
10590.199   0.991373
10590.220   0.990844
10590.240   0.990269
10590.261   0.989677
10590.281   0.989199
10590.302   0.988941
10590.322   0.989018
10590.343   0.989439
10590.363   0.990234
10590.384   0.991268
10590.404   0.992364
10590.425   0.993192
10590.445   0.993554
10590.466   0.993353
10590.486   0.992735
10590.507   0.991935
10590.528   0.991211
10590.548   0.990779
10590.569   0.990815
10590.589   0.991515
10590.610   0.992879
10590.630   0.994692
10590.651   0.996328
10590.671   0.997230
10590.692   0.997117
10590.712   0.996365
10590.733   0.995572
10590.753   0.995196
10590.774   0.995186
10590.794   0.995290
10590.815   0.995445
10590.835   0.995939
10590.856   0.997059
10590.876   0.998678
10590.897   1.000115
10590.917   1.000569
10590.938   0.999570
10590.958   0.997389
10590.979   0.994738
10590.999   0.992515
10591.020   0.991328
10591.040   0.991395
10591.061   0.992424
10591.081   0.993812
10591.102   0.994900
10591.122   0.995311
10591.143   0.995067
10591.163   0.994571
10591.184   0.994243
10591.204   0.994319
10591.225   0.994651
10591.246   0.994947
10591.266   0.994971
10591.287   0.994631
10591.307   0.993937
10591.328   0.992863
10591.348   0.991465
10591.369   0.989940
10591.389   0.988652
10591.410   0.988037
10591.430   0.988302
10591.451   0.989431
10591.471   0.990995
10591.492   0.992440
10591.512   0.993140
10591.533   0.992828
10591.553   0.991615
10591.574   0.990031
10591.594   0.988664
10591.615   0.987910
10591.635   0.987811
10591.656   0.988218
10591.676   0.988917
10591.697   0.989785
10591.717   0.990629
10591.738   0.991221
10591.758   0.991302
10591.779   0.990805
10591.799   0.989968
10591.820   0.989194
10591.840   0.988844
10591.861   0.988901
10591.881   0.989119
10591.902   0.989182
10591.923   0.989045
10591.943   0.988885
10591.964   0.988915
10591.984   0.989138
10592.005   0.989319
10592.025   0.989269
10592.046   0.989031
10592.066   0.988923
10592.087   0.989209
10592.107   0.989823
10592.128   0.990370
10592.148   0.990413
10592.169   0.989920
10592.189   0.989260
10592.210   0.988996
10592.230   0.989376
10592.251   0.990240
10592.271   0.991140
10592.292   0.991696
10592.312   0.991749
10592.333   0.991380
10592.353   0.990725
10592.374   0.989969
10592.394   0.989253
10592.415   0.988800
10592.435   0.988754
10592.456   0.989270
10592.476   0.990226
10592.497   0.991485
10592.517   0.992705
10592.538   0.993748
10592.558   0.994446
10592.579   0.994941
10592.599   0.995204
10592.620   0.995216
10592.641   0.994715
10592.661   0.993660
10592.682   0.992250
10592.702   0.990953
10592.723   0.990189
10592.743   0.990029
10592.764   0.990249
10592.784   0.990527
10592.805   0.990828
10592.825   0.991345
10592.846   0.992285
10592.866   0.993532
10592.887   0.994661
10592.907   0.995206
10592.928   0.994924
10592.948   0.993991
10592.969   0.992848
10592.989   0.992043
10593.010   0.991997
10593.030   0.992796
10593.051   0.994265
10593.071   0.995828
10593.092   0.996923
10593.112   0.996997
10593.133   0.995985
10593.153   0.994167
10593.174   0.992181
10593.194   0.990593
10593.215   0.989704
10593.235   0.989428
10593.256   0.989504
10593.276   0.989648
10593.297   0.989791
10593.317   0.989929
10593.338   0.990174
10593.359   0.990480
10593.379   0.990785
10593.400   0.990895
10593.420   0.990728
10593.441   0.990296
10593.461   0.989743
10593.482   0.989277
10593.502   0.989039
10593.523   0.989137
10593.543   0.989533
10593.564   0.990159
10593.584   0.990805
10593.605   0.991262
10593.625   0.991325
10593.646   0.990953
10593.666   0.990269
10593.687   0.989496
10593.707   0.988791
10593.728   0.988151
10593.748   0.987552
10593.769   0.987025
10593.789   0.986804
10593.810   0.987054
10593.830   0.987780
10593.851   0.988609
10593.871   0.989151
10593.892   0.989169
10593.912   0.988828
10593.933   0.988469
10593.953   0.988343
10593.974   0.988446
10593.994   0.988588
10594.015   0.988650
10594.035   0.988651
10594.056   0.988675
10594.077   0.988797
10594.097   0.988990
10594.118   0.989344
10594.138   0.989831
10594.159   0.990421
10594.179   0.990741
10594.200   0.990519
10594.220   0.989647
10594.241   0.988591
10594.261   0.988007
10594.282   0.988430
10594.302   0.989858
10594.323   0.991724
10594.343   0.993362
10594.364   0.994245
10594.384   0.994394
10594.405   0.993977
10594.425   0.993403
10594.446   0.992882
10594.466   0.992658
10594.487   0.992791
10594.507   0.993285
10594.528   0.993998
10594.548   0.994767
10594.569   0.995467
10594.589   0.995992
10594.610   0.996176
10594.630   0.995826
10594.651   0.994821
10594.671   0.993365
10594.692   0.991992
10594.712   0.991339
10594.733   0.991827
10594.754   0.993254
10594.774   0.994974
10594.795   0.995990
10594.815   0.995677
10594.836   0.993898
10594.856   0.991315
10594.877   0.988903
10594.897   0.987550
10594.918   0.987532
10594.938   0.988386
10594.959   0.989413
10594.979   0.990096
10595.000   0.990472
10595.020   0.990804
10595.041   0.991173
10595.061   0.991382
10595.082   0.991075
10595.102   0.990274
10595.123   0.989285
10595.143   0.988667
10595.164   0.988674
10595.184   0.989180
10595.205   0.989675
10595.225   0.989743
10595.246   0.989339
10595.266   0.988902
10595.287   0.988969
10595.307   0.989818
10595.328   0.991268
10595.348   0.992922
10595.369   0.994377
10595.389   0.995434
10595.410   0.995957
10595.430   0.995901
10595.451   0.995237
10595.472   0.994204
10595.492   0.993154
10595.513   0.992483
10595.533   0.992341
10595.554   0.992677
10595.574   0.993295
10595.595   0.993973
10595.615   0.994366
10595.636   0.994106
10595.656   0.992844
10595.677   0.990798
10595.697   0.988555
10595.718   0.987083
10595.738   0.986906
10595.759   0.988017
10595.779   0.989777
10595.800   0.991467
10595.820   0.992585
10595.841   0.992886
10595.861   0.992342
10595.882   0.991120
10595.902   0.989658
10595.923   0.988588
10595.943   0.988418
10595.964   0.989232
10595.984   0.990632
10596.005   0.991979
10596.025   0.992828
10596.046   0.993074
10596.066   0.992898
10596.087   0.992462
10596.107   0.991795
10596.128   0.990815
10596.148   0.989533
10596.169   0.988195
10596.190   0.987212
10596.210   0.986967
10596.231   0.987489
10596.251   0.988465
10596.272   0.989325
10596.292   0.989659
10596.313   0.989270
10596.333   0.988330
10596.354   0.987209
10596.374   0.986345
10596.395   0.986049
10596.415   0.986370
10596.436   0.987105
10596.456   0.987940
10596.477   0.988602
10596.497   0.989023
10596.518   0.989204
10596.538   0.989172
10596.559   0.988860
10596.579   0.988234
10596.600   0.987436
10596.620   0.986774
10596.641   0.986607
10596.661   0.987012
10596.682   0.987942
10596.702   0.989151
10596.723   0.990613
10596.743   0.992105
10596.764   0.993421
10596.784   0.994025
10596.805   0.993686
10596.825   0.992488
10596.846   0.991050
10596.866   0.990017
10596.887   0.989736
10596.908   0.990222
10596.928   0.991385
10596.949   0.993184
10596.969   0.995510
10596.990   0.997884
10597.010   0.999643
10597.031   1.000283
10597.051   0.999802
10597.072   0.998680
10597.092   0.997369
10597.113   0.996202
10597.133   0.995130
10597.154   0.994115
10597.174   0.993134
10597.195   0.992291
10597.215   0.991632
10597.236   0.991097
10597.256   0.990500
10597.277   0.989691
10597.297   0.988658
10597.318   0.987628
10597.338   0.986938
10597.359   0.986854
10597.379   0.987440
10597.400   0.988491
10597.420   0.989642
10597.441   0.990513
10597.461   0.990816
10597.482   0.990467
10597.502   0.989596
10597.523   0.988542
10597.543   0.987766
10597.564   0.987606
10597.585   0.988233
10597.605   0.989437
10597.626   0.990831
10597.646   0.991882
10597.667   0.992170
10597.687   0.991628
10597.708   0.990501
10597.728   0.989368
10597.749   0.988656
10597.769   0.988564
10597.790   0.988879
10597.810   0.989239
10597.831   0.989384
10597.851   0.989318
10597.872   0.989324
10597.892   0.989636
10597.913   0.990348
10597.933   0.991367
10597.954   0.992537
10597.974   0.993641
10597.995   0.994380
10598.015   0.994350
10598.036   0.993457
10598.056   0.991908
10598.077   0.990590
10598.097   0.990241
10598.118   0.991390
10598.138   0.993518
10598.159   0.995770
10598.179   0.997019
10598.200   0.996789
10598.220   0.995097
10598.241   0.992631
10598.261   0.990165
10598.282   0.988485
10598.303   0.987990
10598.323   0.988779
10598.344   0.990400
10598.364   0.992144
10598.385   0.993212
10598.405   0.993269
10598.426   0.992460
10598.446   0.991288
10598.467   0.990259
10598.487   0.989725
10598.508   0.989868
10598.528   0.990634
10598.549   0.991747
10598.569   0.992655
10598.590   0.992921
10598.610   0.992416
10598.631   0.991474
10598.651   0.990552
10598.672   0.989950
10598.692   0.989685
10598.713   0.989731
10598.733   0.990120
10598.754   0.990935
10598.774   0.991969
10598.795   0.992777
10598.815   0.992971
10598.836   0.992538
10598.856   0.992009
10598.877   0.991746
10598.897   0.991981
10598.918   0.992314
10598.938   0.992620
10598.959   0.992707
10598.979   0.992729
10599.000   0.992618
