10287.180   0.995189
10287.200   0.995768
10287.220   0.996007
10287.239   0.995669
10287.259   0.994757
10287.278   0.993511
10287.298   0.992299
10287.317   0.991496
10287.337   0.991304
10287.356   0.991682
10287.376   0.992371
10287.395   0.993011
10287.415   0.993301
10287.434   0.993067
10287.454   0.992361
10287.473   0.991371
10287.493   0.990417
10287.513   0.989770
10287.532   0.989640
10287.552   0.990022
10287.571   0.990803
10287.591   0.991714
10287.610   0.992529
10287.630   0.993074
10287.649   0.993355
10287.669   0.993456
10287.688   0.993519
10287.708   0.993585
10287.727   0.993621
10287.747   0.993499
10287.766   0.993172
10287.786   0.992704
10287.805   0.992329
10287.825   0.992305
10287.845   0.992794
10287.864   0.993728
10287.884   0.994839
10287.903   0.995749
10287.923   0.996155
10287.942   0.995969
10287.962   0.995303
10287.981   0.994405
10288.001   0.993500
10288.020   0.992747
10288.040   0.992181
10288.059   0.991766
10288.079   0.991404
10288.098   0.991020
10288.118   0.990560
10288.138   0.990029
10288.157   0.989504
10288.177   0.989127
10288.196   0.989048
10288.216   0.989324
10288.235   0.989915
10288.255   0.990651
10288.274   0.991327
10288.294   0.991751
10288.313   0.991843
10288.333   0.991616
10288.352   0.991169
10288.372   0.990607
10288.391   0.990043
10288.411   0.989559
10288.431   0.989243
10288.450   0.989122
10288.470   0.989176
10288.489   0.989298
10288.509   0.989348
10288.528   0.989207
10288.548   0.988876
10288.567   0.988510
10288.587   0.988348
10288.606   0.988609
10288.626   0.989344
10288.645   0.990410
10288.665   0.991502
10288.684   0.992307
10288.704   0.992617
10288.724   0.992441
10288.743   0.991955
10288.763   0.991375
10288.782   0.990872
10288.802   0.990485
10288.821   0.990185
10288.841   0.989886
10288.860   0.989563
10288.880   0.989248
10288.899   0.989071
10288.919   0.989159
10288.938   0.989602
10288.958   0.990368
10288.977   0.991316
10288.997   0.992224
10289.016   0.992875
10289.036   0.993132
10289.056   0.992990
10289.075   0.992558
10289.095   0.992010
10289.114   0.991488
10289.134   0.991067
10289.153   0.990729
10289.173   0.990438
10289.192   0.990168
10289.212   0.989965
10289.231   0.989918
10289.251   0.990131
10289.270   0.990632
10289.290   0.991340
10289.309   0.992063
10289.329   0.992578
10289.349   0.992730
10289.368   0.992491
10289.388   0.992001
10289.407   0.991494
10289.427   0.991225
10289.446   0.991339
10289.466   0.991819
10289.485   0.992430
10289.505   0.992858
10289.524   0.992802
10289.544   0.992197
10289.563   0.991188
10289.583   0.990160
10289.602   0.989492
10289.622   0.989477
10289.642   0.990113
10289.661   0.991203
10289.681   0.992387
10289.700   0.993400
10289.720   0.994107
10289.739   0.994553
10289.759   0.994818
10289.778   0.994970
10289.798   0.994982
10289.817   0.994794
10289.837   0.994346
10289.856   0.993669
10289.876   0.992885
10289.895   0.992179
10289.915   0.991678
10289.935   0.991415
10289.954   0.991298
10289.974   0.991187
10289.993   0.990962
10290.013   0.990602
10290.032   0.990178
10290.052   0.989829
10290.071   0.989693
10290.091   0.989867
10290.110   0.990373
10290.130   0.991168
10290.149   0.992135
10290.169   0.993117
10290.188   0.993946
10290.208   0.994492
10290.227   0.994675
10290.247   0.994513
10290.267   0.994117
10290.286   0.993670
10290.306   0.993376
10290.325   0.993374
10290.345   0.993713
10290.364   0.994325
10290.384   0.995102
10290.403   0.995918
10290.423   0.996668
10290.442   0.997276
10290.462   0.997686
10290.481   0.997861
10290.501   0.997729
10290.520   0.997267
10290.540   0.996480
10290.560   0.995509
10290.579   0.994520
10290.599   0.993749
10290.618   0.993341
10290.638   0.993384
10290.657   0.993838
10290.677   0.994595
10290.696   0.995493
10290.716   0.996382
10290.735   0.997137
10290.755   0.997667
10290.774   0.997911
10290.794   0.997841
10290.813   0.997470
10290.833   0.996858
10290.853   0.996090
10290.872   0.995263
10290.892   0.994481
10290.911   0.993865
10290.931   0.993526
10290.950   0.993571
10290.970   0.994040
10290.989   0.994889
10291.009   0.995931
10291.028   0.996912
10291.048   0.997536
10291.067   0.997604
10291.087   0.997070
10291.106   0.996085
10291.126   0.994909
10291.146   0.993855
10291.165   0.993161
10291.185   0.992937
10291.204   0.993138
10291.224   0.993637
10291.243   0.994279
10291.263   0.994961
10291.282   0.995650
10291.302   0.996353
10291.321   0.997055
10291.341   0.997659
10291.360   0.997998
10291.380   0.997877
10291.399   0.997166
10291.419   0.995877
10291.439   0.994189
10291.458   0.992393
10291.478   0.990792
10291.497   0.989599
10291.517   0.988860
10291.536   0.988475
10291.556   0.988290
10291.575   0.988219
10291.595   0.988315
10291.614   0.988753
10291.634   0.989719
10291.653   0.991240
10291.673   0.993097
10291.692   0.994860
10291.712   0.996069
10291.731   0.996444
10291.751   0.996062
10291.771   0.995303
10291.790   0.994664
10291.810   0.994487
10291.829   0.994825
10291.849   0.995441
10291.868   0.995967
10291.888   0.996121
10291.907   0.995884
10291.927   0.995494
10291.946   0.995318
10291.966   0.995608
10291.985   0.996345
10292.005   0.997225
10292.024   0.997843
10292.044   0.997878
10292.064   0.997262
10292.083   0.996181
10292.103   0.995015
10292.122   0.994101
10292.142   0.993624
10292.161   0.993518
10292.181   0.993590
10292.200   0.993624
10292.220   0.993540
10292.239   0.993356
10292.259   0.993144
10292.278   0.992925
10292.298   0.992642
10292.317   0.992161
10292.337   0.991370
10292.357   0.990266
10292.376   0.989001
10292.396   0.987831
10292.415   0.987027
10292.435   0.986769
10292.454   0.987041
10292.474   0.987674
10292.493   0.988400
10292.513   0.988984
10292.532   0.989284
10292.552   0.989318
10292.571   0.989185
10292.591   0.989039
10292.610   0.988997
10292.630   0.989134
10292.650   0.989469
10292.669   0.990005
10292.689   0.990714
10292.708   0.991535
10292.728   0.992332
10292.747   0.992937
10292.767   0.993158
10292.786   0.992921
10292.806   0.992276
10292.825   0.991477
10292.845   0.990860
10292.864   0.990780
10292.884   0.991421
10292.903   0.992732
10292.923   0.994390
10292.942   0.995923
10292.962   0.996868
10292.982   0.996936
10293.001   0.996115
10293.021   0.994606
10293.040   0.992767
10293.060   0.990932
10293.079   0.989378
10293.099   0.988241
10293.118   0.987570
10293.138   0.987331
10293.157   0.987477
10293.177   0.987960
10293.196   0.988751
10293.216   0.989835
10293.235   0.991165
10293.255   0.992610
10293.275   0.993919
10293.294   0.994799
10293.314   0.995012
10293.333   0.994500
10293.353   0.993420
10293.372   0.992090
10293.392   0.990868
10293.411   0.990019
10293.431   0.989650
10293.450   0.989677
10293.470   0.989916
10293.489   0.990145
10293.509   0.990176
10293.528   0.989875
10293.548   0.989173
10293.568   0.988106
10293.587   0.986794
10293.607   0.985482
10293.626   0.984444
10293.646   0.983968
10293.665   0.984204
10293.685   0.985144
10293.704   0.986562
10293.724   0.988128
10293.743   0.989451
10293.763   0.990246
10293.782   0.990382
10293.802   0.989942
10293.821   0.989160
10293.841   0.988356
10293.861   0.987804
10293.880   0.987669
10293.900   0.987937
10293.919   0.988482
10293.939   0.989092
10293.958   0.989606
10293.978   0.989920
10293.997   0.990053
10294.017   0.990070
10294.036   0.990072
10294.056   0.990111
10294.075   0.990184
10294.095   0.990240
10294.114   0.990234
10294.134   0.990168
10294.153   0.990089
10294.173   0.990067
10294.193   0.990155
10294.212   0.990354
10294.232   0.990618
10294.251   0.990868
10294.271   0.991029
10294.290   0.991050
10294.310   0.990912
10294.329   0.990607
10294.349   0.990140
10294.368   0.989544
10294.388   0.988891
10294.407   0.988300
10294.427   0.987901
10294.446   0.987798
10294.466   0.988022
10294.486   0.988519
10294.505   0.989158
10294.525   0.989782
10294.544   0.990261
10294.564   0.990521
10294.583   0.990556
10294.603   0.990410
10294.622   0.990179
10294.642   0.989976
10294.661   0.989886
10294.681   0.989946
10294.700   0.990140
10294.720   0.990423
10294.739   0.990740
10294.759   0.991069
10294.779   0.991395
10294.798   0.991720
10294.818   0.992018
10294.837   0.992262
10294.857   0.992401
10294.876   0.992423
10294.896   0.992348
10294.915   0.992261
10294.935   0.992259
10294.954   0.992442
10294.974   0.992819
10294.993   0.993328
10295.013   0.993839
10295.032   0.994246
10295.052   0.994484
10295.072   0.994568
10295.091   0.994548
10295.111   0.994460
10295.130   0.994272
10295.150   0.993908
10295.169   0.993314
10295.189   0.992494
10295.208   0.991576
10295.228   0.990748
10295.247   0.990251
10295.267   0.990238
10295.286   0.990749
10295.306   0.991629
10295.325   0.992627
10295.345   0.993460
10295.364   0.993952
10295.384   0.994098
10295.404   0.994059
10295.423   0.994088
10295.443   0.994401
10295.462   0.995098
10295.482   0.996102
10295.501   0.997227
10295.521   0.998237
10295.540   0.998966
10295.560   0.999338
10295.579   0.999384
10295.599   0.999173
10295.618   0.998767
10295.638   0.998187
10295.657   0.997455
10295.677   0.996628
10295.697   0.995840
10295.716   0.995253
10295.736   0.995037
10295.755   0.995265
10295.775   0.995898
10295.794   0.996770
10295.814   0.997666
10295.833   0.998377
10295.853   0.998775
10295.872   0.998823
10295.892   0.998566
10295.911   0.998092
10295.931   0.997493
10295.950   0.996854
10295.970   0.996230
10295.990   0.995665
10296.009   0.995162
10296.029   0.994716
10296.048   0.994320
10296.068   0.994018
10296.087   0.993898
10296.107   0.994112
10296.126   0.994769
10296.146   0.995840
10296.165   0.997068
10296.185   0.998035
10296.204   0.998331
10296.224   0.997744
10296.243   0.996426
10296.263   0.994811
10296.283   0.993473
10296.302   0.992777
10296.322   0.992779
10296.341   0.993157
10296.361   0.993499
10296.380   0.993475
10296.400   0.993058
10296.419   0.992446
10296.439   0.991989
10296.458   0.991943
10296.478   0.992397
10296.497   0.993173
10296.517   0.993975
10296.536   0.994472
10296.556   0.994486
10296.576   0.993999
10296.595   0.993179
10296.615   0.992308
10296.634   0.991685
10296.654   0.991531
10296.673   0.991907
10296.693   0.992693
10296.712   0.993625
10296.732   0.994415
10296.751   0.994831
10296.771   0.994778
10296.790   0.994304
10296.810   0.993570
10296.829   0.992768
10296.849   0.992063
10296.868   0.991558
10296.888   0.991288
10296.908   0.991248
10296.927   0.991389
10296.947   0.991643
10296.966   0.991902
10296.986   0.992040
10297.005   0.991934
10297.025   0.991536
10297.044   0.990902
10297.064   0.990249
10297.083   0.989856
10297.103   0.990005
10297.122   0.990789
10297.142   0.992090
10297.161   0.993513
10297.181   0.994590
10297.201   0.994902
10297.220   0.994351
10297.240   0.993121
10297.259   0.991634
10297.279   0.990284
10297.298   0.989309
10297.318   0.988668
10297.337   0.988164
10297.357   0.987536
10297.376   0.986652
10297.396   0.985543
10297.415   0.984402
10297.435   0.983464
10297.454   0.982930
10297.474   0.982907
10297.494   0.983395
10297.513   0.984322
10297.533   0.985549
10297.552   0.986919
10297.572   0.988244
10297.591   0.989361
10297.611   0.990170
10297.630   0.990682
10297.650   0.990987
10297.669   0.991224
10297.689   0.991485
10297.708   0.991788
10297.728   0.992044
10297.747   0.992143
10297.767   0.991993
10297.787   0.991624
10297.806   0.991149
10297.826   0.990783
10297.845   0.990727
10297.865   0.991117
10297.884   0.991935
10297.904   0.993025
10297.923   0.994127
10297.943   0.994986
10297.962   0.995438
10297.982   0.995474
10298.001   0.995219
10298.021   0.994864
10298.040   0.994568
10298.060   0.994400
10298.079   0.994318
10298.099   0.994233
10298.119   0.994074
10298.138   0.993844
10298.158   0.993597
10298.177   0.993402
10298.197   0.993273
10298.216   0.993168
10298.236   0.993016
10298.255   0.992792
10298.275   0.992547
10298.294   0.992412
10298.314   0.992553
10298.333   0.993081
10298.353   0.993990
10298.372   0.995087
10298.392   0.996060
10298.412   0.996563
10298.431   0.996423
10298.451   0.995699
10298.470   0.994729
10298.490   0.993920
10298.509   0.993597
10298.529   0.993831
10298.548   0.994469
10298.568   0.995223
10298.587   0.995835
10298.607   0.996182
10298.626   0.996281
10298.646   0.996223
10298.665   0.996077
10298.685   0.995836
10298.705   0.995430
10298.724   0.994794
10298.744   0.993934
10298.763   0.992983
10298.783   0.992154
10298.802   0.991702
10298.822   0.991782
10298.841   0.992438
10298.861   0.993499
10298.880   0.994723
10298.900   0.995800
10298.919   0.996554
10298.939   0.996884
10298.958   0.996819
10298.978   0.996370
10298.998   0.995574
10299.017   0.994495
10299.037   0.993315
10299.056   0.992328
10299.076   0.991834
10299.095   0.991996
10299.115   0.992702
10299.134   0.993588
10299.154   0.994188
10299.173   0.994193
10299.193   0.993621
10299.212   0.992799
10299.232   0.992194
10299.251   0.992114
10299.271   0.992582
10299.290   0.993304
10299.310   0.993891
10299.330   0.994036
10299.349   0.993702
10299.369   0.993093
10299.388   0.992533
10299.408   0.992257
10299.427   0.992297
10299.447   0.992513
10299.466   0.992702
10299.486   0.992755
10299.505   0.992700
10299.525   0.992678
10299.544   0.992811
10299.564   0.993152
10299.583   0.993615
10299.603   0.994052
10299.623   0.994286
10299.642   0.994218
10299.662   0.993824
10299.681   0.993200
10299.701   0.992502
10299.720   0.991918
10299.740   0.991601
10299.759   0.991639
10299.779   0.992041
10299.798   0.992726
10299.818   0.993568
10299.837   0.994397
10299.857   0.995043
10299.876   0.995359
10299.896   0.995262
10299.916   0.994774
10299.935   0.994012
10299.955   0.993171
10299.974   0.992427
10299.994   0.991916
10300.013   0.991670
10300.033   0.991657
10300.052   0.991768
10300.072   0.991907
10300.091   0.991975
10300.111   0.991947
10300.130   0.991826
10300.150   0.991709
10300.169   0.991687
10300.189   0.991870
10300.209   0.992288
10300.228   0.992901
10300.248   0.993569
10300.267   0.994129
10300.287   0.994443
10300.306   0.994462
10300.326   0.994226
10300.345   0.993814
10300.365   0.993316
10300.384   0.992803
10300.404   0.992344
10300.423   0.992026
10300.443   0.991964
10300.462   0.992248
10300.482   0.992885
10300.501   0.993749
10300.521   0.994610
10300.541   0.995231
10300.560   0.995467
10300.580   0.995330
10300.599   0.995005
10300.619   0.994731
10300.638   0.994673
10300.658   0.994829
10300.677   0.995030
10300.697   0.995056
10300.716   0.994765
10300.736   0.994217
10300.755   0.993616
10300.775   0.993238
10300.794   0.993243
10300.814   0.993628
10300.834   0.994196
10300.853   0.994687
10300.873   0.994885
10300.892   0.994736
10300.912   0.994349
10300.931   0.993921
10300.951   0.993647
10300.970   0.993636
10300.990   0.993918
10301.009   0.994441
10301.029   0.995113
10301.048   0.995810
10301.068   0.996413
10301.087   0.996799
10301.107   0.996914
10301.127   0.996761
10301.146   0.996431
10301.166   0.996029
10301.185   0.995656
10301.205   0.995331
10301.224   0.995019
10301.244   0.994634
10301.263   0.994128
10301.283   0.993517
10301.302   0.992937
10301.322   0.992590
10301.341   0.992683
10301.361   0.993310
10301.380   0.994361
10301.400   0.995531
10301.420   0.996403
10301.439   0.996650
10301.459   0.996176
10301.478   0.995180
10301.498   0.994074
10301.517   0.993270
10301.537   0.993001
10301.556   0.993211
10301.576   0.993651
10301.595   0.994003
10301.615   0.994084
10301.634   0.993890
10301.654   0.993610
10301.673   0.993469
10301.693   0.993639
10301.712   0.994115
10301.732   0.994774
10301.752   0.995441
10301.771   0.995994
10301.791   0.996419
10301.810   0.996723
10301.830   0.996911
10301.849   0.996881
10301.869   0.996550
10301.888   0.995871
10301.908   0.994980
10301.927   0.994132
10301.947   0.993627
10301.966   0.993649
10301.986   0.994192
10302.005   0.995048
10302.025   0.995909
10302.045   0.996485
10302.064   0.996620
10302.084   0.996321
10302.103   0.995740
10302.123   0.995102
10302.142   0.994628
10302.162   0.994472
10302.181   0.994679
10302.201   0.995186
10302.220   0.995823
10302.240   0.996387
10302.259   0.996703
10302.279   0.996742
10302.298   0.996587
10302.318   0.996428
10302.338   0.996403
10302.357   0.996565
10302.377   0.996818
10302.396   0.997018
10302.416   0.997028
10302.435   0.996805
10302.455   0.996394
10302.474   0.995885
10302.494   0.995364
10302.513   0.994883
10302.533   0.994489
10302.552   0.994215
10302.572   0.994081
10302.591   0.994057
10302.611   0.994040
10302.631   0.993875
10302.650   0.993420
10302.670   0.992666
10302.689   0.991781
10302.709   0.991087
10302.728   0.990908
10302.748   0.991408
10302.767   0.992470
10302.787   0.993737
10302.806   0.994761
10302.826   0.995222
10302.845   0.995052
10302.865   0.994428
10302.884   0.993642
10302.904   0.992948
10302.924   0.992488
10302.943   0.992277
10302.963   0.992274
10302.982   0.992424
10303.002   0.992678
10303.021   0.992985
10303.041   0.993275
10303.060   0.993479
10303.080   0.993544
10303.099   0.993469
10303.119   0.993291
10303.138   0.993078
10303.158   0.992851
10303.177   0.992604
10303.197   0.992298
10303.216   0.991927
10303.236   0.991518
10303.256   0.991161
10303.275   0.990952
10303.295   0.990983
10303.314   0.991282
10303.334   0.991837
10303.353   0.992564
10303.373   0.993347
10303.392   0.994021
10303.412   0.994399
10303.431   0.994291
10303.451   0.993574
10303.470   0.992269
10303.490   0.990595
10303.509   0.988927
10303.529   0.987697
10303.549   0.987214
10303.568   0.987576
10303.588   0.988592
10303.607   0.989922
10303.627   0.991159
10303.646   0.992014
10303.666   0.992344
10303.685   0.992187
10303.705   0.991687
10303.724   0.991049
10303.744   0.990441
10303.763   0.989994
10303.783   0.989749
10303.802   0.989699
10303.822   0.989768
10303.842   0.989870
10303.861   0.989917
10303.881   0.989881
10303.900   0.989818
10303.920   0.989860
10303.939   0.990162
10303.959   0.990793
10303.978   0.991699
10303.998   0.992667
10304.017   0.993461
10304.037   0.993895
10304.056   0.993984
10304.076   0.993902
10304.095   0.993931
10304.115   0.994270
10304.135   0.994956
10304.154   0.995802
10304.174   0.996537
10304.193   0.996889
10304.213   0.996755
10304.232   0.996168
10304.252   0.995288
10304.271   0.994275
10304.291   0.993289
10304.310   0.992472
10304.330   0.991985
10304.349   0.991957
10304.369   0.992435
10304.388   0.993307
10304.408   0.994331
10304.427   0.995214
10304.447   0.995770
10304.467   0.996014
10304.486   0.996171
10304.506   0.996531
10304.525   0.997282
10304.545   0.998367
10304.564   0.999505
10304.584   1.000308
10304.603   1.000492
10304.623   0.999983
10304.642   0.998938
10304.662   0.997638
10304.681   0.996355
10304.701   0.995266
10304.720   0.994426
10304.740   0.993821
10304.760   0.993389
10304.779   0.993104
10304.799   0.992990
10304.818   0.993124
10304.838   0.993570
10304.857   0.994341
10304.877   0.995370
10304.896   0.996520
10304.916   0.997591
10304.935   0.998250
10304.955   0.998089
10304.974   0.996635
10304.994   0.993734
10305.013   0.989628
10305.033   0.985327
10305.053   0.982088
10305.072   0.981125
10305.092   0.982735
10305.111   0.986344
10305.131   0.990535
10305.150   0.993918
10305.170   0.995655
10305.189   0.995758
10305.209   0.994860
10305.228   0.993772
10305.248   0.993089
10305.267   0.992939
10305.287   0.993150
10305.306   0.993413
10305.326   0.993546
10305.346   0.993517
10305.365   0.993434
10305.385   0.993424
10305.404   0.993543
10305.424   0.993757
10305.443   0.993963
10305.463   0.994108
10305.482   0.994185
10305.502   0.994276
10305.521   0.994413
10305.541   0.994577
10305.560   0.994638
10305.580   0.994472
10305.599   0.994013
10305.619   0.993326
10305.638   0.992572
10305.658   0.991934
10305.678   0.991564
10305.697   0.991527
10305.717   0.991823
10305.736   0.992353
10305.756   0.992983
10305.775   0.993533
10305.795   0.993853
10305.814   0.993818
10305.834   0.993407
10305.853   0.992693
10305.873   0.991866
10305.892   0.991179
10305.912   0.990887
10305.931   0.991147
10305.951   0.991930
10305.971   0.993025
10305.990   0.994073
10306.010   0.994753
10306.029   0.994881
10306.049   0.994557
10306.068   0.994056
10306.088   0.993742
10306.107   0.993863
10306.127   0.994493
10306.146   0.995500
10306.166   0.996638
10306.185   0.997645
10306.205   0.998316
10306.224   0.998518
10306.244   0.998161
10306.264   0.997201
10306.283   0.995694
10306.303   0.993846
10306.322   0.992045
10306.342   0.990696
10306.361   0.990104
10306.381   0.990281
10306.400   0.990995
10306.420   0.991829
10306.439   0.992430
10306.459   0.992607
10306.478   0.992413
10306.498   0.992025
10306.517   0.991632
10306.537   0.991321
10306.557   0.991076
10306.576   0.990844
10306.596   0.990585
10306.615   0.990329
10306.635   0.990150
10306.654   0.990128
10306.674   0.990285
10306.693   0.990574
10306.713   0.990894
10306.732   0.991110
10306.752   0.991117
10306.771   0.990856
10306.791   0.990362
10306.810   0.989743
10306.830   0.989186
10306.849   0.988872
10306.869   0.988914
10306.889   0.989301
10306.908   0.989897
10306.928   0.990524
10306.947   0.991024
10306.967   0.991360
10306.986   0.991583
10307.006   0.991820
10307.025   0.992149
10307.045   0.992534
10307.064   0.992709
10307.084   0.992169
10307.103   0.990173
10307.123   0.986026
10307.142   0.979425
10307.162   0.970970
10307.182   0.962178
10307.201   0.955311
10307.221   0.952304
10307.240   0.954046
10307.260   0.959835
10307.279   0.967939
10307.299   0.976343
10307.318   0.983529
10307.338   0.988828
10307.357   0.992324
10307.377   0.994481
10307.396   0.995797
10307.416   0.996604
10307.435   0.997025
10307.455   0.997052
10307.475   0.996681
10307.494   0.995983
10307.514   0.995165
10307.533   0.994498
10307.553   0.994184
10307.572   0.994245
10307.592   0.994511
10307.611   0.994762
10307.631   0.994881
10307.650   0.994898
10307.670   0.994938
10307.689   0.995089
10307.709   0.995351
10307.728   0.995642
10307.748   0.995890
10307.768   0.996068
10307.787   0.996204
10307.807   0.996307
10307.826   0.996327
10307.846   0.996158
10307.865   0.995725
10307.885   0.995065
10307.904   0.994344
10307.924   0.993811
10307.943   0.993652
10307.963   0.993885
10307.982   0.994319
10308.002   0.994662
10308.021   0.994669
10308.041   0.994268
10308.061   0.993581
10308.080   0.992867
10308.100   0.992371
10308.119   0.992212
10308.139   0.992341
10308.158   0.992578
10308.178   0.992732
10308.197   0.992696
10308.217   0.992515
10308.236   0.992328
10308.256   0.992304
10308.275   0.992498
10308.295   0.992838
10308.314   0.993137
10308.334   0.993208
10308.353   0.992947
10308.373   0.992378
10308.393   0.991626
10308.412   0.990855
10308.432   0.990252
10308.451   0.989963
10308.471   0.990107
10308.490   0.990733
10308.510   0.991793
10308.529   0.993114
10308.549   0.994416
10308.568   0.995424
10308.588   0.995946
10308.607   0.995963
10308.627   0.995612
10308.646   0.995138
10308.666   0.994795
10308.686   0.994766
10308.705   0.995094
10308.725   0.995706
10308.744   0.996424
10308.764   0.997081
10308.783   0.997527
10308.803   0.997724
10308.822   0.997687
10308.842   0.997500
10308.861   0.997233
10308.881   0.996939
10308.900   0.996629
10308.920   0.996290
10308.939   0.995923
10308.959   0.995545
10308.979   0.995203
10308.998   0.994948
10309.018   0.994818
10309.037   0.994845
10309.057   0.995016
10309.076   0.995292
10309.096   0.995562
10309.115   0.995707
10309.135   0.995637
10309.154   0.995368
10309.174   0.995011
10309.193   0.994740
10309.213   0.994688
10309.232   0.994870
10309.252   0.995184
10309.272   0.995470
10309.291   0.995603
10309.311   0.995538
10309.330   0.995308
10309.350   0.994971
10309.369   0.994596
10309.389   0.994289
10309.408   0.994211
10309.428   0.994539
10309.447   0.995343
10309.467   0.996461
10309.486   0.997452
10309.506   0.997748
10309.525   0.996987
10309.545   0.995232
10309.564   0.993135
10309.584   0.991544
10309.604   0.991142
10309.623   0.991924
10309.643   0.993255
10309.662   0.994128
10309.682   0.993770
10309.701   0.992111
10309.721   0.989764
10309.740   0.987713
10309.760   0.986660
10309.779   0.986791
10309.799   0.987745
10309.818   0.989020
10309.838   0.990312
10309.857   0.991575
10309.877   0.992947
10309.897   0.994385
10309.916   0.995726
10309.936   0.996629
10309.955   0.996950
10309.975   0.996712
10309.994   0.996211
10310.014   0.995764
10310.033   0.995625
10310.053   0.995837
10310.072   0.996263
10310.092   0.996653
10310.111   0.996755
10310.131   0.996458
10310.150   0.995802
10310.170   0.995000
10310.190   0.994276
10310.209   0.993817
10310.229   0.993649
10310.248   0.993687
10310.268   0.993765
10310.287   0.993714
10310.307   0.993426
10310.326   0.992863
10310.346   0.992095
10310.365   0.991254
10310.385   0.990518
10310.404   0.990025
10310.424   0.989800
10310.443   0.989773
10310.463   0.989789
10310.483   0.989757
10310.502   0.989664
10310.522   0.989631
10310.541   0.989798
10310.561   0.990280
10310.580   0.991080
10310.600   0.992089
10310.619   0.993115
10310.639   0.993952
10310.658   0.994451
10310.678   0.994553
10310.697   0.994311
10310.717   0.993889
10310.736   0.993535
10310.756   0.993509
10310.775   0.993973
10310.795   0.994887
10310.815   0.995976
10310.834   0.996856
10310.854   0.997182
10310.873   0.996891
10310.893   0.996197
10310.912   0.995545
10310.932   0.995294
10310.951   0.995594
10310.971   0.996276
10310.990   0.997019
10311.010   0.997506
10311.029   0.997573
10311.049   0.997233
10311.068   0.996575
10311.088   0.995733
10311.108   0.994837
10311.127   0.994035
10311.147   0.993494
10311.166   0.993317
10311.186   0.993505
10311.205   0.993843
10311.225   0.994043
10311.244   0.993787
10311.264   0.992995
10311.283   0.991790
10311.303   0.990554
10311.322   0.989681
10311.342   0.989448
10311.361   0.989887
10311.381   0.990799
10311.401   0.991879
10311.420   0.992815
10311.440   0.993432
10311.459   0.993650
10311.479   0.993535
10311.498   0.993175
10311.518   0.992699
10311.537   0.992181
10311.557   0.991667
10311.576   0.991132
10311.596   0.990502
10311.615   0.989697
10311.635   0.988661
10311.654   0.987435
10311.674   0.986125
10311.694   0.984906
10311.713   0.983905
10311.733   0.983168
10311.752   0.982615
10311.772   0.982110
10311.791   0.981500
10311.811   0.980720
10311.830   0.979811
10311.850   0.978906
10311.869   0.978171
10311.889   0.977733
10311.908   0.977656
10311.928   0.977934
10311.947   0.978536
10311.967   0.979416
10311.986   0.980512
10312.006   0.981714
10312.026   0.982864
10312.045   0.983778
10312.065   0.984335
10312.084   0.984527
10312.104   0.984514
10312.123   0.984583
10312.143   0.985081
10312.162   0.986272
10312.182   0.988231
10312.201   0.990767
10312.221   0.993449
10312.240   0.995755
10312.260   0.997249
10312.279   0.997733
10312.299   0.997293
10312.319   0.996255
10312.338   0.995038
10312.358   0.994004
10312.377   0.993365
10312.397   0.993154
10312.416   0.993291
10312.436   0.993646
10312.455   0.994116
10312.475   0.994631
10312.494   0.995169
10312.514   0.995701
10312.533   0.996216
10312.553   0.996687
10312.572   0.997088
10312.592   0.997358
10312.612   0.997433
10312.631   0.997278
10312.651   0.996944
10312.670   0.996598
10312.690   0.996459
10312.709   0.996679
10312.729   0.997239
10312.748   0.997974
10312.768   0.998643
10312.787   0.999074
10312.807   0.999227
10312.826   0.999177
10312.846   0.999046
10312.865   0.998909
10312.885   0.998780
10312.905   0.998621
10312.924   0.998407
10312.944   0.998152
10312.963   0.997913
10312.983   0.997765
10313.002   0.997750
10313.022   0.997842
10313.041   0.997938
10313.061   0.997892
10313.080   0.997578
10313.100   0.996969
10313.119   0.996197
10313.139   0.995513
10313.158   0.995182
10313.178   0.995355
10313.198   0.995978
10313.217   0.996822
10313.237   0.997567
10313.256   0.997984
10313.276   0.998011
10313.295   0.997740
10313.315   0.997307
10313.334   0.996781
10313.354   0.996141
10313.373   0.995347
10313.393   0.994430
10313.412   0.993555
10313.432   0.992924
10313.451   0.992719
10313.471   0.992961
10313.490   0.993550
10313.510   0.994265
10313.530   0.994918
10313.549   0.995379
10313.569   0.995654
10313.588   0.995799
10313.608   0.995869
10313.627   0.995839
10313.647   0.995631
10313.666   0.995185
10313.686   0.994543
10313.705   0.993870
10313.725   0.993387
10313.744   0.993266
10313.764   0.993544
10313.783   0.994107
10313.803   0.994756
10313.823   0.995285
10313.842   0.995577
10313.862   0.995592
10313.881   0.995370
10313.901   0.994945
10313.920   0.994365
10313.940   0.993692
10313.959   0.993035
10313.979   0.992536
10313.998   0.992320
10314.018   0.992440
10314.037   0.992814
10314.057   0.993247
10314.076   0.993513
10314.096   0.993465
10314.116   0.993123
10314.135   0.992669
10314.155   0.992384
10314.174   0.992460
10314.194   0.992899
10314.213   0.993468
10314.233   0.993840
10314.252   0.993728
10314.272   0.993070
10314.291   0.992053
10314.311   0.991060
10314.330   0.990481
10314.350   0.990554
10314.369   0.991274
10314.389   0.992397
10314.409   0.993580
10314.428   0.994479
10314.448   0.994896
10314.467   0.994779
10314.487   0.994272
10314.506   0.993615
10314.526   0.993101
10314.545   0.992977
10314.565   0.993376
10314.584   0.994261
10314.604   0.995425
10314.623   0.996550
10314.643   0.997314
10314.662   0.997509
10314.682   0.997117
10314.701   0.996305
10314.721   0.995353
10314.741   0.994513
10314.760   0.993925
10314.780   0.993593
10314.799   0.993433
10314.819   0.993380
10314.838   0.993413
10314.858   0.993559
10314.877   0.993806
10314.897   0.994065
10314.916   0.994164
10314.936   0.993944
10314.955   0.993383
10314.975   0.992627
10314.994   0.992000
10315.014   0.991849
10315.034   0.992432
10315.053   0.993750
10315.073   0.995550
10315.092   0.997389
10315.112   0.998796
10315.131   0.999478
10315.151   0.999412
10315.170   0.998853
10315.190   0.998182
10315.209   0.997720
10315.229   0.997604
10315.248   0.997746
10315.268   0.997972
10315.287   0.998102
10315.307   0.998107
10315.327   0.998031
10315.346   0.997970
10315.366   0.997889
10315.385   0.997669
10315.405   0.997101
10315.424   0.996103
10315.444   0.994762
10315.463   0.993410
10315.483   0.992439
10315.502   0.992128
10315.522   0.992470
10315.541   0.993156
10315.561   0.993768
10315.580   0.993978
10315.600   0.993751
10315.620   0.993249
10315.639   0.992750
10315.659   0.992445
10315.678   0.992412
10315.698   0.992622
10315.717   0.993025
10315.737   0.993549
10315.756   0.994116
10315.776   0.994619
10315.795   0.994959
10315.815   0.995055
10315.834   0.994894
10315.854   0.994516
10315.873   0.994026
10315.893   0.993553
10315.912   0.993242
10315.932   0.993201
10315.952   0.993471
10315.971   0.993996
10315.991   0.994630
10316.010   0.995197
10316.030   0.995568
10316.049   0.995722
10316.069   0.995751
10316.088   0.995800
10316.108   0.995966
10316.127   0.996245
10316.147   0.996516
10316.166   0.996628
10316.186   0.996453
10316.205   0.995972
10316.225   0.995256
10316.245   0.994457
10316.264   0.993720
10316.284   0.993161
10316.303   0.992830
10316.323   0.992721
10316.342   0.992786
10316.362   0.992920
10316.381   0.993014
10316.401   0.992924
10316.420   0.992584
10316.440   0.991997
10316.459   0.991323
10316.479   0.990789
10316.498   0.990622
10316.518   0.990904
10316.538   0.991533
10316.557   0.992269
10316.577   0.992872
10316.596   0.993221
10316.616   0.993350
10316.635   0.993371
10316.655   0.993368
10316.674   0.993309
10316.694   0.993083
10316.713   0.992581
10316.733   0.991814
10316.752   0.990966
10316.772   0.990328
10316.791   0.990166
10316.811   0.990580
10316.831   0.991449
10316.850   0.992463
10316.870   0.993277
10316.889   0.993640
10316.909   0.993498
10316.928   0.992970
10316.948   0.992271
10316.967   0.991608
10316.987   0.991107
10317.006   0.990809
10317.026   0.990688
10317.045   0.990701
10317.065   0.990835
10317.084   0.991099
10317.104   0.991520
10317.123   0.992113
10317.143   0.992824
10317.163   0.993555
10317.182   0.994150
10317.202   0.994502
10317.221   0.994554
10317.241   0.994361
10317.260   0.994015
10317.280   0.993633
10317.299   0.993301
10317.319   0.993061
10317.338   0.992941
10317.358   0.992934
10317.377   0.993043
10317.397   0.993214
10317.416   0.993403
10317.436   0.993558
10317.456   0.993685
10317.475   0.993818
10317.495   0.994000
10317.514   0.994245
10317.534   0.994481
10317.553   0.994606
10317.573   0.994519
10317.592   0.994220
10317.612   0.993817
10317.631   0.993469
10317.651   0.993322
10317.670   0.993402
10317.690   0.993645
10317.709   0.993895
10317.729   0.994042
10317.749   0.994035
10317.768   0.993936
10317.788   0.993854
10317.807   0.993895
10317.827   0.994117
10317.846   0.994512
10317.866   0.995003
10317.885   0.995447
10317.905   0.995678
10317.924   0.995552
10317.944   0.995025
10317.963   0.994213
10317.983   0.993340
10318.002   0.992652
10318.022   0.992278
10318.042   0.992230
10318.061   0.992378
10318.081   0.992591
10318.100   0.992760
10318.120   0.992868
10318.139   0.992896
10318.159   0.992853
10318.178   0.992742
10318.198   0.992635
10318.217   0.992684
10318.237   0.993079
10318.256   0.993903
10318.276   0.995061
10318.295   0.996255
10318.315   0.997131
10318.334   0.997444
10318.354   0.997224
10318.374   0.996738
10318.393   0.996335
10318.413   0.996239
10318.432   0.996436
10318.452   0.996714
10318.471   0.996804
10318.491   0.996540
10318.510   0.995934
10318.530   0.995135
10318.549   0.994342
10318.569   0.993699
10318.588   0.993268
10318.608   0.993025
10318.627   0.992942
10318.647   0.993001
10318.667   0.993235
10318.686   0.993671
10318.706   0.994285
10318.725   0.994942
10318.745   0.995434
10318.764   0.995583
10318.784   0.995372
10318.803   0.994981
10318.823   0.994712
10318.842   0.994804
10318.862   0.995306
10318.881   0.996030
10318.901   0.996658
10318.920   0.996906
10318.940   0.996663
10318.960   0.996034
10318.979   0.995256
10318.999   0.994578
10319.018   0.994104
10319.038   0.993818
10319.057   0.993622
10319.077   0.993448
10319.096   0.993309
10319.116   0.993244
10319.135   0.993301
10319.155   0.993410
10319.174   0.993525
10319.194   0.993581
10319.213   0.993649
10319.233   0.993824
10319.253   0.994219
10319.272   0.994854
10319.292   0.995618
10319.311   0.996331
10319.331   0.996757
10319.350   0.996764
10319.370   0.996319
10319.389   0.995592
10319.409   0.994892
10319.428   0.994579
10319.448   0.994925
10319.467   0.995892
10319.487   0.997199
10319.506   0.998318
10319.526   0.998843
10319.546   0.998585
10319.565   0.997769
10319.585   0.996809
10319.604   0.996129
10319.624   0.995912
10319.643   0.996055
10319.663   0.996282
10319.682   0.996281
10319.702   0.995928
10319.721   0.995256
10319.741   0.994498
10319.760   0.993873
10319.780   0.993556
10319.799   0.993557
10319.819   0.993759
10319.838   0.993979
10319.858   0.994035
10319.878   0.993866
10319.897   0.993490
10319.917   0.993064
10319.936   0.992766
10319.956   0.992771
10319.975   0.993175
10319.995   0.993919
10320.014   0.994840
10320.034   0.995652
10320.053   0.996163
10320.073   0.996261
10320.092   0.996064
10320.112   0.995760
10320.131   0.995575
10320.151   0.995581
10320.171   0.995713
10320.190   0.995784
10320.210   0.995651
10320.229   0.995297
10320.249   0.994857
10320.268   0.994522
10320.288   0.994431
10320.307   0.994551
10320.327   0.994715
10320.346   0.994734
10320.366   0.994524
10320.385   0.994201
10320.405   0.993994
10320.424   0.994153
10320.444   0.994775
10320.464   0.995738
10320.483   0.996781
10320.503   0.997589
10320.522   0.998014
10320.542   0.998043
10320.561   0.997846
10320.581   0.997589
10320.600   0.997409
10320.620   0.997304
10320.639   0.997223
10320.659   0.997085
10320.678   0.996852
10320.698   0.996512
10320.717   0.996078
10320.737   0.995563
10320.757   0.995006
10320.776   0.994472
10320.796   0.994061
10320.815   0.993858
10320.835   0.993910
10320.854   0.994201
10320.874   0.994657
10320.893   0.995188
10320.913   0.995685
10320.932   0.996089
10320.952   0.996386
10320.971   0.996639
10320.991   0.996912
10321.010   0.997232
10321.030   0.997513
10321.049   0.997581
10321.069   0.997249
10321.089   0.996444
10321.108   0.995285
10321.128   0.994077
10321.147   0.993219
10321.167   0.993019
10321.186   0.993552
10321.206   0.994591
10321.225   0.995716
10321.245   0.996479
10321.264   0.996638
10321.284   0.996241
10321.303   0.995571
10321.323   0.994986
10321.342   0.994735
10321.362   0.994873
10321.382   0.995261
10321.401   0.995679
10321.421   0.995905
10321.440   0.995824
10321.460   0.995460
10321.479   0.994950
10321.499   0.994483
10321.518   0.994229
10321.538   0.994280
10321.557   0.994621
10321.577   0.995140
10321.596   0.995680
10321.616   0.996095
10321.635   0.996309
10321.655   0.996349
10321.675   0.996294
10321.694   0.996233
10321.714   0.996196
10321.733   0.996198
10321.753   0.996241
10321.772   0.996376
10321.792   0.996663
10321.811   0.997122
10321.831   0.997674
10321.850   0.998149
10321.870   0.998364
10321.889   0.998221
10321.909   0.997771
10321.928   0.997178
10321.948   0.996617
10321.968   0.996199
10321.987   0.995935
10322.007   0.995777
10322.026   0.995638
10322.046   0.995432
10322.065   0.995067
10322.085   0.994501
10322.104   0.993785
10322.124   0.993116
10322.143   0.992787
10322.163   0.993039
10322.182   0.993955
10322.202   0.995341
10322.221   0.996828
10322.241   0.997987
10322.260   0.998539
10322.280   0.998417
10322.300   0.997751
10322.319   0.996775
10322.339   0.995716
10322.358   0.994760
10322.378   0.994033
10322.397   0.993638
10322.417   0.993639
10322.436   0.994062
10322.456   0.994834
10322.475   0.995775
10322.495   0.996620
10322.514   0.997109
10322.534   0.997091
10322.553   0.996583
10322.573   0.995743
10322.593   0.994793
10322.612   0.993970
10322.632   0.993448
10322.651   0.993353
10322.671   0.993692
10322.690   0.994339
10322.710   0.995006
10322.729   0.995343
10322.749   0.995129
10322.768   0.994362
10322.788   0.993388
10322.807   0.992678
10322.827   0.992689
10322.846   0.993479
10322.866   0.994754
10322.886   0.995911
10322.905   0.996435
10322.925   0.996143
10322.944   0.995248
10322.964   0.994239
10322.983   0.993519
10323.003   0.993305
10323.022   0.993477
10323.042   0.993800
10323.061   0.994043
10323.081   0.994153
10323.100   0.994224
10323.120   0.994369
10323.139   0.994631
10323.159   0.994867
10323.179   0.994901
10323.198   0.994573
10323.218   0.993943
10323.237   0.993208
10323.257   0.992661
10323.276   0.992473
10323.296   0.992672
10323.315   0.993129
10323.335   0.993672
10323.354   0.994152
10323.374   0.994420
10323.393   0.994355
10323.413   0.993855
10323.432   0.992985
10323.452   0.991967
10323.471   0.991179
10323.491   0.990937
10323.511   0.991344
10323.530   0.992252
10323.550   0.993321
10323.569   0.994259
10323.589   0.994883
10323.608   0.995213
10323.628   0.995317
10323.647   0.995279
10323.667   0.995119
10323.686   0.994887
10323.706   0.994682
10323.725   0.994614
10323.745   0.994715
10323.764   0.994868
10323.784   0.994845
10323.804   0.994440
10323.823   0.993605
10323.843   0.992529
10323.862   0.991515
10323.882   0.990849
10323.901   0.990592
10323.921   0.990592
10323.940   0.990557
10323.960   0.990288
10323.979   0.989789
10323.999   0.989288
10324.018   0.989103
10324.038   0.989453
10324.057   0.990320
10324.077   0.991473
10324.097   0.992554
10324.116   0.993271
10324.136   0.993437
10324.155   0.993084
10324.175   0.992373
10324.194   0.991608
10324.214   0.991092
10324.233   0.991032
10324.253   0.991456
10324.272   0.992198
10324.292   0.993039
10324.311   0.993774
10324.331   0.994312
10324.350   0.994629
10324.370   0.994713
10324.390   0.994572
10324.409   0.994229
10324.429   0.993823
10324.448   0.993520
10324.468   0.993471
10324.487   0.993641
10324.507   0.993835
10324.526   0.993819
10324.546   0.993498
10324.565   0.993049
10324.585   0.992788
10324.604   0.993015
10324.624   0.993693
10324.643   0.994493
10324.663   0.994907
10324.683   0.994649
10324.702   0.993808
10324.722   0.992878
10324.741   0.992448
10324.761   0.992850
10324.780   0.993958
10324.800   0.995244
10324.819   0.996130
10324.839   0.996262
10324.858   0.995733
10324.878   0.994930
10324.897   0.994291
10324.917   0.994027
10324.936   0.994038
10324.956   0.994056
10324.975   0.993863
10324.995   0.993472
10325.015   0.993115
10325.034   0.993087
10325.054   0.993573
10325.073   0.994522
10325.093   0.995698
10325.112   0.996796
10325.132   0.997582
10325.151   0.997963
10325.171   0.997976
10325.190   0.997738
10325.210   0.997383
10325.229   0.997031
10325.249   0.996752
10325.268   0.996582
10325.288   0.996530
10325.308   0.996640
10325.327   0.996940
10325.347   0.997454
10325.366   0.998117
10325.386   0.998786
10325.405   0.999240
10325.425   0.999299
10325.444   0.998896
10325.464   0.998117
10325.483   0.997126
10325.503   0.996089
10325.522   0.995134
10325.542   0.994382
10325.561   0.994001
10325.581   0.994146
10325.601   0.994878
10325.620   0.996010
10325.640   0.997194
10325.659   0.997971
10325.679   0.998058
10325.698   0.997422
10325.718   0.996347
10325.737   0.995287
10325.757   0.994649
10325.776   0.994619
10325.796   0.995058
10325.815   0.995609
10325.835   0.995867
10325.854   0.995574
10325.874   0.994756
10325.894   0.993645
10325.913   0.992592
10325.933   0.991865
10325.952   0.991570
10325.972   0.991601
10325.991   0.991731
10326.011   0.991713
10326.030   0.991396
10326.050   0.990789
10326.069   0.990050
10326.089   0.989413
10326.108   0.989084
10326.128   0.989145
10326.147   0.989522
10326.167   0.990022
10326.186   0.990469
10326.206   0.990776
10326.226   0.990998
10326.245   0.991219
10326.265   0.991551
10326.284   0.991987
10326.304   0.992491
10326.323   0.992919
10326.343   0.993180
10326.362   0.993204
10326.382   0.993075
10326.401   0.992944
10326.421   0.993017
10326.440   0.993402
10326.460   0.994067
10326.479   0.994817
10326.499   0.995386
10326.519   0.995578
10326.538   0.995331
10326.558   0.994759
10326.577   0.994046
10326.597   0.993402
10326.616   0.992927
10326.636   0.992643
10326.655   0.992466
10326.675   0.992339
10326.694   0.992224
10326.714   0.992170
10326.733   0.992225
10326.753   0.992394
10326.772   0.992567
10326.792   0.992548
10326.812   0.992185
10326.831   0.991465
10326.851   0.990600
10326.870   0.989932
10326.890   0.989845
10326.909   0.990560
10326.929   0.992081
10326.948   0.994087
10326.968   0.996104
10326.987   0.997598
10327.007   0.998282
10327.026   0.998154
10327.046   0.997541
10327.065   0.996860
10327.085   0.996393
10327.105   0.996181
10327.124   0.996035
10327.144   0.995777
10327.163   0.995326
10327.183   0.994790
10327.202   0.994305
10327.222   0.993963
10327.241   0.993692
10327.261   0.993400
10327.280   0.993021
10327.300   0.992675
10327.319   0.992560
10327.339   0.992883
10327.358   0.993681
10327.378   0.994761
10327.397   0.995778
10327.417   0.996287
10327.437   0.996042
10327.456   0.995020
10327.476   0.993596
10327.495   0.992302
10327.515   0.991678
10327.534   0.991947
10327.554   0.992926
10327.573   0.994148
10327.593   0.995090
10327.612   0.995520
10327.632   0.995424
10327.651   0.995036
10327.671   0.994511
10327.690   0.993957
10327.710   0.993341
10327.730   0.992675
10327.749   0.992025
10327.769   0.991522
10327.788   0.991287
10327.808   0.991365
10327.827   0.991720
10327.847   0.992246
10327.866   0.992819
10327.886   0.993329
10327.905   0.993703
10327.925   0.993914
10327.944   0.993953
10327.964   0.993873
10327.983   0.993727
10328.003   0.993572
10328.023   0.993421
10328.042   0.993237
10328.062   0.992974
10328.081   0.992593
10328.101   0.992112
10328.120   0.991510
10328.140   0.990694
10328.159   0.989476
10328.179   0.987663
10328.198   0.985247
10328.218   0.982445
10328.237   0.979733
10328.257   0.977567
10328.276   0.976261
10328.296   0.975793
10328.316   0.975872
10328.335   0.976002
10328.355   0.975633
10328.374   0.974406
10328.394   0.972229
10328.413   0.969476
10328.433   0.966757
10328.452   0.964767
10328.472   0.963909
10328.491   0.964254
10328.511   0.965573
10328.530   0.967566
10328.550   0.969955
10328.569   0.972527
10328.589   0.975107
10328.608   0.977553
10328.628   0.979799
10328.648   0.981862
10328.667   0.983794
10328.687   0.985630
10328.706   0.987324
10328.726   0.988784
10328.745   0.989925
10328.765   0.990735
10328.784   0.991321
10328.804   0.991836
10328.823   0.992429
10328.843   0.993092
10328.862   0.993692
10328.882   0.994002
10328.901   0.993917
10328.921   0.993507
10328.941   0.993041
10328.960   0.992815
10328.980   0.992965
10328.999   0.993408
10329.019   0.993882
10329.038   0.994151
10329.058   0.994081
10329.077   0.993709
10329.097   0.993138
10329.116   0.992491
10329.136   0.991860
10329.155   0.991349
10329.175   0.991034
10329.194   0.990970
10329.214   0.991095
10329.234   0.991286
10329.253   0.991373
10329.273   0.991296
10329.292   0.991123
10329.312   0.991022
10329.331   0.991137
10329.351   0.991461
10329.370   0.991881
10329.390   0.992246
10329.409   0.992509
10329.429   0.992724
10329.448   0.992967
10329.468   0.993220
10329.487   0.993342
10329.507   0.993180
10329.527   0.992687
10329.546   0.992008
10329.566   0.991418
10329.585   0.991185
10329.605   0.991420
10329.624   0.992048
10329.644   0.992851
10329.663   0.993592
10329.683   0.994111
10329.702   0.994317
10329.722   0.994194
10329.741   0.993716
10329.761   0.992937
10329.780   0.992014
10329.800   0.991288
10329.819   0.991170
10329.839   0.991889
10329.859   0.993393
10329.878   0.995213
10329.898   0.996792
10329.917   0.997633
10329.937   0.997615
10329.956   0.996909
10329.976   0.995913
10329.995   0.995049
10330.015   0.994587
10330.034   0.994620
10330.054   0.994993
10330.073   0.995479
10330.093   0.995799
10330.112   0.995825
10330.132   0.995570
10330.152   0.995181
10330.171   0.994838
10330.191   0.994657
10330.210   0.994665
10330.230   0.994796
10330.249   0.994948
10330.269   0.995040
10330.288   0.995037
10330.308   0.995000
10330.327   0.995051
10330.347   0.995306
10330.366   0.995787
10330.386   0.996390
10330.405   0.996920
10330.425   0.997208
10330.445   0.997211
10330.464   0.997072
10330.484   0.996996
10330.503   0.997108
10330.523   0.997329
10330.542   0.997429
10330.562   0.997200
10330.581   0.996615
10330.601   0.995914
10330.620   0.995395
10330.640   0.995267
10330.659   0.995426
10330.679   0.995648
10330.698   0.995690
10330.718   0.995528
10330.738   0.995260
10330.757   0.995007
10330.777   0.994760
10330.796   0.994393
10330.816   0.993775
10330.835   0.992848
10330.855   0.991656
10330.874   0.990255
10330.894   0.988707
10330.913   0.987111
10330.933   0.985690
10330.952   0.984767
10330.972   0.984607
10330.991   0.985191
10331.011   0.986170
10331.031   0.986979
10331.050   0.987229
10331.070   0.986866
10331.089   0.986288
10331.109   0.986010
10331.128   0.986428
10331.148   0.987574
10331.167   0.989197
10331.187   0.990901
10331.206   0.992378
10331.226   0.993455
10331.245   0.994138
10331.265   0.994463
10331.284   0.994512
10331.304   0.994316
10331.323   0.993925
10331.343   0.993425
10331.363   0.992939
10331.382   0.992636
10331.402   0.992598
10331.421   0.992820
10331.441   0.993140
10331.460   0.993365
10331.480   0.993399
10331.499   0.993306
10331.519   0.993356
10331.538   0.993745
10331.558   0.994557
10331.577   0.995513
10331.597   0.996262
10331.616   0.996457
10331.636   0.996141
10331.656   0.995697
10331.675   0.995664
10331.695   0.996390
10331.714   0.997682
10331.734   0.998925
10331.753   0.999286
10331.773   0.998314
10331.792   0.996117
10331.812   0.993432
10331.831   0.991227
10331.851   0.990280
10331.870   0.990903
10331.890   0.992826
10331.909   0.995303
10331.929   0.997346
10331.949   0.998029
10331.968   0.996941
10331.988   0.994333
10332.007   0.991187
10332.027   0.988674
10332.046   0.987616
10332.066   0.988071
10332.085   0.989385
10332.105   0.990697
10332.124   0.991400
10332.144   0.991519
10332.163   0.991467
10332.183   0.991736
10332.202   0.992458
10332.222   0.993348
10332.242   0.993890
10332.261   0.993686
10332.281   0.992761
10332.300   0.991561
10332.320   0.990705
10332.339   0.990585
10332.359   0.991106
10332.378   0.991768
10332.398   0.991968
10332.417   0.991443
10332.437   0.990460
10332.456   0.989644
10332.476   0.989598
10332.495   0.990425
10332.515   0.991771
10332.534   0.992953
10332.554   0.993540
10332.574   0.993505
10332.593   0.993268
10332.613   0.993240
10332.632   0.993528
10332.652   0.993803
10332.671   0.993556
10332.691   0.992528
10332.710   0.990882
10332.730   0.989238
10332.749   0.988180
10332.769   0.988024
10332.788   0.988551
10332.808   0.989312
10332.827   0.989861
10332.847   0.990058
10332.867   0.990043
10332.886   0.990087
10332.906   0.990373
10332.925   0.990872
10332.945   0.991416
10332.964   0.991782
10332.984   0.991881
10333.003   0.991761
10333.023   0.991653
10333.042   0.991756
10333.062   0.992164
10333.081   0.992713
10333.101   0.993112
10333.120   0.993079
10333.140   0.992544
10333.160   0.991737
10333.179   0.991014
10333.199   0.990705
10333.218   0.990885
10333.238   0.991453
10333.257   0.992155
10333.277   0.992760
10333.296   0.993074
10333.316   0.992996
10333.335   0.992533
10333.355   0.991817
10333.374   0.991114
10333.394   0.990707
10333.413   0.990769
10333.433   0.991234
10333.453   0.991828
10333.472   0.992227
10333.492   0.992228
10333.511   0.991884
10333.531   0.991413
10333.550   0.991061
10333.570   0.990948
10333.589   0.991068
10333.609   0.991320
10333.628   0.991643
10333.648   0.991973
10333.667   0.992260
10333.687   0.992371
10333.706   0.992160
10333.726   0.991545
10333.745   0.990617
10333.765   0.989653
10333.785   0.988967
10333.804   0.988695
10333.824   0.988697
10333.843   0.988587
10333.863   0.988069
10333.882   0.987052
10333.902   0.985818
10333.921   0.984760
10333.941   0.984179
10333.960   0.984102
10333.980   0.984269
10333.999   0.984356
10334.019   0.984121
10334.038   0.983605
10334.058   0.983013
10334.078   0.982618
10334.097   0.982534
10334.117   0.982723
10334.136   0.983028
10334.156   0.983373
10334.175   0.983804
10334.195   0.984465
10334.214   0.985465
10334.234   0.986735
10334.253   0.988085
10334.273   0.989206
10334.292   0.989906
10334.312   0.990087
10334.331   0.989895
10334.351   0.989554
10334.371   0.989381
10334.390   0.989583
10334.410   0.990187
10334.429   0.991007
10334.449   0.991727
10334.468   0.992113
10334.488   0.992088
10334.507   0.991849
10334.527   0.991653
10334.546   0.991721
10334.566   0.992040
10334.585   0.992510
10334.605   0.993014
10334.624   0.993554
10334.644   0.994158
10334.664   0.994731
10334.683   0.995072
10334.703   0.994923
10334.722   0.994201
10334.742   0.993038
10334.761   0.991766
10334.781   0.990735
10334.800   0.990167
10334.820   0.990157
10334.839   0.990648
10334.859   0.991555
10334.878   0.992677
10334.898   0.993766
10334.917   0.994547
10334.937   0.994846
10334.956   0.994710
10334.976   0.994292
10334.996   0.993849
10335.015   0.993488
10335.035   0.993242
10335.054   0.993022
10335.074   0.992796
10335.093   0.992562
10335.113   0.992397
10335.132   0.992369
10335.152   0.992541
10335.171   0.992918
10335.191   0.993456
10335.210   0.994091
10335.230   0.994727
10335.249   0.995355
10335.269   0.995957
10335.289   0.996638
10335.308   0.997410
10335.328   0.998280
10335.347   0.999124
10335.367   0.999818
10335.386   1.000216
10335.406   1.000229
10335.425   0.999794
10335.445   0.998981
10335.464   0.997940
10335.484   0.996969
10335.503   0.996271
10335.523   0.995923
10335.542   0.995851
10335.562   0.995950
10335.582   0.996188
10335.601   0.996513
10335.621   0.996786
10335.640   0.996826
10335.660   0.996503
10335.679   0.995957
10335.699   0.995442
10335.718   0.995228
10335.738   0.995337
10335.757   0.995577
10335.777   0.995725
10335.796   0.995631
10335.816   0.995396
10335.835   0.995165
10335.855   0.995116
10335.875   0.995307
10335.894   0.995695
10335.914   0.996185
10335.933   0.996611
10335.953   0.996837
10335.972   0.996724
10335.992   0.996222
10336.011   0.995420
10336.031   0.994486
10336.050   0.993682
10336.070   0.993206
10336.089   0.993188
10336.109   0.993529
10336.128   0.994006
10336.148   0.994265
10336.168   0.994135
10336.187   0.993641
10336.207   0.993119
10336.226   0.992904
10336.246   0.993150
10336.265   0.993698
10336.285   0.994134
10336.304   0.994078
10336.324   0.993349
10336.343   0.992169
10336.363   0.991013
10336.382   0.990435
10336.402   0.990777
10336.421   0.992088
10336.441   0.994079
10336.460   0.996275
10336.480   0.998123
10336.500   0.999198
10336.519   0.999249
10336.539   0.998345
10336.558   0.996812
10336.578   0.995151
10336.597   0.993853
10336.617   0.993197
10336.636   0.993066
10336.656   0.993058
10336.675   0.992671
10336.695   0.991747
10336.714   0.990507
10336.734   0.989598
10336.753   0.989583
10336.773   0.990693
10336.793   0.992533
10336.812   0.994369
10336.832   0.995498
10336.851   0.995652
10336.871   0.995114
10336.890   0.994398
10336.910   0.993980
10336.929   0.993933
10336.949   0.994100
10336.968   0.994143
10336.988   0.993922
10337.007   0.993437
10337.027   0.992927
10337.046   0.992571
10337.066   0.992450
10337.086   0.992432
10337.105   0.992345
10337.125   0.992141
10337.144   0.991915
10337.164   0.991913
10337.183   0.992210
10337.203   0.992751
10337.222   0.993249
10337.242   0.993475
10337.261   0.993352
10337.281   0.992939
10337.300   0.992414
10337.320   0.991826
10337.339   0.991250
10337.359   0.990662
10337.379   0.990186
10337.398   0.989949
10337.418   0.990068
10337.437   0.990521
10337.457   0.991111
10337.476   0.991642
10337.496   0.992005
10337.515   0.992212
10337.535   0.992245
10337.554   0.991923
10337.574   0.991103
10337.593   0.989842
10337.613   0.988656
10337.632   0.988230
10337.652   0.989002
10337.671   0.990796
10337.691   0.992802
10337.711   0.994129
10337.730   0.994255
10337.750   0.993425
10337.769   0.992302
10337.789   0.991551
10337.808   0.991401
10337.828   0.991623
10337.847   0.991849
10337.867   0.991851
10337.886   0.991688
10337.906   0.991594
10337.925   0.991735
10337.945   0.992165
10337.964   0.992748
10337.984   0.993362
10338.004   0.993880
10338.023   0.994246
10338.043   0.994376
10338.062   0.994197
10338.082   0.993675
10338.101   0.992867
10338.121   0.991968
10338.140   0.991180
10338.160   0.990684
10338.179   0.990461
10338.199   0.990381
10338.218   0.990190
10338.238   0.989742
10338.257   0.989007
10338.277   0.988215
10338.297   0.987683
10338.316   0.987803
10338.336   0.988665
10338.355   0.990038
10338.375   0.991308
10338.394   0.991898
10338.414   0.991582
10338.433   0.990621
10338.453   0.989570
10338.472   0.988794
10338.492   0.988358
10338.511   0.987954
10338.531   0.987342
10338.550   0.986428
10338.570   0.985421
10338.590   0.984598
10338.609   0.984201
10338.629   0.984310
10338.648   0.984844
10338.668   0.985623
10338.687   0.986399
10338.707   0.986975
10338.726   0.987235
10338.746   0.987220
10338.765   0.987083
10338.785   0.987020
10338.804   0.987109
10338.824   0.987286
10338.843   0.987336
10338.863   0.987121
10338.882   0.986623
10338.902   0.986086
10338.922   0.985803
10338.941   0.986024
10338.961   0.986748
10338.980   0.987776
10339.000   0.988806
10339.019   0.989595
10339.039   0.990120
10339.058   0.990445
10339.078   0.990677
10339.097   0.990729
10339.117   0.990529
10339.136   0.990098
10339.156   0.989684
10339.175   0.989679
10339.195   0.990248
10339.215   0.991319
10339.234   0.992426
10339.254   0.993096
10339.273   0.993003
10339.293   0.992191
10339.312   0.991065
10339.332   0.990188
10339.351   0.990050
10339.371   0.990751
10339.390   0.991964
10339.410   0.993101
10339.429   0.993630
10339.449   0.993409
10339.468   0.992651
10339.488   0.991837
10339.508   0.991311
10339.527   0.991194
10339.547   0.991341
10339.566   0.991558
10339.586   0.991797
10339.605   0.992125
10339.625   0.992741
10339.644   0.993620
10339.664   0.994535
10339.683   0.995039
10339.703   0.994796
10339.722   0.993849
10339.742   0.992596
10339.761   0.991632
10339.781   0.991241
10339.801   0.991361
10339.820   0.991597
10339.840   0.991686
10339.859   0.991673
10339.879   0.991864
10339.898   0.992504
10339.918   0.993460
10339.937   0.994280
10339.957   0.994449
10339.976   0.993804
10339.996   0.992599
10340.015   0.991413
10340.035   0.990705
10340.054   0.990666
10340.074   0.991138
10340.093   0.991898
10340.113   0.992804
10340.133   0.993825
10340.152   0.994940
10340.172   0.995981
10340.191   0.996632
10340.211   0.996579
10340.230   0.995714
10340.250   0.994257
10340.269   0.992698
10340.289   0.991595
10340.308   0.991314
10340.328   0.991892
10340.347   0.992973
10340.367   0.994118
10340.386   0.994875
10340.406   0.995132
10340.426   0.994925
10340.445   0.994517
10340.465   0.994170
10340.484   0.994112
10340.504   0.994458
10340.523   0.995100
10340.543   0.995705
10340.562   0.995856
10340.582   0.995251
10340.601   0.994007
10340.621   0.992521
10340.640   0.991394
10340.660   0.991010
10340.679   0.991491
10340.699   0.992480
10340.719   0.993470
10340.738   0.994004
10340.758   0.994011
10340.777   0.993794
10340.797   0.993728
10340.816   0.994038
10340.836   0.994506
10340.855   0.994789
10340.875   0.994505
10340.894   0.993600
10340.914   0.992194
10340.933   0.990599
10340.953   0.989130
10340.972   0.988028
10340.992   0.987434
10341.012   0.987345
10341.031   0.987680
10341.051   0.988226
10341.070   0.988713
10341.090   0.988895
10341.109   0.988720
10341.129   0.988463
10341.148   0.988578
10341.168   0.989421
10341.187   0.990965
10341.207   0.992759
10341.226   0.994122
10341.246   0.994542
10341.265   0.993919
10341.285   0.992671
10341.304   0.991434
10341.324   0.990841
10341.344   0.991137
10341.363   0.992070
10341.383   0.993057
10341.402   0.993460
10341.422   0.993014
10341.441   0.991785
10341.461   0.990161
10341.480   0.988584
10341.500   0.987404
10341.519   0.986851
10341.539   0.986997
10341.558   0.987741
10341.578   0.988801
10341.597   0.989774
10341.617   0.990367
10341.637   0.990465
10341.656   0.990234
10341.676   0.989896
10341.695   0.989640
10341.715   0.989472
10341.734   0.989268
10341.754   0.988894
10341.773   0.988269
10341.793   0.987501
10341.812   0.986788
10341.832   0.986458
10341.851   0.986691
10341.871   0.987488
10341.890   0.988515
10341.910   0.989277
10341.930   0.989339
10341.949   0.988553
10341.969   0.987194
10341.988   0.985777
10342.008   0.984855
10342.027   0.984648
10342.047   0.985018
10342.066   0.985522
10342.086   0.985776
10342.105   0.985640
10342.125   0.985323
10342.144   0.985213
10342.164   0.985617
10342.183   0.986611
10342.203   0.988049
10342.223   0.989585
10342.242   0.990847
10342.262   0.991449
10342.281   0.991284
10342.301   0.990531
10342.320   0.989813
10342.340   0.989805
10342.359   0.990937
10342.379   0.993102
10342.398   0.995774
10342.418   0.998370
10342.437   1.000448
10342.457   1.001834
10342.476   1.002366
10342.496   1.002031
10342.516   1.000913
10342.535   0.999321
10342.555   0.997614
10342.574   0.995918
10342.594   0.994210
10342.613   0.992353
10342.633   0.990501
10342.652   0.988985
10342.672   0.988163
10342.691   0.988143
10342.711   0.988641
10342.730   0.989174
10342.750   0.989293
10342.769   0.988883
10342.789   0.988207
10342.808   0.987797
10342.828   0.988112
10342.848   0.989330
10342.867   0.991194
10342.887   0.993143
10342.906   0.994569
10342.926   0.995091
10342.945   0.994740
10342.965   0.993817
10342.984   0.992661
10343.004   0.991431
10343.023   0.990188
10343.043   0.989061
10343.062   0.988277
10343.082   0.988023
10343.101   0.988188
10343.121   0.988447
10343.141   0.988443
10343.160   0.988114
10343.180   0.987668
10343.199   0.987341
10343.219   0.987226
10343.238   0.987151
10343.258   0.987023
10343.277   0.986831
10343.297   0.986819
10343.316   0.987126
10343.336   0.987792
10343.355   0.988545
10343.375   0.989024
10343.394   0.988841
10343.414   0.987890
10343.434   0.986461
10343.453   0.985268
10343.473   0.985097
10343.492   0.986336
10343.512   0.988750
10343.531   0.991534
10343.551   0.993876
10343.570   0.995259
10343.590   0.995824
10343.609   0.995882
10343.629   0.995805
10343.648   0.995566
10343.668   0.995045
10343.687   0.994153
10343.707   0.993010
10343.727   0.991903
10343.746   0.990940
10343.766   0.990107
10343.785   0.989163
10343.805   0.987974
10343.824   0.986550
10343.844   0.985172
10343.863   0.984325
10343.883   0.984520
10343.902   0.986025
10343.922   0.988476
10343.941   0.991017
10343.961   0.992506
10343.980   0.992445
10344.000   0.991054
10344.019   0.989428
10344.039   0.988571
10344.059   0.988942
10344.078   0.990111
10344.098   0.991177
10344.117   0.991431
10344.137   0.990635
10344.156   0.989290
10344.176   0.988087
10344.195   0.987674
10344.215   0.988061
10344.234   0.988783
10344.254   0.989086
10344.273   0.988653
10344.293   0.987762
10344.312   0.987146
10344.332   0.987343
10344.352   0.988263
10344.371   0.989332
10344.391   0.989841
10344.410   0.989562
10344.430   0.988658
10344.449   0.987651
10344.469   0.986917
10344.488   0.986628
10344.508   0.986651
10344.527   0.986758
10344.547   0.986849
10344.566   0.987014
10344.586   0.987489
10344.605   0.988420
10344.625   0.989638
10344.645   0.990759
10344.664   0.991286
10344.684   0.991054
10344.703   0.990155
10344.723   0.988968
10344.742   0.987814
10344.762   0.986947
10344.781   0.986435
10344.801   0.986347
10344.820   0.986698
10344.840   0.987421
10344.859   0.988426
10344.879   0.989374
10344.898   0.990110
10344.918   0.990366
10344.938   0.990240
10344.957   0.989800
10344.977   0.989255
10344.996   0.988817
10345.016   0.988569
10345.035   0.988619
10345.055   0.988809
10345.074   0.989070
10345.094   0.989258
10345.113   0.989433
10345.133   0.989633
10345.152   0.989819
10345.172   0.989822
10345.191   0.989488
10345.211   0.988874
10345.230   0.988185
10345.250   0.987694
10345.270   0.987543
10345.289   0.987809
10345.309   0.988636
10345.328   0.990117
10345.348   0.992211
10345.367   0.994312
10345.387   0.995661
10345.406   0.995547
10345.426   0.994112
10345.445   0.992180
10345.465   0.990852
10345.484   0.990728
10345.504   0.991487
10345.523   0.992311
10345.543   0.992357
10345.563   0.991507
10345.582   0.990121
10345.602   0.988894
10345.621   0.988268
10345.641   0.988360
10345.660   0.988970
10345.680   0.989729
10345.699   0.990385
10345.719   0.990791
10345.738   0.991020
10345.758   0.991100
10345.777   0.991009
10345.797   0.990621
10345.816   0.989949
10345.836   0.989221
10345.856   0.988860
10345.875   0.989219
10345.895   0.990239
10345.914   0.991462
10345.934   0.992179
10345.953   0.991967
10345.973   0.990829
10345.992   0.989251
10346.012   0.987899
10346.031   0.987241
10346.051   0.987444
10346.070   0.988276
10346.090   0.989420
10346.109   0.990558
10346.129   0.991578
10346.149   0.992460
10346.168   0.993154
10346.188   0.993536
10346.207   0.993337
10346.227   0.992485
10346.246   0.991085
10346.266   0.989636
10346.285   0.988668
10346.305   0.988524
10346.324   0.989097
10346.344   0.989862
10346.363   0.990330
10346.383   0.990296
10346.402   0.990080
10346.422   0.990189
10346.441   0.990970
10346.461   0.992241
10346.481   0.993414
10346.500   0.993850
10346.520   0.993435
10346.539   0.992622
10346.559   0.992124
10346.578   0.992316
10346.598   0.992935
10346.617   0.993345
10346.637   0.993015
10346.656   0.991984
10346.676   0.990787
10346.695   0.990169
10346.715   0.990564
10346.734   0.991940
10346.754   0.993715
10346.774   0.995178
10346.793   0.995786
10346.813   0.995513
10346.832   0.994822
10346.852   0.994247
10346.871   0.994043
10346.891   0.993863
10346.910   0.993096
10346.930   0.991359
10346.949   0.988992
10346.969   0.986933
10346.988   0.986090
10347.008   0.986648
10347.027   0.988018
10347.047   0.989341
10347.067   0.990127
10347.086   0.990448
10347.106   0.990661
10347.125   0.991024
10347.145   0.991682
10347.164   0.992703
