 9615.363   0.435701
 9615.380   0.388656
 9615.397   0.344540
 9615.414   0.307817
 9615.432   0.282585
 9615.449   0.271950
 9615.466   0.277690
 9615.483   0.299864
 9615.501   0.337041
 9615.518   0.386316
 9615.535   0.444130
 9615.552   0.506618
 9615.570   0.570115
 9615.587   0.631553
 9615.604   0.688673
 9615.621   0.740013
 9615.639   0.784950
 9615.656   0.823426
 9615.673   0.855854
 9615.690   0.882878
 9615.708   0.905230
 9615.725   0.923588
 9615.742   0.938619
 9615.759   0.950947
 9615.777   0.961116
 9615.794   0.969572
 9615.811   0.976698
 9615.828   0.982786
 9615.846   0.988032
 9615.863   0.992566
 9615.880   0.996460
 9615.897   0.999766
 9615.915   1.002509
 9615.932   1.004730
 9615.949   1.006475
 9615.966   1.007833
 9615.984   1.008931
 9616.001   1.009898
 9616.018   1.010849
 9616.035   1.011826
 9616.053   1.012801
 9616.070   1.013656
 9616.087   1.014236
 9616.104   1.014367
 9616.122   1.013912
 9616.139   1.012789
 9616.156   1.011003
 9616.173   1.008643
 9616.191   1.005881
 9616.208   1.002952
 9616.225   1.000140
 9616.242   0.997725
 9616.260   0.995960
 9616.277   0.995001
 9616.294   0.994894
 9616.311   0.995539
 9616.329   0.996759
 9616.346   0.998313
 9616.363   0.999997
 9616.381   1.001638
 9616.398   1.003134
 9616.415   1.004432
 9616.432   1.005537
 9616.450   1.006496
 9616.467   1.007374
 9616.484   1.008239
 9616.501   1.009102
 9616.519   1.009934
 9616.536   1.010617
 9616.553   1.011037
 9616.570   1.011095
 9616.588   1.010830
 9616.605   1.010354
 9616.622   1.009863
 9616.639   1.009512
 9616.657   1.009368
 9616.674   1.009377
 9616.691   1.009389
 9616.708   1.009260
 9616.726   1.008889
 9616.743   1.008299
 9616.760   1.007567
 9616.777   1.006815
 9616.795   1.006131
 9616.812   1.005563
 9616.829   1.005109
 9616.846   1.004745
 9616.864   1.004468
 9616.881   1.004269
 9616.898   1.004137
 9616.915   1.004034
 9616.933   1.003891
 9616.950   1.003639
 9616.967   1.003229
 9616.984   1.002674
 9617.002   1.002035
 9617.019   1.001394
 9617.036   1.000819
 9617.053   1.000319
 9617.071   0.999887
 9617.088   0.999494
 9617.105   0.999165
 9617.122   0.998937
 9617.140   0.998868
 9617.157   0.998959
 9617.174   0.999146
 9617.191   0.999296
 9617.209   0.999248
 9617.226   0.998889
 9617.243   0.998190
 9617.260   0.997226
 9617.278   0.996117
 9617.295   0.994986
 9617.312   0.993889
 9617.329   0.992835
 9617.347   0.991747
 9617.364   0.990527
 9617.381   0.989054
 9617.398   0.987233
 9617.416   0.984990
 9617.433   0.982304
 9617.450   0.979185
 9617.467   0.975691
 9617.485   0.971884
 9617.502   0.967818
 9617.519   0.963514
 9617.536   0.958972
 9617.554   0.954182
 9617.571   0.949142
 9617.588   0.943859
 9617.606   0.938310
 9617.623   0.932426
 9617.640   0.926058
 9617.657   0.919011
 9617.675   0.911057
 9617.692   0.902013
 9617.709   0.891760
 9617.726   0.880231
 9617.744   0.867363
 9617.761   0.853006
 9617.778   0.836919
 9617.795   0.818732
 9617.813   0.798038
 9617.830   0.774480
 9617.847   0.747790
 9617.864   0.717806
 9617.882   0.684477
 9617.899   0.647742
 9617.916   0.607462
 9617.933   0.563649
 9617.951   0.516598
 9617.968   0.467067
 9617.985   0.416337
 9618.002   0.366367
 9618.020   0.319441
 9618.037   0.277953
 9618.054   0.244149
 9618.071   0.219886
 9618.089   0.206437
 9618.106   0.204307
 9618.123   0.213117
 9618.140   0.231898
 9618.158   0.259285
 9618.175   0.293763
 9618.192   0.333817
 9618.209   0.378053
 9618.227   0.425123
 9618.244   0.473632
 9618.261   0.522140
 9618.278   0.569271
 9618.296   0.613787
 9618.313   0.654679
 9618.330   0.691167
 9618.347   0.722712
 9618.365   0.748958
 9618.382   0.769713
 9618.399   0.784961
 9618.416   0.794902
 9618.434   0.799950
 9618.451   0.800746
 9618.468   0.798185
 9618.485   0.793448
 9618.503   0.787944
 9618.520   0.783213
 9618.537   0.780757
 9618.554   0.781854
 9618.572   0.787300
 9618.589   0.797317
 9618.606   0.811502
 9618.623   0.828927
 9618.641   0.848333
 9618.658   0.868359
 9618.675   0.887809
 9618.692   0.905776
 9618.710   0.921757
 9618.727   0.935636
 9618.744   0.947602
 9618.761   0.957987
 9618.779   0.967138
 9618.796   0.975307
 9618.813   0.982587
 9618.831   0.988940
 9618.848   0.994265
 9618.865   0.998535
 9618.882   1.001832
 9618.900   1.004392
 9618.917   1.006540
 9618.934   1.008573
 9618.951   1.010704
 9618.969   1.012961
 9618.986   1.015255
 9619.003   1.017398
 9619.020   1.019246
 9619.038   1.020725
 9619.055   1.021848
 9619.072   1.022699
 9619.089   1.023363
 9619.107   1.023933
 9619.124   1.024448
 9619.141   1.024950
 9619.158   1.025440
 9619.176   1.025926
 9619.193   1.026377
 9619.210   1.026737
 9619.227   1.026930
 9619.245   1.026882
 9619.262   1.026549
 9619.279   1.025938
 9619.296   1.025118
 9619.314   1.024174
 9619.331   1.023179
 9619.348   1.022132
 9619.365   1.020977
 9619.383   1.019581
 9619.400   1.017855
 9619.417   1.015729
 9619.434   1.013243
 9619.452   1.010461
 9619.469   1.007449
 9619.486   1.004177
 9619.503   1.000531
 9619.521   0.996338
 9619.538   0.991434
 9619.555   0.985765
 9619.572   0.979373
 9619.590   0.972376
 9619.607   0.964863
 9619.624   0.956833
 9619.641   0.948137
 9619.659   0.938495
 9619.676   0.927544
 9619.693   0.914904
 9619.710   0.900237
 9619.728   0.883283
 9619.745   0.863791
 9619.762   0.841546
 9619.779   0.816266
 9619.797   0.787625
 9619.814   0.755221
 9619.831   0.718702
 9619.848   0.677741
 9619.866   0.632298
 9619.883   0.582804
 9619.900   0.530229
 9619.917   0.476113
 9619.935   0.422568
 9619.952   0.372147
 9619.969   0.327621
 9619.986   0.291768
 9620.004   0.267095
 9620.021   0.255496
 9620.038   0.257950
 9620.056   0.274279
 9620.073   0.303331
 9620.090   0.343100
 9620.107   0.391155
 9620.125   0.444888
 9620.142   0.501722
 9620.159   0.559226
 9620.176   0.615239
 9620.194   0.667993
 9620.211   0.716325
 9620.228   0.759597
 9620.245   0.797821
 9620.263   0.831313
 9620.280   0.860562
 9620.297   0.886115
 9620.314   0.908390
 9620.332   0.927651
 9620.349   0.944072
 9620.366   0.957855
 9620.383   0.969254
 9620.401   0.978644
 9620.418   0.986427
 9620.435   0.992957
 9620.452   0.998460
 9620.470   1.003023
 9620.487   1.006643
 9620.504   1.009290
 9620.521   1.010975
 9620.539   1.011739
 9620.556   1.011642
 9620.573   1.010713
 9620.590   1.008928
 9620.608   1.006217
 9620.625   1.002459
 9620.642   0.997511
 9620.659   0.991253
 9620.677   0.983566
 9620.694   0.974395
 9620.711   0.963741
 9620.728   0.951674
 9620.746   0.938261
 9620.763   0.923572
 9620.780   0.907611
 9620.797   0.890301
 9620.815   0.871482
 9620.832   0.850961
 9620.849   0.828542
 9620.866   0.804045
 9620.884   0.777332
 9620.901   0.748168
 9620.918   0.716301
 9620.935   0.681474
 9620.953   0.643470
 9620.970   0.602129
 9620.987   0.557483
 9621.004   0.509854
 9621.022   0.459823
 9621.039   0.408280
 9621.056   0.356483
 9621.073   0.305900
 9621.091   0.258054
 9621.108   0.214394
 9621.125   0.176119
 9621.142   0.144134
 9621.160   0.119049
 9621.177   0.101165
 9621.194   0.090542
 9621.211   0.087083
 9621.229   0.090698
 9621.246   0.101322
 9621.263   0.118893
 9621.281   0.143269
 9621.298   0.174181
 9621.315   0.211089
 9621.332   0.253172
 9621.350   0.299419
 9621.367   0.348698
 9621.384   0.399862
 9621.401   0.451714
 9621.419   0.503077
 9621.436   0.552904
 9621.453   0.600403
 9621.470   0.645004
 9621.488   0.686351
 9621.505   0.724257
 9621.522   0.758686
 9621.539   0.789716
 9621.557   0.817499
 9621.574   0.842239
 9621.591   0.864182
 9621.608   0.883599
 9621.626   0.900682
 9621.643   0.915609
 9621.660   0.928524
 9621.677   0.939615
 9621.695   0.949143
 9621.712   0.957402
 9621.729   0.964730
 9621.746   0.971367
 9621.764   0.977436
 9621.781   0.982915
 9621.798   0.987744
 9621.815   0.991887
 9621.833   0.995414
 9621.850   0.998519
 9621.867   1.001430
 9621.884   1.004333
 9621.902   1.007254
 9621.919   1.010064
 9621.936   1.012496
 9621.953   1.014240
 9621.971   1.015045
 9621.988   1.014769
 9622.005   1.013432
 9622.022   1.011132
 9622.040   1.008026
 9622.057   1.004224
 9622.074   0.999748
 9622.091   0.994511
 9622.109   0.988285
 9622.126   0.980754
 9622.143   0.971464
 9622.160   0.959957
 9622.178   0.945771
 9622.195   0.928621
 9622.212   0.908531
 9622.229   0.885897
 9622.247   0.861573
 9622.264   0.836843
 9622.281   0.813256
 9622.298   0.792286
 9622.316   0.775058
 9622.333   0.762021
 9622.350   0.752813
 9622.367   0.746304
 9622.385   0.740867
 9622.402   0.734600
 9622.419   0.725656
 9622.437   0.712407
 9622.454   0.693593
 9622.471   0.668379
 9622.488   0.636336
 9622.506   0.597453
 9622.523   0.552151
 9622.540   0.501373
 9622.557   0.446640
 9622.575   0.390060
 9622.592   0.334144
 9622.609   0.281544
 9622.626   0.234751
 9622.644   0.195812
 9622.661   0.166299
 9622.678   0.147397
 9622.695   0.139907
 9622.713   0.144249
 9622.730   0.160417
 9622.747   0.187856
 9622.764   0.225396
 9622.782   0.271397
 9622.799   0.323957
 9622.816   0.381039
 9622.833   0.440564
 9622.851   0.500507
 9622.868   0.558994
 9622.885   0.614397
 9622.902   0.665521
 9622.920   0.711595
 9622.937   0.752299
 9622.954   0.787704
 9622.971   0.818180
 9622.989   0.844262
 9623.006   0.866526
 9623.023   0.885520
 9623.040   0.901736
 9623.058   0.915609
 9623.075   0.927533
 9623.092   0.937908
 9623.109   0.947146
 9623.127   0.955631
 9623.144   0.963607
 9623.161   0.971158
 9623.178   0.978208
 9623.196   0.984609
 9623.213   0.990194
 9623.230   0.994859
 9623.247   0.998577
 9623.265   1.001395
 9623.282   1.003410
 9623.299   1.004758
 9623.316   1.005606
 9623.334   1.006150
 9623.351   1.006606
 9623.368   1.007187
 9623.385   1.008062
 9623.403   1.009337
 9623.420   1.011056
 9623.437   1.013183
 9623.454   1.015633
 9623.472   1.018264
 9623.489   1.020887
 9623.506   1.023296
 9623.523   1.025291
 9623.541   1.026741
 9623.558   1.027614
 9623.575   1.027996
 9623.592   1.028080
 9623.610   1.028099
 9623.627   1.028260
 9623.644   1.028663
 9623.662   1.029290
 9623.679   1.030013
 9623.696   1.030658
 9623.713   1.031112
 9623.731   1.031351
 9623.748   1.031458
 9623.765   1.031536
 9623.782   1.031665
 9623.800   1.031826
 9623.817   1.031915
 9623.834   1.031798
 9623.851   1.031368
 9623.869   1.030625
 9623.886   1.029641
 9623.903   1.028535
 9623.920   1.027367
 9623.938   1.026125
 9623.955   1.024718
 9623.972   1.023041
 9623.989   1.021049
 9624.007   1.018766
 9624.024   1.016280
 9624.041   1.013655
 9624.058   1.010888
 9624.076   1.007862
 9624.093   1.004386
 9624.110   1.000226
 9624.127   0.995152
 9624.145   0.988970
 9624.162   0.981543
 9624.179   0.972818
 9624.196   0.962807
 9624.214   0.951547
 9624.231   0.938996
 9624.248   0.924944
 9624.265   0.908913
 9624.283   0.890104
 9624.300   0.867437
 9624.317   0.839767
 9624.334   0.806149
 9624.352   0.766052
 9624.369   0.719682
 9624.386   0.668261
 9624.403   0.614016
 9624.421   0.560064
 9624.438   0.510242
 9624.455   0.468657
 9624.472   0.439069
 9624.490   0.424427
 9624.507   0.426331
 9624.524   0.444697
 9624.541   0.477743
 9624.559   0.522322
 9624.576   0.574440
 9624.593   0.629946
 9624.610   0.685179
 9624.628   0.737363
 9624.645   0.784623
 9624.662   0.825888
 9624.679   0.860849
 9624.697   0.889749
 9624.714   0.913177
 9624.731   0.931892
 9624.748   0.946721
 9624.766   0.958455
 9624.783   0.967783
 9624.800   0.975210
 9624.817   0.981081
 9624.835   0.985542
 9624.852   0.988600
 9624.869   0.990180
 9624.887   0.990154
 9624.904   0.988401
 9624.921   0.984769
 9624.938   0.979094
 9624.956   0.971160
 9624.973   0.960774
 9624.990   0.947795
 9625.007   0.932293
 9625.025   0.914609
 9625.042   0.895467
 9625.059   0.875945
 9625.076   0.857315
 9625.094   0.840810
 9625.111   0.827131
 9625.128   0.816274
 9625.145   0.807268
 9625.163   0.798428
 9625.180   0.787777
 9625.197   0.773682
 9625.214   0.755520
 9625.232   0.733984
 9625.249   0.711129
 9625.266   0.690014
 9625.283   0.673922
 9625.301   0.665799
 9625.318   0.667374
 9625.335   0.679083
 9625.352   0.699625
 9625.370   0.726557
 9625.387   0.756651
 9625.404   0.786606
 9625.421   0.813643
 9625.439   0.835691
 9625.456   0.851563
 9625.473   0.860858
 9625.490   0.863638
 9625.508   0.860157
 9625.525   0.850536
 9625.542   0.834675
 9625.559   0.812160
 9625.577   0.782440
 9625.594   0.745066
 9625.611   0.700038
 9625.628   0.648278
 9625.646   0.591781
 9625.663   0.533886
 9625.680   0.478772
 9625.697   0.431042
 9625.715   0.394988
 9625.732   0.373834
 9625.749   0.369301
 9625.766   0.381287
 9625.784   0.407993
 9625.801   0.446371
 9625.818   0.492490
 9625.835   0.542197
 9625.853   0.591529
 9625.870   0.637257
 9625.887   0.677047
 9625.904   0.709617
 9625.922   0.734557
 9625.939   0.752129
 9625.956   0.762931
 9625.973   0.767683
 9625.991   0.767013
 9626.008   0.761383
 9626.025   0.751040
 9626.042   0.736055
 9626.060   0.716408
 9626.077   0.692020
 9626.094   0.662872
 9626.112   0.628986
 9626.129   0.590462
 9626.146   0.547572
 9626.163   0.500860
 9626.181   0.451240
 9626.198   0.399973
 9626.215   0.348645
 9626.232   0.299103
 9626.250   0.253166
 9626.267   0.212459
 9626.284   0.178350
 9626.301   0.152029
 9626.319   0.134488
 9626.336   0.126425
 9626.353   0.128164
 9626.370   0.139680
 9626.388   0.160561
 9626.405   0.190116
 9626.422   0.227368
 9626.439   0.271039
 9626.457   0.319654
 9626.474   0.371531
 9626.491   0.424917
 9626.508   0.478154
 9626.526   0.529863
 9626.543   0.578971
 9626.560   0.624695
 9626.577   0.666631
 9626.595   0.704716
 9626.612   0.739062
 9626.629   0.769865
 9626.646   0.797387
 9626.664   0.821925
 9626.681   0.843824
 9626.698   0.863437
 9626.715   0.881026
 9626.733   0.896780
 9626.750   0.910817
 9626.767   0.923261
 9626.784   0.934257
 9626.802   0.944003
 9626.819   0.952730
 9626.836   0.960647
 9626.853   0.967910
 9626.871   0.974552
 9626.888   0.980550
 9626.905   0.985836
 9626.922   0.990397
 9626.940   0.994268
 9626.957   0.997542
 9626.974   1.000337
 9626.991   1.002739
 9627.009   1.004797
 9627.026   1.006521
 9627.043   1.007952
 9627.060   1.009169
 9627.078   1.010304
 9627.095   1.011500
 9627.112   1.012851
 9627.129   1.014360
 9627.147   1.015935
 9627.164   1.017425
 9627.181   1.018673
 9627.198   1.019587
 9627.216   1.020169
 9627.233   1.020520
 9627.250   1.020792
 9627.267   1.021138
 9627.285   1.021649
 9627.302   1.022337
 9627.319   1.023130
 9627.337   1.023912
 9627.354   1.024545
 9627.371   1.024930
 9627.388   1.025004
 9627.406   1.024778
 9627.423   1.024318
 9627.440   1.023756
 9627.457   1.023253
 9627.475   1.022953
 9627.492   1.022950
 9627.509   1.023216
 9627.526   1.023634
 9627.544   1.023992
 9627.561   1.024093
 9627.578   1.023773
 9627.595   1.022991
 9627.613   1.021787
 9627.630   1.020280
 9627.647   1.018573
 9627.664   1.016741
 9627.682   1.014763
 9627.699   1.012543
 9627.716   1.009939
 9627.733   1.006814
 9627.751   1.003088
 9627.768   0.998753
 9627.785   0.993904
 9627.802   0.988642
 9627.820   0.983042
 9627.837   0.977040
 9627.854   0.970420
 9627.871   0.962785
 9627.889   0.953575
 9627.906   0.942079
 9627.923   0.927440
 9627.940   0.908742
 9627.958   0.885197
 9627.975   0.856373
 9627.992   0.822394
 9628.009   0.784210
 9628.027   0.743640
 9628.044   0.703332
 9628.061   0.666522
 9628.078   0.636567
 9628.096   0.616397
 9628.113   0.607956
 9628.130   0.611785
 9628.147   0.626955
 9628.165   0.651330
 9628.182   0.682134
 9628.199   0.716467
 9628.216   0.751675
 9628.234   0.785618
 9628.251   0.816853
 9628.268   0.844467
 9628.285   0.867989
 9628.303   0.887249
 9628.320   0.902208
 9628.337   0.912988
 9628.354   0.919749
 9628.372   0.922751
 9628.389   0.922267
 9628.406   0.918515
 9628.423   0.911568
 9628.441   0.901312
 9628.458   0.887465
 9628.475   0.869635
 9628.492   0.847449
 9628.510   0.820772
 9628.527   0.789884
 9628.544   0.755568
 9628.562   0.719254
 9628.579   0.682902
 9628.596   0.648908
 9628.613   0.619780
 9628.631   0.597852
 9628.648   0.584883
 9628.665   0.581910
 9628.682   0.589155
 9628.700   0.606051
 9628.717   0.631341
 9628.734   0.663235
 9628.751   0.699468
 9628.769   0.737608
 9628.786   0.775310
 9628.803   0.810732
 9628.820   0.842581
 9628.838   0.870040
 9628.855   0.892809
 9628.872   0.910967
 9628.889   0.924926
 9628.907   0.935268
 9628.924   0.942612
 9628.941   0.947525
 9628.958   0.950398
 9628.976   0.951359
 9628.993   0.950321
 9629.010   0.947073
 9629.027   0.941479
 9629.045   0.933630
 9629.062   0.923958
 9629.079   0.913325
 9629.096   0.902862
 9629.114   0.893932
 9629.131   0.887750
 9629.148   0.885230
 9629.165   0.886623
 9629.183   0.891530
 9629.200   0.898945
 9629.217   0.907511
 9629.234   0.915877
 9629.252   0.922984
 9629.269   0.928270
 9629.286   0.931716
 9629.303   0.933753
 9629.321   0.935185
 9629.338   0.936889
 9629.355   0.939645
 9629.372   0.943875
 9629.390   0.949573
 9629.407   0.956348
 9629.424   0.963614
 9629.441   0.970789
 9629.459   0.977423
 9629.476   0.983262
 9629.493   0.988220
 9629.510   0.992302
 9629.528   0.995540
 9629.545   0.997987
 9629.562   0.999712
 9629.579   1.000841
 9629.597   1.001485
 9629.614   1.001732
 9629.631   1.001564
 9629.648   1.000885
 9629.666   0.999531
 9629.683   0.997341
 9629.700   0.994232
 9629.717   0.990214
 9629.735   0.985426
 9629.752   0.980032
 9629.769   0.974191
 9629.787   0.967899
 9629.804   0.960915
 9629.821   0.952735
 9629.838   0.942670
 9629.856   0.930029
 9629.873   0.914356
 9629.890   0.895754
 9629.907   0.875003
 9629.925   0.853640
 9629.942   0.833725
 9629.959   0.817513
 9629.976   0.806950
 9629.994   0.803293
 9630.011   0.806892
 9630.028   0.817155
 9630.045   0.832739
 9630.063   0.851851
 9630.080   0.872567
 9630.097   0.893090
 9630.114   0.911983
 9630.132   0.928371
 9630.149   0.941845
 9630.166   0.952346
 9630.183   0.960043
 9630.201   0.965188
 9630.218   0.968062
 9630.235   0.968891
 9630.252   0.967867
 9630.270   0.965174
 9630.287   0.961033
 9630.304   0.955799
 9630.321   0.949974
 9630.339   0.944244
 9630.356   0.939376
 9630.373   0.936136
 9630.390   0.935119
 9630.408   0.936600
 9630.425   0.940476
 9630.442   0.946240
 9630.459   0.953136
 9630.477   0.960307
 9630.494   0.966981
 9630.511   0.972598
 9630.528   0.976842
 9630.546   0.979643
 9630.563   0.981124
 9630.580   0.981542
 9630.597   0.981271
 9630.615   0.980709
 9630.632   0.980253
 9630.649   0.980183
 9630.666   0.980667
 9630.684   0.981719
 9630.701   0.983231
 9630.718   0.985013
 9630.735   0.986835
 9630.753   0.988456
 9630.770   0.989661
 9630.787   0.990249
 9630.804   0.990078
 9630.822   0.989036
 9630.839   0.987077
 9630.856   0.984173
 9630.873   0.980319
 9630.891   0.975510
 9630.908   0.969770
 9630.925   0.963224
 9630.943   0.956136
 9630.960   0.949022
 9630.977   0.942566
 9630.994   0.937539
 9631.012   0.934580
 9631.029   0.934045
 9631.046   0.935955
 9631.063   0.940014
 9631.081   0.945717
 9631.098   0.952453
 9631.115   0.959586
 9631.132   0.966541
 9631.150   0.972837
 9631.167   0.978150
 9631.184   0.982321
 9631.201   0.985360
 9631.219   0.987450
 9631.236   0.988860
 9631.253   0.989889
 9631.270   0.990772
 9631.288   0.991639
 9631.305   0.992526
 9631.322   0.993407
 9631.339   0.994259
 9631.357   0.995061
 9631.374   0.995796
 9631.391   0.996420
 9631.408   0.996833
 9631.426   0.996910
 9631.443   0.996551
 9631.460   0.995747
 9631.477   0.994610
 9631.495   0.993336
 9631.512   0.992140
 9631.529   0.991164
 9631.546   0.990445
 9631.564   0.989904
 9631.581   0.989393
 9631.598   0.988755
 9631.615   0.987833
 9631.633   0.986496
 9631.650   0.984621
 9631.667   0.982139
 9631.684   0.979045
 9631.702   0.975427
 9631.719   0.971474
 9631.736   0.967428
 9631.753   0.963548
 9631.771   0.960046
 9631.788   0.957089
 9631.805   0.954782
 9631.822   0.953199
 9631.840   0.952365
 9631.857   0.952250
 9631.874   0.952751
 9631.891   0.953707
 9631.909   0.954933
 9631.926   0.956266
 9631.943   0.957597
 9631.960   0.958880
 9631.978   0.960136
 9631.995   0.961407
 9632.012   0.962722
 9632.029   0.964090
 9632.047   0.965495
 9632.064   0.966904
 9632.081   0.968287
 9632.098   0.969607
 9632.116   0.970838
 9632.133   0.971952
 9632.150   0.972930
 9632.168   0.973749
 9632.185   0.974394
 9632.202   0.974875
 9632.219   0.975206
 9632.237   0.975436
 9632.254   0.975609
 9632.271   0.975793
 9632.288   0.976032
 9632.306   0.976365
 9632.323   0.976803
 9632.340   0.977320
 9632.357   0.977865
 9632.375   0.978346
 9632.392   0.978663
 9632.409   0.978733
 9632.426   0.978531
 9632.444   0.978107
 9632.461   0.977563
 9632.478   0.977025
 9632.495   0.976591
 9632.513   0.976289
 9632.530   0.976091
 9632.547   0.975891
 9632.564   0.975581
 9632.582   0.975074
 9632.599   0.974334
 9632.616   0.973403
 9632.633   0.972339
 9632.651   0.971247
 9632.668   0.970181
 9632.685   0.969181
 9632.702   0.968222
 9632.720   0.967271
 9632.737   0.966274
 9632.754   0.965186
 9632.771   0.963967
 9632.789   0.962566
 9632.806   0.960930
 9632.823   0.959002
 9632.840   0.956744
 9632.858   0.954149
 9632.875   0.951225
 9632.892   0.947979
 9632.909   0.944389
 9632.927   0.940423
 9632.944   0.936077
 9632.961   0.931438
 9632.978   0.926757
 9632.996   0.922441
 9633.013   0.919006
 9633.030   0.916917
 9633.047   0.916464
 9633.065   0.917673
 9633.082   0.920273
 9633.099   0.923791
 9633.116   0.927636
 9633.134   0.931267
 9633.151   0.934276
 9633.168   0.936447
 9633.185   0.937740
 9633.203   0.938207
 9633.220   0.937906
 9633.237   0.936791
 9633.254   0.934733
 9633.272   0.931490
 9633.289   0.926812
 9633.306   0.920455
 9633.323   0.912244
 9633.341   0.902074
 9633.358   0.889924
 9633.375   0.875933
 9633.393   0.860546
 9633.410   0.844626
 9633.427   0.829426
 9633.444   0.816448
 9633.462   0.807132
 9633.479   0.802623
 9633.496   0.803490
 9633.513   0.809664
 9633.531   0.820475
 9633.548   0.834777
 9633.565   0.851233
 9633.582   0.868530
 9633.600   0.885534
 9633.617   0.901401
 9633.634   0.915602
 9633.651   0.927908
 9633.669   0.938305
 9633.686   0.946948
 9633.703   0.954070
 9633.720   0.959944
 9633.738   0.964826
 9633.755   0.968943
 9633.772   0.972517
 9633.789   0.975716
 9633.807   0.978656
 9633.824   0.981366
 9633.841   0.983822
 9633.858   0.985948
 9633.876   0.987703
 9633.893   0.989091
 9633.910   0.990186
 9633.927   0.991098
 9633.945   0.991932
 9633.962   0.992757
 9633.979   0.993600
 9633.996   0.994474
 9634.014   0.995386
 9634.031   0.996350
 9634.048   0.997365
 9634.065   0.998400
 9634.083   0.999394
 9634.100   1.000277
 9634.117   1.000999
 9634.134   1.001567
 9634.152   1.002027
 9634.169   1.002449
 9634.186   1.002882
 9634.203   1.003339
 9634.221   1.003795
 9634.238   1.004211
 9634.255   1.004568
 9634.272   1.004873
 9634.290   1.005167
 9634.307   1.005488
 9634.324   1.005846
 9634.341   1.006228
 9634.359   1.006588
 9634.376   1.006885
 9634.393   1.007046
 9634.410   1.006979
 9634.428   1.006548
 9634.445   1.005582
 9634.462   1.003941
 9634.479   1.001527
 9634.497   0.998364
 9634.514   0.994551
 9634.531   0.990255
 9634.548   0.985622
 9634.566   0.980710
 9634.583   0.975480
 9634.600   0.969786
 9634.618   0.963463
 9634.635   0.956431
 9634.652   0.948827
 9634.669   0.941073
 9634.687   0.933885
 9634.704   0.928202
 9634.721   0.925008
 9634.738   0.925055
 9634.756   0.928723
 9634.773   0.935864
 9634.790   0.945840
 9634.807   0.957700
 9634.825   0.970371
 9634.842   0.982887
 9634.859   0.994499
 9634.876   1.004734
 9634.894   1.013393
 9634.911   1.020459
 9634.928   1.026088
 9634.945   1.030541
 9634.963   1.034107
 9634.980   1.037049
 9634.997   1.039500
 9635.014   1.041484
 9635.032   1.042900
 9635.049   1.043637
 9635.066   1.043619
 9635.083   1.042855
 9635.101   1.041405
 9635.118   1.039334
 9635.135   1.036657
 9635.152   1.033305
 9635.170   1.029173
 9635.187   1.024149
 9635.204   1.018158
 9635.221   1.011123
 9635.239   1.002954
 9635.256   0.993493
 9635.273   0.982570
 9635.290   0.970077
 9635.308   0.956066
 9635.325   0.940895
 9635.342   0.925262
 9635.359   0.910220
 9635.377   0.896979
 9635.394   0.886724
 9635.411   0.880336
 9635.428   0.878151
 9635.446   0.879910
 9635.463   0.884803
 9635.480   0.891692
 9635.497   0.899279
 9635.515   0.906286
 9635.532   0.911561
 9635.549   0.914085
 9635.566   0.912925
 9635.584   0.907199
 9635.601   0.896006
 9635.618   0.878443
 9635.635   0.853649
 9635.653   0.820928
 9635.670   0.779918
 9635.687   0.730986
 9635.704   0.675546
 9635.722   0.616336
 9635.739   0.557442
 9635.756   0.503768
 9635.773   0.460317
 9635.791   0.431196
 9635.808   0.419051
 9635.825   0.424527
 9635.843   0.446312
 9635.860   0.481404
 9635.877   0.525484
 9635.894   0.573476
 9635.912   0.620236
 9635.929   0.661196
 9635.946   0.692767
 9635.963   0.712431
 9635.981   0.718824
 9635.998   0.711787
 9636.015   0.692310
 9636.032   0.662661
 9636.050   0.626150
 9636.067   0.586939
 9636.084   0.549594
 9636.101   0.518674
 9636.119   0.497886
 9636.136   0.489535
 9636.153   0.493958
 9636.170   0.509576
 9636.188   0.532971
 9636.205   0.559744
 9636.222   0.585169
 9636.239   0.605054
 9636.257   0.616167
 9636.274   0.616716
 9636.291   0.606400
 9636.308   0.586407
 9636.326   0.558997
 9636.343   0.527145
 9636.360   0.494142
 9636.377   0.463301
 9636.395   0.437748
 9636.412   0.420276
 9636.429   0.413099
 9636.446   0.417642
 9636.464   0.434333
 9636.481   0.462591
 9636.498   0.500802
 9636.515   0.546425
 9636.533   0.596226
 9636.550   0.646671
 9636.567   0.694278
 9636.584   0.736041
 9636.602   0.769690
 9636.619   0.793885
 9636.636   0.808066
 9636.653   0.812350
 9636.671   0.807371
 9636.688   0.794203
 9636.705   0.774286
 9636.722   0.749399
 9636.740   0.721735
 9636.757   0.693797
 9636.774   0.668286
 9636.791   0.647908
 9636.809   0.635053
 9636.826   0.631404
 9636.843   0.637702
 9636.860   0.653413
 9636.878   0.676757
 9636.895   0.704933
 9636.912   0.734553
 9636.929   0.762322
 9636.947   0.785519
 9636.964   0.802209
 9636.981   0.811425
 9636.998   0.812924
 9637.016   0.807018
 9637.033   0.794279
 9637.050   0.775323
 9637.068   0.750729
 9637.085   0.720962
 9637.102   0.686352
 9637.119   0.647202
 9637.137   0.603863
 9637.154   0.556751
 9637.171   0.506393
 9637.188   0.453560
 9637.206   0.399277
 9637.223   0.344806
 9637.240   0.291655
 9637.257   0.241464
 9637.275   0.195840
 9637.292   0.156082
 9637.309   0.123098
 9637.326   0.097366
 9637.344   0.079022
 9637.361   0.068009
 9637.378   0.064138
 9637.395   0.067054
 9637.413   0.076275
 9637.430   0.091153
 9637.447   0.110842
 9637.464   0.134181
 9637.482   0.159627
 9637.499   0.185369
 9637.516   0.209439
 9637.533   0.229966
 9637.551   0.245427
 9637.568   0.255001
 9637.585   0.258789
 9637.602   0.258077
 9637.620   0.255124
 9637.637   0.252904
 9637.654   0.254515
 9637.671   0.262640
 9637.689   0.279127
 9637.706   0.304759
 9637.723   0.339219
 9637.740   0.381274
 9637.758   0.428921
 9637.775   0.479820
 9637.792   0.531668
 9637.809   0.582614
 9637.827   0.631371
 9637.844   0.677144
 9637.861   0.719536
 9637.878   0.758425
 9637.896   0.793825
 9637.913   0.825824
 9637.930   0.854545
 9637.947   0.880127
 9637.965   0.902713
 9637.982   0.922463
 9637.999   0.939577
 9638.016   0.954272
 9638.034   0.966740
 9638.051   0.977140
 9638.068   0.985567
 9638.085   0.992108
 9638.103   0.996853
 9638.120   0.999935
 9638.137   1.001471
 9638.154   1.001521
 9638.172   1.000049
 9638.189   0.996932
 9638.206   0.992011
 9638.223   0.985126
 9638.241   0.976120
 9638.258   0.964777
 9638.275   0.950786
 9638.293   0.933825
 9638.310   0.913715
 9638.327   0.890664
 9638.344   0.865546
 9638.362   0.839976
 9638.379   0.816227
 9638.396   0.796847
 9638.413   0.784189
 9638.431   0.779896
 9638.448   0.784558
 9638.465   0.797640
 9638.482   0.817595
 9638.500   0.842217
 9638.517   0.869103
 9638.534   0.895996
 9638.551   0.921233
 9638.569   0.943709
 9638.586   0.962956
 9638.603   0.978960
 9638.620   0.991960
 9638.638   1.002327
 9638.655   1.010415
 9638.672   1.016559
 9638.689   1.021053
 9638.707   1.024192
 9638.724   1.026298
 9638.741   1.027671
 9638.758   1.028595
 9638.776   1.029266
 9638.793   1.029797
 9638.810   1.030225
 9638.827   1.030529
 9638.845   1.030698
 9638.862   1.030696
 9638.879   1.030531
 9638.896   1.030199
 9638.914   1.029725
 9638.931   1.029161
 9638.948   1.028557
 9638.965   1.027996
 9638.983   1.027494
 9639.000   1.027074
 9639.017   1.026694
 9639.034   1.026330
 9639.052   1.025950
 9639.069   1.025536
 9639.086   1.025081
 9639.103   1.024550
 9639.121   1.023940
 9639.138   1.023254
 9639.155   1.022553
 9639.172   1.021892
 9639.190   1.021310
 9639.207   1.020773
 9639.224   1.020183
 9639.241   1.019428
 9639.259   1.018445
 9639.276   1.017252
 9639.293   1.015948
 9639.310   1.014654
 9639.328   1.013451
 9639.345   1.012347
 9639.362   1.011278
 9639.379   1.010185
 9639.397   1.009034
 9639.414   1.007873
 9639.431   1.006796
 9639.448   1.005912
 9639.466   1.005300
 9639.483   1.004948
 9639.500   1.004781
 9639.518   1.004640
 9639.535   1.004363
 9639.552   1.003802
 9639.569   1.002903
 9639.587   1.001703
 9639.604   1.000316
 9639.621   0.998877
 9639.638   0.997465
 9639.656   0.996074
 9639.673   0.994579
 9639.690   0.992822
 9639.707   0.990640
 9639.725   0.987957
 9639.742   0.984762
 9639.759   0.981104
 9639.776   0.977009
 9639.794   0.972470
 9639.811   0.967394
 9639.828   0.961637
 9639.845   0.955016
 9639.863   0.947307
 9639.880   0.938267
 9639.897   0.927590
 9639.914   0.914915
 9639.932   0.899738
 9639.949   0.881460
 9639.966   0.859230
 9639.983   0.832059
 9640.001   0.798903
 9640.018   0.758941
 9640.035   0.711965
 9640.052   0.658683
 9640.070   0.601137
 9640.087   0.542547
 9640.104   0.486979
 9640.121   0.439085
 9640.139   0.403328
 9640.156   0.383321
 9640.173   0.380948
 9640.190   0.396082
 9640.208   0.426565
 9640.225   0.468513
 9640.242   0.517170
 9640.259   0.567661
 9640.277   0.615625
 9640.294   0.657518
 9640.311   0.690737
 9640.328   0.713603
 9640.346   0.725150
 9640.363   0.725054
 9640.380   0.713556
 9640.397   0.691602
 9640.415   0.660821
 9640.432   0.623550
 9640.449   0.582495
 9640.466   0.540289
 9640.484   0.499103
 9640.501   0.460287
 9640.518   0.424426
 9640.535   0.391651
 9640.553   0.362106
 9640.570   0.336275
 9640.587   0.315125
 9640.604   0.300147
 9640.622   0.293006
 9640.639   0.295196
 9640.656   0.307633
 9640.674   0.330386
 9640.691   0.362720
 9640.708   0.403245
 9640.725   0.450157
 9640.743   0.501445
 9640.760   0.555024
 9640.777   0.608763
 9640.794   0.660558
 9640.812   0.708566
 9640.829   0.751328
 9640.846   0.787861
 9640.863   0.817730
 9640.881   0.840932
 9640.898   0.857761
 9640.915   0.868711
 9640.932   0.874401
 9640.950   0.875565
 9640.967   0.873038
 9640.984   0.867859
 9641.001   0.861242
 9641.019   0.854567
 9641.036   0.849255
 9641.053   0.846572
 9641.070   0.847462
 9641.088   0.852347
 9641.105   0.861115
 9641.122   0.873073
 9641.139   0.887230
 9641.157   0.902448
 9641.174   0.917632
 9641.191   0.931856
 9641.208   0.944418
 9641.226   0.954951
 9641.243   0.963373
 9641.260   0.969972
 9641.277   0.975245
 9641.295   0.979670
 9641.312   0.983569
 9641.329   0.987001
 9641.346   0.989909
 9641.364   0.992188
 9641.381   0.993866
 9641.398   0.995068
 9641.415   0.995984
 9641.433   0.996780
 9641.450   0.997530
 9641.467   0.998253
 9641.484   0.998920
 9641.502   0.999523
 9641.519   1.000072
 9641.536   1.000592
 9641.553   1.001104
 9641.571   1.001580
 9641.588   1.001959
 9641.605   1.002149
 9641.622   1.002062
 9641.640   1.001675
 9641.657   1.001026
 9641.674   1.000256
 9641.691   0.999534
 9641.709   0.999014
 9641.726   0.998776
 9641.743   0.998789
 9641.760   0.998969
 9641.778   0.999194
 9641.795   0.999384
 9641.812   0.999486
 9641.829   0.999452
 9641.847   0.999193
 9641.864   0.998570
 9641.881   0.997461
 9641.899   0.995811
 9641.916   0.993697
 9641.933   0.991310
 9641.950   0.988915
 9641.968   0.986738
 9641.985   0.984937
 9642.002   0.983562
 9642.019   0.982624
 9642.037   0.982084
 9642.054   0.981931
 9642.071   0.982156
 9642.088   0.982753
 9642.106   0.983720
 9642.123   0.985017
 9642.140   0.986596
 9642.157   0.988307
 9642.175   0.989972
 9642.192   0.991341
 9642.209   0.992250
 9642.226   0.992619
 9642.244   0.992566
 9642.261   0.992320
 9642.278   0.992142
 9642.295   0.992219
 9642.313   0.992567
 9642.330   0.993075
 9642.347   0.993532
 9642.364   0.993777
 9642.382   0.993727
 9642.399   0.993428
 9642.416   0.992981
 9642.433   0.992517
 9642.451   0.992142
 9642.468   0.991891
 9642.485   0.991744
 9642.502   0.991612
 9642.520   0.991386
 9642.537   0.990946
 9642.554   0.990232
 9642.571   0.989233
 9642.589   0.988037
 9642.606   0.986756
 9642.623   0.985492
 9642.640   0.984255
 9642.658   0.982963
 9642.675   0.981465
 9642.692   0.979598
 9642.709   0.977255
 9642.727   0.974402
 9642.744   0.971073
 9642.761   0.967311
 9642.778   0.963121
 9642.796   0.958402
 9642.813   0.952957
 9642.830   0.946513
 9642.847   0.938753
 9642.865   0.929329
 9642.882   0.917862
 9642.899   0.903949
 9642.916   0.887053
 9642.934   0.866558
 9642.951   0.841836
 9642.968   0.812453
 9642.985   0.778485
 9643.003   0.740802
 9643.020   0.701285
 9643.037   0.662699
 9643.054   0.628382
 9643.072   0.601719
 9643.089   0.585678
 9643.106   0.582203
 9643.124   0.591894
 9643.141   0.613714
 9643.158   0.645223
 9643.175   0.683024
 9643.193   0.723580
 9643.210   0.763812
 9643.227   0.801360
 9643.244   0.834699
 9643.262   0.863196
 9643.279   0.886873
 9643.296   0.906249
 9643.313   0.922038
 9643.331   0.934962
 9643.348   0.945574
 9643.365   0.954241
 9643.382   0.961194
 9643.400   0.966615
 9643.417   0.970729
 9643.434   0.973779
 9643.451   0.975994
 9643.469   0.977547
 9643.486   0.978573
 9643.503   0.979189
 9643.520   0.979583
 9643.538   0.980008
 9643.555   0.980780
 9643.572   0.982120
 9643.589   0.984095
 9643.607   0.986587
 9643.624   0.989341
 9643.641   0.992110
 9643.658   0.994690
 9643.676   0.997019
 9643.693   0.999083
 9643.710   1.000932
 9643.727   1.002597
 9643.745   1.004110
 9643.762   1.005527
 9643.779   1.006921
 9643.796   1.008387
 9643.814   1.009981
 9643.831   1.011716
 9643.848   1.013522
 9643.865   1.015284
 9643.883   1.016892
 9643.900   1.018275
 9643.917   1.019432
 9643.934   1.020402
 9643.952   1.021249
 9643.969   1.022008
 9643.986   1.022680
 9644.003   1.023224
 9644.021   1.023594
 9644.038   1.023790
 9644.055   1.023864
 9644.072   1.023930
 9644.090   1.024095
 9644.107   1.024442
 9644.124   1.024960
 9644.141   1.025576
 9644.159   1.026155
 9644.176   1.026596
 9644.193   1.026823
 9644.210   1.026822
 9644.228   1.026585
 9644.245   1.026130
 9644.262   1.025476
 9644.279   1.024668
 9644.297   1.023764
 9644.314   1.022804
 9644.331   1.021798
 9644.349   1.020681
 9644.366   1.019360
 9644.383   1.017718
 9644.400   1.015701
 9644.418   1.013299
 9644.435   1.010540
 9644.452   1.007439
 9644.469   1.003919
 9644.487   0.999892
 9644.504   0.995182
 9644.521   0.989653
 9644.538   0.983204
 9644.556   0.975797
 9644.573   0.967438
 9644.590   0.958033
 9644.607   0.947383
 9644.625   0.935089
 9644.642   0.920647
 9644.659   0.903497
 9644.676   0.883082
 9644.694   0.859019
 9644.711   0.831144
 9644.728   0.799646
 9644.745   0.765065
 9644.763   0.728340
 9644.780   0.690714
 9644.797   0.653466
 9644.814   0.617763
 9644.832   0.584432
 9644.849   0.553760
 9644.866   0.525460
 9644.883   0.498888
 9644.901   0.473296
 9644.918   0.448222
 9644.935   0.423824
 9644.952   0.400960
 9644.970   0.380921
 9644.987   0.364924
 9645.004   0.353549
 9645.021   0.346290
 9645.039   0.341578
 9645.056   0.337071
 9645.073   0.330358
 9645.090   0.319571
 9645.108   0.304013
 9645.125   0.284307
 9645.142   0.262454
 9645.159   0.241303
 9645.177   0.224107
 9645.194   0.213685
 9645.211   0.211988
 9645.228   0.219525
 9645.246   0.235405
 9645.263   0.257388
 9645.280   0.282372
 9645.297   0.306870
 9645.315   0.327522
 9645.332   0.341482
 9645.349   0.346883
 9645.366   0.342889
 9645.384   0.329740
 9645.401   0.308474
 9645.418   0.280812
 9645.435   0.248881
 9645.453   0.215032
 9645.470   0.181552
 9645.487   0.150551
 9645.504   0.123811
 9645.522   0.102808
 9645.539   0.088671
 9645.556   0.082213
 9645.574   0.084032
 9645.591   0.094530
 9645.608   0.113900
 9645.625   0.141961
 9645.643   0.178194
 9645.660   0.221706
 9645.677   0.271254
 9645.694   0.325264
 9645.712   0.381935
 9645.729   0.439296
 9645.746   0.495597
 9645.763   0.549367
 9645.781   0.599615
 9645.798   0.645750
 9645.815   0.687538
 9645.832   0.724984
 9645.850   0.758285
 9645.867   0.787637
 9645.884   0.813207
 9645.901   0.835194
 9645.919   0.853810
 9645.936   0.869311
 9645.953   0.882027
 9645.970   0.892312
 9645.988   0.900412
 9646.005   0.906450
 9646.022   0.910426
 9646.039   0.912295
 9646.057   0.912042
 9646.074   0.909673
 9646.091   0.905160
 9646.108   0.898336
 9646.126   0.888823
 9646.143   0.876065
 9646.160   0.859398
 9646.177   0.838204
 9646.195   0.812029
 9646.212   0.780716
 9646.229   0.744417
 9646.246   0.703503
 9646.264   0.658603
 9646.281   0.610575
 9646.298   0.560471
 9646.315   0.509495
 9646.333   0.458927
 9646.350   0.409910
 9646.367   0.363421
 9646.384   0.320347
 9646.402   0.281635
 9646.419   0.248548
 9646.436   0.222721
 9646.453   0.206056
 9646.471   0.200434
 9646.488   0.207379
 9646.505   0.227525
 9646.522   0.260489
 9646.540   0.304809
 9646.557   0.358158
 9646.574   0.417682
 9646.591   0.480353
 9646.609   0.543299
 9646.626   0.603949
 9646.643   0.660350
 9646.660   0.711331
 9646.678   0.756324
 9646.695   0.795241
 9646.712   0.828422
 9646.729   0.856509
 9646.747   0.880307
 9646.764   0.900585
 9646.781   0.918002
 9646.799   0.933034
 9646.816   0.945992
 9646.833   0.957065
 9646.850   0.966398
 9646.868   0.974148
 9646.885   0.980554
 9646.902   0.985950
 9646.919   0.990707
 9646.937   0.995143
 9646.954   0.999400
 9646.971   1.003435
 9646.988   1.007038
 9647.006   1.010023
 9647.023   1.012286
 9647.040   1.013922
 9647.057   1.015139
 9647.075   1.016152
 9647.092   1.017104
 9647.109   1.018006
 9647.126   1.018828
 9647.144   1.019526
 9647.161   1.020124
 9647.178   1.020686
 9647.195   1.021269
 9647.213   1.021892
 9647.230   1.022500
 9647.247   1.023001
 9647.264   1.023321
 9647.282   1.023400
 9647.299   1.023253
 9647.316   1.022885
 9647.333   1.022352
 9647.351   1.021721
 9647.368   1.021107
 9647.385   1.020681
 9647.402   1.020545
 9647.420   1.020723
 9647.437   1.021073
 9647.454   1.021368
 9647.471   1.021402
 9647.489   1.021070
 9647.506   1.020436
 9647.523   1.019608
 9647.540   1.018694
 9647.558   1.017722
 9647.575   1.016635
 9647.592   1.015400
 9647.609   1.014023
 9647.627   1.012634
 9647.644   1.011424
 9647.661   1.010588
 9647.678   1.010241
 9647.696   1.010330
 9647.713   1.010674
 9647.730   1.010956
 9647.747   1.010912
 9647.765   1.010362
 9647.782   1.009332
 9647.799   1.007969
 9647.816   1.006497
 9647.834   1.005065
 9647.851   1.003698
 9647.868   1.002294
 9647.885   1.000672
 9647.903   0.998678
 9647.920   0.996221
 9647.937   0.993287
 9647.954   0.989908
 9647.972   0.986065
 9647.989   0.981666
 9648.006   0.976506
 9648.024   0.970323
 9648.041   0.962846
 9648.058   0.953800
 9648.075   0.943004
 9648.093   0.930384
 9648.110   0.916112
 9648.127   0.900701
 9648.144   0.885062
 9648.162   0.870430
 9648.179   0.858134
 9648.196   0.849352
 9648.213   0.844911
 9648.231   0.845062
 9648.248   0.849482
 9648.265   0.857281
 9648.282   0.867217
 9648.300   0.877860
 9648.317   0.887866
 9648.334   0.896171
 9648.351   0.902099
 9648.369   0.905324
 9648.386   0.905729
 9648.403   0.903295
 9648.420   0.897850
 9648.438   0.889039
 9648.455   0.876247
 9648.472   0.858732
 9648.489   0.835780
 9648.507   0.806935
 9648.524   0.772241
 9648.541   0.732332
 9648.558   0.688689
 9648.576   0.643679
 9648.593   0.600444
 9648.610   0.562594
 9648.627   0.533837
 9648.645   0.517324
 9648.662   0.515145
 9648.679   0.527634
 9648.696   0.553437
 9648.714   0.589681
 9648.731   0.632728
 9648.748   0.678855
 9648.765   0.724664
 9648.783   0.767592
 9648.800   0.805943
 9648.817   0.838874
 9648.834   0.866354
 9648.852   0.888858
 9648.869   0.907104
 9648.886   0.921845
 9648.903   0.933823
 9648.921   0.943607
 9648.938   0.951715
 9648.955   0.958465
 9648.972   0.964077
 9648.990   0.968668
 9649.007   0.972315
 9649.024   0.975124
 9649.041   0.977180
 9649.059   0.978612
 9649.076   0.979464
 9649.093   0.979759
 9649.110   0.979490
 9649.128   0.978701
 9649.145   0.977508
 9649.162   0.976048
 9649.179   0.974421
 9649.197   0.972584
 9649.214   0.970335
 9649.231   0.967324
 9649.249   0.963134
 9649.266   0.957289
 9649.283   0.949308
 9649.300   0.938677
 9649.318   0.924916
 9649.335   0.907652
 9649.352   0.886802
 9649.369   0.862776
 9649.387   0.836520
 9649.404   0.809643
 9649.421   0.784253
 9649.438   0.762673
 9649.456   0.747129
 9649.473   0.739338
 9649.490   0.740158
 9649.507   0.749425
 9649.525   0.766084
 9649.542   0.788381
 9649.559   0.814175
 9649.576   0.841188
 9649.594   0.867390
 9649.611   0.891226
 9649.628   0.911800
 9649.645   0.928759
 9649.663   0.942236
 9649.680   0.952673
 9649.697   0.960667
 9649.714   0.966837
 9649.732   0.971771
 9649.749   0.975928
 9649.766   0.979620
 9649.783   0.982954
 9649.801   0.985917
 9649.818   0.988396
 9649.835   0.990315
 9649.852   0.991639
 9649.870   0.992434
 9649.887   0.992792
 9649.904   0.992789
 9649.921   0.992444
 9649.939   0.991691
 9649.956   0.990415
 9649.973   0.988482
 9649.990   0.985758
 9650.008   0.982121
 9650.025   0.977435
 9650.042   0.971511
 9650.059   0.964105
 9650.077   0.954956
 9650.094   0.943901
 9650.111   0.930997
 9650.128   0.916621
 9650.146   0.901518
 9650.163   0.886721
 9650.180   0.873475
 9650.197   0.863035
 9650.215   0.856524
 9650.232   0.854726
 9650.249   0.857961
 9650.266   0.865932
 9650.284   0.877765
 9650.301   0.892116
 9650.318   0.907476
 9650.335   0.922483
 9650.353   0.936137
 9650.370   0.947960
 9650.387   0.957904
 9650.405   0.966132
 9650.422   0.972895
 9650.439   0.978378
 9650.456   0.982725
 9650.474   0.986036
 9650.491   0.988429
 9650.508   0.990087
 9650.525   0.991174
 9650.543   0.991875
 9650.560   0.992289
 9650.577   0.992475
 9650.594   0.992406
 9650.612   0.991998
 9650.629   0.991106
 9650.646   0.989485
 9650.663   0.986793
 9650.681   0.982588
 9650.698   0.976438
 9650.715   0.968059
 9650.732   0.957504
 9650.750   0.945256
 9650.767   0.932241
 9650.784   0.919665
 9650.801   0.908903
 9650.819   0.901228
 9650.836   0.897635
 9650.853   0.898654
 9650.870   0.904280
 9650.888   0.913879
 9650.905   0.926336
 9650.922   0.940300
 9650.939   0.954407
 9650.957   0.967494
 9650.974   0.978720
 9650.991   0.987659
 9651.008   0.994216
 9651.026   0.998533
 9651.043   1.000883
 9651.060   1.001562
 9651.077   1.000870
 9651.095   0.999087
 9651.112   0.996568
 9651.129   0.993660
 9651.146   0.990736
 9651.164   0.988066
 9651.181   0.985822
 9651.198   0.984113
 9651.215   0.982991
 9651.233   0.982605
 9651.250   0.983082
 9651.267   0.984578
 9651.284   0.987096
 9651.302   0.990483
 9651.319   0.994488
 9651.336   0.998752
 9651.353   1.003033
 9651.371   1.007088
 9651.388   1.010802
 9651.405   1.014002
 9651.422   1.016479
 9651.440   1.018065
 9651.457   1.018644
 9651.474   1.018363
 9651.491   1.017462
 9651.509   1.016276
 9651.526   1.014974
 9651.543   1.013548
 9651.560   1.011819
 9651.578   1.009562
 9651.595   1.006641
 9651.612   1.003033
 9651.630   0.998781
 9651.647   0.993883
 9651.664   0.988168
 9651.681   0.981268
 9651.699   0.972589
 9651.716   0.961389
 9651.733   0.946846
 9651.750   0.928162
 9651.768   0.904717
 9651.785   0.876194
 9651.802   0.842780
 9651.819   0.805133
 9651.837   0.764602
 9651.854   0.723387
 9651.871   0.684557
 9651.888   0.651731
 9651.906   0.628615
 9651.923   0.618025
 9651.940   0.621230
 9651.957   0.637574
 9651.975   0.664771
 9651.992   0.699459
 9652.009   0.737790
 9652.026   0.776222
 9652.044   0.811951
 9652.061   0.843154
 9652.078   0.868940
 9652.095   0.889174
 9652.113   0.904188
 9652.130   0.914524
 9652.147   0.920867
 9652.164   0.924027
 9652.182   0.924937
 9652.199   0.924580
 9652.216   0.923889
 9652.233   0.923581
 9652.251   0.924056
 9652.268   0.925405
 9652.285   0.927531
 9652.302   0.930322
 9652.320   0.933802
 9652.337   0.938071
 9652.354   0.943199
 9652.371   0.949042
 9652.389   0.955171
 9652.406   0.960895
 9652.423   0.965437
 9652.440   0.968163
 9652.458   0.968729
 9652.475   0.967107
 9652.492   0.963516
 9652.509   0.958209
 9652.527   0.951282
 9652.544   0.942585
 9652.561   0.931722
 9652.578   0.918156
 9652.596   0.901256
 9652.613   0.880426
 9652.630   0.855094
 9652.647   0.824798
 9652.665   0.789207
 9652.682   0.748203
 9652.699   0.702069
 9652.716   0.651622
 9652.734   0.598628
 9652.751   0.545658
 9652.768   0.496048
 9652.785   0.453432
 9652.803   0.421378
 9652.820   0.402835
 9652.837   0.399738
 9652.855   0.412550
 9652.872   0.440175
 9652.889   0.479904
 9652.906   0.528039
 9652.924   0.580619
 9652.941   0.634006
 9652.958   0.685181
 9652.975   0.732049
 9652.993   0.773494
 9653.010   0.809322
 9653.027   0.839876
 9653.044   0.865899
 9653.062   0.888185
 9653.079   0.907355
 9653.096   0.923847
 9653.113   0.937995
 9653.131   0.950094
 9653.148   0.960380
 9653.165   0.969076
 9653.182   0.976300
 9653.200   0.982173
 9653.217   0.986765
 9653.234   0.990224
 9653.251   0.992737
 9653.269   0.994495
 9653.286   0.995582
 9653.303   0.995901
 9653.320   0.995227
 9653.338   0.993264
 9653.355   0.989820
 9653.372   0.984799
 9653.389   0.978211
 9653.407   0.970074
 9653.424   0.960450
 9653.441   0.949565
 9653.458   0.937945
 9653.476   0.926499
 9653.493   0.916317
 9653.510   0.908521
 9653.527   0.903955
 9653.545   0.903129
 9653.562   0.906203
 9653.579   0.912956
 9653.596   0.922818
 9653.614   0.934876
 9653.631   0.947988
 9653.648   0.960964
 9653.665   0.972772
 9653.683   0.982777
 9653.700   0.990772
 9653.717   0.996941
 9653.734   1.001688
 9653.752   1.005447
 9653.769   1.008527
 9653.786   1.011084
 9653.803   1.013190
 9653.821   1.014898
 9653.838   1.016305
 9653.855   1.017480
 9653.872   1.018420
 9653.890   1.019062
 9653.907   1.019299
 9653.924   1.019071
 9653.941   1.018361
 9653.959   1.017168
 9653.976   1.015481
 9653.993   1.013215
 9654.010   1.010293
 9654.028   1.006600
 9654.045   1.002055
 9654.062   0.996563
 9654.080   0.989996
 9654.097   0.982217
 9654.114   0.973092
 9654.131   0.962596
 9654.149   0.950867
 9654.166   0.938253
 9654.183   0.925336
 9654.200   0.912905
 9654.218   0.901820
 9654.235   0.892913
 9654.252   0.886769
 9654.269   0.883671
 9654.287   0.883415
 9654.304   0.885304
 9654.321   0.888194
 9654.338   0.890601
 9654.356   0.891054
 9654.373   0.888347
 9654.390   0.881798
 9654.407   0.871190
 9654.425   0.856682
 9654.442   0.838531
 9654.459   0.816879
 9654.476   0.791667
 9654.494   0.762639
 9654.511   0.729510
 9654.528   0.692136
 9654.545   0.650977
 9654.563   0.607294
 9654.580   0.563461
 9654.597   0.522701
 9654.614   0.488676
 9654.632   0.464781
 9654.649   0.453608
 9654.666   0.456572
 9654.683   0.473696
 9654.701   0.503634
 9654.718   0.543884
 9654.735   0.590986
 9654.752   0.641110
 9654.770   0.690764
 9654.787   0.737312
 9654.804   0.779214
 9654.821   0.815940
 9654.839   0.847625
 9654.856   0.874660
 9654.873   0.897417
 9654.890   0.916197
 9654.908   0.931270
 9654.925   0.943018
 9654.942   0.951975
 9654.959   0.958693
 9654.977   0.963748
 9654.994   0.967574
 9655.011   0.970565
 9655.028   0.973017
 9655.046   0.975189
 9655.063   0.977313
 9655.080   0.979532
 9655.097   0.981939
 9655.115   0.984503
 9655.132   0.987164
 9655.149   0.989823
 9655.166   0.992428
 9655.184   0.994996
 9655.201   0.997607
 9655.218   1.000320
 9655.235   1.003131
 9655.253   1.005905
 9655.270   1.008427
 9655.287   1.010475
 9655.305   1.011897
 9655.322   1.012711
 9655.339   1.013051
 9655.356   1.013149
 9655.374   1.013159
 9655.391   1.013148
 9655.408   1.013045
 9655.425   1.012755
 9655.443   1.012244
 9655.460   1.011548
 9655.477   1.010775
 9655.494   1.009969
 9655.512   1.009105
 9655.529   1.008066
 9655.546   1.006730
 9655.563   1.005039
 9655.581   1.002986
 9655.598   1.000565
 9655.615   0.997653
 9655.632   0.993999
 9655.650   0.989245
 9655.667   0.983017
 9655.684   0.974983
 9655.701   0.964930
 9655.719   0.952751
 9655.736   0.938492
 9655.753   0.922401
 9655.770   0.905051
 9655.788   0.887415
 9655.805   0.870849
 9655.822   0.856890
 9655.839   0.847034
 9655.857   0.842445
 9655.874   0.843601
 9655.891   0.850096
 9655.908   0.860616
 9655.926   0.873264
 9655.943   0.885892
 9655.960   0.896645
 9655.977   0.904212
 9655.995   0.907883
 9656.012   0.907363
 9656.029   0.902449
 9656.046   0.892907
 9656.064   0.878421
 9656.081   0.858977
 9656.098   0.835155
 9656.115   0.808415
 9656.133   0.781099
 9656.150   0.756135
 9656.167   0.736571
 9656.184   0.724967
 9656.202   0.723025
 9656.219   0.731139
 9656.236   0.748395
 9656.253   0.772726
 9656.271   0.801388
 9656.288   0.831538
 9656.305   0.860773
 9656.322   0.887399
 9656.340   0.910513
 9656.357   0.929854
 9656.374   0.945671
 9656.391   0.958405
 9656.409   0.968478
 9656.426   0.976256
 9656.443   0.982089
 9656.460   0.986371
 9656.478   0.989509
 9656.495   0.991865
 9656.512   0.993704
 9656.530   0.995150
 9656.547   0.996176
 9656.564   0.996696
 9656.581   0.996646
 9656.599   0.996035
 9656.616   0.994980
 9656.633   0.993638
 9656.650   0.992172
 9656.668   0.990691
 9656.685   0.989226
 9656.702   0.987798
 9656.719   0.986393
 9656.737   0.985023
 9656.754   0.983690
 9656.771   0.982375
 9656.788   0.981059
 9656.806   0.979681
 9656.823   0.978186
 9656.840   0.976532
 9656.857   0.974703
 9656.875   0.972727
 9656.892   0.970581
 9656.909   0.968145
 9656.926   0.965166
 9656.944   0.961298
 9656.961   0.956258
 9656.978   0.949892
 9656.995   0.942234
 9657.013   0.933311
 9657.030   0.923052
 9657.047   0.911167
 9657.064   0.897136
 9657.082   0.880379
 9657.099   0.860362
 9657.116   0.836704
 9657.133   0.809092
 9657.151   0.777286
 9657.168   0.741022
 9657.185   0.700240
 9657.202   0.655355
 9657.220   0.607445
 9657.237   0.558314
 9657.254   0.510490
 9657.271   0.466940
 9657.289   0.430813
 9657.306   0.405009
 9657.323   0.391847
 9657.340   0.392569
 9657.358   0.407115
 9657.375   0.434072
 9657.392   0.471062
 9657.409   0.515091
 9657.427   0.563082
 9657.444   0.612177
 9657.461   0.660071
 9657.478   0.705119
 9657.496   0.746185
 9657.513   0.782653
 9657.530   0.814280
 9657.547   0.841171
 9657.565   0.863773
 9657.582   0.882729
 9657.599   0.898745
 9657.616   0.912388
 9657.634   0.924071
 9657.651   0.934017
 9657.668   0.942402
 9657.685   0.949466
 9657.703   0.955503
 9657.720   0.960809
 9657.737   0.965561
 9657.755   0.969777
 9657.772   0.973360
 9657.789   0.976196
 9657.806   0.978271
 9657.824   0.979744
 9657.841   0.980883
 9657.858   0.982022
 9657.875   0.983363
 9657.893   0.984991
 9657.910   0.986786
 9657.927   0.988505
 9657.944   0.989853
 9657.962   0.990533
 9657.979   0.990357
 9657.996   0.989253
 9658.013   0.987291
 9658.031   0.984605
 9658.048   0.981390
 9658.065   0.977835
 9658.082   0.974183
 9658.100   0.970728
 9658.117   0.967826
 9658.134   0.965845
 9658.151   0.965060
 9658.169   0.965558
 9658.186   0.967189
 9658.203   0.969636
 9658.220   0.972504
 9658.238   0.975465
 9658.255   0.978313
 9658.272   0.980957
 9658.289   0.983351
 9658.307   0.985486
 9658.324   0.987353
 9658.341   0.989036
 9658.358   0.990644
 9658.376   0.992340
 9658.393   0.994196
 9658.410   0.996156
 9658.427   0.998063
 9658.445   0.999698
 9658.462   1.001017
 9658.479   1.002078
 9658.496   1.003084
 9658.514   1.004150
 9658.531   1.005223
 9658.548   1.006153
 9658.565   1.006737
 9658.583   1.006989
 9658.600   1.007043
 9658.617   1.007112
 9658.634   1.007336
 9658.652   1.007661
 9658.669   1.007971
 9658.686   1.008111
 9658.703   1.008019
 9658.721   1.007738
 9658.738   1.007333
 9658.755   1.006908
 9658.772   1.006466
 9658.790   1.005987
 9658.807   1.005460
 9658.824   1.004907
 9658.841   1.004464
 9658.859   1.004221
 9658.876   1.004210
 9658.893   1.004308
 9658.911   1.004278
 9658.928   1.003938
 9658.945   1.003111
 9658.962   1.001795
 9658.980   0.999992
 9658.997   0.997778
 9659.014   0.995287
 9659.031   0.992643
 9659.049   0.990070
 9659.066   0.987662
 9659.083   0.985531
 9659.100   0.983697
 9659.118   0.982238
 9659.135   0.981240
 9659.152   0.980725
 9659.169   0.980593
 9659.187   0.980499
 9659.204   0.980057
 9659.221   0.978953
 9659.238   0.977146
 9659.256   0.974840
 9659.273   0.972305
 9659.290   0.969722
 9659.307   0.967045
 9659.325   0.964082
 9659.342   0.960644
 9659.359   0.956565
 9659.376   0.951781
 9659.394   0.946214
 9659.411   0.939782
 9659.428   0.932369
 9659.445   0.923734
 9659.463   0.913498
 9659.480   0.901114
 9659.497   0.885902
 9659.514   0.867185
 9659.532   0.844348
 9659.549   0.816935
 9659.566   0.784700
 9659.583   0.747688
 9659.601   0.706326
 9659.618   0.661632
 9659.635   0.615461
 9659.652   0.570430
 9659.670   0.529774
 9659.687   0.497009
 9659.704   0.475426
 9659.721   0.467349
 9659.739   0.473854
 9659.756   0.494475
 9659.773   0.527402
 9659.790   0.569757
 9659.808   0.618008
 9659.825   0.668463
 9659.842   0.717891
 9659.859   0.763862
 9659.877   0.804915
 9659.894   0.840429
 9659.911   0.870502
 9659.928   0.895621
 9659.946   0.916463
 9659.963   0.933707
 9659.980   0.947990
 9659.997   0.959899
 9660.015   0.969896
 9660.032   0.978312
 9660.049   0.985377
 9660.066   0.991319
 9660.084   0.996372
 9660.101   1.000737
 9660.118   1.004579
 9660.136   1.007954
 9660.153   1.010862
 9660.170   1.013293
 9660.187   1.015262
 9660.205   1.016868
 9660.222   1.018200
 9660.239   1.019324
 9660.256   1.020239
 9660.274   1.020885
 9660.291   1.021216
 9660.308   1.021186
 9660.325   1.020828
 9660.343   1.020132
 9660.360   1.019042
 9660.377   1.017421
 9660.394   1.015079
 9660.412   1.011901
 9660.429   1.007867
 9660.446   1.003087
 9660.463   0.997693
 9660.481   0.991751
 9660.498   0.985169
 9660.515   0.977713
 9660.532   0.969112
 9660.550   0.959022
 9660.567   0.947117
 9660.584   0.932988
 9660.601   0.916156
 9660.619   0.896010
 9660.636   0.871878
 9660.653   0.843117
 9660.670   0.809172
 9660.688   0.769743
 9660.705   0.724759
 9660.722   0.674572
 9660.739   0.620028
 9660.757   0.562493
 9660.774   0.503906
 9660.791   0.446971
 9660.808   0.394920
 9660.826   0.351080
 9660.843   0.318491
 9660.860   0.299536
 9660.877   0.295559
 9660.895   0.306761
 9660.912   0.332122
 9660.929   0.369662
 9660.946   0.416708
 9660.964   0.470165
 9660.981   0.526825
 9660.998   0.583689
 9661.015   0.638274
 9661.033   0.688915
 9661.050   0.734807
 9661.067   0.775905
 9661.084   0.812474
 9661.102   0.844952
 9661.119   0.873766
 9661.136   0.899201
 9661.153   0.921500
 9661.171   0.940915
 9661.188   0.957717
 9661.205   0.972167
 9661.222   0.984505
 9661.240   0.994959
 9661.257   1.003724
 9661.274   1.010972
 9661.291   1.016881
 9661.309   1.021584
 9661.326   1.025199
 9661.343   1.027856
 9661.361   1.029692
 9661.378   1.030914
 9661.395   1.031676
 9661.412   1.031998
 9661.430   1.031732
 9661.447   1.030538
 9661.464   1.028067
 9661.481   1.023994
 9661.499   1.018094
 9661.516   1.010137
 9661.533   0.999841
 9661.550   0.986904
 9661.568   0.971168
 9661.585   0.952791
 9661.602   0.932327
 9661.619   0.910721
 9661.637   0.889202
 9661.654   0.869158
 9661.671   0.851980
 9661.688   0.839046
 9661.706   0.831457
 9661.723   0.829682
 9661.740   0.833353
 9661.757   0.841120
 9661.775   0.850997
 9661.792   0.860739
 9661.809   0.868562
 9661.826   0.873372
 9661.844   0.874882
 9661.861   0.873280
 9661.878   0.868855
 9661.895   0.861771
 9661.913   0.851992
 9661.930   0.839440
 9661.947   0.824014
 9661.964   0.805613
 9661.982   0.784020
 9661.999   0.758806
 9662.016   0.729460
 9662.033   0.695582
 9662.051   0.657035
 9662.068   0.613986
 9662.085   0.566946
 9662.102   0.516637
 9662.120   0.463896
 9662.137   0.409640
 9662.154   0.354846
 9662.171   0.300814
 9662.189   0.249220
 9662.206   0.201754
 9662.223   0.159957
 9662.240   0.125074
 9662.258   0.098003
 9662.275   0.079169
 9662.292   0.068678
 9662.309   0.066395
 9662.327   0.072068
 9662.344   0.085478
 9662.361   0.106466
 9662.378   0.134869
 9662.396   0.170357
 9662.413   0.212355
 9662.430   0.259951
 9662.447   0.311915
 9662.465   0.366784
 9662.482   0.422950
 9662.499   0.478912
 9662.516   0.533399
 9662.534   0.585449
 9662.551   0.634369
 9662.568   0.679591
 9662.586   0.720641
 9662.603   0.757248
 9662.620   0.789600
 9662.637   0.818123
 9662.655   0.843453
 9662.672   0.866132
 9662.689   0.886470
 9662.706   0.904490
 9662.724   0.919923
 9662.741   0.932553
 9662.758   0.942248
 9662.775   0.949077
 9662.793   0.953090
 9662.810   0.954277
 9662.827   0.952500
 9662.844   0.947488
 9662.862   0.939028
 9662.879   0.927130
 9662.896   0.912251
 9662.913   0.895366
 9662.931   0.877886
 9662.948   0.861489
 9662.965   0.847757
 9662.982   0.837945
 9663.000   0.832799
 9663.017   0.832377
 9663.034   0.835872
 9663.051   0.841553
 9663.069   0.846959
 9663.086   0.849331
 9663.103   0.846159
 9663.120   0.835674
 9663.138   0.817238
 9663.155   0.791489
 9663.172   0.760276
 9663.189   0.726428
 9663.207   0.693348
 9663.224   0.664706
 9663.241   0.644035
 9663.258   0.634267
 9663.276   0.637264
 9663.293   0.653344
 9663.310   0.681271
 9663.327   0.718480
 9663.345   0.761514
 9663.362   0.806571
 9663.379   0.850273
 9663.396   0.890065
 9663.414   0.924496
 9663.431   0.953066
 9663.448   0.976105
 9663.465   0.994301
 9663.483   1.008380
 9663.500   1.018995
 9663.517   1.026704
 9663.534   1.032143
 9663.552   1.035849
 9663.569   1.038316
 9663.586   1.039860
 9663.603   1.040623
 9663.621   1.040702
 9663.638   1.040152
 9663.655   1.039142
 9663.672   1.037800
 9663.690   1.036064
 9663.707   1.033676
 9663.724   1.030111
 9663.741   1.024905
 9663.759   1.017654
 9663.776   1.008098
 9663.793   0.996039
 9663.811   0.981249
 9663.828   0.963701
 9663.845   0.943813
 9663.862   0.922598
 9663.880   0.901753
 9663.897   0.883188
 9663.914   0.868675
 9663.931   0.859401
 9663.949   0.855883
 9663.966   0.858106
 9663.983   0.865571
 9664.000   0.877453
 9664.018   0.892570
 9664.035   0.909493
 9664.052   0.926663
 9664.069   0.942728
 9664.087   0.956778
 9664.104   0.968335
 9664.121   0.977296
 9664.138   0.983788
 9664.156   0.988078
 9664.173   0.990389
 9664.190   0.990908
 9664.207   0.989703
 9664.225   0.986804
 9664.242   0.982185
 9664.259   0.975855
 9664.276   0.967837
 9664.294   0.958118
 9664.311   0.946595
 9664.328   0.933015
 9664.345   0.917009
 9664.363   0.898089
 9664.380   0.875746
 9664.397   0.849439
 9664.414   0.818647
 9664.432   0.782921
 9664.449   0.741910
 9664.466   0.695505
 9664.483   0.643898
 9664.501   0.587793
 9664.518   0.528588
 9664.535   0.468411
 9664.552   0.410042
 9664.570   0.356586
 9664.587   0.311272
 9664.604   0.276978
 9664.621   0.255938
 9664.639   0.249491
 9664.656   0.258032
 9664.673   0.280949
 9664.690   0.316688
 9664.708   0.362890
 9664.725   0.416585
 9664.742   0.474453
 9664.759   0.533181
 9664.777   0.589978
 9664.794   0.642794
 9664.811   0.690343
 9664.828   0.731962
 9664.846   0.767536
 9664.863   0.797164
 9664.880   0.821017
 9664.897   0.839330
 9664.915   0.852472
 9664.932   0.861045
 9664.949   0.865777
 9664.966   0.867566
 9664.984   0.867431
 9665.001   0.866468
 9665.018   0.865833
 9665.036   0.866644
 9665.053   0.869794
 9665.070   0.875802
 9665.087   0.884668
 9665.105   0.895936
 9665.122   0.908876
 9665.139   0.922613
 9665.156   0.936363
 9665.174   0.949416
 9665.191   0.961214
 9665.208   0.971412
 9665.225   0.979809
 9665.243   0.986495
 9665.260   0.991680
 9665.277   0.995712
 9665.294   0.998958
 9665.312   1.001686
 9665.329   1.004147
 9665.346   1.006447
 9665.363   1.008668
 9665.381   1.010809
 9665.398   1.012741
 9665.415   1.014330
 9665.432   1.015323
 9665.450   1.015649
 9665.467   1.015332
 9665.484   1.014632
 9665.501   1.013895
 9665.519   1.013363
 9665.536   1.013165
 9665.553   1.013198
 9665.570   1.013348
 9665.588   1.013513
 9665.605   1.013665
 9665.622   1.013783
 9665.639   1.013779
 9665.657   1.013571
 9665.674   1.013133
 9665.691   1.012599
 9665.708   1.012201
 9665.726   1.012138
 9665.743   1.012438
 9665.760   1.012928
 9665.777   1.013355
 9665.795   1.013514
 9665.812   1.013365
 9665.829   1.012962
 9665.846   1.012412
 9665.864   1.011734
 9665.881   1.010846
 9665.898   1.009557
 9665.915   1.007600
 9665.933   1.004708
 9665.950   1.000678
 9665.967   0.995513
 9665.984   0.989469
 9666.002   0.982957
 9666.019   0.976453
 9666.036   0.970282
 9666.053   0.964740
 9666.071   0.960127
 9666.088   0.956890
 9666.105   0.955572
 9666.122   0.956509
 9666.140   0.959658
 9666.157   0.964389
 9666.174   0.969794
 9666.191   0.974957
 9666.209   0.979247
 9666.226   0.982364
 9666.243   0.984188
 9666.261   0.984632
 9666.278   0.983491
 9666.295   0.980398
 9666.312   0.974897
 9666.330   0.966494
 9666.347   0.954820
 9666.364   0.939828
 9666.381   0.921829
 9666.399   0.901617
 9666.416   0.880322
 9666.433   0.859374
 9666.450   0.840369
 9666.468   0.824859
 9666.485   0.814176
 9666.502   0.809040
 9666.519   0.809384
 9666.537   0.814266
 9666.554   0.822036
 9666.571   0.830699
 9666.588   0.838213
 9666.606   0.842965
 9666.623   0.843995
 9666.640   0.841315
 9666.657   0.835942
 9666.675   0.829691
 9666.692   0.824711
 9666.709   0.822774
 9666.726   0.824725
 9666.744   0.830223
 9666.761   0.837894
 9666.778   0.845876
 9666.795   0.852318
 9666.813   0.855711
 9666.830   0.855026
 9666.847   0.849624
 9666.864   0.839074
 9666.882   0.823026
 9666.899   0.801152
 9666.916   0.773368
 9666.933   0.740115
 9666.951   0.702745
 9666.968   0.663704
 9666.985   0.626351
 9667.002   0.594614
 9667.020   0.572353
 9667.037   0.562544
 9667.054   0.566568
 9667.071   0.583454
 9667.089   0.610027
 9667.106   0.641265
 9667.123   0.671387
 9667.140   0.695106
 9667.158   0.708563
 9667.175   0.710182
 9667.192   0.700624
 9667.209   0.682475
 9667.227   0.659397
 9667.244   0.635474
 9667.261   0.614682
 9667.278   0.600595
 9667.296   0.596101
 9667.313   0.603041
 9667.330   0.622065
 9667.347   0.652196
 9667.365   0.690954
 9667.382   0.734629
 9667.399   0.779329
 9667.416   0.821650
 9667.434   0.859234
 9667.451   0.890995
 9667.468   0.916785
 9667.486   0.937216
 9667.503   0.953005
 9667.520   0.965081
 9667.537   0.974229
 9667.555   0.981158
 9667.572   0.986368
 9667.589   0.990180
 9667.606   0.992912
 9667.624   0.994813
 9667.641   0.996275
 9667.658   0.997540
 9667.675   0.998761
 9667.693   0.999809
 9667.710   1.000511
 9667.727   1.000770
 9667.744   1.000646
 9667.762   1.000409
 9667.779   1.000247
 9667.796   1.000238
 9667.813   1.000211
 9667.831   0.999930
 9667.848   0.999186
 9667.865   0.997980
 9667.882   0.996472
 9667.900   0.994799
 9667.917   0.992931
 9667.934   0.990481
 9667.951   0.986938
 9667.969   0.981828
 9667.986   0.975043
 9668.003   0.966799
 9668.020   0.957405
 9668.038   0.947033
 9668.055   0.935603
 9668.072   0.922964
 9668.089   0.909182
 9668.107   0.894713
 9668.124   0.880438
 9668.141   0.867399
 9668.158   0.856527
 9668.176   0.848424
 9668.193   0.843292
 9668.210   0.841053
 9668.227   0.841483
 9668.245   0.844427
 9668.262   0.849777
 9668.279   0.857456
 9668.296   0.867276
 9668.314   0.878823
 9668.331   0.891546
 9668.348   0.904781
