 9940.275   0.992240
 9940.293   0.991524
 9940.311   0.990726
 9940.329   0.990007
 9940.347   0.989529
 9940.366   0.989406
 9940.384   0.989631
 9940.402   0.990056
 9940.420   0.990434
 9940.439   0.990522
 9940.457   0.990220
 9940.475   0.989621
 9940.493   0.989029
 9940.511   0.988811
 9940.530   0.989243
 9940.548   0.990385
 9940.566   0.992055
 9940.584   0.993904
 9940.603   0.995530
 9940.621   0.996646
 9940.639   0.997098
 9940.657   0.996921
 9940.676   0.996254
 9940.694   0.995311
 9940.712   0.994311
 9940.730   0.993469
 9940.748   0.992912
 9940.767   0.992685
 9940.785   0.992728
 9940.803   0.992933
 9940.821   0.993173
 9940.840   0.993362
 9940.858   0.993480
 9940.876   0.993533
 9940.894   0.993556
 9940.913   0.993512
 9940.931   0.993362
 9940.949   0.992992
 9940.967   0.992366
 9940.985   0.991434
 9941.004   0.990264
 9941.022   0.988945
 9941.040   0.987675
 9941.058   0.986663
 9941.077   0.986122
 9941.095   0.986152
 9941.113   0.986696
 9941.131   0.987553
 9941.150   0.988440
 9941.168   0.989108
 9941.186   0.989426
 9941.204   0.989367
 9941.222   0.988982
 9941.241   0.988285
 9941.259   0.987242
 9941.277   0.985755
 9941.295   0.983768
 9941.314   0.981285
 9941.332   0.978438
 9941.350   0.975471
 9941.368   0.972685
 9941.387   0.970424
 9941.405   0.968995
 9941.423   0.968617
 9941.441   0.969389
 9941.459   0.971267
 9941.478   0.974071
 9941.496   0.977505
 9941.514   0.981183
 9941.532   0.984691
 9941.551   0.987655
 9941.569   0.989818
 9941.587   0.991103
 9941.605   0.991637
 9941.624   0.991718
 9941.642   0.991690
 9941.660   0.991846
 9941.678   0.992310
 9941.696   0.993062
 9941.715   0.993984
 9941.733   0.994963
 9941.751   0.995922
 9941.769   0.996820
 9941.788   0.997596
 9941.806   0.998135
 9941.824   0.998291
 9941.842   0.997977
 9941.861   0.997255
 9941.879   0.996364
 9941.897   0.995640
 9941.915   0.995386
 9941.933   0.995717
 9941.952   0.996525
 9941.970   0.997520
 9941.988   0.998352
 9942.006   0.998749
 9942.025   0.998628
 9942.043   0.998061
 9942.061   0.997236
 9942.079   0.996344
 9942.098   0.995528
 9942.116   0.994863
 9942.134   0.994375
 9942.152   0.994069
 9942.170   0.993959
 9942.189   0.994077
 9942.207   0.994449
 9942.225   0.995071
 9942.243   0.995859
 9942.262   0.996674
 9942.280   0.997314
 9942.298   0.997620
 9942.316   0.997503
 9942.335   0.997027
 9942.353   0.996329
 9942.371   0.995600
 9942.389   0.994988
 9942.407   0.994589
 9942.426   0.994428
 9942.444   0.994473
 9942.462   0.994673
 9942.480   0.994954
 9942.499   0.995264
 9942.517   0.995535
 9942.535   0.995722
 9942.553   0.995777
 9942.572   0.995674
 9942.590   0.995381
 9942.608   0.994896
 9942.626   0.994236
 9942.644   0.993463
 9942.663   0.992694
 9942.681   0.992055
 9942.699   0.991672
 9942.717   0.991596
 9942.736   0.991819
 9942.754   0.992264
 9942.772   0.992835
 9942.790   0.993461
 9942.808   0.994116
 9942.827   0.994812
 9942.845   0.995539
 9942.863   0.996267
 9942.881   0.996906
 9942.900   0.997356
 9942.918   0.997526
 9942.936   0.997368
 9942.954   0.996876
 9942.973   0.996090
 9942.991   0.995095
 9943.009   0.994008
 9943.027   0.992996
 9943.045   0.992231
 9943.064   0.991868
 9943.082   0.991982
 9943.100   0.992563
 9943.118   0.993489
 9943.137   0.994585
 9943.155   0.995637
 9943.173   0.996461
 9943.191   0.996933
 9943.210   0.997011
 9943.228   0.996754
 9943.246   0.996281
 9943.264   0.995763
 9943.282   0.995324
 9943.301   0.995060
 9943.319   0.995004
 9943.337   0.995182
 9943.355   0.995592
 9943.374   0.996200
 9943.392   0.996876
 9943.410   0.997412
 9943.428   0.997544
 9943.447   0.997100
 9943.465   0.996069
 9943.483   0.994700
 9943.501   0.993347
 9943.519   0.992368
 9943.538   0.991909
 9943.556   0.991888
 9943.574   0.992027
 9943.592   0.992010
 9943.611   0.991632
 9943.629   0.990883
 9943.647   0.989917
 9943.665   0.988960
 9943.684   0.988224
 9943.702   0.987826
 9943.720   0.987793
 9943.738   0.988081
 9943.756   0.988621
 9943.775   0.989341
 9943.793   0.990138
 9943.811   0.990864
 9943.829   0.991316
 9943.848   0.991332
 9943.866   0.990842
 9943.884   0.989972
 9943.902   0.989023
 9943.921   0.988372
 9943.939   0.988348
 9943.957   0.989050
 9943.975   0.990336
 9943.993   0.991773
 9944.012   0.992897
 9944.030   0.993294
 9944.048   0.992862
 9944.066   0.991772
 9944.085   0.990432
 9944.103   0.989301
 9944.121   0.988724
 9944.139   0.988863
 9944.158   0.989627
 9944.176   0.990776
 9944.194   0.991950
 9944.212   0.992850
 9944.230   0.993267
 9944.249   0.993176
 9944.267   0.992684
 9944.285   0.992003
 9944.303   0.991375
 9944.322   0.991003
 9944.340   0.990991
 9944.358   0.991314
 9944.376   0.991842
 9944.395   0.992378
 9944.413   0.992770
 9944.431   0.992953
 9944.449   0.992993
 9944.467   0.993044
 9944.486   0.993245
 9944.504   0.993645
 9944.522   0.994120
 9944.540   0.994463
 9944.559   0.994426
 9944.577   0.993870
 9944.595   0.992788
 9944.613   0.991330
 9944.632   0.989707
 9944.650   0.988112
 9944.668   0.986703
 9944.686   0.985572
 9944.704   0.984870
 9944.723   0.984732
 9944.741   0.985285
 9944.759   0.986481
 9944.777   0.988127
 9944.796   0.989854
 9944.814   0.991296
 9944.832   0.992220
 9944.850   0.992644
 9944.869   0.992792
 9944.887   0.992973
 9944.905   0.993393
 9944.923   0.994070
 9944.941   0.994834
 9944.960   0.995447
 9944.978   0.995733
 9944.996   0.995655
 9945.014   0.995282
 9945.033   0.994745
 9945.051   0.994154
 9945.069   0.993584
 9945.087   0.993091
 9945.105   0.992749
 9945.124   0.992626
 9945.142   0.992769
 9945.160   0.993142
 9945.178   0.993634
 9945.197   0.994074
 9945.215   0.994304
 9945.233   0.994253
 9945.251   0.993932
 9945.270   0.993446
 9945.288   0.992911
 9945.306   0.992452
 9945.324   0.992167
 9945.342   0.992126
 9945.361   0.992367
 9945.379   0.992856
 9945.397   0.993530
 9945.415   0.994240
 9945.434   0.994851
 9945.452   0.995203
 9945.470   0.995210
 9945.488   0.994853
 9945.507   0.994207
 9945.525   0.993391
 9945.543   0.992529
 9945.561   0.991715
 9945.579   0.990967
 9945.598   0.990264
 9945.616   0.989572
 9945.634   0.988900
 9945.652   0.988316
 9945.671   0.987905
 9945.689   0.987751
 9945.707   0.987856
 9945.725   0.988124
 9945.744   0.988367
 9945.762   0.988373
 9945.780   0.987973
 9945.798   0.987122
 9945.816   0.985932
 9945.835   0.984619
 9945.853   0.983476
 9945.871   0.982761
 9945.889   0.982668
 9945.908   0.983272
 9945.926   0.984522
 9945.944   0.986212
 9945.962   0.987991
 9945.981   0.989410
 9945.999   0.990041
 9946.017   0.989699
 9946.035   0.988487
 9946.053   0.986856
 9946.072   0.985379
 9946.090   0.984586
 9946.108   0.984700
 9946.126   0.985622
 9946.145   0.986970
 9946.163   0.988290
 9946.181   0.989244
 9946.199   0.989693
 9946.218   0.989744
 9946.236   0.989598
 9946.254   0.989492
 9946.272   0.989533
 9946.290   0.989755
 9946.309   0.990086
 9946.327   0.990471
 9946.345   0.990885
 9946.363   0.991341
 9946.382   0.991864
 9946.400   0.992431
 9946.418   0.992986
 9946.436   0.993442
 9946.455   0.993748
 9946.473   0.993889
 9946.491   0.993901
 9946.509   0.993829
 9946.527   0.993704
 9946.546   0.993504
 9946.564   0.993189
 9946.582   0.992699
 9946.600   0.992025
 9946.619   0.991196
 9946.637   0.990308
 9946.655   0.989493
 9946.673   0.988893
 9946.692   0.988627
 9946.710   0.988722
 9946.728   0.989167
 9946.746   0.989857
 9946.764   0.990693
 9946.783   0.991543
 9946.801   0.992316
 9946.819   0.992956
 9946.837   0.993461
 9946.856   0.993894
 9946.874   0.994320
 9946.892   0.994817
 9946.910   0.995383
 9946.929   0.995983
 9946.947   0.996502
 9946.965   0.996844
 9946.983   0.996934
 9947.001   0.996785
 9947.020   0.996469
 9947.038   0.996097
 9947.056   0.995781
 9947.074   0.995575
 9947.093   0.995494
 9947.111   0.995468
 9947.129   0.995430
 9947.147   0.995284
 9947.166   0.994983
 9947.184   0.994492
 9947.202   0.993839
 9947.220   0.993076
 9947.238   0.992275
 9947.257   0.991489
 9947.275   0.990738
 9947.293   0.989999
 9947.311   0.989263
 9947.330   0.988537
 9947.348   0.987888
 9947.366   0.987388
 9947.384   0.987116
 9947.402   0.987073
 9947.421   0.987211
 9947.439   0.987429
 9947.457   0.987640
 9947.475   0.987813
 9947.494   0.987960
 9947.512   0.988140
 9947.530   0.988408
 9947.548   0.988815
 9947.567   0.989370
 9947.585   0.990073
 9947.603   0.990878
 9947.621   0.991725
 9947.639   0.992514
 9947.658   0.993140
 9947.676   0.993510
 9947.694   0.993591
 9947.712   0.993406
 9947.731   0.993032
 9947.749   0.992588
 9947.767   0.992199
 9947.785   0.991997
 9947.804   0.992065
 9947.822   0.992453
 9947.840   0.993128
 9947.858   0.994000
 9947.876   0.994907
 9947.895   0.995691
 9947.913   0.996198
 9947.931   0.996368
 9947.949   0.996214
 9947.968   0.995835
 9947.986   0.995341
 9948.004   0.994836
 9948.022   0.994397
 9948.041   0.994072
 9948.059   0.993902
 9948.077   0.993897
 9948.095   0.994046
 9948.113   0.994280
 9948.132   0.994507
 9948.150   0.994649
 9948.168   0.994709
 9948.186   0.994762
 9948.205   0.994899
 9948.223   0.995190
 9948.241   0.995612
 9948.259   0.996086
 9948.278   0.996494
 9948.296   0.996789
 9948.314   0.996988
 9948.332   0.997172
 9948.350   0.997401
 9948.369   0.997674
 9948.387   0.997900
 9948.405   0.997955
 9948.423   0.997754
 9948.442   0.997296
 9948.460   0.996687
 9948.478   0.996075
 9948.496   0.995616
 9948.515   0.995346
 9948.533   0.995228
 9948.551   0.995088
 9948.569   0.994794
 9948.587   0.994263
 9948.606   0.993576
 9948.624   0.992899
 9948.642   0.992435
 9948.660   0.992316
 9948.679   0.992530
 9948.697   0.992944
 9948.715   0.993321
 9948.733   0.993467
 9948.752   0.993271
 9948.770   0.992810
 9948.788   0.992257
 9948.806   0.991859
 9948.824   0.991790
 9948.843   0.992102
 9948.861   0.992714
 9948.879   0.993463
 9948.897   0.994185
 9948.916   0.994761
 9948.934   0.995170
 9948.952   0.995459
 9948.970   0.995728
 9948.989   0.996064
 9949.007   0.996517
 9949.025   0.997070
 9949.043   0.997659
 9949.061   0.998187
 9949.080   0.998552
 9949.098   0.998690
 9949.116   0.998591
 9949.134   0.998338
 9949.153   0.998051
 9949.171   0.997861
 9949.189   0.997848
 9949.207   0.998008
 9949.226   0.998276
 9949.244   0.998549
 9949.262   0.998765
 9949.280   0.998888
 9949.298   0.998920
 9949.317   0.998856
 9949.335   0.998669
 9949.353   0.998318
 9949.371   0.997787
 9949.390   0.997144
 9949.408   0.996532
 9949.426   0.996132
 9949.444   0.996079
 9949.463   0.996406
 9949.481   0.997002
 9949.499   0.997664
 9949.517   0.998142
 9949.535   0.998248
 9949.554   0.997865
 9949.572   0.997016
 9949.590   0.995811
 9949.608   0.994447
 9949.627   0.993152
 9949.645   0.992149
 9949.663   0.991621
 9949.681   0.991664
 9949.699   0.992261
 9949.718   0.993264
 9949.736   0.994456
 9949.754   0.995599
 9949.772   0.996506
 9949.791   0.997062
 9949.809   0.997248
 9949.827   0.997100
 9949.845   0.996698
 9949.864   0.996133
 9949.882   0.995511
 9949.900   0.994920
 9949.918   0.994441
 9949.936   0.994109
 9949.955   0.993915
 9949.973   0.993780
 9949.991   0.993610
 9950.009   0.993326
 9950.028   0.992933
 9950.046   0.992530
 9950.064   0.992262
 9950.082   0.992252
 9950.101   0.992500
 9950.119   0.992903
 9950.137   0.993267
 9950.155   0.993445
 9950.173   0.993373
 9950.192   0.993149
 9950.210   0.992933
 9950.228   0.992894
 9950.246   0.993103
 9950.265   0.993531
 9950.283   0.994086
 9950.301   0.994649
 9950.319   0.995136
 9950.338   0.995467
 9950.356   0.995608
 9950.374   0.995530
 9950.392   0.995240
 9950.410   0.994771
 9950.429   0.994194
 9950.447   0.993605
 9950.465   0.993051
 9950.483   0.992488
 9950.502   0.991725
 9950.520   0.990517
 9950.538   0.988660
 9950.556   0.986115
 9950.575   0.983106
 9950.593   0.980058
 9950.611   0.977539
 9950.629   0.975995
 9950.647   0.975676
 9950.666   0.976502
 9950.684   0.978181
 9950.702   0.980280
 9950.720   0.982398
 9950.739   0.984247
 9950.757   0.985710
 9950.775   0.986840
 9950.793   0.987783
 9950.812   0.988718
 9950.830   0.989734
 9950.848   0.990825
 9950.866   0.991862
 9950.884   0.992710
 9950.903   0.993257
 9950.921   0.993499
 9950.939   0.993507
 9950.957   0.993389
 9950.976   0.993231
 9950.994   0.993048
 9951.012   0.992805
 9951.030   0.992430
 9951.049   0.991918
 9951.067   0.991313
 9951.085   0.990734
 9951.103   0.990300
 9951.121   0.990094
 9951.140   0.990116
 9951.158   0.990308
 9951.176   0.990603
 9951.194   0.990956
 9951.213   0.991381
 9951.231   0.991915
 9951.249   0.992607
 9951.267   0.993453
 9951.286   0.994423
 9951.304   0.995411
 9951.322   0.996307
 9951.340   0.996968
 9951.358   0.997306
 9951.377   0.997257
 9951.395   0.996818
 9951.413   0.996043
 9951.431   0.995032
 9951.450   0.993931
 9951.468   0.992887
 9951.486   0.992035
 9951.504   0.991467
 9951.523   0.991234
 9951.541   0.991353
 9951.559   0.991804
 9951.577   0.992551
 9951.595   0.993515
 9951.614   0.994597
 9951.632   0.995670
 9951.650   0.996623
 9951.668   0.997349
 9951.687   0.997784
 9951.705   0.997905
 9951.723   0.997724
 9951.741   0.997329
 9951.760   0.996829
 9951.778   0.996380
 9951.796   0.996079
 9951.814   0.995988
 9951.832   0.996043
 9951.851   0.996129
 9951.869   0.996088
 9951.887   0.995784
 9951.905   0.995141
 9951.924   0.994133
 9951.942   0.992808
 9951.960   0.991297
 9951.978   0.989815
 9951.996   0.988635
 9952.015   0.987986
 9952.033   0.987972
 9952.051   0.988505
 9952.069   0.989351
 9952.088   0.990223
 9952.106   0.990892
 9952.124   0.991292
 9952.142   0.991508
 9952.161   0.991733
 9952.179   0.992147
 9952.197   0.992850
 9952.215   0.993783
 9952.233   0.994782
 9952.252   0.995611
 9952.270   0.996086
 9952.288   0.996141
 9952.306   0.995863
 9952.325   0.995446
 9952.343   0.995103
 9952.361   0.994977
 9952.379   0.995056
 9952.398   0.995237
 9952.416   0.995380
 9952.434   0.995403
 9952.452   0.995310
 9952.470   0.995162
 9952.489   0.995045
 9952.507   0.995014
 9952.525   0.995093
 9952.543   0.995252
 9952.562   0.995441
 9952.580   0.995582
 9952.598   0.995616
 9952.616   0.995507
 9952.635   0.995261
 9952.653   0.994931
 9952.671   0.994563
 9952.689   0.994198
 9952.707   0.993807
 9952.726   0.993348
 9952.744   0.992775
 9952.762   0.992118
 9952.780   0.991464
 9952.799   0.990977
 9952.817   0.990799
 9952.835   0.990986
 9952.853   0.991428
 9952.872   0.991910
 9952.890   0.992171
 9952.908   0.992053
 9952.926   0.991542
 9952.944   0.990776
 9952.963   0.989976
 9952.981   0.989343
 9952.999   0.989049
 9953.017   0.989161
 9953.036   0.989698
 9953.054   0.990574
 9953.072   0.991659
 9953.090   0.992758
 9953.109   0.993693
 9953.127   0.994336
 9953.145   0.994651
 9953.163   0.994697
 9953.181   0.994586
 9953.200   0.994453
 9953.218   0.994418
 9953.236   0.994565
 9953.254   0.994915
 9953.273   0.995437
 9953.291   0.996037
 9953.309   0.996602
 9953.327   0.996969
 9953.346   0.997024
 9953.364   0.996689
 9953.382   0.996011
 9953.400   0.995094
 9953.418   0.994117
 9953.437   0.993242
 9953.455   0.992578
 9953.473   0.992172
 9953.491   0.991974
 9953.510   0.991907
 9953.528   0.991872
 9953.546   0.991842
 9953.564   0.991858
 9953.583   0.992021
 9953.601   0.992439
 9953.619   0.993141
 9953.637   0.994053
 9953.655   0.994999
 9953.674   0.995772
 9953.692   0.996214
 9953.710   0.996267
 9953.728   0.995990
 9953.747   0.995482
 9953.765   0.994873
 9953.783   0.994262
 9953.801   0.993737
 9953.820   0.993378
 9953.838   0.993229
 9953.856   0.993306
 9953.874   0.993533
 9953.892   0.993787
 9953.911   0.993902
 9953.929   0.993754
 9953.947   0.993321
 9953.965   0.992693
 9953.984   0.992074
 9954.002   0.991667
 9954.020   0.991641
 9954.038   0.992012
 9954.057   0.992676
 9954.075   0.993440
 9954.093   0.994094
 9954.111   0.994489
 9954.129   0.994559
 9954.148   0.994351
 9954.166   0.993971
 9954.184   0.993545
 9954.202   0.993179
 9954.221   0.992920
 9954.239   0.992762
 9954.257   0.992639
 9954.275   0.992497
 9954.293   0.992299
 9954.312   0.992066
 9954.330   0.991843
 9954.348   0.991691
 9954.366   0.991629
 9954.385   0.991656
 9954.403   0.991731
 9954.421   0.991835
 9954.439   0.991992
 9954.458   0.992262
 9954.476   0.992731
 9954.494   0.993423
 9954.512   0.994304
 9954.530   0.995240
 9954.549   0.996095
 9954.567   0.996741
 9954.585   0.997137
 9954.603   0.997291
 9954.622   0.997232
 9954.640   0.996964
 9954.658   0.996473
 9954.676   0.995735
 9954.695   0.994774
 9954.713   0.993700
 9954.731   0.992679
 9954.749   0.991910
 9954.767   0.991508
 9954.786   0.991502
 9954.804   0.991760
 9954.822   0.992121
 9954.840   0.992405
 9954.859   0.992531
 9954.877   0.992488
 9954.895   0.992330
 9954.913   0.992144
 9954.932   0.992025
 9954.950   0.992116
 9954.968   0.992548
 9954.986   0.993415
 9955.004   0.994669
 9955.023   0.996069
 9955.041   0.997237
 9955.059   0.997767
 9955.077   0.997411
 9955.096   0.996204
 9955.114   0.994466
 9955.132   0.992690
 9955.150   0.991332
 9955.169   0.990676
 9955.187   0.990723
 9955.205   0.991272
 9955.223   0.992016
 9955.241   0.992661
 9955.260   0.993014
 9955.278   0.992985
 9955.296   0.992590
 9955.314   0.991924
 9955.333   0.991146
 9955.351   0.990442
 9955.369   0.989954
 9955.387   0.989712
 9955.406   0.989593
 9955.424   0.989354
 9955.442   0.988722
 9955.460   0.987506
 9955.478   0.985684
 9955.497   0.983406
 9955.515   0.980925
 9955.533   0.978522
 9955.551   0.976426
 9955.570   0.974797
 9955.588   0.973709
 9955.606   0.973190
 9955.624   0.973249
 9955.643   0.973906
 9955.661   0.975186
 9955.679   0.977084
 9955.697   0.979512
 9955.715   0.982290
 9955.734   0.985127
 9955.752   0.987717
 9955.770   0.989793
 9955.788   0.991235
 9955.807   0.992061
 9955.825   0.992397
 9955.843   0.992444
 9955.861   0.992433
 9955.880   0.992588
 9955.898   0.993085
 9955.916   0.993960
 9955.934   0.995111
 9955.952   0.996277
 9955.971   0.997187
 9955.989   0.997638
 9956.007   0.997602
 9956.025   0.997196
 9956.044   0.996616
 9956.062   0.996037
 9956.080   0.995549
 9956.098   0.995146
 9956.117   0.994805
 9956.135   0.994508
 9956.153   0.994287
 9956.171   0.994163
 9956.189   0.994150
 9956.208   0.994206
 9956.226   0.994286
 9956.244   0.994351
 9956.262   0.994416
 9956.281   0.994543
 9956.299   0.994793
 9956.317   0.995206
 9956.335   0.995732
 9956.354   0.996277
 9956.372   0.996718
 9956.390   0.996997
 9956.408   0.997124
 9956.426   0.997179
 9956.445   0.997267
 9956.463   0.997465
 9956.481   0.997822
 9956.499   0.998337
 9956.518   0.998992
 9956.536   0.999729
 9956.554   1.000462
 9956.572   1.001058
 9956.590   1.001367
 9956.609   1.001259
 9956.627   1.000687
 9956.645   0.999692
 9956.663   0.998411
 9956.682   0.996977
 9956.700   0.995494
 9956.718   0.994018
 9956.736   0.992582
 9956.755   0.991261
 9956.773   0.990130
 9956.791   0.989292
 9956.809   0.988755
 9956.827   0.988439
 9956.846   0.988159
 9956.864   0.987657
 9956.882   0.986729
 9956.900   0.985246
 9956.919   0.983269
 9956.937   0.980975
 9956.955   0.978676
 9956.973   0.976689
 9956.992   0.975303
 9957.010   0.974734
 9957.028   0.975115
 9957.046   0.976480
 9957.064   0.978733
 9957.083   0.981635
 9957.101   0.984812
 9957.119   0.987809
 9957.137   0.990226
 9957.156   0.991828
 9957.174   0.992623
 9957.192   0.992844
 9957.210   0.992805
 9957.229   0.992803
 9957.247   0.992938
 9957.265   0.993162
 9957.283   0.993261
 9957.301   0.993036
 9957.320   0.992380
 9957.338   0.991344
 9957.356   0.990136
 9957.374   0.988994
 9957.393   0.988161
 9957.411   0.987722
 9957.429   0.987666
 9957.447   0.987847
 9957.466   0.988085
 9957.484   0.988198
 9957.502   0.988058
 9957.520   0.987650
 9957.538   0.987034
 9957.557   0.986389
 9957.575   0.985899
 9957.593   0.985765
 9957.611   0.986081
 9957.630   0.986832
 9957.648   0.987870
 9957.666   0.988976
 9957.684   0.989942
 9957.703   0.990642
 9957.721   0.991097
 9957.739   0.991437
 9957.757   0.991829
 9957.775   0.992419
 9957.794   0.993230
 9957.812   0.994184
 9957.830   0.995113
 9957.848   0.995851
 9957.867   0.996275
 9957.885   0.996353
 9957.903   0.996146
 9957.921   0.995752
 9957.940   0.995289
 9957.958   0.994769
 9957.976   0.994157
 9957.994   0.993362
 9958.012   0.992375
 9958.031   0.991330
 9958.049   0.990480
 9958.067   0.990098
 9958.085   0.990306
 9958.104   0.991039
 9958.122   0.992037
 9958.140   0.993004
 9958.158   0.993707
 9958.177   0.994063
 9958.195   0.994120
 9958.213   0.993990
 9958.231   0.993778
 9958.249   0.993558
 9958.268   0.993366
 9958.286   0.993217
 9958.304   0.993124
 9958.322   0.993104
 9958.341   0.993199
 9958.359   0.993453
 9958.377   0.993906
 9958.395   0.994541
 9958.414   0.995263
 9958.432   0.995934
 9958.450   0.996390
 9958.468   0.996540
 9958.486   0.996349
 9958.505   0.995895
 9958.523   0.995278
 9958.541   0.994634
 9958.559   0.994035
 9958.578   0.993520
 9958.596   0.993070
 9958.614   0.992661
 9958.632   0.992326
 9958.651   0.992157
 9958.669   0.992270
 9958.687   0.992702
 9958.705   0.993342
 9958.723   0.993929
 9958.742   0.994162
 9958.760   0.993856
 9958.778   0.993064
 9958.796   0.992060
 9958.815   0.991235
 9958.833   0.990886
 9958.851   0.991141
 9958.869   0.991873
 9958.887   0.992868
 9958.906   0.993855
 9958.924   0.994632
 9958.942   0.995050
 9958.960   0.995024
 9958.979   0.994555
 9958.997   0.993704
 9959.015   0.992653
 9959.033   0.991590
 9959.052   0.990726
 9959.070   0.990180
 9959.088   0.990030
 9959.106   0.990282
 9959.124   0.990928
 9959.143   0.991893
 9959.161   0.993058
 9959.179   0.994225
 9959.197   0.995198
 9959.216   0.995836
 9959.234   0.996103
 9959.252   0.996065
 9959.270   0.995844
 9959.289   0.995561
 9959.307   0.995287
 9959.325   0.995057
 9959.343   0.994857
 9959.361   0.994684
 9959.380   0.994529
 9959.398   0.994406
 9959.416   0.994313
 9959.434   0.994257
 9959.453   0.994237
 9959.471   0.994247
 9959.489   0.994283
 9959.507   0.994346
 9959.526   0.994427
 9959.544   0.994509
 9959.562   0.994555
 9959.580   0.994531
 9959.598   0.994416
 9959.617   0.994219
 9959.635   0.993963
 9959.653   0.993680
 9959.671   0.993398
 9959.690   0.993120
 9959.708   0.992837
 9959.726   0.992530
 9959.744   0.992193
 9959.763   0.991825
 9959.781   0.991444
 9959.799   0.991069
 9959.817   0.990730
 9959.835   0.990463
 9959.854   0.990327
 9959.872   0.990374
 9959.890   0.990650
 9959.908   0.991142
 9959.927   0.991786
 9959.945   0.992452
 9959.963   0.993019
 9959.981   0.993375
 9960.000   0.993508
 9960.018   0.993442
 9960.036   0.993250
 9960.054   0.992999
 9960.072   0.992743
 9960.091   0.992534
 9960.109   0.992408
 9960.127   0.992399
 9960.145   0.992504
 9960.164   0.992706
 9960.182   0.992956
 9960.200   0.993198
 9960.218   0.993378
 9960.237   0.993457
 9960.255   0.993436
 9960.273   0.993342
 9960.291   0.993230
 9960.309   0.993161
 9960.328   0.993182
 9960.346   0.993309
 9960.364   0.993514
 9960.382   0.993736
 9960.401   0.993906
 9960.419   0.993977
 9960.437   0.993956
 9960.455   0.993899
 9960.474   0.993871
 9960.492   0.993919
 9960.510   0.994039
 9960.528   0.994193
 9960.546   0.994322
 9960.565   0.994387
 9960.583   0.994403
 9960.601   0.994386
 9960.619   0.994400
 9960.638   0.994456
 9960.656   0.994572
 9960.674   0.994686
 9960.692   0.994766
 9960.711   0.994787
 9960.729   0.994778
 9960.747   0.994813
 9960.765   0.994940
 9960.783   0.995177
 9960.802   0.995448
 9960.820   0.995653
 9960.838   0.995667
 9960.856   0.995429
 9960.875   0.994974
 9960.893   0.994418
 9960.911   0.993959
 9960.929   0.993781
 9960.948   0.993993
 9960.966   0.994553
 9960.984   0.995284
 9961.002   0.995923
 9961.020   0.996247
 9961.039   0.996154
 9961.057   0.995730
 9961.075   0.995186
 9961.093   0.994762
 9961.112   0.994583
 9961.130   0.994600
 9961.148   0.994629
 9961.166   0.994460
 9961.184   0.993999
 9961.203   0.993320
 9961.221   0.992639
 9961.239   0.992200
 9961.257   0.992142
 9961.276   0.992433
 9961.294   0.992909
 9961.312   0.993372
 9961.330   0.993658
 9961.349   0.993753
 9961.367   0.993750
 9961.385   0.993827
 9961.403   0.994089
 9961.421   0.994546
 9961.440   0.995014
 9961.458   0.995241
 9961.476   0.994971
 9961.494   0.994128
 9961.513   0.992856
 9961.531   0.991497
 9961.549   0.990427
 9961.567   0.989863
 9961.586   0.989781
 9961.604   0.989906
 9961.622   0.989914
 9961.640   0.989554
 9961.658   0.988824
 9961.677   0.987906
 9961.695   0.987118
 9961.713   0.986710
 9961.731   0.986774
 9961.750   0.987188
 9961.768   0.987695
 9961.786   0.988033
 9961.804   0.988022
 9961.823   0.987663
 9961.841   0.987056
 9961.859   0.986389
 9961.877   0.985837
 9961.895   0.985576
 9961.914   0.985746
 9961.932   0.986454
 9961.950   0.987723
 9961.968   0.989453
 9961.987   0.991424
 9962.005   0.993340
 9962.023   0.994928
 9962.041   0.996012
 9962.060   0.996572
 9962.078   0.996696
 9962.096   0.996529
 9962.114   0.996194
 9962.132   0.995788
 9962.151   0.995367
 9962.169   0.994969
 9962.187   0.994607
 9962.205   0.994266
 9962.224   0.993919
 9962.242   0.993542
 9962.260   0.993167
 9962.278   0.992864
 9962.297   0.992697
 9962.315   0.992685
 9962.333   0.992750
 9962.351   0.992770
 9962.369   0.992632
 9962.388   0.992301
 9962.406   0.991873
 9962.424   0.991478
 9962.442   0.991271
 9962.461   0.991283
 9962.479   0.991461
 9962.497   0.991650
 9962.515   0.991719
 9962.534   0.991611
 9962.552   0.991379
 9962.570   0.991185
 9962.588   0.991185
 9962.606   0.991483
 9962.625   0.992032
 9962.643   0.992675
 9962.661   0.993185
 9962.679   0.993409
 9962.698   0.993341
 9962.716   0.993137
 9962.734   0.993036
 9962.752   0.993245
 9962.771   0.993811
 9962.789   0.994633
 9962.807   0.995458
 9962.825   0.996050
 9962.843   0.996250
 9962.862   0.996073
 9962.880   0.995652
 9962.898   0.995185
 9962.916   0.994852
 9962.935   0.994718
 9962.953   0.994769
 9962.971   0.994881
 9962.989   0.994920
 9963.008   0.994737
 9963.026   0.994263
 9963.044   0.993480
 9963.062   0.992477
 9963.080   0.991398
 9963.099   0.990437
 9963.117   0.989757
 9963.135   0.989435
 9963.153   0.989459
 9963.172   0.989731
 9963.190   0.990174
 9963.208   0.990715
 9963.226   0.991345
 9963.245   0.992017
 9963.263   0.992675
 9963.281   0.993218
 9963.299   0.993545
 9963.317   0.993621
 9963.336   0.993459
 9963.354   0.993159
 9963.372   0.992813
 9963.390   0.992522
 9963.409   0.992337
 9963.427   0.992264
 9963.445   0.992273
 9963.463   0.992306
 9963.481   0.992325
 9963.500   0.992308
 9963.518   0.992269
 9963.536   0.992229
 9963.554   0.992177
 9963.573   0.992085
 9963.591   0.991902
 9963.609   0.991645
 9963.627   0.991383
 9963.646   0.991255
 9963.664   0.991340
 9963.682   0.991616
 9963.700   0.991915
 9963.718   0.992028
 9963.737   0.991830
 9963.755   0.991345
 9963.773   0.990761
 9963.791   0.990302
 9963.810   0.990123
 9963.828   0.990204
 9963.846   0.990402
 9963.864   0.990519
 9963.883   0.990446
 9963.901   0.990184
 9963.919   0.989854
 9963.937   0.989586
 9963.955   0.989483
 9963.974   0.989551
 9963.992   0.989763
 9964.010   0.990058
 9964.028   0.990392
 9964.047   0.990739
 9964.065   0.991082
 9964.083   0.991431
 9964.101   0.991788
 9964.120   0.992155
 9964.138   0.992487
 9964.156   0.992712
 9964.174   0.992749
 9964.192   0.992543
 9964.211   0.992134
 9964.229   0.991608
 9964.247   0.991113
 9964.265   0.990759
 9964.284   0.990626
 9964.302   0.990727
 9964.320   0.991048
 9964.338   0.991536
 9964.357   0.992097
 9964.375   0.992587
 9964.393   0.992837
 9964.411   0.992729
 9964.429   0.992262
 9964.448   0.991567
 9964.466   0.990864
 9964.484   0.990352
 9964.502   0.990115
 9964.521   0.990110
 9964.539   0.990204
 9964.557   0.990293
 9964.575   0.990343
 9964.594   0.990441
 9964.612   0.990698
 9964.630   0.991220
 9964.648   0.992026
 9964.666   0.993054
 9964.685   0.994191
 9964.703   0.995274
 9964.721   0.996178
 9964.739   0.996762
 9964.758   0.996964
 9964.776   0.996803
 9964.794   0.996434
 9964.812   0.996130
 9964.831   0.996170
 9964.849   0.996741
 9964.867   0.997772
 9964.885   0.998985
 9964.903   0.999990
 9964.922   1.000471
 9964.940   1.000379
 9964.958   0.999856
 9964.976   0.999198
 9964.995   0.998627
 9965.013   0.998247
 9965.031   0.998006
 9965.049   0.997770
 9965.068   0.997461
 9965.086   0.997082
 9965.104   0.996784
 9965.122   0.996763
 9965.140   0.997175
 9965.159   0.998001
 9965.177   0.999008
 9965.195   0.999832
 9965.213   1.000122
 9965.232   0.999702
 9965.250   0.998676
 9965.268   0.997340
 9965.286   0.996070
 9965.305   0.995148
 9965.323   0.994685
 9965.341   0.994649
 9965.359   0.994902
 9965.377   0.995294
 9965.396   0.995692
 9965.414   0.996021
 9965.432   0.996240
 9965.450   0.996356
 9965.469   0.996392
 9965.487   0.996354
 9965.505   0.996243
 9965.523   0.996039
 9965.542   0.995755
 9965.560   0.995430
 9965.578   0.995118
 9965.596   0.994834
 9965.614   0.994534
 9965.633   0.994119
 9965.651   0.993506
 9965.669   0.992685
 9965.687   0.991773
 9965.706   0.990955
 9965.724   0.990416
 9965.742   0.990253
 9965.760   0.990388
 9965.778   0.990653
 9965.797   0.990802
 9965.815   0.990678
 9965.833   0.990254
 9965.851   0.989648
 9965.870   0.989081
 9965.888   0.988756
 9965.906   0.988856
 9965.924   0.989420
 9965.943   0.990377
 9965.961   0.991526
 9965.979   0.992618
 9965.997   0.993473
 9966.015   0.993987
 9966.034   0.994184
 9966.052   0.994105
 9966.070   0.993816
 9966.088   0.993333
 9966.107   0.992752
 9966.125   0.992252
 9966.143   0.992137
 9966.161   0.992666
 9966.180   0.993932
 9966.198   0.995698
 9966.216   0.997496
 9966.234   0.998785
 9966.252   0.999240
 9966.271   0.998875
 9966.289   0.997972
 9966.307   0.996900
 9966.325   0.995872
 9966.344   0.994874
 9966.362   0.993679
 9966.380   0.992049
 9966.398   0.989924
 9966.417   0.987569
 9966.435   0.985542
 9966.453   0.984439
 9966.471   0.984641
 9966.489   0.986060
 9966.508   0.988210
 9966.526   0.990352
 9966.544   0.991914
 9966.562   0.992685
 9966.581   0.992844
 9966.599   0.992783
 9966.617   0.992819
 9966.635   0.993060
 9966.654   0.993370
 9966.672   0.993544
 9966.690   0.993436
 9966.708   0.993111
 9966.726   0.992763
 9966.745   0.992638
 9966.763   0.992868
 9966.781   0.993419
 9966.799   0.994129
 9966.818   0.994774
 9966.836   0.995198
 9966.854   0.995275
 9966.872   0.994962
 9966.891   0.994206
 9966.909   0.993016
 9966.927   0.991486
 9966.945   0.989825
 9966.963   0.988333
 9966.982   0.987260
 9967.000   0.986716
 9967.018   0.986575
 9967.036   0.986584
 9967.055   0.986422
 9967.073   0.985857
 9967.091   0.984735
 9967.109   0.983031
 9967.128   0.980803
 9967.146   0.978197
 9967.164   0.975440
 9967.182   0.972758
 9967.200   0.970337
 9967.219   0.968212
 9967.237   0.966337
 9967.255   0.964585
 9967.273   0.962921
 9967.292   0.961435
 9967.310   0.960357
 9967.328   0.959930
 9967.346   0.960292
 9967.365   0.961398
 9967.383   0.963036
 9967.401   0.964947
 9967.419   0.966910
 9967.437   0.968876
 9967.456   0.970872
 9967.474   0.973009
 9967.492   0.975304
 9967.510   0.977738
 9967.529   0.980206
 9967.547   0.982595
 9967.565   0.984797
 9967.583   0.986693
 9967.602   0.988178
 9967.620   0.989135
 9967.638   0.989554
 9967.656   0.989519
 9967.674   0.989273
 9967.693   0.989071
 9967.711   0.989120
 9967.729   0.989467
 9967.747   0.990039
 9967.766   0.990722
 9967.784   0.991437
 9967.802   0.992212
 9967.820   0.993055
 9967.839   0.993951
 9967.857   0.994750
 9967.875   0.995308
 9967.893   0.995497
 9967.911   0.995356
 9967.930   0.995022
 9967.948   0.994690
 9967.966   0.994501
 9967.984   0.994486
 9968.003   0.994579
 9968.021   0.994687
 9968.039   0.994777
 9968.057   0.994879
 9968.075   0.995075
 9968.094   0.995409
 9968.112   0.995852
 9968.130   0.996259
 9968.148   0.996488
 9968.167   0.996450
 9968.185   0.996200
 9968.203   0.995926
 9968.221   0.995839
 9968.240   0.996089
 9968.258   0.996644
 9968.276   0.997322
 9968.294   0.997850
 9968.312   0.998021
 9968.331   0.997775
 9968.349   0.997225
 9968.367   0.996601
 9968.385   0.996112
 9968.404   0.995869
 9968.422   0.995808
 9968.440   0.995779
 9968.458   0.995612
 9968.477   0.995270
 9968.495   0.994844
 9968.513   0.994550
 9968.531   0.994571
 9968.549   0.994930
 9968.568   0.995468
 9968.586   0.995900
 9968.604   0.996031
 9968.622   0.995804
 9968.641   0.995392
 9968.659   0.995025
 9968.677   0.994922
 9968.695   0.995127
 9968.714   0.995569
 9968.732   0.996068
 9968.750   0.996478
 9968.768   0.996695
 9968.786   0.996677
 9968.805   0.996403
 9968.823   0.995896
 9968.841   0.995249
 9968.859   0.994630
 9968.878   0.994256
 9968.896   0.994247
 9968.914   0.994615
 9968.932   0.995180
 9968.951   0.995729
 9968.969   0.996074
 9968.987   0.996181
 9969.005   0.996145
 9969.023   0.996112
 9969.042   0.996205
 9969.060   0.996432
 9969.078   0.996715
 9969.096   0.996918
 9969.115   0.996945
 9969.133   0.996789
 9969.151   0.996511
 9969.169   0.996220
 9969.188   0.995998
 9969.206   0.995888
 9969.224   0.995890
 9969.242   0.995998
 9969.260   0.996201
 9969.279   0.996411
 9969.297   0.996481
 9969.315   0.996188
 9969.333   0.995405
 9969.352   0.994148
 9969.370   0.992652
 9969.388   0.991259
 9969.406   0.990256
 9969.425   0.989772
 9969.443   0.989729
 9969.461   0.989973
 9969.479   0.990374
 9969.497   0.990881
 9969.516   0.991525
 9969.534   0.992306
 9969.552   0.993169
 9969.570   0.993933
 9969.589   0.994381
 9969.607   0.994332
 9969.625   0.993757
 9969.643   0.992841
 9969.662   0.991924
 9969.680   0.991373
 9969.698   0.991386
 9969.716   0.991903
 9969.734   0.992663
 9969.753   0.993353
 9969.771   0.993826
 9969.789   0.994195
 9969.807   0.994758
 9969.826   0.995791
 9969.844   0.997266
 9969.862   0.998865
 9969.880   1.000005
 9969.899   1.000214
 9969.917   0.999317
 9969.935   0.997574
 9969.953   0.995555
 9969.971   0.993859
 9969.990   0.992900
 9970.008   0.992692
 9970.026   0.992963
 9970.044   0.993318
 9970.063   0.993498
 9970.081   0.993504
 9970.099   0.993526
 9970.117   0.993779
 9970.136   0.994291
 9970.154   0.994873
 9970.172   0.995219
 9970.190   0.995107
 9970.208   0.994528
 9970.227   0.993707
 9970.245   0.992953
 9970.263   0.992514
 9970.281   0.992487
 9970.300   0.992832
 9970.318   0.993450
 9970.336   0.994194
 9970.354   0.994953
 9970.372   0.995558
 9970.391   0.995911
 9970.409   0.995920
 9970.427   0.995630
 9970.445   0.995149
 9970.464   0.994637
 9970.482   0.994236
 9970.500   0.993996
 9970.518   0.993926
 9970.537   0.993974
 9970.555   0.994116
 9970.573   0.994275
 9970.591   0.994392
 9970.609   0.994332
 9970.628   0.993990
 9970.646   0.993321
 9970.664   0.992438
 9970.682   0.991581
 9970.701   0.991010
 9970.719   0.990894
 9970.737   0.991175
 9970.755   0.991625
 9970.774   0.991943
 9970.792   0.991935
 9970.810   0.991577
 9970.828   0.990981
 9970.846   0.990289
 9970.865   0.989562
 9970.883   0.988785
 9970.901   0.987910
 9970.919   0.986975
 9970.938   0.986103
 9970.956   0.985497
 9970.974   0.985298
 9970.992   0.985539
 9971.011   0.986078
 9971.029   0.986712
 9971.047   0.987250
 9971.065   0.987609
 9971.083   0.987806
 9971.102   0.987907
 9971.120   0.987975
 9971.138   0.988057
 9971.156   0.988206
 9971.175   0.988484
 9971.193   0.988933
 9971.211   0.989535
 9971.229   0.990178
 9971.248   0.990710
 9971.266   0.991008
 9971.284   0.991057
 9971.302   0.990964
 9971.320   0.990859
 9971.339   0.990865
 9971.357   0.990963
 9971.375   0.991111
 9971.393   0.991238
 9971.412   0.991374
 9971.430   0.991596
 9971.448   0.991976
 9971.466   0.992497
 9971.485   0.993047
 9971.503   0.993503
 9971.521   0.993800
 9971.539   0.993983
 9971.557   0.994163
 9971.576   0.994457
 9971.594   0.994860
 9971.612   0.995296
 9971.630   0.995621
 9971.649   0.995757
 9971.667   0.995713
 9971.685   0.995612
 9971.703   0.995608
 9971.722   0.995797
 9971.740   0.996145
 9971.758   0.996504
 9971.776   0.996683
 9971.794   0.996543
 9971.813   0.996060
 9971.831   0.995293
 9971.849   0.994360
 9971.867   0.993375
 9971.886   0.992488
 9971.904   0.991863
 9971.922   0.991650
 9971.940   0.991890
 9971.959   0.992445
 9971.977   0.993026
 9971.995   0.993308
 9972.013   0.993132
 9972.031   0.992572
 9972.050   0.991885
 9972.068   0.991358
 9972.086   0.991117
 9972.104   0.991146
 9972.123   0.991304
 9972.141   0.991519
 9972.159   0.991764
 9972.177   0.992125
 9972.196   0.992661
 9972.214   0.993381
 9972.232   0.994188
 9972.250   0.994895
 9972.268   0.995335
 9972.287   0.995348
 9972.305   0.994974
 9972.323   0.994339
 9972.341   0.993727
 9972.360   0.993354
 9972.378   0.993338
 9972.396   0.993581
 9972.414   0.993871
 9972.433   0.993985
 9972.451   0.993818
 9972.469   0.993430
 9972.487   0.992981
 9972.505   0.992663
 9972.524   0.992568
 9972.542   0.992685
 9972.560   0.992896
 9972.578   0.993071
 9972.597   0.993145
 9972.615   0.993138
 9972.633   0.993157
 9972.651   0.993303
 9972.669   0.993655
 9972.688   0.994166
 9972.706   0.994732
 9972.724   0.995183
 9972.742   0.995412
 9972.761   0.995379
 9972.779   0.995179
 9972.797   0.994971
 9972.815   0.994956
 9972.834   0.995263
 9972.852   0.995884
 9972.870   0.996680
 9972.888   0.997424
 9972.906   0.997922
 9972.925   0.998074
 9972.943   0.997935
 9972.961   0.997619
 9972.979   0.997244
 9972.998   0.996854
 9973.016   0.996458
 9973.034   0.996055
 9973.052   0.995702
 9973.071   0.995468
 9973.089   0.995423
 9973.107   0.995555
 9973.125   0.995806
 9973.143   0.996095
 9973.162   0.996373
 9973.180   0.996643
 9973.198   0.996912
 9973.216   0.997180
 9973.235   0.997405
 9973.253   0.997530
 9973.271   0.997513
 9973.289   0.997346
 9973.308   0.997078
 9973.326   0.996763
 9973.344   0.996468
 9973.362   0.996222
 9973.380   0.996017
 9973.399   0.995827
 9973.417   0.995590
 9973.435   0.995279
 9973.453   0.994883
 9973.472   0.994410
 9973.490   0.993882
 9973.508   0.993283
 9973.526   0.992607
 9973.545   0.991868
 9973.563   0.991139
 9973.581   0.990563
 9973.599   0.990260
 9973.617   0.990281
 9973.636   0.990537
 9973.654   0.990846
 9973.672   0.991057
 9973.690   0.991116
 9973.709   0.991146
 9973.727   0.991315
 9973.745   0.991771
 9973.763   0.992504
 9973.782   0.993387
 9973.800   0.994266
 9973.818   0.995032
 9973.836   0.995663
 9973.854   0.996169
 9973.873   0.996556
 9973.891   0.996790
 9973.909   0.996857
 9973.927   0.996768
 9973.946   0.996607
 9973.964   0.996489
 9973.982   0.996545
 9974.000   0.996856
 9974.019   0.997392
 9974.037   0.997979
 9974.055   0.998338
 9974.073   0.998187
 9974.091   0.997445
 9974.110   0.996295
 9974.128   0.995188
 9974.146   0.994584
 9974.164   0.994738
 9974.183   0.995535
 9974.201   0.996583
 9974.219   0.997435
 9974.237   0.997806
 9974.256   0.997673
 9974.274   0.997203
 9974.292   0.996663
 9974.310   0.996240
 9974.328   0.996044
 9974.347   0.996043
 9974.365   0.996157
 9974.383   0.996267
 9974.401   0.996260
 9974.420   0.996081
 9974.438   0.995693
 9974.456   0.995133
 9974.474   0.994425
 9974.493   0.993614
 9974.511   0.992725
 9974.529   0.991757
 9974.547   0.990707
 9974.565   0.989561
 9974.584   0.988375
 9974.602   0.987253
 9974.620   0.986395
 9974.638   0.985994
 9974.657   0.986177
 9974.675   0.986891
 9974.693   0.987917
 9974.711   0.988968
 9974.730   0.989816
 9974.748   0.990429
 9974.766   0.990925
 9974.784   0.991502
 9974.802   0.992258
 9974.821   0.993154
 9974.839   0.994020
 9974.857   0.994656
 9974.875   0.994949
 9974.894   0.994873
 9974.912   0.994512
 9974.930   0.993988
 9974.948   0.993473
 9974.966   0.993169
 9974.985   0.993257
 9975.003   0.993824
 9975.021   0.994746
 9975.039   0.995707
 9975.058   0.996322
 9975.076   0.996310
 9975.094   0.995713
 9975.112   0.994826
 9975.131   0.994097
 9975.149   0.993808
 9975.167   0.993979
 9975.185   0.994350
 9975.203   0.994565
 9975.222   0.994402
 9975.240   0.993852
 9975.258   0.993186
 9975.276   0.992741
 9975.295   0.992815
 9975.313   0.993447
 9975.331   0.994408
 9975.349   0.995290
 9975.368   0.995675
 9975.386   0.995389
 9975.404   0.994539
 9975.422   0.993490
 9975.440   0.992644
 9975.459   0.992264
 9975.477   0.992381
 9975.495   0.992822
 9975.513   0.993399
 9975.532   0.993974
 9975.550   0.994539
 9975.568   0.995107
 9975.586   0.995633
 9975.605   0.995981
 9975.623   0.996014
 9975.641   0.995703
 9975.659   0.995175
 9975.677   0.994648
 9975.696   0.994286
 9975.714   0.994120
 9975.732   0.994008
 9975.750   0.993782
 9975.769   0.993339
 9975.787   0.992750
 9975.805   0.992214
 9975.823   0.991923
 9975.842   0.991970
 9975.860   0.992255
 9975.878   0.992614
 9975.896   0.992870
 9975.914   0.992948
 9975.933   0.992858
 9975.951   0.992590
 9975.969   0.992143
 9975.987   0.991452
 9976.006   0.990575
 9976.024   0.989629
 9976.042   0.988877
 9976.060   0.988525
 9976.079   0.988698
 9976.097   0.989338
 9976.115   0.990308
 9976.133   0.991434
 9976.151   0.992599
 9976.170   0.993709
 9976.188   0.994656
 9976.206   0.995317
 9976.224   0.995553
 9976.243   0.995333
 9976.261   0.994712
 9976.279   0.993931
 9976.297   0.993222
 9976.316   0.992814
 9976.334   0.992766
 9976.352   0.993002
 9976.370   0.993376
 9976.388   0.993724
 9976.407   0.994018
 9976.425   0.994246
 9976.443   0.994534
 9976.461   0.994946
 9976.480   0.995525
 9976.498   0.996225
 9976.516   0.996922
 9976.534   0.997460
 9976.553   0.997650
 9976.571   0.997401
 9976.589   0.996751
 9976.607   0.995909
 9976.625   0.995181
 9976.644   0.994827
 9976.662   0.994971
 9976.680   0.995508
 9976.698   0.996224
 9976.717   0.996873
 9976.735   0.997312
 9976.753   0.997515
 9976.771   0.997521
 9976.790   0.997347
 9976.808   0.996930
 9976.826   0.996169
 9976.844   0.994979
 9976.862   0.993351
 9976.881   0.991342
 9976.899   0.988985
 9976.917   0.986220
 9976.935   0.982883
 9976.954   0.978787
 9976.972   0.973837
 9976.990   0.968157
 9977.008   0.962103
 9977.027   0.956167
 9977.045   0.950814
 9977.063   0.946439
 9977.081   0.943335
 9977.099   0.941769
 9977.118   0.941891
 9977.136   0.943814
 9977.154   0.947414
 9977.172   0.952417
 9977.191   0.958276
 9977.209   0.964365
 9977.227   0.969994
 9977.245   0.974724
 9977.263   0.978351
 9977.282   0.981055
 9977.300   0.983186
 9977.318   0.985098
 9977.336   0.986966
 9977.355   0.988732
 9977.373   0.990266
 9977.391   0.991454
 9977.409   0.992349
 9977.428   0.993035
 9977.446   0.993579
 9977.464   0.993939
 9977.482   0.994037
 9977.500   0.993867
 9977.519   0.993540
 9977.537   0.993254
 9977.555   0.993159
 9977.573   0.993277
 9977.592   0.993529
 9977.610   0.993791
 9977.628   0.993995
 9977.646   0.994115
 9977.665   0.994170
 9977.683   0.994184
 9977.701   0.994206
 9977.719   0.994292
 9977.737   0.994511
 9977.756   0.994865
 9977.774   0.995312
 9977.792   0.995733
 9977.810   0.996024
 9977.829   0.996113
 9977.847   0.996015
 9977.865   0.995805
 9977.883   0.995577
 9977.902   0.995404
 9977.920   0.995296
 9977.938   0.995231
 9977.956   0.995157
 9977.974   0.995037
 9977.993   0.994859
 9978.011   0.994650
 9978.029   0.994456
 9978.047   0.994335
 9978.066   0.994318
 9978.084   0.994421
 9978.102   0.994628
 9978.120   0.994910
 9978.139   0.995232
 9978.157   0.995549
 9978.175   0.995798
 9978.193   0.995871
 9978.211   0.995661
 9978.230   0.995110
 9978.248   0.994271
 9978.266   0.993321
 9978.284   0.992489
 9978.303   0.991993
 9978.321   0.991924
 9978.339   0.992252
 9978.357   0.992832
 9978.376   0.993484
 9978.394   0.994043
 9978.412   0.994402
 9978.430   0.994516
 9978.448   0.994421
 9978.467   0.994211
 9978.485   0.994040
 9978.503   0.994054
 9978.521   0.994316
 9978.540   0.994772
 9978.558   0.995247
 9978.576   0.995586
 9978.594   0.995680
 9978.613   0.995587
 9978.631   0.995433
 9978.649   0.995369
 9978.667   0.995472
 9978.685   0.995692
 9978.704   0.995907
 9978.722   0.995922
 9978.740   0.995588
 9978.758   0.994825
 9978.777   0.993691
 9978.795   0.992376
 9978.813   0.991152
 9978.831   0.990321
 9978.850   0.990044
 9978.868   0.990303
 9978.886   0.990843
 9978.904   0.991347
 9978.922   0.991547
 9978.941   0.991408
 9978.959   0.991089
 9978.977   0.990861
 9978.995   0.990942
 9979.014   0.991412
 9979.032   0.992189
 9979.050   0.993113
 9979.068   0.994015
 9979.087   0.994743
 9979.105   0.995219
 9979.123   0.995424
 9979.141   0.995461
 9979.159   0.995474
 9979.178   0.995624
 9979.196   0.995957
 9979.214   0.996392
 9979.232   0.996772
 9979.251   0.996976
 9979.269   0.996998
 9979.287   0.996930
 9979.305   0.996838
 9979.324   0.996719
 9979.342   0.996490
 9979.360   0.996178
 9979.378   0.995931
 9979.396   0.995994
 9979.415   0.996486
 9979.433   0.997222
 9979.451   0.997803
 9979.469   0.997785
 9979.488   0.997053
 9979.506   0.995849
 9979.524   0.994688
 9979.542   0.994054
 9979.560   0.994108
 9979.579   0.994721
 9979.597   0.995497
 9979.615   0.996093
 9979.633   0.996288
 9979.652   0.996097
 9979.670   0.995710
 9979.688   0.995372
 9979.706   0.995361
 9979.725   0.995807
 9979.743   0.996718
 9979.761   0.997895
 9979.779   0.999027
 9979.797   0.999772
 9979.816   0.999901
 9979.834   0.999399
 9979.852   0.998434
 9979.870   0.997321
 9979.889   0.996348
 9979.907   0.995728
 9979.925   0.995492
 9979.943   0.995571
 9979.962   0.995799
 9979.980   0.996012
 9979.998   0.996114
 9980.016   0.996101
 9980.034   0.996091
 9980.053   0.996165
 9980.071   0.996377
 9980.089   0.996628
 9980.107   0.996794
 9980.126   0.996768
 9980.144   0.996552
 9980.162   0.996236
 9980.180   0.995892
 9980.199   0.995562
 9980.217   0.995224
 9980.235   0.994881
 9980.253   0.994616
 9980.271   0.994537
 9980.290   0.994770
 9980.308   0.995292
 9980.326   0.995993
 9980.344   0.996673
 9980.363   0.997149
 9980.381   0.997330
 9980.399   0.997197
 9980.417   0.996816
 9980.436   0.996291
 9980.454   0.995780
 9980.472   0.995476
 9980.490   0.995528
 9980.508   0.995997
 9980.527   0.996736
 9980.545   0.997481
 9980.563   0.997934
 9980.581   0.997941
 9980.600   0.997531
 9980.618   0.996892
 9980.636   0.996210
 9980.654   0.995606
 9980.673   0.995088
 9980.691   0.994639
 9980.709   0.994265
 9980.727   0.994012
 9980.745   0.993989
 9980.764   0.994259
 9980.782   0.994817
 9980.800   0.995534
 9980.818   0.996176
 9980.837   0.996511
 9980.855   0.996384
 9980.873   0.995795
 9980.891   0.994886
 9980.910   0.993874
 9980.928   0.993017
 9980.946   0.992539
 9980.964   0.992620
 9980.982   0.993316
 9981.001   0.994513
 9981.019   0.995926
 9981.037   0.997156
 9981.055   0.997860
 9981.074   0.997915
 9981.092   0.997441
 9981.110   0.996764
 9981.128   0.996148
 9981.147   0.995729
 9981.165   0.995397
 9981.183   0.994983
 9981.201   0.994376
 9981.219   0.993618
 9981.238   0.992887
 9981.256   0.992356
 9981.274   0.992104
 9981.292   0.992038
 9981.311   0.991988
 9981.329   0.991772
 9981.347   0.991316
 9981.365   0.990644
 9981.384   0.989898
 9981.402   0.989247
 9981.420   0.988873
 9981.438   0.988892
 9981.456   0.989316
 9981.475   0.990044
 9981.493   0.990870
 9981.511   0.991564
 9981.529   0.991949
 9981.548   0.991939
 9981.566   0.991559
 9981.584   0.990884
 9981.602   0.990024
 9981.621   0.989126
 9981.639   0.988351
 9981.657   0.987922
 9981.675   0.987940
 9981.693   0.988448
 9981.712   0.989289
 9981.730   0.990284
 9981.748   0.991247
 9981.766   0.992124
 9981.785   0.992948
 9981.803   0.993770
 9981.821   0.994587
 9981.839   0.995263
 9981.857   0.995675
 9981.876   0.995744
 9981.894   0.995557
 9981.912   0.995256
 9981.930   0.995000
 9981.949   0.994856
 9981.967   0.994806
 9981.985   0.994803
 9982.003   0.994818
 9982.022   0.994860
 9982.040   0.994940
 9982.058   0.995029
 9982.076   0.995052
 9982.094   0.994936
 9982.113   0.994649
 9982.131   0.994227
 9982.149   0.993768
 9982.167   0.993370
 9982.186   0.993167
 9982.204   0.993245
 9982.222   0.993672
 9982.240   0.994368
 9982.259   0.995168
 9982.277   0.995812
 9982.295   0.996114
 9982.313   0.996006
 9982.331   0.995551
 9982.350   0.994862
 9982.368   0.994005
 9982.386   0.993080
 9982.404   0.992145
 9982.423   0.991400
 9982.441   0.990951
 9982.459   0.990926
 9982.477   0.991256
 9982.496   0.991818
 9982.514   0.992423
 9982.532   0.992941
 9982.550   0.993297
 9982.568   0.993450
 9982.587   0.993338
 9982.605   0.992878
 9982.623   0.992023
 9982.641   0.990827
 9982.660   0.989529
 9982.678   0.988426
 9982.696   0.987822
 9982.714   0.987816
 9982.733   0.988334
 9982.751   0.989156
 9982.769   0.990040
 9982.787   0.990821
 9982.805   0.991424
 9982.824   0.991891
 9982.842   0.992316
 9982.860   0.992784
 9982.878   0.993324
 9982.897   0.993870
 9982.915   0.994293
 9982.933   0.994480
 9982.951   0.994357
 9982.970   0.993969
 9982.988   0.993399
 9983.006   0.992801
 9983.024   0.992296
 9983.042   0.991964
 9983.061   0.991815
 9983.079   0.991793
 9983.097   0.991799
 9983.115   0.991732
 9983.134   0.991545
 9983.152   0.991263
 9983.170   0.990995
 9983.188   0.990913
 9983.207   0.991172
 9983.225   0.991828
 9983.243   0.992798
 9983.261   0.993826
 9983.279   0.994654
 9983.298   0.995069
 9983.316   0.995071
 9983.334   0.994811
 9983.352   0.994488
 9983.371   0.994274
 9983.389   0.994158
 9983.407   0.994106
 9983.425   0.994023
 9983.444   0.993875
 9983.462   0.993627
 9983.480   0.993236
 9983.498   0.992666
 9983.516   0.991949
 9983.535   0.991227
 9983.553   0.990708
 9983.571   0.990524
 9983.589   0.990696
 9983.608   0.991047
 9983.626   0.991408
 9983.644   0.991683
 9983.662   0.991918
 9983.681   0.992223
 9983.699   0.992637
 9983.717   0.993120
 9983.735   0.993560
 9983.753   0.993895
 9983.772   0.994148
 9983.790   0.994404
 9983.808   0.994740
 9983.826   0.995125
 9983.845   0.995428
 9983.863   0.995428
 9983.881   0.994960
 9983.899   0.993953
 9983.918   0.992507
 9983.936   0.990821
 9983.954   0.989091
 9983.972   0.987414
 9983.990   0.985692
 9984.009   0.983788
 9984.027   0.981534
 9984.045   0.978914
 9984.063   0.976008
 9984.082   0.972987
 9984.100   0.970062
 9984.118   0.967462
 9984.136   0.965448
 9984.155   0.964288
 9984.173   0.964205
 9984.191   0.965325
 9984.209   0.967596
 9984.227   0.970800
 9984.246   0.974540
 9984.264   0.978334
 9984.282   0.981726
 9984.300   0.984415
 9984.319   0.986356
 9984.337   0.987706
 9984.355   0.988753
 9984.373   0.989683
 9984.391   0.990594
 9984.410   0.991436
 9984.428   0.992185
 9984.446   0.992876
 9984.464   0.993589
 9984.483   0.994386
 9984.501   0.995203
 9984.519   0.995903
 9984.537   0.996331
 9984.556   0.996432
 9984.574   0.996281
 9984.592   0.996019
 9984.610   0.995776
 9984.628   0.995582
 9984.647   0.995381
 9984.665   0.995049
 9984.683   0.994542
 9984.701   0.993899
 9984.720   0.993254
 9984.738   0.992758
 9984.756   0.992500
 9984.774   0.992471
 9984.793   0.992592
 9984.811   0.992813
 9984.829   0.993115
 9984.847   0.993554
 9984.865   0.994154
 9984.884   0.994903
 9984.902   0.995651
 9984.920   0.996265
 9984.938   0.996585
 9984.957   0.996593
 9984.975   0.996331
 9984.993   0.995959
 9985.011   0.995659
 9985.030   0.995567
 9985.048   0.995750
 9985.066   0.996071
 9985.084   0.996348
 9985.102   0.996359
 9985.121   0.996090
 9985.139   0.995692
 9985.157   0.995465
 9985.175   0.995623
 9985.194   0.996135
 9985.212   0.996699
 9985.230   0.996912
 9985.248   0.996574
 9985.267   0.995778
 9985.285   0.994961
 9985.303   0.994572
 9985.321   0.994894
 9985.339   0.995858
 9985.358   0.997121
 9985.376   0.998265
 9985.394   0.998960
 9985.412   0.999127
 9985.431   0.998818
 9985.449   0.998141
 9985.467   0.997132
 9985.485   0.995757
 9985.504   0.994086
 9985.522   0.992324
 9985.540   0.990862
 9985.558   0.990052
 9985.576   0.990008
 9985.595   0.990513
 9985.613   0.991120
 9985.631   0.991504
 9985.649   0.991576
 9985.668   0.991566
 9985.686   0.991734
 9985.704   0.992145
 9985.722   0.992629
 9985.741   0.992865
 9985.759   0.992727
 9985.777   0.992270
 9985.795   0.991774
 9985.813   0.991439
 9985.832   0.991296
 9985.850   0.991189
 9985.868   0.990936
 9985.886   0.990547
 9985.905   0.990200
 9985.923   0.990138
 9985.941   0.990491
 9985.959   0.991118
 9985.978   0.991765
 9985.996   0.992165
 9986.014   0.992323
 9986.032   0.992465
 9986.050   0.992901
 9986.069   0.993827
 9986.087   0.995099
 9986.105   0.996420
 9986.123   0.997417
 9986.142   0.997956
 9986.160   0.998083
 9986.178   0.997938
 9986.196   0.997684
 9986.215   0.997363
 9986.233   0.997071
 9986.251   0.996848
 9986.269   0.996735
 9986.287   0.996655
 9986.306   0.996400
 9986.324   0.995785
 9986.342   0.994716
 9986.360   0.993368
 9986.379   0.991998
 9986.397   0.990896
 9986.415   0.990173
 9986.433   0.989755
 9986.452   0.989460
 9986.470   0.989038
 9986.488   0.988378
 9986.506   0.987416
 9986.524   0.986309
 9986.543   0.985250
 9986.561   0.984494
 9986.579   0.984243
 9986.597   0.984521
 9986.616   0.985270
 9986.634   0.986285
 9986.652   0.987452
 9986.670   0.988677
 9986.688   0.989928
 9986.707   0.991144
 9986.725   0.992161
 9986.743   0.992859
 9986.761   0.993138
 9986.780   0.993106
 9986.798   0.992928
 9986.816   0.992848
 9986.834   0.992995
 9986.853   0.993385
 9986.871   0.993944
 9986.889   0.994543
 9986.907   0.995073
 9986.925   0.995374
 9986.944   0.995354
 9986.962   0.994962
 9986.980   0.994350
 9986.998   0.993765
 9987.017   0.993470
 9987.035   0.993537
 9987.053   0.993824
 9987.071   0.994087
 9987.090   0.994181
 9987.108   0.994130
 9987.126   0.994055
 9987.144   0.994028
 9987.162   0.993969
 9987.181   0.993752
 9987.199   0.993322
 9987.217   0.992847
 9987.235   0.992558
 9987.254   0.992618
 9987.272   0.992930
 9987.290   0.993223
 9987.308   0.993254
 9987.327   0.992986
 9987.345   0.992610
 9987.363   0.992385
 9987.381   0.992476
 9987.399   0.992842
 9987.418   0.993348
 9987.436   0.993846
 9987.454   0.994274
 9987.472   0.994600
 9987.491   0.994802
 9987.509   0.994829
 9987.527   0.994664
 9987.545   0.994407
 9987.564   0.994249
 9987.582   0.994381
 9987.600   0.994845
 9987.618   0.995502
 9987.636   0.996083
 9987.655   0.996329
 9987.673   0.996106
 9987.691   0.995440
 9987.709   0.994498
 9987.728   0.993531
 9987.746   0.992741
 9987.764   0.992266
 9987.782   0.992061
 9987.801   0.992011
 9987.819   0.991947
 9987.837   0.991827
 9987.855   0.991717
 9987.873   0.991757
 9987.892   0.992029
 9987.910   0.992475
 9987.928   0.992962
 9987.946   0.993348
 9987.965   0.993638
 9987.983   0.993893
 9988.001   0.994214
 9988.019   0.994594
 9988.038   0.994940
 9988.056   0.995137
 9988.074   0.995143
 9988.092   0.995048
 9988.110   0.994991
 9988.129   0.995040
 9988.147   0.995112
 9988.165   0.994977
 9988.183   0.994442
 9988.202   0.993435
 9988.220   0.992113
 9988.238   0.990778
 9988.256   0.989737
 9988.275   0.989202
 9988.293   0.989180
 9988.311   0.989525
 9988.329   0.990019
 9988.347   0.990490
 9988.366   0.990872
 9988.384   0.991219
 9988.402   0.991656
 9988.420   0.992276
 9988.439   0.993099
 9988.457   0.993996
 9988.475   0.994775
 9988.493   0.995165
 9988.512   0.995034
 9988.530   0.994425
 9988.548   0.993645
 9988.566   0.993135
 9988.584   0.993218
 9988.603   0.993921
 9988.621   0.994915
 9988.639   0.995738
 9988.657   0.996025
 9988.676   0.995724
 9988.694   0.995069
 9988.712   0.994402
 9988.730   0.993943
 9988.749   0.993701
 9988.767   0.993469
 9988.785   0.993022
 9988.803   0.992212
 9988.821   0.990996
 9988.840   0.989430
 9988.858   0.987575
 9988.876   0.985570
 9988.894   0.983595
 9988.913   0.981910
 9988.931   0.980777
 9988.949   0.980346
 9988.967   0.980687
 9988.985   0.981727
 9989.004   0.983329
 9989.022   0.985275
 9989.040   0.987329
 9989.058   0.989283
 9989.077   0.991032
 9989.095   0.992586
 9989.113   0.993957
 9989.131   0.995082
 9989.150   0.995764
 9989.168   0.995870
 9989.186   0.995442
 9989.204   0.994835
 9989.222   0.994497
 9989.241   0.994725
 9989.259   0.995449
 9989.277   0.996250
 9989.295   0.996681
 9989.314   0.996507
 9989.332   0.995910
 9989.350   0.995315
 9989.368   0.995185
 9989.387   0.995692
 9989.405   0.996657
 9989.423   0.997675
 9989.441   0.998342
 9989.459   0.998573
 9989.478   0.998501
 9989.496   0.998401
 9989.514   0.998368
 9989.532   0.998224
 9989.551   0.997742
 9989.569   0.996773
 9989.587   0.995547
 9989.605   0.994474
 9989.624   0.993967
 9989.642   0.994195
 9989.660   0.994942
 9989.678   0.995822
 9989.696   0.996390
 9989.715   0.996436
 9989.733   0.996000
 9989.751   0.995291
 9989.769   0.994603
 9989.788   0.994131
 9989.806   0.994014
 9989.824   0.994273
 9989.842   0.994877
 9989.861   0.995688
 9989.879   0.996479
 9989.897   0.996987
 9989.915   0.996984
 9989.933   0.996408
 9989.952   0.995363
 9989.970   0.994188
 9989.988   0.993247
 9990.006   0.992903
 9990.025   0.993270
 9990.043   0.994186
 9990.061   0.995284
 9990.079   0.996097
 9990.098   0.996391
 9990.116   0.996110
 9990.134   0.995466
 9990.152   0.994754
 9990.170   0.994198
 9990.189   0.993956
 9990.207   0.993968
 9990.225   0.994130
 9990.243   0.994255
 9990.262   0.994285
 9990.280   0.994308
 9990.298   0.994557
 9990.316   0.995205
 9990.335   0.996219
 9990.353   0.997246
 9990.371   0.997791
 9990.389   0.997482
 9990.407   0.996299
 9990.426   0.994680
 9990.444   0.993213
 9990.462   0.992450
 9990.480   0.992472
 9990.499   0.993008
 9990.517   0.993509
 9990.535   0.993554
 9990.553   0.993026
 9990.572   0.992179
 9990.590   0.991415
 9990.608   0.991054
 9990.626   0.991157
 9990.644   0.991555
 9990.663   0.992000
 9990.681   0.992301
 9990.699   0.992442
 9990.717   0.992434
 9990.736   0.992389
 9990.754   0.992302
 9990.772   0.992249
 9990.790   0.992261
 9990.809   0.992377
 9990.827   0.992606
 9990.845   0.992865
 9990.863   0.993158
 9990.881   0.993497
 9990.900   0.993958
 9990.918   0.994563
 9990.936   0.995180
 9990.954   0.995654
 9990.973   0.995804
 9990.991   0.995637
 9991.009   0.995280
 9991.027   0.994926
 9991.046   0.994704
 9991.064   0.994585
 9991.082   0.994472
 9991.100   0.994271
 9991.118   0.994023
 9991.137   0.993889
 9991.155   0.993996
 9991.173   0.994388
 9991.191   0.994878
 9991.210   0.995319
 9991.228   0.995663
 9991.246   0.996037
 9991.264   0.996620
 9991.282   0.997309
 9991.301   0.997820
 9991.319   0.997737
 9991.337   0.996968
 9991.355   0.995825
 9991.374   0.994912
 9991.392   0.994803
 9991.410   0.995636
 9991.428   0.997109
 9991.447   0.998521
 9991.465   0.999232
 9991.483   0.998924
 9991.501   0.997859
 9991.519   0.996728
 9991.538   0.996213
 9991.556   0.996647
 9991.574   0.997695
 9991.592   0.998733
 9991.611   0.999098
 9991.629   0.998611
 9991.647   0.997527
 9991.665   0.996351
 9991.684   0.995534
 9991.702   0.995189
 9991.720   0.995251
 9991.738   0.995460
 9991.756   0.995668
 9991.775   0.995800
 9991.793   0.995795
 9991.811   0.995651
 9991.829   0.995308
 9991.848   0.994857
 9991.866   0.994456
 9991.884   0.994303
 9991.902   0.994518
 9991.921   0.995022
 9991.939   0.995636
 9991.957   0.996165
 9991.975   0.996421
 9991.993   0.996326
 9992.012   0.995734
 9992.030   0.994628
 9992.048   0.993150
 9992.066   0.991671
 9992.085   0.990671
 9992.103   0.990439
 9992.121   0.990876
 9992.139   0.991547
 9992.158   0.991888
 9992.176   0.991606
 9992.194   0.990725
 9992.212   0.989543
 9992.230   0.988325
 9992.249   0.987147
 9992.267   0.985982
 9992.285   0.984800
 9992.303   0.983725
 9992.322   0.982921
 9992.340   0.982415
 9992.358   0.982031
 9992.376   0.981539
 9992.395   0.980866
 9992.413   0.980166
 9992.431   0.979696
 9992.449   0.979502
 9992.467   0.979366
 9992.486   0.978951
 9992.504   0.978124
 9992.522   0.977143
 9992.540   0.976479
 9992.559   0.976576
 9992.577   0.977513
 9992.595   0.979024
 9992.613   0.980584
 9992.632   0.981724
 9992.650   0.982118
 9992.668   0.981664
 9992.686   0.980528
 9992.704   0.978938
 9992.723   0.977199
 9992.741   0.975369
 9992.759   0.973382
 9992.777   0.971055
 9992.796   0.968226
 9992.814   0.964821
 9992.832   0.960718
 9992.850   0.955872
 9992.869   0.950387
 9992.887   0.944695
 9992.905   0.939501
 9992.923   0.935602
 9992.941   0.933561
 9992.960   0.933596
 9992.978   0.935560
 9992.996   0.939105
 9993.014   0.943781
 9993.033   0.949080
 9993.051   0.954503
 9993.069   0.959660
 9993.087   0.964386
 9993.106   0.968704
 9993.124   0.972654
 9993.142   0.976207
 9993.160   0.979233
 9993.178   0.981640
 9993.197   0.983523
 9993.215   0.985066
 9993.233   0.986483
 9993.251   0.987813
 9993.270   0.989023
 9993.288   0.990069
 9993.306   0.990998
 9993.324   0.991862
 9993.343   0.992636
 9993.361   0.993204
 9993.379   0.993505
 9993.397   0.993623
 9993.415   0.993792
 9993.434   0.994233
 9993.452   0.995015
 9993.470   0.996036
 9993.488   0.997030
 9993.507   0.997779
 9993.525   0.998108
 9993.543   0.998064
 9993.561   0.997716
 9993.579   0.997225
 9993.598   0.996652
 9993.616   0.996028
 9993.634   0.995448
 9993.652   0.995003
 9993.671   0.994804
 9993.689   0.994748
 9993.707   0.994582
 9993.725   0.994014
 9993.744   0.992915
 9993.762   0.991560
 9993.780   0.990460
 9993.798   0.990143
 9993.816   0.990805
 9993.835   0.992163
 9993.853   0.993676
 9993.871   0.994727
 9993.889   0.995082
 9993.908   0.994822
 9993.926   0.994378
 9993.944   0.994119
 9993.962   0.994210
 9993.981   0.994497
 9993.999   0.994631
 9994.017   0.994383
 9994.035   0.993718
 9994.053   0.992903
 9994.072   0.992224
 9994.090   0.991879
 9994.108   0.991926
 9994.126   0.992296
 9994.145   0.992943
 9994.163   0.993800
 9994.181   0.994721
 9994.199   0.995546
 9994.218   0.996093
 9994.236   0.996367
 9994.254   0.996500
 9994.272   0.996712
 9994.290   0.997167
 9994.309   0.997789
 9994.327   0.998369
 9994.345   0.998582
 9994.363   0.998288
 9994.382   0.997573
 9994.400   0.996761
 9994.418   0.996209
 9994.436   0.996028
 9994.455   0.996146
 9994.473   0.996342
 9994.491   0.996537
 9994.509   0.996795
 9994.527   0.997161
 9994.546   0.997629
 9994.564   0.998017
 9994.582   0.998259
 9994.600   0.998395
 9994.619   0.998519
 9994.637   0.998620
 9994.655   0.998483
 9994.673   0.997869
 9994.692   0.996806
 9994.710   0.995570
 9994.728   0.994616
 9994.746   0.994188
 9994.764   0.994180
 9994.783   0.994287
 9994.801   0.994150
 9994.819   0.993811
 9994.837   0.993526
 9994.856   0.993707
 9994.874   0.994546
 9994.892   0.995845
 9994.910   0.997068
 9994.929   0.997568
 9994.947   0.997091
 9994.965   0.995884
 9994.983   0.994658
 9995.001   0.994092
 9995.020   0.994410
 9995.038   0.995311
 9995.056   0.996176
 9995.074   0.996600
 9995.093   0.996571
 9995.111   0.996484
 9995.129   0.996735
 9995.147   0.997357
 9995.166   0.997972
 9995.184   0.997976
 9995.202   0.996998
 9995.220   0.995110
 9995.238   0.992895
 9995.257   0.991109
 9995.275   0.990341
 9995.293   0.990707
 9995.311   0.991792
 9995.330   0.992924
 9995.348   0.993413
 9995.366   0.993131
 9995.384   0.992340
 9995.403   0.991741
 9995.421   0.991855
 9995.439   0.992832
 9995.457   0.994306
 9995.475   0.995570
 9995.494   0.996054
 9995.512   0.995462
 9995.530   0.994149
 9995.548   0.992707
 9995.567   0.991830
 9995.585   0.991672
 9995.603   0.991874
 9995.621   0.991800
 9995.640   0.991001
 9995.658   0.989721
 9995.676   0.988578
 9995.694   0.988234
 9995.712   0.988770
 9995.731   0.989708
 9995.749   0.990366
 9995.767   0.990326
 9995.785   0.989845
 9995.804   0.989489
 9995.822   0.989840
 9995.840   0.990913
 9995.858   0.992219
 9995.876   0.993072
 9995.895   0.993033
 9995.913   0.992253
 9995.931   0.991209
 9995.949   0.990490
 9995.968   0.990232
 9995.986   0.990322
 9996.004   0.990397
 9996.022   0.990253
 9996.041   0.989927
 9996.059   0.989543
 9996.077   0.989345
 9996.095   0.989309
 9996.113   0.989390
 9996.132   0.989342
 9996.150   0.989002
 9996.168   0.988389
 9996.186   0.987744
 9996.205   0.987471
 9996.223   0.987768
 9996.241   0.988561
 9996.259   0.989547
