10230.000   0.996390
10230.020   0.995386
10230.039   0.994889
10230.059   0.994894
10230.078   0.995269
10230.098   0.995825
10230.117   0.996440
10230.137   0.997064
10230.156   0.997736
10230.176   0.998475
10230.195   0.999249
10230.215   0.999920
10230.234   1.000327
10230.254   1.000302
10230.274   0.999775
10230.293   0.998768
10230.313   0.997468
10230.332   0.996147
10230.352   0.995138
10230.371   0.994668
10230.391   0.994855
10230.410   0.995592
10230.430   0.996643
10230.449   0.997651
10230.469   0.998317
10230.488   0.998464
10230.508   0.998130
10230.528   0.997484
10230.547   0.996775
10230.567   0.996250
10230.586   0.996072
10230.606   0.996282
10230.625   0.996782
10230.645   0.997399
10230.664   0.997907
10230.684   0.998107
10230.703   0.997896
10230.723   0.997298
10230.742   0.996463
10230.762   0.995616
10230.782   0.994988
10230.801   0.994688
10230.821   0.994692
10230.840   0.994847
10230.860   0.994997
10230.879   0.995071
10230.899   0.995110
10230.918   0.995210
10230.938   0.995436
10230.957   0.995779
10230.977   0.996145
10230.996   0.996369
10231.016   0.996305
10231.035   0.995887
10231.055   0.995206
10231.075   0.994458
10231.094   0.993924
10231.114   0.993831
10231.133   0.994317
10231.153   0.995316
10231.172   0.996609
10231.192   0.997839
10231.211   0.998669
10231.231   0.998889
10231.250   0.998499
10231.270   0.997713
10231.289   0.996846
10231.309   0.996223
10231.329   0.996022
10231.348   0.996251
10231.368   0.996722
10231.387   0.997185
10231.407   0.997407
10231.426   0.997321
10231.446   0.996983
10231.465   0.996554
10231.485   0.996168
10231.504   0.995891
10231.524   0.995701
10231.543   0.995555
10231.563   0.995423
10231.583   0.995328
10231.602   0.995288
10231.622   0.995300
10231.641   0.995280
10231.661   0.995121
10231.680   0.994734
10231.700   0.994158
10231.719   0.993537
10231.739   0.993096
10231.758   0.992967
10231.778   0.993161
10231.797   0.993526
10231.817   0.993856
10231.837   0.993950
10231.856   0.993717
10231.876   0.993194
10231.895   0.992538
10231.915   0.991943
10231.934   0.991561
10231.954   0.991482
10231.973   0.991718
10231.993   0.992209
10232.012   0.992829
10232.032   0.993417
10232.051   0.993840
10232.071   0.994025
10232.091   0.993995
10232.110   0.993803
10232.130   0.993556
10232.149   0.993313
10232.169   0.993127
10232.188   0.993017
10232.208   0.993050
10232.227   0.993284
10232.247   0.993755
10232.266   0.994405
10232.286   0.995066
10232.305   0.995479
10232.325   0.995387
10232.345   0.994670
10232.364   0.993443
10232.384   0.992032
10232.403   0.990846
10232.423   0.990212
10232.442   0.990245
10232.462   0.990803
10232.481   0.991594
10232.501   0.992295
10232.520   0.992700
10232.540   0.992741
10232.559   0.992475
10232.579   0.991980
10232.599   0.991331
10232.618   0.990606
10232.638   0.989922
10232.657   0.989442
10232.677   0.989303
10232.696   0.989565
10232.716   0.990133
10232.735   0.990795
10232.755   0.991255
10232.774   0.991291
10232.794   0.990794
10232.813   0.989871
10232.833   0.988746
10232.852   0.987722
10232.872   0.987031
10232.892   0.986819
10232.911   0.987077
10232.931   0.987705
10232.950   0.988525
10232.970   0.989359
10232.989   0.990047
10233.009   0.990486
10233.028   0.990649
10233.048   0.990567
10233.067   0.990339
10233.087   0.990100
10233.106   0.990009
10233.126   0.990157
10233.146   0.990567
10233.165   0.991136
10233.185   0.991718
10233.204   0.992140
10233.224   0.992314
10233.243   0.992241
10233.263   0.992044
10233.282   0.991882
10233.302   0.991901
10233.321   0.992149
10233.341   0.992579
10233.360   0.993071
10233.380   0.993479
10233.400   0.993696
10233.419   0.993695
10233.439   0.993537
10233.458   0.993312
10233.478   0.993083
10233.497   0.992837
10233.517   0.992507
10233.536   0.992038
10233.556   0.991465
10233.575   0.990928
10233.595   0.990623
10233.614   0.990711
10233.634   0.991199
10233.654   0.991901
10233.673   0.992466
10233.693   0.992585
10233.712   0.992112
10233.732   0.991185
10233.751   0.990156
10233.771   0.989489
10233.790   0.989551
10233.810   0.990485
10233.829   0.992109
10233.849   0.993986
10233.868   0.995586
10233.888   0.996503
10233.908   0.996606
10233.927   0.996064
10233.947   0.995256
10233.966   0.994588
10233.986   0.994323
10234.005   0.994468
10234.025   0.994817
10234.044   0.995101
10234.064   0.995136
10234.083   0.994910
10234.103   0.994542
10234.122   0.994209
10234.142   0.994002
10234.162   0.993957
10234.181   0.994022
10234.201   0.994184
10234.220   0.994419
10234.240   0.994748
10234.259   0.995128
10234.279   0.995495
10234.298   0.995716
10234.318   0.995705
10234.337   0.995434
10234.357   0.994991
10234.376   0.994504
10234.396   0.994092
10234.415   0.993802
10234.435   0.993635
10234.455   0.993579
10234.474   0.993666
10234.494   0.993960
10234.513   0.994485
10234.533   0.995170
10234.552   0.995814
10234.572   0.996164
10234.591   0.996033
10234.611   0.995422
10234.630   0.994514
10234.650   0.993631
10234.669   0.993071
10234.689   0.993000
10234.709   0.993373
10234.728   0.994000
10234.748   0.994610
10234.767   0.994992
10234.787   0.995056
10234.806   0.994869
10234.826   0.994593
10234.845   0.994410
10234.865   0.994426
10234.884   0.994646
10234.904   0.994982
10234.923   0.995325
10234.943   0.995613
10234.963   0.995866
10234.982   0.996163
10235.002   0.996574
10235.021   0.997066
10235.041   0.997524
10235.060   0.997763
10235.080   0.997638
10235.099   0.997101
10235.119   0.996274
10235.138   0.995366
10235.158   0.994621
10235.177   0.994133
10235.197   0.993837
10235.217   0.993465
10235.236   0.992705
10235.256   0.991300
10235.275   0.989212
10235.295   0.986601
10235.314   0.983778
10235.334   0.981033
10235.353   0.978541
10235.373   0.976315
10235.392   0.974260
10235.412   0.972269
10235.431   0.970352
10235.451   0.968661
10235.471   0.967498
10235.490   0.967200
10235.510   0.968017
10235.529   0.969994
10235.549   0.972919
10235.568   0.976385
10235.588   0.979904
10235.607   0.983070
10235.627   0.985601
10235.646   0.987393
10235.666   0.988460
10235.685   0.988933
10235.705   0.989008
10235.725   0.988943
10235.744   0.988988
10235.764   0.989322
10235.783   0.989975
10235.803   0.990818
10235.822   0.991597
10235.842   0.992037
10235.861   0.991927
10235.881   0.991219
10235.900   0.990007
10235.920   0.988527
10235.939   0.987076
10235.959   0.985968
10235.979   0.985422
10235.998   0.985535
10236.018   0.986239
10236.037   0.987363
10236.057   0.988684
10236.076   0.990006
10236.096   0.991190
10236.115   0.992171
10236.135   0.992954
10236.154   0.993582
10236.174   0.994120
10236.193   0.994601
10236.213   0.994990
10236.232   0.995129
10236.252   0.994838
10236.272   0.994013
10236.291   0.992785
10236.311   0.991477
10236.330   0.990519
10236.350   0.990223
10236.369   0.990675
10236.389   0.991643
10236.408   0.992704
10236.428   0.993406
10236.447   0.993485
10236.467   0.992925
10236.486   0.991948
10236.506   0.990882
10236.526   0.990045
10236.545   0.989647
10236.565   0.989774
10236.584   0.990385
10236.604   0.991341
10236.623   0.992435
10236.643   0.993439
10236.662   0.994163
10236.682   0.994536
10236.701   0.994640
10236.721   0.994680
10236.740   0.994850
10236.760   0.995213
10236.780   0.995639
10236.799   0.995867
10236.819   0.995658
10236.838   0.994947
10236.858   0.993915
10236.877   0.992924
10236.897   0.992345
10236.916   0.992361
10236.936   0.992892
10236.955   0.993653
10236.975   0.994299
10236.994   0.994588
10237.014   0.994481
10237.034   0.994153
10237.053   0.993907
10237.073   0.994041
10237.092   0.994711
10237.112   0.995838
10237.131   0.997113
10237.151   0.998108
10237.170   0.998473
10237.190   0.998049
10237.209   0.996949
10237.229   0.995450
10237.248   0.993899
10237.268   0.992559
10237.288   0.991594
10237.307   0.991051
10237.327   0.990928
10237.346   0.991175
10237.366   0.991714
10237.385   0.992402
10237.405   0.993071
10237.424   0.993565
10237.444   0.993794
10237.463   0.993747
10237.483   0.993482
10237.502   0.993087
10237.522   0.992635
10237.542   0.992189
10237.561   0.991784
10237.581   0.991459
10237.600   0.991217
10237.620   0.991028
10237.639   0.990750
10237.659   0.990201
10237.678   0.989158
10237.698   0.987510
10237.717   0.985254
10237.737   0.982570
10237.756   0.979670
10237.776   0.976792
10237.796   0.974075
10237.815   0.971668
10237.835   0.969702
10237.854   0.968411
10237.874   0.968043
10237.893   0.968831
10237.913   0.970828
10237.932   0.973888
10237.952   0.977619
10237.971   0.981508
10237.991   0.985029
10238.010   0.987797
10238.030   0.989619
10238.049   0.990518
10238.069   0.990712
10238.089   0.990553
10238.108   0.990426
10238.128   0.990633
10238.147   0.991292
10238.167   0.992279
10238.186   0.993305
10238.206   0.994035
10238.225   0.994266
10238.245   0.993998
10238.264   0.993458
10238.284   0.992958
10238.303   0.992790
10238.323   0.993066
10238.343   0.993717
10238.362   0.994517
10238.382   0.995198
10238.401   0.995535
10238.421   0.995423
10238.440   0.994907
10238.460   0.994133
10238.479   0.993292
10238.499   0.992514
10238.518   0.991833
10238.538   0.991158
10238.557   0.990330
10238.577   0.989190
10238.597   0.987639
10238.616   0.985655
10238.636   0.983237
10238.655   0.980353
10238.675   0.976871
10238.694   0.972613
10238.714   0.967424
10238.733   0.961306
10238.753   0.954513
10238.772   0.947590
10238.792   0.941304
10238.811   0.936476
10238.831   0.933788
10238.851   0.933593
10238.870   0.935859
10238.890   0.940169
10238.909   0.945915
10238.929   0.952443
10238.948   0.959209
10238.968   0.965813
10238.987   0.972048
10239.007   0.977772
10239.026   0.982915
10239.046   0.987364
10239.065   0.991006
10239.085   0.993699
10239.105   0.995430
10239.124   0.996294
10239.144   0.996558
10239.163   0.996551
10239.183   0.996588
10239.202   0.996864
10239.222   0.997399
10239.241   0.998092
10239.261   0.998753
10239.280   0.999225
10239.300   0.999415
10239.319   0.999379
10239.339   0.999248
10239.359   0.999219
10239.378   0.999444
10239.398   0.999981
10239.417   1.000737
10239.437   1.001481
10239.456   1.001933
10239.476   1.001875
10239.495   1.001259
10239.515   1.000232
10239.534   0.999074
10239.554   0.998065
10239.573   0.997382
10239.593   0.997048
10239.613   0.996977
10239.632   0.997030
10239.652   0.997077
10239.671   0.997012
10239.691   0.996766
10239.710   0.996294
10239.730   0.995590
10239.749   0.994695
10239.769   0.993725
10239.788   0.992808
10239.808   0.992025
10239.827   0.991307
10239.847   0.990413
10239.866   0.988954
10239.886   0.986516
10239.906   0.982802
10239.925   0.977727
10239.945   0.971449
10239.964   0.964338
10239.984   0.956948
10240.003   0.949924
10240.023   0.943954
10240.042   0.939671
10240.062   0.937542
10240.081   0.937730
10240.101   0.940061
10240.120   0.944055
10240.140   0.949089
10240.160   0.954527
10240.179   0.959855
10240.199   0.964719
10240.218   0.968931
10240.238   0.972455
10240.257   0.975414
10240.277   0.978038
10240.296   0.980548
10240.316   0.983074
10240.335   0.985593
10240.355   0.987916
10240.374   0.989760
10240.394   0.990858
10240.414   0.991051
10240.433   0.990365
10240.453   0.989036
10240.472   0.987481
10240.492   0.986177
10240.511   0.985515
10240.531   0.985664
10240.550   0.986494
10240.570   0.987643
10240.589   0.988676
10240.609   0.989304
10240.628   0.989515
10240.648   0.989585
10240.668   0.989886
10240.687   0.990662
10240.707   0.991838
10240.726   0.993020
10240.746   0.993695
10240.765   0.993501
10240.785   0.992469
10240.804   0.991002
10240.824   0.989728
10240.843   0.989151
10240.863   0.989492
10240.882   0.990552
10240.902   0.991908
10240.922   0.993077
10240.941   0.993792
10240.961   0.994028
10240.980   0.993991
10241.000   0.993915
10241.019   0.993950
10241.039   0.994096
10241.058   0.994236
10241.078   0.994241
10241.097   0.994020
10241.117   0.993586
10241.136   0.992993
10241.156   0.992345
10241.176   0.991727
10241.195   0.991236
10241.215   0.990964
10241.234   0.990989
10241.254   0.991329
10241.273   0.991910
10241.293   0.992588
10241.312   0.993175
10241.332   0.993558
10241.351   0.993700
10241.371   0.993663
10241.390   0.993534
10241.410   0.993410
10241.430   0.993316
10241.449   0.993239
10241.469   0.993133
10241.488   0.992975
10241.508   0.992765
10241.527   0.992545
10241.547   0.992388
10241.566   0.992349
10241.586   0.992459
10241.605   0.992676
10241.625   0.992913
10241.644   0.993021
10241.664   0.992927
10241.683   0.992622
10241.703   0.992256
10241.723   0.992031
10241.742   0.992165
10241.762   0.992743
10241.781   0.993669
10241.801   0.994666
10241.820   0.995382
10241.840   0.995545
10241.859   0.995075
10241.879   0.994129
10241.898   0.993002
10241.918   0.992028
10241.937   0.991426
10241.957   0.991288
10241.977   0.991552
10241.996   0.992094
10242.016   0.992746
10242.035   0.993386
10242.055   0.993924
10242.074   0.994328
10242.094   0.994615
10242.113   0.994840
10242.133   0.995117
10242.152   0.995547
10242.172   0.996214
10242.191   0.997066
10242.211   0.997956
10242.231   0.998597
10242.250   0.998731
10242.270   0.998191
10242.289   0.997086
10242.309   0.995728
10242.328   0.994572
10242.348   0.993928
10242.367   0.993901
10242.387   0.994313
10242.406   0.994868
10242.426   0.995272
10242.445   0.995356
10242.465   0.995130
10242.485   0.994737
10242.504   0.994379
10242.524   0.994194
10242.543   0.994241
10242.563   0.994455
10242.582   0.994731
10242.602   0.994937
10242.621   0.994994
10242.641   0.994849
10242.660   0.994517
10242.680   0.994055
10242.699   0.993560
10242.719   0.993142
10242.739   0.992901
10242.758   0.992896
10242.778   0.993101
10242.797   0.993408
10242.817   0.993650
10242.836   0.993682
10242.856   0.993429
10242.875   0.992946
10242.895   0.992372
10242.914   0.991886
10242.934   0.991619
10242.953   0.991626
10242.973   0.991860
10242.993   0.992223
10243.012   0.992593
10243.032   0.992871
10243.051   0.993003
10243.071   0.992971
10243.090   0.992801
10243.110   0.992531
10243.129   0.992214
10243.149   0.991882
10243.168   0.991601
10243.188   0.991431
10243.207   0.991467
10243.227   0.991744
10243.246   0.992227
10243.266   0.992775
10243.286   0.993199
10243.305   0.993331
10243.325   0.993085
10243.344   0.992490
10243.364   0.991648
10243.383   0.990717
10243.403   0.989853
10243.422   0.989223
10243.442   0.988975
10243.461   0.989181
10243.481   0.989810
10243.500   0.990673
10243.520   0.991541
10243.540   0.992186
10243.559   0.992557
10243.579   0.992713
10243.598   0.992842
10243.618   0.993048
10243.637   0.993321
10243.657   0.993500
10243.676   0.993400
10243.696   0.992918
10243.715   0.992133
10243.735   0.991298
10243.754   0.990703
10243.774   0.990582
10243.794   0.990990
10243.813   0.991832
10243.833   0.992869
10243.852   0.993858
10243.872   0.994613
10243.891   0.995067
10243.911   0.995244
10243.930   0.995211
10243.950   0.995042
10243.969   0.994781
10243.989   0.994496
10244.008   0.994220
10244.028   0.994017
10244.048   0.993879
10244.067   0.993792
10244.087   0.993658
10244.106   0.993407
10244.126   0.992991
10244.145   0.992495
10244.165   0.992074
10244.184   0.991937
10244.204   0.992220
10244.223   0.992927
10244.243   0.993884
10244.262   0.994789
10244.282   0.995298
10244.302   0.995164
10244.321   0.994340
10244.341   0.993024
10244.360   0.991562
10244.380   0.990338
10244.399   0.989623
10244.419   0.989528
10244.438   0.989962
10244.458   0.990728
10244.477   0.991575
10244.497   0.992328
10244.516   0.992884
10244.536   0.993228
10244.556   0.993378
10244.575   0.993367
10244.595   0.993221
10244.614   0.992978
10244.634   0.992712
10244.653   0.992530
10244.673   0.992554
10244.692   0.992864
10244.712   0.993455
10244.731   0.994225
10244.751   0.995011
10244.770   0.995643
10244.790   0.996001
10244.810   0.996049
10244.829   0.995823
10244.849   0.995413
10244.868   0.994934
10244.888   0.994523
10244.907   0.994298
10244.927   0.994322
10244.946   0.994573
10244.966   0.994957
10244.985   0.995339
10245.005   0.995604
10245.024   0.995724
10245.044   0.995734
10245.063   0.995696
10245.083   0.995636
10245.103   0.995538
10245.122   0.995354
10245.142   0.995061
10245.161   0.994694
10245.181   0.994309
10245.200   0.993958
10245.220   0.993637
10245.239   0.993322
10245.259   0.993021
10245.278   0.992814
10245.298   0.992829
10245.317   0.993134
10245.337   0.993667
10245.357   0.994213
10245.376   0.994492
10245.396   0.994297
10245.415   0.993617
10245.435   0.992664
10245.454   0.991769
10245.474   0.991225
10245.493   0.991157
10245.513   0.991474
10245.532   0.991936
10245.552   0.992276
10245.571   0.992305
10245.591   0.991956
10245.611   0.991291
10245.630   0.990460
10245.650   0.989672
10245.669   0.989143
10245.689   0.989045
10245.708   0.989467
10245.728   0.990352
10245.747   0.991520
10245.767   0.992688
10245.786   0.993585
10245.806   0.994003
10245.825   0.993876
10245.845   0.993250
10245.865   0.992271
10245.884   0.991119
10245.904   0.990008
10245.923   0.989141
10245.943   0.988702
10245.962   0.988783
10245.982   0.989374
10246.001   0.990332
10246.021   0.991475
10246.040   0.992645
10246.060   0.993774
10246.079   0.994867
10246.099   0.995922
10246.119   0.996881
10246.138   0.997613
10246.158   0.997991
10246.177   0.997947
10246.197   0.997537
10246.216   0.996882
10246.236   0.996154
10246.255   0.995467
10246.275   0.994883
10246.294   0.994401
10246.314   0.994041
10246.333   0.993854
10246.353   0.993929
10246.373   0.994314
10246.392   0.994943
10246.412   0.995625
10246.431   0.996113
10246.451   0.996228
10246.470   0.995938
10246.490   0.995372
10246.509   0.994703
10246.529   0.994062
10246.548   0.993482
10246.568   0.992936
10246.587   0.992385
10246.607   0.991834
10246.627   0.991318
10246.646   0.990870
10246.666   0.990509
10246.685   0.990247
10246.705   0.990091
10246.724   0.990041
10246.744   0.990068
10246.763   0.990113
10246.783   0.990115
10246.802   0.990075
10246.822   0.990077
10246.841   0.990259
10246.861   0.990723
10246.880   0.991438
10246.900   0.992225
10246.920   0.992844
10246.939   0.993136
10246.959   0.993121
10246.978   0.993001
10246.998   0.993032
10247.017   0.993380
10247.037   0.994026
10247.056   0.994795
10247.076   0.995436
10247.095   0.995780
10247.115   0.995791
10247.134   0.995553
10247.154   0.995193
10247.174   0.994819
10247.193   0.994491
10247.213   0.994224
10247.232   0.994032
10247.252   0.993922
10247.271   0.993905
10247.291   0.993979
10247.310   0.994121
10247.330   0.994301
10247.349   0.994459
10247.369   0.994542
10247.388   0.994451
10247.408   0.994126
10247.428   0.993543
10247.447   0.992825
10247.467   0.992175
10247.486   0.991842
10247.506   0.991959
10247.525   0.992496
10247.545   0.993234
10247.564   0.993872
10247.584   0.994169
10247.603   0.994034
10247.623   0.993574
10247.642   0.993008
10247.662   0.992616
10247.682   0.992620
10247.701   0.993153
10247.721   0.994181
10247.740   0.995512
10247.760   0.996806
10247.779   0.997712
10247.799   0.997991
10247.818   0.997631
10247.838   0.996829
10247.857   0.995886
10247.877   0.995061
10247.896   0.994484
10247.916   0.994127
10247.936   0.993888
10247.955   0.993654
10247.975   0.993400
10247.994   0.993158
10248.014   0.993062
10248.033   0.993218
10248.053   0.993713
10248.072   0.994459
10248.092   0.995289
10248.111   0.995905
10248.131   0.996084
10248.150   0.995722
10248.170   0.994926
10248.190   0.993940
10248.209   0.993060
10248.229   0.992523
10248.248   0.992405
10248.268   0.992662
10248.287   0.993132
10248.307   0.993665
10248.326   0.994140
10248.346   0.994531
10248.365   0.994840
10248.385   0.995083
10248.404   0.995208
10248.424   0.995120
10248.444   0.994720
10248.463   0.994008
10248.483   0.993123
10248.502   0.992328
10248.522   0.991886
10248.541   0.991918
10248.561   0.992311
10248.580   0.992763
10248.600   0.992931
10248.619   0.992610
10248.639   0.991863
10248.658   0.990977
10248.678   0.990309
10248.697   0.990071
10248.717   0.990251
10248.737   0.990601
10248.756   0.990822
10248.776   0.990722
10248.795   0.990345
10248.815   0.989914
10248.834   0.989709
10248.854   0.989885
10248.873   0.990382
10248.893   0.990962
10248.912   0.991348
10248.932   0.991366
10248.951   0.991011
10248.971   0.990426
10248.991   0.989818
10249.010   0.989370
10249.030   0.989204
10249.049   0.989361
10249.069   0.989803
10249.088   0.990415
10249.108   0.991007
10249.127   0.991411
10249.147   0.991529
10249.166   0.991384
10249.186   0.991041
10249.205   0.990561
10249.225   0.989917
10249.245   0.989082
10249.264   0.988098
10249.284   0.987165
10249.303   0.986552
10249.323   0.986471
10249.342   0.986936
10249.362   0.987743
10249.381   0.988563
10249.401   0.989112
10249.420   0.989278
10249.440   0.989132
10249.459   0.988834
10249.479   0.988537
10249.499   0.988307
10249.518   0.988179
10249.538   0.988189
10249.557   0.988462
10249.577   0.989112
10249.596   0.990223
10249.616   0.991670
10249.635   0.993185
10249.655   0.994374
10249.674   0.994977
10249.694   0.994941
10249.713   0.994516
10249.733   0.994091
10249.753   0.993997
10249.772   0.994340
10249.792   0.994917
10249.811   0.995390
10249.831   0.995408
10249.850   0.994869
10249.870   0.993889
10249.889   0.992817
10249.909   0.991985
10249.928   0.991632
10249.948   0.991752
10249.967   0.992194
10249.987   0.992698
10250.007   0.993087
10250.026   0.993287
10250.046   0.993391
10250.065   0.993506
10250.085   0.993720
10250.104   0.994006
10250.124   0.994330
10250.143   0.994663
10250.163   0.995082
10250.182   0.995682
10250.202   0.996509
10250.221   0.997462
10250.241   0.998309
10250.261   0.998804
10250.280   0.998819
10250.300   0.998444
10250.319   0.997932
10250.339   0.997543
10250.358   0.997380
10250.378   0.997292
10250.397   0.996925
10250.417   0.995819
10250.436   0.993478
10250.456   0.989447
10250.475   0.983465
10250.495   0.975853
10250.514   0.967704
10250.534   0.960784
10250.554   0.956930
10250.573   0.957258
10250.593   0.961697
10250.612   0.968984
10250.632   0.977279
10250.651   0.984836
10250.671   0.990610
10250.690   0.994304
10250.710   0.996184
10250.729   0.996756
10250.749   0.996505
10250.768   0.995836
10250.788   0.995014
10250.808   0.994210
10250.827   0.993505
10250.847   0.992936
10250.866   0.992528
10250.886   0.992308
10250.905   0.992292
10250.925   0.992463
10250.944   0.992777
10250.964   0.993184
10250.983   0.993641
10251.003   0.994125
10251.022   0.994615
10251.042   0.995098
10251.062   0.995520
10251.081   0.995795
10251.101   0.995785
10251.120   0.995400
10251.140   0.994627
10251.159   0.993631
10251.179   0.992663
10251.198   0.991979
10251.218   0.991698
10251.237   0.991784
10251.257   0.992086
10251.276   0.992423
10251.296   0.992681
10251.316   0.992790
10251.335   0.992733
10251.355   0.992485
10251.374   0.992090
10251.394   0.991664
10251.413   0.991404
10251.433   0.991480
10251.452   0.991924
10251.472   0.992597
10251.491   0.993223
10251.511   0.993573
10251.530   0.993544
10251.550   0.993247
10251.570   0.992867
10251.589   0.992614
10251.609   0.992578
10251.628   0.992761
10251.648   0.993071
10251.667   0.993435
10251.687   0.993761
10251.706   0.994002
10251.726   0.994101
10251.745   0.994049
10251.765   0.993865
10251.784   0.993628
10251.804   0.993428
10251.824   0.993321
10251.843   0.993306
10251.863   0.993292
10251.882   0.993174
10251.902   0.992843
10251.921   0.992310
10251.941   0.991664
10251.960   0.991154
10251.980   0.990993
10251.999   0.991317
10252.019   0.991995
10252.038   0.992723
10252.058   0.993091
10252.077   0.992827
10252.097   0.991918
10252.117   0.990650
10252.136   0.989489
10252.156   0.988862
10252.175   0.988980
10252.195   0.989752
10252.214   0.990867
10252.234   0.991939
10252.253   0.992664
10252.273   0.992909
10252.292   0.992733
10252.312   0.992314
10252.331   0.991878
10252.351   0.991581
10252.371   0.991468
10252.390   0.991451
10252.410   0.991384
10252.429   0.991170
10252.449   0.990823
10252.468   0.990505
10252.488   0.990421
10252.507   0.990720
10252.527   0.991363
10252.546   0.992156
10252.566   0.992838
10252.585   0.993221
10252.605   0.993287
10252.625   0.993162
10252.644   0.993016
10252.664   0.992925
10252.683   0.992810
10252.703   0.992491
10252.722   0.991792
10252.742   0.990644
10252.761   0.989084
10252.781   0.987241
10252.800   0.985250
10252.820   0.983264
10252.839   0.981415
10252.859   0.979847
10252.879   0.978672
10252.898   0.977989
10252.918   0.977842
10252.937   0.978252
10252.957   0.979196
10252.976   0.980586
10252.996   0.982263
10253.015   0.984015
10253.035   0.985631
10253.054   0.986962
10253.074   0.987969
10253.093   0.988712
10253.113   0.989314
10253.133   0.989904
10253.152   0.990554
10253.172   0.991251
10253.191   0.991886
10253.211   0.992316
10253.230   0.992417
10253.250   0.992175
10253.269   0.991668
10253.289   0.991046
10253.308   0.990446
10253.328   0.989970
10253.347   0.989687
10253.367   0.989672
10253.387   0.990001
10253.406   0.990693
10253.426   0.991645
10253.445   0.992633
10253.465   0.993348
10253.484   0.993551
10253.504   0.993175
10253.523   0.992383
10253.543   0.991496
10253.562   0.990886
10253.582   0.990812
10253.601   0.991295
10253.621   0.992120
10253.641   0.992914
10253.660   0.993338
10253.680   0.993228
10253.699   0.992675
10253.719   0.991945
10253.738   0.991315
10253.758   0.990942
10253.777   0.990780
10253.797   0.990695
10253.816   0.990550
10253.836   0.990344
10253.855   0.990182
10253.875   0.990206
10253.894   0.990475
10253.914   0.990915
10253.934   0.991364
10253.953   0.991645
10253.973   0.991648
10253.992   0.991387
10254.012   0.990972
10254.031   0.990585
10254.051   0.990390
10254.070   0.990504
10254.090   0.990905
10254.109   0.991468
10254.129   0.991976
10254.148   0.992257
10254.168   0.992240
10254.188   0.992033
10254.207   0.991807
10254.227   0.991700
10254.246   0.991720
10254.266   0.991746
10254.285   0.991645
10254.305   0.991375
10254.324   0.991065
10254.344   0.990933
10254.363   0.991188
10254.383   0.991895
10254.402   0.992944
10254.422   0.994096
10254.442   0.995070
10254.461   0.995669
10254.481   0.995842
10254.500   0.995719
10254.520   0.995538
10254.539   0.995555
10254.559   0.995916
10254.578   0.996631
10254.598   0.997566
10254.617   0.998539
10254.637   0.999353
10254.656   0.999864
10254.676   0.999943
10254.696   0.999516
10254.715   0.998600
10254.735   0.997383
10254.754   0.996199
10254.774   0.995409
10254.793   0.995217
10254.813   0.995533
10254.832   0.995999
10254.852   0.996160
10254.871   0.995701
10254.891   0.994607
10254.910   0.993161
10254.930   0.991799
10254.950   0.990897
10254.969   0.990634
10254.989   0.990959
10255.008   0.991660
10255.028   0.992482
10255.047   0.993202
10255.067   0.993698
10255.086   0.993916
10255.106   0.993877
10255.125   0.993632
10255.145   0.993279
10255.164   0.992923
10255.184   0.992669
10255.204   0.992576
10255.223   0.992645
10255.243   0.992819
10255.262   0.993024
10255.282   0.993212
10255.301   0.993403
10255.321   0.993672
10255.340   0.994110
10255.360   0.994718
10255.379   0.995383
10255.399   0.995878
10255.418   0.995992
10255.438   0.995629
10255.458   0.994865
10255.477   0.993887
10255.497   0.992896
10255.516   0.992048
10255.536   0.991436
10255.555   0.991122
10255.575   0.991152
10255.594   0.991537
10255.614   0.992221
10255.633   0.993055
10255.653   0.993817
10255.672   0.994282
10255.692   0.994306
10255.711   0.993878
10255.731   0.993153
10255.751   0.992380
10255.770   0.991813
10255.790   0.991573
10255.809   0.991635
10255.829   0.991860
10255.848   0.992118
10255.868   0.992353
10255.887   0.992568
10255.907   0.992786
10255.926   0.992961
10255.946   0.993030
10255.965   0.992916
10255.985   0.992634
10256.005   0.992244
10256.024   0.991857
10256.044   0.991561
10256.063   0.991424
10256.083   0.991470
10256.102   0.991692
10256.122   0.992061
10256.141   0.992529
10256.161   0.993043
10256.180   0.993574
10256.200   0.994112
10256.219   0.994609
10256.239   0.994964
10256.259   0.995016
10256.278   0.994669
10256.298   0.993949
10256.317   0.993085
10256.337   0.992372
10256.356   0.992062
10256.376   0.992235
10256.395   0.992780
10256.415   0.993490
10256.434   0.994159
10256.454   0.994708
10256.473   0.995144
10256.493   0.995554
10256.513   0.995960
10256.532   0.996338
10256.552   0.996580
10256.571   0.996637
10256.591   0.996527
10256.610   0.996391
10256.630   0.996362
10256.649   0.996491
10256.669   0.996688
10256.688   0.996793
10256.708   0.996700
10256.727   0.996435
10256.747   0.996163
10256.767   0.996067
10256.786   0.996233
10256.806   0.996575
10256.825   0.996915
10256.845   0.997075
10256.864   0.997029
10256.884   0.996879
10256.903   0.996815
10256.923   0.996943
10256.942   0.997269
10256.962   0.997643
10256.981   0.997903
10257.001   0.997931
10257.021   0.997737
10257.040   0.997426
10257.060   0.997143
10257.079   0.996992
10257.099   0.996984
10257.118   0.997028
10257.138   0.996968
10257.157   0.996651
10257.177   0.996003
10257.196   0.995081
10257.216   0.994064
10257.235   0.993168
10257.255   0.992589
10257.275   0.992414
10257.294   0.992616
10257.314   0.993079
10257.333   0.993644
10257.353   0.994164
10257.372   0.994485
10257.392   0.994515
10257.411   0.994201
10257.431   0.993614
10257.450   0.992917
10257.470   0.992347
10257.489   0.992066
10257.509   0.992090
10257.528   0.992227
10257.548   0.992220
10257.568   0.991851
10257.587   0.991098
10257.607   0.990075
10257.626   0.988976
10257.646   0.987885
10257.665   0.986757
10257.685   0.985417
10257.704   0.983720
10257.724   0.981636
10257.743   0.979343
10257.763   0.977167
10257.782   0.975506
10257.802   0.974699
10257.822   0.974947
10257.841   0.976265
10257.861   0.978456
10257.880   0.981151
10257.900   0.983854
10257.919   0.986090
10257.939   0.987519
10257.958   0.988095
10257.978   0.988091
10257.997   0.988023
10258.017   0.988406
10258.036   0.989525
10258.056   0.991278
10258.076   0.993240
10258.095   0.994873
10258.115   0.995794
10258.134   0.995925
10258.154   0.995477
10258.173   0.994806
10258.193   0.994236
10258.212   0.993974
10258.232   0.994086
10258.251   0.994530
10258.271   0.995159
10258.290   0.995777
10258.310   0.996164
10258.330   0.996193
10258.349   0.995867
10258.369   0.995372
10258.388   0.994955
10258.408   0.994841
10258.427   0.995067
10258.447   0.995481
10258.466   0.995776
10258.486   0.995675
10258.505   0.995084
10258.525   0.994179
10258.544   0.993338
10258.564   0.992934
10258.584   0.993164
10258.603   0.993911
10258.623   0.994870
10258.642   0.995684
10258.662   0.996175
10258.681   0.996362
10258.701   0.996414
10258.720   0.996497
10258.740   0.996688
10258.759   0.996960
10258.779   0.997218
10258.798   0.997361
10258.818   0.997307
10258.838   0.997022
10258.857   0.996527
10258.877   0.995912
10258.896   0.995324
10258.916   0.994914
10258.935   0.994769
10258.955   0.994852
10258.974   0.995022
10258.994   0.995123
10259.013   0.995097
10259.033   0.994988
10259.052   0.994927
10259.072   0.994984
10259.092   0.995144
10259.111   0.995266
10259.131   0.995227
10259.150   0.994969
10259.170   0.994580
10259.189   0.994204
10259.209   0.993954
10259.228   0.993831
10259.248   0.993741
10259.267   0.993614
10259.287   0.993442
10259.306   0.993313
10259.326   0.993288
10259.345   0.993354
10259.365   0.993381
10259.385   0.993249
10259.404   0.992960
10259.424   0.992674
10259.443   0.992624
10259.463   0.992950
10259.482   0.993595
10259.502   0.994282
10259.521   0.994669
10259.541   0.994480
10259.560   0.993640
10259.580   0.992269
10259.599   0.990640
10259.619   0.989052
10259.639   0.987802
10259.658   0.987128
10259.678   0.987214
10259.697   0.988111
10259.717   0.989672
10259.736   0.991546
10259.756   0.993261
10259.775   0.994431
10259.795   0.994880
10259.814   0.994715
10259.834   0.994211
10259.853   0.993677
10259.873   0.993327
10259.893   0.993231
10259.912   0.993338
10259.932   0.993524
10259.951   0.993673
10259.971   0.993707
10259.990   0.993644
10260.010   0.993566
10260.029   0.993593
10260.049   0.993784
10260.068   0.994137
10260.088   0.994539
10260.107   0.994853
10260.127   0.994928
10260.147   0.994710
10260.166   0.994228
10260.186   0.993631
10260.205   0.993103
10260.225   0.992821
10260.244   0.992875
10260.264   0.993267
10260.283   0.993901
10260.303   0.994662
10260.322   0.995428
10260.342   0.996126
10260.361   0.996697
10260.381   0.997099
10260.401   0.997275
10260.420   0.997182
10260.440   0.996835
10260.459   0.996332
10260.479   0.995886
10260.498   0.995742
10260.518   0.996051
10260.537   0.996769
10260.557   0.997614
10260.576   0.998211
10260.596   0.998261
10260.615   0.997758
10260.635   0.996930
10260.655   0.996120
10260.674   0.995513
10260.694   0.995116
10260.713   0.994762
10260.733   0.994364
10260.752   0.993948
10260.772   0.993681
10260.791   0.993679
10260.811   0.993976
10260.830   0.994436
10260.850   0.994895
10260.869   0.995203
10260.889   0.995307
10260.908   0.995213
10260.928   0.995006
10260.948   0.994806
10260.967   0.994754
10260.987   0.994934
10261.006   0.995341
10261.026   0.995827
10261.045   0.996185
10261.065   0.996236
10261.084   0.995982
10261.104   0.995625
10261.123   0.995472
10261.143   0.995736
10261.162   0.996373
10261.182   0.997098
10261.202   0.997520
10261.221   0.997376
10261.241   0.996652
10261.260   0.995588
10261.280   0.994542
10261.299   0.993820
10261.319   0.993593
10261.338   0.993852
10261.358   0.994467
10261.377   0.995227
10261.397   0.995900
10261.416   0.996315
10261.436   0.996414
10261.456   0.996282
10261.475   0.996073
10261.495   0.995904
10261.514   0.995782
10261.534   0.995606
10261.553   0.995292
10261.573   0.994829
10261.592   0.994335
10261.612   0.993953
10261.631   0.993804
10261.651   0.993898
10261.670   0.994177
10261.690   0.994552
10261.710   0.994938
10261.729   0.995275
10261.749   0.995489
10261.768   0.995507
10261.788   0.995248
10261.807   0.994729
10261.827   0.994098
10261.846   0.993616
10261.866   0.993563
10261.885   0.994047
10261.905   0.994968
10261.924   0.995981
10261.944   0.996735
10261.964   0.996969
10261.983   0.996657
10262.003   0.995925
10262.022   0.994957
10262.042   0.993918
10262.061   0.992920
10262.081   0.992088
10262.100   0.991530
10262.120   0.991328
10262.139   0.991453
10262.159   0.991777
10262.178   0.992118
10262.198   0.992344
10262.218   0.992435
10262.237   0.992468
10262.257   0.992537
10262.276   0.992640
10262.296   0.992719
10262.315   0.992663
10262.335   0.992456
10262.354   0.992173
10262.374   0.992003
10262.393   0.992122
10262.413   0.992610
10262.432   0.993380
10262.452   0.994175
10262.472   0.994704
10262.491   0.994754
10262.511   0.994336
10262.530   0.993644
10262.550   0.992978
10262.569   0.992561
10262.589   0.992452
10262.608   0.992523
10262.628   0.992562
10262.647   0.992388
10262.667   0.991932
10262.686   0.991264
10262.706   0.990568
10262.725   0.990071
10262.745   0.989965
10262.765   0.990264
10262.784   0.990799
10262.804   0.991183
10262.823   0.991018
10262.843   0.989986
10262.862   0.988108
10262.882   0.985667
10262.901   0.983209
10262.921   0.981240
10262.940   0.980089
10262.960   0.979753
10262.979   0.980014
10262.999   0.980571
10263.019   0.981225
10263.038   0.981937
10263.058   0.982803
10263.077   0.983957
10263.097   0.985477
10263.116   0.987328
10263.136   0.989351
10263.155   0.991306
10263.175   0.992927
10263.194   0.993965
10263.214   0.994290
10263.233   0.993908
10263.253   0.993058
10263.273   0.992090
10263.292   0.991396
10263.312   0.991207
10263.331   0.991523
10263.351   0.992171
10263.370   0.992878
10263.390   0.993473
10263.409   0.993855
10263.429   0.994061
10263.448   0.994123
10263.468   0.994080
10263.487   0.993899
10263.507   0.993533
10263.527   0.992939
10263.546   0.992181
10263.566   0.991444
10263.585   0.991016
10263.605   0.991121
10263.624   0.991793
10263.644   0.992799
10263.663   0.993757
10263.683   0.994358
10263.702   0.994524
10263.722   0.994438
10263.741   0.994340
10263.761   0.994380
10263.781   0.994463
10263.800   0.994403
10263.820   0.994026
10263.839   0.993360
10263.859   0.992586
10263.878   0.991980
10263.898   0.991749
10263.917   0.991935
10263.937   0.992372
10263.956   0.992774
10263.976   0.992876
10263.995   0.992580
10264.015   0.992027
10264.035   0.991483
10264.054   0.991216
10264.074   0.991320
10264.093   0.991730
10264.113   0.992246
10264.132   0.992675
10264.152   0.992919
10264.171   0.992980
10264.191   0.992935
10264.210   0.992849
10264.230   0.992749
10264.249   0.992603
10264.269   0.992380
10264.289   0.992121
10264.308   0.991913
10264.328   0.991909
10264.347   0.992188
10264.367   0.992762
10264.386   0.993489
10264.406   0.994215
10264.425   0.994785
10264.445   0.995114
10264.464   0.995180
10264.484   0.994968
10264.503   0.994509
10264.523   0.993848
10264.542   0.993136
10264.562   0.992516
10264.582   0.992115
10264.601   0.991898
10264.621   0.991764
10264.640   0.991579
10264.660   0.991352
10264.679   0.991192
10264.699   0.991272
10264.718   0.991654
10264.738   0.992230
10264.757   0.992759
10264.777   0.992984
10264.796   0.992792
10264.816   0.992265
10264.836   0.991653
10264.855   0.991231
10264.875   0.991191
10264.894   0.991544
10264.914   0.992151
10264.933   0.992801
10264.953   0.993348
10264.972   0.993741
10264.992   0.994067
10265.011   0.994430
10265.031   0.994934
10265.050   0.995547
10265.070   0.996184
10265.090   0.996691
10265.109   0.996988
10265.129   0.997071
10265.148   0.997035
10265.168   0.997001
10265.187   0.996998
10265.207   0.996997
10265.226   0.996873
10265.246   0.996574
10265.265   0.996069
10265.285   0.995457
10265.304   0.994817
10265.324   0.994216
10265.344   0.993695
10265.363   0.993255
10265.383   0.992926
10265.402   0.992667
10265.422   0.992492
10265.441   0.992368
10265.461   0.992328
10265.480   0.992398
10265.500   0.992638
10265.519   0.993063
10265.539   0.993615
10265.558   0.994156
10265.578   0.994469
10265.598   0.994370
10265.617   0.993782
10265.637   0.992863
10265.656   0.991904
10265.676   0.991249
10265.695   0.991050
10265.715   0.991222
10265.734   0.991465
10265.754   0.991501
10265.773   0.991287
10265.793   0.991036
10265.812   0.991121
10265.832   0.991709
10265.852   0.992688
10265.871   0.993599
10265.891   0.993986
10265.910   0.993585
10265.930   0.992566
10265.949   0.991362
10265.969   0.990437
10265.988   0.990040
10266.008   0.990109
10266.027   0.990363
10266.047   0.990479
10266.066   0.990309
10266.086   0.989952
10266.106   0.989704
10266.125   0.989850
10266.145   0.990480
10266.164   0.991432
10266.184   0.992387
10266.203   0.993059
10266.223   0.993317
10266.242   0.993212
10266.262   0.992870
10266.281   0.992406
10266.301   0.991909
10266.320   0.991426
10266.340   0.991026
10266.359   0.990730
10266.379   0.990534
10266.399   0.990370
10266.418   0.990183
10266.438   0.989953
10266.457   0.989670
10266.477   0.989347
10266.496   0.988967
10266.516   0.988593
10266.535   0.988324
10266.555   0.988334
10266.574   0.988705
10266.594   0.989374
10266.613   0.990114
10266.633   0.990646
10266.653   0.990800
10266.672   0.990552
10266.692   0.990040
10266.711   0.989420
10266.731   0.988854
10266.750   0.988434
10266.770   0.988258
10266.789   0.988391
10266.809   0.988878
10266.828   0.989628
10266.848   0.990454
10266.867   0.991064
10266.887   0.991217
10266.907   0.990801
10266.926   0.989940
10266.946   0.988939
10266.965   0.988195
10266.985   0.988008
10267.004   0.988499
10267.024   0.989545
10267.043   0.990896
10267.063   0.992262
10267.082   0.993467
10267.102   0.994422
10267.121   0.995135
10267.141   0.995589
10267.161   0.995780
10267.180   0.995694
10267.200   0.995402
10267.219   0.995032
10267.239   0.994742
10267.258   0.994640
10267.278   0.994720
10267.297   0.994887
10267.317   0.994993
10267.336   0.994984
10267.356   0.994894
10267.375   0.994861
10267.395   0.994991
10267.415   0.995264
10267.434   0.995527
10267.454   0.995544
10267.473   0.995175
10267.493   0.994468
10267.512   0.993691
10267.532   0.993175
10267.551   0.993144
10267.571   0.993587
10267.590   0.994271
10267.610   0.994885
10267.629   0.995168
10267.649   0.995047
10267.669   0.994621
10267.688   0.994127
10267.708   0.993793
10267.727   0.993764
10267.747   0.994005
10267.766   0.994336
10267.786   0.994508
10267.805   0.994365
10267.825   0.993941
10267.844   0.993486
10267.864   0.993335
10267.883   0.993719
10267.903   0.994571
10267.923   0.995525
10267.942   0.996051
10267.962   0.995773
10267.981   0.994696
10268.001   0.993273
10268.020   0.992171
10268.040   0.991916
10268.059   0.992591
10268.079   0.993821
10268.098   0.994993
10268.118   0.995650
10268.137   0.995665
10268.157   0.995302
10268.176   0.994912
10268.196   0.994787
10268.216   0.994949
10268.235   0.995281
10268.255   0.995599
10268.274   0.995792
10268.294   0.995811
10268.313   0.995642
10268.333   0.995289
10268.352   0.994808
10268.372   0.994366
10268.391   0.994150
10268.411   0.994286
10268.430   0.994685
10268.450   0.995072
10268.470   0.995128
10268.489   0.994689
10268.509   0.993866
10268.528   0.992921
10268.548   0.992137
10268.567   0.991617
10268.587   0.991360
10268.606   0.991284
10268.626   0.991354
10268.645   0.991526
10268.665   0.991722
10268.684   0.991791
10268.704   0.991617
10268.724   0.991185
10268.743   0.990626
10268.763   0.990148
10268.782   0.989927
10268.802   0.990023
10268.821   0.990382
10268.841   0.990899
10268.860   0.991491
10268.880   0.992105
10268.899   0.992708
10268.919   0.993221
10268.938   0.993534
10268.958   0.993512
10268.978   0.993125
10268.997   0.992483
10269.017   0.991804
10269.036   0.991296
10269.056   0.991052
10269.075   0.991045
10269.095   0.991191
10269.114   0.991438
10269.134   0.991779
10269.153   0.992183
10269.173   0.992573
10269.192   0.992795
10269.212   0.992744
10269.232   0.992382
10269.251   0.991834
10269.271   0.991277
10269.290   0.990904
10269.310   0.990802
10269.329   0.990989
10269.349   0.991358
10269.368   0.991776
10269.388   0.992066
10269.407   0.992138
10269.427   0.991994
10269.446   0.991762
10269.466   0.991572
10269.486   0.991494
10269.505   0.991447
10269.525   0.991301
10269.544   0.990964
10269.564   0.990494
10269.583   0.990072
10269.603   0.989871
10269.622   0.989997
10269.642   0.990411
10269.661   0.991065
10269.681   0.991879
10269.700   0.992850
10269.720   0.993900
10269.739   0.994902
10269.759   0.995604
10269.779   0.995828
10269.798   0.995496
10269.818   0.994784
10269.837   0.993972
10269.857   0.993380
10269.876   0.993194
10269.896   0.993440
10269.915   0.994033
10269.935   0.994827
10269.954   0.995722
10269.974   0.996617
10269.993   0.997447
10270.013   0.998089
10270.033   0.998404
10270.052   0.998265
10270.072   0.997662
10270.091   0.996772
10270.111   0.995862
10270.130   0.995211
10270.150   0.994889
10270.169   0.994789
10270.189   0.994678
10270.208   0.994427
10270.228   0.994074
10270.247   0.993773
10270.267   0.993619
10270.287   0.993566
10270.306   0.993452
10270.326   0.993192
10270.345   0.992865
10270.365   0.992690
10270.384   0.992825
10270.404   0.993214
10270.423   0.993606
10270.443   0.993697
10270.462   0.993409
10270.482   0.992929
10270.501   0.992634
10270.521   0.992805
10270.541   0.993442
10270.560   0.994238
10270.580   0.994769
10270.599   0.994779
10270.619   0.994282
10270.638   0.993560
10270.658   0.992929
10270.677   0.992616
10270.697   0.992667
10270.716   0.993025
10270.736   0.993632
10270.755   0.994447
10270.775   0.995440
10270.795   0.996478
10270.814   0.997353
10270.834   0.997799
10270.853   0.997664
10270.873   0.996981
10270.892   0.995974
10270.912   0.994981
10270.931   0.994275
10270.951   0.993962
10270.970   0.993900
10270.990   0.993849
10271.009   0.993579
10271.029   0.993092
10271.049   0.992585
10271.068   0.992347
10271.088   0.992525
10271.107   0.993033
10271.127   0.993612
10271.146   0.994028
10271.166   0.994214
10271.185   0.994262
10271.205   0.994246
10271.224   0.994147
10271.244   0.993872
10271.263   0.993451
10271.283   0.993101
10271.303   0.993115
10271.322   0.993637
10271.342   0.994480
10271.361   0.995275
10271.381   0.995681
10271.400   0.995649
10271.420   0.995345
10271.439   0.994999
10271.459   0.994720
10271.478   0.994515
10271.498   0.994383
10271.517   0.994369
10271.537   0.994523
10271.556   0.994806
10271.576   0.995072
10271.596   0.995157
10271.615   0.995003
10271.635   0.994716
10271.654   0.994468
10271.674   0.994392
10271.693   0.994519
10271.713   0.994805
10271.732   0.995195
10271.752   0.995623
10271.771   0.996017
10271.791   0.996256
10271.810   0.996275
10271.830   0.996061
10271.850   0.995743
10271.869   0.995428
10271.889   0.995189
10271.908   0.995013
10271.928   0.994886
10271.947   0.994874
10271.967   0.995038
10271.986   0.995410
10272.006   0.995866
10272.025   0.996245
10272.045   0.996428
10272.064   0.996421
10272.084   0.996328
10272.104   0.996208
10272.123   0.996041
10272.143   0.995751
10272.162   0.995344
10272.182   0.994974
10272.201   0.994886
10272.221   0.995263
10272.240   0.996084
10272.260   0.997130
10272.279   0.998065
10272.299   0.998619
10272.318   0.998636
10272.338   0.998161
10272.358   0.997344
10272.377   0.996461
10272.397   0.995778
10272.416   0.995474
10272.436   0.995583
10272.455   0.995945
10272.475   0.996358
10272.494   0.996600
10272.514   0.996627
10272.533   0.996452
10272.553   0.996194
10272.572   0.995884
10272.592   0.995542
10272.612   0.995112
10272.631   0.994615
10272.651   0.994113
10272.670   0.993707
10272.690   0.993450
10272.709   0.993278
10272.729   0.993070
10272.748   0.992665
10272.768   0.992012
10272.787   0.991143
10272.807   0.990148
10272.826   0.989068
10272.846   0.987811
10272.866   0.986213
10272.885   0.984099
10272.905   0.981397
10272.924   0.978146
10272.944   0.974454
10272.963   0.970492
10272.983   0.966435
10273.002   0.962603
10273.022   0.959392
10273.041   0.957282
10273.061   0.956663
10273.080   0.957722
10273.100   0.960346
10273.120   0.964161
10273.139   0.968662
10273.159   0.973339
10273.178   0.977745
10273.198   0.981572
10273.217   0.984610
10273.237   0.986811
10273.256   0.988258
10273.276   0.989161
10273.295   0.989801
10273.315   0.990400
10273.334   0.991102
10273.354   0.991871
10273.373   0.992542
10273.393   0.992921
10273.413   0.992923
10273.432   0.992701
10273.452   0.992513
10273.471   0.992645
10273.491   0.993130
10273.510   0.993837
10273.530   0.994460
10273.549   0.994811
10273.569   0.994816
10273.588   0.994636
10273.608   0.994445
10273.627   0.994354
10273.647   0.994301
10273.667   0.994140
10273.686   0.993787
10273.706   0.993281
10273.725   0.992842
10273.745   0.992677
10273.764   0.992878
10273.784   0.993349
10273.803   0.993893
10273.823   0.994399
10273.842   0.994858
10273.862   0.995354
10273.881   0.995851
10273.901   0.996141
10273.921   0.995922
10273.940   0.994961
10273.960   0.993380
10273.979   0.991576
10273.999   0.990152
10274.018   0.989521
10274.038   0.989791
10274.057   0.990672
10274.077   0.991697
10274.096   0.992443
10274.116   0.992737
10274.135   0.992690
10274.155   0.992547
10274.175   0.992544
10274.194   0.992720
10274.214   0.992992
10274.233   0.993199
10274.253   0.993331
10274.272   0.993447
10274.292   0.993658
10274.311   0.993895
10274.331   0.993983
10274.350   0.993752
10274.370   0.993301
10274.389   0.993023
10274.409   0.993316
10274.429   0.994335
10274.448   0.995724
10274.468   0.996915
10274.487   0.997393
10274.507   0.997116
10274.526   0.996409
10274.546   0.995740
10274.565   0.995422
10274.585   0.995461
10274.604   0.995755
10274.624   0.996164
10274.643   0.996686
10274.663   0.997275
10274.683   0.997807
10274.702   0.998072
10274.722   0.997901
10274.741   0.997365
10274.761   0.996727
10274.780   0.996356
10274.800   0.996429
10274.819   0.996877
10274.839   0.997414
10274.858   0.997800
10274.878   0.997980
10274.897   0.998098
10274.917   0.998353
10274.937   0.998825
10274.956   0.999417
10274.976   0.999925
10274.995   1.000188
10275.015   1.000152
10275.034   0.999878
10275.054   0.999416
10275.073   0.998795
10275.093   0.998012
10275.112   0.997148
10275.132   0.996332
10275.151   0.995700
10275.171   0.995236
10275.190   0.994867
10275.210   0.994511
10275.230   0.994284
10275.249   0.994363
10275.269   0.994884
10275.288   0.995712
10275.308   0.996480
10275.327   0.996755
10275.347   0.996274
10275.366   0.995121
10275.386   0.993635
10275.405   0.992263
10275.425   0.991283
10275.444   0.990723
10275.464   0.990354
10275.484   0.989900
10275.503   0.989148
10275.523   0.988022
10275.542   0.986496
10275.562   0.984549
10275.581   0.982073
10275.601   0.978927
10275.620   0.974996
10275.640   0.970285
10275.659   0.964964
10275.679   0.959360
10275.698   0.953937
10275.718   0.949229
10275.738   0.945779
10275.757   0.944087
10275.777   0.944491
10275.796   0.947131
10275.816   0.951791
10275.835   0.957988
10275.855   0.964890
10275.874   0.971622
10275.894   0.977443
10275.913   0.981985
10275.933   0.985271
10275.952   0.987556
10275.972   0.989177
10275.992   0.990295
10276.011   0.991013
10276.031   0.991403
10276.050   0.991674
10276.070   0.992072
10276.089   0.992811
10276.109   0.993888
10276.128   0.995069
10276.148   0.995984
10276.167   0.996360
10276.187   0.996173
10276.206   0.995688
10276.226   0.995241
10276.246   0.995071
10276.265   0.995124
10276.285   0.995211
10276.304   0.995152
10276.324   0.994976
10276.343   0.994895
10276.363   0.995087
10276.382   0.995560
10276.402   0.996055
10276.421   0.996266
10276.441   0.996009
10276.460   0.995383
10276.480   0.994664
10276.500   0.994141
10276.519   0.993957
10276.539   0.994079
10276.558   0.994376
10276.578   0.994721
10276.597   0.995037
10276.617   0.995272
10276.636   0.995395
10276.656   0.995402
10276.675   0.995351
10276.695   0.995318
10276.714   0.995364
10276.734   0.995435
10276.754   0.995432
10276.773   0.995242
10276.793   0.994877
10276.812   0.994402
10276.832   0.993870
10276.851   0.993228
10276.871   0.992342
10276.890   0.991169
10276.910   0.989847
10276.929   0.988755
10276.949   0.988239
10276.968   0.988451
10276.988   0.989173
10277.007   0.990015
10277.027   0.990683
10277.047   0.991150
10277.066   0.991634
10277.086   0.992284
10277.105   0.993011
10277.125   0.993440
10277.144   0.993223
10277.164   0.992354
10277.183   0.991222
10277.203   0.990477
10277.222   0.990536
10277.242   0.991456
10277.261   0.992800
10277.281   0.994047
10277.301   0.994769
10277.320   0.994880
10277.340   0.994524
10277.359   0.993962
10277.379   0.993455
10277.398   0.993175
10277.418   0.993214
10277.437   0.993540
10277.457   0.994041
10277.476   0.994550
10277.496   0.994941
10277.515   0.995200
10277.535   0.995372
10277.555   0.995491
10277.574   0.995520
10277.594   0.995379
10277.613   0.995077
10277.633   0.994704
10277.652   0.994441
10277.672   0.994348
10277.691   0.994357
10277.711   0.994292
10277.730   0.994037
10277.750   0.993656
10277.769   0.993306
10277.789   0.993147
10277.809   0.993167
10277.828   0.993255
10277.848   0.993264
10277.867   0.993134
10277.887   0.992890
10277.906   0.992572
10277.926   0.992218
10277.945   0.991904
10277.965   0.991758
10277.984   0.991965
10278.004   0.992573
10278.023   0.993480
10278.043   0.994384
10278.063   0.995000
10278.082   0.995156
10278.102   0.994885
10278.121   0.994335
10278.141   0.993729
10278.160   0.993289
10278.180   0.993211
10278.199   0.993616
10278.219   0.994451
10278.238   0.995520
10278.258   0.996461
10278.277   0.996996
10278.297   0.997011
10278.317   0.996694
10278.336   0.996367
10278.356   0.996316
10278.375   0.996566
10278.395   0.996853
10278.414   0.996794
10278.434   0.996128
10278.453   0.994952
10278.473   0.993695
10278.492   0.992928
10278.512   0.993033
10278.531   0.993955
10278.551   0.995257
10278.570   0.996349
10278.590   0.996856
10278.610   0.996748
10278.629   0.996273
10278.649   0.995738
10278.668   0.995280
10278.688   0.994900
10278.707   0.994534
10278.727   0.994177
10278.746   0.993863
10278.766   0.993542
10278.785   0.993106
10278.805   0.992407
10278.824   0.991543
10278.844   0.990780
10278.864   0.990555
10278.883   0.991054
10278.903   0.992093
10278.922   0.993063
10278.942   0.993361
10278.961   0.992745
10278.981   0.991518
10279.000   0.990302
10279.020   0.989598
10279.039   0.989509
10279.059   0.989767
10279.078   0.990043
10279.098   0.990175
10279.118   0.990223
10279.137   0.990290
10279.157   0.990398
10279.176   0.990501
10279.196   0.990573
10279.215   0.990702
10279.235   0.990985
10279.254   0.991433
10279.274   0.991934
10279.293   0.992298
10279.313   0.992435
10279.332   0.992264
10279.352   0.991808
10279.372   0.991032
10279.391   0.990058
10279.411   0.989116
10279.430   0.988569
10279.450   0.988691
10279.469   0.989438
10279.489   0.990435
10279.508   0.991141
10279.528   0.991280
10279.547   0.990962
10279.567   0.990678
10279.586   0.990881
10279.606   0.991745
10279.626   0.993041
10279.645   0.994352
10279.665   0.995264
10279.684   0.995548
10279.704   0.995164
10279.723   0.994269
10279.743   0.993160
10279.762   0.992247
10279.782   0.991889
10279.801   0.992263
10279.821   0.993209
10279.840   0.994307
10279.860   0.995057
10279.880   0.995134
10279.899   0.994536
10279.919   0.993480
10279.938   0.992284
10279.958   0.991187
10279.977   0.990413
10279.997   0.990156
10280.016   0.990565
10280.036   0.991609
10280.055   0.992938
10280.075   0.994011
10280.094   0.994294
10280.114   0.993649
10280.134   0.992338
10280.153   0.990952
10280.173   0.990017
10280.192   0.989808
10280.212   0.990241
10280.231   0.991056
10280.251   0.991949
10280.270   0.992706
10280.290   0.993243
10280.309   0.993570
10280.329   0.993749
10280.348   0.993813
10280.368   0.993731
10280.387   0.993445
10280.407   0.992915
10280.427   0.992224
10280.446   0.991579
10280.466   0.991268
10280.485   0.991526
10280.505   0.992341
10280.524   0.993470
10280.544   0.994459
10280.563   0.995002
10280.583   0.995006
10280.602   0.994774
10280.622   0.994703
10280.641   0.995131
10280.661   0.996069
10280.681   0.997254
10280.700   0.998275
10280.720   0.998822
10280.739   0.998760
10280.759   0.998197
10280.778   0.997319
10280.798   0.996389
10280.817   0.995554
10280.837   0.994966
10280.856   0.994677
10280.876   0.994758
10280.895   0.995167
10280.915   0.995760
10280.935   0.996274
10280.954   0.996444
10280.974   0.996190
10280.993   0.995609
10281.013   0.994962
10281.032   0.994414
10281.052   0.994016
10281.071   0.993652
10281.091   0.993233
10281.110   0.992764
10281.130   0.992393
10281.149   0.992293
10281.169   0.992564
10281.189   0.993120
10281.208   0.993730
10281.228   0.994114
10281.247   0.994092
10281.267   0.993673
10281.286   0.993014
10281.306   0.992350
10281.325   0.991862
10281.345   0.991639
10281.364   0.991657
10281.384   0.991785
10281.403   0.991845
10281.423   0.991640
10281.443   0.991100
10281.462   0.990312
10281.482   0.989605
10281.501   0.989373
10281.521   0.989873
10281.540   0.990990
10281.560   0.992279
10281.579   0.993203
10281.599   0.993476
10281.618   0.993229
10281.638   0.992902
10281.657   0.992926
10281.677   0.993387
10281.697   0.994026
10281.716   0.994403
10281.736   0.994260
10281.755   0.993624
10281.775   0.992780
10281.794   0.992041
10281.814   0.991576
10281.833   0.991396
10281.853   0.991374
10281.872   0.991396
10281.892   0.991354
10281.911   0.991258
10281.931   0.991137
10281.951   0.991043
10281.970   0.990971
10281.990   0.990889
10282.009   0.990789
10282.029   0.990745
10282.048   0.990912
10282.068   0.991419
10282.087   0.992234
10282.107   0.993137
10282.126   0.993825
10282.146   0.994121
10282.165   0.994038
10282.185   0.993766
10282.204   0.993506
10282.224   0.993341
10282.244   0.993313
10282.263   0.993400
10282.283   0.993678
10282.302   0.994150
10282.322   0.994810
10282.341   0.995514
10282.361   0.996072
10282.380   0.996290
10282.400   0.996044
10282.419   0.995369
10282.439   0.994401
10282.458   0.993396
10282.478   0.992592
10282.498   0.992180
10282.517   0.992233
10282.537   0.992654
10282.556   0.993221
10282.576   0.993621
10282.595   0.993634
10282.615   0.993184
10282.634   0.992454
10282.654   0.991755
10282.673   0.991465
10282.693   0.991790
10282.712   0.992718
10282.732   0.993955
10282.752   0.995110
10282.771   0.995893
10282.791   0.996230
10282.810   0.996236
10282.830   0.996005
10282.849   0.995522
10282.869   0.994692
10282.888   0.993584
10282.908   0.992498
10282.927   0.991850
10282.947   0.991840
10282.966   0.992310
10282.986   0.992753
10283.006   0.992728
10283.025   0.992102
10283.045   0.991157
10283.064   0.990395
10283.084   0.990125
10283.103   0.990413
10283.123   0.990872
10283.142   0.991230
10283.162   0.991241
10283.181   0.991081
10283.201   0.990938
10283.220   0.991013
10283.240   0.991298
10283.260   0.991697
10283.279   0.992145
10283.299   0.992646
10283.318   0.993249
10283.338   0.993889
10283.357   0.994351
10283.377   0.994393
10283.396   0.993903
10283.416   0.993118
10283.435   0.992421
10283.455   0.992217
10283.474   0.992518
10283.494   0.993088
10283.514   0.993519
10283.533   0.993585
10283.553   0.993315
10283.572   0.992909
10283.592   0.992591
10283.611   0.992484
10283.631   0.992675
10283.650   0.993197
10283.670   0.994020
10283.689   0.994940
10283.709   0.995625
10283.728   0.995721
10283.748   0.995128
10283.768   0.994111
10283.787   0.993234
10283.807   0.993047
10283.826   0.993747
10283.846   0.995058
10283.865   0.996380
10283.885   0.997166
10283.904   0.997213
10283.924   0.996659
10283.943   0.995828
10283.963   0.994980
10283.982   0.994253
10284.002   0.993712
10284.021   0.993386
10284.041   0.993343
10284.061   0.993555
10284.080   0.993934
10284.100   0.994338
10284.119   0.994660
10284.139   0.994835
10284.158   0.994793
10284.178   0.994453
10284.197   0.993814
10284.217   0.993059
10284.236   0.992580
10284.256   0.992738
10284.275   0.993614
10284.295   0.994828
10284.315   0.995735
10284.334   0.995811
10284.354   0.994987
10284.373   0.993661
10284.393   0.992397
10284.412   0.991596
10284.432   0.991381
10284.451   0.991711
10284.471   0.992555
10284.490   0.993861
10284.510   0.995460
10284.529   0.996967
10284.549   0.997877
10284.569   0.997845
10284.588   0.996859
10284.608   0.995281
10284.627   0.993640
10284.647   0.992394
10284.666   0.991805
10284.686   0.991856
10284.705   0.992364
10284.725   0.993024
10284.744   0.993525
10284.764   0.993635
10284.783   0.993259
10284.803   0.992542
10284.823   0.991781
10284.842   0.991330
10284.862   0.991348
10284.881   0.991704
10284.901   0.992068
10284.920   0.992105
10284.940   0.991713
10284.959   0.991044
10284.979   0.990449
10284.998   0.990241
10285.018   0.990527
10285.037   0.991183
10285.057   0.991947
10285.077   0.992641
10285.096   0.993162
10285.116   0.993474
10285.135   0.993480
10285.155   0.993111
10285.174   0.992420
10285.194   0.991674
10285.213   0.991228
10285.233   0.991341
10285.252   0.992007
10285.272   0.993052
10285.291   0.994213
10285.311   0.995270
10285.331   0.996058
10285.350   0.996446
10285.370   0.996384
10285.389   0.995959
10285.409   0.995467
10285.428   0.995277
10285.448   0.995631
10285.467   0.996380
10285.487   0.997088
10285.506   0.997313
10285.526   0.996962
10285.545   0.996363
10285.565   0.995918
10285.585   0.995819
10285.604   0.995863
10285.624   0.995788
10285.643   0.995475
10285.663   0.995113
10285.682   0.994911
10285.702   0.994869
10285.721   0.994738
10285.741   0.994199
10285.760   0.993209
10285.780   0.992053
10285.799   0.991217
10285.819   0.991031
10285.838   0.991428
10285.858   0.992012
10285.878   0.992316
10285.897   0.992129
10285.917   0.991507
10285.936   0.990642
10285.956   0.989534
10285.975   0.987937
10285.995   0.985501
10286.014   0.982028
10286.034   0.977635
10286.053   0.972603
10286.073   0.967337
10286.092   0.962204
10286.112   0.957664
10286.132   0.954203
10286.151   0.952335
10286.171   0.952391
10286.190   0.954350
10286.210   0.957861
10286.229   0.962259
10286.249   0.966846
10286.268   0.970940
10286.288   0.974143
10286.307   0.976352
10286.327   0.977838
10286.346   0.979156
10286.366   0.980905
10286.386   0.983409
10286.405   0.986422
10286.425   0.989210
10286.444   0.990923
10286.464   0.991132
10286.483   0.990206
10286.503   0.989070
10286.522   0.988706
10286.542   0.989484
10286.561   0.991030
10286.581   0.992551
10286.600   0.993332
10286.620   0.993185
10286.640   0.992294
10286.659   0.991061
10286.679   0.989783
10286.698   0.988722
10286.718   0.988191
10286.737   0.988539
10286.757   0.990016
10286.776   0.992496
10286.796   0.995479
10286.815   0.998212
10286.835   0.999982
10286.854   1.000371
10286.874   0.999414
10286.894   0.997616
10286.913   0.995821
10286.933   0.994764
10286.952   0.994800
10286.972   0.995548
10286.991   0.996319
10287.011   0.996406
10287.030   0.995673
10287.050   0.994442
10287.069   0.993302
10287.089   0.992690
10287.108   0.992690
10287.128   0.993133
10287.148   0.993720
10287.167   0.994249
10287.187   0.994566
10287.206   0.994605
10287.226   0.994304
10287.245   0.993650
10287.265   0.992747
10287.284   0.991782
10287.304   0.991037
10287.323   0.990647
10287.343   0.990621
10287.362   0.990759
10287.382   0.990868
10287.401   0.990866
10287.421   0.990859
10287.441   0.991053
10287.460   0.991597
10287.480   0.992449
10287.499   0.993385
10287.519   0.994076
10287.538   0.994257
10287.558   0.993813
10287.577   0.992820
10287.597   0.991548
10287.616   0.990312
10287.636   0.989429
10287.655   0.988960
10287.675   0.988791
10287.695   0.988569
10287.714   0.988048
10287.734   0.987092
10287.753   0.985877
10287.773   0.984595
10287.792   0.983436
10287.812   0.982464
10287.831   0.981771
10287.851   0.981561
10287.870   0.982049
10287.890   0.983363
10287.909   0.985267
10287.929   0.987357
10287.949   0.989090
10287.968   0.990158
10287.988   0.990492
10288.007   0.990267
10288.027   0.989767
10288.046   0.989151
10288.066   0.988598
10288.085   0.988154
10288.105   0.987973
10288.124   0.988111
10288.144   0.988611
10288.163   0.989378
10288.183   0.990242
10288.203   0.990995
10288.222   0.991483
10288.242   0.991673
10288.261   0.991661
10288.281   0.991586
10288.300   0.991472
10288.320   0.991301
10288.339   0.990983
10288.359   0.990647
10288.378   0.990472
10288.398   0.990660
10288.417   0.991184
10288.437   0.991800
10288.457   0.992199
10288.476   0.992178
10288.496   0.991781
10288.515   0.991223
10288.535   0.990697
10288.554   0.990274
10288.574   0.989795
10288.593   0.989067
10288.613   0.987950
10288.632   0.986560
10288.652   0.985233
10288.671   0.984416
10288.691   0.984415
10288.711   0.985175
10288.730   0.986231
10288.750   0.986915
10288.769   0.986764
10288.789   0.985806
10288.808   0.984595
10288.828   0.983813
10288.847   0.983872
10288.867   0.984657
10288.886   0.985781
10288.906   0.986909
10288.925   0.988065
10288.945   0.989430
10288.965   0.991096
10288.984   0.992787
10289.004   0.993977
10289.023   0.994312
10289.043   0.993806
10289.062   0.992967
10289.082   0.992361
10289.101   0.992263
10289.121   0.992518
10289.140   0.992677
10289.160   0.992474
10289.179   0.991988
10289.199   0.991589
10289.218   0.991678
10289.238   0.992247
10289.258   0.993001
10289.277   0.993452
10289.297   0.993458
10289.316   0.993267
10289.336   0.993389
10289.355   0.994143
10289.375   0.995448
10289.394   0.996832
10289.414   0.997938
10289.433   0.998679
10289.453   0.999346
10289.472   1.000140
10289.492   1.000947
10289.512   1.001395
10289.531   1.001086
10289.551   0.999970
10289.570   0.998210
10289.590   0.996107
10289.609   0.993924
10289.629   0.991952
10289.648   0.990587
10289.668   0.990170
10289.687   0.990856
10289.707   0.992377
10289.726   0.994155
10289.746   0.995459
10289.766   0.995816
10289.785   0.995208
10289.805   0.994117
10289.824   0.993188
10289.844   0.992925
10289.863   0.993389
10289.883   0.994255
10289.902   0.995049
10289.922   0.995386
10289.941   0.995152
10289.961   0.994378
10289.980   0.993226
10290.000   0.991890
