 9724.000   0.999203
 9724.018   0.999592
 9724.035   0.999719
 9724.053   0.999610
 9724.070   0.999337
 9724.088   0.999030
 9724.106   0.998826
 9724.123   0.998878
 9724.141   0.999260
 9724.158   0.999985
 9724.176   1.000943
 9724.193   1.001986
 9724.211   1.002954
 9724.229   1.003754
 9724.246   1.004368
 9724.264   1.004852
 9724.281   1.005303
 9724.299   1.005788
 9724.317   1.006316
 9724.334   1.006840
 9724.352   1.007269
 9724.369   1.007523
 9724.387   1.007560
 9724.404   1.007399
 9724.422   1.007120
 9724.440   1.006817
 9724.457   1.006597
 9724.475   1.006496
 9724.492   1.006516
 9724.510   1.006574
 9724.528   1.006594
 9724.545   1.006523
 9724.563   1.006392
 9724.580   1.006316
 9724.598   1.006415
 9724.615   1.006779
 9724.633   1.007364
 9724.651   1.008015
 9724.668   1.008481
 9724.686   1.008516
 9724.703   1.007969
 9724.721   1.006791
 9724.739   1.005100
 9724.756   1.003087
 9724.774   1.001039
 9724.791   0.999188
 9724.809   0.997700
 9724.826   0.996618
 9724.844   0.995861
 9724.862   0.995270
 9724.879   0.994625
 9724.897   0.993788
 9724.914   0.992702
 9724.932   0.991502
 9724.950   0.990392
 9724.967   0.989646
 9724.985   0.989474
 9725.002   0.989979
 9725.020   0.991141
 9725.037   0.992817
 9725.055   0.994815
 9725.073   0.996887
 9725.090   0.998813
 9725.108   1.000369
 9725.125   1.001405
 9725.143   1.001855
 9725.161   1.001773
 9725.178   1.001326
 9725.196   1.000706
 9725.213   1.000081
 9725.231   0.999505
 9725.248   0.998905
 9725.266   0.998114
 9725.284   0.996928
 9725.301   0.995192
 9725.319   0.992787
 9725.336   0.989681
 9725.354   0.985835
 9725.372   0.981215
 9725.389   0.975794
 9725.407   0.969558
 9725.424   0.962541
 9725.442   0.954778
 9725.459   0.946249
 9725.477   0.936837
 9725.495   0.926316
 9725.512   0.914386
 9725.530   0.900684
 9725.547   0.884864
 9725.565   0.866586
 9725.583   0.845544
 9725.600   0.821340
 9725.618   0.793465
 9725.635   0.761341
 9725.653   0.724473
 9725.670   0.682744
 9725.688   0.636406
 9725.706   0.586302
 9725.723   0.533884
 9725.741   0.481357
 9725.758   0.431478
 9725.776   0.387434
 9725.794   0.352451
 9725.811   0.329310
 9725.829   0.319914
 9725.846   0.325112
 9725.864   0.344369
 9725.881   0.376037
 9725.899   0.417488
 9725.917   0.465715
 9725.934   0.517533
 9725.952   0.569929
 9725.969   0.620358
 9725.987   0.667058
 9726.005   0.708933
 9726.022   0.745636
 9726.040   0.777324
 9726.057   0.804592
 9726.075   0.828083
 9726.092   0.848365
 9726.110   0.865762
 9726.128   0.880402
 9726.145   0.892235
 9726.163   0.901242
 9726.180   0.907643
 9726.198   0.911978
 9726.216   0.915103
 9726.233   0.918022
 9726.251   0.921727
 9726.268   0.926913
 9726.286   0.933905
 9726.303   0.942559
 9726.321   0.952368
 9726.339   0.962616
 9726.356   0.972577
 9726.374   0.981639
 9726.391   0.989405
 9726.409   0.995680
 9726.427   1.000494
 9726.444   1.003993
 9726.462   1.006427
 9726.479   1.008050
 9726.497   1.009101
 9726.514   1.009750
 9726.532   1.010097
 9726.550   1.010182
 9726.567   1.010016
 9726.585   1.009634
 9726.602   1.009130
 9726.620   1.008635
 9726.638   1.008268
 9726.655   1.008034
 9726.673   1.007804
 9726.690   1.007307
 9726.708   1.006241
 9726.725   1.004370
 9726.743   1.001628
 9726.761   0.998133
 9726.778   0.994101
 9726.796   0.989721
 9726.813   0.985062
 9726.831   0.980015
 9726.849   0.974332
 9726.866   0.967682
 9726.884   0.959798
 9726.901   0.950492
 9726.919   0.939681
 9726.937   0.927294
 9726.954   0.913249
 9726.972   0.897400
 9726.989   0.879475
 9727.007   0.859035
 9727.024   0.835457
 9727.042   0.808042
 9727.060   0.776097
 9727.077   0.739192
 9727.095   0.697383
 9727.112   0.651490
 9727.130   0.603125
 9727.148   0.554616
 9727.165   0.508866
 9727.183   0.469057
 9727.200   0.438189
 9727.218   0.418594
 9727.235   0.411455
 9727.253   0.416736
 9727.271   0.433220
 9727.288   0.458889
 9727.306   0.491323
 9727.323   0.528199
 9727.341   0.567507
 9727.359   0.607714
 9727.376   0.647733
 9727.394   0.686825
 9727.411   0.724420
 9727.429   0.760155
 9727.446   0.793757
 9727.464   0.824888
 9727.482   0.853177
 9727.499   0.878307
 9727.517   0.900112
 9727.534   0.918556
 9727.552   0.933769
 9727.570   0.946021
 9727.587   0.955774
 9727.605   0.963566
 9727.622   0.969938
 9727.640   0.975312
 9727.657   0.980006
 9727.675   0.984170
 9727.693   0.987837
 9727.710   0.990970
 9727.728   0.993530
 9727.745   0.995554
 9727.763   0.997136
 9727.781   0.998446
 9727.798   0.999637
 9727.816   1.000829
 9727.833   1.002026
 9727.851   1.003177
 9727.868   1.004194
 9727.886   1.005010
 9727.904   1.005612
 9727.921   1.006043
 9727.939   1.006392
 9727.956   1.006742
 9727.974   1.007177
 9727.992   1.007743
 9728.009   1.008463
 9728.027   1.009315
 9728.044   1.010225
 9728.062   1.011086
 9728.079   1.011787
 9728.097   1.012233
 9728.115   1.012412
 9728.132   1.012376
 9728.150   1.012247
 9728.167   1.012124
 9728.185   1.012077
 9728.203   1.012055
 9728.220   1.011974
 9728.238   1.011725
 9728.255   1.011263
 9728.273   1.010635
 9728.290   1.009958
 9728.308   1.009375
 9728.326   1.008992
 9728.343   1.008876
 9728.361   1.008984
 9728.378   1.009242
 9728.396   1.009497
 9728.414   1.009624
 9728.431   1.009507
 9728.449   1.009121
 9728.466   1.008479
 9728.484   1.007661
 9728.501   1.006748
 9728.519   1.005831
 9728.537   1.004972
 9728.554   1.004211
 9728.572   1.003558
 9728.589   1.003003
 9728.607   1.002518
 9728.625   1.002048
 9728.642   1.001505
 9728.660   1.000795
 9728.677   0.999846
 9728.695   0.998637
 9728.712   0.997219
 9728.730   0.995634
 9728.748   0.993915
 9728.765   0.991965
 9728.783   0.989625
 9728.800   0.986666
 9728.818   0.982936
 9728.836   0.978415
 9728.853   0.973286
 9728.871   0.967916
 9728.888   0.962749
 9728.906   0.958223
 9728.923   0.954649
 9728.941   0.952256
 9728.959   0.951160
 9728.976   0.951380
 9728.994   0.952812
 9729.011   0.955192
 9729.029   0.958112
 9729.047   0.961071
 9729.064   0.963577
 9729.082   0.965266
 9729.099   0.965956
 9729.117   0.965631
 9729.134   0.964349
 9729.152   0.962129
 9729.170   0.958883
 9729.187   0.954363
 9729.205   0.948205
 9729.222   0.940033
 9729.240   0.929619
 9729.258   0.917061
 9729.275   0.902855
 9729.293   0.887941
 9729.310   0.873561
 9729.328   0.861115
 9729.345   0.851940
 9729.363   0.847093
 9729.381   0.847203
 9729.398   0.852293
 9729.416   0.861837
 9729.433   0.874799
 9729.451   0.889838
 9729.469   0.905522
 9729.486   0.920620
 9729.504   0.934317
 9729.521   0.946221
 9729.539   0.956229
 9729.556   0.964460
 9729.574   0.971161
 9729.592   0.976620
 9729.609   0.981078
 9729.627   0.984734
 9729.644   0.987712
 9729.662   0.990081
 9729.680   0.991882
 9729.697   0.993153
 9729.715   0.993996
 9729.732   0.994556
 9729.750   0.995018
 9729.768   0.995522
 9729.785   0.996128
 9729.803   0.996795
 9729.820   0.997409
 9729.838   0.997860
 9729.855   0.998060
 9729.873   0.998003
 9729.891   0.997701
 9729.908   0.997204
 9729.926   0.996533
 9729.943   0.995698
 9729.961   0.994701
 9729.979   0.993526
 9729.996   0.992160
 9730.014   0.990547
 9730.031   0.988603
 9730.049   0.986191
 9730.066   0.983170
 9730.084   0.979410
 9730.102   0.974849
 9730.119   0.969494
 9730.137   0.963378
 9730.154   0.956503
 9730.172   0.948797
 9730.190   0.940128
 9730.207   0.930334
 9730.225   0.919288
 9730.242   0.906995
 9730.260   0.893723
 9730.277   0.880108
 9730.295   0.867172
 9730.313   0.856156
 9730.330   0.848326
 9730.348   0.844685
 9730.365   0.845746
 9730.383   0.851373
 9730.401   0.860845
 9730.418   0.872892
 9730.436   0.885945
 9730.453   0.898399
 9730.471   0.908789
 9730.488   0.916028
 9730.506   0.919554
 9730.524   0.919430
 9730.541   0.916290
 9730.559   0.911204
 9730.576   0.905579
 9730.594   0.900851
 9730.612   0.898282
 9730.629   0.898691
 9730.647   0.902326
 9730.664   0.908797
 9730.682   0.917223
 9730.699   0.926506
 9730.717   0.935643
 9730.735   0.944036
 9730.752   0.951461
 9730.770   0.958027
 9730.787   0.963934
 9730.805   0.969362
 9730.823   0.974333
 9730.840   0.978735
 9730.858   0.982389
 9730.875   0.985185
 9730.893   0.987164
 9730.910   0.988489
 9730.928   0.989385
 9730.946   0.990019
 9730.963   0.990473
 9730.981   0.990709
 9730.998   0.990630
 9731.016   0.990131
 9731.034   0.989098
 9731.051   0.987428
 9731.069   0.984968
 9731.086   0.981514
 9731.104   0.976800
 9731.121   0.970622
 9731.139   0.962953
 9731.157   0.953992
 9731.174   0.944248
 9731.192   0.934423
 9731.209   0.925399
 9731.227   0.918027
 9731.245   0.913055
 9731.262   0.910871
 9731.280   0.911526
 9731.297   0.914682
 9731.315   0.919722
 9731.332   0.925857
 9731.350   0.932290
 9731.368   0.938382
 9731.385   0.943717
 9731.403   0.948170
 9731.420   0.951812
 9731.438   0.954890
 9731.456   0.957709
 9731.473   0.960583
 9731.491   0.963735
 9731.508   0.967221
 9731.526   0.970920
 9731.543   0.974512
 9731.561   0.977605
 9731.579   0.979799
 9731.596   0.980873
 9731.614   0.980804
 9731.631   0.979797
 9731.649   0.978181
 9731.667   0.976321
 9731.684   0.974554
 9731.702   0.973153
 9731.719   0.972367
 9731.737   0.972387
 9731.754   0.973375
 9731.772   0.975397
 9731.790   0.978406
 9731.807   0.982175
 9731.825   0.986360
 9731.842   0.990567
 9731.860   0.994440
 9731.878   0.997715
 9731.895   1.000289
 9731.913   1.002203
 9731.930   1.003608
 9731.948   1.004693
 9731.965   1.005619
 9731.983   1.006491
 9732.001   1.007323
 9732.018   1.008060
 9732.036   1.008603
 9732.053   1.008854
 9732.071   1.008770
 9732.089   1.008389
 9732.106   1.007859
 9732.124   1.007368
 9732.141   1.007109
 9732.159   1.007180
 9732.176   1.007535
 9732.194   1.008026
 9732.212   1.008411
 9732.229   1.008528
 9732.247   1.008289
 9732.264   1.007762
 9732.282   1.007044
 9732.300   1.006273
 9732.317   1.005517
 9732.335   1.004817
 9732.352   1.004200
 9732.370   1.003715
 9732.387   1.003422
 9732.405   1.003356
 9732.423   1.003485
 9732.440   1.003697
 9732.458   1.003823
 9732.475   1.003695
 9732.493   1.003203
 9732.511   1.002341
 9732.528   1.001199
 9732.546   0.999954
 9732.563   0.998813
 9732.581   0.997977
 9732.599   0.997544
 9732.616   0.997498
 9732.634   0.997663
 9732.651   0.997805
 9732.669   0.997675
 9732.686   0.997113
 9732.704   0.996088
 9732.722   0.994690
 9732.739   0.993103
 9732.757   0.991499
 9732.774   0.989998
 9732.792   0.988585
 9732.810   0.987149
 9732.827   0.985478
 9732.845   0.983350
 9732.862   0.980571
 9732.880   0.977032
 9732.897   0.972707
 9732.915   0.967624
 9732.933   0.961823
 9732.950   0.955301
 9732.968   0.948003
 9732.985   0.939846
 9733.003   0.930708
 9733.021   0.920439
 9733.038   0.908808
 9733.056   0.895442
 9733.073   0.879726
 9733.091   0.860873
 9733.108   0.838027
 9733.126   0.810504
 9733.144   0.777985
 9733.161   0.740639
 9733.179   0.699266
 9733.196   0.655521
 9733.214   0.611813
 9733.232   0.571042
 9733.249   0.536287
 9733.267   0.510241
 9733.284   0.494827
 9733.302   0.490952
 9733.319   0.498377
 9733.337   0.515865
 9733.355   0.541511
 9733.372   0.573137
 9733.390   0.608558
 9733.407   0.645714
 9733.425   0.682904
 9733.443   0.718898
 9733.460   0.752849
 9733.478   0.784164
 9733.495   0.812483
 9733.513   0.837630
 9733.530   0.859584
 9733.548   0.878488
 9733.566   0.894557
 9733.583   0.908074
 9733.601   0.919388
 9733.618   0.928863
 9733.636   0.936818
 9733.654   0.943529
 9733.671   0.949175
 9733.689   0.953857
 9733.706   0.957610
 9733.724   0.960448
 9733.741   0.962386
 9733.759   0.963475
 9733.777   0.963817
 9733.794   0.963551
 9733.812   0.962816
 9733.829   0.961673
 9733.847   0.960075
 9733.865   0.957853
 9733.882   0.954822
 9733.900   0.950858
 9733.917   0.946085
 9733.935   0.940889
 9733.952   0.935989
 9733.970   0.932184
 9733.988   0.930248
 9734.005   0.930645
 9734.023   0.933470
 9734.040   0.938410
 9734.058   0.944874
 9734.076   0.952159
 9734.093   0.959579
 9734.111   0.966630
 9734.128   0.972983
 9734.146   0.978472
 9734.163   0.983033
 9734.181   0.986709
 9734.199   0.989586
 9734.216   0.991795
 9734.234   0.993467
 9734.251   0.994735
 9734.269   0.995701
 9734.287   0.996429
 9734.304   0.996947
 9734.322   0.997270
 9734.339   0.997430
 9734.357   0.997484
 9734.374   0.997513
 9734.392   0.997576
 9734.410   0.997699
 9734.427   0.997858
 9734.445   0.998020
 9734.462   0.998144
 9734.480   0.998214
 9734.498   0.998230
 9734.515   0.998189
 9734.533   0.998093
 9734.550   0.997930
 9734.568   0.997721
 9734.585   0.997506
 9734.603   0.997351
 9734.621   0.997322
 9734.638   0.997454
 9734.656   0.997743
 9734.673   0.998128
 9734.691   0.998539
 9734.709   0.998893
 9734.726   0.999140
 9734.744   0.999261
 9734.761   0.999255
 9734.779   0.999132
 9734.796   0.998880
 9734.814   0.998486
 9734.832   0.997939
 9734.849   0.997276
 9734.867   0.996555
 9734.884   0.995861
 9734.902   0.995276
 9734.920   0.994867
 9734.937   0.994665
 9734.955   0.994663
 9734.972   0.994811
 9734.990   0.995030
 9735.007   0.995223
 9735.025   0.995327
 9735.043   0.995298
 9735.060   0.995166
 9735.078   0.994986
 9735.095   0.994840
 9735.113   0.994793
 9735.131   0.994861
 9735.148   0.995026
 9735.166   0.995177
 9735.183   0.995215
 9735.201   0.995017
 9735.218   0.994547
 9735.236   0.993824
 9735.254   0.992956
 9735.271   0.992112
 9735.289   0.991458
 9735.306   0.991133
 9735.324   0.991174
 9735.342   0.991542
 9735.359   0.992120
 9735.377   0.992773
 9735.394   0.993410
 9735.412   0.993976
 9735.430   0.994491
 9735.447   0.994980
 9735.465   0.995486
 9735.482   0.996005
 9735.500   0.996518
 9735.517   0.996972
 9735.535   0.997287
 9735.553   0.997367
 9735.570   0.997069
 9735.588   0.996267
 9735.605   0.994836
 9735.623   0.992761
 9735.641   0.990123
 9735.658   0.987164
 9735.676   0.984192
 9735.693   0.981546
 9735.711   0.979490
 9735.728   0.978178
 9735.746   0.977665
 9735.764   0.977913
 9735.781   0.978863
 9735.799   0.980411
 9735.816   0.982452
 9735.834   0.984789
 9735.852   0.987190
 9735.869   0.989377
 9735.887   0.991160
 9735.904   0.992429
 9735.922   0.993227
 9735.939   0.993696
 9735.957   0.994011
 9735.975   0.994335
 9735.992   0.994730
 9736.010   0.995187
 9736.027   0.995616
 9736.045   0.995946
 9736.063   0.996153
 9736.080   0.996299
 9736.098   0.996510
 9736.115   0.996917
 9736.133   0.997586
 9736.150   0.998468
 9736.168   0.999378
 9736.186   1.000093
 9736.203   1.000436
 9736.221   1.000395
 9736.238   1.000164
 9736.256   1.000035
 9736.274   1.000328
 9736.291   1.001183
 9736.309   1.002612
 9736.326   1.004444
 9736.344   1.006493
 9736.361   1.008605
 9736.379   1.010659
 9736.397   1.012567
 9736.414   1.014150
 9736.432   1.015206
 9736.449   1.015501
 9736.467   1.014942
 9736.485   1.013651
 9736.502   1.011932
 9736.520   1.010213
 9736.537   1.008866
 9736.555   1.008143
 9736.572   1.008034
 9736.590   1.008379
 9736.608   1.008879
 9736.625   1.009277
 9736.643   1.009397
 9736.660   1.009234
 9736.678   1.008887
 9736.696   1.008505
 9736.713   1.008199
 9736.731   1.007982
 9736.748   1.007787
 9736.766   1.007488
 9736.783   1.006989
 9736.801   1.006225
 9736.819   1.005213
 9736.836   1.003974
 9736.854   1.002508
 9736.871   1.000741
 9736.889   0.998537
 9736.907   0.995767
 9736.924   0.992393
 9736.942   0.988497
 9736.959   0.984259
 9736.977   0.979786
 9736.994   0.974984
 9737.012   0.969416
 9737.030   0.962395
 9737.047   0.953112
 9737.065   0.940884
 9737.082   0.925365
 9737.100   0.906670
 9737.118   0.885502
 9737.135   0.863095
 9737.153   0.841103
 9737.170   0.821507
 9737.188   0.806230
 9737.205   0.796744
 9737.223   0.793636
 9737.241   0.796472
 9737.258   0.803832
 9737.276   0.813660
 9737.293   0.823812
 9737.311   0.832387
 9737.329   0.837983
 9737.346   0.839642
 9737.364   0.836818
 9737.381   0.829227
 9737.399   0.816717
 9737.416   0.799213
 9737.434   0.776648
 9737.452   0.748953
 9737.469   0.715946
 9737.487   0.677439
 9737.504   0.633405
 9737.522   0.584202
 9737.540   0.530882
 9737.557   0.475293
 9737.575   0.419911
 9737.592   0.367556
 9737.610   0.321373
 9737.627   0.284375
 9737.645   0.259219
 9737.663   0.247841
 9737.680   0.251233
 9737.698   0.269188
 9737.715   0.300398
 9737.733   0.342585
 9737.751   0.392893
 9737.768   0.448231
 9737.786   0.505828
 9737.803   0.563217
 9737.821   0.618381
 9737.838   0.669860
 9737.856   0.716748
 9737.874   0.758579
 9737.891   0.795338
 9737.909   0.827241
 9737.926   0.854714
 9737.944   0.878317
 9737.962   0.898706
 9737.979   0.916416
 9737.997   0.931915
 9738.014   0.945550
 9738.032   0.957590
 9738.049   0.968210
 9738.067   0.977518
 9738.085   0.985577
 9738.102   0.992474
 9738.120   0.998318
 9738.137   1.003268
 9738.155   1.007494
 9738.173   1.011181
 9738.190   1.014462
 9738.208   1.017436
 9738.225   1.020134
 9738.243   1.022531
 9738.261   1.024567
 9738.278   1.026160
 9738.296   1.027240
 9738.313   1.027773
 9738.331   1.027805
 9738.348   1.027454
 9738.366   1.026907
 9738.384   1.026383
 9738.401   1.026098
 9738.419   1.026186
 9738.436   1.026679
 9738.454   1.027465
 9738.472   1.028321
 9738.489   1.028950
 9738.507   1.029046
 9738.524   1.028378
 9738.542   1.026830
 9738.559   1.024403
 9738.577   1.021173
 9738.595   1.017231
 9738.612   1.012627
 9738.630   1.007340
 9738.647   1.001291
 9738.665   0.994349
 9738.683   0.986351
 9738.700   0.977097
 9738.718   0.966373
 9738.735   0.953886
 9738.753   0.939313
 9738.770   0.922300
 9738.788   0.902436
 9738.806   0.879233
 9738.823   0.852102
 9738.841   0.820385
 9738.858   0.783509
 9738.876   0.741206
 9738.894   0.693573
 9738.911   0.641229
 9738.929   0.585518
 9738.946   0.528693
 9738.964   0.473657
 9738.981   0.423948
 9738.999   0.383142
 9739.017   0.354422
 9739.034   0.340133
 9739.052   0.341325
 9739.069   0.357440
 9739.087   0.386569
 9739.105   0.425718
 9739.122   0.471386
 9739.140   0.519792
 9739.157   0.567492
 9739.175   0.611572
 9739.192   0.649861
 9739.210   0.680856
 9739.228   0.703549
 9739.245   0.717254
 9739.263   0.721509
 9739.280   0.716053
 9739.298   0.700779
 9739.316   0.675945
 9739.333   0.642429
 9739.351   0.602115
 9739.368   0.557826
 9739.386   0.513230
 9739.403   0.472552
 9739.421   0.440166
 9739.439   0.419787
 9739.456   0.414019
 9739.474   0.423827
 9739.491   0.448394
 9739.509   0.485185
 9739.527   0.530398
 9739.544   0.579653
 9739.562   0.628579
 9739.579   0.673432
 9739.597   0.711411
 9739.614   0.740770
 9739.632   0.761009
 9739.650   0.772728
 9739.667   0.777382
 9739.685   0.776891
 9739.702   0.773280
 9739.720   0.768246
 9739.738   0.762938
 9739.755   0.757689
 9739.773   0.752148
 9739.790   0.745421
 9739.808   0.736530
 9739.825   0.725004
 9739.843   0.711180
 9739.861   0.696628
 9739.878   0.683781
 9739.896   0.675675
 9739.913   0.674973
 9739.931   0.683495
 9739.949   0.701669
 9739.966   0.728520
 9739.984   0.761915
 9740.001   0.799116
 9740.019   0.837251
 9740.036   0.873793
 9740.054   0.906734
 9740.072   0.935016
 9740.089   0.958237
 9740.107   0.976648
 9740.124   0.990846
 9740.142   1.001549
 9740.160   1.009399
 9740.177   1.014878
 9740.195   1.018334
 9740.212   1.020038
 9740.230   1.020216
 9740.247   1.019044
 9740.265   1.016639
 9740.283   1.012995
 9740.300   1.007968
 9740.318   1.001234
 9740.335   0.992319
 9740.353   0.980609
 9740.371   0.965458
 9740.388   0.946254
 9740.406   0.922753
 9740.423   0.895179
 9740.441   0.864589
 9740.458   0.832917
 9740.476   0.802960
 9740.494   0.777898
 9740.511   0.760600
 9740.529   0.753236
 9740.546   0.756546
 9740.564   0.769859
 9740.582   0.791332
 9740.599   0.818359
 9740.617   0.848174
 9740.634   0.878104
 9740.652   0.906045
 9740.669   0.930651
 9740.687   0.951233
 9740.705   0.967810
 9740.722   0.980745
 9740.740   0.990621
 9740.757   0.997972
 9740.775   1.003240
 9740.793   1.006726
 9740.810   1.008691
 9740.828   1.009392
 9740.845   1.009096
 9740.863   1.008066
 9740.880   1.006449
 9740.898   1.004269
 9740.916   1.001368
 9740.933   0.997490
 9740.951   0.992301
 9740.968   0.985468
 9740.986   0.976719
 9741.004   0.965929
 9741.021   0.953133
 9741.039   0.938708
 9741.056   0.923376
 9741.074   0.908262
 9741.092   0.894702
 9741.109   0.884117
 9741.127   0.877696
 9741.144   0.876180
 9741.162   0.879717
 9741.179   0.887888
 9741.197   0.899767
 9741.215   0.914089
 9741.232   0.929455
 9741.250   0.944579
 9741.267   0.958451
 9741.285   0.970471
 9741.303   0.980474
 9741.320   0.988601
 9741.338   0.995168
 9741.355   1.000478
 9741.373   1.004727
 9741.390   1.007994
 9741.408   1.010294
 9741.426   1.011658
 9741.443   1.012192
 9741.461   1.012075
 9741.478   1.011504
 9741.496   1.010636
 9741.514   1.009570
 9741.531   1.008326
 9741.549   1.006861
 9741.566   1.005075
 9741.584   1.002800
 9741.601   0.999823
 9741.619   0.995890
 9741.637   0.990827
 9741.654   0.984607
 9741.672   0.977462
 9741.689   0.969864
 9741.707   0.962485
 9741.725   0.956037
 9741.742   0.951161
 9741.760   0.948282
 9741.777   0.947611
 9741.795   0.949095
 9741.812   0.952489
 9741.830   0.957377
 9741.848   0.963231
 9741.865   0.969496
 9741.883   0.975657
 9741.900   0.981332
 9741.918   0.986295
 9741.936   0.990463
 9741.953   0.993852
 9741.971   0.996537
 9741.988   0.998614
 9742.006   1.000153
 9742.023   1.001213
 9742.041   1.001850
 9742.059   1.002149
 9742.076   1.002196
 9742.094   1.002078
 9742.111   1.001859
 9742.129   1.001570
 9742.147   1.001225
 9742.164   1.000837
 9742.182   1.000432
 9742.199   1.000045
 9742.217   0.999691
 9742.234   0.999363
 9742.252   0.999006
 9742.270   0.998540
 9742.287   0.997899
 9742.305   0.997058
 9742.322   0.996079
 9742.340   0.995061
 9742.358   0.994142
 9742.375   0.993424
 9742.393   0.992967
 9742.410   0.992751
 9742.428   0.992709
 9742.445   0.992752
 9742.463   0.992806
 9742.481   0.992840
 9742.498   0.992854
 9742.516   0.992869
 9742.533   0.992914
 9742.551   0.993000
 9742.569   0.993123
 9742.586   0.993243
 9742.604   0.993310
 9742.621   0.993266
 9742.639   0.993099
 9742.656   0.992831
 9742.674   0.992528
 9742.692   0.992288
 9742.709   0.992208
 9742.727   0.992347
 9742.744   0.992719
 9742.762   0.993252
 9742.780   0.993835
 9742.797   0.994324
 9742.815   0.994614
 9742.832   0.994660
 9742.850   0.994482
 9742.867   0.994184
 9742.885   0.993856
 9742.903   0.993602
 9742.920   0.993424
 9742.938   0.993314
 9742.955   0.993202
 9742.973   0.993008
 9742.991   0.992647
 9743.008   0.992025
 9743.026   0.991105
 9743.043   0.989893
 9743.061   0.988501
 9743.078   0.987088
 9743.096   0.985797
 9743.114   0.984677
 9743.131   0.983618
 9743.149   0.982407
 9743.166   0.980828
 9743.184   0.978795
 9743.202   0.976406
 9743.219   0.973894
 9743.237   0.971531
 9743.254   0.969510
 9743.272   0.967902
 9743.289   0.966711
 9743.307   0.965941
 9743.325   0.965683
 9743.342   0.966066
 9743.360   0.967226
 9743.377   0.969189
 9743.395   0.971852
 9743.413   0.974958
 9743.430   0.978187
 9743.448   0.981234
 9743.465   0.983858
 9743.483   0.985963
 9743.500   0.987544
 9743.518   0.988731
 9743.536   0.989674
 9743.553   0.990542
 9743.571   0.991434
 9743.588   0.992411
 9743.606   0.993462
 9743.624   0.994540
 9743.641   0.995596
 9743.659   0.996586
 9743.676   0.997500
 9743.694   0.998325
 9743.711   0.999073
 9743.729   0.999751
 9743.747   1.000384
 9743.764   1.000999
 9743.782   1.001614
 9743.799   1.002210
 9743.817   1.002736
 9743.835   1.003125
 9743.852   1.003317
 9743.870   1.003279
 9743.887   1.003012
 9743.905   1.002528
 9743.923   1.001866
 9743.940   1.001084
 9743.958   1.000267
 9743.975   0.999516
 9743.993   0.998889
 9744.010   0.998366
 9744.028   0.997799
 9744.046   0.996982
 9744.063   0.995704
 9744.081   0.993881
 9744.098   0.991557
 9744.116   0.988898
 9744.134   0.986084
 9744.151   0.983205
 9744.169   0.980227
 9744.186   0.977002
 9744.204   0.973358
 9744.221   0.969092
 9744.239   0.964024
 9744.257   0.957978
 9744.274   0.950859
 9744.292   0.942810
 9744.309   0.934209
 9744.327   0.925763
 9744.345   0.918348
 9744.362   0.912888
 9744.380   0.910075
 9744.397   0.910253
 9744.415   0.913374
 9744.432   0.919075
 9744.450   0.926771
 9744.468   0.935775
 9744.485   0.945377
 9744.503   0.954917
 9744.520   0.963842
 9744.538   0.971810
 9744.556   0.978617
 9744.573   0.984221
 9744.591   0.988664
 9744.608   0.992090
 9744.626   0.994671
 9744.643   0.996593
 9744.661   0.998032
 9744.679   0.999126
 9744.696   0.999977
 9744.714   1.000660
 9744.731   1.001259
 9744.749   1.001865
 9744.767   1.002569
 9744.784   1.003437
 9744.802   1.004481
 9744.819   1.005678
 9744.837   1.006978
 9744.854   1.008337
 9744.872   1.009701
 9744.890   1.011008
 9744.907   1.012181
 9744.925   1.013121
 9744.942   1.013746
 9744.960   1.014019
 9744.978   1.013986
 9744.995   1.013756
 9745.013   1.013471
 9745.030   1.013285
 9745.048   1.013287
 9745.065   1.013486
 9745.083   1.013759
 9745.101   1.013875
 9745.118   1.013564
 9745.136   1.012625
 9745.153   1.011048
 9745.171   1.009038
 9745.189   1.006977
 9745.206   1.005233
 9745.224   1.004038
 9745.241   1.003369
 9745.259   1.003013
 9745.276   1.002679
 9745.294   1.002145
 9745.312   1.001355
 9745.329   1.000362
 9745.347   0.999279
 9745.364   0.998125
 9745.382   0.996840
 9745.400   0.995268
 9745.417   0.993268
 9745.435   0.990766
 9745.452   0.987796
 9745.470   0.984468
 9745.487   0.980911
 9745.505   0.977216
 9745.523   0.973399
 9745.540   0.969378
 9745.558   0.964976
 9745.575   0.959979
 9745.593   0.954208
 9745.611   0.947585
 9745.628   0.940101
 9745.646   0.931803
 9745.663   0.922698
 9745.681   0.912749
 9745.698   0.901818
 9745.716   0.889702
 9745.734   0.876183
 9745.751   0.861076
 9745.769   0.844214
 9745.786   0.825427
 9745.804   0.804546
 9745.822   0.781398
 9745.839   0.755780
 9745.857   0.727404
 9745.874   0.695942
 9745.892   0.661173
 9745.909   0.622948
 9745.927   0.581212
 9745.945   0.536084
 9745.962   0.487918
 9745.980   0.437386
 9745.997   0.385463
 9746.015   0.333460
 9746.033   0.283002
 9746.050   0.235860
 9746.068   0.193604
 9746.085   0.157488
 9746.103   0.128402
 9746.120   0.106931
 9746.138   0.093369
 9746.156   0.087882
 9746.173   0.090552
 9746.191   0.101371
 9746.208   0.120209
 9746.226   0.146802
 9746.244   0.180625
 9746.261   0.220747
 9746.279   0.265968
 9746.296   0.314849
 9746.314   0.365931
 9746.331   0.417743
 9746.349   0.468943
 9746.367   0.518383
 9746.384   0.565169
 9746.402   0.608664
 9746.419   0.648571
 9746.437   0.684884
 9746.455   0.717783
 9746.472   0.747441
 9746.490   0.774044
 9746.507   0.797852
 9746.525   0.819198
 9746.542   0.838411
 9746.560   0.855794
 9746.578   0.871625
 9746.595   0.886081
 9746.613   0.899250
 9746.630   0.911103
 9746.648   0.921641
 9746.666   0.930954
 9746.683   0.939203
 9746.701   0.946562
 9746.718   0.953169
 9746.736   0.959101
 9746.754   0.964366
 9746.771   0.968975
 9746.789   0.973002
 9746.806   0.976602
 9746.824   0.979967
 9746.841   0.983260
 9746.859   0.986556
 9746.877   0.989831
 9746.894   0.992973
 9746.912   0.995815
 9746.929   0.998227
 9746.947   1.000156
 9746.965   1.001666
 9746.982   1.002901
 9747.000   1.004035
 9747.017   1.005205
 9747.035   1.006448
 9747.052   1.007726
 9747.070   1.008929
 9747.088   1.009983
 9747.105   1.010840
 9747.123   1.011516
 9747.140   1.012049
 9747.158   1.012490
 9747.176   1.012887
 9747.193   1.013263
 9747.211   1.013626
 9747.228   1.013919
 9747.246   1.014016
 9747.263   1.013743
 9747.281   1.012961
 9747.299   1.011645
 9747.316   1.009947
 9747.334   1.008156
 9747.351   1.006575
 9747.369   1.005386
 9747.387   1.004530
 9747.404   1.003721
 9747.422   1.002502
 9747.439   1.000411
 9747.457   0.997061
 9747.474   0.992284
 9747.492   0.986112
 9747.510   0.978792
 9747.527   0.970694
 9747.545   0.962257
 9747.562   0.954007
 9747.580   0.946550
 9747.598   0.940540
 9747.615   0.936535
 9747.633   0.934798
 9747.650   0.935216
 9747.668   0.937192
 9747.685   0.939836
 9747.703   0.942218
 9747.721   0.943649
 9747.738   0.943899
 9747.756   0.943162
 9747.773   0.941936
 9747.791   0.940800
 9747.809   0.940272
 9747.826   0.940758
 9747.844   0.942485
 9747.861   0.945566
 9747.879   0.949922
 9747.896   0.955349
 9747.914   0.961485
 9747.932   0.967905
 9747.949   0.974177
 9747.967   0.979929
 9747.984   0.984909
 9748.002   0.988940
 9748.020   0.991948
 9748.037   0.993921
 9748.055   0.994949
 9748.072   0.995205
 9748.090   0.994924
 9748.107   0.994402
 9748.125   0.993893
 9748.143   0.993617
 9748.160   0.993712
 9748.178   0.994234
 9748.195   0.995172
 9748.213   0.996422
 9748.231   0.997825
 9748.248   0.999186
 9748.266   1.000327
 9748.283   1.001150
 9748.301   1.001633
 9748.318   1.001855
 9748.336   1.001934
 9748.354   1.002014
 9748.371   1.002211
 9748.389   1.002621
 9748.406   1.003264
 9748.424   1.004117
 9748.442   1.005036
 9748.459   1.005826
 9748.477   1.006248
 9748.494   1.006138
 9748.512   1.005463
 9748.529   1.004327
 9748.547   1.002982
 9748.565   1.001684
 9748.582   1.000675
 9748.600   1.000087
 9748.617   0.999957
 9748.635   1.000215
 9748.653   1.000699
 9748.670   1.001211
 9748.688   1.001550
 9748.705   1.001586
 9748.723   1.001312
 9748.740   1.000817
 9748.758   1.000264
 9748.776   0.999783
 9748.793   0.999438
 9748.811   0.999192
 9748.828   0.998987
 9748.846   0.998756
 9748.864   0.998477
 9748.881   0.998157
 9748.899   0.997800
 9748.916   0.997406
 9748.934   0.996946
 9748.951   0.996422
 9748.969   0.995829
 9748.987   0.995170
 9749.004   0.994397
 9749.022   0.993396
 9749.039   0.991994
 9749.057   0.990030
 9749.075   0.987437
 9749.092   0.984292
 9749.110   0.980822
 9749.127   0.977340
 9749.145   0.974161
 9749.162   0.971515
 9749.180   0.969588
 9749.198   0.968498
 9749.215   0.968309
 9749.233   0.968997
 9749.250   0.970451
 9749.268   0.972483
 9749.286   0.974878
 9749.303   0.977464
 9749.321   0.980124
 9749.338   0.982794
 9749.356   0.985411
 9749.373   0.987897
 9749.391   0.990140
 9749.409   0.992030
 9749.426   0.993505
 9749.444   0.994557
 9749.461   0.995245
 9749.479   0.995671
 9749.497   0.995962
 9749.514   0.996246
 9749.532   0.996619
 9749.549   0.997115
 9749.567   0.997698
 9749.585   0.998275
 9749.602   0.998724
 9749.620   0.998953
 9749.637   0.998922
 9749.655   0.998677
 9749.672   0.998333
 9749.690   0.998038
 9749.708   0.997953
 9749.725   0.998178
 9749.743   0.998752
 9749.760   0.999595
 9749.778   1.000562
 9749.796   1.001463
 9749.813   1.002159
 9749.831   1.002564
 9749.848   1.002681
 9749.866   1.002550
 9749.883   1.002253
 9749.901   1.001860
 9749.919   1.001443
 9749.936   1.001062
 9749.954   1.000776
 9749.971   1.000651
 9749.989   1.000735
 9750.007   1.001041
 9750.024   1.001523
 9750.042   1.002088
 9750.059   1.002621
 9750.077   1.003024
 9750.094   1.003236
 9750.112   1.003218
 9750.130   1.002935
 9750.147   1.002310
 9750.165   1.001288
 9750.182   0.999846
 9750.200   0.998090
 9750.218   0.996199
 9750.235   0.994330
 9750.253   0.992519
 9750.270   0.990588
 9750.288   0.988242
 9750.305   0.985142
 9750.323   0.981049
 9750.341   0.975903
 9750.358   0.969828
 9750.376   0.963144
 9750.393   0.956298
 9750.411   0.949894
 9750.429   0.944609
 9750.446   0.941049
 9750.464   0.939679
 9750.481   0.940698
 9750.499   0.944026
 9750.516   0.949316
 9750.534   0.956043
 9750.552   0.963608
 9750.569   0.971390
 9750.587   0.978831
 9750.604   0.985481
 9750.622   0.991073
 9750.640   0.995510
 9750.657   0.998898
 9750.675   1.001417
 9750.692   1.003265
 9750.710   1.004564
 9750.727   1.005358
 9750.745   1.005706
 9750.763   1.005748
 9750.780   1.005731
 9750.798   1.005915
 9750.815   1.006462
 9750.833   1.007344
 9750.851   1.008358
 9750.868   1.009228
 9750.886   1.009763
 9750.903   1.009940
 9750.921   1.009897
 9750.938   1.009819
 9750.956   1.009825
 9750.974   1.009910
 9750.991   1.009942
 9751.009   1.009737
 9751.026   1.009150
 9751.044   1.008135
 9751.062   1.006759
 9751.079   1.005161
 9751.097   1.003535
 9751.114   1.002045
 9751.132   1.000812
 9751.149   0.999853
 9751.167   0.999063
 9751.185   0.998253
 9751.202   0.997175
 9751.220   0.995679
 9751.237   0.993705
 9751.255   0.991363
 9751.273   0.988797
 9751.290   0.986149
 9751.308   0.983450
 9751.325   0.980622
 9751.343   0.977520
 9751.360   0.974005
 9751.378   0.970007
 9751.396   0.965530
 9751.413   0.960602
 9751.431   0.955213
 9751.448   0.949265
 9751.466   0.942617
 9751.484   0.935099
 9751.501   0.926565
 9751.519   0.916969
 9751.536   0.906309
 9751.554   0.894630
 9751.571   0.881901
 9751.589   0.868060
 9751.607   0.852960
 9751.624   0.836403
 9751.642   0.818116
 9751.659   0.797708
 9751.677   0.774783
 9751.695   0.748845
 9751.712   0.719390
 9751.730   0.686053
 9751.747   0.648671
 9751.765   0.607239
 9751.782   0.561900
 9751.800   0.513046
 9751.818   0.461369
 9751.835   0.407958
 9751.853   0.354179
 9751.870   0.301629
 9751.888   0.252172
 9751.906   0.207811
 9751.923   0.170410
 9751.941   0.141489
 9751.958   0.122174
 9751.976   0.113053
 9751.993   0.114275
 9752.011   0.125559
 9752.029   0.146195
 9752.046   0.175078
 9752.064   0.210770
 9752.081   0.251644
 9752.099   0.295882
 9752.117   0.341720
 9752.134   0.387717
 9752.152   0.432856
 9752.169   0.476571
 9752.187   0.518661
 9752.204   0.559144
 9752.222   0.598135
 9752.240   0.635735
 9752.257   0.671873
 9752.275   0.706267
 9752.292   0.738592
 9752.310   0.768517
 9752.328   0.795774
 9752.345   0.820287
 9752.363   0.842155
 9752.380   0.861522
 9752.398   0.878510
 9752.415   0.893243
 9752.433   0.905873
 9752.451   0.916667
 9752.468   0.925941
 9752.486   0.934071
 9752.503   0.941375
 9752.521   0.948105
 9752.539   0.954333
 9752.556   0.960033
 9752.574   0.965110
 9752.591   0.969504
 9752.609   0.973241
 9752.627   0.976421
 9752.644   0.979205
 9752.662   0.981743
 9752.679   0.984174
 9752.697   0.986557
 9752.714   0.988929
 9752.732   0.991281
 9752.750   0.993571
 9752.767   0.995723
 9752.785   0.997617
 9752.802   0.999166
 9752.820   1.000325
 9752.838   1.001186
 9752.855   1.001925
 9752.873   1.002747
 9752.890   1.003777
 9752.908   1.004971
 9752.925   1.006166
 9752.943   1.007135
 9752.961   1.007732
 9752.978   1.007941
 9752.996   1.007855
 9753.013   1.007606
 9753.031   1.007296
 9753.049   1.006966
 9753.066   1.006645
 9753.084   1.006379
 9753.101   1.006291
 9753.119   1.006494
 9753.136   1.007068
 9753.154   1.007929
 9753.172   1.008853
 9753.189   1.009535
 9753.207   1.009705
 9753.224   1.009266
 9753.242   1.008314
 9753.260   1.007131
 9753.277   1.006035
 9753.295   1.005272
 9753.312   1.004929
 9753.330   1.004934
 9753.347   1.005118
 9753.365   1.005305
 9753.383   1.005369
 9753.400   1.005270
 9753.418   1.005034
 9753.435   1.004720
 9753.453   1.004373
 9753.471   1.004022
 9753.488   1.003686
 9753.506   1.003353
 9753.523   1.003027
 9753.541   1.002671
 9753.558   1.002259
 9753.576   1.001747
 9753.594   1.001146
 9753.611   1.000542
 9753.629   1.000068
 9753.646   0.999880
 9753.664   1.000038
 9753.682   1.000501
 9753.699   1.001092
 9753.717   1.001619
 9753.734   1.001942
 9753.752   1.002056
 9753.769   1.002043
 9753.787   1.002015
 9753.805   1.002019
 9753.822   1.002022
 9753.840   1.001930
 9753.857   1.001697
 9753.875   1.001357
 9753.893   1.001053
 9753.910   1.000922
 9753.928   1.001056
 9753.945   1.001383
 9753.963   1.001742
 9753.980   1.001940
 9753.998   1.001851
 9754.016   1.001490
 9754.033   1.000965
 9754.051   1.000462
 9754.068   1.000106
 9754.086   0.999966
 9754.104   0.999981
 9754.121   1.000067
 9754.139   1.000121
 9754.156   1.000092
 9754.174   0.999973
 9754.191   0.999762
 9754.209   0.999487
 9754.227   0.999150
 9754.244   0.998826
 9754.262   0.998556
 9754.279   0.998407
 9754.297   0.998367
 9754.315   0.998405
 9754.332   0.998474
 9754.350   0.998543
 9754.367   0.998654
 9754.385   0.998835
 9754.402   0.999121
 9754.420   0.999450
 9754.438   0.999743
 9754.455   0.999899
 9754.473   0.999895
 9754.490   0.999766
 9754.508   0.999598
 9754.526   0.999462
 9754.543   0.999393
 9754.561   0.999413
 9754.578   0.999556
 9754.596   0.999845
 9754.613   1.000295
 9754.631   1.000849
 9754.649   1.001409
 9754.666   1.001852
 9754.684   1.002123
 9754.701   1.002249
 9754.719   1.002299
 9754.737   1.002357
 9754.754   1.002414
 9754.772   1.002450
 9754.789   1.002390
 9754.807   1.002274
 9754.824   1.002183
 9754.842   1.002237
 9754.860   1.002491
 9754.877   1.002853
 9754.895   1.003192
 9754.912   1.003339
 9754.930   1.003306
 9754.948   1.003194
 9754.965   1.003177
 9754.983   1.003357
 9755.000   1.003675
 9755.018   1.004000
 9755.035   1.004182
 9755.053   1.004206
 9755.071   1.004167
 9755.088   1.004178
 9755.106   1.004264
 9755.123   1.004258
 9755.141   1.003893
 9755.159   1.002939
 9755.176   1.001323
 9755.194   0.999233
 9755.211   0.996860
 9755.229   0.994342
 9755.246   0.991449
 9755.264   0.987730
 9755.282   0.982697
 9755.299   0.976116
 9755.317   0.968355
 9755.334   0.960206
 9755.352   0.952904
 9755.370   0.947531
 9755.387   0.944912
 9755.405   0.945302
 9755.422   0.948467
 9755.440   0.953741
 9755.458   0.960189
 9755.475   0.966836
 9755.493   0.972725
 9755.510   0.977192
 9755.528   0.979911
 9755.545   0.980994
 9755.563   0.980866
 9755.581   0.980099
 9755.598   0.979253
 9755.616   0.978707
 9755.633   0.978682
 9755.651   0.979258
 9755.669   0.980455
 9755.686   0.982233
 9755.704   0.984482
 9755.721   0.987002
 9755.739   0.989515
 9755.756   0.991704
 9755.774   0.993286
 9755.792   0.994062
 9755.809   0.993979
 9755.827   0.993139
 9755.844   0.991764
 9755.862   0.990110
 9755.880   0.988350
 9755.897   0.986515
 9755.915   0.984480
 9755.932   0.982051
 9755.950   0.979098
 9755.967   0.975584
 9755.985   0.971605
 9756.003   0.967257
 9756.020   0.962584
 9756.038   0.957502
 9756.055   0.951812
 9756.073   0.945323
 9756.091   0.937843
 9756.108   0.929255
 9756.126   0.919436
 9756.143   0.908272
 9756.161   0.895553
 9756.178   0.880956
 9756.196   0.864082
 9756.214   0.844387
 9756.231   0.821291
 9756.249   0.794194
 9756.266   0.762537
 9756.284   0.725921
 9756.302   0.684171
 9756.319   0.637368
 9756.337   0.585812
 9756.354   0.530256
 9756.372   0.471922
 9756.389   0.412708
 9756.407   0.355314
 9756.425   0.302816
 9756.442   0.258418
 9756.460   0.224970
 9756.477   0.204712
 9756.495   0.198963
 9756.513   0.208127
 9756.530   0.231489
 9756.548   0.267436
 9756.565   0.313531
 9756.583   0.366936
 9756.600   0.424594
 9756.618   0.483626
 9756.636   0.541564
 9756.653   0.596562
 9756.671   0.647271
 9756.688   0.693018
 9756.706   0.733525
 9756.724   0.768853
 9756.741   0.799314
 9756.759   0.825441
 9756.776   0.847825
 9756.794   0.867134
 9756.811   0.884030
 9756.829   0.899024
 9756.847   0.912397
 9756.864   0.924257
 9756.882   0.934563
 9756.899   0.943332
 9756.917   0.950690
 9756.935   0.956891
 9756.952   0.962237
 9756.970   0.966990
 9756.987   0.971326
 9757.005   0.975331
 9757.022   0.979053
 9757.040   0.982501
 9757.058   0.985662
 9757.075   0.988489
 9757.093   0.990935
 9757.110   0.992979
 9757.128   0.994692
 9757.146   0.996232
 9757.163   0.997797
 9757.181   0.999573
 9757.198   1.001646
 9757.216   1.003958
 9757.233   1.006317
 9757.251   1.008454
 9757.269   1.010128
 9757.286   1.011188
 9757.304   1.011642
 9757.321   1.011625
 9757.339   1.011383
 9757.357   1.011202
 9757.374   1.011309
 9757.392   1.011815
 9757.409   1.012668
 9757.427   1.013704
 9757.444   1.014712
 9757.462   1.015526
 9757.480   1.016061
 9757.497   1.016291
 9757.515   1.016225
 9757.532   1.015886
 9757.550   1.015322
 9757.568   1.014609
 9757.585   1.013848
 9757.603   1.013079
 9757.620   1.012297
 9757.638   1.011390
 9757.655   1.010236
 9757.673   1.008697
 9757.691   1.006699
 9757.708   1.004157
 9757.726   1.000957
 9757.743   0.996896
 9757.761   0.991682
 9757.779   0.984997
 9757.796   0.976525
 9757.814   0.966122
 9757.831   0.953863
 9757.849   0.940141
 9757.866   0.925607
 9757.884   0.911231
 9757.902   0.898180
 9757.919   0.887623
 9757.937   0.880495
 9757.954   0.877288
 9757.972   0.877888
 9757.990   0.881713
 9758.007   0.887892
 9758.025   0.895517
 9758.042   0.903780
 9758.060   0.912071
 9758.077   0.919980
 9758.095   0.927237
 9758.113   0.933724
 9758.130   0.939448
 9758.148   0.944548
 9758.165   0.949239
 9758.183   0.953765
 9758.201   0.958335
 9758.218   0.963085
 9758.236   0.968064
 9758.253   0.973200
 9758.271   0.978338
 9758.289   0.983180
 9758.306   0.987400
 9758.324   0.990626
 9758.341   0.992589
 9758.359   0.993144
 9758.376   0.992260
 9758.394   0.990011
 9758.412   0.986410
 9758.429   0.981367
 9758.447   0.974556
 9758.464   0.965519
 9758.482   0.953760
 9758.500   0.938909
 9758.517   0.920925
 9758.535   0.900208
 9758.552   0.877640
 9758.570   0.854628
 9758.587   0.833015
 9758.605   0.814862
 9758.623   0.802037
 9758.640   0.795952
 9758.658   0.797193
 9758.675   0.805492
 9758.693   0.819784
 9758.711   0.838515
 9758.728   0.859863
 9758.746   0.882052
 9758.763   0.903575
 9758.781   0.923363
 9758.798   0.940756
 9758.816   0.955561
 9758.834   0.967868
 9758.851   0.977910
 9758.869   0.985941
 9758.886   0.992137
 9758.904   0.996639
 9758.922   0.999589
 9758.939   1.001232
 9758.957   1.001926
 9758.974   1.002122
 9758.992   1.002282
 9759.009   1.002744
 9759.027   1.003695
 9759.045   1.005131
 9759.062   1.006959
 9759.080   1.009013
 9759.097   1.011143
 9759.115   1.013185
 9759.133   1.014985
 9759.150   1.016390
 9759.168   1.017290
 9759.185   1.017691
 9759.203   1.017709
 9759.220   1.017581
 9759.238   1.017536
 9759.256   1.017766
 9759.273   1.018322
 9759.291   1.019149
 9759.308   1.020101
 9759.326   1.020981
 9759.344   1.021596
 9759.361   1.021771
 9759.379   1.021394
 9759.396   1.020388
 9759.414   1.018770
 9759.431   1.016574
 9759.449   1.013864
 9759.467   1.010643
 9759.484   1.006812
 9759.502   1.002158
 9759.519   0.996406
 9759.537   0.989379
 9759.555   0.981109
 9759.572   0.972001
 9759.590   0.962759
 9759.607   0.954305
 9759.625   0.947531
 9759.642   0.943118
 9759.660   0.941394
 9759.678   0.942261
 9759.695   0.945291
 9759.713   0.949747
 9759.730   0.954754
 9759.748   0.959467
 9759.766   0.963197
 9759.783   0.965601
 9759.801   0.966545
 9759.818   0.966122
 9759.836   0.964428
 9759.853   0.961522
 9759.871   0.957371
 9759.889   0.951913
 9759.906   0.945122
 9759.924   0.937026
 9759.941   0.927655
 9759.959   0.916966
 9759.977   0.904794
 9759.994   0.890861
 9760.012   0.874870
 9760.029   0.856569
 9760.047   0.835767
 9760.064   0.812293
 9760.082   0.785879
 9760.100   0.756117
 9760.117   0.722542
 9760.135   0.684711
 9760.152   0.642331
 9760.170   0.595397
 9760.188   0.544268
 9760.205   0.489670
 9760.223   0.432827
 9760.240   0.375244
 9760.258   0.318692
 9760.275   0.265245
 9760.293   0.217062
 9760.311   0.176094
 9760.328   0.143988
 9760.346   0.121873
 9760.363   0.110444
 9760.381   0.109936
 9760.399   0.120168
 9760.416   0.140612
 9760.434   0.170461
 9760.451   0.208677
 9760.469   0.253904
 9760.486   0.304571
 9760.504   0.358820
 9760.522   0.414788
 9760.539   0.470661
 9760.557   0.524820
 9760.574   0.575930
 9760.592   0.623124
 9760.610   0.666028
 9760.627   0.704730
 9760.645   0.739452
 9760.662   0.770511
 9760.680   0.798243
 9760.697   0.822892
 9760.715   0.844611
 9760.733   0.863507
 9760.750   0.879748
 9760.768   0.893570
 9760.785   0.905330
 9760.803   0.915366
 9760.821   0.923973
 9760.838   0.931318
 9760.856   0.937471
 9760.873   0.942490
 9760.891   0.946446
 9760.908   0.949455
 9760.926   0.951575
 9760.944   0.952804
 9760.961   0.953038
 9760.979   0.952132
 9760.996   0.949856
 9761.014   0.945906
 9761.032   0.939854
 9761.049   0.931186
 9761.067   0.919464
 9761.084   0.904506
 9761.102   0.886603
 9761.120   0.866699
 9761.137   0.846334
 9761.155   0.827542
 9761.172   0.812418
 9761.190   0.802726
 9761.207   0.799564
 9761.225   0.803264
 9761.243   0.813355
 9761.260   0.828756
 9761.278   0.847927
 9761.295   0.869148
 9761.313   0.890823
 9761.331   0.911591
 9761.348   0.930537
 9761.366   0.947087
 9761.383   0.960998
 9761.401   0.972204
 9761.418   0.980850
 9761.436   0.987236
 9761.454   0.991734
 9761.471   0.994797
 9761.489   0.996828
 9761.506   0.998162
 9761.524   0.999025
 9761.542   0.999601
 9761.559   1.000085
 9761.577   1.000715
 9761.594   1.001677
 9761.612   1.003033
 9761.629   1.004605
 9761.647   1.006100
 9761.665   1.007181
 9761.682   1.007628
 9761.700   1.007393
 9761.717   1.006513
 9761.735   1.005063
 9761.753   1.003031
 9761.770   1.000387
 9761.788   0.997083
 9761.805   0.993126
 9761.823   0.988568
 9761.840   0.983454
 9761.858   0.977847
 9761.876   0.971921
 9761.893   0.966036
 9761.911   0.960795
 9761.928   0.956926
 9761.946   0.955073
 9761.964   0.955635
 9761.981   0.958595
 9761.999   0.963532
 9762.016   0.969734
 9762.034   0.976347
 9762.051   0.982647
 9762.069   0.988136
 9762.087   0.992636
 9762.104   0.996231
 9762.122   0.999121
 9762.139   1.001550
 9762.157   1.003622
 9762.175   1.005363
 9762.192   1.006696
 9762.210   1.007592
 9762.227   1.008130
 9762.245   1.008461
 9762.262   1.008792
 9762.280   1.009178
 9762.298   1.009586
 9762.315   1.009851
 9762.333   1.009826
 9762.350   1.009462
 9762.368   1.008798
 9762.386   1.007982
 9762.403   1.007149
 9762.421   1.006427
 9762.438   1.005902
 9762.456   1.005613
 9762.473   1.005588
 9762.491   1.005784
 9762.509   1.006104
 9762.526   1.006370
 9762.544   1.006355
 9762.561   1.005911
 9762.579   1.005009
 9762.597   1.003822
 9762.614   1.002599
 9762.632   1.001605
 9762.649   1.000965
 9762.667   1.000690
 9762.684   1.000709
 9762.702   1.000915
 9762.720   1.001236
 9762.737   1.001583
 9762.755   1.001866
 9762.772   1.001987
 9762.790   1.001866
 9762.808   1.001524
 9762.825   1.001057
 9762.843   1.000670
 9762.860   1.000555
 9762.878   1.000808
 9762.895   1.001354
 9762.913   1.001916
 9762.931   1.002151
 9762.948   1.001790
 9762.966   1.000810
 9762.983   0.999459
 9763.001   0.998165
 9763.019   0.997328
 9763.036   0.997169
 9763.054   0.997609
 9763.071   0.998394
 9763.089   0.999216
 9763.106   0.999908
 9763.124   1.000495
 9763.142   1.001105
 9763.159   1.001860
 9763.177   1.002684
 9763.194   1.003364
 9763.212   1.003626
 9763.230   1.003342
 9763.247   1.002662
 9763.265   1.001938
 9763.282   1.001608
 9763.300   1.001874
 9763.317   1.002657
 9763.335   1.003621
 9763.353   1.004376
 9763.370   1.004706
 9763.388   1.004587
 9763.405   1.004182
 9763.423   1.003683
 9763.441   1.003247
 9763.458   1.002979
 9763.476   1.002931
 9763.493   1.003126
 9763.511   1.003567
 9763.528   1.004191
 9763.546   1.004945
 9763.564   1.005709
 9763.581   1.006391
 9763.599   1.006890
 9763.616   1.007140
 9763.634   1.007167
 9763.652   1.007063
 9763.669   1.006999
 9763.687   1.007104
 9763.704   1.007446
 9763.722   1.007996
 9763.739   1.008647
 9763.757   1.009257
 9763.775   1.009671
 9763.792   1.009722
 9763.810   1.009264
 9763.827   1.008180
 9763.845   1.006439
 9763.863   1.004131
 9763.880   1.001445
 9763.898   0.998664
 9763.915   0.996061
 9763.933   0.993844
 9763.951   0.992079
 9763.968   0.990654
 9763.986   0.989353
 9764.003   0.987854
 9764.021   0.985859
 9764.038   0.983078
 9764.056   0.979348
 9764.074   0.974687
 9764.091   0.969430
 9764.109   0.964196
 9764.126   0.959708
 9764.144   0.956557
 9764.162   0.954808
 9764.179   0.953939
 9764.197   0.952836
 9764.214   0.950102
 9764.232   0.944419
 9764.249   0.934841
 9764.267   0.921026
 9764.285   0.903234
 9764.302   0.882273
 9764.320   0.859320
 9764.337   0.835530
 9764.355   0.811901
 9764.373   0.789070
 9764.390   0.767468
 9764.408   0.747323
 9764.425   0.728994
 9764.443   0.713187
 9764.460   0.701090
 9764.478   0.694254
 9764.496   0.694325
 9764.513   0.702587
 9764.531   0.719435
 9764.548   0.744077
 9764.566   0.774449
 9764.584   0.807846
 9764.601   0.841365
 9764.619   0.872735
 9764.636   0.900481
 9764.654   0.924074
 9764.671   0.943450
 9764.689   0.958874
 9764.707   0.970760
 9764.724   0.979621
 9764.742   0.986006
 9764.759   0.990455
 9764.777   0.993415
 9764.795   0.995189
 9764.812   0.995977
 9764.830   0.996009
 9764.847   0.995618
 9764.865   0.995211
 9764.882   0.995139
 9764.900   0.995517
 9764.918   0.996213
 9764.935   0.996904
 9764.953   0.997233
 9764.970   0.996949
 9764.988   0.995882
 9765.006   0.993947
 9765.023   0.991029
 9765.041   0.987056
 9765.058   0.982034
 9765.076   0.976038
 9765.093   0.969238
 9765.111   0.961655
 9765.129   0.953162
 9765.146   0.943324
 9765.164   0.931607
 9765.181   0.917436
 9765.199   0.900309
 9765.217   0.879781
 9765.234   0.855324
 9765.252   0.826400
 9765.269   0.792448
 9765.287   0.753038
 9765.304   0.707992
 9765.322   0.657583
 9765.340   0.602768
 9765.357   0.545206
 9765.375   0.487225
 9765.392   0.431667
 9765.410   0.381707
 9765.428   0.340318
 9765.445   0.309865
 9765.463   0.291578
 9765.480   0.285338
 9765.498   0.289496
 9765.515   0.301266
 9765.533   0.317272
 9765.551   0.334201
 9765.568   0.349400
 9765.586   0.361408
 9765.603   0.370110
 9765.621   0.376809
 9765.639   0.383882
 9765.656   0.394201
 9765.674   0.410389
 9765.691   0.434120
 9765.709   0.465744
 9765.726   0.504300
 9765.744   0.547711
 9765.762   0.593393
 9765.779   0.638611
 9765.797   0.680871
 9765.814   0.718107
 9765.832   0.748632
 9765.850   0.771176
 9765.867   0.785045
 9765.885   0.790161
 9765.902   0.787170
 9765.920   0.777423
 9765.937   0.763014
 9765.955   0.746477
 9765.973   0.730696
 9765.990   0.718537
 9766.008   0.712541
 9766.025   0.714548
 9766.043   0.725418
 9766.061   0.744766
 9766.078   0.771117
 9766.096   0.802041
 9766.113   0.834798
 9766.131   0.866689
 9766.148   0.895729
 9766.166   0.920800
 9766.184   0.941664
 9766.201   0.958620
 9766.219   0.972269
 9766.236   0.983256
 9766.254   0.992131
 9766.272   0.999309
 9766.289   1.005061
 9766.307   1.009652
 9766.324   1.013270
 9766.342   1.016117
 9766.359   1.018321
 9766.377   1.020042
 9766.395   1.021448
 9766.412   1.022702
 9766.430   1.023887
 9766.447   1.024927
 9766.465   1.025663
 9766.483   1.025914
 9766.500   1.025627
 9766.518   1.024869
 9766.535   1.023773
 9766.553   1.022384
 9766.570   1.020597
 9766.588   1.018097
 9766.606   1.014464
 9766.623   1.009252
 9766.641   1.002121
 9766.658   0.992956
 9766.676   0.981899
 9766.694   0.969400
 9766.711   0.956102
 9766.729   0.942873
 9766.746   0.930593
 9766.764   0.920210
 9766.782   0.912613
 9766.799   0.908537
 9766.817   0.908356
 9766.834   0.911746
 9766.852   0.917763
 9766.869   0.924745
 9766.887   0.930862
 9766.905   0.934442
 9766.922   0.934490
 9766.940   0.930813
 9766.957   0.924021
 9766.975   0.915283
 9766.993   0.906059
 9767.010   0.898009
 9767.028   0.892772
 9767.045   0.891773
 9767.063   0.895911
 9767.080   0.905185
 9767.098   0.918654
 9767.116   0.934581
 9767.133   0.950976
 9767.151   0.966132
 9767.168   0.978966
 9767.186   0.989208
 9767.204   0.997065
 9767.221   1.003018
 9767.239   1.007452
 9767.256   1.010659
 9767.274   1.012838
 9767.291   1.014197
 9767.309   1.015002
 9767.327   1.015499
 9767.344   1.015880
 9767.362   1.016177
 9767.379   1.016325
 9767.397   1.016209
 9767.415   1.015764
 9767.432   1.014988
 9767.450   1.013929
 9767.467   1.012641
 9767.485   1.011145
 9767.502   1.009454
 9767.520   1.007588
 9767.538   1.005628
 9767.555   1.003650
 9767.573   1.001700
 9767.590   0.999762
 9767.608   0.997808
 9767.626   0.995892
 9767.643   0.994184
 9767.661   0.992925
 9767.678   0.992211
 9767.696   0.991905
 9767.713   0.991557
 9767.731   0.990614
 9767.749   0.988629
 9767.766   0.985406
 9767.784   0.981044
 9767.801   0.975722
 9767.819   0.969576
 9767.837   0.962521
 9767.854   0.954280
 9767.872   0.944501
 9767.889   0.932854
 9767.907   0.919084
 9767.924   0.902816
 9767.942   0.883476
 9767.960   0.860304
 9767.977   0.832449
 9767.995   0.799217
 9768.012   0.760194
 9768.030   0.715576
 9768.048   0.666291
 9768.065   0.614174
 9768.083   0.561922
 9768.100   0.513007
 9768.118   0.471385
 9768.135   0.440881
 9768.153   0.424440
 9768.171   0.423780
 9768.188   0.438863
 9768.206   0.468092
 9768.223   0.508539
 9768.241   0.556593
 9768.259   0.608298
 9768.276   0.660155
 9768.294   0.709368
 9768.311   0.754200
 9768.329   0.793651
 9768.346   0.827449
 9768.364   0.855853
 9768.382   0.879409
 9768.399   0.898830
 9768.417   0.914795
 9768.434   0.927994
 9768.452   0.939013
 9768.470   0.948252
 9768.487   0.955980
 9768.505   0.962400
 9768.522   0.967776
 9768.540   0.972401
 9768.557   0.976493
 9768.575   0.980171
 9768.593   0.983326
 9768.610   0.985807
 9768.628   0.987522
 9768.645   0.988571
 9768.663   0.989255
 9768.681   0.989883
 9768.698   0.990693
 9768.716   0.991698
 9768.733   0.992803
 9768.751   0.993869
 9768.768   0.994841
 9768.786   0.995755
 9768.804   0.996717
 9768.821   0.997819
 9768.839   0.999061
 9768.856   1.000305
 9768.874   1.001297
 9768.892   1.001783
 9768.909   1.001624
 9768.927   1.000881
 9768.944   0.999770
 9768.962   0.998639
 9768.979   0.997777
 9768.997   0.997416
 9769.015   0.997593
 9769.032   0.998181
 9769.050   0.998920
 9769.067   0.999461
 9769.085   0.999667
 9769.103   0.999537
 9769.120   0.999389
 9769.138   0.999516
 9769.155   1.000039
 9769.173   1.000809
 9769.190   1.001417
 9769.208   1.001560
 9769.226   1.001096
 9769.243   1.000285
 9769.261   0.999495
 9769.278   0.999081
 9769.296   0.999137
 9769.314   0.999495
 9769.331   0.999867
 9769.349   0.999980
 9769.366   0.999775
 9769.384   0.999355
 9769.401   0.998956
 9769.419   0.998747
 9769.437   0.998751
 9769.454   0.998853
 9769.472   0.998884
 9769.489   0.998798
 9769.507   0.998672
 9769.525   0.998678
 9769.542   0.998930
 9769.560   0.999381
 9769.577   0.999919
 9769.595   1.000396
 9769.613   1.000783
 9769.630   1.001130
 9769.648   1.001494
 9769.665   1.001890
 9769.683   1.002206
 9769.700   1.002334
 9769.718   1.002178
 9769.736   1.001785
 9769.753   1.001319
 9769.771   1.001005
 9769.788   1.001066
 9769.806   1.001542
 9769.824   1.002330
 9769.841   1.003152
 9769.859   1.003751
 9769.876   1.003943
 9769.894   1.003703
 9769.911   1.003141
 9769.929   1.002407
 9769.947   1.001708
 9769.964   1.001217
 9769.982   1.001072
 9769.999   1.001258
 9770.017   1.001650
 9770.035   1.001992
 9770.052   1.002069
 9770.070   1.001776
 9770.087   1.001178
 9770.105   1.000455
 9770.122   0.999793
 9770.140   0.999343
 9770.158   0.999173
 9770.175   0.999253
 9770.193   0.999490
 9770.210   0.999693
 9770.228   0.999656
 9770.246   0.999271
 9770.263   0.998509
 9770.281   0.997547
 9770.298   0.996502
 9770.316   0.995475
 9770.333   0.994438
 9770.351   0.993313
 9770.369   0.992157
 9770.386   0.991090
 9770.404   0.990344
 9770.421   0.990028
 9770.439   0.990104
 9770.457   0.990406
 9770.474   0.990744
 9770.492   0.991092
 9770.509   0.991534
 9770.527   0.992174
 9770.544   0.993033
 9770.562   0.993937
 9770.580   0.994650
 9770.597   0.994961
 9770.615   0.994798
 9770.632   0.994269
 9770.650   0.993513
 9770.668   0.992660
 9770.685   0.991748
 9770.703   0.990734
 9770.720   0.989632
 9770.738   0.988500
 9770.755   0.987528
 9770.773   0.986866
 9770.791   0.986568
 9770.808   0.986491
 9770.826   0.986361
 9770.843   0.985905
 9770.861   0.985017
 9770.879   0.983797
 9770.896   0.982479
 9770.914   0.981280
 9770.931   0.980101
 9770.949   0.978649
 9770.966   0.976395
 9770.984   0.973005
 9771.002   0.968463
 9771.019   0.963097
 9771.037   0.957463
 9771.054   0.951722
 9771.072   0.945629
 9771.090   0.938226
 9771.107   0.928356
 9771.125   0.914989
 9771.142   0.897569
 9771.160   0.876143
 9771.177   0.851273
 9771.195   0.823892
 9771.213   0.795162
 9771.230   0.766477
 9771.248   0.739569
 9771.265   0.716491
 9771.283   0.699440
 9771.301   0.690262
 9771.318   0.690135
 9771.336   0.699158
 9771.353   0.716352
 9771.371   0.739786
 9771.388   0.766985
 9771.406   0.795399
 9771.424   0.822998
 9771.441   0.848428
 9771.459   0.871015
 9771.476   0.890467
 9771.494   0.906704
 9771.512   0.919901
 9771.529   0.930437
 9771.547   0.938956
 9771.564   0.946119
 9771.582   0.952486
 9771.599   0.958357
 9771.617   0.963750
 9771.635   0.968640
 9771.652   0.972966
 9771.670   0.976822
 9771.687   0.980270
 9771.705   0.983297
 9771.723   0.985806
 9771.740   0.987617
 9771.758   0.988722
 9771.775   0.989226
 9771.793   0.989427
 9771.810   0.989629
 9771.828   0.990010
 9771.846   0.990617
 9771.863   0.991318
 9771.881   0.991970
 9771.898   0.992433
 9771.916   0.992580
 9771.934   0.992354
 9771.951   0.991696
 9771.969   0.990680
 9771.986   0.989463
 9772.004   0.988282
 9772.021   0.987361
 9772.039   0.986806
 9772.057   0.986641
 9772.074   0.986794
 9772.092   0.987226
 9772.109   0.987928
 9772.127   0.988906
 9772.145   0.990149
 9772.162   0.991546
 9772.180   0.992909
 9772.197   0.994060
 9772.215   0.994879
 9772.232   0.995402
 9772.250   0.995740
 9772.268   0.995992
 9772.285   0.996191
 9772.303   0.996264
 9772.320   0.996194
 9772.338   0.996052
 9772.356   0.996016
 9772.373   0.996246
 9772.391   0.996751
 9772.408   0.997333
 9772.426   0.997694
 9772.444   0.997594
 9772.461   0.997045
 9772.479   0.996291
 9772.496   0.995684
 9772.514   0.995468
 9772.531   0.995651
 9772.549   0.996033
 9772.567   0.996355
 9772.584   0.996493
 9772.602   0.996494
 9772.619   0.996490
 9772.637   0.996600
 9772.655   0.996829
 9772.672   0.997075
 9772.690   0.997220
 9772.707   0.997181
 9772.725   0.996937
 9772.742   0.996536
 9772.760   0.996065
 9772.778   0.995682
 9772.795   0.995517
 9772.813   0.995670
 9772.830   0.996055
 9772.848   0.996536
 9772.866   0.996922
 9772.883   0.997131
 9772.901   0.997224
 9772.918   0.997273
 9772.936   0.997351
 9772.953   0.997361
 9772.971   0.997208
 9772.989   0.996791
 9773.006   0.996139
 9773.024   0.995452
 9773.041   0.994905
 9773.059   0.994687
 9773.077   0.994792
 9773.094   0.995146
 9773.112   0.995600
 9773.129   0.996038
 9773.147   0.996412
 9773.164   0.996709
 9773.182   0.996915
 9773.200   0.997006
 9773.217   0.996960
 9773.235   0.996812
 9773.252   0.996678
 9773.270   0.996686
 9773.288   0.996922
 9773.305   0.997314
 9773.323   0.997722
 9773.340   0.997995
 9773.358   0.998125
 9773.375   0.998227
 9773.393   0.998424
 9773.411   0.998753
 9773.428   0.999026
 9773.446   0.999012
 9773.463   0.998505
 9773.481   0.997504
 9773.499   0.996207
 9773.516   0.994915
 9773.534   0.993963
 9773.551   0.993570
 9773.569   0.993765
 9773.586   0.994376
 9773.604   0.995035
 9773.622   0.995379
 9773.639   0.995210
 9773.657   0.994639
 9773.674   0.994012
 9773.692   0.993701
 9773.710   0.993837
 9773.727   0.994261
 9773.745   0.994593
 9773.762   0.994524
 9773.780   0.994005
 9773.797   0.993258
 9773.815   0.992599
 9773.833   0.992197
 9773.850   0.992045
 9773.868   0.991957
 9773.885   0.991879
 9773.903   0.991877
 9773.921   0.992171
 9773.938   0.992904
 9773.956   0.993964
 9773.973   0.995063
 9773.991   0.995796
 9774.008   0.995983
 9774.026   0.995657
 9774.044   0.995058
 9774.061   0.994438
 9774.079   0.993868
 9774.096   0.993288
 9774.114   0.992499
 9774.132   0.991376
 9774.149   0.989968
 9774.167   0.988463
 9774.184   0.987180
 9774.202   0.986361
 9774.219   0.986103
 9774.237   0.986370
 9774.255   0.986962
 9774.272   0.987756
 9774.290   0.988614
 9774.307   0.989531
 9774.325   0.990520
 9774.343   0.991547
 9774.360   0.992564
 9774.378   0.993459
 9774.395   0.994163
 9774.413   0.994660
 9774.430   0.994962
 9774.448   0.995109
 9774.466   0.995096
 9774.483   0.994878
 9774.501   0.994500
 9774.518   0.994002
 9774.536   0.993540
 9774.554   0.993183
 9774.571   0.992922
 9774.589   0.992647
 9774.606   0.992213
 9774.624   0.991632
 9774.641   0.990990
 9774.659   0.990492
 9774.677   0.990257
 9774.694   0.990244
 9774.712   0.990281
 9774.729   0.990073
 9774.747   0.989415
 9774.765   0.988217
 9774.782   0.986557
 9774.800   0.984667
 9774.817   0.982759
 9774.835   0.981054
 9774.852   0.979681
 9774.870   0.978720
 9774.888   0.978274
 9774.905   0.978390
 9774.923   0.979115
 9774.940   0.980366
 9774.958   0.981974
 9774.976   0.983760
 9774.993   0.985534
 9775.011   0.987237
 9775.028   0.988864
 9775.046   0.990449
 9775.063   0.992044
 9775.081   0.993611
 9775.099   0.995094
 9775.116   0.996352
 9775.134   0.997284
 9775.151   0.997893
 9775.169   0.998257
 9775.187   0.998617
 9775.204   0.999148
 9775.222   0.999936
 9775.239   1.000899
 9775.257   1.001819
 9775.275   1.002465
 9775.292   1.002707
 9775.310   1.002601
 9775.327   1.002360
 9775.345   1.002206
 9775.362   1.002234
 9775.380   1.002349
 9775.398   1.002314
 9775.415   1.001947
 9775.433   1.001252
 9775.450   1.000461
 9775.468   0.999953
 9775.486   0.999995
 9775.503   1.000654
 9775.521   1.001722
 9775.538   1.002876
 9775.556   1.003833
 9775.573   1.004459
 9775.591   1.004816
 9775.609   1.005029
 9775.626   1.005202
 9775.644   1.005370
 9775.661   1.005423
 9775.679   1.005227
 9775.697   1.004655
 9775.714   1.003694
 9775.732   1.002552
 9775.749   1.001519
 9775.767   1.000966
 9775.784   1.001055
 9775.802   1.001693
 9775.820   1.002553
 9775.837   1.003162
 9775.855   1.003204
 9775.872   1.002566
 9775.890   1.001456
 9775.908   1.000257
 9775.925   0.999323
 9775.943   0.998854
 9775.960   0.998720
 9775.978   0.998680
 9775.995   0.998458
 9776.013   0.997974
 9776.031   0.997295
 9776.048   0.996493
 9776.066   0.995544
 9776.083   0.994207
 9776.101   0.992254
 9776.119   0.989635
 9776.136   0.986548
 9776.154   0.983381
 9776.171   0.980379
 9776.189   0.977451
 9776.206   0.974128
 9776.224   0.969768
 9776.242   0.963904
 9776.259   0.956328
 9776.277   0.947061
 9776.294   0.936008
 9776.312   0.922812
 9776.330   0.906815
 9776.347   0.887193
 9776.365   0.863223
 9776.382   0.834470
 9776.400   0.800932
 9776.417   0.763000
 9776.435   0.721485
 9776.453   0.677636
 9776.470   0.633245
 9776.488   0.590778
 9776.505   0.553129
 9776.523   0.523253
 9776.541   0.503665
 9776.558   0.495705
 9776.576   0.499479
 9776.593   0.513826
 9776.611   0.536866
 9776.628   0.566311
 9776.646   0.599885
 9776.664   0.635559
 9776.681   0.671569
 9776.699   0.706614
 9776.716   0.739932
 9776.734   0.771213
 9776.752   0.800310
 9776.769   0.827054
 9776.787   0.851210
 9776.804   0.872497
 9776.822   0.890786
 9776.839   0.906003
 9776.857   0.918217
 9776.875   0.927555
 9776.892   0.934299
 9776.910   0.938844
 9776.927   0.941608
 9776.945   0.942921
 9776.963   0.942853
 9776.980   0.941313
 9776.998   0.938229
 9777.015   0.933696
 9777.033   0.928037
 9777.050   0.921762
 9777.068   0.915499
 9777.086   0.909964
 9777.103   0.905954
 9777.121   0.904202
 9777.138   0.905290
 9777.156   0.909442
 9777.174   0.916440
 9777.191   0.925670
 9777.209   0.936075
 9777.226   0.946538
 9777.244   0.956013
 9777.261   0.963947
 9777.279   0.970270
 9777.297   0.975338
 9777.314   0.979652
 9777.332   0.983466
 9777.349   0.986811
 9777.367   0.989467
 9777.385   0.991306
 9777.402   0.992315
 9777.420   0.992699
 9777.437   0.992822
 9777.455   0.992994
 9777.472   0.993540
 9777.490   0.994506
 9777.508   0.995869
 9777.525   0.997449
 9777.543   0.998992
 9777.560   1.000312
 9777.578   1.001248
 9777.596   1.001805
 9777.613   1.002174
 9777.631   1.002600
 9777.648   1.003332
 9777.666   1.004378
 9777.683   1.005445
 9777.701   1.006186
 9777.719   1.006272
 9777.736   1.005712
 9777.754   1.004754
 9777.771   1.003634
 9777.789   1.002479
 9777.807   1.001034
 9777.824   0.998954
 9777.842   0.995982
 9777.859   0.992151
 9777.877   0.987884
 9777.894   0.983613
 9777.912   0.979621
 9777.930   0.975886
 9777.947   0.972237
 9777.965   0.968743
 9777.982   0.965782
 9778.000   0.964041
