 9832.000   0.971192
 9832.018   0.971646
 9832.036   0.973119
 9832.054   0.975406
 9832.072   0.978252
 9832.090   0.981395
 9832.107   0.984588
 9832.125   0.987613
 9832.143   0.990300
 9832.161   0.992529
 9832.179   0.994261
 9832.197   0.995508
 9832.215   0.996363
 9832.233   0.996954
 9832.251   0.997455
 9832.269   0.997990
 9832.287   0.998642
 9832.304   0.999368
 9832.322   1.000057
 9832.340   1.000550
 9832.358   1.000725
 9832.376   1.000537
 9832.394   1.000035
 9832.412   0.999338
 9832.430   0.998573
 9832.448   0.997847
 9832.466   0.997221
 9832.484   0.996755
 9832.501   0.996506
 9832.519   0.996546
 9832.537   0.996915
 9832.555   0.997592
 9832.573   0.998478
 9832.591   0.999413
 9832.609   1.000249
 9832.627   1.000890
 9832.645   1.001342
 9832.663   1.001669
 9832.681   1.001984
 9832.698   1.002351
 9832.716   1.002798
 9832.734   1.003260
 9832.752   1.003665
 9832.770   1.003923
 9832.788   1.004019
 9832.806   1.003954
 9832.824   1.003792
 9832.842   1.003574
 9832.860   1.003358
 9832.878   1.003179
 9832.895   1.003063
 9832.913   1.003031
 9832.931   1.003080
 9832.949   1.003198
 9832.967   1.003265
 9832.985   1.003162
 9833.003   1.002704
 9833.021   1.001853
 9833.039   1.000669
 9833.057   0.999401
 9833.075   0.998335
 9833.092   0.997743
 9833.110   0.997733
 9833.128   0.998226
 9833.146   0.999013
 9833.164   0.999805
 9833.182   1.000389
 9833.200   1.000650
 9833.218   1.000609
 9833.236   1.000344
 9833.254   0.999933
 9833.272   0.999412
 9833.289   0.998754
 9833.307   0.997901
 9833.325   0.996784
 9833.343   0.995331
 9833.361   0.993453
 9833.379   0.990991
 9833.397   0.987712
 9833.415   0.983316
 9833.433   0.977512
 9833.451   0.970075
 9833.469   0.960916
 9833.486   0.950235
 9833.504   0.938505
 9833.522   0.926539
 9833.540   0.915332
 9833.558   0.906019
 9833.576   0.899661
 9833.594   0.897038
 9833.612   0.898453
 9833.630   0.903684
 9833.648   0.912009
 9833.666   0.922372
 9833.683   0.933565
 9833.701   0.944507
 9833.719   0.954354
 9833.737   0.962645
 9833.755   0.969269
 9833.773   0.974436
 9833.791   0.978516
 9833.809   0.981872
 9833.827   0.984760
 9833.845   0.987269
 9833.863   0.989366
 9833.880   0.990959
 9833.898   0.991979
 9833.916   0.992439
 9833.934   0.992458
 9833.952   0.992212
 9833.970   0.991883
 9833.988   0.991597
 9834.006   0.991400
 9834.024   0.991248
 9834.042   0.991065
 9834.060   0.990768
 9834.077   0.990325
 9834.095   0.989765
 9834.113   0.989146
 9834.131   0.988528
 9834.149   0.987925
 9834.167   0.987298
 9834.185   0.986542
 9834.203   0.985507
 9834.221   0.984034
 9834.239   0.981977
 9834.257   0.979241
 9834.275   0.975784
 9834.292   0.971608
 9834.310   0.966723
 9834.328   0.961112
 9834.346   0.954692
 9834.364   0.947246
 9834.382   0.938462
 9834.400   0.927908
 9834.418   0.915061
 9834.436   0.899290
 9834.454   0.879872
 9834.472   0.856081
 9834.489   0.827339
 9834.507   0.793402
 9834.525   0.754647
 9834.543   0.712177
 9834.561   0.668110
 9834.579   0.625495
 9834.597   0.588065
 9834.615   0.559629
 9834.633   0.543380
 9834.651   0.541250
 9834.669   0.553564
 9834.686   0.578843
 9834.704   0.614313
 9834.722   0.656330
 9834.740   0.701113
 9834.758   0.745211
 9834.776   0.786093
 9834.794   0.822137
 9834.812   0.852665
 9834.830   0.877744
 9834.848   0.897897
 9834.866   0.913969
 9834.883   0.926863
 9834.901   0.937414
 9834.919   0.946262
 9834.937   0.953835
 9834.955   0.960370
 9834.973   0.965946
 9834.991   0.970641
 9835.009   0.974527
 9835.027   0.977824
 9835.045   0.980764
 9835.063   0.983578
 9835.080   0.986353
 9835.098   0.989048
 9835.116   0.991484
 9835.134   0.993460
 9835.152   0.994851
 9835.170   0.995672
 9835.188   0.996096
 9835.206   0.996354
 9835.224   0.996641
 9835.242   0.997016
 9835.260   0.997436
 9835.277   0.997767
 9835.295   0.997928
 9835.313   0.997901
 9835.331   0.997806
 9835.349   0.997801
 9835.367   0.998057
 9835.385   0.998654
 9835.403   0.999569
 9835.421   1.000686
 9835.439   1.001831
 9835.457   1.002852
 9835.474   1.003621
 9835.492   1.004083
 9835.510   1.004218
 9835.528   1.004046
 9835.546   1.003611
 9835.564   1.002982
 9835.582   1.002245
 9835.600   1.001509
 9835.618   1.000890
 9835.636   1.000482
 9835.654   1.000332
 9835.671   1.000426
 9835.689   1.000680
 9835.707   1.000977
 9835.725   1.001188
 9835.743   1.001233
 9835.761   1.001091
 9835.779   1.000806
 9835.797   1.000445
 9835.815   1.000070
 9835.833   0.999737
 9835.851   0.999480
 9835.868   0.999337
 9835.886   0.999336
 9835.904   0.999511
 9835.922   0.999867
 9835.940   1.000382
 9835.958   1.000998
 9835.976   1.001630
 9835.994   1.002166
 9836.012   1.002507
 9836.030   1.002558
 9836.048   1.002278
 9836.065   1.001676
 9836.083   1.000848
 9836.101   0.999952
 9836.119   0.999168
 9836.137   0.998656
 9836.155   0.998457
 9836.173   0.998528
 9836.191   0.998690
 9836.209   0.998791
 9836.227   0.998730
 9836.245   0.998553
 9836.262   0.998418
 9836.280   0.998499
 9836.298   0.998910
 9836.316   0.999608
 9836.334   1.000431
 9836.352   1.001115
 9836.370   1.001442
 9836.388   1.001282
 9836.406   1.000637
 9836.424   0.999617
 9836.442   0.998362
 9836.459   0.997043
 9836.477   0.995806
 9836.495   0.994811
 9836.513   0.994166
 9836.531   0.993939
 9836.549   0.994103
 9836.567   0.994567
 9836.585   0.995205
 9836.603   0.995891
 9836.621   0.996538
 9836.639   0.997082
 9836.656   0.997484
 9836.674   0.997679
 9836.692   0.997626
 9836.710   0.997286
 9836.728   0.996674
 9836.746   0.995876
 9836.764   0.995040
 9836.782   0.994359
 9836.800   0.993992
 9836.818   0.994034
 9836.836   0.994461
 9836.853   0.995171
 9836.871   0.996011
 9836.889   0.996850
 9836.907   0.997598
 9836.925   0.998211
 9836.943   0.998634
 9836.961   0.998794
 9836.979   0.998549
 9836.997   0.997816
 9837.015   0.996588
 9837.033   0.995062
 9837.050   0.993550
 9837.068   0.992404
 9837.086   0.991863
 9837.104   0.991953
 9837.122   0.992546
 9837.140   0.993370
 9837.158   0.994189
 9837.176   0.994798
 9837.194   0.995114
 9837.212   0.995115
 9837.230   0.994847
 9837.247   0.994386
 9837.265   0.993844
 9837.283   0.993368
 9837.301   0.993106
 9837.319   0.993155
 9837.337   0.993508
 9837.355   0.994049
 9837.373   0.994594
 9837.391   0.994966
 9837.409   0.995083
 9837.427   0.994984
 9837.444   0.994811
 9837.462   0.994726
 9837.480   0.994828
 9837.498   0.995112
 9837.516   0.995473
 9837.534   0.995760
 9837.552   0.995847
 9837.570   0.995697
 9837.588   0.995364
 9837.606   0.994981
 9837.624   0.994693
 9837.641   0.994610
 9837.659   0.994770
 9837.677   0.995129
 9837.695   0.995581
 9837.713   0.995987
 9837.731   0.996239
 9837.749   0.996270
 9837.767   0.996096
 9837.785   0.995762
 9837.803   0.995355
 9837.821   0.994931
 9837.838   0.994526
 9837.856   0.994167
 9837.874   0.993893
 9837.892   0.993753
 9837.910   0.993804
 9837.928   0.994053
 9837.946   0.994419
 9837.964   0.994728
 9837.982   0.994761
 9838.000   0.994346
 9838.018   0.993438
 9838.035   0.992150
 9838.053   0.990699
 9838.071   0.989348
 9838.089   0.988260
 9838.107   0.987480
 9838.125   0.986899
 9838.143   0.986320
 9838.161   0.985512
 9838.179   0.984262
 9838.197   0.982416
 9838.215   0.979847
 9838.232   0.976479
 9838.250   0.972173
 9838.268   0.966757
 9838.286   0.959913
 9838.304   0.951286
 9838.322   0.940541
 9838.340   0.927602
 9838.358   0.912832
 9838.376   0.897161
 9838.394   0.882023
 9838.412   0.869168
 9838.430   0.860283
 9838.447   0.856582
 9838.465   0.858580
 9838.483   0.865986
 9838.501   0.877782
 9838.519   0.892474
 9838.537   0.908428
 9838.555   0.924162
 9838.573   0.938530
 9838.591   0.950881
 9838.609   0.961026
 9838.627   0.969114
 9838.644   0.975458
 9838.662   0.980405
 9838.680   0.984198
 9838.698   0.986973
 9838.716   0.988824
 9838.734   0.989866
 9838.752   0.990336
 9838.770   0.990526
 9838.788   0.990791
 9838.806   0.991377
 9838.824   0.992395
 9838.841   0.993744
 9838.859   0.995189
 9838.877   0.996439
 9838.895   0.997252
 9838.913   0.997512
 9838.931   0.997240
 9838.949   0.996607
 9838.967   0.995832
 9838.985   0.995131
 9839.003   0.994649
 9839.021   0.994420
 9839.038   0.994411
 9839.056   0.994490
 9839.074   0.994516
 9839.092   0.994336
 9839.110   0.993878
 9839.128   0.993151
 9839.146   0.992271
 9839.164   0.991431
 9839.182   0.990811
 9839.200   0.990554
 9839.218   0.990668
 9839.235   0.991051
 9839.253   0.991513
 9839.271   0.991879
 9839.289   0.992070
 9839.307   0.992136
 9839.325   0.992261
 9839.343   0.992623
 9839.361   0.993356
 9839.379   0.994413
 9839.397   0.995614
 9839.415   0.996668
 9839.432   0.997328
 9839.450   0.997459
 9839.468   0.997107
 9839.486   0.996457
 9839.504   0.995737
 9839.522   0.995152
 9839.540   0.994829
 9839.558   0.994839
 9839.576   0.995199
 9839.594   0.995881
 9839.612   0.996796
 9839.629   0.997748
 9839.647   0.998489
 9839.665   0.998729
 9839.683   0.998337
 9839.701   0.997356
 9839.719   0.996073
 9839.737   0.994857
 9839.755   0.994031
 9839.773   0.993730
 9839.791   0.993854
 9839.809   0.994178
 9839.826   0.994432
 9839.844   0.994516
 9839.862   0.994433
 9839.880   0.994350
 9839.898   0.994394
 9839.916   0.994643
 9839.934   0.995043
 9839.952   0.995475
 9839.970   0.995814
 9839.988   0.995995
 9840.006   0.996050
 9840.023   0.996045
 9840.041   0.996081
 9840.059   0.996189
 9840.077   0.996374
 9840.095   0.996579
 9840.113   0.996741
 9840.131   0.996764
 9840.149   0.996548
 9840.167   0.995992
 9840.185   0.995028
 9840.203   0.993662
 9840.220   0.991999
 9840.238   0.990230
 9840.256   0.988603
 9840.274   0.987338
 9840.292   0.986572
 9840.310   0.986341
 9840.328   0.986595
 9840.346   0.987244
 9840.364   0.988208
 9840.382   0.989436
 9840.400   0.990865
 9840.417   0.992386
 9840.435   0.993812
 9840.453   0.994912
 9840.471   0.995459
 9840.489   0.995333
 9840.507   0.994541
 9840.525   0.993276
 9840.543   0.991845
 9840.561   0.990606
 9840.579   0.989862
 9840.597   0.989776
 9840.614   0.990340
 9840.632   0.991340
 9840.650   0.992405
 9840.668   0.993108
 9840.686   0.993082
 9840.704   0.992259
 9840.722   0.990866
 9840.740   0.989486
 9840.758   0.988743
 9840.776   0.989129
 9840.794   0.990691
 9840.811   0.993035
 9840.829   0.995507
 9840.847   0.997390
 9840.865   0.998264
 9840.883   0.998042
 9840.901   0.996994
 9840.919   0.995523
 9840.937   0.994016
 9840.955   0.992685
 9840.973   0.991541
 9840.991   0.990439
 9841.008   0.989158
 9841.026   0.987494
 9841.044   0.985291
 9841.062   0.982476
 9841.080   0.979063
 9841.098   0.975199
 9841.116   0.971161
 9841.134   0.967378
 9841.152   0.964298
 9841.170   0.962345
 9841.188   0.961762
 9841.205   0.962611
 9841.223   0.964757
 9841.241   0.967936
 9841.259   0.971824
 9841.277   0.976052
 9841.295   0.980290
 9841.313   0.984201
 9841.331   0.987532
 9841.349   0.990130
 9841.367   0.991979
 9841.385   0.993187
 9841.402   0.993930
 9841.420   0.994408
 9841.438   0.994788
 9841.456   0.995195
 9841.474   0.995689
 9841.492   0.996290
 9841.510   0.996955
 9841.528   0.997595
 9841.546   0.998093
 9841.564   0.998341
 9841.582   0.998299
 9841.599   0.997997
 9841.617   0.997557
 9841.635   0.997141
 9841.653   0.996905
 9841.671   0.996938
 9841.689   0.997244
 9841.707   0.997745
 9841.725   0.998303
 9841.743   0.998791
 9841.761   0.999111
 9841.779   0.999254
 9841.796   0.999231
 9841.814   0.999089
 9841.832   0.998835
 9841.850   0.998449
 9841.868   0.997884
 9841.886   0.997114
 9841.904   0.996158
 9841.922   0.995080
 9841.940   0.993979
 9841.958   0.992943
 9841.976   0.992042
 9841.993   0.991301
 9842.011   0.990735
 9842.029   0.990350
 9842.047   0.990161
 9842.065   0.990167
 9842.083   0.990337
 9842.101   0.990597
 9842.119   0.990847
 9842.137   0.991006
 9842.155   0.991040
 9842.173   0.991003
 9842.190   0.991001
 9842.208   0.991158
 9842.226   0.991530
 9842.244   0.992075
 9842.262   0.992649
 9842.280   0.993066
 9842.298   0.993191
 9842.316   0.992987
 9842.334   0.992532
 9842.352   0.991974
 9842.370   0.991446
 9842.387   0.991005
 9842.405   0.990604
 9842.423   0.990119
 9842.441   0.989413
 9842.459   0.988404
 9842.477   0.987084
 9842.495   0.985506
 9842.513   0.983738
 9842.531   0.981820
 9842.549   0.979733
 9842.567   0.977376
 9842.585   0.974588
 9842.602   0.971164
 9842.620   0.966910
 9842.638   0.961702
 9842.656   0.955529
 9842.674   0.948528
 9842.692   0.941018
 9842.710   0.933466
 9842.728   0.926427
 9842.746   0.920480
 9842.764   0.916203
 9842.782   0.914041
 9842.799   0.914286
 9842.817   0.916981
 9842.835   0.921910
 9842.853   0.928633
 9842.871   0.936532
 9842.889   0.944962
 9842.907   0.953305
 9842.925   0.961048
 9842.943   0.967803
 9842.961   0.973322
 9842.979   0.977564
 9842.996   0.980647
 9843.014   0.982856
 9843.032   0.984538
 9843.050   0.986018
 9843.068   0.987502
 9843.086   0.989059
 9843.104   0.990633
 9843.122   0.992117
 9843.140   0.993409
 9843.158   0.994451
 9843.176   0.995239
 9843.193   0.995793
 9843.211   0.996160
 9843.229   0.996377
 9843.247   0.996503
 9843.265   0.996584
 9843.283   0.996678
 9843.301   0.996826
 9843.319   0.997064
 9843.337   0.997418
 9843.355   0.997929
 9843.373   0.998622
 9843.390   0.999508
 9843.408   1.000514
 9843.426   1.001504
 9843.444   1.002281
 9843.462   1.002666
 9843.480   1.002575
 9843.498   1.002044
 9843.516   1.001253
 9843.534   1.000412
 9843.552   0.999727
 9843.570   0.999269
 9843.587   0.999024
 9843.605   0.998894
 9843.623   0.998824
 9843.641   0.998807
 9843.659   0.998912
 9843.677   0.999206
 9843.695   0.999692
 9843.713   1.000285
 9843.731   1.000821
 9843.749   1.001139
 9843.767   1.001133
 9843.784   1.000819
 9843.802   1.000288
 9843.820   0.999713
 9843.838   0.999259
 9843.856   0.999048
 9843.874   0.999138
 9843.892   0.999494
 9843.910   1.000002
 9843.928   1.000497
 9843.946   1.000807
 9843.964   1.000829
 9843.981   1.000539
 9843.999   1.000020
 9844.017   0.999387
 9844.035   0.998785
 9844.053   0.998312
 9844.071   0.998038
 9844.089   0.998009
 9844.107   0.998221
 9844.125   0.998663
 9844.143   0.999262
 9844.161   0.999912
 9844.178   1.000467
 9844.196   1.000803
 9844.214   1.000873
 9844.232   1.000695
 9844.250   1.000388
 9844.268   1.000068
 9844.286   0.999866
 9844.304   0.999836
 9844.322   1.000001
 9844.340   1.000310
 9844.358   1.000688
 9844.375   1.001050
 9844.393   1.001317
 9844.411   1.001453
 9844.429   1.001433
 9844.447   1.001284
 9844.465   1.001032
 9844.483   1.000744
 9844.501   1.000454
 9844.519   1.000180
 9844.537   0.999916
 9844.555   0.999627
 9844.572   0.999311
 9844.590   0.998984
 9844.608   0.998731
 9844.626   0.998619
 9844.644   0.998683
 9844.662   0.998839
 9844.680   0.998915
 9844.698   0.998740
 9844.716   0.998204
 9844.734   0.997345
 9844.752   0.996279
 9844.769   0.995153
 9844.787   0.994038
 9844.805   0.992931
 9844.823   0.991763
 9844.841   0.990492
 9844.859   0.989117
 9844.877   0.987679
 9844.895   0.986170
 9844.913   0.984490
 9844.931   0.982416
 9844.949   0.979684
 9844.966   0.976070
 9844.984   0.971471
 9845.002   0.965903
 9845.020   0.959425
 9845.038   0.952046
 9845.056   0.943595
 9845.074   0.933668
 9845.092   0.921599
 9845.110   0.906570
 9845.128   0.887727
 9845.146   0.864429
 9845.163   0.836584
 9845.181   0.804793
 9845.199   0.770814
 9845.217   0.737201
 9845.235   0.707281
 9845.253   0.684338
 9845.271   0.671069
 9845.289   0.668929
 9845.307   0.677910
 9845.325   0.696695
 9845.343   0.722994
 9845.360   0.754031
 9845.378   0.787013
 9845.396   0.819423
 9845.414   0.849468
 9845.432   0.875921
 9845.450   0.898356
 9845.468   0.916915
 9845.486   0.932138
 9845.504   0.944622
 9845.522   0.954851
 9845.540   0.963223
 9845.557   0.970022
 9845.575   0.975524
 9845.593   0.979984
 9845.611   0.983635
 9845.629   0.986652
 9845.647   0.989168
 9845.665   0.991306
 9845.683   0.993194
 9845.701   0.994957
 9845.719   0.996695
 9845.737   0.998416
 9845.754   1.000057
 9845.772   1.001458
 9845.790   1.002503
 9845.808   1.003135
 9845.826   1.003424
 9845.844   1.003525
 9845.862   1.003591
 9845.880   1.003749
 9845.898   1.004016
 9845.916   1.004363
 9845.934   1.004700
 9845.951   1.004921
 9845.969   1.004901
 9845.987   1.004463
 9846.005   1.003450
 9846.023   1.001736
 9846.041   0.999393
 9846.059   0.996680
 9846.077   0.994031
 9846.095   0.991932
 9846.113   0.990737
 9846.131   0.990610
 9846.148   0.991435
 9846.166   0.992932
 9846.184   0.994713
 9846.202   0.996429
 9846.220   0.997806
 9846.238   0.998699
 9846.256   0.999061
 9846.274   0.998939
 9846.292   0.998435
 9846.310   0.997644
 9846.328   0.996607
 9846.345   0.995266
 9846.363   0.993463
 9846.381   0.991012
 9846.399   0.987760
 9846.417   0.983607
 9846.435   0.978464
 9846.453   0.972123
 9846.471   0.964161
 9846.489   0.953849
 9846.507   0.940271
 9846.525   0.922472
 9846.542   0.899850
 9846.560   0.872410
 9846.578   0.841228
 9846.596   0.808414
 9846.614   0.777165
 9846.632   0.751144
 9846.650   0.733707
 9846.668   0.727070
 9846.686   0.732023
 9846.704   0.747613
 9846.722   0.771648
 9846.739   0.801070
 9846.757   0.832748
 9846.775   0.863831
 9846.793   0.892153
 9846.811   0.916428
 9846.829   0.936247
 9846.847   0.951833
 9846.865   0.963762
 9846.883   0.972707
 9846.901   0.979337
 9846.919   0.984232
 9846.937   0.987883
 9846.954   0.990642
 9846.972   0.992770
 9846.990   0.994414
 9847.008   0.995697
 9847.026   0.996709
 9847.044   0.997559
 9847.062   0.998338
 9847.080   0.999125
 9847.098   0.999965
 9847.116   1.000863
 9847.134   1.001806
 9847.151   1.002741
 9847.169   1.003581
 9847.187   1.004198
 9847.205   1.004466
 9847.223   1.004290
 9847.241   1.003662
 9847.259   1.002660
 9847.277   1.001428
 9847.295   1.000109
 9847.313   0.998791
 9847.331   0.997459
 9847.348   0.996019
 9847.366   0.994332
 9847.384   0.992304
 9847.402   0.989935
 9847.420   0.987378
 9847.438   0.984907
 9847.456   0.982828
 9847.474   0.981382
 9847.492   0.980634
 9847.510   0.980501
 9847.528   0.980761
 9847.545   0.981191
 9847.563   0.981609
 9847.581   0.981932
 9847.599   0.982106
 9847.617   0.982077
 9847.635   0.981757
 9847.653   0.981050
 9847.671   0.979918
 9847.689   0.978446
 9847.707   0.976849
 9847.725   0.975447
 9847.742   0.974563
 9847.760   0.974442
 9847.778   0.975194
 9847.796   0.976776
 9847.814   0.979043
 9847.832   0.981786
 9847.850   0.984791
 9847.868   0.987845
 9847.886   0.990748
 9847.904   0.993329
 9847.922   0.995474
 9847.939   0.997136
 9847.957   0.998348
 9847.975   0.999213
 9847.993   0.999851
 9848.011   1.000359
 9848.029   1.000791
 9848.047   1.001174
 9848.065   1.001530
 9848.083   1.001872
 9848.101   1.002201
 9848.119   1.002471
 9848.136   1.002621
 9848.154   1.002571
 9848.172   1.002321
 9848.190   1.001937
 9848.208   1.001561
 9848.226   1.001311
 9848.244   1.001233
 9848.262   1.001264
 9848.280   1.001265
 9848.298   1.001096
 9848.316   1.000665
 9848.333   0.999957
 9848.351   0.999000
 9848.369   0.997823
 9848.387   0.996434
 9848.405   0.994827
 9848.423   0.993005
 9848.441   0.990997
 9848.459   0.988822
 9848.477   0.986435
 9848.495   0.983681
 9848.513   0.980360
 9848.530   0.976281
 9848.548   0.971453
 9848.566   0.966072
 9848.584   0.960577
 9848.602   0.955488
 9848.620   0.951312
 9848.638   0.948362
 9848.656   0.946736
 9848.674   0.946343
 9848.692   0.947003
 9848.710   0.948510
 9848.727   0.950703
 9848.745   0.953435
 9848.763   0.956579
 9848.781   0.959974
 9848.799   0.963434
 9848.817   0.966780
 9848.835   0.969903
 9848.853   0.972794
 9848.871   0.975553
 9848.889   0.978326
 9848.907   0.981225
 9848.924   0.984180
 9848.942   0.986977
 9848.960   0.989273
 9848.978   0.990785
 9848.996   0.991392
 9849.014   0.991192
 9849.032   0.990461
 9849.050   0.989528
 9849.068   0.988694
 9849.086   0.988089
 9849.104   0.987682
 9849.121   0.987268
 9849.139   0.986548
 9849.157   0.985210
 9849.175   0.983037
 9849.193   0.979975
 9849.211   0.976195
 9849.229   0.972083
 9849.247   0.968220
 9849.265   0.965221
 9849.283   0.963659
 9849.301   0.963805
 9849.318   0.965637
 9849.336   0.968798
 9849.354   0.972743
 9849.372   0.976910
 9849.390   0.980869
 9849.408   0.984415
 9849.426   0.987535
 9849.444   0.990298
 9849.462   0.992758
 9849.480   0.994908
 9849.498   0.996679
 9849.515   0.998038
 9849.533   0.998985
 9849.551   0.999635
 9849.569   1.000089
 9849.587   1.000464
 9849.605   1.000777
 9849.623   1.001038
 9849.641   1.001266
 9849.659   1.001536
 9849.677   1.001973
 9849.695   1.002651
 9849.712   1.003561
 9849.730   1.004531
 9849.748   1.005351
 9849.766   1.005795
 9849.784   1.005784
 9849.802   1.005362
 9849.820   1.004686
 9849.838   1.003935
 9849.856   1.003241
 9849.874   1.002659
 9849.892   1.002152
 9849.909   1.001652
 9849.927   1.001079
 9849.945   1.000371
 9849.963   0.999522
 9849.981   0.998541
 9849.999   0.997470
 9850.017   0.996311
 9850.035   0.995049
 9850.053   0.993630
 9850.071   0.991934
 9850.089   0.989787
 9850.106   0.986914
 9850.124   0.983024
 9850.142   0.977839
 9850.160   0.971227
 9850.178   0.963285
 9850.196   0.954378
 9850.214   0.945176
 9850.232   0.936504
 9850.250   0.929270
 9850.268   0.924265
 9850.286   0.922091
 9850.303   0.922991
 9850.321   0.926850
 9850.339   0.933187
 9850.357   0.941281
 9850.375   0.950262
 9850.393   0.959257
 9850.411   0.967565
 9850.429   0.974705
 9850.447   0.980511
 9850.465   0.985059
 9850.483   0.988629
 9850.500   0.991559
 9850.518   0.994110
 9850.536   0.996407
 9850.554   0.998413
 9850.572   1.000043
 9850.590   1.001211
 9850.608   1.001932
 9850.626   1.002325
 9850.644   1.002579
 9850.662   1.002878
 9850.680   1.003306
 9850.697   1.003827
 9850.715   1.004307
 9850.733   1.004605
 9850.751   1.004670
 9850.769   1.004548
 9850.787   1.004370
 9850.805   1.004249
 9850.823   1.004239
 9850.841   1.004296
 9850.859   1.004335
 9850.877   1.004279
 9850.894   1.004076
 9850.912   1.003714
 9850.930   1.003173
 9850.948   1.002446
 9850.966   1.001537
 9850.984   1.000519
 9851.002   0.999515
 9851.020   0.998673
 9851.038   0.998093
 9851.056   0.997761
 9851.074   0.997547
 9851.092   0.997251
 9851.109   0.996705
 9851.127   0.995806
 9851.145   0.994540
 9851.163   0.992935
 9851.181   0.991004
 9851.199   0.988731
 9851.217   0.986071
 9851.235   0.982963
 9851.253   0.979350
 9851.271   0.975156
 9851.289   0.970278
 9851.306   0.964527
 9851.324   0.957634
 9851.342   0.949242
 9851.360   0.938866
 9851.378   0.925856
 9851.396   0.909264
 9851.414   0.887909
 9851.432   0.860509
 9851.450   0.826155
 9851.468   0.784638
 9851.486   0.737051
 9851.503   0.685934
 9851.521   0.635328
 9851.539   0.590343
 9851.557   0.556183
 9851.575   0.537113
 9851.593   0.535239
 9851.611   0.549979
 9851.629   0.578095
 9851.647   0.614297
 9851.665   0.652730
 9851.683   0.688036
 9851.700   0.716211
 9851.718   0.735234
 9851.736   0.745224
 9851.754   0.748320
 9851.772   0.747935
 9851.790   0.748001
 9851.808   0.751932
 9851.826   0.761940
 9851.844   0.778636
 9851.862   0.801110
 9851.880   0.827384
 9851.897   0.855094
 9851.915   0.881976
 9851.933   0.906371
 9851.951   0.927163
 9851.969   0.943944
 9851.987   0.956883
 9852.005   0.966572
 9852.023   0.973766
 9852.041   0.979195
 9852.059   0.983441
 9852.077   0.986914
 9852.094   0.989841
 9852.112   0.992335
 9852.130   0.994422
 9852.148   0.996112
 9852.166   0.997418
 9852.184   0.998379
 9852.202   0.999064
 9852.220   0.999557
 9852.238   0.999929
 9852.256   1.000211
 9852.274   1.000402
 9852.291   1.000494
 9852.309   1.000523
 9852.327   1.000564
 9852.345   1.000743
 9852.363   1.001132
 9852.381   1.001726
 9852.399   1.002417
 9852.417   1.003040
 9852.435   1.003465
 9852.453   1.003634
 9852.471   1.003611
 9852.488   1.003510
 9852.506   1.003472
 9852.524   1.003579
 9852.542   1.003843
 9852.560   1.004218
 9852.578   1.004619
 9852.596   1.004964
 9852.614   1.005195
 9852.632   1.005295
 9852.650   1.005268
 9852.668   1.005095
 9852.685   1.004718
 9852.703   1.004035
 9852.721   1.002972
 9852.739   1.001497
 9852.757   0.999686
 9852.775   0.997744
 9852.793   0.995921
 9852.811   0.994486
 9852.829   0.993606
 9852.847   0.993306
 9852.865   0.993477
 9852.882   0.993888
 9852.900   0.994305
 9852.918   0.994476
 9852.936   0.994239
 9852.954   0.993487
 9852.972   0.992206
 9852.990   0.990411
 9853.008   0.988102
 9853.026   0.985157
 9853.044   0.981302
 9853.062   0.976076
 9853.079   0.968977
 9853.097   0.959653
 9853.115   0.948105
 9853.133   0.934881
 9853.151   0.920998
 9853.169   0.907920
 9853.187   0.897260
 9853.205   0.890521
 9853.223   0.888680
 9853.241   0.891955
 9853.259   0.899787
 9853.276   0.910945
 9853.294   0.923859
 9853.312   0.936999
 9853.330   0.949156
 9853.348   0.959630
 9853.366   0.968167
 9853.384   0.974894
 9853.402   0.980139
 9853.420   0.984294
 9853.438   0.987673
 9853.456   0.990465
 9853.473   0.992771
 9853.491   0.994643
 9853.509   0.996134
 9853.527   0.997311
 9853.545   0.998256
 9853.563   0.999042
 9853.581   0.999701
 9853.599   1.000220
 9853.617   1.000568
 9853.635   1.000728
 9853.653   1.000726
 9853.670   1.000625
 9853.688   1.000492
 9853.706   1.000372
 9853.724   1.000258
 9853.742   1.000135
 9853.760   0.999957
 9853.778   0.999705
 9853.796   0.999337
 9853.814   0.998806
 9853.832   0.998024
 9853.850   0.996881
 9853.867   0.995301
 9853.885   0.993226
 9853.903   0.990674
 9853.921   0.987667
 9853.939   0.984294
 9853.957   0.980694
 9853.975   0.977104
 9853.993   0.973875
 9854.011   0.971390
 9854.029   0.970012
 9854.047   0.969919
 9854.064   0.971074
 9854.082   0.973225
 9854.100   0.976012
 9854.118   0.979097
 9854.136   0.982210
 9854.154   0.985201
 9854.172   0.987949
 9854.190   0.990347
 9854.208   0.992252
 9854.226   0.993547
 9854.244   0.994207
 9854.261   0.994313
 9854.279   0.994065
 9854.297   0.993683
 9854.315   0.993374
 9854.333   0.993232
 9854.351   0.993269
 9854.369   0.993451
 9854.387   0.993735
 9854.405   0.994134
 9854.423   0.994656
 9854.441   0.995318
 9854.458   0.996075
 9854.476   0.996851
 9854.494   0.997534
 9854.512   0.998017
 9854.530   0.998218
 9854.548   0.998110
 9854.566   0.997711
 9854.584   0.997127
 9854.602   0.996491
 9854.620   0.995975
 9854.638   0.995710
 9854.655   0.995739
 9854.673   0.996018
 9854.691   0.996416
 9854.709   0.996827
 9854.727   0.997168
 9854.745   0.997454
 9854.763   0.997709
 9854.781   0.997929
 9854.799   0.998034
 9854.817   0.997891
 9854.835   0.997384
 9854.852   0.996523
 9854.870   0.995468
 9854.888   0.994504
 9854.906   0.993889
 9854.924   0.993765
 9854.942   0.994058
 9854.960   0.994524
 9854.978   0.994872
 9854.996   0.994859
 9855.014   0.994389
 9855.032   0.993485
 9855.049   0.992264
 9855.067   0.990845
 9855.085   0.989292
 9855.103   0.987602
 9855.121   0.985732
 9855.139   0.983667
 9855.157   0.981475
 9855.175   0.979344
 9855.193   0.977579
 9855.211   0.976491
 9855.229   0.976311
 9855.246   0.977061
 9855.264   0.978558
 9855.282   0.980453
 9855.300   0.982360
 9855.318   0.983974
 9855.336   0.985125
 9855.354   0.985815
 9855.372   0.986140
 9855.390   0.986251
 9855.408   0.986249
 9855.426   0.986162
 9855.444   0.985901
 9855.461   0.985308
 9855.479   0.984200
 9855.497   0.982441
 9855.515   0.979994
 9855.533   0.976923
 9855.551   0.973394
 9855.569   0.969607
 9855.587   0.965779
 9855.605   0.962116
 9855.623   0.958860
 9855.641   0.956298
 9855.658   0.954727
 9855.676   0.954411
 9855.694   0.955469
 9855.712   0.957836
 9855.730   0.961234
 9855.748   0.965272
 9855.766   0.969523
 9855.784   0.973617
 9855.802   0.977284
 9855.820   0.980398
 9855.838   0.982931
 9855.855   0.984956
 9855.873   0.986598
 9855.891   0.988017
 9855.909   0.989327
 9855.927   0.990581
 9855.945   0.991718
 9855.963   0.992611
 9855.981   0.993135
 9855.999   0.993238
 9856.017   0.992994
 9856.035   0.992589
 9856.052   0.992265
 9856.070   0.992223
 9856.088   0.992547
 9856.106   0.993203
 9856.124   0.994042
 9856.142   0.994908
 9856.160   0.995650
 9856.178   0.996177
 9856.196   0.996430
 9856.214   0.996393
 9856.232   0.996097
 9856.249   0.995632
 9856.267   0.995161
 9856.285   0.994857
 9856.303   0.994876
 9856.321   0.995237
 9856.339   0.995864
 9856.357   0.996554
 9856.375   0.997135
 9856.393   0.997474
 9856.411   0.997562
 9856.429   0.997453
 9856.446   0.997228
 9856.464   0.996964
 9856.482   0.996672
 9856.500   0.996379
 9856.518   0.996061
 9856.536   0.995750
 9856.554   0.995445
 9856.572   0.995181
 9856.590   0.994962
 9856.608   0.994778
 9856.626   0.994630
 9856.643   0.994522
 9856.661   0.994533
 9856.679   0.994713
 9856.697   0.995121
 9856.715   0.995708
 9856.733   0.996374
 9856.751   0.996974
 9856.769   0.997402
 9856.787   0.997635
 9856.805   0.997713
 9856.823   0.997701
 9856.840   0.997629
 9856.858   0.997478
 9856.876   0.997196
 9856.894   0.996755
 9856.912   0.996201
 9856.930   0.995632
 9856.948   0.995169
 9856.966   0.994880
 9856.984   0.994727
 9857.002   0.994571
 9857.020   0.994207
 9857.037   0.993454
 9857.055   0.992213
 9857.073   0.990503
 9857.091   0.988468
 9857.109   0.986309
 9857.127   0.984255
 9857.145   0.982461
 9857.163   0.981034
 9857.181   0.979970
 9857.199   0.979236
 9857.217   0.978774
 9857.234   0.978559
 9857.252   0.978637
 9857.270   0.979080
 9857.288   0.979991
 9857.306   0.981338
 9857.324   0.983038
 9857.342   0.984853
 9857.360   0.986604
 9857.378   0.988185
 9857.396   0.989651
 9857.414   0.991146
 9857.431   0.992761
 9857.449   0.994478
 9857.467   0.996055
 9857.485   0.997203
 9857.503   0.997641
 9857.521   0.997278
 9857.539   0.996227
 9857.557   0.994743
 9857.575   0.993140
 9857.593   0.991624
 9857.611   0.990314
 9857.628   0.989191
 9857.646   0.988217
 9857.664   0.987353
 9857.682   0.986616
 9857.700   0.986054
 9857.718   0.985727
 9857.736   0.985668
 9857.754   0.985869
 9857.772   0.986264
 9857.790   0.986792
 9857.808   0.987404
 9857.825   0.988116
 9857.843   0.988979
 9857.861   0.990041
 9857.879   0.991307
 9857.897   0.992691
 9857.915   0.994046
 9857.933   0.995222
 9857.951   0.996142
 9857.969   0.996816
 9857.987   0.997314
 9858.005   0.997711
 9858.022   0.998014
 9858.040   0.998179
 9858.058   0.998157
 9858.076   0.997988
 9858.094   0.997789
 9858.112   0.997751
 9858.130   0.997977
 9858.148   0.998443
 9858.166   0.998950
 9858.184   0.999235
 9858.202   0.999098
 9858.219   0.998477
 9858.237   0.997491
 9858.255   0.996347
 9858.273   0.995270
 9858.291   0.994421
 9858.309   0.993866
 9858.327   0.993590
 9858.345   0.993515
 9858.363   0.993515
 9858.381   0.993476
 9858.399   0.993264
 9858.416   0.992814
 9858.434   0.992087
 9858.452   0.991114
 9858.470   0.989971
 9858.488   0.988760
 9858.506   0.987610
 9858.524   0.986615
 9858.542   0.985875
 9858.560   0.985453
 9858.578   0.985418
 9858.596   0.985836
 9858.613   0.986759
 9858.631   0.988179
 9858.649   0.989991
 9858.667   0.992011
 9858.685   0.993981
 9858.703   0.995706
 9858.721   0.997063
 9858.739   0.998073
 9858.757   0.998804
 9858.775   0.999321
 9858.793   0.999640
 9858.810   0.999735
 9858.828   0.999582
 9858.846   0.999211
 9858.864   0.998724
 9858.882   0.998239
 9858.900   0.997851
 9858.918   0.997574
 9858.936   0.997358
 9858.954   0.997097
 9858.972   0.996697
 9858.990   0.996113
 9859.007   0.995347
 9859.025   0.994437
 9859.043   0.993411
 9859.061   0.992235
 9859.079   0.990851
 9859.097   0.989137
 9859.115   0.987023
 9859.133   0.984469
 9859.151   0.981544
 9859.169   0.978372
 9859.187   0.975151
 9859.204   0.972135
 9859.222   0.969558
 9859.240   0.967695
 9859.258   0.966742
 9859.276   0.966869
 9859.294   0.968095
 9859.312   0.970360
 9859.330   0.973492
 9859.348   0.977213
 9859.366   0.981162
 9859.384   0.984888
 9859.401   0.987940
 9859.419   0.989974
 9859.437   0.990860
 9859.455   0.990752
 9859.473   0.989969
 9859.491   0.988895
 9859.509   0.987760
 9859.527   0.986600
 9859.545   0.985271
 9859.563   0.983560
 9859.581   0.981305
 9859.599   0.978431
 9859.616   0.975017
 9859.634   0.971219
 9859.652   0.967318
 9859.670   0.963642
 9859.688   0.960563
 9859.706   0.958388
 9859.724   0.957313
 9859.742   0.957351
 9859.760   0.958345
 9859.778   0.960030
 9859.796   0.962074
 9859.813   0.964131
 9859.831   0.965854
 9859.849   0.966925
 9859.867   0.967055
 9859.885   0.966025
 9859.903   0.963758
 9859.921   0.960404
 9859.939   0.956360
 9859.957   0.952294
 9859.975   0.948954
 9859.993   0.947028
 9860.010   0.946880
 9860.028   0.948573
 9860.046   0.951834
 9860.064   0.956207
 9860.082   0.961170
 9860.100   0.966203
 9860.118   0.970890
 9860.136   0.974961
 9860.154   0.978335
 9860.172   0.981099
 9860.190   0.983435
 9860.207   0.985539
 9860.225   0.987484
 9860.243   0.989232
 9860.261   0.990655
 9860.279   0.991651
 9860.297   0.992266
 9860.315   0.992657
 9860.333   0.993079
 9860.351   0.993669
 9860.369   0.994457
 9860.387   0.995299
 9860.404   0.996019
 9860.422   0.996522
 9860.440   0.996784
 9860.458   0.996885
 9860.476   0.996879
 9860.494   0.996821
 9860.512   0.996713
 9860.530   0.996572
 9860.548   0.996421
 9860.566   0.996283
 9860.584   0.996181
 9860.601   0.996125
 9860.619   0.996123
 9860.637   0.996197
 9860.655   0.996375
 9860.673   0.996645
 9860.691   0.996935
 9860.709   0.997122
 9860.727   0.997091
 9860.745   0.996811
 9860.763   0.996385
 9860.781   0.995990
 9860.798   0.995788
 9860.816   0.995856
 9860.834   0.996106
 9860.852   0.996399
 9860.870   0.996600
 9860.888   0.996691
 9860.906   0.996758
 9860.924   0.996937
 9860.942   0.997355
 9860.960   0.998027
 9860.978   0.998899
 9860.995   0.999815
 9861.013   1.000606
 9861.031   1.001086
 9861.049   1.001116
 9861.067   1.000647
 9861.085   0.999744
 9861.103   0.998607
 9861.121   0.997472
 9861.139   0.996555
 9861.157   0.995939
 9861.175   0.995560
 9861.192   0.995248
 9861.210   0.994814
 9861.228   0.994185
 9861.246   0.993418
 9861.264   0.992703
 9861.282   0.992230
 9861.300   0.992136
 9861.318   0.992428
 9861.336   0.993038
 9861.354   0.993819
 9861.372   0.994648
 9861.389   0.995396
 9861.407   0.995979
 9861.425   0.996363
 9861.443   0.996555
 9861.461   0.996666
 9861.479   0.996816
 9861.497   0.997181
 9861.515   0.997780
 9861.533   0.998550
 9861.551   0.999232
 9861.569   0.999561
 9861.586   0.999320
 9861.604   0.998483
 9861.622   0.997235
 9861.640   0.995869
 9861.658   0.994725
 9861.676   0.994006
 9861.694   0.993821
 9861.712   0.994080
 9861.730   0.994643
 9861.748   0.995282
 9861.766   0.995832
 9861.783   0.996156
 9861.801   0.996234
 9861.819   0.996117
 9861.837   0.995906
 9861.855   0.995749
 9861.873   0.995721
 9861.891   0.995868
 9861.909   0.996104
 9861.927   0.996334
 9861.945   0.996414
 9861.963   0.996281
 9861.980   0.995939
 9861.998   0.995458
 9862.016   0.994956
 9862.034   0.994528
 9862.052   0.994255
 9862.070   0.994176
 9862.088   0.994305
 9862.106   0.994608
 9862.124   0.995017
 9862.142   0.995439
 9862.160   0.995770
 9862.177   0.995917
 9862.195   0.995844
 9862.213   0.995549
 9862.231   0.995113
 9862.249   0.994634
 9862.267   0.994232
 9862.285   0.994020
 9862.303   0.994053
 9862.321   0.994366
 9862.339   0.994870
 9862.357   0.995455
 9862.374   0.995914
 9862.392   0.996064
 9862.410   0.995751
 9862.428   0.994939
 9862.446   0.993743
 9862.464   0.992415
 9862.482   0.991281
 9862.500   0.990585
 9862.518   0.990416
 9862.536   0.990618
 9862.554   0.990917
 9862.571   0.991050
 9862.589   0.990912
 9862.607   0.990593
 9862.625   0.990299
 9862.643   0.990243
 9862.661   0.990519
 9862.679   0.991103
 9862.697   0.991886
 9862.715   0.992725
 9862.733   0.993483
 9862.751   0.994046
 9862.768   0.994342
 9862.786   0.994355
 9862.804   0.994157
 9862.822   0.993877
 9862.840   0.993665
 9862.858   0.993603
 9862.876   0.993677
 9862.894   0.993758
 9862.912   0.993683
 9862.930   0.993322
 9862.948   0.992608
 9862.965   0.991593
 9862.983   0.990353
 9863.001   0.989014
 9863.019   0.987691
 9863.037   0.986515
 9863.055   0.985623
 9863.073   0.985121
 9863.091   0.985098
 9863.109   0.985536
 9863.127   0.986356
 9863.145   0.987384
 9863.162   0.988424
 9863.180   0.989273
 9863.198   0.989822
 9863.216   0.990060
 9863.234   0.990059
 9863.252   0.989945
 9863.270   0.989809
 9863.288   0.989711
 9863.306   0.989622
 9863.324   0.989505
 9863.342   0.989276
 9863.359   0.988830
 9863.377   0.988024
 9863.395   0.986661
 9863.413   0.984571
 9863.431   0.981641
 9863.449   0.977922
 9863.467   0.973644
 9863.485   0.969225
 9863.503   0.965210
 9863.521   0.962160
 9863.539   0.960530
 9863.556   0.960556
 9863.574   0.962138
 9863.592   0.964940
 9863.610   0.968444
 9863.628   0.972173
 9863.646   0.975759
 9863.664   0.978998
 9863.682   0.981802
 9863.700   0.984133
 9863.718   0.985948
 9863.736   0.987206
 9863.754   0.987887
 9863.771   0.987993
 9863.789   0.987610
 9863.807   0.986861
 9863.825   0.985955
 9863.843   0.985090
 9863.861   0.984429
 9863.879   0.984034
 9863.897   0.983869
 9863.915   0.983878
 9863.933   0.984031
 9863.951   0.984382
 9863.968   0.985011
 9863.986   0.985962
 9864.004   0.987183
 9864.022   0.988513
 9864.040   0.989745
 9864.058   0.990699
 9864.076   0.991271
 9864.094   0.991444
 9864.112   0.991281
 9864.130   0.990891
 9864.148   0.990425
 9864.165   0.990025
 9864.183   0.989814
 9864.201   0.989844
 9864.219   0.990108
 9864.237   0.990536
 9864.255   0.991036
 9864.273   0.991525
 9864.291   0.991946
 9864.309   0.992258
 9864.327   0.992453
 9864.345   0.992543
 9864.362   0.992617
 9864.380   0.992801
 9864.398   0.993243
 9864.416   0.994013
 9864.434   0.995024
 9864.452   0.996055
 9864.470   0.996776
 9864.488   0.996990
 9864.506   0.996647
 9864.524   0.995996
 9864.542   0.995367
 9864.559   0.995085
 9864.577   0.995259
 9864.595   0.995791
 9864.613   0.996447
 9864.631   0.996977
 9864.649   0.997245
 9864.667   0.997231
 9864.685   0.997038
 9864.703   0.996777
 9864.721   0.996558
 9864.739   0.996406
 9864.756   0.996308
 9864.774   0.996197
 9864.792   0.996038
 9864.810   0.995828
 9864.828   0.995611
 9864.846   0.995449
 9864.864   0.995409
 9864.882   0.995569
 9864.900   0.995989
 9864.918   0.996705
 9864.936   0.997631
 9864.953   0.998604
 9864.971   0.999369
 9864.989   0.999746
 9865.007   0.999677
 9865.025   0.999254
 9865.043   0.998673
 9865.061   0.998060
 9865.079   0.997479
 9865.097   0.996866
 9865.115   0.996164
 9865.133   0.995364
 9865.150   0.994524
 9865.168   0.993798
 9865.186   0.993292
 9865.204   0.993102
 9865.222   0.993184
 9865.240   0.993423
 9865.258   0.993664
 9865.276   0.993771
 9865.294   0.993715
 9865.312   0.993516
 9865.330   0.993286
 9865.347   0.993080
 9865.365   0.992964
 9865.383   0.992930
 9865.401   0.992954
 9865.419   0.992998
 9865.437   0.993014
 9865.455   0.993003
 9865.473   0.992997
 9865.491   0.993101
 9865.509   0.993389
 9865.527   0.993902
 9865.544   0.994561
 9865.562   0.995226
 9865.580   0.995738
 9865.598   0.996021
 9865.616   0.996153
 9865.634   0.996287
 9865.652   0.996630
 9865.670   0.997237
 9865.688   0.998026
 9865.706   0.998739
 9865.724   0.999098
 9865.741   0.998938
 9865.759   0.998306
 9865.777   0.997456
 9865.795   0.996713
 9865.813   0.996285
 9865.831   0.996210
 9865.849   0.996321
 9865.867   0.996437
 9865.885   0.996445
 9865.903   0.996372
 9865.921   0.996339
 9865.938   0.996418
 9865.956   0.996620
 9865.974   0.996800
 9865.992   0.996834
 9866.010   0.996604
 9866.028   0.996142
 9866.046   0.995559
 9866.064   0.995019
 9866.082   0.994636
 9866.100   0.994450
 9866.118   0.994440
 9866.135   0.994584
 9866.153   0.994896
 9866.171   0.995394
 9866.189   0.996044
 9866.207   0.996706
 9866.225   0.997170
 9866.243   0.997256
 9866.261   0.996931
 9866.279   0.996305
 9866.297   0.995583
 9866.315   0.994916
 9866.332   0.994382
 9866.350   0.993996
 9866.368   0.993794
 9866.386   0.993825
 9866.404   0.994117
 9866.422   0.994605
 9866.440   0.995105
 9866.458   0.995437
 9866.476   0.995486
 9866.494   0.995308
 9866.512   0.995052
 9866.529   0.994865
 9866.547   0.994807
 9866.565   0.994807
 9866.583   0.994797
 9866.601   0.994736
 9866.619   0.994695
 9866.637   0.994772
 9866.655   0.995010
 9866.673   0.995373
 9866.691   0.995694
 9866.709   0.995818
 9866.726   0.995613
 9866.744   0.995086
 9866.762   0.994327
 9866.780   0.993470
 9866.798   0.992638
 9866.816   0.991866
 9866.834   0.991163
 9866.852   0.990481
 9866.870   0.989784
 9866.888   0.989007
 9866.906   0.988058
 9866.923   0.986819
 9866.941   0.985179
 9866.959   0.983173
 9866.977   0.981005
 9866.995   0.979078
 9867.013   0.977851
 9867.031   0.977652
 9867.049   0.978522
 9867.067   0.980191
 9867.085   0.982182
 9867.103   0.984028
 9867.120   0.985412
 9867.138   0.986269
 9867.156   0.986731
 9867.174   0.987025
 9867.192   0.987401
 9867.210   0.987999
 9867.228   0.988866
 9867.246   0.989910
 9867.264   0.990978
 9867.282   0.991931
 9867.300   0.992684
 9867.317   0.993267
 9867.335   0.993720
 9867.353   0.994125
 9867.371   0.994500
 9867.389   0.994848
 9867.407   0.995169
 9867.425   0.995450
 9867.443   0.995682
 9867.461   0.995786
 9867.479   0.995682
 9867.497   0.995280
 9867.514   0.994605
 9867.532   0.993793
 9867.550   0.993058
 9867.568   0.992609
 9867.586   0.992502
 9867.604   0.992686
 9867.622   0.992938
 9867.640   0.993074
 9867.658   0.992955
 9867.676   0.992576
 9867.694   0.992040
 9867.711   0.991451
 9867.729   0.990923
 9867.747   0.990474
 9867.765   0.990151
 9867.783   0.989988
 9867.801   0.990054
 9867.819   0.990373
 9867.837   0.990837
 9867.855   0.991255
 9867.873   0.991363
 9867.891   0.990978
 9867.908   0.990038
 9867.926   0.988586
 9867.944   0.986731
 9867.962   0.984523
 9867.980   0.981972
 9867.998   0.979074
 9868.016   0.975788
 9868.034   0.972084
 9868.052   0.967797
 9868.070   0.962705
 9868.088   0.956554
 9868.106   0.949182
 9868.123   0.940778
 9868.141   0.931815
 9868.159   0.923180
 9868.177   0.915868
 9868.195   0.910887
 9868.213   0.909018
 9868.231   0.910673
 9868.249   0.915746
 9868.267   0.923554
 9868.285   0.932922
 9868.303   0.942499
 9868.320   0.951072
 9868.338   0.958059
 9868.356   0.963595
 9868.374   0.968390
 9868.392   0.973172
 9868.410   0.978248
 9868.428   0.983332
 9868.446   0.987686
 9868.464   0.990684
 9868.482   0.992043
 9868.500   0.992115
 9868.517   0.991584
 9868.535   0.991214
 9868.553   0.991476
 9868.571   0.992455
 9868.589   0.993909
 9868.607   0.995474
 9868.625   0.996857
 9868.643   0.997918
 9868.661   0.998671
 9868.679   0.999158
 9868.697   0.999403
 9868.714   0.999359
 9868.732   0.998982
 9868.750   0.998306
 9868.768   0.997436
 9868.786   0.996562
 9868.804   0.995868
 9868.822   0.995526
 9868.840   0.995689
 9868.858   0.996413
 9868.876   0.997660
 9868.894   0.999166
 9868.911   1.000516
 9868.929   1.001276
 9868.947   1.001190
 9868.965   1.000364
 9868.983   0.999156
 9869.001   0.998063
 9869.019   0.997392
 9869.037   0.997246
 9869.055   0.997482
 9869.073   0.997912
 9869.091   0.998428
 9869.108   0.999003
 9869.126   0.999679
 9869.144   1.000383
 9869.162   1.000974
 9869.180   1.001261
 9869.198   1.001147
 9869.216   1.000710
 9869.234   1.000125
 9869.252   0.999621
 9869.270   0.999245
 9869.288   0.998910
 9869.305   0.998420
 9869.323   0.997640
 9869.341   0.996611
 9869.359   0.995490
 9869.377   0.994522
 9869.395   0.993839
 9869.413   0.993471
 9869.431   0.993313
 9869.449   0.993216
 9869.467   0.993088
 9869.485   0.992890
 9869.502   0.992712
 9869.520   0.992647
 9869.538   0.992774
 9869.556   0.993064
 9869.574   0.993382
 9869.592   0.993591
 9869.610   0.993577
 9869.628   0.993404
 9869.646   0.993184
 9869.664   0.993069
 9869.682   0.993063
 9869.699   0.993045
 9869.717   0.992815
 9869.735   0.992207
 9869.753   0.991221
 9869.771   0.989979
 9869.789   0.988714
 9869.807   0.987635
 9869.825   0.986878
 9869.843   0.986480
 9869.861   0.986392
 9869.879   0.986574
 9869.896   0.986975
 9869.914   0.987607
 9869.932   0.988410
 9869.950   0.989273
 9869.968   0.990012
 9869.986   0.990456
 9870.004   0.990602
 9870.022   0.990569
 9870.040   0.990635
 9870.058   0.990982
 9870.076   0.991662
 9870.093   0.992524
 9870.111   0.993303
 9870.129   0.993801
 9870.147   0.993904
 9870.165   0.993682
 9870.183   0.993240
 9870.201   0.992666
 9870.219   0.991977
 9870.237   0.991115
 9870.255   0.990016
 9870.273   0.988585
 9870.290   0.986707
 9870.308   0.984218
 9870.326   0.980914
 9870.344   0.976658
 9870.362   0.971447
 9870.380   0.965544
 9870.398   0.959502
 9870.416   0.954031
 9870.434   0.949821
 9870.452   0.947373
 9870.470   0.946867
 9870.487   0.948225
 9870.505   0.951057
 9870.523   0.954806
 9870.541   0.958746
 9870.559   0.962165
 9870.577   0.964449
 9870.595   0.965299
 9870.613   0.964718
 9870.631   0.962990
 9870.649   0.960509
 9870.667   0.957709
 9870.684   0.955006
 9870.702   0.952839
 9870.720   0.951656
 9870.738   0.951884
 9870.756   0.953756
 9870.774   0.957250
 9870.792   0.962051
 9870.810   0.967596
 9870.828   0.973283
 9870.846   0.978595
 9870.864   0.983276
 9870.881   0.987253
 9870.899   0.990593
 9870.917   0.993328
 9870.935   0.995441
 9870.953   0.996898
 9870.971   0.997721
 9870.989   0.998055
 9871.007   0.998141
 9871.025   0.998249
 9871.043   0.998562
 9871.061   0.999126
 9871.078   0.999834
 9871.096   1.000508
 9871.114   1.000993
 9871.132   1.001231
 9871.150   1.001223
 9871.168   1.001033
 9871.186   1.000691
 9871.204   1.000220
 9871.222   0.999630
 9871.240   0.998964
 9871.258   0.998306
 9871.275   0.997750
 9871.293   0.997378
 9871.311   0.997172
 9871.329   0.997043
 9871.347   0.996824
 9871.365   0.996391
 9871.383   0.995639
 9871.401   0.994516
 9871.419   0.992903
 9871.437   0.990642
 9871.455   0.987538
 9871.472   0.983471
 9871.490   0.978493
 9871.508   0.972804
 9871.526   0.966784
 9871.544   0.960890
 9871.562   0.955671
 9871.580   0.951706
 9871.598   0.949479
 9871.616   0.949317
 9871.634   0.951232
 9871.652   0.955010
 9871.669   0.960227
 9871.687   0.966358
 9871.705   0.972841
 9871.723   0.979071
 9871.741   0.984511
 9871.759   0.988769
 9871.777   0.991740
 9871.795   0.993599
 9871.813   0.994685
 9871.831   0.995362
 9871.849   0.995850
 9871.866   0.996231
 9871.884   0.996502
 9871.902   0.996700
 9871.920   0.996945
 9871.938   0.997377
 9871.956   0.998056
 9871.974   0.998885
 9871.992   0.999638
 9872.010   1.000095
 9872.028   1.000140
 9872.046   0.999845
 9872.063   0.999367
 9872.081   0.998879
 9872.099   0.998456
 9872.117   0.998094
 9872.135   0.997807
 9872.153   0.997618
 9872.171   0.997641
 9872.189   0.997917
 9872.207   0.998407
 9872.225   0.998913
 9872.243   0.999201
 9872.261   0.999123
 9872.278   0.998702
 9872.296   0.998164
 9872.314   0.997777
 9872.332   0.997730
 9872.350   0.998001
 9872.368   0.998400
 9872.386   0.998665
 9872.404   0.998617
 9872.422   0.998239
 9872.440   0.997610
 9872.458   0.996844
 9872.475   0.995963
 9872.493   0.994897
 9872.511   0.993503
 9872.529   0.991611
 9872.547   0.989076
 9872.565   0.985777
 9872.583   0.981695
 9872.601   0.976916
 9872.619   0.971755
 9872.637   0.966716
 9872.655   0.962444
 9872.672   0.959496
 9872.690   0.958144
 9872.708   0.958259
 9872.726   0.959300
 9872.744   0.960502
 9872.762   0.961040
 9872.780   0.960172
 9872.798   0.957260
 9872.816   0.951817
 9872.834   0.943465
 9872.852   0.932078
 9872.869   0.917845
 9872.887   0.901497
 9872.905   0.884461
 9872.923   0.868664
 9872.941   0.856334
 9872.959   0.849321
 9872.977   0.848730
 9872.995   0.854582
 9873.013   0.865948
 9873.031   0.881277
 9873.049   0.898728
 9873.066   0.916469
 9873.084   0.932955
 9873.102   0.947157
 9873.120   0.958649
 9873.138   0.967585
 9873.156   0.974381
 9873.174   0.979584
 9873.192   0.983645
 9873.210   0.986901
 9873.228   0.989517
 9873.246   0.991582
 9873.263   0.993169
 9873.281   0.994355
 9873.299   0.995244
 9873.317   0.995912
 9873.335   0.996422
 9873.353   0.996785
 9873.371   0.997018
 9873.389   0.997147
 9873.407   0.997238
 9873.425   0.997373
 9873.443   0.997585
 9873.460   0.997883
 9873.478   0.998167
 9873.496   0.998360
 9873.514   0.998352
 9873.532   0.998131
 9873.550   0.997749
 9873.568   0.997327
 9873.586   0.997020
 9873.604   0.996897
 9873.622   0.996968
 9873.640   0.997118
 9873.657   0.997245
 9873.675   0.997234
 9873.693   0.997064
 9873.711   0.996743
 9873.729   0.996301
 9873.747   0.995781
 9873.765   0.995202
 9873.783   0.994646
 9873.801   0.994228
 9873.819   0.994090
 9873.837   0.994346
 9873.854   0.994939
 9873.872   0.995708
 9873.890   0.996327
 9873.908   0.996564
 9873.926   0.996329
 9873.944   0.995760
 9873.962   0.995147
 9873.980   0.994731
 9873.998   0.994692
 9874.016   0.994973
 9874.034   0.995465
 9874.051   0.995963
 9874.069   0.996354
 9874.087   0.996603
 9874.105   0.996807
 9874.123   0.997163
 9874.141   0.997832
 9874.159   0.998884
 9874.177   1.000134
 9874.195   1.001256
 9874.213   1.001862
 9874.231   1.001736
 9874.248   1.000941
 9874.266   0.999766
 9874.284   0.998589
 9874.302   0.997655
 9874.320   0.997047
 9874.338   0.996714
 9874.356   0.996591
 9874.374   0.996672
 9874.392   0.996950
 9874.410   0.997361
 9874.428   0.997701
 9874.445   0.997738
 9874.463   0.997295
 9874.481   0.996402
 9874.499   0.995290
 9874.517   0.994298
 9874.535   0.993725
 9874.553   0.993703
 9874.571   0.994159
 9874.589   0.994888
 9874.607   0.995677
 9874.625   0.996420
 9874.642   0.997115
 9874.660   0.997841
 9874.678   0.998661
 9874.696   0.999593
 9874.714   1.000604
 9874.732   1.001591
 9874.750   1.002463
 9874.768   1.003111
 9874.786   1.003526
 9874.804   1.003766
 9874.822   1.003958
 9874.839   1.004250
 9874.857   1.004655
 9874.875   1.005047
 9874.893   1.005125
 9874.911   1.004600
 9874.929   1.003336
 9874.947   1.001460
 9874.965   0.999314
 9874.983   0.997312
 9875.001   0.995792
 9875.019   0.994910
 9875.036   0.994608
 9875.054   0.994682
 9875.072   0.994836
 9875.090   0.994791
 9875.108   0.994402
 9875.126   0.993673
 9875.144   0.992772
 9875.162   0.991881
 9875.180   0.991174
 9875.198   0.990722
 9875.216   0.990596
 9875.233   0.990839
 9875.251   0.991504
 9875.269   0.992529
 9875.287   0.993690
 9875.305   0.994616
 9875.323   0.994885
 9875.341   0.994278
 9875.359   0.992843
 9875.377   0.990919
 9875.395   0.988953
 9875.413   0.987297
 9875.430   0.986100
 9875.448   0.985262
 9875.466   0.984631
 9875.484   0.984066
 9875.502   0.983625
 9875.520   0.983459
 9875.538   0.983757
 9875.556   0.984610
 9875.574   0.985900
 9875.592   0.987388
 9875.610   0.988690
 9875.627   0.989595
 9875.645   0.990019
 9875.663   0.990190
 9875.681   0.990451
 9875.699   0.991032
 9875.717   0.991946
 9875.735   0.992852
 9875.753   0.993382
 9875.771   0.993267
 9875.789   0.992600
 9875.807   0.991743
 9875.824   0.991065
 9875.842   0.990746
 9875.860   0.990634
 9875.878   0.990424
 9875.896   0.989896
 9875.914   0.989045
 9875.932   0.988112
 9875.950   0.987376
 9875.968   0.986996
 9875.986   0.986889
 9876.004   0.986799
 9876.021   0.986422
 9876.039   0.985526
 9876.057   0.983964
 9876.075   0.981620
 9876.093   0.978307
 9876.111   0.973710
 9876.129   0.967335
 9876.147   0.958516
 9876.165   0.946493
 9876.183   0.930445
 9876.201   0.909675
 9876.218   0.883880
 9876.236   0.853501
 9876.254   0.820045
 9876.272   0.786128
 9876.290   0.755311
 9876.308   0.731544
 9876.326   0.718142
 9876.344   0.717014
 9876.362   0.727915
 9876.380   0.748757
 9876.398   0.776014
 9876.415   0.805610
 9876.433   0.833740
 9876.451   0.857538
 9876.469   0.875244
 9876.487   0.886205
 9876.505   0.890746
 9876.523   0.889936
 9876.541   0.885433
 9876.559   0.879310
 9876.577   0.873803
 9876.595   0.870977
 9876.613   0.872318
 9876.630   0.878445
 9876.648   0.889082
 9876.666   0.903058
 9876.684   0.918794
 9876.702   0.934597
 9876.720   0.949101
 9876.738   0.961456
 9876.756   0.971367
 9876.774   0.979001
 9876.792   0.984663
 9876.810   0.988708
 9876.827   0.991407
 9876.845   0.993079
 9876.863   0.994132
 9876.881   0.995005
 9876.899   0.996073
 9876.917   0.997385
 9876.935   0.998643
 9876.953   0.999362
 9876.971   0.999124
 9876.989   0.997919
 9877.007   0.996135
 9877.024   0.994381
 9877.042   0.993095
 9877.060   0.992264
 9877.078   0.991456
 9877.096   0.990003
 9877.114   0.987397
 9877.132   0.983505
 9877.150   0.978595
 9877.168   0.973264
 9877.186   0.968144
 9877.204   0.963860
 9877.221   0.960848
 9877.239   0.959351
 9877.257   0.959316
 9877.275   0.960370
 9877.293   0.961935
 9877.311   0.963394
 9877.329   0.964368
 9877.347   0.964862
 9877.365   0.965233
 9877.383   0.966028
 9877.401   0.967639
 9877.418   0.970165
 9877.436   0.973386
 9877.454   0.976917
 9877.472   0.980462
 9877.490   0.983789
 9877.508   0.986828
 9877.526   0.989443
 9877.544   0.991487
 9877.562   0.992843
 9877.580   0.993547
 9877.598   0.993855
 9877.615   0.994125
 9877.633   0.994656
 9877.651   0.995513
 9877.669   0.996533
 9877.687   0.997493
 9877.705   0.998274
 9877.723   0.998929
 9877.741   0.999607
 9877.759   1.000378
 9877.777   1.001193
 9877.795   1.001875
 9877.812   1.002284
 9877.830   1.002363
 9877.848   1.002192
 9877.866   1.001898
 9877.884   1.001560
 9877.902   1.001211
 9877.920   1.000829
 9877.938   1.000433
 9877.956   1.000103
 9877.974   0.999958
 9877.992   1.000096
 9878.009   1.000468
 9878.027   1.000941
 9878.045   1.001262
 9878.063   1.001237
 9878.081   1.000767
 9878.099   0.999932
 9878.117   0.998937
 9878.135   0.998067
 9878.153   0.997571
 9878.171   0.997617
 9878.189   0.998175
 9878.206   0.999036
 9878.224   0.999913
 9878.242   1.000516
 9878.260   1.000746
 9878.278   1.000616
 9878.296   1.000251
 9878.314   0.999730
 9878.332   0.999074
 9878.350   0.998333
 9878.368   0.997611
 9878.386   0.997114
 9878.403   0.997028
 9878.421   0.997361
 9878.439   0.997922
 9878.457   0.998363
 9878.475   0.998465
 9878.493   0.998211
 9878.511   0.997815
 9878.529   0.997554
 9878.547   0.997525
 9878.565   0.997633
 9878.583   0.997663
 9878.600   0.997521
 9878.618   0.997309
 9878.636   0.997242
 9878.654   0.997468
 9878.672   0.997876
 9878.690   0.998206
 9878.708   0.998206
 9878.726   0.997856
 9878.744   0.997373
 9878.762   0.996993
 9878.780   0.996839
 9878.797   0.996797
 9878.815   0.996708
 9878.833   0.996512
 9878.851   0.996322
 9878.869   0.996344
 9878.887   0.996648
 9878.905   0.997143
 9878.923   0.997599
 9878.941   0.997828
 9878.959   0.997799
 9878.977   0.997635
 9878.994   0.997489
 9879.012   0.997432
 9879.030   0.997403
 9879.048   0.997292
 9879.066   0.997034
 9879.084   0.996698
 9879.102   0.996421
 9879.120   0.996302
 9879.138   0.996331
 9879.156   0.996389
 9879.174   0.996370
 9879.191   0.996249
 9879.209   0.996147
 9879.227   0.996176
 9879.245   0.996383
 9879.263   0.996678
 9879.281   0.996916
 9879.299   0.997026
 9879.317   0.997011
 9879.335   0.996986
 9879.353   0.997034
 9879.371   0.997170
 9879.388   0.997330
 9879.406   0.997379
 9879.424   0.997249
 9879.442   0.996954
 9879.460   0.996627
 9879.478   0.996435
 9879.496   0.996430
 9879.514   0.996558
 9879.532   0.996665
 9879.550   0.996634
 9879.568   0.996443
 9879.585   0.996151
 9879.603   0.995831
 9879.621   0.995522
 9879.639   0.995207
 9879.657   0.994912
 9879.675   0.994660
 9879.693   0.994525
 9879.711   0.994514
 9879.729   0.994569
 9879.747   0.994607
 9879.765   0.994543
 9879.782   0.994413
 9879.800   0.994305
 9879.818   0.994306
 9879.836   0.994445
 9879.854   0.994621
 9879.872   0.994755
 9879.890   0.994764
 9879.908   0.994626
 9879.926   0.994409
 9879.944   0.994172
 9879.962   0.994058
 9879.979   0.994134
 9879.997   0.994433
 9880.015   0.994869
 9880.033   0.995292
 9880.051   0.995562
 9880.069   0.995603
 9880.087   0.995453
 9880.105   0.995229
 9880.123   0.995064
 9880.141   0.995064
 9880.159   0.995286
 9880.176   0.995718
 9880.194   0.996323
 9880.212   0.997020
 9880.230   0.997690
 9880.248   0.998179
 9880.266   0.998371
 9880.284   0.998212
 9880.302   0.997817
 9880.320   0.997347
 9880.338   0.996967
 9880.356   0.996718
 9880.373   0.996518
 9880.391   0.996267
 9880.409   0.995884
 9880.427   0.995422
 9880.445   0.995005
 9880.463   0.994792
 9880.481   0.994848
 9880.499   0.995089
 9880.517   0.995339
 9880.535   0.995376
 9880.553   0.995130
 9880.570   0.994634
 9880.588   0.994030
 9880.606   0.993421
 9880.624   0.992755
 9880.642   0.991955
 9880.660   0.990821
 9880.678   0.989182
 9880.696   0.986815
 9880.714   0.983462
 9880.732   0.979007
 9880.750   0.973448
 9880.768   0.966987
 9880.785   0.959803
 9880.803   0.952042
 9880.821   0.943803
 9880.839   0.935337
 9880.857   0.927219
 9880.875   0.920412
 9880.893   0.916035
 9880.911   0.915030
 9880.929   0.917788
 9880.947   0.923920
 9880.965   0.932368
 9880.982   0.941711
 9881.000   0.950552
 9881.018   0.957879
 9881.036   0.963181
 9881.054   0.966377
 9881.072   0.967690
 9881.090   0.967490
 9881.108   0.966207
 9881.126   0.964274
 9881.144   0.962095
 9881.162   0.960077
 9881.179   0.958527
 9881.197   0.957698
 9881.215   0.957749
 9881.233   0.958752
 9881.251   0.960684
 9881.269   0.963438
 9881.287   0.966828
 9881.305   0.970636
 9881.323   0.974604
 9881.341   0.978435
 9881.359   0.981843
 9881.376   0.984564
 9881.394   0.986514
 9881.412   0.987771
 9881.430   0.988531
 9881.448   0.989055
 9881.466   0.989496
 9881.484   0.989987
 9881.502   0.990602
 9881.520   0.991429
 9881.538   0.992472
 9881.556   0.993578
 9881.573   0.994444
 9881.591   0.994726
 9881.609   0.994295
 9881.627   0.993273
 9881.645   0.992086
 9881.663   0.991205
 9881.681   0.990979
 9881.699   0.991478
 9881.717   0.992503
 9881.735   0.993742
 9881.753   0.994888
 9881.770   0.995714
 9881.788   0.996175
 9881.806   0.996268
 9881.824   0.996128
 9881.842   0.995910
 9881.860   0.995742
 9881.878   0.995741
 9881.896   0.995852
 9881.914   0.996051
 9881.932   0.996294
 9881.950   0.996608
 9881.967   0.997119
 9881.985   0.997813
 9882.003   0.998616
 9882.021   0.999236
 9882.039   0.999387
 9882.057   0.998978
 9882.075   0.998061
 9882.093   0.996948
 9882.111   0.995805
 9882.129   0.994649
 9882.147   0.993354
 9882.164   0.991702
 9882.182   0.989725
 9882.200   0.987510
 9882.218   0.985181
 9882.236   0.982587
 9882.254   0.979309
 9882.272   0.974999
 9882.290   0.969699
 9882.308   0.964179
 9882.326   0.959609
 9882.344   0.957100
 9882.361   0.957032
 9882.379   0.959118
 9882.397   0.962588
 9882.415   0.966720
 9882.433   0.970976
 9882.451   0.975036
 9882.469   0.978530
 9882.487   0.981012
 9882.505   0.982083
 9882.523   0.981619
 9882.541   0.979947
 9882.558   0.977727
 9882.576   0.975750
 9882.594   0.974616
 9882.612   0.974555
 9882.630   0.975456
 9882.648   0.976963
 9882.666   0.978731
 9882.684   0.980513
 9882.702   0.982244
 9882.720   0.983933
 9882.738   0.985598
 9882.755   0.987214
 9882.773   0.988714
 9882.791   0.990032
 9882.809   0.991098
 9882.827   0.991901
 9882.845   0.992414
 9882.863   0.992705
 9882.881   0.992810
 9882.899   0.992854
 9882.917   0.992981
 9882.935   0.993327
 9882.952   0.994023
 9882.970   0.994991
 9882.988   0.996049
 9883.006   0.996899
 9883.024   0.997317
 9883.042   0.997300
 9883.060   0.996971
 9883.078   0.996552
 9883.096   0.996161
 9883.114   0.995768
 9883.132   0.995319
 9883.149   0.994775
 9883.167   0.994234
 9883.185   0.993790
 9883.203   0.993448
 9883.221   0.993080
 9883.239   0.992554
 9883.257   0.991841
 9883.275   0.991126
 9883.293   0.990652
 9883.311   0.990595
 9883.329   0.990937
 9883.346   0.991521
 9883.364   0.992209
 9883.382   0.992958
 9883.400   0.993758
 9883.418   0.994565
 9883.436   0.995189
 9883.454   0.995423
 9883.472   0.995152
 9883.490   0.994435
 9883.508   0.993519
 9883.526   0.992629
 9883.543   0.991944
 9883.561   0.991506
 9883.579   0.991287
 9883.597   0.991280
 9883.615   0.991505
 9883.633   0.991985
 9883.651   0.992744
 9883.669   0.993662
 9883.687   0.994539
 9883.705   0.995090
 9883.723   0.995070
 9883.740   0.994452
 9883.758   0.993355
 9883.776   0.992087
 9883.794   0.990882
 9883.812   0.989810
 9883.830   0.988781
 9883.848   0.987570
 9883.866   0.986110
 9883.884   0.984475
 9883.902   0.982983
 9883.920   0.981959
 9883.937   0.981590
 9883.955   0.981768
 9883.973   0.982162
 9883.991   0.982451
 9884.009   0.982521
 9884.027   0.982602
 9884.045   0.983024
 9884.063   0.984032
 9884.081   0.985508
 9884.099   0.987086
 9884.117   0.988344
 9884.134   0.989072
 9884.152   0.989389
 9884.170   0.989563
 9884.188   0.989899
 9884.206   0.990437
 9884.224   0.991068
 9884.242   0.991572
 9884.260   0.991803
 9884.278   0.991790
 9884.296   0.991687
 9884.314   0.991760
 9884.331   0.992143
 9884.349   0.992843
 9884.367   0.993636
 9884.385   0.994225
 9884.403   0.994402
 9884.421   0.994122
 9884.439   0.993560
 9884.457   0.992883
 9884.475   0.992230
 9884.493   0.991624
 9884.511   0.991093
 9884.528   0.990675
 9884.546   0.990488
 9884.564   0.990611
 9884.582   0.991054
 9884.600   0.991743
 9884.618   0.992492
 9884.636   0.993151
 9884.654   0.993554
 9884.672   0.993659
 9884.690   0.993475
 9884.708   0.993084
 9884.725   0.992583
 9884.743   0.992066
 9884.761   0.991675
 9884.779   0.991556
 9884.797   0.991853
 9884.815   0.992519
 9884.833   0.993370
 9884.851   0.994113
 9884.869   0.994540
 9884.887   0.994584
 9884.905   0.994323
 9884.923   0.993882
 9884.940   0.993324
 9884.958   0.992717
 9884.976   0.992077
 9884.994   0.991495
 9885.012   0.991025
 9885.030   0.990750
 9885.048   0.990727
 9885.066   0.990866
 9885.084   0.991136
 9885.102   0.991321
 9885.120   0.991394
 9885.137   0.991359
 9885.155   0.991326
 9885.173   0.991464
 9885.191   0.991717
 9885.209   0.992015
 9885.227   0.992133
 9885.245   0.992110
 9885.263   0.992165
 9885.281   0.992631
 9885.299   0.993705
 9885.317   0.995151
 9885.334   0.996495
 9885.352   0.997157
 9885.370   0.996992
 9885.388   0.996250
 9885.406   0.995470
 9885.424   0.995166
 9885.442   0.995470
 9885.460   0.996275
 9885.478   0.997217
 9885.496   0.997993
 9885.514   0.998397
 9885.531   0.998348
 9885.549   0.998020
 9885.567   0.997570
 9885.585   0.997315
 9885.603   0.997385
 9885.621   0.997788
 9885.639   0.998366
 9885.657   0.998828
 9885.675   0.999089
 9885.693   0.999086
 9885.711   0.999001
 9885.728   0.998950
 9885.746   0.998979
 9885.764   0.999045
 9885.782   0.999004
 9885.800   0.998713
 9885.818   0.998024
 9885.836   0.996906
 9885.854   0.995526
 9885.872   0.994218
 9885.890   0.993325
 9885.908   0.992998
 9885.925   0.993089
 9885.943   0.993285
 9885.961   0.993288
 9885.979   0.993002
 9885.997   0.992523
 9886.015   0.992011
 9886.033   0.991588
 9886.051   0.991313
 9886.069   0.991225
 9886.087   0.991354
 9886.105   0.991651
 9886.122   0.991980
 9886.140   0.992051
 9886.158   0.991744
 9886.176   0.991140
 9886.194   0.990573
 9886.212   0.990390
 9886.230   0.990604
 9886.248   0.990970
 9886.266   0.991063
 9886.284   0.990684
 9886.302   0.989965
 9886.319   0.989272
 9886.337   0.988995
 9886.355   0.989304
 9886.373   0.990071
 9886.391   0.990968
 9886.409   0.991618
 9886.427   0.991818
 9886.445   0.991668
 9886.463   0.991451
 9886.481   0.991542
 9886.499   0.992085
 9886.516   0.992935
 9886.534   0.993727
 9886.552   0.994097
 9886.570   0.993891
 9886.588   0.993265
 9886.606   0.992561
 9886.624   0.992121
 9886.642   0.992119
 9886.660   0.992463
 9886.678   0.992941
 9886.696   0.993240
 9886.713   0.993229
 9886.731   0.992929
 9886.749   0.992540
 9886.767   0.992328
 9886.785   0.992439
 9886.803   0.992879
 9886.821   0.993454
 9886.839   0.993971
 9886.857   0.994309
 9886.875   0.994505
 9886.893   0.994687
 9886.910   0.994915
 9886.928   0.995149
 9886.946   0.995236
 9886.964   0.995065
 9886.982   0.994649
 9887.000   0.994132
