10659.080   0.993315
10659.101   0.993272
10659.122   0.993371
10659.143   0.993676
10659.164   0.994143
10659.185   0.994663
10659.207   0.995109
10659.228   0.995400
10659.249   0.995550
10659.270   0.995627
10659.291   0.995698
10659.312   0.995751
10659.334   0.995736
10659.355   0.995585
10659.376   0.995291
10659.397   0.994860
10659.418   0.994343
10659.439   0.993758
10659.460   0.993132
10659.482   0.992467
10659.503   0.991829
10659.524   0.991292
10659.545   0.990984
10659.566   0.990997
10659.587   0.991388
10659.609   0.992087
10659.630   0.992942
10659.651   0.993730
10659.672   0.994266
10659.693   0.994467
10659.714   0.994448
10659.736   0.994432
10659.757   0.994647
10659.778   0.995171
10659.799   0.995914
10659.820   0.996631
10659.841   0.997071
10659.863   0.997052
10659.884   0.996586
10659.905   0.995826
10659.926   0.995049
10659.947   0.994490
10659.968   0.994296
10659.989   0.994437
10660.011   0.994756
10660.032   0.995012
10660.053   0.995019
10660.074   0.994725
10660.095   0.994253
10660.116   0.993799
10660.138   0.993534
10660.159   0.993492
10660.180   0.993545
10660.201   0.993463
10660.222   0.993039
10660.243   0.992200
10660.265   0.991074
10660.286   0.989960
10660.307   0.989230
10660.328   0.989178
10660.349   0.989891
10660.370   0.991222
10660.392   0.992819
10660.413   0.994232
10660.434   0.995078
10660.455   0.995154
10660.476   0.994519
10660.497   0.993454
10660.518   0.992370
10660.540   0.991666
10660.561   0.991606
10660.582   0.992243
10660.603   0.993418
10660.624   0.994805
10660.645   0.996032
10660.667   0.996814
10660.688   0.997017
10660.709   0.996708
10660.730   0.996077
10660.751   0.995366
10660.772   0.994768
10660.794   0.994420
10660.815   0.994356
10660.836   0.994556
10660.857   0.994941
10660.878   0.995433
10660.899   0.995929
10660.921   0.996379
10660.942   0.996755
10660.963   0.997104
10660.984   0.997451
10661.005   0.997780
10661.026   0.997991
10661.047   0.997967
10661.069   0.997579
10661.090   0.996819
10661.111   0.995792
10661.132   0.994740
10661.153   0.993919
10661.174   0.993537
10661.196   0.993649
10661.217   0.994166
10661.238   0.994850
10661.259   0.995423
10661.280   0.995637
10661.301   0.995370
10661.323   0.994635
10661.344   0.993584
10661.365   0.992436
10661.386   0.991416
10661.407   0.990682
10661.428   0.990284
10661.450   0.990163
10661.471   0.990222
10661.492   0.990368
10661.513   0.990554
10661.534   0.990733
10661.555   0.990855
10661.576   0.990821
10661.598   0.990545
10661.619   0.989995
10661.640   0.989270
10661.661   0.988548
10661.682   0.988017
10661.703   0.987718
10661.725   0.987506
10661.746   0.987068
10661.767   0.986078
10661.788   0.984360
10661.809   0.982010
10661.830   0.979364
10661.852   0.976871
10661.873   0.974918
10661.894   0.973716
10661.915   0.973310
10661.936   0.973614
10661.957   0.974509
10661.979   0.975852
10662.000   0.977488
10662.021   0.979206
10662.042   0.980793
10662.063   0.982043
10662.084   0.982882
10662.105   0.983345
10662.127   0.983583
10662.148   0.983783
10662.169   0.984152
10662.190   0.984848
10662.211   0.985926
10662.232   0.987329
10662.254   0.988888
10662.275   0.990397
10662.296   0.991653
10662.317   0.992549
10662.338   0.993052
10662.359   0.993210
10662.381   0.993079
10662.402   0.992736
10662.423   0.992232
10662.444   0.991634
10662.465   0.991017
10662.486   0.990494
10662.508   0.990167
10662.529   0.990086
10662.550   0.990204
10662.571   0.990405
10662.592   0.990550
10662.613   0.990529
10662.634   0.990320
10662.656   0.989985
10662.677   0.989652
10662.698   0.989457
10662.719   0.989523
10662.740   0.989900
10662.761   0.990555
10662.783   0.991340
10662.804   0.992060
10662.825   0.992529
10662.846   0.992663
10662.867   0.992506
10662.888   0.992226
10662.910   0.992000
10662.931   0.991932
10662.952   0.991982
10662.973   0.992007
10662.994   0.991823
10663.015   0.991317
10663.037   0.990547
10663.058   0.989754
10663.079   0.989315
10663.100   0.989558
10663.121   0.990619
10663.142   0.992303
10663.163   0.994201
10663.185   0.995809
10663.206   0.996783
10663.227   0.997037
10663.248   0.996775
10663.269   0.996276
10663.290   0.995784
10663.312   0.995399
10663.333   0.995148
10663.354   0.995007
10663.375   0.994964
10663.396   0.994988
10663.417   0.995052
10663.439   0.995124
10663.460   0.995218
10663.481   0.995414
10663.502   0.995813
10663.523   0.996477
10663.544   0.997331
10663.566   0.998194
10663.587   0.998832
10663.608   0.999094
10663.629   0.998956
10663.650   0.998531
10663.671   0.997973
10663.692   0.997436
10663.714   0.997033
10663.735   0.996831
10663.756   0.996872
10663.777   0.997146
10663.798   0.997603
10663.819   0.998120
10663.841   0.998539
10663.862   0.998674
10663.883   0.998392
10663.904   0.997642
10663.925   0.996540
10663.946   0.995302
10663.968   0.994222
10663.989   0.993527
10664.010   0.993333
10664.031   0.993571
10664.052   0.994078
10664.073   0.994633
10664.095   0.995066
10664.116   0.995249
10664.137   0.995146
10664.158   0.994781
10664.179   0.994265
10664.200   0.993785
10664.221   0.993553
10664.243   0.993714
10664.264   0.994239
10664.285   0.994925
10664.306   0.995436
10664.327   0.995504
10664.348   0.995019
10664.370   0.994129
10664.391   0.993113
10664.412   0.992305
10664.433   0.991896
10664.454   0.991922
10664.475   0.992218
10664.497   0.992523
10664.518   0.992593
10664.539   0.992320
10664.560   0.991756
10664.581   0.991081
10664.602   0.990533
10664.624   0.990295
10664.645   0.990450
10664.666   0.990931
10664.687   0.991623
10664.708   0.992368
10664.729   0.993067
10664.750   0.993644
10664.772   0.994131
10664.793   0.994606
10664.814   0.995181
10664.835   0.995880
10664.856   0.996641
10664.877   0.997270
10664.899   0.997556
10664.920   0.997366
10664.941   0.996758
10664.962   0.995930
10664.983   0.995176
10665.004   0.994746
10665.026   0.994777
10665.047   0.995224
10665.068   0.995898
10665.089   0.996527
10665.110   0.996855
10665.131   0.996734
10665.153   0.996207
10665.174   0.995480
10665.195   0.994857
10665.216   0.994593
10665.237   0.994787
10665.258   0.995338
10665.279   0.996009
10665.301   0.996557
10665.322   0.996863
10665.343   0.996939
10665.364   0.996865
10665.385   0.996684
10665.406   0.996351
10665.428   0.995714
10665.449   0.994635
10665.470   0.993065
10665.491   0.991162
10665.512   0.989221
10665.533   0.987605
10665.555   0.986596
10665.576   0.986356
10665.597   0.986871
10665.618   0.987996
10665.639   0.989479
10665.660   0.991050
10665.682   0.992468
10665.703   0.993569
10665.724   0.994323
10665.745   0.994813
10665.766   0.995222
10665.787   0.995708
10665.808   0.996356
10665.830   0.997085
10665.851   0.997717
10665.872   0.998015
10665.893   0.997849
10665.914   0.997215
10665.935   0.996290
10665.957   0.995336
10665.978   0.994621
10665.999   0.994266
10666.020   0.994268
10666.041   0.994514
10666.062   0.994900
10666.084   0.995351
10666.105   0.995844
10666.126   0.996346
10666.147   0.996798
10666.168   0.997094
10666.189   0.997160
10666.211   0.996987
10666.232   0.996665
10666.253   0.996341
10666.274   0.996155
10666.295   0.996176
10666.316   0.996368
10666.337   0.996622
10666.359   0.996808
10666.380   0.996838
10666.401   0.996676
10666.422   0.996360
10666.443   0.995942
10666.464   0.995476
10666.486   0.994977
10666.507   0.994445
10666.528   0.993870
10666.549   0.993287
10666.570   0.992776
10666.591   0.992435
10666.613   0.992347
10666.634   0.992522
10666.655   0.992926
10666.676   0.993506
10666.697   0.994218
10666.718   0.995003
10666.740   0.995803
10666.761   0.996527
10666.782   0.997073
10666.803   0.997331
10666.824   0.997257
10666.845   0.996887
10666.866   0.996338
10666.888   0.995749
10666.909   0.995242
10666.930   0.994874
10666.951   0.994644
10666.972   0.994470
10666.993   0.994243
10667.015   0.993864
10667.036   0.993329
10667.057   0.992734
10667.078   0.992274
10667.099   0.992084
10667.120   0.992179
10667.142   0.992371
10667.163   0.992395
10667.184   0.991980
10667.205   0.991050
10667.226   0.989700
10667.247   0.988194
10667.269   0.986668
10667.290   0.985133
10667.311   0.983405
10667.332   0.981367
10667.353   0.979026
10667.374   0.976648
10667.395   0.974638
10667.417   0.973455
10667.438   0.973360
10667.459   0.974400
10667.480   0.976368
10667.501   0.978936
10667.522   0.981718
10667.544   0.984389
10667.565   0.986688
10667.586   0.988455
10667.607   0.989633
10667.628   0.990289
10667.649   0.990571
10667.671   0.990665
10667.692   0.990738
10667.713   0.990849
10667.734   0.990954
10667.755   0.990942
10667.776   0.990751
10667.798   0.990421
10667.819   0.990106
10667.840   0.990018
10667.861   0.990341
10667.882   0.991122
10667.903   0.992257
10667.924   0.993505
10667.946   0.994590
10667.967   0.995299
10667.988   0.995566
10668.009   0.995494
10668.030   0.995296
10668.051   0.995186
10668.073   0.995287
10668.094   0.995595
10668.115   0.996008
10668.136   0.996391
10668.157   0.996671
10668.178   0.996858
10668.200   0.997011
10668.221   0.997140
10668.242   0.997179
10668.263   0.997030
10668.284   0.996676
10668.305   0.996226
10668.327   0.995903
10668.348   0.995928
10668.369   0.996413
10668.390   0.997267
10668.411   0.998263
10668.432   0.999118
10668.453   0.999607
10668.475   0.999622
10668.496   0.999196
10668.517   0.998454
10668.538   0.997567
10668.559   0.996707
10668.580   0.996021
10668.602   0.995606
10668.623   0.995497
10668.644   0.995670
10668.665   0.996063
10668.686   0.996599
10668.707   0.997188
10668.729   0.997711
10668.750   0.998051
10668.771   0.998103
10668.792   0.997830
10668.813   0.997264
10668.834   0.996520
10668.856   0.995736
10668.877   0.995079
10668.898   0.994691
10668.919   0.994674
10668.940   0.995038
10668.961   0.995700
10668.982   0.996470
10669.004   0.997107
10669.025   0.997396
10669.046   0.997250
10669.067   0.996740
10669.088   0.996047
10669.109   0.995388
10669.131   0.994950
10669.152   0.994855
10669.173   0.995140
10669.194   0.995723
10669.215   0.996436
10669.236   0.997023
10669.258   0.997241
10669.279   0.996938
10669.300   0.996172
10669.321   0.995200
10669.342   0.994403
10669.363   0.994069
10669.385   0.994274
10669.406   0.994843
10669.427   0.995475
10669.448   0.995880
10669.469   0.995930
10669.490   0.995693
10669.511   0.995354
10669.533   0.995069
10669.554   0.994912
10669.575   0.994849
10669.596   0.994838
10669.617   0.994841
10669.638   0.994894
10669.660   0.995037
10669.681   0.995320
10669.702   0.995730
10669.723   0.996224
10669.744   0.996687
10669.765   0.996974
10669.787   0.996941
10669.808   0.996544
10669.829   0.995906
10669.850   0.995329
10669.871   0.995164
10669.892   0.995638
10669.914   0.996699
10669.935   0.997985
10669.956   0.998989
10669.977   0.999329
10669.998   0.998945
10670.019   0.998087
10670.040   0.997137
10670.062   0.996415
10670.083   0.996026
10670.104   0.995882
10670.125   0.995801
10670.146   0.995672
10670.167   0.995480
10670.189   0.995291
10670.210   0.995164
10670.231   0.995151
10670.252   0.995274
10670.273   0.995578
10670.294   0.996069
10670.316   0.996722
10670.337   0.997414
10670.358   0.998003
10670.379   0.998334
10670.400   0.998375
10670.421   0.998186
10670.443   0.997928
10670.464   0.997714
10670.485   0.997595
10670.506   0.997516
10670.527   0.997411
10670.548   0.997251
10670.569   0.997059
10670.591   0.996864
10670.612   0.996666
10670.633   0.996427
10670.654   0.996117
10670.675   0.995763
10670.696   0.995461
10670.718   0.995325
10670.739   0.995427
10670.760   0.995732
10670.781   0.996107
10670.802   0.996352
10670.823   0.996298
10670.845   0.995874
10670.866   0.995143
10670.887   0.994303
10670.908   0.993614
10670.929   0.993315
10670.950   0.993513
10670.972   0.994184
10670.993   0.995170
10671.014   0.996254
10671.035   0.997185
10671.056   0.997770
10671.077   0.997884
10671.098   0.997528
10671.120   0.996827
10671.141   0.996015
10671.162   0.995332
10671.183   0.994930
10671.204   0.994842
10671.225   0.994980
10671.247   0.995209
10671.268   0.995397
10671.289   0.995481
10671.310   0.995448
10671.331   0.995350
10671.352   0.995252
10671.374   0.995232
10671.395   0.995333
10671.416   0.995560
10671.437   0.995848
10671.458   0.996095
10671.479   0.996197
10671.501   0.996128
10671.522   0.995942
10671.543   0.995777
10671.564   0.995768
10671.585   0.996007
10671.606   0.996462
10671.627   0.996994
10671.649   0.997391
10671.670   0.997490
10671.691   0.997256
10671.712   0.996807
10671.733   0.996338
10671.754   0.996018
10671.776   0.995924
10671.797   0.996018
10671.818   0.996207
10671.839   0.996404
10671.860   0.996589
10671.881   0.996792
10671.903   0.997057
10671.924   0.997362
10671.945   0.997622
10671.966   0.997703
10671.987   0.997498
10672.008   0.996950
10672.030   0.996107
10672.051   0.995123
10672.072   0.994247
10672.093   0.993732
10672.114   0.993707
10672.135   0.994120
10672.156   0.994713
10672.178   0.995206
10672.199   0.995409
10672.220   0.995361
10672.241   0.995233
10672.262   0.995240
10672.283   0.995468
10672.305   0.995889
10672.326   0.996362
10672.347   0.996773
10672.368   0.997078
10672.389   0.997324
10672.410   0.997616
10672.432   0.998041
10672.453   0.998624
10672.474   0.999259
10672.495   0.999730
10672.516   0.999773
10672.537   0.999231
10672.559   0.998195
10672.580   0.997031
10672.601   0.996238
10672.622   0.996152
10672.643   0.996771
10672.664   0.997705
10672.685   0.998458
10672.707   0.998673
10672.728   0.998359
10672.749   0.997772
10672.770   0.997262
10672.791   0.997017
10672.812   0.997028
10672.834   0.997100
10672.855   0.997050
10672.876   0.996739
10672.897   0.996136
10672.918   0.995156
10672.939   0.993727
10672.961   0.991771
10672.982   0.989344
10673.003   0.986615
10673.024   0.983919
10673.045   0.981595
10673.066   0.979922
10673.088   0.978971
10673.109   0.978607
10673.130   0.978495
10673.151   0.978227
10673.172   0.977455
10673.193   0.975993
10673.214   0.973891
10673.236   0.971430
10673.257   0.969079
10673.278   0.967370
10673.299   0.966741
10673.320   0.967397
10673.341   0.969241
10673.363   0.971962
10673.384   0.975151
10673.405   0.978511
10673.426   0.981853
10673.447   0.985125
10673.468   0.988226
10673.490   0.991026
10673.511   0.993336
10673.532   0.995069
10673.553   0.996242
10673.574   0.997014
10673.595   0.997537
10673.617   0.997920
10673.638   0.998153
10673.659   0.998195
10673.680   0.998025
10673.701   0.997701
10673.722   0.997346
10673.743   0.997085
10673.765   0.997002
10673.786   0.997116
10673.807   0.997399
10673.828   0.997767
10673.849   0.998120
10673.870   0.998348
10673.892   0.998378
10673.913   0.998168
10673.934   0.997734
10673.955   0.997135
10673.976   0.996496
10673.997   0.995973
10674.019   0.995743
10674.040   0.995904
10674.061   0.996434
10674.082   0.997122
10674.103   0.997655
10674.124   0.997706
10674.146   0.997135
10674.167   0.996042
10674.188   0.994790
10674.209   0.993797
10674.230   0.993388
10674.251   0.993615
10674.272   0.994293
10674.294   0.995056
10674.315   0.995585
10674.336   0.995704
10674.357   0.995509
10674.378   0.995230
10674.399   0.995146
10674.421   0.995377
10674.442   0.995879
10674.463   0.996419
10674.484   0.996742
10674.505   0.996635
10674.526   0.996038
10674.548   0.995016
10674.569   0.993761
10674.590   0.992475
10674.611   0.991377
10674.632   0.990641
10674.653   0.990409
10674.675   0.990738
10674.696   0.991562
10674.717   0.992683
10674.738   0.993819
10674.759   0.994701
10674.780   0.995156
10674.801   0.995153
10674.823   0.994786
10674.844   0.994241
10674.865   0.993734
10674.886   0.993472
10674.907   0.993589
10674.928   0.994095
10674.950   0.994852
10674.971   0.995643
10674.992   0.996268
10675.013   0.996643
10675.034   0.996801
10675.055   0.996848
10675.077   0.996858
10675.098   0.996848
10675.119   0.996778
10675.140   0.996617
10675.161   0.996369
10675.182   0.996062
10675.204   0.995711
10675.225   0.995338
10675.246   0.994945
10675.267   0.994555
10675.288   0.994139
10675.309   0.993645
10675.330   0.992970
10675.352   0.992072
10675.373   0.991015
10675.394   0.990029
10675.415   0.989415
10675.436   0.989423
10675.457   0.990109
10675.479   0.991304
10675.500   0.992674
10675.521   0.993851
10675.542   0.994563
10675.563   0.994715
10675.584   0.994393
10675.606   0.993797
10675.627   0.993161
10675.648   0.992675
10675.669   0.992455
10675.690   0.992545
10675.711   0.992949
10675.733   0.993647
10675.754   0.994601
10675.775   0.995704
10675.796   0.996780
10675.817   0.997620
10675.838   0.998069
10675.859   0.998103
10675.881   0.997846
10675.902   0.997517
10675.923   0.997299
10675.944   0.997235
10675.965   0.997188
10675.986   0.996959
10676.008   0.996408
10676.029   0.995598
10676.050   0.994769
10676.071   0.994237
10676.092   0.994188
10676.113   0.994600
10676.135   0.995235
10676.156   0.995763
10676.177   0.995925
10676.198   0.995657
10676.219   0.995109
10676.240   0.994531
10676.262   0.994144
10676.283   0.993996
10676.304   0.993970
10676.325   0.993849
10676.346   0.993481
10676.367   0.992828
10676.388   0.992014
10676.410   0.991202
10676.431   0.990535
10676.452   0.990043
10676.473   0.989713
10676.494   0.989498
10676.515   0.989427
10676.537   0.989548
10676.558   0.989932
10676.579   0.990555
10676.600   0.991356
10676.621   0.992229
10676.642   0.993118
10676.664   0.993976
10676.685   0.994787
10676.706   0.995531
10676.727   0.996218
10676.748   0.996874
10676.769   0.997513
10676.791   0.998098
10676.812   0.998500
10676.833   0.998531
10676.854   0.998029
10676.875   0.996984
10676.896   0.995570
10676.917   0.994093
10676.939   0.992834
10676.960   0.991938
10676.981   0.991387
10677.002   0.991070
10677.023   0.990886
10677.044   0.990816
10677.066   0.990915
10677.087   0.991216
10677.108   0.991622
10677.129   0.991900
10677.150   0.991761
10677.171   0.991045
10677.193   0.989788
10677.214   0.988270
10677.235   0.986858
10677.256   0.985919
10677.277   0.985628
10677.298   0.985979
10677.320   0.986754
10677.341   0.987689
10677.362   0.988504
10677.383   0.989032
10677.404   0.989193
10677.425   0.989032
10677.446   0.988709
10677.468   0.988460
10677.489   0.988517
10677.510   0.988993
10677.531   0.989839
10677.552   0.990837
10677.573   0.991695
10677.595   0.992140
10677.616   0.992046
10677.637   0.991451
10677.658   0.990546
10677.679   0.989574
10677.700   0.988736
10677.722   0.988122
10677.743   0.987700
10677.764   0.987356
10677.785   0.986967
10677.806   0.986472
10677.827   0.985878
10677.849   0.985255
10677.870   0.984677
10677.891   0.984236
10677.912   0.983987
10677.933   0.983995
10677.954   0.984282
10677.975   0.984843
10677.997   0.985586
10678.018   0.986371
10678.039   0.987053
10678.060   0.987589
10678.081   0.988056
10678.102   0.988598
10678.124   0.989322
10678.145   0.990205
10678.166   0.991109
10678.187   0.991861
10678.208   0.992392
10678.229   0.992739
10678.251   0.993009
10678.272   0.993254
10678.293   0.993482
10678.314   0.993679
10678.335   0.993902
10678.356   0.994228
10678.378   0.994730
10678.399   0.995364
10678.420   0.995981
10678.441   0.996356
10678.462   0.996357
10678.483   0.995993
10678.504   0.995426
10678.526   0.994857
10678.547   0.994457
10678.568   0.994289
10678.589   0.994361
10678.610   0.994643
10678.631   0.995108
10678.653   0.995713
10678.674   0.996400
10678.695   0.997088
10678.716   0.997685
10678.737   0.998099
10678.758   0.998287
10678.780   0.998273
10678.801   0.998151
10678.822   0.998035
10678.843   0.998001
10678.864   0.998043
10678.885   0.998109
10678.907   0.998153
10678.928   0.998196
10678.949   0.998302
10678.970   0.998552
10678.991   0.998957
10679.012   0.999466
10679.033   0.999942
10679.055   1.000252
10679.076   1.000276
10679.097   0.999983
10679.118   0.999421
10679.139   0.998745
10679.160   0.998166
10679.182   0.997882
10679.203   0.997959
10679.224   0.998275
10679.245   0.998601
10679.266   0.998731
10679.287   0.998614
10679.309   0.998339
10679.330   0.998051
10679.351   0.997808
10679.372   0.997516
10679.393   0.996980
10679.414   0.996045
10679.436   0.994714
10679.457   0.993192
10679.478   0.991754
10679.499   0.990630
10679.520   0.989853
10679.541   0.989332
10679.562   0.988879
10679.584   0.988391
10679.605   0.987839
10679.626   0.987310
10679.647   0.986868
10679.668   0.986568
10679.689   0.986392
10679.711   0.986358
10679.732   0.986519
10679.753   0.986980
10679.774   0.987804
10679.795   0.988935
10679.816   0.990184
10679.838   0.991292
10679.859   0.992049
10679.880   0.992394
10679.901   0.992442
10679.922   0.992415
10679.943   0.992515
10679.965   0.992817
10679.986   0.993211
10680.007   0.993480
10680.028   0.993395
10680.049   0.992866
10680.070   0.991937
10680.091   0.990801
10680.113   0.989670
10680.134   0.988766
10680.155   0.988223
10680.176   0.988125
10680.197   0.988428
10680.218   0.989018
10680.240   0.989701
10680.261   0.990318
10680.282   0.990789
10680.303   0.991169
10680.324   0.991578
10680.345   0.992131
10680.367   0.992848
10680.388   0.993620
10680.409   0.994239
10680.430   0.994475
10680.451   0.994206
10680.472   0.993475
10680.494   0.992509
10680.515   0.991621
10680.536   0.991083
10680.557   0.990988
10680.578   0.991213
10680.599   0.991479
10680.620   0.991489
10680.642   0.991055
10680.663   0.990165
10680.684   0.988955
10680.705   0.987625
10680.726   0.986389
10680.747   0.985404
10680.769   0.984782
10680.790   0.984557
10680.811   0.984704
10680.832   0.985118
10680.853   0.985662
10680.874   0.986183
10680.896   0.986580
10680.917   0.986822
10680.938   0.986973
10680.959   0.987142
10680.980   0.987427
10681.001   0.987846
10681.023   0.988309
10681.044   0.988657
10681.065   0.988734
10681.086   0.988511
10681.107   0.988106
10681.128   0.987772
10681.149   0.987741
10681.171   0.988114
10681.192   0.988731
10681.213   0.989256
10681.234   0.989312
10681.255   0.988713
10681.276   0.987550
10681.298   0.986189
10681.319   0.985043
10681.340   0.984376
10681.361   0.984132
10681.382   0.984046
10681.403   0.983781
10681.425   0.983184
10681.446   0.982326
10681.467   0.981498
10681.488   0.980998
10681.509   0.980999
10681.530   0.981445
10681.552   0.982135
10681.573   0.982804
10681.594   0.983262
10681.615   0.983394
10681.636   0.983142
10681.657   0.982473
10681.678   0.981377
10681.700   0.979905
10681.721   0.978191
10681.742   0.976445
10681.763   0.974915
10681.784   0.973853
10681.805   0.973482
10681.827   0.973929
10681.848   0.975160
10681.869   0.976927
10681.890   0.978827
10681.911   0.980426
10681.932   0.981468
10681.954   0.981954
10681.975   0.982097
10681.996   0.982122
10682.017   0.982137
10682.038   0.982077
10682.059   0.981829
10682.081   0.981361
10682.102   0.980815
10682.123   0.980423
10682.144   0.980400
10682.165   0.980787
10682.186   0.981474
10682.207   0.982273
10682.229   0.983111
10682.250   0.984035
10682.271   0.985134
10682.292   0.986344
10682.313   0.987417
10682.334   0.988036
10682.356   0.988030
10682.377   0.987502
10682.398   0.986795
10682.419   0.986311
10682.440   0.986321
10682.461   0.986879
10682.483   0.987857
10682.504   0.989053
10682.525   0.990268
10682.546   0.991344
10682.567   0.992163
10682.588   0.992676
10682.610   0.992928
10682.631   0.993085
10682.652   0.993346
10682.673   0.993868
10682.694   0.994618
10682.715   0.995428
10682.736   0.996045
10682.758   0.996343
10682.779   0.996294
10682.800   0.996032
10682.821   0.995662
10682.842   0.995311
10682.863   0.995028
10682.885   0.994938
10682.906   0.995110
10682.927   0.995576
10682.948   0.996137
10682.969   0.996538
10682.990   0.996530
10683.012   0.996112
10683.033   0.995428
10683.054   0.994717
10683.075   0.994088
10683.096   0.993551
10683.117   0.993017
10683.139   0.992460
10683.160   0.991921
10683.181   0.991509
10683.202   0.991273
10683.223   0.991159
10683.244   0.991019
10683.265   0.990696
10683.287   0.990106
10683.308   0.989280
10683.329   0.988345
10683.350   0.987496
10683.371   0.986918
10683.392   0.986745
10683.414   0.986962
10683.435   0.987397
10683.456   0.987717
10683.477   0.987584
10683.498   0.986784
10683.519   0.985407
10683.541   0.983775
10683.562   0.982315
10683.583   0.981292
10683.604   0.980729
10683.625   0.980380
10683.646   0.979916
10683.668   0.979021
10683.689   0.977540
10683.710   0.975461
10683.731   0.972945
10683.752   0.970215
10683.773   0.967532
10683.794   0.965102
10683.816   0.963031
10683.837   0.961282
10683.858   0.959712
10683.879   0.958145
10683.900   0.956474
10683.921   0.954740
10683.943   0.953106
10683.964   0.951751
10683.985   0.950736
10684.006   0.949945
10684.027   0.949148
10684.048   0.948135
10684.070   0.946883
10684.091   0.945559
10684.112   0.944438
10684.133   0.943725
10684.154   0.943504
10684.175   0.943706
10684.197   0.944228
10684.218   0.944977
10684.239   0.945901
10684.260   0.946917
10684.281   0.947900
10684.302   0.948723
10684.323   0.949337
10684.345   0.949854
10684.366   0.950487
10684.387   0.951435
10684.408   0.952772
10684.429   0.954474
10684.450   0.956516
10684.472   0.958958
10684.493   0.961931
10684.514   0.965475
10684.535   0.969451
10684.556   0.973499
10684.577   0.977202
10684.599   0.980234
10684.620   0.982522
10684.641   0.984168
10684.662   0.985387
10684.683   0.986353
10684.704   0.987187
10684.726   0.987923
10684.747   0.988576
10684.768   0.989167
10684.789   0.989752
10684.810   0.990398
10684.831   0.991157
10684.852   0.992047
10684.874   0.993020
10684.895   0.993976
10684.916   0.994775
10684.937   0.995313
10684.958   0.995541
10684.979   0.995524
10685.001   0.995395
10685.022   0.995331
10685.043   0.995426
10685.064   0.995666
10685.085   0.995918
10685.106   0.996046
10685.128   0.995983
10685.149   0.995809
10685.170   0.995704
10685.191   0.995811
10685.212   0.996131
10685.233   0.996479
10685.255   0.996588
10685.276   0.996236
10685.297   0.995371
10685.318   0.994112
10685.339   0.992706
10685.360   0.991432
10685.381   0.990500
10685.403   0.989982
10685.424   0.989809
10685.445   0.989827
10685.466   0.989862
10685.487   0.989834
10685.508   0.989778
10685.530   0.989811
10685.551   0.990011
10685.572   0.990388
10685.593   0.990833
10685.614   0.991201
10685.635   0.991353
10685.657   0.991250
10685.678   0.990946
10685.699   0.990591
10685.720   0.990337
10685.741   0.990251
10685.762   0.990251
10685.784   0.990136
10685.805   0.989738
10685.826   0.989029
10685.847   0.988164
10685.868   0.987355
10685.889   0.986760
10685.910   0.986363
10685.932   0.986032
10685.953   0.985609
10685.974   0.984997
10685.995   0.984165
10686.016   0.983108
10686.037   0.981838
10686.059   0.980396
10686.080   0.978921
10686.101   0.977576
10686.122   0.976490
10686.143   0.975621
10686.164   0.974794
10686.186   0.973758
10686.207   0.972366
10686.228   0.970634
10686.249   0.968742
10686.270   0.966913
10686.291   0.965372
10686.313   0.964265
10686.334   0.963697
10686.355   0.963707
10686.376   0.964307
10686.397   0.965402
10686.418   0.966830
10686.439   0.968349
10686.461   0.969771
10686.482   0.971004
10686.503   0.972116
10686.524   0.973241
10686.545   0.974530
10686.566   0.976065
10686.588   0.977854
10686.609   0.979858
10686.630   0.982031
10686.651   0.984299
10686.672   0.986544
10686.693   0.988614
10686.715   0.990373
10686.736   0.991752
10686.757   0.992757
10686.778   0.993431
10686.799   0.993804
10686.820   0.993882
10686.842   0.993678
10686.863   0.993256
10686.884   0.992725
10686.905   0.992192
10686.926   0.991721
10686.947   0.991305
10686.968   0.990945
10686.990   0.990653
10687.011   0.990523
10687.032   0.990625
10687.053   0.991007
10687.074   0.991613
10687.095   0.992370
10687.117   0.993165
10687.138   0.993906
10687.159   0.994485
10687.180   0.994854
10687.201   0.995026
10687.222   0.995112
10687.244   0.995253
10687.265   0.995584
10687.286   0.996138
10687.307   0.996850
10687.328   0.997567
10687.349   0.998136
10687.371   0.998468
10687.392   0.998603
10687.413   0.998673
10687.434   0.998856
10687.455   0.999265
10687.476   0.999890
10687.497   1.000545
10687.519   1.000970
10687.540   1.000944
10687.561   1.000418
10687.582   0.999512
10687.603   0.998453
10687.624   0.997442
10687.646   0.996567
10687.667   0.995823
10687.688   0.995199
10687.709   0.994750
10687.730   0.994566
10687.751   0.994695
10687.773   0.995048
10687.794   0.995425
10687.815   0.995610
10687.836   0.995523
10687.857   0.995252
10687.878   0.994973
10687.900   0.994808
10687.921   0.994734
10687.942   0.994625
10687.963   0.994356
10687.984   0.993939
10688.005   0.993502
10688.026   0.993216
10688.048   0.993162
10688.069   0.993320
10688.090   0.993590
10688.111   0.993894
10688.132   0.994194
10688.153   0.994480
10688.175   0.994694
10688.196   0.994704
10688.217   0.994377
10688.238   0.993666
10688.259   0.992705
10688.280   0.991742
10688.302   0.991028
10688.323   0.990640
10688.344   0.990468
10688.365   0.990277
10688.386   0.989892
10688.407   0.989317
10688.429   0.988704
10688.450   0.988253
10688.471   0.988065
10688.492   0.988132
10688.513   0.988325
10688.534   0.988522
10688.555   0.988609
10688.577   0.988560
10688.598   0.988389
10688.619   0.988160
10688.640   0.987904
10688.661   0.987549
10688.682   0.986971
10688.704   0.986046
10688.725   0.984861
10688.746   0.983693
10688.767   0.982960
10688.788   0.982895
10688.809   0.983436
10688.831   0.984186
10688.852   0.984719
10688.873   0.984807
10688.894   0.984555
10688.915   0.984243
10688.936   0.984090
10688.958   0.984088
10688.979   0.984052
10689.000   0.983784
10689.021   0.983254
10689.042   0.982621
10689.063   0.982124
10689.084   0.981888
10689.106   0.981818
10689.127   0.981636
10689.148   0.981082
10689.169   0.980114
10689.190   0.979012
10689.211   0.978217
10689.233   0.978115
10689.254   0.978772
10689.275   0.979980
10689.296   0.981318
10689.317   0.982438
10689.338   0.983164
10689.360   0.983561
10689.381   0.983778
10689.402   0.983947
10689.423   0.984106
10689.444   0.984243
10689.465   0.984312
10689.487   0.984284
10689.508   0.984117
10689.529   0.983745
10689.550   0.983123
10689.571   0.982293
10689.592   0.981435
10689.613   0.980768
10689.635   0.980477
10689.656   0.980532
10689.677   0.980780
10689.698   0.980955
10689.719   0.980940
10689.740   0.980697
10689.762   0.980361
10689.783   0.980008
10689.804   0.979726
10689.825   0.979501
10689.846   0.979374
10689.867   0.979351
10689.889   0.979495
10689.910   0.979801
10689.931   0.980276
10689.952   0.980853
10689.973   0.981470
10689.994   0.981992
10690.016   0.982307
10690.037   0.982347
10690.058   0.982164
10690.079   0.981875
10690.100   0.981591
10690.121   0.981355
10690.142   0.981109
10690.164   0.980778
10690.185   0.980335
10690.206   0.979914
10690.227   0.979737
10690.248   0.980045
10690.269   0.980926
10690.291   0.982234
10690.312   0.983580
10690.333   0.984510
10690.354   0.984688
10690.375   0.984066
10690.396   0.982856
10690.418   0.981436
10690.439   0.980146
10690.460   0.979191
10690.481   0.978592
10690.502   0.978303
10690.523   0.978212
10690.545   0.978232
10690.566   0.978258
10690.587   0.978264
10690.608   0.978286
10690.629   0.978491
10690.650   0.979052
10690.671   0.980035
10690.693   0.981234
10690.714   0.982223
10690.735   0.982505
10690.756   0.981752
10690.777   0.979930
10690.798   0.977300
10690.820   0.974259
10690.841   0.971170
10690.862   0.968288
10690.883   0.965837
10690.904   0.964080
10690.925   0.963345
10690.947   0.963898
10690.968   0.965832
10690.989   0.968938
10691.010   0.972783
10691.031   0.976787
10691.052   0.980420
10691.074   0.983337
10691.095   0.985472
10691.116   0.986977
10691.137   0.988098
10691.158   0.989035
10691.179   0.989895
10691.200   0.990702
10691.222   0.991465
10691.243   0.992153
10691.264   0.992684
10691.285   0.992893
10691.306   0.992648
10691.327   0.991955
10691.349   0.991069
10691.370   0.990371
10691.391   0.990171
10691.412   0.990490
10691.433   0.991045
10691.454   0.991450
10691.476   0.991460
10691.497   0.991138
10691.518   0.990719
10691.539   0.990402
10691.560   0.990086
10691.581   0.989387
10691.603   0.987740
10691.624   0.984674
10691.645   0.979894
10691.666   0.973356
10691.687   0.965117
10691.708   0.955464
10691.729   0.944997
10691.751   0.934779
10691.772   0.926136
10691.793   0.920418
10691.814   0.918544
10691.835   0.920721
10691.856   0.926390
10691.878   0.934390
10691.899   0.943250
10691.920   0.951482
10691.941   0.957988
10691.962   0.962228
10691.983   0.964292
10692.005   0.964652
10692.026   0.963926
10692.047   0.962616
10692.068   0.961051
10692.089   0.959377
10692.110   0.957664
10692.132   0.955964
10692.153   0.954353
10692.174   0.952924
10692.195   0.951773
10692.216   0.950976
10692.237   0.950567
10692.258   0.950547
10692.280   0.950897
10692.301   0.951572
10692.322   0.952499
10692.343   0.953582
10692.364   0.954760
10692.385   0.956027
10692.407   0.957459
10692.428   0.959156
10692.449   0.961206
10692.470   0.963597
10692.491   0.966243
10692.512   0.969015
10692.534   0.971829
10692.555   0.974648
10692.576   0.977483
10692.597   0.980347
10692.618   0.983230
10692.639   0.986069
10692.661   0.988703
10692.682   0.990902
10692.703   0.992375
10692.724   0.992893
10692.745   0.992459
10692.766   0.991411
10692.787   0.990349
10692.809   0.989847
10692.830   0.990165
10692.851   0.991060
10692.872   0.992007
10692.893   0.992502
10692.914   0.992421
10692.936   0.991977
10692.957   0.991589
10692.978   0.991523
10692.999   0.991794
10693.020   0.992164
10693.041   0.992381
10693.063   0.992352
10693.084   0.992222
10693.105   0.992265
10693.126   0.992700
10693.147   0.993523
10693.168   0.994482
10693.190   0.995202
10693.211   0.995390
10693.232   0.994995
10693.253   0.994232
10693.274   0.993470
10693.295   0.993051
10693.316   0.993135
10693.338   0.993680
10693.359   0.994483
10693.380   0.995298
10693.401   0.995905
10693.422   0.996166
10693.443   0.996065
10693.465   0.995689
10693.486   0.995235
10693.507   0.994907
10693.528   0.994867
10693.549   0.995086
10693.570   0.995418
10693.592   0.995613
10693.613   0.995519
10693.634   0.995132
10693.655   0.994614
10693.676   0.994134
10693.697   0.993760
10693.719   0.993453
10693.740   0.993167
10693.761   0.992951
10693.782   0.992929
10693.803   0.993212
10693.824   0.993768
10693.845   0.994429
10693.867   0.994973
10693.888   0.995251
10693.909   0.995241
10693.930   0.995037
10693.951   0.994788
10693.972   0.994648
10693.994   0.994705
10694.015   0.994952
10694.036   0.995254
10694.057   0.995406
10694.078   0.995231
10694.099   0.994694
10694.121   0.993922
10694.142   0.993157
10694.163   0.992622
10694.184   0.992434
10694.205   0.992575
10694.226   0.992933
10694.248   0.993321
10694.269   0.993571
10694.290   0.993541
10694.311   0.993245
10694.332   0.992790
10694.353   0.992437
10694.374   0.992372
10694.396   0.992701
10694.417   0.993236
10694.438   0.993746
10694.459   0.993955
10694.480   0.993867
10694.501   0.993602
10694.523   0.993446
10694.544   0.993538
10694.565   0.993915
10694.586   0.994424
10694.607   0.994934
10694.628   0.995361
10694.650   0.995729
10694.671   0.996107
10694.692   0.996564
10694.713   0.997127
10694.734   0.997724
10694.755   0.998215
10694.777   0.998428
10694.798   0.998237
10694.819   0.997613
10694.840   0.996625
10694.861   0.995421
10694.882   0.994127
10694.903   0.992835
10694.925   0.991566
10694.946   0.990328
10694.967   0.989138
10694.988   0.988059
10695.009   0.987179
10695.030   0.986556
10695.052   0.986204
10695.073   0.986072
10695.094   0.986058
10695.115   0.986013
10695.136   0.985795
10695.157   0.985323
10695.179   0.984614
10695.200   0.983793
10695.221   0.983014
10695.242   0.982411
10695.263   0.982002
10695.284   0.981742
10695.306   0.981546
10695.327   0.981398
10695.348   0.981360
10695.369   0.981545
10695.390   0.982051
10695.411   0.982903
10695.432   0.984030
10695.454   0.985281
10695.475   0.986495
10695.496   0.987527
10695.517   0.988251
10695.538   0.988564
10695.559   0.988392
10695.581   0.987728
10695.602   0.986628
10695.623   0.985197
10695.644   0.983540
10695.665   0.981759
10695.686   0.979933
10695.708   0.978165
10695.729   0.976591
10695.750   0.975389
10695.771   0.974749
10695.792   0.974813
10695.813   0.975619
10695.835   0.977040
10695.856   0.978825
10695.877   0.980650
10695.898   0.982278
10695.919   0.983623
10695.940   0.984790
10695.961   0.985903
10695.983   0.987015
10696.004   0.987995
10696.025   0.988661
10696.046   0.988896
10696.067   0.988811
10696.088   0.988647
10696.110   0.988670
10696.131   0.988960
10696.152   0.989441
10696.173   0.989903
10696.194   0.990243
10696.215   0.990454
10696.237   0.990697
10696.258   0.991087
10696.279   0.991699
10696.300   0.992410
10696.321   0.993042
10696.342   0.993377
10696.364   0.993347
10696.385   0.993039
10696.406   0.992700
10696.427   0.992568
10696.448   0.992703
10696.469   0.992934
10696.490   0.992950
10696.512   0.992543
10696.533   0.991735
10696.554   0.990785
10696.575   0.989999
10696.596   0.989564
10696.617   0.989477
10696.639   0.989621
10696.660   0.989934
10696.681   0.990460
10696.702   0.991346
10696.723   0.992601
10696.744   0.994027
10696.766   0.995144
10696.787   0.995506
10696.808   0.994871
10696.829   0.993470
10696.850   0.991802
10696.871   0.990455
10696.893   0.989730
10696.914   0.989648
10696.935   0.989992
10696.956   0.990588
10696.977   0.991339
10696.998   0.992279
10697.019   0.993374
10697.041   0.994535
10697.062   0.995553
10697.083   0.996318
10697.104   0.996752
10697.125   0.996919
10697.146   0.996841
10697.168   0.996589
10697.189   0.996176
10697.210   0.995657
10697.231   0.995061
10697.252   0.994453
10697.273   0.993870
10697.295   0.993377
10697.316   0.993024
10697.337   0.992850
10697.358   0.992851
10697.379   0.992997
10697.400   0.993260
10697.422   0.993624
10697.443   0.994075
10697.464   0.994570
10697.485   0.995030
10697.506   0.995365
10697.527   0.995510
10697.548   0.995505
10697.570   0.995466
10697.591   0.995531
10697.612   0.995726
10697.633   0.995918
10697.654   0.995875
10697.675   0.995503
10697.697   0.994943
10697.718   0.994559
10697.739   0.994647
10697.760   0.995247
10697.781   0.996017
10697.802   0.996562
10697.824   0.996662
10697.845   0.996542
10697.866   0.996618
10697.887   0.997221
10697.908   0.998260
10697.929   0.999264
10697.951   0.999681
10697.972   0.999232
10697.993   0.998115
10698.014   0.996845
10698.035   0.995950
10698.056   0.995643
10698.077   0.995782
10698.099   0.996016
10698.120   0.996069
10698.141   0.995873
10698.162   0.995567
10698.183   0.995309
10698.204   0.995173
10698.226   0.995081
10698.247   0.994950
10698.268   0.994716
10698.289   0.994414
10698.310   0.994084
10698.331   0.993785
10698.353   0.993522
10698.374   0.993311
10698.395   0.993115
10698.416   0.992867
10698.437   0.992410
10698.458   0.991620
10698.480   0.990456
10698.501   0.989104
10698.522   0.987860
10698.543   0.987066
10698.564   0.986843
10698.585   0.987132
10698.606   0.987657
10698.628   0.988117
10698.649   0.988204
10698.670   0.987738
10698.691   0.986674
10698.712   0.985173
10698.733   0.983537
10698.755   0.982070
10698.776   0.980973
10698.797   0.980329
10698.818   0.980151
10698.839   0.980401
10698.860   0.980990
10698.882   0.981772
10698.903   0.982639
10698.924   0.983593
10698.945   0.984779
10698.966   0.986327
10698.987   0.988233
10699.009   0.990253
10699.030   0.992037
10699.051   0.993261
10699.072   0.993792
10699.093   0.993651
10699.114   0.992965
10699.135   0.991873
10699.157   0.990546
10699.178   0.989198
10699.199   0.988066
10699.220   0.987297
10699.241   0.986816
10699.262   0.986294
10699.284   0.985214
10699.305   0.983049
10699.326   0.979425
10699.347   0.974266
10699.368   0.967795
10699.389   0.960512
10699.411   0.953117
10699.432   0.946420
10699.453   0.941225
10699.474   0.938242
10699.495   0.937964
10699.516   0.940528
10699.538   0.945586
10699.559   0.952333
10699.580   0.959719
10699.601   0.966779
10699.622   0.972951
10699.643   0.978095
10699.664   0.982360
10699.686   0.985902
10699.707   0.988771
10699.728   0.990908
10699.749   0.992327
10699.770   0.993167
10699.791   0.993725
10699.813   0.994258
10699.834   0.994913
10699.855   0.995599
10699.876   0.996147
10699.897   0.996396
10699.918   0.996383
10699.940   0.996281
10699.961   0.996320
10699.982   0.996572
10700.003   0.996927
10700.024   0.997163
10700.045   0.997126
10700.067   0.996865
10700.088   0.996579
10700.109   0.996493
10700.130   0.996671
10700.151   0.996979
10700.172   0.997144
10700.193   0.996921
10700.215   0.996269
10700.236   0.995409
10700.257   0.994764
10700.278   0.994717
10700.299   0.995432
10700.320   0.996725
10700.342   0.998199
10700.363   0.999378
10700.384   0.999943
10700.405   0.999759
10700.426   0.998936
10700.447   0.997711
10700.469   0.996439
10700.490   0.995458
10700.511   0.995008
10700.532   0.995091
10700.553   0.995476
10700.574   0.995813
10700.596   0.995877
10700.617   0.995715
10700.638   0.995629
10700.659   0.995909
10700.680   0.996625
10700.701   0.997570
10700.722   0.998450
10700.744   0.999098
10700.765   0.999502
10700.786   0.999714
10700.807   0.999669
10700.828   0.999245
10700.849   0.998350
10700.871   0.997111
10700.892   0.995809
10700.913   0.994790
10700.934   0.994273
10700.955   0.994316
10700.976   0.994803
10700.998   0.995515
10701.019   0.996179
10701.040   0.996572
10701.061   0.996590
10701.082   0.996311
10701.103   0.995927
10701.125   0.995655
10701.146   0.995572
10701.167   0.995637
10701.188   0.995722
10701.209   0.995810
10701.230   0.995959
10701.251   0.996327
10701.273   0.996915
10701.294   0.997579
10701.315   0.997942
10701.336   0.997743
10701.357   0.996949
10701.378   0.995909
10701.400   0.995053
10701.421   0.994688
10701.442   0.994782
10701.463   0.995088
10701.484   0.995352
10701.505   0.995505
10701.527   0.995659
10701.548   0.995933
10701.569   0.996326
10701.590   0.996649
10701.611   0.996682
10701.632   0.996273
10701.654   0.995468
10701.675   0.994446
10701.696   0.993450
10701.717   0.992650
10701.738   0.992099
10701.759   0.991812
10701.780   0.991810
10701.802   0.992190
10701.823   0.992965
10701.844   0.994025
10701.865   0.995043
10701.886   0.995663
10701.907   0.995624
10701.929   0.994996
10701.950   0.994118
10701.971   0.993463
10701.992   0.993345
10702.013   0.993792
10702.034   0.994587
10702.056   0.995407
10702.077   0.996036
10702.098   0.996369
10702.119   0.996477
10702.140   0.996394
10702.161   0.996154
10702.183   0.995680
10702.204   0.995007
10702.225   0.994235
10702.246   0.993648
10702.267   0.993467
10702.288   0.993807
10702.309   0.994511
10702.331   0.995295
10702.352   0.995831
10702.373   0.995942
10702.394   0.995647
10702.415   0.995165
10702.436   0.994791
10702.458   0.994745
10702.479   0.995057
10702.500   0.995544
10702.521   0.995910
10702.542   0.995909
10702.563   0.995464
10702.585   0.994725
10702.606   0.993959
10702.627   0.993449
10702.648   0.993309
10702.669   0.993465
10702.690   0.993681
10702.712   0.993752
10702.733   0.993615
10702.754   0.993403
10702.775   0.993296
10702.796   0.993379
10702.817   0.993558
10702.838   0.993709
10702.860   0.993818
10702.881   0.994040
10702.902   0.994531
10702.923   0.995281
10702.944   0.996063
10702.965   0.996589
10702.987   0.996730
10703.008   0.996552
10703.029   0.996238
10703.050   0.995885
10703.071   0.995483
10703.092   0.994934
10703.114   0.994237
10703.135   0.993502
10703.156   0.992969
10703.177   0.992800
10703.198   0.993002
10703.219   0.993362
10703.241   0.993619
10703.262   0.993622
10703.283   0.993466
10703.304   0.993412
10703.325   0.993698
10703.346   0.994348
10703.367   0.995136
10703.389   0.995773
10703.410   0.996069
10703.431   0.996081
10703.452   0.995987
10703.473   0.995990
10703.494   0.996121
10703.516   0.996287
10703.537   0.996320
10703.558   0.996154
10703.579   0.995834
10703.600   0.995483
10703.621   0.995168
10703.643   0.994874
10703.664   0.994555
10703.685   0.994215
10703.706   0.993929
10703.727   0.993761
10703.748   0.993694
10703.770   0.993590
10703.791   0.993286
10703.812   0.992701
10703.833   0.991925
10703.854   0.991147
10703.875   0.990549
10703.896   0.990185
10703.918   0.989964
10703.939   0.989737
10703.960   0.989448
10703.981   0.989225
10704.002   0.989285
10704.023   0.989762
10704.045   0.990520
10704.066   0.991239
10704.087   0.991591
10704.108   0.991519
10704.129   0.991179
10704.150   0.990858
10704.172   0.990707
10704.193   0.990794
10704.214   0.991062
10704.235   0.991511
10704.256   0.992089
10704.277   0.992723
10704.299   0.993231
10704.320   0.993418
10704.341   0.993137
10704.362   0.992403
10704.383   0.991368
10704.404   0.990238
10704.425   0.989187
10704.447   0.988326
10704.468   0.987714
10704.489   0.987385
10704.510   0.987366
10704.531   0.987649
10704.552   0.988217
10704.574   0.989050
10704.595   0.990134
10704.616   0.991392
10704.637   0.992636
10704.658   0.993585
10704.679   0.993974
10704.701   0.993737
10704.722   0.993060
10704.743   0.992329
10704.764   0.991861
10704.785   0.991805
10704.806   0.992048
10704.828   0.992407
10704.849   0.992674
10704.870   0.992763
10704.891   0.992623
10704.912   0.992262
10704.933   0.991693
10704.954   0.990994
10704.976   0.990292
10704.997   0.989750
10705.018   0.989478
10705.039   0.989473
10705.060   0.989571
10705.081   0.989578
10705.103   0.989365
10705.124   0.988997
10705.145   0.988649
10705.166   0.988499
10705.187   0.988589
10705.208   0.988825
10705.230   0.989027
10705.251   0.989031
10705.272   0.988773
10705.293   0.988362
10705.314   0.988017
10705.335   0.987990
10705.357   0.988373
10705.378   0.989042
10705.399   0.989643
10705.420   0.989827
10705.441   0.989400
10705.462   0.988488
10705.483   0.987387
10705.505   0.986391
10705.526   0.985624
10705.547   0.985084
10705.568   0.984725
10705.589   0.984575
10705.610   0.984695
10705.632   0.985146
10705.653   0.985888
10705.674   0.986767
10705.695   0.987543
10705.716   0.987980
10705.737   0.987943
10705.759   0.987441
10705.780   0.986655
10705.801   0.985880
10705.822   0.985448
10705.843   0.985600
10705.864   0.986366
10705.886   0.987514
10705.907   0.988598
10705.928   0.989193
10705.949   0.989061
10705.970   0.988282
10705.991   0.987121
10706.012   0.985963
10706.034   0.985123
10706.055   0.984880
10706.076   0.985332
10706.097   0.986400
10706.118   0.987694
10706.139   0.988724
10706.161   0.989039
10706.182   0.988628
10706.203   0.987805
10706.224   0.987135
10706.245   0.986890
10706.266   0.987054
10706.288   0.987270
10706.309   0.987338
10706.330   0.987239
10706.351   0.987206
10706.372   0.987412
10706.393   0.987871
10706.415   0.988355
10706.436   0.988562
10706.457   0.988319
10706.478   0.987724
10706.499   0.987071
10706.520   0.986638
10706.541   0.986512
10706.563   0.986548
10706.584   0.986543
10706.605   0.986375
10706.626   0.986073
10706.647   0.985709
10706.668   0.985323
10706.690   0.984934
10706.711   0.984573
10706.732   0.984358
10706.753   0.984363
10706.774   0.984618
10706.795   0.985014
10706.817   0.985462
10706.838   0.985917
10706.859   0.986465
10706.880   0.987223
10706.901   0.988265
10706.922   0.989531
10706.944   0.990842
10706.965   0.992002
10706.986   0.992898
10707.007   0.993539
10707.028   0.993994
10707.049   0.994289
10707.070   0.994332
10707.092   0.993985
10707.113   0.993207
10707.134   0.992145
10707.155   0.991121
10707.176   0.990436
10707.197   0.990172
10707.219   0.990177
10707.240   0.990225
10707.261   0.990262
10707.282   0.990393
10707.303   0.990786
10707.324   0.991375
10707.346   0.991922
10707.367   0.992105
10707.388   0.991870
10707.409   0.991430
10707.430   0.991174
10707.451   0.991320
10707.473   0.991816
10707.494   0.992384
10707.515   0.992822
10707.536   0.993061
10707.557   0.993198
10707.578   0.993227
10707.599   0.993067
10707.621   0.992524
10707.642   0.991600
10707.663   0.990488
10707.684   0.989584
10707.705   0.989163
10707.726   0.989244
10707.748   0.989524
10707.769   0.989653
10707.790   0.989451
10707.811   0.989036
10707.832   0.988645
10707.853   0.988415
10707.875   0.988245
10707.896   0.987906
10707.917   0.987273
10707.938   0.986421
10707.959   0.985562
10707.980   0.984810
10708.002   0.984104
10708.023   0.983226
10708.044   0.982005
10708.065   0.980396
10708.086   0.978533
10708.107   0.976623
10708.128   0.974891
10708.150   0.973482
10708.171   0.972447
10708.192   0.971726
10708.213   0.971195
10708.234   0.970711
10708.255   0.970189
10708.277   0.969592
10708.298   0.968964
10708.319   0.968405
10708.340   0.968053
10708.361   0.968009
10708.382   0.968271
10708.404   0.968765
10708.425   0.969405
10708.446   0.970153
10708.467   0.970995
10708.488   0.971853
10708.509   0.972578
10708.531   0.972995
10708.552   0.973063
10708.573   0.972925
10708.594   0.972894
10708.615   0.973277
10708.636   0.974256
10708.657   0.975757
10708.679   0.977577
10708.700   0.979458
10708.721   0.981308
10708.742   0.983115
10708.763   0.984933
10708.784   0.986687
10708.806   0.988215
10708.827   0.989312
10708.848   0.989918
10708.869   0.990176
10708.890   0.990390
10708.911   0.990880
10708.933   0.991717
10708.954   0.992679
10708.975   0.993278
10708.996   0.993136
10709.017   0.992180
10709.038   0.990859
10709.060   0.989870
10709.081   0.989882
10709.102   0.991056
10709.123   0.993009
10709.144   0.994912
10709.165   0.996041
10709.186   0.996111
10709.208   0.995508
10709.229   0.994900
10709.250   0.994843
10709.271   0.995329
10709.292   0.995969
10709.313   0.996255
10709.335   0.996053
10709.356   0.995545
10709.377   0.995055
10709.398   0.994627
10709.419   0.994089
10709.440   0.993286
10709.462   0.992420
10709.483   0.991985
10709.504   0.992410
10709.525   0.993640
10709.546   0.995117
10709.567   0.996128
10709.589   0.996307
10709.610   0.995757
10709.631   0.994924
10709.652   0.994191
10709.673   0.993770
10709.694   0.993667
10709.715   0.993844
10709.737   0.994206
10709.758   0.994633
10709.779   0.994979
10709.800   0.995109
10709.821   0.994967
10709.842   0.994546
10709.864   0.993947
10709.885   0.993319
10709.906   0.992885
10709.927   0.992815
10709.948   0.993125
10709.969   0.993620
10709.991   0.993915
10710.012   0.993718
10710.033   0.992913
10710.054   0.991793
10710.075   0.990742
10710.096   0.990195
10710.118   0.990237
10710.139   0.990805
10710.160   0.991597
10710.181   0.992405
10710.202   0.993005
10710.223   0.993368
10710.244   0.993497
10710.266   0.993529
10710.287   0.993537
10710.308   0.993577
10710.329   0.993585
10710.350   0.993485
10710.371   0.993244
10710.393   0.992983
10710.414   0.992943
10710.435   0.993318
10710.456   0.994107
10710.477   0.995044
10710.498   0.995796
10710.520   0.996156
10710.541   0.996198
10710.562   0.996144
10710.583   0.996199
10710.604   0.996426
10710.625   0.996747
10710.647   0.997107
10710.668   0.997482
10710.689   0.997922
10710.710   0.998394
10710.731   0.998834
10710.752   0.999098
10710.773   0.999100
10710.795   0.998772
10710.816   0.998147
10710.837   0.997332
10710.858   0.996536
10710.879   0.995998
10710.900   0.995847
10710.922   0.996038
10710.943   0.996320
10710.964   0.996403
10710.985   0.996072
10711.006   0.995341
10711.027   0.994466
10711.049   0.993806
10711.070   0.993672
10711.091   0.994075
10711.112   0.994781
10711.133   0.995434
10711.154   0.995808
10711.176   0.995888
10711.197   0.995798
10711.218   0.995696
10711.239   0.995645
10711.260   0.995699
10711.281   0.995882
10711.302   0.996265
10711.324   0.996841
10711.345   0.997530
10711.366   0.998165
10711.387   0.998583
10711.408   0.998690
10711.429   0.998485
10711.451   0.998037
10711.472   0.997486
10711.493   0.996999
10711.514   0.996772
10711.535   0.996911
10711.556   0.997394
10711.578   0.997995
10711.599   0.998431
10711.620   0.998459
10711.641   0.998042
10711.662   0.997279
10711.683   0.996351
10711.705   0.995390
10711.726   0.994532
10711.747   0.993921
10711.768   0.993693
10711.789   0.993899
10711.810   0.994396
10711.831   0.994907
10711.853   0.995102
10711.874   0.994799
10711.895   0.994013
10711.916   0.992947
10711.937   0.991810
10711.958   0.990755
10711.980   0.989774
10712.001   0.988842
10712.022   0.987936
10712.043   0.987117
10712.064   0.986440
10712.085   0.985942
10712.107   0.985534
10712.128   0.985058
10712.149   0.984330
10712.170   0.983377
10712.191   0.982496
10712.212   0.982221
10712.234   0.982943
10712.255   0.984677
10712.276   0.986931
10712.297   0.989040
10712.318   0.990520
10712.339   0.991336
10712.360   0.991844
10712.382   0.992423
10712.403   0.993243
10712.424   0.994098
10712.445   0.994668
10712.466   0.994712
10712.487   0.994333
10712.509   0.993866
10712.530   0.993625
10712.551   0.993685
10712.572   0.993798
10712.593   0.993705
10712.614   0.993251
10712.636   0.992631
10712.657   0.992112
10712.678   0.991965
10712.699   0.992113
10712.720   0.992339
10712.741   0.992348
10712.763   0.992119
10712.784   0.991866
10712.805   0.991984
10712.826   0.992712
10712.847   0.993953
10712.868   0.995221
10712.889   0.995908
10712.911   0.995588
10712.932   0.994331
10712.953   0.992635
10712.974   0.991193
10712.995   0.990488
10713.016   0.990610
10713.038   0.991317
10713.059   0.992227
10713.080   0.993027
10713.101   0.993491
10713.122   0.993538
10713.143   0.993168
10713.165   0.992527
10713.186   0.991804
10713.207   0.991199
10713.228   0.990802
10713.249   0.990604
10713.270   0.990505
10713.292   0.990389
10713.313   0.990183
10713.334   0.989910
10713.355   0.989720
10713.376   0.989762
10713.397   0.990089
10713.418   0.990506
10713.440   0.990771
10713.461   0.990767
10713.482   0.990742
10713.503   0.991102
10713.524   0.992065
10713.545   0.993358
10713.567   0.994281
10713.588   0.994248
10713.609   0.993187
10713.630   0.991703
10713.651   0.990581
10713.672   0.990342
10713.694   0.990863
10713.715   0.991634
10713.736   0.992093
10713.757   0.992041
10713.778   0.991603
10713.799   0.991141
10713.821   0.990936
10713.842   0.991149
10713.863   0.991735
10713.884   0.992576
10713.905   0.993440
10713.926   0.994078
10713.947   0.994202
10713.969   0.993659
10713.990   0.992507
10714.011   0.991134
10714.032   0.990107
10714.053   0.989863
10714.074   0.990397
10714.096   0.991176
10714.117   0.991569
10714.138   0.991209
10714.159   0.990343
10714.180   0.989526
10714.201   0.989288
10714.223   0.989718
10714.244   0.990512
10714.265   0.991240
10714.286   0.991540
10714.307   0.991322
10714.328   0.990594
10714.350   0.989553
10714.371   0.988323
10714.392   0.987070
10714.413   0.985815
10714.434   0.984709
10714.455   0.983948
10714.476   0.983858
10714.498   0.984587
10714.519   0.986031
10714.540   0.987829
10714.561   0.989566
10714.582   0.990984
10714.603   0.991964
10714.625   0.992551
10714.646   0.992803
10714.667   0.992867
10714.688   0.992824
10714.709   0.992733
10714.730   0.992538
10714.752   0.992219
10714.773   0.991855
10714.794   0.991675
10714.815   0.991905
10714.836   0.992541
10714.857   0.993367
10714.879   0.994133
10714.900   0.994843
10714.921   0.995734
10714.942   0.997023
10714.963   0.998620
10714.984   1.000108
10715.005   1.000998
10715.027   1.001044
10715.048   1.000353
10715.069   0.999192
10715.090   0.997736
10715.111   0.995975
10715.132   0.993989
10715.154   0.992137
10715.175   0.991150
10715.196   0.991587
10715.217   0.993472
10715.238   0.996075
10715.259   0.998397
10715.281   0.999656
10715.302   0.999668
10715.323   0.998736
10715.344   0.997273
10715.365   0.995555
10715.386   0.993672
10715.408   0.991810
10715.429   0.990256
10715.450   0.989433
10715.471   0.989483
10715.492   0.990278
10715.513   0.991354
10715.534   0.992319
10715.556   0.992939
10715.577   0.993266
10715.598   0.993457
10715.619   0.993631
10715.640   0.993815
10715.661   0.993874
10715.683   0.993709
10715.704   0.993201
10715.725   0.992416
10715.746   0.991496
10715.767   0.990718
10715.788   0.990287
10715.810   0.990267
10715.831   0.990461
10715.852   0.990540
10715.873   0.990262
10715.894   0.989657
10715.915   0.989018
10715.937   0.988670
10715.958   0.988746
10715.979   0.989069
10716.000   0.989362
10716.021   0.989364
10716.042   0.989066
10716.063   0.988570
10716.085   0.988086
10716.106   0.987671
10716.127   0.987246
10716.148   0.986469
10716.169   0.984950
10716.190   0.982405
10716.212   0.978890
10716.233   0.974803
10716.254   0.970689
10716.275   0.967070
10716.296   0.964235
10716.317   0.962343
10716.339   0.961464
10716.360   0.961787
10716.381   0.963561
10716.402   0.966853
10716.423   0.971318
10716.444   0.976113
10716.466   0.980298
10716.487   0.983187
10716.508   0.984715
10716.529   0.985273
10716.550   0.985463
10716.571   0.985739
10716.592   0.986252
10716.614   0.986968
10716.635   0.987774
10716.656   0.988650
10716.677   0.989522
10716.698   0.990366
10716.719   0.991135
10716.741   0.991917
10716.762   0.992770
10716.783   0.993681
10716.804   0.994445
10716.825   0.994776
10716.846   0.994474
10716.868   0.993578
10716.889   0.992459
10716.910   0.991580
10716.931   0.991321
10716.952   0.991647
10716.973   0.992305
10716.995   0.992896
10717.016   0.993304
10717.037   0.993554
10717.058   0.993880
10717.079   0.994334
10717.100   0.994892
10717.121   0.995388
10717.143   0.995798
10717.164   0.996115
10717.185   0.996320
10717.206   0.996199
10717.227   0.995470
10717.248   0.994055
10717.270   0.992275
10717.291   0.990827
10717.312   0.990315
10717.333   0.990898
10717.354   0.992137
10717.375   0.993386
10717.397   0.994223
10717.418   0.994667
10717.439   0.994978
10717.460   0.995229
10717.481   0.995234
10717.502   0.994703
10717.524   0.993724
10717.545   0.992772
10717.566   0.992539
10717.587   0.993384
10717.608   0.995051
10717.629   0.996764
10717.650   0.997704
10717.672   0.997540
10717.693   0.996595
10717.714   0.995557
10717.735   0.995037
10717.756   0.995142
10717.777   0.995609
10717.799   0.995956
10717.820   0.995891
10717.841   0.995278
10717.862   0.994157
10717.883   0.992527
10717.904   0.990413
10717.926   0.987915
10717.947   0.985350
10717.968   0.983028
10717.989   0.981072
10718.010   0.979136
10718.031   0.976772
10718.053   0.973786
10718.074   0.970803
10718.095   0.968929
10718.116   0.969223
10718.137   0.971846
10718.158   0.975949
10718.179   0.980174
10718.201   0.983473
10718.222   0.985680
10718.243   0.987308
10718.264   0.989015
10718.285   0.991001
10718.306   0.992987
10718.328   0.994487
10718.349   0.995189
10718.370   0.995101
10718.391   0.994480
10718.412   0.993696
10718.433   0.993097
10718.455   0.992929
10718.476   0.993306
10718.497   0.994100
10718.518   0.995071
10718.539   0.995883
10718.560   0.996392
10718.582   0.996569
10718.603   0.996549
10718.624   0.996367
10718.645   0.995982
10718.666   0.995315
10718.687   0.994492
10718.708   0.993949
10718.730   0.994243
10718.751   0.995679
10718.772   0.997924
10718.793   1.000058
10718.814   1.001029
10718.835   1.000306
10718.857   0.998208
10718.878   0.995684
10718.899   0.993724
10718.920   0.992814
10718.941   0.992798
10718.962   0.993192
10718.984   0.993581
10719.005   0.993932
10719.026   0.994316
10719.047   0.994781
10719.068   0.995143
10719.089   0.995364
10719.111   0.995540
10719.132   0.995904
10719.153   0.996415
10719.174   0.996709
10719.195   0.996332
10719.216   0.995190
10719.237   0.993744
10719.259   0.992657
10719.280   0.992310
10719.301   0.992541
10719.322   0.992929
10719.343   0.993218
10719.364   0.993423
10719.386   0.993653
10719.407   0.993858
10719.428   0.993908
10719.449   0.993846
10719.470   0.993919
10719.491   0.994426
10719.513   0.995240
10719.534   0.995908
10719.555   0.995862
10719.576   0.995121
10719.597   0.994231
10719.618   0.993899
10719.640   0.994283
10719.661   0.994865
10719.682   0.994895
10719.703   0.994023
10719.724   0.992606
10719.745   0.991413
10719.766   0.991037
10719.788   0.991501
10719.809   0.992348
10719.830   0.993065
10719.851   0.993404
10719.872   0.993446
10719.893   0.993425
10719.915   0.993513
10719.936   0.993769
10719.957   0.994042
10719.978   0.994196
10719.999   0.994060
10720.020   0.993749
10720.042   0.993470
10720.063   0.993565
10720.084   0.994039
10720.105   0.994638
10720.126   0.994831
10720.147   0.994359
10720.169   0.993384
10720.190   0.992550
10720.211   0.992452
10720.232   0.993290
10720.253   0.994701
10720.274   0.996091
10720.295   0.996968
10720.317   0.997208
10720.338   0.996976
10720.359   0.996632
10720.380   0.996390
10720.401   0.996262
10720.422   0.995899
10720.444   0.994937
10720.465   0.993178
10720.486   0.991032
10720.507   0.989216
10720.528   0.988385
10720.549   0.988402
10720.571   0.988307
10720.592   0.986746
10720.613   0.982852
10720.634   0.976689
10720.655   0.969165
10720.676   0.961380
10720.698   0.954127
10720.719   0.947685
10720.740   0.942148
10720.761   0.937725
10720.782   0.934945
10720.803   0.934480
10720.824   0.936888
10720.846   0.942254
10720.867   0.950065
10720.888   0.959224
10720.909   0.968338
10720.930   0.976178
10720.951   0.982097
10720.973   0.986169
10720.994   0.988848
10721.015   0.990670
10721.036   0.991919
10721.057   0.992788
10721.078   0.993347
10721.100   0.993770
10721.121   0.994104
10721.142   0.994334
10721.163   0.994279
10721.184   0.993831
10721.205   0.993065
10721.227   0.992259
10721.248   0.991811
10721.269   0.991911
10721.290   0.992549
10721.311   0.993419
10721.332   0.994272
10721.353   0.994904
10721.375   0.995311
10721.396   0.995533
10721.417   0.995686
10721.438   0.995810
10721.459   0.995929
10721.480   0.995991
10721.502   0.995959
10721.523   0.995801
10721.544   0.995522
10721.565   0.995203
10721.586   0.994980
10721.607   0.995033
10721.629   0.995417
10721.650   0.996052
10721.671   0.996722
10721.692   0.997275
10721.713   0.997614
10721.734   0.997786
10721.756   0.997773
10721.777   0.997610
10721.798   0.997216
10721.819   0.996648
10721.840   0.995990
10721.861   0.995549
10721.882   0.995595
10721.904   0.996276
10721.925   0.997317
10721.946   0.998196
10721.967   0.998422
10721.988   0.997947
10722.009   0.997169
10722.031   0.996674
10722.052   0.996764
10722.073   0.997281
10722.094   0.997744
10722.115   0.997753
10722.136   0.997238
10722.158   0.996476
10722.179   0.995829
10722.200   0.995497
10722.221   0.995471
10722.242   0.995607
10722.263   0.995788
10722.285   0.995955
10722.306   0.996122
10722.327   0.996354
10722.348   0.996666
10722.369   0.997015
10722.390   0.997254
10722.411   0.997294
10722.433   0.997198
10722.454   0.997170
10722.475   0.997427
10722.496   0.997944
10722.517   0.998423
10722.538   0.998359
10722.560   0.997384
10722.581   0.995557
10722.602   0.993523
10722.623   0.992137
10722.644   0.991912
10722.665   0.992552
10722.687   0.993183
10722.708   0.992912
10722.729   0.991460
10722.750   0.989136
10722.771   0.986518
10722.792   0.983882
10722.814   0.981092
10722.835   0.977648
10722.856   0.973119
10722.877   0.967254
10722.898   0.960261
10722.919   0.952645
10722.940   0.945295
10722.962   0.939135
10722.983   0.935028
10723.004   0.933566
10723.025   0.934975
10723.046   0.939059
10723.067   0.945075
10723.089   0.951988
10723.110   0.958763
10723.131   0.964926
10723.152   0.970543
10723.173   0.975846
10723.194   0.980769
10723.216   0.984809
10723.237   0.987482
10723.258   0.988703
10723.279   0.988967
10723.300   0.988884
10723.321   0.988832
10723.343   0.988850
10723.364   0.988878
10723.385   0.989055
10723.406   0.989575
10723.427   0.990611
10723.448   0.991952
10723.469   0.993233
10723.491   0.993949
10723.512   0.993982
10723.533   0.993558
10723.554   0.993343
10723.575   0.993759
10723.596   0.994828
10723.618   0.995873
10723.639   0.996278
10723.660   0.995785
10723.681   0.994884
10723.702   0.994268
10723.723   0.994367
10723.745   0.994999
10723.766   0.995531
10723.787   0.995567
10723.808   0.995162
10723.829   0.994938
10723.850   0.995302
10723.872   0.996198
10723.893   0.996916
10723.914   0.996783
10723.935   0.995707
10723.956   0.994361
10723.977   0.993718
10723.998   0.994193
10724.020   0.995310
10724.041   0.995991
10724.062   0.995472
