10053.244   0.950060
10053.263   0.944845
10053.282   0.940452
10053.301   0.937424
10053.319   0.936290
10053.338   0.937394
10053.357   0.940814
10053.376   0.946286
10053.395   0.953225
10053.414   0.960851
10053.433   0.968311
10053.452   0.974901
10053.470   0.980181
10053.489   0.984075
10053.508   0.986783
10053.527   0.988674
10053.546   0.990108
10053.565   0.991378
10053.584   0.992612
10053.603   0.993808
10053.622   0.994870
10053.640   0.995720
10053.659   0.996301
10053.678   0.996629
10053.697   0.996748
10053.716   0.996734
10053.735   0.996661
10053.754   0.996615
10053.773   0.996659
10053.791   0.996829
10053.810   0.997133
10053.829   0.997563
10053.848   0.998111
10053.867   0.998710
10053.886   0.999292
10053.905   0.999727
10053.924   0.999919
10053.942   0.999785
10053.961   0.999326
10053.980   0.998613
10053.999   0.997800
10054.018   0.997053
10054.037   0.996465
10054.056   0.996045
10054.075   0.995713
10054.094   0.995400
10054.112   0.995069
10054.131   0.994777
10054.150   0.994617
10054.169   0.994695
10054.188   0.995052
10054.207   0.995642
10054.226   0.996323
10054.245   0.996921
10054.263   0.997295
10054.282   0.997387
10054.301   0.997247
10054.320   0.996992
10054.339   0.996736
10054.358   0.996554
10054.377   0.996455
10054.396   0.996419
10054.415   0.996439
10054.433   0.996565
10054.452   0.996850
10054.471   0.997349
10054.490   0.998024
10054.509   0.998793
10054.528   0.999509
10054.547   1.000077
10054.566   1.000440
10054.584   1.000642
10054.603   1.000731
10054.622   1.000738
10054.641   1.000605
10054.660   1.000257
10054.679   0.999656
10054.698   0.998851
10054.717   0.998008
10054.735   0.997302
10054.754   0.996899
10054.773   0.996826
10054.792   0.997013
10054.811   0.997243
10054.830   0.997305
10054.849   0.997026
10054.868   0.996367
10054.887   0.995400
10054.905   0.994282
10054.924   0.993211
10054.943   0.992339
10054.962   0.991756
10054.981   0.991447
10055.000   0.991359
10055.019   0.991409
10055.038   0.991549
10055.056   0.991778
10055.075   0.992121
10055.094   0.992601
10055.113   0.993170
10055.132   0.993723
10055.151   0.994101
10055.170   0.994189
10055.189   0.993966
10055.208   0.993518
10055.226   0.993009
10055.245   0.992578
10055.264   0.992325
10055.283   0.992222
10055.302   0.992194
10055.321   0.992109
10055.340   0.991889
10055.359   0.991518
10055.377   0.991052
10055.396   0.990588
10055.415   0.990234
10055.434   0.990109
10055.453   0.990277
10055.472   0.990762
10055.491   0.991517
10055.510   0.992462
10055.529   0.993459
10055.547   0.994334
10055.566   0.994881
10055.585   0.994910
10055.604   0.994339
10055.623   0.993216
10055.642   0.991741
10055.661   0.990190
10055.680   0.988875
10055.698   0.988019
10055.717   0.987759
10055.736   0.988080
10055.755   0.988885
10055.774   0.989977
10055.793   0.991147
10055.812   0.992149
10055.831   0.992770
10055.849   0.992853
10055.868   0.992379
10055.887   0.991472
10055.906   0.990373
10055.925   0.989350
10055.944   0.988621
10055.963   0.988299
10055.982   0.988382
10056.001   0.988771
10056.019   0.989332
10056.038   0.989933
10056.057   0.990470
10056.076   0.990862
10056.095   0.991050
10056.114   0.991015
10056.133   0.990778
10056.152   0.990421
10056.170   0.990039
10056.189   0.989732
10056.208   0.989543
10056.227   0.989486
10056.246   0.989544
10056.265   0.989708
10056.284   0.989983
10056.303   0.990355
10056.322   0.990763
10056.340   0.991110
10056.359   0.991314
10056.378   0.991357
10056.397   0.991311
10056.416   0.991308
10056.435   0.991463
10056.454   0.991787
10056.473   0.992166
10056.491   0.992416
10056.510   0.992387
10056.529   0.992024
10056.548   0.991377
10056.567   0.990563
10056.586   0.989704
10056.605   0.988916
10056.624   0.988282
10056.643   0.987866
10056.661   0.987702
10056.680   0.987797
10056.699   0.988095
10056.718   0.988510
10056.737   0.988946
10056.756   0.989317
10056.775   0.989575
10056.794   0.989681
10056.812   0.989632
10056.831   0.989460
10056.850   0.989271
10056.869   0.989219
10056.888   0.989480
10056.907   0.990174
10056.926   0.991280
10056.945   0.992636
10056.963   0.993971
10056.982   0.994985
10057.001   0.995437
10057.020   0.995245
10057.039   0.994486
10057.058   0.993398
10057.077   0.992255
10057.096   0.991314
10057.115   0.990702
10057.133   0.990448
10057.152   0.990445
10057.171   0.990554
10057.190   0.990598
10057.209   0.990469
10057.228   0.990105
10057.247   0.989541
10057.266   0.988855
10057.284   0.988177
10057.303   0.987625
10057.322   0.987277
10057.341   0.987112
10057.360   0.987028
10057.379   0.986908
10057.398   0.986693
10057.417   0.986482
10057.436   0.986482
10057.454   0.986959
10057.473   0.988015
10057.492   0.989534
10057.511   0.991091
10057.530   0.992146
10057.549   0.992223
10057.568   0.991153
10057.587   0.989182
10057.605   0.986867
10057.624   0.984910
10057.643   0.983800
10057.662   0.983741
10057.681   0.984534
10057.700   0.985801
10057.719   0.987056
10057.738   0.987954
10057.756   0.988329
10057.775   0.988252
10057.794   0.987925
10057.813   0.987545
10057.832   0.987254
10057.851   0.987085
10057.870   0.987075
10057.889   0.987249
10057.908   0.987690
10057.926   0.988418
10057.945   0.989382
10057.964   0.990379
10057.983   0.991164
10058.002   0.991549
10058.021   0.991569
10058.040   0.991467
10058.059   0.991584
10058.077   0.992168
10058.096   0.993232
10058.115   0.994539
10058.134   0.995733
10058.153   0.996517
10058.172   0.996776
10058.191   0.996594
10058.210   0.996165
10058.229   0.995660
10058.247   0.995181
10058.266   0.994740
10058.285   0.994333
10058.304   0.993953
10058.323   0.993640
10058.342   0.993439
10058.361   0.993393
10058.380   0.993533
10058.398   0.993889
10058.417   0.994490
10058.436   0.995328
10058.455   0.996371
10058.474   0.997487
10058.493   0.998532
10058.512   0.999311
10058.531   0.999693
10058.550   0.999585
10058.568   0.999037
10058.587   0.998169
10058.606   0.997185
10058.625   0.996263
10058.644   0.995525
10058.663   0.994973
10058.682   0.994515
10058.701   0.994008
10058.719   0.993351
10058.738   0.992555
10058.757   0.991731
10058.776   0.991024
10058.795   0.990456
10058.814   0.989892
10058.833   0.989010
10058.852   0.987479
10058.870   0.985102
10058.889   0.981999
10058.908   0.978611
10058.927   0.975527
10058.946   0.973271
10058.965   0.972064
10058.984   0.971833
10059.003   0.972293
10059.022   0.973167
10059.040   0.974289
10059.059   0.975651
10059.078   0.977297
10059.097   0.979199
10059.116   0.981219
10059.135   0.983149
10059.154   0.984845
10059.173   0.986278
10059.191   0.987520
10059.210   0.988652
10059.229   0.989670
10059.248   0.990455
10059.267   0.990841
10059.286   0.990712
10059.305   0.990134
10059.324   0.989323
10059.343   0.988578
10059.361   0.988130
10059.380   0.988096
10059.399   0.988457
10059.418   0.989119
10059.437   0.989949
10059.456   0.990808
10059.475   0.991562
10059.494   0.992063
10059.512   0.992199
10059.531   0.991923
10059.550   0.991338
10059.569   0.990659
10059.588   0.990148
10059.607   0.989958
10059.626   0.990070
10059.645   0.990311
10059.664   0.990445
10059.682   0.990319
10059.701   0.989911
10059.720   0.989322
10059.739   0.988667
10059.758   0.988021
10059.777   0.987384
10059.796   0.986751
10059.815   0.986149
10059.833   0.985663
10059.852   0.985416
10059.871   0.985479
10059.890   0.985857
10059.909   0.986430
10059.928   0.987048
10059.947   0.987502
10059.966   0.987672
10059.984   0.987468
10060.003   0.986925
10060.022   0.986141
10060.041   0.985303
10060.060   0.984605
10060.079   0.984214
10060.098   0.984218
10060.117   0.984576
10060.136   0.985169
10060.154   0.985822
10060.173   0.986422
10060.192   0.986924
10060.211   0.987395
10060.230   0.987924
10060.249   0.988554
10060.268   0.989221
10060.287   0.989751
10060.305   0.989945
10060.324   0.989668
10060.343   0.988993
10060.362   0.988182
10060.381   0.987653
10060.400   0.987793
10060.419   0.988823
10060.438   0.990641
10060.457   0.992879
10060.475   0.995020
10060.494   0.996619
10060.513   0.997448
10060.532   0.997572
10060.551   0.997249
10060.570   0.996787
10060.589   0.996412
10060.608   0.996190
10060.626   0.996098
10060.645   0.996085
10060.664   0.996189
10060.683   0.996514
10060.702   0.997200
10060.721   0.998303
10060.740   0.999717
10060.759   1.001139
10060.777   1.002140
10060.796   1.002342
10060.815   1.001622
10060.834   1.000167
10060.853   0.998452
10060.872   0.997010
10060.891   0.996249
10060.910   0.996249
10060.929   0.996781
10060.947   0.997404
10060.966   0.997718
10060.985   0.997526
10061.004   0.996903
10061.023   0.996121
10061.042   0.995479
10061.061   0.995176
10061.080   0.995201
10061.098   0.995405
10061.117   0.995547
10061.136   0.995463
10061.155   0.995086
10061.174   0.994496
10061.193   0.993825
10061.212   0.993222
10061.231   0.992791
10061.250   0.992594
10061.268   0.992663
10061.287   0.992974
10061.306   0.993448
10061.325   0.993901
10061.344   0.994092
10061.363   0.993800
10061.382   0.992948
10061.401   0.991643
10061.419   0.990139
10061.438   0.988727
10061.457   0.987588
10061.476   0.986782
10061.495   0.986261
10061.514   0.986017
10061.533   0.986051
10061.552   0.986431
10061.571   0.987082
10061.589   0.987873
10061.608   0.988527
10061.627   0.988886
10061.646   0.988892
10061.665   0.988693
10061.684   0.988507
10061.703   0.988524
10061.722   0.988835
10061.740   0.989358
10061.759   0.989966
10061.778   0.990472
10061.797   0.990835
10061.816   0.991025
10061.835   0.991126
10061.854   0.991158
10061.873   0.991169
10061.891   0.991127
10061.910   0.990997
10061.929   0.990730
10061.948   0.990328
10061.967   0.989859
10061.986   0.989452
10062.005   0.989238
10062.024   0.989274
10062.043   0.989504
10062.061   0.989799
10062.080   0.990025
10062.099   0.990123
10062.118   0.990131
10062.137   0.990131
10062.156   0.990171
10062.175   0.990214
10062.194   0.990166
10062.212   0.989944
10062.231   0.989563
10062.250   0.989143
10062.269   0.988878
10062.288   0.988935
10062.307   0.989374
10062.326   0.990106
10062.345   0.990920
10062.364   0.991555
10062.382   0.991789
10062.401   0.991507
10062.420   0.990767
10062.439   0.989783
10062.458   0.988868
10062.477   0.988301
10062.496   0.988237
10062.515   0.988628
10062.533   0.989292
10062.552   0.989990
10062.571   0.990549
10062.590   0.990918
10062.609   0.991156
10062.628   0.991362
10062.647   0.991554
10062.666   0.991698
10062.684   0.991708
10062.703   0.991602
10062.722   0.991503
10062.741   0.991659
10062.760   0.992249
10062.779   0.993303
10062.798   0.994602
10062.817   0.995807
10062.836   0.996583
10062.854   0.996761
10062.873   0.996362
10062.892   0.995550
10062.911   0.994534
10062.930   0.993475
10062.949   0.992477
10062.968   0.991584
10062.987   0.990852
10063.005   0.990335
10063.024   0.990094
10063.043   0.990145
10063.062   0.990458
10063.081   0.990944
10063.100   0.991484
10063.119   0.991984
10063.138   0.992397
10063.157   0.992745
10063.175   0.993070
10063.194   0.993397
10063.213   0.993690
10063.232   0.993859
10063.251   0.993804
10063.270   0.993467
10063.289   0.992903
10063.308   0.992244
10063.326   0.991683
10063.345   0.991353
10063.364   0.991289
10063.383   0.991380
10063.402   0.991454
10063.421   0.991352
10063.440   0.991013
10063.459   0.990501
10063.478   0.989981
10063.496   0.989661
10063.515   0.989706
10063.534   0.990162
10063.553   0.990917
10063.572   0.991717
10063.591   0.992250
10063.610   0.992257
10063.629   0.991640
10063.647   0.990516
10063.666   0.989172
10063.685   0.987939
10063.704   0.987047
10063.723   0.986534
10063.742   0.986297
10063.761   0.986157
10063.780   0.986003
10063.798   0.985776
10063.817   0.985502
10063.836   0.985154
10063.855   0.984667
10063.874   0.983874
10063.893   0.982630
10063.912   0.980853
10063.931   0.978636
10063.950   0.976226
10063.968   0.973996
10063.987   0.972311
10064.006   0.971430
10064.025   0.971443
10064.044   0.972257
10064.063   0.973662
10064.082   0.975371
10064.101   0.977166
10064.119   0.978896
10064.138   0.980562
10064.157   0.982216
10064.176   0.983956
10064.195   0.985792
10064.214   0.987672
10064.233   0.989469
10064.252   0.991041
10064.271   0.992261
10064.289   0.993029
10064.308   0.993309
10064.327   0.993133
10064.346   0.992617
10064.365   0.991945
10064.384   0.991330
10064.403   0.990967
10064.422   0.990947
10064.440   0.991272
10064.459   0.991856
10064.478   0.992623
10064.497   0.993516
10064.516   0.994508
10064.535   0.995530
10064.554   0.996443
10064.573   0.997075
10064.592   0.997274
10064.610   0.997016
10064.629   0.996429
10064.648   0.995749
10064.667   0.995223
10064.686   0.994980
10064.705   0.995022
10064.724   0.995214
10064.743   0.995418
10064.761   0.995506
10064.780   0.995447
10064.799   0.995263
10064.818   0.995024
10064.837   0.994796
10064.856   0.994642
10064.875   0.994588
10064.894   0.994639
10064.912   0.994757
10064.931   0.994890
10064.950   0.994977
10064.969   0.994981
10064.988   0.994906
10065.007   0.994819
10065.026   0.994832
10065.045   0.995052
10065.064   0.995517
10065.082   0.996140
10065.101   0.996721
10065.120   0.997016
10065.139   0.996864
10065.158   0.996274
10065.177   0.995455
10065.196   0.994712
10065.215   0.994319
10065.233   0.994396
10065.252   0.994884
10065.271   0.995591
10065.290   0.996300
10065.309   0.996867
10065.328   0.997252
10065.347   0.997507
10065.366   0.997712
10065.385   0.997920
10065.403   0.998149
10065.422   0.998359
10065.441   0.998504
10065.460   0.998502
10065.479   0.998313
10065.498   0.997903
10065.517   0.997326
10065.536   0.996663
10065.554   0.996019
10065.573   0.995457
10065.592   0.994970
10065.611   0.994524
10065.630   0.994079
10065.649   0.993682
10065.668   0.993414
10065.687   0.993366
10065.705   0.993504
10065.724   0.993691
10065.743   0.993672
10065.762   0.993254
10065.781   0.992371
10065.800   0.991194
10065.819   0.990018
10065.838   0.989174
10065.857   0.988826
10065.875   0.988954
10065.894   0.989349
10065.913   0.989746
10065.932   0.989935
10065.951   0.989829
10065.970   0.989488
10065.989   0.989048
10066.008   0.988674
10066.026   0.988453
10066.045   0.988410
10066.064   0.988487
10066.083   0.988608
10066.102   0.988684
10066.121   0.988658
10066.140   0.988510
10066.159   0.988273
10066.178   0.988042
10066.196   0.987932
10066.215   0.988057
10066.234   0.988448
10066.253   0.989062
10066.272   0.989770
10066.291   0.990472
10066.310   0.991093
10066.329   0.991637
10066.347   0.992080
10066.366   0.992366
10066.385   0.992410
10066.404   0.992176
10066.423   0.991765
10066.442   0.991406
10066.461   0.991388
10066.480   0.991886
10066.499   0.992871
10066.517   0.994064
10066.536   0.995063
10066.555   0.995520
10066.574   0.995280
10066.593   0.994461
10066.612   0.993352
10066.631   0.992319
10066.650   0.991608
10066.668   0.991308
10066.687   0.991328
10066.706   0.991480
10066.725   0.991576
10066.744   0.991494
10066.763   0.991215
10066.782   0.990755
10066.801   0.990169
10066.819   0.989497
10066.838   0.988815
10066.857   0.988207
10066.876   0.987788
10066.895   0.987643
10066.914   0.987823
10066.933   0.988296
10066.952   0.988987
10066.971   0.989756
10066.989   0.990469
10067.008   0.991002
10067.027   0.991298
10067.046   0.991358
10067.065   0.991244
10067.084   0.991051
10067.103   0.990890
10067.122   0.990852
10067.140   0.990957
10067.159   0.991184
10067.178   0.991450
10067.197   0.991677
10067.216   0.991780
10067.235   0.991719
10067.254   0.991493
10067.273   0.991163
10067.292   0.990886
10067.310   0.990855
10067.329   0.991254
10067.348   0.992133
10067.367   0.993379
10067.386   0.994680
10067.405   0.995675
10067.424   0.996088
10067.443   0.995859
10067.461   0.995149
10067.480   0.994269
10067.499   0.993516
10067.518   0.993082
10067.537   0.992992
10067.556   0.993176
10067.575   0.993500
10067.594   0.993872
10067.613   0.994224
10067.631   0.994564
10067.650   0.994890
10067.669   0.995203
10067.688   0.995419
10067.707   0.995436
10067.726   0.995148
10067.745   0.994538
10067.764   0.993685
10067.782   0.992774
10067.801   0.991984
10067.820   0.991402
10067.839   0.990980
10067.858   0.990569
10067.877   0.990015
10067.896   0.989243
10067.915   0.988322
10067.933   0.987396
10067.952   0.986644
10067.971   0.986145
10067.990   0.985909
10068.009   0.985851
10068.028   0.985900
10068.047   0.986021
10068.066   0.986247
10068.085   0.986631
10068.103   0.987184
10068.122   0.987870
10068.141   0.988586
10068.160   0.989251
10068.179   0.989815
10068.198   0.990305
10068.217   0.990779
10068.236   0.991290
10068.254   0.991862
10068.273   0.992472
10068.292   0.993081
10068.311   0.993642
10068.330   0.994122
10068.349   0.994507
10068.368   0.994805
10068.387   0.995038
10068.406   0.995233
10068.424   0.995410
10068.443   0.995585
10068.462   0.995788
10068.481   0.996054
10068.500   0.996418
10068.519   0.996856
10068.538   0.997270
10068.557   0.997455
10068.575   0.997217
10068.594   0.996457
10068.613   0.995299
10068.632   0.994063
10068.651   0.993164
10068.670   0.992933
10068.689   0.993454
10068.708   0.994541
10068.726   0.995809
10068.745   0.996853
10068.764   0.997355
10068.783   0.997199
10068.802   0.996450
10068.821   0.995333
10068.840   0.994152
10068.859   0.993208
10068.878   0.992722
10068.896   0.992754
10068.915   0.993199
10068.934   0.993804
10068.953   0.994289
10068.972   0.994468
10068.991   0.994305
10069.010   0.993922
10069.029   0.993481
10069.047   0.993131
10069.066   0.992924
10069.085   0.992877
10069.104   0.992994
10069.123   0.993311
10069.142   0.993843
10069.161   0.994544
10069.180   0.995285
10069.199   0.995885
10069.217   0.996180
10069.236   0.996084
10069.255   0.995604
10069.274   0.994808
10069.293   0.993799
10069.312   0.992694
10069.331   0.991631
10069.350   0.990737
10069.368   0.990114
10069.387   0.989750
10069.406   0.989516
10069.425   0.989155
10069.444   0.988404
10069.463   0.987063
10069.482   0.985100
10069.501   0.982632
10069.520   0.979846
10069.538   0.976946
10069.557   0.974079
10069.576   0.971448
10069.595   0.969304
10069.614   0.968025
10069.633   0.967934
10069.652   0.969201
10069.671   0.971670
10069.689   0.974918
10069.708   0.978364
10069.727   0.981481
10069.746   0.983993
10069.765   0.985876
10069.784   0.987316
10069.803   0.988498
10069.822   0.989536
10069.840   0.990409
10069.859   0.991053
10069.878   0.991432
10069.897   0.991601
10069.916   0.991690
10069.935   0.991825
10069.954   0.992083
10069.973   0.992432
10069.992   0.992800
10070.010   0.993099
10070.029   0.993303
10070.048   0.993425
10070.067   0.993509
10070.086   0.993580
10070.105   0.993641
10070.124   0.993668
10070.143   0.993646
10070.161   0.993578
10070.180   0.993491
10070.199   0.993449
10070.218   0.993528
10070.237   0.993816
10070.256   0.994314
10070.275   0.994950
10070.294   0.995540
10070.313   0.995878
10070.331   0.995788
10070.350   0.995219
10070.369   0.994248
10070.388   0.993069
10070.407   0.991935
10070.426   0.991127
10070.445   0.990898
10070.464   0.991414
10070.482   0.992658
10070.501   0.994362
10070.520   0.996077
10070.539   0.997315
10070.558   0.997789
10070.577   0.997531
10070.596   0.996888
10070.615   0.996289
10070.634   0.996038
10070.652   0.996130
10070.671   0.996344
10070.690   0.996396
10070.709   0.996210
10070.728   0.995939
10070.747   0.995888
10070.766   0.996275
10070.785   0.997067
10070.803   0.997993
10070.822   0.998672
10070.841   0.998864
10070.860   0.998545
10070.879   0.997955
10070.898   0.997381
10070.917   0.997063
10070.936   0.997029
10070.954   0.997176
10070.973   0.997320
10070.992   0.997351
10071.011   0.997236
10071.030   0.997023
10071.049   0.996760
10071.068   0.996468
10071.087   0.996132
10071.106   0.995739
10071.124   0.995308
10071.143   0.994909
10071.162   0.994638
10071.181   0.994576
10071.200   0.994719
10071.219   0.994963
10071.238   0.995137
10071.257   0.995067
10071.275   0.994666
10071.294   0.993967
10071.313   0.993133
10071.332   0.992357
10071.351   0.991800
10071.370   0.991503
10071.389   0.991407
10071.408   0.991390
10071.427   0.991352
10071.445   0.991258
10071.464   0.991128
10071.483   0.991006
10071.502   0.990904
10071.521   0.990791
10071.540   0.990600
10071.559   0.990316
10071.578   0.989980
10071.596   0.989725
10071.615   0.989686
10071.634   0.989971
10071.653   0.990580
10071.672   0.991454
10071.691   0.992479
10071.710   0.993502
10071.729   0.994360
10071.747   0.994842
10071.766   0.994769
10071.785   0.994041
10071.804   0.992756
10071.823   0.991236
10071.842   0.989927
10071.861   0.989262
10071.880   0.989416
10071.899   0.990297
10071.917   0.991522
10071.936   0.992668
10071.955   0.993414
10071.974   0.993697
10071.993   0.993663
10072.012   0.993542
10072.031   0.993491
10072.050   0.993503
10072.068   0.993475
10072.087   0.993304
10072.106   0.993021
10072.125   0.992760
10072.144   0.992712
10072.163   0.992971
10072.182   0.993498
10072.201   0.994117
10072.220   0.994649
10072.238   0.994958
10072.257   0.995041
10072.276   0.994970
10072.295   0.994869
10072.314   0.994824
10072.333   0.994860
10072.352   0.994920
10072.371   0.994894
10072.389   0.994688
10072.408   0.994257
10072.427   0.993690
10072.446   0.993158
10072.465   0.992906
10072.484   0.993123
10072.503   0.993866
10072.522   0.994998
10072.541   0.996245
10072.559   0.997306
10072.578   0.997997
10072.597   0.998325
10072.616   0.998444
10072.635   0.998538
10072.654   0.998654
10072.673   0.998687
10072.692   0.998405
10072.710   0.997685
10072.729   0.996570
10072.748   0.995367
10072.767   0.994431
10072.786   0.994013
10072.805   0.994101
10072.824   0.994449
10072.843   0.994754
10072.861   0.994784
10072.880   0.994526
10072.899   0.994068
10072.918   0.993577
10072.937   0.993156
10072.956   0.992840
10072.975   0.992614
10072.994   0.992443
10073.013   0.992341
10073.031   0.992314
10073.050   0.992382
10073.069   0.992532
10073.088   0.992733
10073.107   0.992943
10073.126   0.993082
10073.145   0.993056
10073.164   0.992724
10073.182   0.991988
10073.201   0.990801
10073.220   0.989291
10073.239   0.987691
10073.258   0.986322
10073.277   0.985431
10073.296   0.985143
10073.315   0.985394
10073.334   0.985997
10073.352   0.986712
10073.371   0.987305
10073.390   0.987564
10073.409   0.987328
10073.428   0.986531
10073.447   0.985271
10073.466   0.983817
10073.485   0.982555
10073.503   0.981850
10073.522   0.981900
10073.541   0.982698
10073.560   0.984051
10073.579   0.985731
10073.598   0.987558
10073.617   0.989467
10073.636   0.991425
10073.654   0.993342
10073.673   0.995047
10073.692   0.996300
10073.711   0.996953
10073.730   0.996984
10073.749   0.996518
10073.768   0.995757
10073.787   0.994887
10073.806   0.994065
10073.824   0.993386
10073.843   0.992964
10073.862   0.992878
10073.881   0.993135
10073.900   0.993651
10073.919   0.994210
10073.938   0.994619
10073.957   0.994712
10073.975   0.994512
10073.994   0.994139
10074.013   0.993794
10074.032   0.993637
10074.051   0.993740
10074.070   0.994094
10074.089   0.994592
10074.108   0.995101
10074.127   0.995433
10074.145   0.995427
10074.164   0.994987
10074.183   0.994169
10074.202   0.993213
10074.221   0.992449
10074.240   0.992184
10074.259   0.992514
10074.278   0.993302
10074.296   0.994242
10074.315   0.995007
10074.334   0.995392
10074.353   0.995314
10074.372   0.994807
10074.391   0.993914
10074.410   0.992694
10074.429   0.991243
10074.448   0.989738
10074.466   0.988412
10074.485   0.987480
10074.504   0.987039
10074.523   0.987013
10074.542   0.987209
10074.561   0.987412
10074.580   0.987505
10074.599   0.987488
10074.617   0.987473
10074.636   0.987575
10074.655   0.987847
10074.674   0.988231
10074.693   0.988602
10074.712   0.988865
10074.731   0.988986
10074.750   0.989039
10074.768   0.989108
10074.787   0.989221
10074.806   0.989303
10074.825   0.989205
10074.844   0.988833
10074.863   0.988186
10074.882   0.987465
10074.901   0.986916
10074.920   0.986788
10074.938   0.987131
10074.957   0.987827
10074.976   0.988598
10074.995   0.989172
10075.014   0.989406
10075.033   0.989317
10075.052   0.989077
10075.071   0.988857
10075.089   0.988779
10075.108   0.988815
10075.127   0.988855
10075.146   0.988741
10075.165   0.988379
10075.184   0.987771
10075.203   0.987039
10075.222   0.986427
10075.241   0.986221
10075.259   0.986654
10075.278   0.987792
10075.297   0.989444
10075.316   0.991221
10075.335   0.992593
10075.354   0.993188
10075.373   0.992838
10075.392   0.991775
10075.410   0.990385
10075.429   0.989138
10075.448   0.988294
10075.467   0.987905
10075.486   0.987823
10075.505   0.987863
10075.524   0.987927
10075.543   0.988023
10075.562   0.988249
10075.580   0.988667
10075.599   0.989274
10075.618   0.989947
10075.637   0.990518
10075.656   0.990831
10075.675   0.990817
10075.694   0.990520
10075.713   0.990073
10075.731   0.989659
10075.750   0.989418
10075.769   0.989410
10075.788   0.989597
10075.807   0.989892
10075.826   0.990222
10075.845   0.990564
10075.864   0.990939
10075.882   0.991348
10075.901   0.991735
10075.920   0.991990
10075.939   0.992026
10075.958   0.991852
10075.977   0.991603
10075.996   0.991490
10076.015   0.991708
10076.034   0.992330
10076.052   0.993287
10076.071   0.994412
10076.090   0.995523
10076.109   0.996492
10076.128   0.997259
10076.147   0.997795
10076.166   0.998069
10076.185   0.998067
10076.203   0.997797
10076.222   0.997334
10076.241   0.996788
10076.260   0.996274
10076.279   0.995806
10076.298   0.995318
10076.317   0.994698
10076.336   0.993906
10076.355   0.993049
10076.373   0.992367
10076.392   0.992139
10076.411   0.992516
10076.430   0.993488
10076.449   0.994831
10076.468   0.996264
10076.487   0.997491
10076.506   0.998330
10076.524   0.998669
10076.543   0.998483
10076.562   0.997811
10076.581   0.996772
10076.600   0.995587
10076.619   0.994531
10076.638   0.993879
10076.657   0.993828
10076.675   0.994423
10076.694   0.995545
10076.713   0.996952
10076.732   0.998370
10076.751   0.999566
10076.770   1.000392
10076.789   1.000783
10076.808   1.000731
10076.827   1.000275
10076.845   0.999502
10076.864   0.998517
10076.883   0.997448
10076.902   0.996430
10076.921   0.995606
10076.940   0.995112
10076.959   0.995041
10076.978   0.995419
10076.996   0.996145
10077.015   0.997062
10077.034   0.997946
10077.053   0.998607
10077.072   0.998889
10077.091   0.998747
10077.110   0.998229
10077.129   0.997479
10077.148   0.996684
10077.166   0.996001
10077.185   0.995525
10077.204   0.995231
10077.223   0.995041
10077.242   0.994832
10077.261   0.994531
10077.280   0.994092
10077.299   0.993521
10077.317   0.992831
10077.336   0.992028
10077.355   0.991067
10077.374   0.989856
10077.393   0.988281
10077.412   0.986234
10077.431   0.983640
10077.450   0.980423
10077.469   0.976470
10077.487   0.971564
10077.506   0.965487
10077.525   0.958186
10077.544   0.949922
10077.563   0.941327
10077.582   0.933320
10077.601   0.926891
10077.620   0.922951
10077.638   0.922086
10077.657   0.924481
10077.676   0.929784
10077.695   0.937210
10077.714   0.945705
10077.733   0.954243
10077.752   0.962099
10077.771   0.968898
10077.789   0.974595
10077.808   0.979262
10077.827   0.982958
10077.846   0.985706
10077.865   0.987543
10077.884   0.988627
10077.903   0.989202
10077.922   0.989605
10077.941   0.990101
10077.959   0.990837
10077.978   0.991763
10077.997   0.992727
10078.016   0.993543
10078.035   0.994106
10078.054   0.994416
10078.073   0.994541
10078.092   0.994564
10078.110   0.994544
10078.129   0.994481
10078.148   0.994351
10078.167   0.994118
10078.186   0.993786
10078.205   0.993405
10078.224   0.993071
10078.243   0.992906
10078.262   0.993003
10078.280   0.993389
10078.299   0.993964
10078.318   0.994557
10078.337   0.994952
10078.356   0.995011
10078.375   0.994716
10078.394   0.994198
10078.413   0.993667
10078.431   0.993324
10078.450   0.993279
10078.469   0.993524
10078.488   0.993956
10078.507   0.994420
10078.526   0.994744
10078.545   0.994775
10078.564   0.994421
10078.583   0.993702
10078.601   0.992754
10078.620   0.991793
10078.639   0.991039
10078.658   0.990640
10078.677   0.990623
10078.696   0.990928
10078.715   0.991451
10078.734   0.992089
10078.752   0.992731
10078.771   0.993263
10078.790   0.993559
10078.809   0.993557
10078.828   0.993275
10078.847   0.992831
10078.866   0.992351
10078.885   0.991929
10078.903   0.991571
10078.922   0.991278
10078.941   0.991095
10078.960   0.991116
10078.979   0.991438
10078.998   0.992056
10079.017   0.992830
10079.036   0.993483
10079.055   0.993741
10079.073   0.993434
10079.092   0.992563
10079.111   0.991327
10079.130   0.990032
10079.149   0.989039
10079.168   0.988590
10079.187   0.988780
10079.206   0.989465
10079.224   0.990383
10079.243   0.991213
10079.262   0.991742
10079.281   0.991898
10079.300   0.991746
10079.319   0.991423
10079.338   0.991044
10079.357   0.990712
10079.376   0.990498
10079.394   0.990496
10079.413   0.990752
10079.432   0.991266
10079.451   0.991895
10079.470   0.992460
10079.489   0.992783
10079.508   0.992861
10079.527   0.992852
10079.545   0.993013
10079.564   0.993531
10079.583   0.994376
10079.602   0.995316
10079.621   0.996040
10079.640   0.996329
10079.659   0.996168
10079.678   0.995692
10079.696   0.995093
10079.715   0.994500
10079.734   0.993971
10079.753   0.993553
10079.772   0.993308
10079.791   0.993330
10079.810   0.993609
10079.829   0.994043
10079.848   0.994404
10079.866   0.994512
10079.885   0.994300
10079.904   0.993905
10079.923   0.993558
10079.942   0.993483
10079.961   0.993744
10079.980   0.994241
10079.999   0.994750
10080.017   0.995069
10080.036   0.995091
10080.055   0.994891
10080.074   0.994656
10080.093   0.994574
10080.112   0.994732
10080.131   0.995037
10080.150   0.995323
10080.169   0.995407
10080.187   0.995278
10080.206   0.995045
10080.225   0.994903
10080.244   0.994965
10080.263   0.995190
10080.282   0.995410
10080.301   0.995456
10080.320   0.995286
10080.338   0.995016
10080.357   0.994861
10080.376   0.994981
10080.395   0.995408
10080.414   0.996034
10080.433   0.996708
10080.452   0.997265
10080.471   0.997625
10080.490   0.997706
10080.508   0.997508
10080.527   0.997046
10080.546   0.996461
10080.565   0.995948
10080.584   0.995721
10080.603   0.995901
10080.622   0.996420
10080.641   0.997064
10080.659   0.997527
10080.678   0.997629
10080.697   0.997333
10080.716   0.996857
10080.735   0.996452
10080.754   0.996337
10080.773   0.996511
10080.792   0.996840
10080.810   0.997097
10080.829   0.997144
10080.848   0.996980
10080.867   0.996724
10080.886   0.996528
10080.905   0.996494
10080.924   0.996655
10080.943   0.996967
10080.962   0.997366
10080.980   0.997765
10080.999   0.998089
10081.018   0.998283
10081.037   0.998359
10081.056   0.998394
10081.075   0.998483
10081.094   0.998704
10081.113   0.999037
10081.131   0.999376
10081.150   0.999526
10081.169   0.999341
10081.188   0.998773
10081.207   0.997972
10081.226   0.997189
10081.245   0.996696
10081.264   0.996628
10081.283   0.996937
10081.301   0.997420
10081.320   0.997824
10081.339   0.997956
10081.358   0.997722
10081.377   0.997147
10081.396   0.996330
10081.415   0.995403
10081.434   0.994483
10081.452   0.993630
10081.471   0.992854
10081.490   0.992127
10081.509   0.991455
10081.528   0.990902
10081.547   0.990574
10081.566   0.990552
10081.585   0.990797
10081.604   0.991140
10081.622   0.991319
10081.641   0.991100
10081.660   0.990345
10081.679   0.989060
10081.698   0.987319
10081.717   0.985235
10081.736   0.982871
10081.755   0.980301
10081.773   0.977647
10081.792   0.975177
10081.811   0.973259
10081.830   0.972289
10081.849   0.972547
10081.868   0.974056
10081.887   0.976571
10081.906   0.979610
10081.924   0.982645
10081.943   0.985207
10081.962   0.987047
10081.981   0.988141
10082.000   0.988672
10082.019   0.988942
10082.038   0.989211
10082.057   0.989669
10082.076   0.990332
10082.094   0.991145
10082.113   0.991991
10082.132   0.992830
10082.151   0.993664
10082.170   0.994508
10082.189   0.995311
10082.208   0.995906
10082.227   0.996120
10082.245   0.995866
10082.264   0.995277
10082.283   0.994611
10082.302   0.994168
10082.321   0.994098
10082.340   0.994389
10082.359   0.994901
10082.378   0.995508
10082.397   0.996158
10082.415   0.996857
10082.434   0.997584
10082.453   0.998224
10082.472   0.998611
10082.491   0.998630
10082.510   0.998309
10082.529   0.997806
10082.548   0.997280
10082.566   0.996775
10082.585   0.996189
10082.604   0.995395
10082.623   0.994346
10082.642   0.993184
10082.661   0.992148
10082.680   0.991446
10082.699   0.991133
10082.717   0.991146
10082.736   0.991385
10082.755   0.991795
10082.774   0.992376
10082.793   0.993105
10082.812   0.993871
10082.831   0.994469
10082.850   0.994697
10082.869   0.994467
10082.887   0.993838
10082.906   0.993018
10082.925   0.992237
10082.944   0.991678
10082.963   0.991390
10082.982   0.991338
10083.001   0.991404
10083.020   0.991491
10083.038   0.991511
10083.057   0.991464
10083.076   0.991385
10083.095   0.991368
10083.114   0.991491
10083.133   0.991798
10083.152   0.992238
10083.171   0.992696
10083.190   0.993013
10083.208   0.993068
10083.227   0.992805
10083.246   0.992270
10083.265   0.991582
10083.284   0.990903
10083.303   0.990388
10083.322   0.990137
10083.341   0.990182
10083.359   0.990495
10083.378   0.991012
10083.397   0.991651
10083.416   0.992326
10083.435   0.992923
10083.454   0.993345
10083.473   0.993515
10083.492   0.993459
10083.511   0.993230
10083.529   0.992928
10083.548   0.992588
10083.567   0.992234
10083.586   0.991847
10083.605   0.991463
10083.624   0.991129
10083.643   0.990921
10083.662   0.990878
10083.680   0.990997
10083.699   0.991238
10083.718   0.991518
10083.737   0.991749
10083.756   0.991831
10083.775   0.991706
10083.794   0.991354
10083.813   0.990824
10083.831   0.990199
10083.850   0.989580
10083.869   0.989066
10083.888   0.988746
10083.907   0.988711
10083.926   0.989026
10083.945   0.989704
10083.964   0.990642
10083.983   0.991630
10084.001   0.992411
10084.020   0.992770
10084.039   0.992641
10084.058   0.992081
10084.077   0.991243
10084.096   0.990281
10084.115   0.989331
10084.134   0.988481
10084.152   0.987794
10084.171   0.987268
10084.190   0.986885
10084.209   0.986588
10084.228   0.986388
10084.247   0.986350
10084.266   0.986591
10084.285   0.987188
10084.304   0.988085
10084.322   0.989107
10084.341   0.989972
10084.360   0.990464
10084.379   0.990464
10084.398   0.990058
10084.417   0.989447
10084.436   0.988888
10084.455   0.988545
10084.473   0.988439
10084.492   0.988457
10084.511   0.988467
10084.530   0.988415
10084.549   0.988390
10084.568   0.988561
10084.587   0.989053
10084.606   0.989811
10084.624   0.990602
10084.643   0.991115
10084.662   0.991167
10084.681   0.990846
10084.700   0.990512
10084.719   0.990615
10084.738   0.991383
10084.757   0.992633
10084.776   0.993731
10084.794   0.993959
10084.813   0.992862
10084.832   0.990683
10084.851   0.988209
10084.870   0.986512
10084.889   0.986272
10084.908   0.987573
10084.927   0.989845
10084.945   0.992339
10084.964   0.994479
10084.983   0.996063
10085.002   0.997138
10085.021   0.997803
10085.040   0.998074
10085.059   0.997923
10085.078   0.997411
10085.097   0.996714
10085.115   0.996116
10085.134   0.995801
10085.153   0.995829
10085.172   0.996083
10085.191   0.996421
10085.210   0.996720
10085.229   0.996934
10085.248   0.997048
10085.266   0.997077
10085.285   0.997016
10085.304   0.996875
10085.323   0.996632
10085.342   0.996270
10085.361   0.995804
10085.380   0.995313
10085.399   0.994959
10085.418   0.994885
10085.436   0.995157
10085.455   0.995645
10085.474   0.996092
10085.493   0.996214
10085.512   0.995853
10085.531   0.995067
10085.550   0.994090
10085.569   0.993238
10085.587   0.992744
10085.606   0.992705
10085.625   0.993036
10085.644   0.993516
10085.663   0.993857
10085.682   0.993834
10085.701   0.993397
10085.720   0.992719
10085.738   0.992146
10085.757   0.992010
10085.776   0.992460
10085.795   0.993344
10085.814   0.994314
10085.833   0.994994
10085.852   0.995179
10085.871   0.994910
10085.890   0.994389
10085.908   0.993842
10085.927   0.993361
10085.946   0.992939
10085.965   0.992497
10085.984   0.992062
10086.003   0.991724
10086.022   0.991622
10086.041   0.991747
10086.059   0.991963
10086.078   0.992040
10086.097   0.991858
10086.116   0.991495
10086.135   0.991211
10086.154   0.991283
10086.173   0.991796
10086.192   0.992586
10086.211   0.993305
10086.229   0.993628
10086.248   0.993434
10086.267   0.992862
10086.286   0.992233
10086.305   0.991868
10086.324   0.991938
10086.343   0.992418
10086.362   0.993124
10086.380   0.993841
10086.399   0.994378
10086.418   0.994615
10086.437   0.994504
10086.456   0.994061
10086.475   0.993381
10086.494   0.992629
10086.513   0.992046
10086.532   0.991857
10086.550   0.992176
10086.569   0.992940
10086.588   0.993918
10086.607   0.994814
10086.626   0.995395
10086.645   0.995600
10086.664   0.995530
10086.683   0.995349
10086.701   0.995186
10086.720   0.995035
10086.739   0.994814
10086.758   0.994367
10086.777   0.993613
10086.796   0.992504
10086.815   0.991110
10086.834   0.989504
10086.852   0.987776
10086.871   0.985914
10086.890   0.983799
10086.909   0.981170
10086.928   0.977682
10086.947   0.973019
10086.966   0.966984
10086.985   0.959663
10087.004   0.951435
10087.022   0.942948
10087.041   0.934963
10087.060   0.928172
10087.079   0.923159
10087.098   0.920289
10087.117   0.919828
10087.136   0.921841
10087.155   0.926248
10087.173   0.932682
10087.192   0.940531
10087.211   0.949007
10087.230   0.957283
10087.249   0.964659
10087.268   0.970733
10087.287   0.975407
10087.306   0.978896
10087.325   0.981589
10087.343   0.983897
10087.362   0.986099
10087.381   0.988242
10087.400   0.990214
10087.419   0.991809
10087.438   0.992959
10087.457   0.993726
10087.476   0.994346
10087.494   0.995019
10087.513   0.995819
10087.532   0.996621
10087.551   0.997215
10087.570   0.997471
10087.589   0.997413
10087.608   0.997237
10087.627   0.997139
10087.645   0.997235
10087.664   0.997485
10087.683   0.997790
10087.702   0.998063
10087.721   0.998327
10087.740   0.998655
10087.759   0.999109
10087.778   0.999624
10087.797   1.000037
10087.815   1.000132
10087.834   0.999771
10087.853   0.998983
10087.872   0.997975
10087.891   0.997074
10087.910   0.996578
10087.929   0.996638
10087.948   0.997183
10087.966   0.997936
10087.985   0.998560
10088.004   0.998793
10088.023   0.998572
10088.042   0.998031
10088.061   0.997409
10088.080   0.996932
10088.099   0.996704
10088.118   0.996720
10088.136   0.996909
10088.155   0.997184
10088.174   0.997474
10088.193   0.997684
10088.212   0.997733
10088.231   0.997546
10088.250   0.997136
10088.269   0.996607
10088.287   0.996152
10088.306   0.995930
10088.325   0.996031
10088.344   0.996409
10088.363   0.996953
10088.382   0.997496
10088.401   0.997910
10088.420   0.998099
10088.439   0.998069
10088.457   0.997905
10088.476   0.997788
10088.495   0.997892
10088.514   0.998338
10088.533   0.999095
10088.552   1.000008
10088.571   1.000851
10088.590   1.001425
10088.608   1.001606
10088.627   1.001335
10088.646   1.000629
10088.665   0.999571
10088.684   0.998372
10088.703   0.997332
10088.722   0.996777
10088.741   0.996885
10088.759   0.997586
10088.778   0.998535
10088.797   0.999270
10088.816   0.999431
10088.835   0.998937
10088.854   0.998043
10088.873   0.997156
10088.892   0.996604
10088.911   0.996474
10088.929   0.996586
10088.948   0.996676
10088.967   0.996551
10088.986   0.996222
10089.005   0.995822
10089.024   0.995453
10089.043   0.995114
10089.062   0.994652
10089.080   0.993953
10089.099   0.993004
10089.118   0.991986
10089.137   0.991114
10089.156   0.990532
10089.175   0.990211
10089.194   0.989989
10089.213   0.989720
10089.232   0.989365
10089.250   0.989053
10089.269   0.988953
10089.288   0.989170
10089.307   0.989600
10089.326   0.990004
10089.345   0.990091
10089.364   0.989733
10089.383   0.988966
10089.401   0.987942
10089.420   0.986757
10089.439   0.985383
10089.458   0.983723
10089.477   0.981748
10089.496   0.979623
10089.515   0.977681
10089.534   0.976333
10089.553   0.975886
10089.571   0.976455
10089.590   0.977922
10089.609   0.979994
10089.628   0.982333
10089.647   0.984615
10089.666   0.986671
10089.685   0.988413
10089.704   0.989835
10089.722   0.990898
10089.741   0.991539
10089.760   0.991737
10089.779   0.991544
10089.798   0.991209
10089.817   0.991054
10089.836   0.991432
10089.855   0.992477
10089.873   0.994055
10089.892   0.995722
10089.911   0.996942
10089.930   0.997334
10089.949   0.996859
10089.968   0.995816
10089.987   0.994648
10090.006   0.993707
10090.025   0.993146
10090.043   0.992904
10090.062   0.992885
10090.081   0.992994
10090.100   0.993221
10090.119   0.993539
10090.138   0.993866
10090.157   0.994066
10090.176   0.994001
10090.194   0.993664
10090.213   0.993153
10090.232   0.992678
10090.251   0.992368
10090.270   0.992243
10090.289   0.992152
10090.308   0.991923
10090.327   0.991457
10090.346   0.990807
10090.364   0.990128
10090.383   0.989541
10090.402   0.989115
10090.421   0.988814
10090.440   0.988632
10090.459   0.988571
10090.478   0.988709
10090.497   0.989079
10090.515   0.989649
10090.534   0.990275
10090.553   0.990768
10090.572   0.990984
10090.591   0.990906
10090.610   0.990677
10090.629   0.990475
10090.648   0.990423
10090.666   0.990470
10090.685   0.990467
10090.704   0.990255
10090.723   0.989791
10090.742   0.989202
10090.761   0.988701
10090.780   0.988484
10090.799   0.988631
10090.818   0.989080
10090.836   0.989686
10090.855   0.990262
10090.874   0.990652
10090.893   0.990745
10090.912   0.990520
10090.931   0.990022
10090.950   0.989395
10090.969   0.988771
10090.987   0.988265
10091.006   0.987870
10091.025   0.987578
10091.044   0.987319
10091.063   0.987071
10091.082   0.986777
10091.101   0.986354
10091.120   0.985706
10091.139   0.984770
10091.157   0.983590
10091.176   0.982224
10091.195   0.980672
10091.214   0.978763
10091.233   0.976176
10091.252   0.972601
10091.271   0.967953
10091.290   0.962499
10091.308   0.956843
10091.327   0.951702
10091.346   0.947714
10091.365   0.945235
10091.384   0.944399
10091.403   0.945156
10091.422   0.947428
10091.441   0.951073
10091.460   0.955891
10091.478   0.961531
10091.497   0.967494
10091.516   0.973216
10091.535   0.978139
10091.554   0.981918
10091.573   0.984448
10091.592   0.985908
10091.611   0.986633
10091.629   0.987002
10091.648   0.987350
10091.667   0.987910
10091.686   0.988817
10091.705   0.990074
10091.724   0.991556
10091.743   0.993021
10091.762   0.994220
10091.780   0.994955
10091.799   0.995191
10091.818   0.995014
10091.837   0.994618
10091.856   0.994197
10091.875   0.993914
10091.894   0.993865
10091.913   0.994041
10091.932   0.994366
10091.950   0.994671
10091.969   0.994822
10091.988   0.994721
10092.007   0.994460
10092.026   0.994215
10092.045   0.994241
10092.064   0.994676
10092.083   0.995466
10092.101   0.996357
10092.120   0.997005
10092.139   0.997199
10092.158   0.996924
10092.177   0.996389
10092.196   0.995859
10092.215   0.995524
10092.234   0.995437
10092.253   0.995527
10092.271   0.995675
10092.290   0.995759
10092.309   0.995666
10092.328   0.995294
10092.347   0.994549
10092.366   0.993409
10092.385   0.991906
10092.404   0.990157
10092.422   0.988297
10092.441   0.986434
10092.460   0.984551
10092.479   0.982474
10092.498   0.979888
10092.517   0.976389
10092.536   0.971634
10092.555   0.965354
10092.573   0.957412
10092.592   0.947807
10092.611   0.936723
10092.630   0.924698
10092.649   0.912628
10092.668   0.901823
10092.687   0.893666
10092.706   0.889301
10092.725   0.889274
10092.743   0.893412
10092.762   0.900940
10092.781   0.910696
10092.800   0.921465
10092.819   0.932158
10092.838   0.941977
10092.857   0.950398
10092.876   0.957185
10092.894   0.962301
10092.913   0.965921
10092.932   0.968372
10092.951   0.970068
10092.970   0.971399
10092.989   0.972560
10093.008   0.973565
10093.027   0.974269
10093.046   0.974603
10093.064   0.974631
10093.083   0.974588
10093.102   0.974692
10093.121   0.975022
10093.140   0.975504
10093.159   0.975960
10093.178   0.976343
10093.197   0.976713
10093.215   0.977282
10093.234   0.978177
10093.253   0.979422
10093.272   0.980908
10093.291   0.982498
10093.310   0.984117
10093.329   0.985681
10093.348   0.987127
10093.367   0.988306
10093.385   0.989144
10093.404   0.989656
10093.423   0.990050
10093.442   0.990649
10093.461   0.991673
10093.480   0.993136
10093.499   0.994723
10093.518   0.996023
10093.536   0.996722
10093.555   0.996826
10093.574   0.996656
10093.593   0.996585
10093.612   0.996830
10093.631   0.997267
10093.650   0.997654
10093.669   0.997780
10093.687   0.997727
10093.706   0.997749
10093.725   0.998107
10093.744   0.998799
10093.763   0.999521
10093.782   0.999868
10093.801   0.999536
10093.820   0.998633
10093.839   0.997554
10093.857   0.996843
10093.876   0.996793
10093.895   0.997323
10093.914   0.998029
10093.933   0.998419
10093.952   0.998241
10093.971   0.997518
10093.990   0.996506
10094.008   0.995473
10094.027   0.994571
10094.046   0.993877
10094.065   0.993404
10094.084   0.993265
10094.103   0.993536
10094.122   0.994285
10094.141   0.995390
10094.160   0.996588
10094.178   0.997512
10094.197   0.997850
10094.216   0.997491
10094.235   0.996564
10094.254   0.995484
10094.273   0.994699
10094.292   0.994576
10094.311   0.995078
10094.329   0.995899
10094.348   0.996499
10094.367   0.996551
10094.386   0.996025
10094.405   0.995248
10094.424   0.994604
10094.443   0.994296
10094.462   0.994251
10094.481   0.994175
10094.499   0.993884
10094.518   0.993364
10094.537   0.992854
10094.556   0.992539
10094.575   0.992447
10094.594   0.992319
10094.613   0.991819
10094.632   0.990780
10094.650   0.989274
10094.669   0.987570
10094.688   0.985873
10094.707   0.984232
10094.726   0.982449
10094.745   0.980247
10094.764   0.977392
10094.783   0.973858
10094.801   0.969857
10094.820   0.965833
10094.839   0.962355
10094.858   0.959961
10094.877   0.958954
10094.896   0.959345
10094.915   0.960846
10094.934   0.963105
10094.953   0.965818
10094.971   0.968875
10094.990   0.972248
10095.009   0.975838
10095.028   0.979404
10095.047   0.982542
10095.066   0.984931
10095.085   0.986394
10095.104   0.987084
10095.122   0.987310
10095.141   0.987444
10095.160   0.987658
10095.179   0.987980
10095.198   0.988293
10095.217   0.988557
10095.236   0.988769
10095.255   0.989024
10095.274   0.989377
10095.292   0.989852
10095.311   0.990429
10095.330   0.991039
10095.349   0.991629
10095.368   0.992127
10095.387   0.992523
10095.406   0.992801
10095.425   0.992986
10095.443   0.993074
10095.462   0.993048
10095.481   0.992915
10095.500   0.992692
10095.519   0.992453
10095.538   0.992247
10095.557   0.992093
10095.576   0.991941
10095.594   0.991685
10095.613   0.991243
10095.632   0.990599
10095.651   0.989851
10095.670   0.989174
10095.689   0.988731
10095.708   0.988610
10095.727   0.988735
10095.746   0.988955
10095.764   0.989104
10095.783   0.989103
10095.802   0.988996
10095.821   0.988866
10095.840   0.988825
10095.859   0.988903
10095.878   0.989107
10095.897   0.989424
10095.915   0.989799
10095.934   0.990164
10095.953   0.990378
10095.972   0.990337
10095.991   0.989973
10096.010   0.989361
10096.029   0.988658
10096.048   0.988042
10096.067   0.987605
10096.085   0.987337
10096.104   0.987151
10096.123   0.986987
10096.142   0.986852
10096.161   0.986823
10096.180   0.986973
10096.199   0.987266
10096.218   0.987603
10096.236   0.987852
10096.255   0.987996
10096.274   0.988148
10096.293   0.988477
10096.312   0.989080
10096.331   0.989874
10096.350   0.990641
10096.369   0.991153
10096.388   0.991314
10096.406   0.991213
10096.425   0.991020
10096.444   0.990862
10096.463   0.990731
10096.482   0.990517
10096.501   0.990162
10096.520   0.989731
10096.539   0.989408
10096.557   0.989330
10096.576   0.989489
10096.595   0.989724
10096.614   0.989878
10096.633   0.989945
10096.652   0.990069
10096.671   0.990438
10096.690   0.991091
10096.708   0.991902
10096.727   0.992622
10096.746   0.993084
10096.765   0.993261
10096.784   0.993267
10096.803   0.993272
10096.822   0.993381
10096.841   0.993645
10096.860   0.994003
10096.878   0.994403
10096.897   0.994804
10096.916   0.995301
10096.935   0.996069
10096.954   0.997272
10096.973   0.998945
10096.992   1.000888
10097.011   1.002765
10097.029   1.004155
10097.048   1.004772
10097.067   1.004480
10097.086   1.003369
10097.105   1.001670
10097.124   0.999698
10097.143   0.997742
10097.162   0.996024
10097.181   0.994605
10097.199   0.993464
10097.218   0.992493
10097.237   0.991661
10097.256   0.990959
10097.275   0.990396
10097.294   0.989853
10097.313   0.989065
10097.332   0.987712
10097.350   0.985549
10097.369   0.982595
10097.388   0.979089
10097.407   0.975468
10097.426   0.972083
10097.445   0.969174
10097.464   0.966737
10097.483   0.964661
10097.502   0.962830
10097.520   0.961247
10097.539   0.960160
10097.558   0.959893
10097.577   0.960808
10097.596   0.962966
10097.615   0.966165
10097.634   0.969888
10097.653   0.973604
10097.671   0.976911
10097.690   0.979684
10097.709   0.982011
10097.728   0.984042
10097.747   0.985840
10097.766   0.987304
10097.785   0.988296
10097.804   0.988710
10097.822   0.988673
10097.841   0.988405
10097.860   0.988209
10097.879   0.988214
10097.898   0.988419
10097.917   0.988667
10097.936   0.988818
10097.955   0.988834
10097.974   0.988786
10097.992   0.988806
10098.011   0.988983
10098.030   0.989347
10098.049   0.989859
10098.068   0.990471
10098.087   0.991102
10098.106   0.991664
10098.125   0.992068
10098.143   0.992294
10098.162   0.992382
10098.181   0.992395
10098.200   0.992337
10098.219   0.992167
10098.238   0.991857
10098.257   0.991507
10098.276   0.991270
10098.295   0.991285
10098.313   0.991577
10098.332   0.992050
10098.351   0.992612
10098.370   0.993176
10098.389   0.993749
10098.408   0.994279
10098.427   0.994704
10098.446   0.994915
10098.464   0.994831
10098.483   0.994461
10098.502   0.993941
10098.521   0.993520
10098.540   0.993473
10098.559   0.993937
10098.578   0.994838
10098.597   0.995879
10098.615   0.996698
10098.634   0.997049
10098.653   0.996916
10098.672   0.996479
10098.691   0.995970
10098.710   0.995553
10098.729   0.995260
10098.748   0.995041
10098.767   0.994802
10098.785   0.994459
10098.804   0.993931
10098.823   0.993201
10098.842   0.992319
10098.861   0.991416
10098.880   0.990640
10098.899   0.990084
10098.918   0.989738
10098.936   0.989553
10098.955   0.989457
10098.974   0.989451
10098.993   0.989551
10099.012   0.989798
10099.031   0.990180
10099.050   0.990637
10099.069   0.991083
10099.088   0.991435
10099.106   0.991678
10099.125   0.991867
10099.144   0.992102
10099.163   0.992450
10099.182   0.992894
10099.201   0.993346
10099.220   0.993711
10099.239   0.993960
10099.257   0.994129
10099.276   0.994276
10099.295   0.994416
10099.314   0.994494
10099.333   0.994415
10099.352   0.994075
10099.371   0.993398
10099.390   0.992353
10099.409   0.991031
10099.427   0.989675
10099.446   0.988659
10099.465   0.988283
10099.484   0.988632
10099.503   0.989435
10099.522   0.990233
10099.541   0.990558
10099.560   0.990221
10099.578   0.989272
10099.597   0.987922
10099.616   0.986362
10099.635   0.984671
10099.654   0.982891
10099.673   0.980998
10099.692   0.979025
10099.711   0.976892
10099.729   0.974472
10099.748   0.971531
10099.767   0.967862
10099.786   0.963497
10099.805   0.958718
10099.824   0.954117
10099.843   0.950322
10099.862   0.947905
10099.881   0.947243
10099.899   0.948512
10099.918   0.951692
10099.937   0.956458
10099.956   0.962174
10099.975   0.967985
10099.994   0.973113
10100.013   0.977138
10100.032   0.980099
10100.050   0.982371
10100.069   0.984346
10100.088   0.986210
10100.107   0.987906
10100.126   0.989249
10100.145   0.990171
10100.164   0.990750
10100.183   0.991225
10100.202   0.991742
10100.220   0.992297
10100.239   0.992702
10100.258   0.992747
10100.277   0.992377
10100.296   0.991718
10100.315   0.991074
10100.334   0.990749
10100.353   0.990980
10100.371   0.991798
10100.390   0.993033
10100.409   0.994332
10100.428   0.995312
10100.447   0.995675
10100.466   0.995379
10100.485   0.994605
10100.504   0.993716
10100.523   0.993045
10100.541   0.992772
10100.560   0.992836
10100.579   0.992998
10100.598   0.993059
10100.617   0.992959
10100.636   0.992859
10100.655   0.992924
10100.674   0.993209
10100.692   0.993555
10100.711   0.993738
10100.730   0.993688
10100.749   0.993535
10100.768   0.993535
10100.787   0.993769
10100.806   0.994063
10100.825   0.993983
10100.843   0.993226
10100.862   0.991804
10100.881   0.990190
10100.900   0.989011
10100.919   0.988724
10100.938   0.989360
10100.957   0.990531
10100.976   0.991707
10100.995   0.992462
10101.013   0.992717
10101.032   0.992611
10101.051   0.992435
10101.070   0.992385
10101.089   0.992549
10101.108   0.992871
10101.127   0.993236
10101.146   0.993525
10101.164   0.993660
10101.183   0.993653
10101.202   0.993613
10101.221   0.993664
10101.240   0.993918
10101.259   0.994348
10101.278   0.994833
10101.297   0.995205
10101.316   0.995280
10101.334   0.994958
10101.353   0.994190
10101.372   0.993107
10101.391   0.991969
10101.410   0.991134
10101.429   0.990938
10101.448   0.991504
10101.467   0.992678
10101.485   0.994031
10101.504   0.995123
10101.523   0.995659
10101.542   0.995675
10101.561   0.995365
10101.580   0.995003
10101.599   0.994691
10101.618   0.994440
10101.636   0.994204
10101.655   0.993972
10101.674   0.993784
10101.693   0.993629
10101.712   0.993533
10101.731   0.993502
10101.750   0.993655
10101.769   0.994071
10101.788   0.994762
10101.806   0.995539
10101.825   0.996129
10101.844   0.996252
10101.863   0.995791
10101.882   0.994854
10101.901   0.993704
10101.920   0.992666
10101.939   0.991974
10101.957   0.991704
10101.976   0.991777
10101.995   0.992031
10102.014   0.992283
10102.033   0.992418
10102.052   0.992356
10102.071   0.992141
10102.090   0.991825
10102.109   0.991564
10102.127   0.991458
10102.146   0.991602
10102.165   0.991952
10102.184   0.992357
10102.203   0.992487
10102.222   0.991914
10102.241   0.990288
10102.260   0.987516
10102.278   0.984104
10102.297   0.980923
10102.316   0.979176
10102.335   0.979497
10102.354   0.981978
10102.373   0.985719
10102.392   0.989534
10102.411   0.992304
10102.430   0.993509
10102.448   0.993259
10102.467   0.991953
10102.486   0.990102
10102.505   0.988144
10102.524   0.986528
10102.543   0.985716
10102.562   0.986003
10102.581   0.987382
10102.599   0.989459
10102.618   0.991586
10102.637   0.993147
10102.656   0.993836
10102.675   0.993768
10102.694   0.993405
10102.713   0.993234
10102.732   0.993554
10102.750   0.994276
10102.769   0.995032
10102.788   0.995338
10102.807   0.994850
10102.826   0.993526
10102.845   0.991705
10102.864   0.989951
10102.883   0.988873
10102.902   0.988797
10102.920   0.989626
10102.939   0.990885
10102.958   0.992008
10102.977   0.992695
10102.996   0.993017
10103.015   0.993268
10103.034   0.993643
10103.053   0.994100
10103.071   0.994414
10103.090   0.994475
10103.109   0.994314
10103.128   0.994121
10103.147   0.993903
10103.166   0.993540
10103.185   0.992809
10103.204   0.991700
10103.223   0.990468
10103.241   0.989500
10103.260   0.989091
10103.279   0.989248
10103.298   0.989811
10103.317   0.990556
10103.336   0.991417
10103.355   0.992416
10103.374   0.993574
10103.392   0.994751
10103.411   0.995636
10103.430   0.995931
10103.449   0.995553
10103.468   0.994763
10103.487   0.993993
10103.506   0.993585
10103.525   0.993619
10103.543   0.993914
10103.562   0.994189
10103.581   0.994206
10103.600   0.993846
10103.619   0.993135
10103.638   0.992166
10103.657   0.991175
10103.676   0.990375
10103.695   0.989972
10103.713   0.989981
10103.732   0.990288
10103.751   0.990653
10103.770   0.990832
10103.789   0.990733
10103.808   0.990377
10103.827   0.989921
10103.846   0.989480
10103.864   0.989101
10103.883   0.988711
10103.902   0.988214
10103.921   0.987580
10103.940   0.986933
10103.959   0.986579
10103.978   0.986848
10103.997   0.987955
10104.016   0.989719
10104.034   0.991671
10104.053   0.993112
10104.072   0.993572
10104.091   0.992932
10104.110   0.991560
10104.129   0.990055
10104.148   0.989003
10104.167   0.988781
10104.185   0.989401
10104.204   0.990614
10104.223   0.991903
10104.242   0.992825
10104.261   0.993100
10104.280   0.992809
10104.299   0.992253
10104.318   0.991734
10104.337   0.991447
10104.355   0.991442
10104.374   0.991755
10104.393   0.992427
10104.412   0.993363
10104.431   0.994328
10104.450   0.994933
10104.469   0.994945
10104.488   0.994390
10104.506   0.993618
10104.525   0.993059
10104.544   0.992946
10104.563   0.993193
10104.582   0.993469
10104.601   0.993465
10104.620   0.993121
10104.639   0.992666
10104.657   0.992457
10104.676   0.992767
10104.695   0.993554
10104.714   0.994545
10104.733   0.995322
10104.752   0.995634
10104.771   0.995420
10104.790   0.994861
10104.809   0.994246
10104.827   0.993809
10104.846   0.993728
10104.865   0.993988
10104.884   0.994494
10104.903   0.994991
10104.922   0.995207
10104.941   0.994903
10104.960   0.994043
10104.978   0.992847
10104.997   0.991757
10105.016   0.991212
10105.035   0.991424
10105.054   0.992238
10105.073   0.993258
10105.092   0.994084
10105.111   0.994546
10105.130   0.994748
10105.148   0.994900
10105.167   0.995097
10105.186   0.995190
10105.205   0.994932
10105.224   0.994171
10105.243   0.993062
10105.262   0.992021
10105.281   0.991513
10105.299   0.991765
10105.318   0.992624
10105.337   0.993660
10105.356   0.994435
10105.375   0.994716
10105.394   0.994568
10105.413   0.994162
10105.432   0.993634
10105.451   0.993006
10105.469   0.992221
10105.488   0.991289
10105.507   0.990274
10105.526   0.989361
10105.545   0.988702
10105.564   0.988401
10105.583   0.988366
10105.602   0.988355
10105.620   0.988008
10105.639   0.987109
10105.658   0.985626
10105.677   0.983741
10105.696   0.981646
10105.715   0.979431
10105.734   0.977187
10105.753   0.975024
10105.771   0.973283
10105.790   0.972321
10105.809   0.972435
10105.828   0.973670
10105.847   0.975846
10105.866   0.978579
10105.885   0.981449
10105.904   0.984078
10105.923   0.986262
10105.941   0.987908
10105.960   0.988960
10105.979   0.989413
10105.998   0.989254
10106.017   0.988722
10106.036   0.988183
10106.055   0.988111
10106.074   0.988687
10106.092   0.989701
10106.111   0.990572
10106.130   0.990728
10106.149   0.989945
10106.168   0.988580
10106.187   0.987360
10106.206   0.986986
10106.225   0.987751
10106.244   0.989294
10106.262   0.990879
10106.281   0.991683
10106.300   0.991357
10106.319   0.990147
10106.338   0.988786
10106.357   0.988084
10106.376   0.988424
10106.395   0.989631
10106.413   0.991068
10106.432   0.992013
10106.451   0.992087
10106.470   0.991351
10106.489   0.990303
10106.508   0.989514
10106.527   0.989429
10106.546   0.990087
10106.564   0.991197
10106.583   0.992224
10106.602   0.992729
10106.621   0.992486
10106.640   0.991609
10106.659   0.990482
10106.678   0.989558
10106.697   0.989211
10106.716   0.989452
10106.734   0.990034
10106.753   0.990521
10106.772   0.990664
10106.791   0.990507
10106.810   0.990306
10106.829   0.990331
10106.848   0.990562
10106.867   0.990821
10106.885   0.990808
10106.904   0.990384
10106.923   0.989653
10106.942   0.988895
10106.961   0.988466
10106.980   0.988532
10106.999   0.989034
10107.018   0.989687
10107.037   0.990215
10107.055   0.990499
10107.074   0.990616
10107.093   0.990640
10107.112   0.990508
10107.131   0.989988
10107.150   0.988860
10107.169   0.987187
10107.188   0.985315
10107.206   0.983807
10107.225   0.983087
10107.244   0.983244
10107.263   0.983888
10107.282   0.984183
10107.301   0.983379
10107.320   0.981069
10107.339   0.977896
10107.358   0.975131
10107.376   0.974308
10107.395   0.976123
10107.414   0.980044
10107.433   0.984621
10107.452   0.988176
10107.471   0.989946
10107.490   0.990000
10107.509   0.989277
10107.527   0.988572
10107.546   0.988314
10107.565   0.988402
10107.584   0.988547
10107.603   0.988629
10107.622   0.988736
10107.641   0.989109
10107.660   0.989808
10107.678   0.990630
10107.697   0.991200
10107.716   0.991259
10107.735   0.990902
10107.754   0.990498
10107.773   0.990454
10107.792   0.990844
10107.811   0.991462
10107.830   0.991905
10107.848   0.991958
10107.867   0.991623
10107.886   0.991130
10107.905   0.990820
10107.924   0.990900
10107.943   0.991521
10107.962   0.992433
10107.981   0.993314
10107.999   0.993740
10108.018   0.993569
10108.037   0.992961
10108.056   0.992219
10108.075   0.991656
10108.094   0.991343
10108.113   0.991191
10108.132   0.991000
10108.151   0.990668
10108.169   0.990258
10108.188   0.989919
10108.207   0.989861
10108.226   0.990164
10108.245   0.990735
10108.264   0.991310
10108.283   0.991692
10108.302   0.991878
10108.320   0.992050
10108.339   0.992370
10108.358   0.992798
10108.377   0.993132
10108.396   0.993184
10108.415   0.992939
10108.434   0.992565
10108.453   0.992303
10108.472   0.992356
10108.490   0.992826
10108.509   0.993695
10108.528   0.994802
10108.547   0.995885
10108.566   0.996626
10108.585   0.996791
10108.604   0.996415
10108.623   0.995761
10108.641   0.995338
10108.660   0.995549
10108.679   0.996562
10108.698   0.998076
10108.717   0.999472
10108.736   1.000147
10108.755   0.999797
10108.774   0.998697
10108.792   0.997481
10108.811   0.996871
10108.830   0.997228
10108.849   0.998405
10108.868   0.999777
10108.887   1.000649
10108.906   1.000557
10108.925   0.999644
10108.944   0.998456
10108.962   0.997760
10108.981   0.997947
10109.000   0.998905
10109.019   1.000080
10109.038   1.000795
10109.057   1.000756
10109.076   0.999979
10109.095   0.998971
10109.113   0.998089
10109.132   0.997552
10109.151   0.997188
10109.170   0.996645
10109.189   0.995774
10109.208   0.994584
10109.227   0.993452
10109.246   0.992678
10109.265   0.992517
10109.283   0.992885
10109.302   0.993479
10109.321   0.993848
10109.340   0.993654
10109.359   0.992864
10109.378   0.991777
10109.397   0.990818
10109.416   0.990306
10109.434   0.990288
10109.453   0.990528
10109.472   0.990713
10109.491   0.990510
10109.510   0.989889
10109.529   0.988977
10109.548   0.988039
10109.567   0.987266
10109.585   0.986643
10109.604   0.986103
10109.623   0.985575
10109.642   0.985062
10109.661   0.984668
10109.680   0.984402
10109.699   0.984314
10109.718   0.984380
10109.737   0.984542
10109.755   0.984721
10109.774   0.984714
10109.793   0.984421
10109.812   0.983770
10109.831   0.982913
10109.850   0.982103
10109.869   0.981625
10109.888   0.981656
10109.906   0.982155
10109.925   0.982992
10109.944   0.984064
10109.963   0.985456
10109.982   0.987231
10110.001   0.989315
10110.020   0.991259
10110.039   0.992555
10110.058   0.992851
10110.076   0.992315
10110.095   0.991451
10110.114   0.990762
10110.133   0.990536
10110.152   0.990512
10110.171   0.990384
10110.190   0.989768
10110.209   0.988761
10110.227   0.987673
10110.246   0.986985
10110.265   0.987082
10110.284   0.987999
10110.303   0.989590
10110.322   0.991376
10110.341   0.992896
10110.360   0.993732
10110.379   0.993710
10110.397   0.992980
10110.416   0.991853
10110.435   0.990662
10110.454   0.989552
10110.473   0.988531
10110.492   0.987680
10110.511   0.987159
10110.530   0.987239
10110.548   0.987989
10110.567   0.989271
10110.586   0.990798
10110.605   0.992183
10110.624   0.993163
10110.643   0.993384
10110.662   0.992728
10110.681   0.991335
10110.699   0.989811
10110.718   0.988995
10110.737   0.989320
10110.756   0.990583
10110.775   0.991952
10110.794   0.992645
10110.813   0.992475
10110.832   0.991856
10110.851   0.991402
10110.869   0.991397
10110.888   0.991593
10110.907   0.991616
10110.926   0.991196
10110.945   0.990487
10110.964   0.989885
10110.983   0.989770
10111.002   0.990330
10111.020   0.991406
10111.039   0.992632
10111.058   0.993630
10111.077   0.994152
10111.096   0.994232
10111.115   0.994022
10111.134   0.993684
10111.153   0.993416
10111.172   0.993316
10111.190   0.993540
10111.209   0.994033
10111.228   0.994617
