10924.008   1.015189
10924.030   1.015426
10924.051   1.015283
10924.073   1.014703
10924.095   1.013681
10924.117   1.012293
10924.139   1.010647
10924.160   1.008872
10924.182   1.007038
10924.204   1.005147
10924.226   1.003082
10924.248   1.000679
10924.269   0.997719
10924.291   0.994023
10924.313   0.989450
10924.335   0.983935
10924.357   0.977440
10924.379   0.969859
10924.400   0.960931
10924.422   0.950239
10924.444   0.937148
10924.466   0.920855
10924.488   0.900590
10924.509   0.875738
10924.531   0.845933
10924.553   0.811335
10924.575   0.772767
10924.597   0.731775
10924.618   0.690509
10924.640   0.651693
10924.662   0.618362
10924.684   0.593372
10924.706   0.579006
10924.727   0.576522
10924.749   0.586035
10924.771   0.606405
10924.793   0.635532
10924.815   0.670662
10924.837   0.708855
10924.858   0.747343
10924.880   0.783875
10924.902   0.816996
10924.924   0.845881
10924.946   0.870171
10924.967   0.889860
10924.989   0.905238
10925.011   0.916699
10925.033   0.924723
10925.055   0.929899
10925.076   0.932755
10925.098   0.933704
10925.120   0.932929
10925.142   0.930367
10925.164   0.925686
10925.186   0.918430
10925.207   0.908142
10925.229   0.894569
10925.251   0.877805
10925.273   0.858344
10925.295   0.837149
10925.316   0.815741
10925.338   0.796074
10925.360   0.780254
10925.382   0.770245
10925.404   0.767472
10925.425   0.772500
10925.447   0.784921
10925.469   0.803324
10925.491   0.825680
10925.513   0.849707
10925.535   0.873341
10925.556   0.895076
10925.578   0.914108
10925.600   0.930212
10925.622   0.943592
10925.644   0.954729
10925.665   0.964105
10925.687   0.972042
10925.709   0.978652
10925.731   0.983949
10925.753   0.987924
10925.774   0.990689
10925.796   0.992515
10925.818   0.993811
10925.840   0.994986
10925.862   0.996326
10925.883   0.997872
10925.905   0.999456
10925.927   1.000804
10925.949   1.001709
10925.971   1.002132
10925.993   1.002243
10926.014   1.002303
10926.036   1.002547
10926.058   1.003040
10926.080   1.003702
10926.102   1.004316
10926.123   1.004726
10926.145   1.004864
10926.167   1.004790
10926.189   1.004569
10926.211   1.004295
10926.232   1.004022
10926.254   1.003833
10926.276   1.003763
10926.298   1.003861
10926.320   1.004100
10926.342   1.004420
10926.363   1.004704
10926.385   1.004904
10926.407   1.005010
10926.429   1.005087
10926.451   1.005148
10926.472   1.005182
10926.494   1.005089
10926.516   1.004774
10926.538   1.004121
10926.560   1.003092
10926.581   1.001688
10926.603   0.999980
10926.625   0.998049
10926.647   0.996019
10926.669   0.994008
10926.690   0.992120
10926.712   0.990376
10926.734   0.988728
10926.756   0.987125
10926.778   0.985600
10926.800   0.984308
10926.821   0.983500
10926.843   0.983434
10926.865   0.984241
10926.887   0.985839
10926.909   0.987913
10926.930   0.990036
10926.952   0.991794
10926.974   0.992930
10926.996   0.993377
10927.018   0.993260
10927.039   0.992827
10927.061   0.992360
10927.083   0.992049
10927.105   0.991932
10927.127   0.991914
10927.149   0.991828
10927.170   0.991549
10927.192   0.991072
10927.214   0.990568
10927.236   0.990294
10927.258   0.990485
10927.279   0.991204
10927.301   0.992299
10927.323   0.993415
10927.345   0.994176
10927.367   0.994341
10927.388   0.993951
10927.410   0.993303
10927.432   0.992826
10927.454   0.992885
10927.476   0.993610
10927.498   0.994841
10927.519   0.996218
10927.541   0.997339
10927.563   0.997928
10927.585   0.997937
10927.607   0.997519
10927.628   0.996937
10927.650   0.996419
10927.672   0.996094
10927.694   0.996002
10927.716   0.996134
10927.737   0.996471
10927.759   0.996988
10927.781   0.997631
10927.803   0.998287
10927.825   0.998794
10927.846   0.998977
10927.868   0.998715
10927.890   0.997973
10927.912   0.996832
10927.934   0.995443
10927.956   0.994014
10927.977   0.992731
10927.999   0.991725
10928.021   0.991022
10928.043   0.990588
10928.065   0.990311
10928.086   0.990080
10928.108   0.989777
10928.130   0.989356
10928.152   0.988787
10928.174   0.988108
10928.195   0.987363
10928.217   0.986655
10928.239   0.986094
10928.261   0.985828
10928.283   0.985942
10928.305   0.986456
10928.326   0.987230
10928.348   0.988050
10928.370   0.988665
10928.392   0.988914
10928.414   0.988712
10928.435   0.988086
10928.457   0.987164
10928.479   0.986174
10928.501   0.985396
10928.523   0.985109
10928.544   0.985501
10928.566   0.986586
10928.588   0.988194
10928.610   0.990015
10928.632   0.991705
10928.653   0.992976
10928.675   0.993670
10928.697   0.993771
10928.719   0.993410
10928.741   0.992842
10928.763   0.992391
10928.784   0.992358
10928.806   0.992903
10928.828   0.993978
10928.850   0.995350
10928.872   0.996694
10928.893   0.997720
10928.915   0.998247
10928.937   0.998222
10928.959   0.997719
10928.981   0.996910
10929.002   0.996011
10929.024   0.995234
10929.046   0.994737
10929.068   0.994578
10929.090   0.994670
10929.112   0.994834
10929.133   0.994877
10929.155   0.994723
10929.177   0.994421
10929.199   0.994126
10929.221   0.993987
10929.242   0.994095
10929.264   0.994416
10929.286   0.994851
10929.308   0.995284
10929.330   0.995653
10929.351   0.995941
10929.373   0.996134
10929.395   0.996185
10929.417   0.996032
10929.439   0.995631
10929.460   0.995033
10929.482   0.994391
10929.504   0.993931
10929.526   0.993830
10929.548   0.994139
10929.570   0.994724
10929.591   0.995354
10929.613   0.995788
10929.635   0.995931
10929.657   0.995861
10929.679   0.995811
10929.700   0.995971
10929.722   0.996406
10929.744   0.996957
10929.766   0.997391
10929.788   0.997487
10929.809   0.997203
10929.831   0.996638
10929.853   0.996009
10929.875   0.995500
10929.897   0.995233
10929.919   0.995225
10929.940   0.995436
10929.962   0.995767
10929.984   0.996115
10930.006   0.996400
10930.028   0.996612
10930.049   0.996795
10930.071   0.997021
10930.093   0.997315
10930.115   0.997612
10930.137   0.997755
10930.158   0.997562
10930.180   0.996912
10930.202   0.995824
10930.224   0.994452
10930.246   0.993049
10930.268   0.991899
10930.289   0.991224
10930.311   0.991089
10930.333   0.991351
10930.355   0.991667
10930.377   0.991626
10930.398   0.990906
10930.420   0.989429
10930.442   0.987379
10930.464   0.985070
10930.486   0.982763
10930.507   0.980504
10930.529   0.978077
10930.551   0.975071
10930.573   0.971060
10930.595   0.965671
10930.616   0.958648
10930.638   0.949786
10930.660   0.938918
10930.682   0.925860
10930.704   0.910545
10930.726   0.893133
10930.747   0.874113
10930.769   0.854349
10930.791   0.835284
10930.813   0.818668
10930.835   0.806333
10930.856   0.799772
10930.878   0.799934
10930.900   0.806894
10930.922   0.819984
10930.944   0.837793
10930.965   0.858574
10930.987   0.880356
10931.009   0.901316
10931.031   0.919985
10931.053   0.935626
10931.075   0.948079
10931.096   0.957689
10931.118   0.964984
10931.140   0.970538
10931.162   0.974752
10931.184   0.977997
10931.205   0.980571
10931.227   0.982775
10931.249   0.984785
10931.271   0.986665
10931.293   0.988324
10931.314   0.989646
10931.336   0.990580
10931.358   0.991216
10931.380   0.991718
10931.402   0.992236
10931.423   0.992829
10931.445   0.993461
10931.467   0.994058
10931.489   0.994569
10931.511   0.994999
10931.533   0.995381
10931.554   0.995721
10931.576   0.995996
10931.598   0.996171
10931.620   0.996223
10931.642   0.996137
10931.663   0.995914
10931.685   0.995564
10931.707   0.995126
10931.729   0.994660
10931.751   0.994275
10931.772   0.994089
10931.794   0.994187
10931.816   0.994565
10931.838   0.995144
10931.860   0.995778
10931.882   0.996324
10931.903   0.996703
10931.925   0.996937
10931.947   0.997136
10931.969   0.997447
10931.991   0.997950
10932.012   0.998613
10932.034   0.999272
10932.056   0.999710
10932.078   0.999777
10932.100   0.999465
10932.121   0.998900
10932.143   0.998305
10932.165   0.997901
10932.187   0.997837
10932.209   0.998118
10932.231   0.998622
10932.252   0.999133
10932.274   0.999433
10932.296   0.999362
10932.318   0.998888
10932.340   0.998101
10932.361   0.997198
10932.383   0.996397
10932.405   0.995864
10932.427   0.995630
10932.449   0.995606
10932.470   0.995630
10932.492   0.995584
10932.514   0.995440
10932.536   0.995266
10932.558   0.995151
10932.579   0.995139
10932.601   0.995205
10932.623   0.995293
10932.645   0.995356
10932.667   0.995408
10932.689   0.995489
10932.710   0.995634
10932.732   0.995845
10932.754   0.996108
10932.776   0.996423
10932.798   0.996815
10932.819   0.997329
10932.841   0.997973
10932.863   0.998692
10932.885   0.999355
10932.907   0.999840
10932.928   1.000071
10932.950   1.000037
10932.972   0.999788
10932.994   0.999400
10933.016   0.998958
10933.038   0.998547
10933.059   0.998252
10933.081   0.998170
10933.103   0.998404
10933.125   0.999035
10933.147   1.000045
10933.168   1.001272
10933.190   1.002405
10933.212   1.003100
10933.234   1.003121
10933.256   1.002460
10933.277   1.001359
10933.299   1.000206
10933.321   0.999353
10933.343   0.998957
10933.365   0.998940
10933.386   0.999048
10933.408   0.999013
10933.430   0.998684
10933.452   0.998102
10933.474   0.997480
10933.496   0.997101
10933.517   0.997181
10933.539   0.997705
10933.561   0.998407
10933.583   0.998850
10933.605   0.998661
10933.626   0.997685
10933.648   0.996116
10933.670   0.994364
10933.692   0.992891
10933.714   0.991989
10933.735   0.991741
10933.757   0.992034
10933.779   0.992656
10933.801   0.993367
10933.823   0.993925
10933.845   0.994116
10933.866   0.993772
10933.888   0.992844
10933.910   0.991410
10933.932   0.989695
10933.954   0.987979
10933.975   0.986537
10933.997   0.985525
10934.019   0.984962
10934.041   0.984744
10934.063   0.984739
10934.084   0.984862
10934.106   0.985136
10934.128   0.985659
10934.150   0.986531
10934.172   0.987760
10934.194   0.989250
10934.215   0.990839
10934.237   0.992384
10934.259   0.993779
10934.281   0.994981
10934.303   0.995936
10934.324   0.996583
10934.346   0.996852
10934.368   0.996791
10934.390   0.996543
10934.412   0.996352
10934.433   0.996401
10934.455   0.996785
10934.477   0.997459
10934.499   0.998322
10934.521   0.999216
10934.542   0.999969
10934.564   1.000362
10934.586   1.000183
10934.608   0.999300
10934.630   0.997752
10934.652   0.995771
10934.673   0.993685
10934.695   0.991791
10934.717   0.990174
10934.739   0.988702
10934.761   0.987047
10934.782   0.984913
10934.804   0.982116
10934.826   0.978658
10934.848   0.974582
10934.870   0.969847
10934.891   0.964145
10934.913   0.956916
10934.935   0.947454
10934.957   0.935110
10934.979   0.919452
10935.001   0.900460
10935.022   0.878466
10935.044   0.854256
10935.066   0.829146
10935.088   0.804973
10935.110   0.783953
10935.131   0.768351
10935.153   0.760132
10935.175   0.760445
10935.197   0.769464
10935.219   0.786091
10935.240   0.808188
10935.262   0.832956
10935.284   0.857793
10935.306   0.880689
10935.328   0.900508
10935.349   0.916963
10935.371   0.930290
10935.393   0.940965
10935.415   0.949507
10935.437   0.956386
10935.459   0.961932
10935.480   0.966402
10935.502   0.969966
10935.524   0.972716
10935.546   0.974733
10935.568   0.976193
10935.589   0.977365
10935.611   0.978591
10935.633   0.980127
10935.655   0.982051
10935.677   0.984170
10935.698   0.986136
10935.720   0.987567
10935.742   0.988277
10935.764   0.988287
10935.786   0.987833
10935.808   0.987180
10935.829   0.986560
10935.851   0.986066
10935.873   0.985759
10935.895   0.985668
10935.917   0.985780
10935.938   0.985954
10935.960   0.985931
10935.982   0.985457
10936.004   0.984466
10936.026   0.983238
10936.047   0.982292
10936.069   0.982167
10936.091   0.983036
10936.113   0.984632
10936.135   0.986327
10936.157   0.987547
10936.178   0.988029
10936.200   0.987930
10936.222   0.987622
10936.244   0.987435
10936.266   0.987467
10936.287   0.987608
10936.309   0.987680
10936.331   0.987563
10936.353   0.987258
10936.375   0.986815
10936.396   0.986321
10936.418   0.985816
10936.440   0.985361
10936.462   0.984993
10936.484   0.984780
10936.505   0.984731
10936.527   0.984831
10936.549   0.984994
10936.571   0.985171
10936.593   0.985331
10936.615   0.985503
10936.636   0.985679
10936.658   0.985820
10936.680   0.985816
10936.702   0.985588
10936.724   0.985152
10936.745   0.984680
10936.767   0.984412
10936.789   0.984532
10936.811   0.985017
10936.833   0.985626
10936.854   0.986007
10936.876   0.985900
10936.898   0.985293
10936.920   0.984442
10936.942   0.983720
10936.964   0.983416
10936.985   0.983580
10937.007   0.984029
10937.029   0.984468
10937.051   0.984672
10937.073   0.984603
10937.094   0.984389
10937.116   0.984229
10937.138   0.984255
10937.160   0.984484
10937.182   0.984827
10937.203   0.985172
10937.225   0.985443
10937.247   0.985646
10937.269   0.985815
10937.291   0.985998
10937.312   0.986175
10937.334   0.986298
10937.356   0.986288
10937.378   0.986144
10937.400   0.985939
10937.422   0.985857
10937.443   0.986066
10937.465   0.986666
10937.487   0.987567
10937.509   0.988555
10937.531   0.989354
10937.552   0.989791
10937.574   0.989845
10937.596   0.989662
10937.618   0.989422
10937.640   0.989255
10937.661   0.989160
10937.683   0.989085
10937.705   0.988982
10937.727   0.988868
10937.749   0.988811
10937.771   0.988876
10937.792   0.989042
10937.814   0.989191
10937.836   0.989158
10937.858   0.988862
10937.880   0.988381
10937.901   0.987946
10937.923   0.987793
10937.945   0.988005
10937.967   0.988399
10937.989   0.988637
10938.010   0.988360
10938.032   0.987404
10938.054   0.985812
10938.076   0.983844
10938.098   0.981834
10938.119   0.980120
10938.141   0.978906
10938.163   0.978241
10938.185   0.977989
10938.207   0.977950
10938.229   0.977953
10938.250   0.977983
10938.272   0.978135
10938.294   0.978490
10938.316   0.978972
10938.338   0.979357
10938.359   0.979378
10938.381   0.978893
10938.403   0.977971
10938.425   0.976857
10938.447   0.975827
10938.468   0.975055
10938.490   0.974510
10938.512   0.973952
10938.534   0.972991
10938.556   0.971250
10938.578   0.968515
10938.599   0.964865
10938.621   0.960703
10938.643   0.956652
10938.665   0.953367
10938.687   0.951323
10938.708   0.950734
10938.730   0.951493
10938.752   0.953307
10938.774   0.955734
10938.796   0.958343
10938.817   0.960732
10938.839   0.962658
10938.861   0.964037
10938.883   0.964964
10938.905   0.965618
10938.927   0.966165
10938.948   0.966669
10938.970   0.967100
10938.992   0.967410
10939.014   0.967607
10939.036   0.967815
10939.057   0.968196
10939.079   0.968875
10939.101   0.969809
10939.123   0.970843
10939.145   0.971728
10939.166   0.972302
10939.188   0.972524
10939.210   0.972526
10939.232   0.972484
10939.254   0.972543
10939.275   0.972689
10939.297   0.972821
10939.319   0.972808
10939.341   0.972626
10939.363   0.972367
10939.385   0.972215
10939.406   0.972326
10939.428   0.972763
10939.450   0.973479
10939.472   0.974342
10939.494   0.975170
10939.515   0.975792
10939.537   0.976083
10939.559   0.976006
10939.581   0.975586
10939.603   0.974914
10939.624   0.974072
10939.646   0.973145
10939.668   0.972197
10939.690   0.971319
10939.712   0.970576
10939.734   0.969987
10939.755   0.969471
10939.777   0.968871
10939.799   0.967995
10939.821   0.966674
10939.843   0.964794
10939.864   0.962224
10939.886   0.958773
10939.908   0.954138
10939.930   0.948036
10939.952   0.940344
10939.973   0.931298
10939.995   0.921538
10940.017   0.912146
10940.039   0.904365
10940.061   0.899358
10940.082   0.897848
10940.104   0.900016
10940.126   0.905407
10940.148   0.913197
10940.170   0.922363
10940.192   0.932001
10940.213   0.941358
10940.235   0.949931
10940.257   0.957404
10940.279   0.963647
10940.301   0.968666
10940.322   0.972592
10940.344   0.975605
10940.366   0.977962
10940.388   0.979906
10940.410   0.981668
10940.431   0.983392
10940.453   0.985168
10940.475   0.986957
10940.497   0.988699
10940.519   0.990292
10940.541   0.991664
10940.562   0.992739
10940.584   0.993501
10940.606   0.993978
10940.628   0.994289
10940.650   0.994579
10940.671   0.994984
10940.693   0.995548
10940.715   0.996216
10940.737   0.996852
10940.759   0.997340
10940.780   0.997646
10940.802   0.997854
10940.824   0.998109
10940.846   0.998515
10940.868   0.999049
10940.890   0.999553
10940.911   0.999837
10940.933   0.999813
10940.955   0.999607
10940.977   0.999500
10940.999   0.999779
10941.020   1.000547
10941.042   1.001646
10941.064   1.002704
10941.086   1.003300
10941.108   1.003169
10941.129   1.002299
10941.151   1.000941
10941.173   0.999471
10941.195   0.998317
10941.217   0.997762
10941.238   0.997944
10941.260   0.998744
10941.282   0.999942
10941.304   1.001206
10941.326   1.002301
10941.348   1.003054
10941.369   1.003490
10941.391   1.003681
10941.413   1.003742
10941.435   1.003651
10941.457   1.003343
10941.478   1.002716
10941.500   1.001798
10941.522   1.000734
10941.544   0.999781
10941.566   0.999132
10941.587   0.998849
10941.609   0.998780
10941.631   0.998677
10941.653   0.998285
10941.675   0.997493
10941.697   0.996320
10941.718   0.994930
10941.740   0.993512
10941.762   0.992245
10941.784   0.991192
10941.806   0.990291
10941.827   0.989266
10941.849   0.987664
10941.871   0.984903
10941.893   0.980525
10941.915   0.974415
10941.936   0.967036
10941.958   0.959367
10941.980   0.952697
10942.002   0.948281
10942.024   0.946938
10942.045   0.948832
10942.067   0.953405
10942.089   0.959634
10942.111   0.966291
10942.133   0.972334
10942.155   0.977041
10942.176   0.980118
10942.198   0.981531
10942.220   0.981430
10942.242   0.980006
10942.264   0.977409
10942.285   0.973723
10942.307   0.968909
10942.329   0.962850
10942.351   0.955359
10942.373   0.946305
10942.394   0.935647
10942.416   0.923567
10942.438   0.910490
10942.460   0.897182
10942.482   0.884633
10942.504   0.874020
10942.525   0.866565
10942.547   0.863295
10942.569   0.864846
10942.591   0.871248
10942.613   0.881899
10942.634   0.895597
10942.656   0.910792
10942.678   0.925918
10942.700   0.939755
10942.722   0.951570
10942.743   0.961135
10942.765   0.968650
10942.787   0.974527
10942.809   0.979237
10942.831   0.983155
10942.853   0.986509
10942.874   0.989369
10942.896   0.991690
10942.918   0.993406
10942.940   0.994523
10942.962   0.995183
10942.983   0.995637
10943.005   0.996136
10943.027   0.996815
10943.049   0.997641
10943.071   0.998492
10943.092   0.999269
10943.114   0.999965
10943.136   1.000658
10943.158   1.001439
10943.180   1.002367
10943.201   1.003435
10943.223   1.004585
10943.245   1.005713
10943.267   1.006703
10943.289   1.007419
10943.311   1.007746
10943.332   1.007618
10943.354   1.007093
10943.376   1.006329
10943.398   1.005563
10943.420   1.004965
10943.441   1.004596
10943.463   1.004324
10943.485   1.003958
10943.507   1.003306
10943.529   1.002357
10943.550   1.001230
10943.572   1.000166
10943.594   0.999301
10943.616   0.998588
10943.638   0.997657
10943.660   0.995985
10943.681   0.993074
10943.703   0.988774
10943.725   0.983378
10943.747   0.977588
10943.769   0.972273
10943.790   0.968160
10943.812   0.965536
10943.834   0.964165
10943.856   0.963420
10943.878   0.962487
10943.899   0.960622
10943.921   0.957289
10943.943   0.952222
10943.965   0.945402
10943.987   0.937139
10944.008   0.928066
10944.030   0.919082
10944.052   0.911234
10944.074   0.905522
10944.096   0.902700
10944.118   0.903106
10944.139   0.906600
10944.161   0.912512
10944.183   0.919711
10944.205   0.926829
10944.227   0.932547
10944.248   0.935860
10944.270   0.936177
10944.292   0.933249
10944.314   0.927040
10944.336   0.917633
10944.357   0.905321
10944.379   0.890712
10944.401   0.874815
10944.423   0.858886
10944.445   0.844340
10944.467   0.832360
10944.488   0.823784
10944.510   0.819048
10944.532   0.818355
10944.554   0.821689
10944.576   0.828937
10944.597   0.839782
10944.619   0.853707
10944.641   0.869880
10944.663   0.887248
10944.685   0.904713
10944.706   0.921379
10944.728   0.936592
10944.750   0.950029
10944.772   0.961589
10944.794   0.971258
10944.816   0.979057
10944.837   0.985073
10944.859   0.989472
10944.881   0.992570
10944.903   0.994758
10944.925   0.996480
10944.946   0.998069
10944.968   0.999697
10944.990   1.001316
10945.012   1.002790
10945.034   1.003977
10945.055   1.004850
10945.077   1.005487
10945.099   1.006040
10945.121   1.006617
10945.143   1.007250
10945.164   1.007891
10945.186   1.008471
10945.208   1.008921
10945.230   1.009208
10945.252   1.009282
10945.274   1.009121
10945.295   1.008731
10945.317   1.008207
10945.339   1.007686
10945.361   1.007317
10945.383   1.007141
10945.404   1.007070
10945.426   1.006904
10945.448   1.006462
10945.470   1.005662
10945.492   1.004569
10945.513   1.003332
10945.535   1.002079
10945.557   1.000845
10945.579   0.999529
10945.601   0.997962
10945.623   0.995953
10945.644   0.993381
10945.666   0.990181
10945.688   0.986388
10945.710   0.982117
10945.732   0.977590
10945.753   0.973066
10945.775   0.968835
10945.797   0.965130
10945.819   0.962120
10945.841   0.959851
10945.862   0.958235
10945.884   0.957013
10945.906   0.955778
10945.928   0.954022
10945.950   0.951211
10945.971   0.946846
10945.993   0.940526
10946.015   0.932002
10946.037   0.921162
10946.059   0.907968
10946.081   0.892369
10946.102   0.874116
10946.124   0.852559
10946.146   0.826769
10946.168   0.795799
10946.190   0.759050
10946.211   0.716955
10946.233   0.671273
10946.255   0.625040
10946.277   0.582112
10946.299   0.546817
10946.320   0.522979
10946.342   0.513416
10946.364   0.519300
10946.386   0.539883
10946.408   0.572667
10946.430   0.613865
10946.451   0.659389
10946.473   0.705513
10946.495   0.749390
10946.517   0.789005
10946.539   0.823363
10946.560   0.852345
10946.582   0.876414
10946.604   0.896384
10946.626   0.913073
10946.648   0.927153
10946.669   0.939033
10946.691   0.949032
10946.713   0.957426
10946.735   0.964469
10946.757   0.970359
10946.778   0.975281
10946.800   0.979414
10946.822   0.982949
10946.844   0.986101
10946.866   0.989060
10946.888   0.991896
10946.909   0.994503
10946.931   0.996633
10946.953   0.997975
10946.975   0.998311
10946.997   0.997604
10947.018   0.996052
10947.040   0.993964
10947.062   0.991649
10947.084   0.989322
10947.106   0.987135
10947.127   0.985269
10947.149   0.983992
10947.171   0.983652
10947.193   0.984519
10947.215   0.986633
10947.237   0.989704
10947.258   0.993160
10947.280   0.996352
10947.302   0.998768
10947.324   1.000191
10947.346   1.000685
10947.367   1.000549
10947.389   1.000139
10947.411   0.999802
10947.433   0.999793
10947.455   1.000249
10947.476   1.001163
10947.498   1.002363
10947.520   1.003573
10947.542   1.004456
10947.564   1.004799
10947.586   1.004564
10947.607   1.003927
10947.629   1.003102
10947.651   1.002196
10947.673   1.001010
10947.695   0.999124
10947.716   0.996051
10947.738   0.991581
10947.760   0.985882
10947.782   0.979578
10947.804   0.973465
10947.825   0.968405
10947.847   0.965088
10947.869   0.963990
10947.891   0.965209
10947.913   0.968482
10947.934   0.973165
10947.956   0.978439
10947.978   0.983519
10948.000   0.987868
10948.022   0.991238
10948.044   0.993666
10948.065   0.995340
10948.087   0.996540
10948.109   0.997540
10948.131   0.998572
10948.153   0.999709
10948.174   1.000894
10948.196   1.001931
10948.218   1.002658
10948.240   1.003039
10948.262   1.003257
10948.283   1.003575
10948.305   1.004209
10948.327   1.005122
10948.349   1.006066
10948.371   1.006637
10948.393   1.006541
10948.414   1.005688
10948.436   1.004264
10948.458   1.002575
10948.480   1.000959
10948.502   0.999631
10948.523   0.998705
10948.545   0.998151
10948.567   0.997902
10948.589   0.997857
10948.611   0.997961
10948.632   0.998160
10948.654   0.998427
10948.676   0.998680
10948.698   0.998835
10948.720   0.998801
10948.741   0.998564
10948.763   0.998175
10948.785   0.997756
10948.807   0.997404
10948.829   0.997145
10948.851   0.996904
10948.872   0.996575
10948.894   0.996105
10948.916   0.995557
10948.938   0.995082
10948.960   0.994841
10948.981   0.994889
10949.003   0.995111
10949.025   0.995248
10949.047   0.995020
10949.069   0.994260
10949.090   0.993020
10949.112   0.991527
10949.134   0.990095
10949.156   0.988969
10949.178   0.988260
10949.200   0.987936
10949.221   0.987890
10949.243   0.987978
10949.265   0.988058
10949.287   0.987998
10949.309   0.987714
10949.330   0.987196
10949.352   0.986517
10949.374   0.985812
10949.396   0.985239
10949.418   0.984950
10949.439   0.985061
10949.461   0.985628
10949.483   0.986594
10949.505   0.987778
10949.527   0.988874
10949.549   0.989572
10949.570   0.989671
10949.592   0.989220
10949.614   0.988462
10949.636   0.987736
10949.658   0.987258
10949.679   0.987026
10949.701   0.986787
10949.723   0.986215
10949.745   0.985062
10949.767   0.983333
10949.788   0.981227
10949.810   0.979042
10949.832   0.976921
10949.854   0.974772
10949.876   0.972221
10949.897   0.968804
10949.919   0.964105
10949.941   0.958039
10949.963   0.950891
10949.985   0.943399
10950.007   0.936549
10950.028   0.931387
10950.050   0.928674
10950.072   0.928765
10950.094   0.931513
10950.116   0.936438
10950.137   0.942822
10950.159   0.949880
10950.181   0.956847
10950.203   0.963111
10950.225   0.968302
10950.246   0.972402
10950.268   0.975680
10950.290   0.978500
10950.312   0.981082
10950.334   0.983392
10950.356   0.985214
10950.377   0.986332
10950.399   0.986705
10950.421   0.986493
10950.443   0.985979
10950.465   0.985450
10950.486   0.985113
10950.508   0.985089
10950.530   0.985393
10950.552   0.985933
10950.574   0.986440
10950.595   0.986538
10950.617   0.985772
10950.639   0.983794
10950.661   0.980424
10950.683   0.975736
10950.704   0.969950
10950.726   0.963418
10950.748   0.956555
10950.770   0.949913
10950.792   0.944139
10950.814   0.939967
10950.835   0.937973
10950.857   0.938459
10950.879   0.941285
10950.901   0.945978
10950.923   0.951792
10950.944   0.957994
10950.966   0.963934
10950.988   0.969203
10951.010   0.973563
10951.032   0.976966
10951.053   0.979495
10951.075   0.981379
10951.097   0.982906
10951.119   0.984341
10951.141   0.985829
10951.163   0.987346
10951.184   0.988763
10951.206   0.989945
10951.228   0.990864
10951.250   0.991603
10951.272   0.992289
10951.293   0.992978
10951.315   0.993612
10951.337   0.994068
10951.359   0.994230
10951.381   0.994084
10951.402   0.993727
10951.424   0.993347
10951.446   0.993127
10951.468   0.993207
10951.490   0.993605
10951.512   0.994251
10951.533   0.994948
10951.555   0.995484
10951.577   0.995659
10951.599   0.995448
10951.621   0.994943
10951.642   0.994368
10951.664   0.993879
10951.686   0.993555
10951.708   0.993315
10951.730   0.993076
10951.751   0.992788
10951.773   0.992553
10951.795   0.992506
10951.817   0.992770
10951.839   0.993309
10951.860   0.993985
10951.882   0.994572
10951.904   0.994912
10951.926   0.994938
10951.948   0.994741
10951.970   0.994464
10951.991   0.994279
10952.013   0.994294
10952.035   0.994558
10952.057   0.995028
10952.079   0.995618
10952.100   0.996191
10952.122   0.996622
10952.144   0.996796
10952.166   0.996683
10952.188   0.996329
10952.209   0.995857
10952.231   0.995385
10952.253   0.995004
10952.275   0.994707
10952.297   0.994442
10952.319   0.994112
10952.340   0.993654
10952.362   0.993055
10952.384   0.992379
10952.406   0.991725
10952.428   0.991177
10952.449   0.990763
10952.471   0.990458
10952.493   0.990242
10952.515   0.990093
10952.537   0.990004
10952.558   0.989909
10952.580   0.989700
10952.602   0.989231
10952.624   0.988425
10952.646   0.987310
10952.667   0.986087
10952.689   0.985021
10952.711   0.984351
10952.733   0.984106
10952.755   0.984100
10952.777   0.983990
10952.798   0.983511
10952.820   0.982580
10952.842   0.981372
10952.864   0.980154
10952.886   0.979184
10952.907   0.978564
10952.929   0.978312
10952.951   0.978377
10952.973   0.978761
10952.995   0.979478
10953.016   0.980540
10953.038   0.981894
10953.060   0.983444
10953.082   0.985054
10953.104   0.986611
10953.126   0.988056
10953.147   0.989380
10953.169   0.990598
10953.191   0.991708
10953.213   0.992704
10953.235   0.993561
10953.256   0.994267
10953.278   0.994791
10953.300   0.995117
10953.322   0.995234
10953.344   0.995217
10953.365   0.995198
10953.387   0.995398
10953.409   0.995949
10953.431   0.996875
10953.453   0.997972
10953.474   0.998975
10953.496   0.999619
10953.518   0.999839
10953.540   0.999713
10953.562   0.999474
10953.584   0.999327
10953.605   0.999418
10953.627   0.999744
10953.649   1.000232
10953.671   1.000745
10953.693   1.001184
10953.714   1.001484
10953.736   1.001655
10953.758   1.001751
10953.780   1.001879
10953.802   1.002139
10953.823   1.002573
10953.845   1.003101
10953.867   1.003538
10953.889   1.003685
10953.911   1.003457
10953.933   1.002926
10953.954   1.002266
10953.976   1.001590
10953.998   1.000873
10954.020   0.999959
10954.042   0.998680
10954.063   0.996942
10954.085   0.994740
10954.107   0.992101
10954.129   0.989073
10954.151   0.985761
10954.172   0.982314
10954.194   0.978875
10954.216   0.975429
10954.238   0.971721
10954.260   0.967302
10954.282   0.961760
10954.303   0.954952
10954.325   0.947077
10954.347   0.938547
10954.369   0.929643
10954.391   0.920304
10954.412   0.910041
10954.434   0.898258
10954.456   0.884595
10954.478   0.869316
10954.500   0.853398
10954.521   0.838508
10954.543   0.826745
10954.565   0.820126
10954.587   0.820205
10954.609   0.827395
10954.630   0.840956
10954.652   0.858950
10954.674   0.879030
10954.696   0.898991
10954.718   0.917367
10954.740   0.933418
10954.761   0.947037
10954.783   0.958472
10954.805   0.968051
10954.827   0.976102
10954.849   0.982863
10954.870   0.988465
10954.892   0.992941
10954.914   0.996294
10954.936   0.998587
10954.958   1.000036
10954.979   1.001027
10955.001   1.002026
10955.023   1.003344
10955.045   1.004998
10955.067   1.006669
10955.089   1.007941
10955.110   1.008544
10955.132   1.008591
10955.154   1.008470
10955.176   1.008613
10955.198   1.009163
10955.219   1.009934
10955.241   1.010521
10955.263   1.010634
10955.285   1.010244
10955.307   1.009632
10955.328   1.009114
10955.350   1.008882
10955.372   1.008855
10955.394   1.008823
10955.416   1.008537
10955.437   1.007889
10955.459   1.006886
10955.481   1.005643
10955.503   1.004247
10955.525   1.002745
10955.547   1.001113
10955.568   0.999290
10955.590   0.997193
10955.612   0.994744
10955.634   0.991901
10955.656   0.988647
10955.677   0.984961
10955.699   0.980745
10955.721   0.975823
10955.743   0.969884
10955.765   0.962562
10955.786   0.953443
10955.808   0.942108
10955.830   0.928049
10955.852   0.910704
10955.874   0.889366
10955.896   0.863294
10955.917   0.831818
10955.939   0.794594
10955.961   0.751786
10955.983   0.704440
10956.005   0.654955
10956.026   0.607075
10956.048   0.565672
10956.070   0.535595
10956.092   0.520635
10956.114   0.522421
10956.135   0.540311
10956.157   0.571856
10956.179   0.613231
10956.201   0.660156
10956.223   0.708329
10956.245   0.754311
10956.266   0.795704
10956.288   0.831420
10956.310   0.861418
10956.332   0.886266
10956.354   0.906795
10956.375   0.923717
10956.397   0.937594
10956.419   0.948853
10956.441   0.957894
10956.463   0.965142
10956.484   0.971081
10956.506   0.976122
10956.528   0.980466
10956.550   0.984068
10956.572   0.986741
10956.593   0.988323
10956.615   0.988800
10956.637   0.988302
10956.659   0.986963
10956.681   0.984817
10956.703   0.981709
10956.724   0.977364
10956.746   0.971383
10956.768   0.963316
10956.790   0.952639
10956.812   0.938845
10956.833   0.921486
10956.855   0.900401
10956.877   0.875740
10956.899   0.848055
10956.921   0.818061
10956.942   0.786456
10956.964   0.753819
10956.986   0.720838
10957.008   0.688545
10957.030   0.658742
10957.052   0.633983
10957.073   0.617250
10957.095   0.611246
10957.117   0.617670
10957.139   0.636652
10957.161   0.666538
10957.182   0.704102
10957.204   0.745376
10957.226   0.786613
10957.248   0.824884
10957.270   0.858418
10957.291   0.886672
10957.313   0.909870
10957.335   0.928684
10957.357   0.943942
10957.379   0.956404
10957.400   0.966559
10957.422   0.974725
10957.444   0.981126
10957.466   0.986030
10957.488   0.989802
10957.510   0.992880
10957.531   0.995595
10957.553   0.998102
10957.575   1.000296
10957.597   1.001969
10957.619   1.002939
10957.640   1.003231
10957.662   1.003041
10957.684   1.002670
10957.706   1.002361
10957.728   1.002259
10957.749   1.002409
10957.771   1.002823
10957.793   1.003491
10957.815   1.004323
10957.837   1.005175
10957.859   1.005854
10957.880   1.006261
10957.902   1.006418
10957.924   1.006516
10957.946   1.006763
10957.968   1.007307
10957.989   1.008102
10958.011   1.008989
10958.033   1.009751
10958.055   1.010246
10958.077   1.010449
10958.098   1.010451
10958.120   1.010428
10958.142   1.010544
10958.164   1.010923
10958.186   1.011535
10958.208   1.012255
10958.229   1.012827
10958.251   1.013031
10958.273   1.012691
10958.295   1.011759
10958.317   1.010253
10958.338   1.008229
10958.360   1.005728
10958.382   1.002805
10958.404   0.999533
10958.426   0.996054
10958.447   0.992586
10958.469   0.989407
10958.491   0.986798
10958.513   0.985029
10958.535   0.984265
10958.556   0.984575
10958.578   0.985867
10958.600   0.987964
10958.622   0.990590
10958.644   0.993450
10958.666   0.996173
10958.687   0.998373
10958.709   0.999691
10958.731   0.999917
10958.753   0.999083
10958.775   0.997468
10958.796   0.995518
10958.818   0.993669
10958.840   0.992242
10958.862   0.991362
10958.884   0.991021
10958.905   0.991111
10958.927   0.991522
10958.949   0.992148
10958.971   0.992956
10958.993   0.993937
10959.015   0.995124
10959.036   0.996460
10959.058   0.997832
10959.080   0.999050
10959.102   0.999993
10959.124   1.000632
10959.145   1.001084
10959.167   1.001476
10959.189   1.001884
10959.211   1.002214
10959.233   1.002288
10959.254   1.001909
10959.276   1.000984
10959.298   0.999513
10959.320   0.997556
10959.342   0.995118
10959.363   0.992177
10959.385   0.988666
10959.407   0.984506
10959.429   0.979579
10959.451   0.973724
10959.473   0.966740
10959.494   0.958508
10959.516   0.949103
10959.538   0.938878
10959.560   0.928389
10959.582   0.918159
10959.603   0.908343
10959.625   0.898520
10959.647   0.887653
10959.669   0.874227
10959.691   0.856612
10959.712   0.833385
10959.734   0.803714
10959.756   0.767860
10959.778   0.727523
10959.800   0.685895
10959.822   0.647257
10959.843   0.616397
10959.865   0.597460
10959.887   0.593155
10959.909   0.604067
10959.931   0.628593
10959.952   0.663273
10959.974   0.703623
10959.996   0.745343
10960.018   0.785028
10960.040   0.820639
10960.061   0.851341
10960.083   0.877216
10960.105   0.898687
10960.127   0.916344
10960.149   0.930805
10960.171   0.942621
10960.192   0.952272
10960.214   0.960144
10960.236   0.966533
10960.258   0.971684
10960.280   0.975837
10960.301   0.979222
10960.323   0.982071
10960.345   0.984496
10960.367   0.986496
10960.389   0.987933
10960.410   0.988695
10960.432   0.988754
10960.454   0.988251
10960.476   0.987409
10960.498   0.986444
10960.519   0.985545
10960.541   0.984853
10960.563   0.984563
10960.585   0.984831
10960.607   0.985800
10960.629   0.987421
10960.650   0.989580
10960.672   0.992032
10960.694   0.994593
10960.716   0.997060
10960.738   0.999282
10960.759   1.001011
10960.781   1.002031
10960.803   1.002219
10960.825   1.001733
10960.847   1.000944
10960.868   1.000306
10960.890   1.000064
10960.912   1.000134
10960.934   1.000086
10960.956   0.999367
10960.978   0.997524
10960.999   0.994440
10961.021   0.990379
10961.043   0.985961
10961.065   0.981953
10961.087   0.979042
10961.108   0.977574
10961.130   0.977492
10961.152   0.978456
10961.174   0.980070
10961.196   0.982138
10961.217   0.984737
10961.239   0.988089
10961.261   0.992314
10961.283   0.997132
10961.305   1.001868
10961.326   1.005607
10961.348   1.007699
10961.370   1.007916
10961.392   1.006651
10961.414   1.004588
10961.436   1.002463
10961.457   1.000740
10961.479   0.999608
10961.501   0.999042
10961.523   0.998907
10961.545   0.999087
10961.566   0.999444
10961.588   0.999910
10961.610   1.000387
10961.632   1.000830
10961.654   1.001141
10961.675   1.001264
10961.697   1.001104
10961.719   1.000646
10961.741   0.999915
10961.763   0.999051
10961.785   0.998245
10961.806   0.997728
10961.828   0.997647
10961.850   0.997973
10961.872   0.998446
10961.894   0.998676
10961.915   0.998279
10961.937   0.997046
10961.959   0.994970
10961.981   0.992204
10962.003   0.988887
10962.024   0.985114
10962.046   0.980897
10962.068   0.976300
10962.090   0.971466
10962.112   0.966689
10962.133   0.962280
10962.155   0.958424
10962.177   0.954962
10962.199   0.951346
10962.221   0.946855
10962.243   0.940936
10962.264   0.933686
10962.286   0.925910
10962.308   0.919003
10962.330   0.914404
10962.352   0.913228
10962.373   0.915865
10962.395   0.922030
10962.417   0.930833
10962.439   0.941067
10962.461   0.951474
10962.482   0.961015
10962.504   0.969057
10962.526   0.975402
10962.548   0.980182
10962.570   0.983673
10962.592   0.986192
10962.613   0.987985
10962.635   0.989225
10962.657   0.989995
10962.679   0.990330
10962.701   0.990209
10962.722   0.989609
10962.744   0.988547
10962.766   0.987119
10962.788   0.985550
10962.810   0.984123
10962.831   0.983146
10962.853   0.982819
10962.875   0.983218
10962.897   0.984254
10962.919   0.985744
10962.941   0.987466
10962.962   0.989217
10962.984   0.990843
10963.006   0.992229
10963.028   0.993290
10963.050   0.993985
10963.071   0.994357
10963.093   0.994530
10963.115   0.994671
10963.137   0.994908
10963.159   0.995267
10963.180   0.995673
10963.202   0.996025
10963.224   0.996280
10963.246   0.996495
10963.268   0.996767
10963.289   0.997160
10963.311   0.997599
10963.333   0.997924
10963.355   0.997917
10963.377   0.997462
10963.399   0.996564
10963.420   0.995400
10963.442   0.994221
10963.464   0.993317
10963.486   0.992872
10963.508   0.992933
10963.529   0.993374
10963.551   0.993977
10963.573   0.994509
10963.595   0.994823
10963.617   0.994883
10963.638   0.994750
10963.660   0.994543
10963.682   0.994382
10963.704   0.994363
10963.726   0.994515
10963.748   0.994824
10963.769   0.995214
10963.791   0.995597
10963.813   0.995875
10963.835   0.996016
10963.857   0.996043
10963.878   0.996032
10963.900   0.996034
10963.922   0.996033
10963.944   0.995934
10963.966   0.995641
10963.987   0.995148
10964.009   0.994593
10964.031   0.994179
10964.053   0.994058
10964.075   0.994225
10964.096   0.994522
10964.118   0.994731
10964.140   0.994726
10964.162   0.994527
10964.184   0.994293
10964.206   0.994193
10964.227   0.994330
10964.249   0.994672
10964.271   0.995095
10964.293   0.995419
10964.315   0.995504
10964.336   0.995262
10964.358   0.994731
10964.380   0.994051
10964.402   0.993464
10964.424   0.993190
10964.445   0.993353
10964.467   0.993896
10964.489   0.994644
10964.511   0.995374
10964.533   0.995923
10964.555   0.996211
10964.576   0.996249
10964.598   0.996091
10964.620   0.995827
10964.642   0.995554
10964.664   0.995319
10964.685   0.995115
10964.707   0.994868
10964.729   0.994542
10964.751   0.994149
10964.773   0.993793
10964.794   0.993569
10964.816   0.993514
10964.838   0.993548
10964.860   0.993530
10964.882   0.993347
10964.904   0.992981
10964.925   0.992521
10964.947   0.992122
10964.969   0.991920
10964.991   0.991974
10965.013   0.992244
10965.034   0.992629
10965.056   0.993017
10965.078   0.993345
10965.100   0.993603
10965.122   0.993796
10965.143   0.993915
10965.165   0.993946
10965.187   0.993894
10965.209   0.993801
10965.231   0.993749
10965.252   0.993810
10965.274   0.994023
10965.296   0.994357
10965.318   0.994760
10965.340   0.995164
10965.362   0.995501
10965.383   0.995699
10965.405   0.995693
10965.427   0.995473
10965.449   0.995071
10965.471   0.994611
10965.492   0.994203
10965.514   0.993980
10965.536   0.993979
10965.558   0.994224
10965.580   0.994633
10965.601   0.995143
10965.623   0.995661
10965.645   0.996158
10965.667   0.996625
10965.689   0.997083
10965.711   0.997531
10965.732   0.997915
10965.754   0.998134
10965.776   0.998083
10965.798   0.997747
10965.820   0.997208
10965.841   0.996618
10965.863   0.996076
10965.885   0.995594
10965.907   0.995083
10965.929   0.994474
10965.950   0.993769
10965.972   0.993097
10965.994   0.992614
10966.016   0.992452
10966.038   0.992618
10966.059   0.993053
10966.081   0.993621
10966.103   0.994207
10966.125   0.994679
10966.147   0.994960
10966.169   0.994990
10966.190   0.994805
10966.212   0.994467
10966.234   0.994067
10966.256   0.993656
10966.278   0.993284
10966.299   0.992951
10966.321   0.992681
10966.343   0.992470
10966.365   0.992363
10966.387   0.992386
10966.408   0.992566
10966.430   0.992842
10966.452   0.993109
10966.474   0.993200
10966.496   0.993026
10966.518   0.992627
10966.539   0.992232
10966.561   0.992130
10966.583   0.992520
10966.605   0.993325
10966.627   0.994236
10966.648   0.994833
10966.670   0.994863
10966.692   0.994360
10966.714   0.993620
10966.736   0.992980
10966.757   0.992631
10966.779   0.992535
10966.801   0.992520
10966.823   0.992446
10966.845   0.992316
10966.867   0.992250
10966.888   0.992395
10966.910   0.992801
10966.932   0.993378
10966.954   0.993924
10966.976   0.994227
10966.997   0.994163
10967.019   0.993739
10967.041   0.993073
10967.063   0.992328
10967.085   0.991654
10967.106   0.991211
10967.128   0.991096
10967.150   0.991357
10967.172   0.991873
10967.194   0.992490
10967.215   0.992998
10967.237   0.993329
10967.259   0.993494
10967.281   0.993656
10967.303   0.993895
10967.325   0.994231
10967.346   0.994471
10967.368   0.994387
10967.390   0.993706
10967.412   0.992358
10967.434   0.990425
10967.455   0.988265
10967.477   0.986306
10967.499   0.984991
10967.521   0.984547
10967.543   0.985004
10967.564   0.986183
10967.586   0.987829
10967.608   0.989673
10967.630   0.991494
10967.652   0.993106
10967.674   0.994373
10967.695   0.995231
10967.717   0.995684
10967.739   0.995818
10967.761   0.995746
10967.783   0.995583
10967.804   0.995346
10967.826   0.995013
10967.848   0.994513
10967.870   0.993874
10967.892   0.993177
10967.913   0.992609
10967.935   0.992306
10967.957   0.992356
10967.979   0.992680
10968.001   0.993122
10968.022   0.993462
10968.044   0.993574
10968.066   0.993468
10968.088   0.993342
10968.110   0.993417
10968.132   0.993834
10968.153   0.994498
10968.175   0.995177
10968.197   0.995615
10968.219   0.995769
10968.241   0.995797
10968.262   0.995995
10968.284   0.996561
10968.306   0.997479
10968.328   0.998509
10968.350   0.999321
10968.371   0.999661
10968.393   0.999437
10968.415   0.998735
10968.437   0.997740
10968.459   0.996669
10968.481   0.995719
10968.502   0.995059
10968.524   0.994787
10968.546   0.994917
10968.568   0.995353
10968.590   0.995947
10968.611   0.996513
10968.633   0.996929
10968.655   0.997099
10968.677   0.997014
10968.699   0.996710
10968.720   0.996302
10968.742   0.995927
10968.764   0.995726
10968.786   0.995775
10968.808   0.996051
10968.829   0.996424
10968.851   0.996701
10968.873   0.996721
10968.895   0.996407
10968.917   0.995815
10968.939   0.995052
10968.960   0.994215
10968.982   0.993319
10969.004   0.992360
10969.026   0.991345
10969.048   0.990322
10969.069   0.989325
10969.091   0.988255
10969.113   0.986806
10969.135   0.984467
10969.157   0.980743
10969.178   0.975329
10969.200   0.968346
10969.222   0.960299
10969.244   0.952051
10969.266   0.944574
10969.288   0.938826
10969.309   0.935512
10969.331   0.934990
10969.353   0.937137
10969.375   0.941331
10969.397   0.946596
10969.418   0.951845
10969.440   0.956257
10969.462   0.959453
10969.484   0.961545
10969.506   0.962917
10969.527   0.964033
10969.549   0.965268
10969.571   0.966875
10969.593   0.968990
10969.615   0.971621
10969.637   0.974637
10969.658   0.977787
10969.680   0.980806
10969.702   0.983506
10969.724   0.985825
10969.746   0.987777
10969.767   0.989351
10969.789   0.990468
10969.811   0.991052
10969.833   0.991167
10969.855   0.991078
10969.876   0.991154
10969.898   0.991654
10969.920   0.992576
10969.942   0.993635
10969.964   0.994448
10969.985   0.994738
10970.007   0.994484
10970.029   0.993860
10970.051   0.993085
10970.073   0.992284
10970.095   0.991458
10970.116   0.990594
10970.138   0.989747
10970.160   0.989089
10970.182   0.988793
10970.204   0.988975
10970.225   0.989600
10970.247   0.990516
10970.269   0.991491
10970.291   0.992321
10970.313   0.992879
10970.334   0.993154
10970.356   0.993217
10970.378   0.993217
10970.400   0.993296
10970.422   0.993578
10970.444   0.994092
10970.465   0.994779
10970.487   0.995477
10970.509   0.996048
10970.531   0.996423
10970.553   0.996700
10970.574   0.997032
10970.596   0.997553
10970.618   0.998210
10970.640   0.998815
10970.662   0.999119
10970.683   0.998990
10970.705   0.998448
10970.727   0.997657
10970.749   0.996829
10970.771   0.996175
10970.792   0.995847
10970.814   0.995883
10970.836   0.996183
10970.858   0.996514
10970.880   0.996660
10970.902   0.996547
10970.923   0.996289
10970.945   0.996071
10970.967   0.995966
10970.989   0.995904
10971.011   0.995746
10971.032   0.995499
10971.054   0.995336
10971.076   0.995495
10971.098   0.996055
10971.120   0.996856
10971.141   0.997655
10971.163   0.998267
10971.185   0.998727
10971.207   0.999077
10971.229   0.999303
10971.251   0.999196
10971.272   0.998640
10971.294   0.997718
10971.316   0.996813
10971.338   0.996295
10971.360   0.996302
10971.381   0.996624
10971.403   0.996926
10971.425   0.997044
10971.447   0.997092
10971.469   0.997340
10971.490   0.997931
10971.512   0.998735
10971.534   0.999393
10971.556   0.999613
10971.578   0.999347
10971.600   0.998885
10971.621   0.998605
10971.643   0.998784
10971.665   0.999349
10971.687   0.999996
10971.709   1.000295
10971.730   1.000026
10971.752   0.999193
10971.774   0.998095
10971.796   0.997072
10971.818   0.996412
10971.839   0.996224
10971.861   0.996458
10971.883   0.996968
10971.905   0.997602
10971.927   0.998277
10971.948   0.998935
10971.970   0.999526
10971.992   0.999942
10972.014   1.000113
10972.036   1.000073
10972.058   1.000047
10972.079   1.000296
10972.101   1.000959
10972.123   1.001856
10972.145   1.002628
10972.167   1.002903
10972.188   1.002598
10972.210   1.001886
10972.232   1.001094
10972.254   1.000422
10972.276   0.999887
10972.297   0.999378
10972.319   0.998860
10972.341   0.998454
10972.363   0.998340
10972.385   0.998594
10972.407   0.999028
10972.428   0.999265
10972.450   0.998873
10972.472   0.997624
10972.494   0.995534
10972.516   0.992839
10972.537   0.989782
10972.559   0.986532
10972.581   0.983071
10972.603   0.979230
10972.625   0.974730
10972.646   0.969223
10972.668   0.962366
10972.690   0.953837
10972.712   0.943355
10972.734   0.930562
10972.755   0.915028
10972.777   0.896284
10972.799   0.874002
10972.821   0.848197
10972.843   0.819457
10972.865   0.788925
10972.886   0.758264
10972.908   0.729464
10972.930   0.704717
10972.952   0.686226
10972.974   0.676011
10972.995   0.675599
10973.017   0.685467
10973.039   0.704787
10973.061   0.731356
10973.083   0.762205
10973.104   0.794231
10973.126   0.825014
10973.148   0.852919
10973.170   0.877225
10973.192   0.897845
10973.214   0.915094
10973.235   0.929424
10973.257   0.941357
10973.279   0.951337
10973.301   0.959670
10973.323   0.966516
10973.344   0.971986
10973.366   0.976194
10973.388   0.979368
10973.410   0.981846
10973.432   0.984046
10973.453   0.986333
10973.475   0.988862
10973.497   0.991533
10973.519   0.994030
10973.541   0.996066
10973.563   0.997500
10973.584   0.998441
10973.606   0.999092
10973.628   0.999645
10973.650   1.000158
10973.672   1.000596
10973.693   1.000916
10973.715   1.001132
10973.737   1.001325
10973.759   1.001593
10973.781   1.001975
10973.802   1.002433
10973.824   1.002843
10973.846   1.003098
10973.868   1.003114
10973.890   1.002880
10973.911   1.002370
10973.933   1.001549
10973.955   1.000342
10973.977   0.998666
10973.999   0.996382
10974.021   0.993252
10974.042   0.988927
10974.064   0.982971
10974.086   0.975010
10974.108   0.964854
10974.130   0.952818
10974.151   0.939894
10974.173   0.927844
10974.195   0.918739
10974.217   0.914352
10974.239   0.915392
10974.260   0.921392
10974.282   0.930902
10974.304   0.942193
10974.326   0.953708
10974.348   0.964396
10974.370   0.973673
10974.391   0.981334
10974.413   0.987409
10974.435   0.992067
10974.457   0.995549
10974.479   0.998121
10974.500   1.000097
10974.522   1.001802
10974.544   1.003510
10974.566   1.005308
10974.588   1.007052
10974.609   1.008412
10974.631   1.009130
10974.653   1.009222
10974.675   1.009047
10974.697   1.009096
10974.718   1.009693
10974.740   1.010838
10974.762   1.012250
10974.784   1.013584
10974.806   1.014556
10974.828   1.015012
10974.849   1.014885
10974.871   1.014218
10974.893   1.013146
10974.915   1.011890
10974.937   1.010684
10974.958   1.009723
10974.980   1.009133
10975.002   1.008874
10975.024   1.008749
10975.046   1.008405
10975.067   1.007556
10975.089   1.006092
10975.111   1.004133
10975.133   1.001833
10975.155   0.999137
10975.177   0.995701
10975.198   0.990993
10975.220   0.984571
10975.242   0.976111
10975.264   0.965407
10975.286   0.952195
10975.307   0.936304
10975.329   0.917947
10975.351   0.898179
10975.373   0.878880
10975.395   0.862459
10975.416   0.851118
10975.438   0.846281
10975.460   0.848120
10975.482   0.855746
10975.504   0.867421
10975.526   0.881054
10975.547   0.894573
10975.569   0.906168
10975.591   0.914390
10975.613   0.918096
10975.635   0.916426
10975.656   0.908709
10975.678   0.894592
10975.700   0.874160
10975.722   0.848232
10975.744   0.818525
10975.765   0.787671
10975.787   0.758880
10975.809   0.735336
10975.831   0.719431
10975.853   0.712214
10975.874   0.713140
10975.896   0.720320
10975.918   0.730997
10975.940   0.742404
10975.962   0.752236
10975.984   0.758984
10976.005   0.761634
10976.027   0.759499
10976.049   0.752252
10976.071   0.740266
10976.093   0.725257
10976.114   0.710262
10976.136   0.699210
10976.158   0.695785
10976.180   0.702370
10976.202   0.719331
10976.223   0.745035
10976.245   0.776603
10976.267   0.810665
10976.289   0.844270
10976.311   0.875175
10976.333   0.902082
10976.354   0.924512
10976.376   0.942698
10976.398   0.957117
10976.420   0.968351
10976.442   0.976959
10976.463   0.983456
10976.485   0.988332
10976.507   0.992050
10976.529   0.994986
10976.551   0.997277
10976.572   0.998927
10976.594   0.999833
10976.616   0.999908
10976.638   0.999009
10976.660   0.996895
10976.681   0.993155
10976.703   0.987312
10976.725   0.979037
10976.747   0.968316
10976.769   0.955568
10976.791   0.941576
10976.812   0.927439
10976.834   0.914380
10976.856   0.903708
10976.878   0.896452
10976.900   0.893104
10976.921   0.893318
10976.943   0.895882
10976.965   0.898802
10976.987   0.899705
10977.009   0.896307
10977.030   0.886995
10977.052   0.871337
10977.074   0.850436
10977.096   0.826935
10977.118   0.804489
10977.140   0.787102
10977.161   0.777764
10977.183   0.777836
10977.205   0.786434
10977.227   0.801082
10977.249   0.818341
10977.270   0.835006
10977.292   0.848817
10977.314   0.858920
10977.336   0.865787
10977.358   0.870886
10977.379   0.876033
10977.401   0.882796
10977.423   0.892037
10977.445   0.903809
10977.467   0.917518
10977.488   0.932234
10977.510   0.946893
10977.532   0.960476
10977.554   0.972182
10977.576   0.981506
10977.598   0.988390
10977.619   0.993270
10977.641   0.996872
10977.663   0.999842
10977.685   1.002504
10977.707   1.004803
10977.728   1.006550
10977.750   1.007682
10977.772   1.008436
10977.794   1.009167
10977.816   1.010143
10977.837   1.011318
10977.859   1.012427
10977.881   1.013202
10977.903   1.013577
10977.925   1.013694
10977.947   1.013738
10977.968   1.013763
10977.990   1.013642
10978.012   1.013185
10978.034   1.012300
10978.056   1.011045
10978.077   1.009576
10978.099   1.008020
10978.121   1.006439
10978.143   1.004793
10978.165   1.003049
10978.186   1.001202
10978.208   0.999405
10978.230   0.997883
10978.252   0.996925
10978.274   0.996623
10978.296   0.996846
10978.317   0.997093
10978.339   0.996838
10978.361   0.995671
10978.383   0.993631
10978.405   0.990984
10978.426   0.988086
10978.448   0.984977
10978.470   0.981389
10978.492   0.976818
10978.514   0.970749
10978.535   0.962681
10978.557   0.952069
10978.579   0.938357
10978.601   0.921019
10978.623   0.899953
10978.644   0.875837
10978.666   0.850532
10978.688   0.826730
10978.710   0.807479
10978.732   0.795091
10978.754   0.790706
10978.775   0.793942
10978.797   0.803326
10978.819   0.816735
10978.841   0.832054
10978.863   0.847719
10978.884   0.862955
10978.906   0.877683
10978.928   0.892096
10978.950   0.906279
10978.972   0.920022
10978.993   0.932958
10979.015   0.944727
10979.037   0.955102
10979.059   0.964002
10979.081   0.971477
10979.103   0.977621
10979.124   0.982531
10979.146   0.986263
10979.168   0.988863
10979.190   0.990486
10979.212   0.991444
10979.233   0.992198
10979.255   0.993111
10979.277   0.994338
10979.299   0.995664
10979.321   0.996787
10979.342   0.997458
10979.364   0.997759
10979.386   0.997914
10979.408   0.998148
10979.430   0.998435
10979.451   0.998571
10979.473   0.998319
10979.495   0.997551
10979.517   0.996255
10979.539   0.994481
10979.561   0.992422
10979.582   0.990568
10979.604   0.989552
10979.626   0.989948
10979.648   0.991675
10979.670   0.994209
10979.691   0.996631
10979.713   0.998417
10979.735   0.999402
10979.757   0.999868
10979.779   1.000052
10979.800   1.000047
10979.822   0.999733
10979.844   0.999055
10979.866   0.998121
10979.888   0.997226
10979.910   0.996601
10979.931   0.996288
10979.953   0.996115
10979.975   0.995892
10979.997   0.995573
10980.019   0.995294
10980.040   0.995253
10980.062   0.995548
10980.084   0.996064
10980.106   0.996526
10980.128   0.996658
10980.149   0.996367
10980.171   0.995823
10980.193   0.995272
10980.215   0.994898
10980.237   0.994602
10980.259   0.994246
10980.280   0.993688
10980.302   0.993059
10980.324   0.992455
10980.346   0.991915
10980.368   0.991199
10980.389   0.990099
10980.411   0.988564
10980.433   0.986924
10980.455   0.985673
10980.477   0.985241
10980.498   0.985707
10980.520   0.986829
10980.542   0.988190
10980.564   0.989465
10980.586   0.990477
10980.607   0.991221
10980.629   0.991741
10980.651   0.992151
10980.673   0.992557
10980.695   0.993067
10980.717   0.993689
10980.738   0.994324
10980.760   0.994841
10980.782   0.995156
10980.804   0.995328
10980.826   0.995484
10980.847   0.995716
10980.869   0.995975
10980.891   0.996131
10980.913   0.996118
10980.935   0.996037
10980.956   0.996092
10980.978   0.996417
10981.000   0.996942
10981.022   0.997407
10981.044   0.997567
10981.066   0.997335
10981.087   0.996864
10981.109   0.996397
10981.131   0.996141
10981.153   0.996118
10981.175   0.996138
10981.196   0.995952
10981.218   0.995359
10981.240   0.994475
10981.262   0.993615
10981.284   0.993282
10981.305   0.993729
10981.327   0.994924
10981.349   0.996420
10981.371   0.997802
10981.393   0.998827
10981.414   0.999656
10981.436   1.000496
10981.458   1.001430
10981.480   1.002268
10981.502   1.002798
10981.524   1.002993
10981.545   1.002997
10981.567   1.002953
10981.589   1.002804
10981.611   1.002429
10981.633   1.001799
10981.654   1.001110
10981.676   1.000609
10981.698   1.000417
10981.720   1.000414
10981.742   1.000378
10981.763   1.000140
10981.785   0.999729
10981.807   0.999270
10981.829   0.998902
10981.851   0.998611
10981.873   0.998242
10981.894   0.997544
10981.916   0.996327
10981.938   0.994594
10981.960   0.992537
10981.982   0.990473
10982.003   0.988604
10982.025   0.986896
10982.047   0.984924
10982.069   0.982114
10982.091   0.977934
10982.112   0.972251
10982.134   0.965193
10982.156   0.956996
10982.178   0.947409
10982.200   0.935610
10982.222   0.920236
10982.243   0.900107
10982.265   0.874781
10982.287   0.845291
10982.309   0.814075
10982.331   0.784623
10982.352   0.760635
10982.374   0.745274
10982.396   0.740411
10982.418   0.746400
10982.440   0.762129
10982.461   0.785356
10982.483   0.813069
10982.505   0.842015
10982.527   0.869315
10982.549   0.893102
10982.570   0.912773
10982.592   0.928788
10982.614   0.942003
10982.636   0.953013
10982.658   0.961991
10982.680   0.968862
10982.701   0.973765
10982.723   0.977157
10982.745   0.979773
10982.767   0.982121
10982.789   0.984397
10982.810   0.986413
10982.832   0.988016
10982.854   0.989167
10982.876   0.990025
10982.898   0.990670
10982.919   0.991062
10982.941   0.991028
10982.963   0.990526
10982.985   0.989679
10983.007   0.988844
10983.029   0.988390
10983.050   0.988647
10983.072   0.989673
10983.094   0.991247
10983.116   0.992910
10983.138   0.994224
10983.159   0.994969
10983.181   0.995206
10983.203   0.995210
10983.225   0.995223
10983.247   0.995378
10983.268   0.995621
10983.290   0.995914
10983.312   0.996220
10983.334   0.996629
10983.356   0.997172
10983.377   0.997855
10983.399   0.998545
10983.421   0.999120
10983.443   0.999540
10983.465   0.999922
10983.487   1.000471
10983.508   1.001211
10983.530   1.002003
10983.552   1.002441
10983.574   1.002280
10983.596   1.001427
10983.617   1.000237
10983.639   0.999163
10983.661   0.998699
10983.683   0.998979
10983.705   0.999845
10983.726   1.000885
10983.748   1.001736
10983.770   1.002216
10983.792   1.002355
10983.814   1.002224
10983.836   1.001820
10983.857   1.001037
10983.879   0.999795
10983.901   0.998110
10983.923   0.996128
10983.945   0.993990
10983.966   0.991750
10983.988   0.989272
10984.010   0.986347
10984.032   0.982774
10984.054   0.978461
10984.075   0.973336
10984.097   0.967091
10984.119   0.959109
10984.141   0.948525
10984.163   0.934685
10984.184   0.917434
10984.206   0.897601
10984.228   0.876800
10984.250   0.857255
10984.272   0.841318
10984.294   0.831051
10984.315   0.827720
10984.337   0.831604
10984.359   0.842001
10984.381   0.857337
10984.403   0.875628
10984.424   0.894840
10984.446   0.913421
10984.468   0.930368
10984.490   0.945221
10984.512   0.957686
10984.533   0.967610
10984.555   0.975020
10984.577   0.980311
10984.599   0.984117
10984.621   0.987210
10984.643   0.990118
10984.664   0.993006
10984.686   0.995741
10984.708   0.998167
10984.730   1.000284
10984.752   1.002174
10984.773   1.003856
10984.795   1.005040
10984.817   1.005275
10984.839   1.004211
10984.861   1.001806
10984.882   0.998372
10984.904   0.994251
10984.926   0.989972
10984.948   0.986144
10984.970   0.983601
10984.992   0.983022
10985.013   0.984575
10985.035   0.987914
10985.057   0.992209
10985.079   0.996597
10985.101   1.000129
10985.122   1.002169
10985.144   1.002578
10985.166   1.001851
10985.188   1.000765
10985.210   0.999800
10985.231   0.998875
10985.253   0.997576
10985.275   0.995659
10985.297   0.993237
10985.319   0.990507
10985.340   0.987404
10985.362   0.983573
10985.384   0.978879
10985.406   0.973829
10985.428   0.969497
10985.450   0.966807
10985.471   0.965719
10985.493   0.965085
10985.515   0.963044
10985.537   0.958134
10985.559   0.949664
10985.580   0.937872
10985.602   0.923180
10985.624   0.905816
10985.646   0.885352
10985.668   0.860939
10985.689   0.831896
10985.711   0.798249
10985.733   0.761163
10985.755   0.722832
10985.777   0.686251
10985.799   0.654552
10985.820   0.630607
10985.842   0.616804
10985.864   0.614653
10985.886   0.624578
10985.908   0.645565
10985.929   0.675336
10985.951   0.710627
10985.973   0.747997
10985.995   0.784389
10986.017   0.817676
10986.038   0.846824
10986.060   0.871601
10986.082   0.892321
10986.104   0.909552
10986.126   0.923996
10986.147   0.936228
10986.169   0.946696
10986.191   0.955661
10986.213   0.963158
10986.235   0.969194
10986.257   0.973855
10986.278   0.977468
10986.300   0.980449
10986.322   0.983276
10986.344   0.986227
10986.366   0.989403
10986.387   0.992654
10986.409   0.995608
10986.431   0.997603
10986.453   0.998046
10986.475   0.996780
10986.496   0.994463
10986.518   0.992242
10986.540   0.991151
10986.562   0.991554
10986.584   0.993127
10986.606   0.995329
10986.627   0.997696
10986.649   0.999808
10986.671   1.001046
10986.693   1.000580
10986.715   0.997927
10986.736   0.993072
10986.758   0.986608
10986.780   0.978901
10986.802   0.970097
10986.824   0.959872
10986.845   0.948145
10986.867   0.935324
10986.889   0.922390
10986.911   0.910627
10986.933   0.901228
10986.955   0.895275
10986.976   0.893289
10986.998   0.895315
10987.020   0.900554
10987.042   0.907840
10987.064   0.916021
10987.085   0.924438
10987.107   0.932948
10987.129   0.941432
10987.151   0.949817
10987.173   0.957830
10987.194   0.965490
10987.216   0.972906
10987.238   0.980143
10987.260   0.986738
10987.282   0.991705
10987.303   0.994121
10987.325   0.993738
10987.347   0.991573
10987.369   0.989408
10987.391   0.988953
10987.413   0.990810
10987.434   0.994440
10987.456   0.998635
10987.478   1.002410
10987.500   1.005215
10987.522   1.006934
10987.543   1.007501
10987.565   1.007058
10987.587   1.006026
10987.609   1.005139
10987.631   1.005115
10987.652   1.006098
10987.674   1.007652
10987.696   1.008822
10987.718   1.008950
10987.740   1.007834
10987.762   1.006004
10987.783   1.004128
10987.805   1.002707
10987.827   1.001692
10987.849   1.000652
10987.871   0.999016
10987.892   0.996404
10987.914   0.992785
10987.936   0.988428
10987.958   0.983653
10987.980   0.978662
10988.001   0.973323
10988.023   0.967127
10988.045   0.959234
10988.067   0.948574
10988.089   0.934037
10988.110   0.914553
10988.132   0.889340
10988.154   0.858053
10988.176   0.821402
10988.198   0.781492
10988.220   0.741994
10988.241   0.707361
10988.263   0.682007
10988.285   0.669315
10988.307   0.670807
10988.329   0.685875
10988.350   0.711925
10988.372   0.745131
10988.394   0.781464
10988.416   0.817326
10988.438   0.850169
10988.459   0.878467
10988.481   0.901869
10988.503   0.920568
10988.525   0.935238
10988.547   0.946619
10988.569   0.955417
10988.590   0.962250
10988.612   0.967526
10988.634   0.971579
10988.656   0.974703
10988.678   0.977407
10988.699   0.980278
10988.721   0.983659
10988.743   0.987398
10988.765   0.990848
10988.787   0.993428
10988.808   0.994911
10988.830   0.995726
10988.852   0.996393
10988.874   0.997280
10988.896   0.998275
10988.918   0.999158
10988.939   0.999738
10988.961   1.000009
10988.983   0.999957
10989.005   0.999527
10989.027   0.998678
10989.048   0.997616
10989.070   0.996707
10989.092   0.996291
10989.114   0.996420
10989.136   0.996870
10989.157   0.997400
10989.179   0.997809
10989.201   0.998064
10989.223   0.998055
10989.245   0.997713
10989.266   0.997024
10989.288   0.996188
10989.310   0.995723
10989.332   0.996102
10989.354   0.997591
10989.376   0.999733
10989.397   1.001747
10989.419   1.002738
10989.441   1.002437
10989.463   1.001173
10989.485   0.999708
10989.506   0.998703
10989.528   0.998370
10989.550   0.998524
10989.572   0.998796
10989.594   0.998962
10989.615   0.999046
10989.637   0.999245
10989.659   0.999752
10989.681   1.000572
10989.703   1.001516
10989.725   1.002269
10989.746   1.002549
10989.768   1.002243
10989.790   1.001427
10989.812   1.000408
10989.834   0.999604
10989.855   0.999408
10989.877   0.999965
10989.899   1.001106
10989.921   1.002451
10989.943   1.003587
10989.964   1.004203
10989.986   1.004127
10990.008   1.003346
10990.030   1.002101
10990.052   1.000851
10990.073   1.000107
10990.095   1.000101
10990.117   1.000650
10990.139   1.001304
10990.161   1.001737
10990.183   1.001943
10990.204   1.002108
10990.226   1.002342
10990.248   1.002542
10990.270   1.002538
10990.292   1.002283
10990.313   1.001911
10990.335   1.001604
10990.357   1.001406
10990.379   1.001264
10990.401   1.001039
10990.422   1.000703
10990.444   1.000241
10990.466   0.999727
10990.488   0.999230
10990.510   0.998889
10990.532   0.998714
10990.553   0.998566
10990.575   0.998116
10990.597   0.997055
10990.619   0.995196
10990.641   0.992482
10990.662   0.988835
10990.684   0.984055
10990.706   0.977992
10990.728   0.970710
10990.750   0.962641
10990.771   0.954453
10990.793   0.947004
10990.815   0.941147
10990.837   0.937693
10990.859   0.937195
10990.881   0.939786
10990.902   0.945008
10990.924   0.951852
10990.946   0.959191
10990.968   0.966044
10990.990   0.972028
