 9668.348   0.920527
 9668.365   0.933219
 9668.383   0.945155
 9668.400   0.955824
 9668.417   0.964869
 9668.434   0.972151
 9668.452   0.977744
 9668.469   0.981900
 9668.486   0.984971
 9668.503   0.987356
 9668.521   0.989445
 9668.538   0.991569
 9668.555   0.993967
 9668.572   0.996757
 9668.590   0.999913
 9668.607   1.003274
 9668.624   1.006593
 9668.642   1.009599
 9668.659   1.012071
 9668.676   1.013908
 9668.693   1.015164
 9668.711   1.016011
 9668.728   1.016687
 9668.745   1.017412
 9668.762   1.018325
 9668.780   1.019463
 9668.797   1.020759
 9668.814   1.022065
 9668.831   1.023207
 9668.849   1.024031
 9668.866   1.024466
 9668.883   1.024526
 9668.900   1.024329
 9668.918   1.024025
 9668.935   1.023773
 9668.952   1.023630
 9668.969   1.023560
 9668.987   1.023433
 9669.004   1.023118
 9669.021   1.022542
 9669.038   1.021727
 9669.056   1.020806
 9669.073   1.019920
 9669.090   1.019220
 9669.107   1.018728
 9669.125   1.018387
 9669.142   1.018021
 9669.159   1.017429
 9669.176   1.016425
 9669.194   1.014907
 9669.211   1.012896
 9669.228   1.010505
 9669.245   1.007942
 9669.263   1.005382
 9669.280   1.002950
 9669.297   1.000609
 9669.314   0.998213
 9669.332   0.995490
 9669.349   0.992196
 9669.366   0.988116
 9669.383   0.983181
 9669.401   0.977427
 9669.418   0.970962
 9669.435   0.963956
 9669.452   0.956591
 9669.470   0.949120
 9669.487   0.941826
 9669.504   0.935028
 9669.521   0.928982
 9669.539   0.923836
 9669.556   0.919536
 9669.573   0.915824
 9669.590   0.912280
 9669.608   0.908436
 9669.625   0.903818
 9669.642   0.897996
 9669.659   0.890573
 9669.677   0.881163
 9669.694   0.869400
 9669.711   0.854938
 9669.728   0.837455
 9669.746   0.816598
 9669.763   0.792012
 9669.780   0.763333
 9669.797   0.730273
 9669.815   0.692632
 9669.832   0.650531
 9669.849   0.604602
 9669.867   0.556218
 9669.884   0.507499
 9669.901   0.461234
 9669.918   0.420625
 9669.936   0.388829
 9669.953   0.368471
 9669.970   0.361253
 9669.987   0.367606
 9670.005   0.386796
 9670.022   0.416869
 9670.039   0.455142
 9670.056   0.498576
 9670.074   0.544125
 9670.091   0.589075
 9670.108   0.631298
 9670.125   0.669332
 9670.143   0.702346
 9670.160   0.729968
 9670.177   0.752196
 9670.194   0.769214
 9670.212   0.781284
 9670.229   0.788647
 9670.246   0.791469
 9670.263   0.789913
 9670.281   0.784131
 9670.298   0.774283
 9670.315   0.760513
 9670.332   0.742913
 9670.350   0.721485
 9670.367   0.696079
 9670.384   0.666425
 9670.401   0.632226
 9670.419   0.593358
 9670.436   0.550024
 9670.453   0.502863
 9670.470   0.453013
 9670.488   0.402142
 9670.505   0.352242
 9670.522   0.305497
 9670.539   0.264201
 9670.557   0.230538
 9670.574   0.206303
 9670.591   0.192773
 9670.608   0.190581
 9670.626   0.199753
 9670.643   0.219710
 9670.660   0.249458
 9670.677   0.287646
 9670.695   0.332624
 9670.712   0.382501
 9670.729   0.435236
 9670.746   0.488889
 9670.764   0.541782
 9670.781   0.592552
 9670.798   0.640149
 9670.815   0.683911
 9670.833   0.723530
 9670.850   0.758915
 9670.867   0.790150
 9670.884   0.817485
 9670.902   0.841290
 9670.919   0.862010
 9670.936   0.880070
 9670.953   0.895830
 9670.971   0.909571
 9670.988   0.921499
 9671.005   0.931773
 9671.022   0.940529
 9671.040   0.947973
 9671.057   0.954345
 9671.074   0.959952
 9671.092   0.965050
 9671.109   0.969854
 9671.126   0.974459
 9671.143   0.978882
 9671.161   0.983071
 9671.178   0.986949
 9671.195   0.990450
 9671.212   0.993504
 9671.230   0.996089
 9671.247   0.998164
 9671.264   0.999747
 9671.281   1.000863
 9671.299   1.001613
 9671.316   1.002124
 9671.333   1.002551
 9671.350   1.003047
 9671.368   1.003723
 9671.385   1.004624
 9671.402   1.005714
 9671.419   1.006901
 9671.437   1.008059
 9671.454   1.009061
 9671.471   1.009828
 9671.488   1.010331
 9671.506   1.010614
 9671.523   1.010748
 9671.540   1.010829
 9671.557   1.010927
 9671.575   1.011083
 9671.592   1.011280
 9671.609   1.011465
 9671.626   1.011571
 9671.644   1.011547
 9671.661   1.011388
 9671.678   1.011128
 9671.695   1.010832
 9671.713   1.010556
 9671.730   1.010345
 9671.747   1.010182
 9671.764   1.010040
 9671.782   1.009856
 9671.799   1.009605
 9671.816   1.009289
 9671.833   1.008935
 9671.851   1.008607
 9671.868   1.008312
 9671.885   1.008057
 9671.902   1.007791
 9671.920   1.007479
 9671.937   1.007092
 9671.954   1.006641
 9671.971   1.006179
 9671.989   1.005751
 9672.006   1.005411
 9672.023   1.005147
 9672.040   1.004914
 9672.058   1.004628
 9672.075   1.004221
 9672.092   1.003660
 9672.109   1.002980
 9672.127   1.002271
 9672.144   1.001640
 9672.161   1.001175
 9672.178   1.000918
 9672.196   1.000860
 9672.213   1.000938
 9672.230   1.001073
 9672.247   1.001197
 9672.265   1.001265
 9672.282   1.001248
 9672.299   1.001119
 9672.317   1.000863
 9672.334   1.000489
 9672.351   1.000039
 9672.368   0.999590
 9672.386   0.999211
 9672.403   0.998944
 9672.420   0.998765
 9672.437   0.998605
 9672.455   0.998369
 9672.472   0.997990
 9672.489   0.997481
 9672.506   0.996918
 9672.524   0.996436
 9672.541   0.996113
 9672.558   0.995970
 9672.575   0.995903
 9672.593   0.995739
 9672.610   0.995280
 9672.627   0.994377
 9672.644   0.993004
 9672.662   0.991245
 9672.679   0.989294
 9672.696   0.987352
 9672.713   0.985587
 9672.731   0.984079
 9672.748   0.982862
 9672.765   0.981955
 9672.782   0.981397
 9672.800   0.981265
 9672.817   0.981613
 9672.834   0.982444
 9672.851   0.983664
 9672.869   0.985082
 9672.886   0.986471
 9672.903   0.987618
 9672.920   0.988399
 9672.938   0.988809
 9672.955   0.988933
 9672.972   0.988915
 9672.989   0.988891
 9673.007   0.988948
 9673.024   0.989109
 9673.041   0.989337
 9673.058   0.989564
 9673.076   0.989706
 9673.093   0.989728
 9673.110   0.989634
 9673.127   0.989505
 9673.145   0.989445
 9673.162   0.989536
 9673.179   0.989796
 9673.196   0.990122
 9673.214   0.990350
 9673.231   0.990292
 9673.248   0.989866
 9673.265   0.989098
 9673.283   0.988165
 9673.300   0.987291
 9673.317   0.986666
 9673.334   0.986372
 9673.352   0.986340
 9673.369   0.986435
 9673.386   0.986489
 9673.403   0.986422
 9673.421   0.986211
 9673.438   0.985880
 9673.455   0.985439
 9673.472   0.984876
 9673.490   0.984212
 9673.507   0.983534
 9673.524   0.983021
 9673.542   0.982901
 9673.559   0.983310
 9673.576   0.984223
 9673.593   0.985335
 9673.611   0.986195
 9673.628   0.986313
 9673.645   0.985424
 9673.662   0.983586
 9673.680   0.981210
 9673.697   0.978946
 9673.714   0.977370
 9673.731   0.976868
 9673.749   0.977407
 9673.766   0.978694
 9673.783   0.980265
 9673.800   0.981733
 9673.818   0.982885
 9673.835   0.983705
 9673.852   0.984324
 9673.869   0.984861
 9673.887   0.985395
 9673.904   0.985906
 9673.921   0.986359
 9673.938   0.986724
 9673.956   0.987016
 9673.973   0.987278
 9673.990   0.987564
 9674.007   0.987922
 9674.025   0.988376
 9674.042   0.988921
 9674.059   0.989518
 9674.076   0.990107
 9674.094   0.990583
 9674.111   0.990848
 9674.128   0.990790
 9674.145   0.990364
 9674.163   0.989595
 9674.180   0.988606
 9674.197   0.987576
 9674.214   0.986698
 9674.232   0.986117
 9674.249   0.985852
 9674.266   0.985816
 9674.283   0.985786
 9674.301   0.985522
 9674.318   0.984829
 9674.335   0.983632
 9674.352   0.982013
 9674.370   0.980169
 9674.387   0.978388
 9674.404   0.976929
 9674.421   0.976009
 9674.439   0.975701
 9674.456   0.975991
 9674.473   0.976780
 9674.490   0.977949
 9674.508   0.979385
 9674.525   0.980974
 9674.542   0.982635
 9674.559   0.984242
 9674.577   0.985719
 9674.594   0.986950
 9674.611   0.987885
 9674.628   0.988504
 9674.646   0.988838
 9674.663   0.988952
 9674.680   0.988904
 9674.697   0.988804
 9674.715   0.988718
 9674.732   0.988751
 9674.749   0.988958
 9674.767   0.989362
 9674.784   0.989958
 9674.801   0.990654
 9674.818   0.991360
 9674.836   0.991954
 9674.853   0.992372
 9674.870   0.992575
 9674.887   0.992576
 9674.905   0.992390
 9674.922   0.992012
 9674.939   0.991412
 9674.956   0.990543
 9674.974   0.989387
 9674.991   0.987986
 9675.008   0.986433
 9675.025   0.984846
 9675.043   0.983319
 9675.060   0.981875
 9675.077   0.980484
 9675.094   0.979082
 9675.112   0.977629
 9675.129   0.976118
 9675.146   0.974598
 9675.163   0.973153
 9675.181   0.971905
 9675.198   0.971002
 9675.215   0.970590
 9675.232   0.970779
 9675.250   0.971578
 9675.267   0.972893
 9675.284   0.974549
 9675.301   0.976353
 9675.319   0.978173
 9675.336   0.979948
 9675.353   0.981713
 9675.370   0.983513
 9675.388   0.985348
 9675.405   0.987160
 9675.422   0.988825
 9675.439   0.990236
 9675.457   0.991331
 9675.474   0.992136
 9675.491   0.992723
 9675.508   0.993200
 9675.526   0.993640
 9675.543   0.994045
 9675.560   0.994371
 9675.577   0.994534
 9675.595   0.994478
 9675.612   0.994189
 9675.629   0.993723
 9675.646   0.993156
 9675.664   0.992573
 9675.681   0.992013
 9675.698   0.991497
 9675.715   0.991009
 9675.733   0.990552
 9675.750   0.990123
 9675.767   0.989734
 9675.784   0.989376
 9675.802   0.989024
 9675.819   0.988631
 9675.836   0.988143
 9675.853   0.987537
 9675.871   0.986791
 9675.888   0.985907
 9675.905   0.984862
 9675.922   0.983630
 9675.940   0.982176
 9675.957   0.980513
 9675.974   0.978706
 9675.992   0.976878
 9676.009   0.975143
 9676.026   0.973561
 9676.043   0.972053
 9676.061   0.970430
 9676.078   0.968433
 9676.095   0.965886
 9676.112   0.962799
 9676.130   0.959454
 9676.147   0.956348
 9676.164   0.954034
 9676.181   0.952970
 9676.199   0.953347
 9676.216   0.955063
 9676.233   0.957773
 9676.250   0.961010
 9676.268   0.964335
 9676.285   0.967404
 9676.302   0.970048
 9676.319   0.972212
 9676.337   0.973944
 9676.354   0.975324
 9676.371   0.976443
 9676.388   0.977374
 9676.406   0.978151
 9676.423   0.978784
 9676.440   0.979256
 9676.457   0.979566
 9676.475   0.979721
 9676.492   0.979730
 9676.509   0.979590
 9676.526   0.979269
 9676.544   0.978733
 9676.561   0.977979
 9676.578   0.977078
 9676.595   0.976159
 9676.613   0.975358
 9676.630   0.974759
 9676.647   0.974348
 9676.664   0.974018
 9676.682   0.973619
 9676.699   0.973015
 9676.716   0.972157
 9676.733   0.971078
 9676.751   0.969880
 9676.768   0.968701
 9676.785   0.967676
 9676.802   0.966928
 9676.820   0.966527
 9676.837   0.966506
 9676.854   0.966841
 9676.871   0.967437
 9676.889   0.968147
 9676.906   0.968781
 9676.923   0.969163
 9676.940   0.969203
 9676.958   0.968905
 9676.975   0.968400
 9676.992   0.967861
 9677.009   0.967480
 9677.027   0.967405
 9677.044   0.967719
 9677.061   0.968449
 9677.078   0.969558
 9677.096   0.970986
 9677.113   0.972633
 9677.130   0.974371
 9677.148   0.976057
 9677.165   0.977546
 9677.182   0.978746
 9677.199   0.979599
 9677.217   0.980137
 9677.234   0.980412
 9677.251   0.980511
 9677.268   0.980508
 9677.286   0.980478
 9677.303   0.980481
 9677.320   0.980556
 9677.337   0.980704
 9677.355   0.980892
 9677.372   0.981086
 9677.389   0.981269
 9677.406   0.981471
 9677.424   0.981763
 9677.441   0.982211
 9677.458   0.982820
 9677.475   0.983496
 9677.493   0.984060
 9677.510   0.984343
 9677.527   0.984260
 9677.544   0.983897
 9677.562   0.983456
 9677.579   0.983202
 9677.596   0.983319
 9677.613   0.983836
 9677.631   0.984606
 9677.648   0.985365
 9677.665   0.985851
 9677.682   0.985895
 9677.700   0.985490
 9677.717   0.984769
 9677.734   0.983976
 9677.751   0.983362
 9677.769   0.983124
 9677.786   0.983338
 9677.803   0.983963
 9677.820   0.984842
 9677.838   0.985777
 9677.855   0.986599
 9677.872   0.987221
 9677.889   0.987677
 9677.907   0.988075
 9677.924   0.988525
 9677.941   0.989080
 9677.958   0.989683
 9677.976   0.990222
 9677.993   0.990569
 9678.010   0.990667
 9678.027   0.990552
 9678.045   0.990340
 9678.062   0.990192
 9678.079   0.990221
 9678.096   0.990477
 9678.114   0.990919
 9678.131   0.991454
 9678.148   0.991970
 9678.165   0.992365
 9678.183   0.992575
 9678.200   0.992580
 9678.217   0.992426
 9678.234   0.992209
 9678.252   0.992055
 9678.269   0.992094
 9678.286   0.992388
 9678.303   0.992929
 9678.321   0.993616
 9678.338   0.994314
 9678.355   0.994899
 9678.373   0.995303
 9678.390   0.995557
 9678.407   0.995738
 9678.424   0.995946
 9678.442   0.996251
 9678.459   0.996679
 9678.476   0.997218
 9678.493   0.997844
 9678.511   0.998531
 9678.528   0.999250
 9678.545   0.999979
 9678.562   1.000697
 9678.580   1.001406
 9678.597   1.002109
 9678.614   1.002831
 9678.631   1.003555
 9678.649   1.004219
 9678.666   1.004720
 9678.683   1.004956
 9678.700   1.004881
 9678.718   1.004534
 9678.735   1.004060
 9678.752   1.003639
 9678.769   1.003430
 9678.787   1.003505
 9678.804   1.003832
 9678.821   1.004315
 9678.838   1.004844
 9678.856   1.005359
 9678.873   1.005844
 9678.890   1.006319
 9678.907   1.006771
 9678.925   1.007162
 9678.942   1.007419
 9678.959   1.007519
 9678.976   1.007518
 9678.994   1.007565
 9679.011   1.007854
 9679.028   1.008520
 9679.045   1.009574
 9679.063   1.010866
 9679.080   1.012158
 9679.097   1.013205
 9679.114   1.013872
 9679.132   1.014174
 9679.149   1.014249
 9679.166   1.014266
 9679.183   1.014344
 9679.201   1.014504
 9679.218   1.014688
 9679.235   1.014816
 9679.252   1.014846
 9679.270   1.014802
 9679.287   1.014741
 9679.304   1.014712
 9679.321   1.014701
 9679.339   1.014648
 9679.356   1.014493
 9679.373   1.014226
 9679.390   1.013897
 9679.408   1.013575
 9679.425   1.013290
 9679.442   1.012992
 9679.459   1.012565
 9679.477   1.011864
 9679.494   1.010814
 9679.511   1.009436
 9679.528   1.007851
 9679.546   1.006217
 9679.563   1.004627
 9679.580   1.003057
 9679.598   1.001333
 9679.615   0.999187
 9679.632   0.996327
 9679.649   0.992522
 9679.667   0.987686
 9679.684   0.981871
 9679.701   0.975301
 9679.718   0.968265
 9679.736   0.961106
 9679.753   0.954136
 9679.770   0.947591
 9679.787   0.941591
 9679.805   0.936102
 9679.822   0.931001
 9679.839   0.926070
 9679.856   0.921088
 9679.874   0.915809
 9679.891   0.909948
 9679.908   0.903171
 9679.925   0.895087
 9679.943   0.885293
 9679.960   0.873437
 9679.977   0.859282
 9679.994   0.842720
 9680.012   0.823685
 9680.029   0.802075
 9680.046   0.777648
 9680.063   0.750055
 9680.081   0.718921
 9680.098   0.683998
 9680.115   0.645331
 9680.132   0.603327
 9680.150   0.558654
 9680.167   0.512167
 9680.184   0.464733
 9680.201   0.417107
 9680.219   0.369986
 9680.236   0.324093
 9680.253   0.280229
 9680.270   0.239338
 9680.288   0.202506
 9680.305   0.170839
 9680.322   0.145294
 9680.339   0.126649
 9680.357   0.115510
 9680.374   0.112333
 9680.391   0.117450
 9680.408   0.130963
 9680.426   0.152699
 9680.443   0.182127
 9680.460   0.218378
 9680.477   0.260269
 9680.495   0.306374
 9680.512   0.355169
 9680.529   0.405174
 9680.546   0.455034
 9680.564   0.503628
 9680.581   0.550093
 9680.598   0.593902
 9680.615   0.634770
 9680.633   0.672596
 9680.650   0.707366
 9680.667   0.739066
 9680.684   0.767647
 9680.702   0.793040
 9680.719   0.815183
 9680.736   0.834023
 9680.753   0.849579
 9680.771   0.861962
 9680.788   0.871385
 9680.805   0.878079
 9680.823   0.882193
 9680.840   0.883663
 9680.857   0.882089
 9680.874   0.876832
 9680.892   0.867164
 9680.909   0.852635
 9680.926   0.833376
 9680.943   0.810345
 9680.961   0.785437
 9680.978   0.761235
 9680.995   0.740742
 9681.012   0.726870
 9681.030   0.721775
 9681.047   0.726629
 9681.064   0.741104
 9681.081   0.763708
 9681.099   0.791989
 9681.116   0.823181
 9681.133   0.854711
 9681.150   0.884528
 9681.168   0.911312
 9681.185   0.934378
 9681.202   0.953546
 9681.219   0.969029
 9681.237   0.981228
 9681.254   0.990688
 9681.271   0.997931
 9681.288   1.003421
 9681.306   1.007514
 9681.323   1.010450
 9681.340   1.012345
 9681.357   1.013218
 9681.375   1.013032
 9681.392   1.011726
 9681.409   1.009290
 9681.426   1.005740
 9681.444   1.001117
 9681.461   0.995421
 9681.478   0.988560
 9681.495   0.980308
 9681.513   0.970289
 9681.530   0.958028
 9681.547   0.942985
 9681.564   0.924688
 9681.582   0.902886
 9681.599   0.877706
 9681.616   0.849729
 9681.633   0.820063
 9681.651   0.790361
 9681.668   0.762715
 9681.685   0.739375
 9681.702   0.722327
 9681.720   0.712946
 9681.737   0.711722
 9681.754   0.718216
 9681.771   0.731199
 9681.789   0.749031
 9681.806   0.770074
 9681.823   0.792943
 9681.840   0.816637
 9681.858   0.840470
 9681.875   0.863953
 9681.892   0.886630
 9681.909   0.908066
 9681.927   0.927838
 9681.944   0.945581
 9681.961   0.961063
 9681.978   0.974232
 9681.996   0.985186
 9682.013   0.994126
 9682.030   1.001268
 9682.048   1.006807
 9682.065   1.010920
 9682.082   1.013813
 9682.099   1.015736
 9682.117   1.016956
 9682.134   1.017749
 9682.151   1.018285
 9682.168   1.018637
 9682.186   1.018701
 9682.203   1.018289
 9682.220   1.017166
 9682.237   1.015083
 9682.255   1.011881
 9682.272   1.007446
 9682.289   1.001789
 9682.306   0.995007
 9682.324   0.987308
 9682.341   0.979039
 9682.358   0.970662
 9682.375   0.962734
 9682.393   0.955837
 9682.410   0.950530
 9682.427   0.947242
 9682.444   0.946240
 9682.462   0.947529
 9682.479   0.950885
 9682.496   0.955789
 9682.513   0.961569
 9682.531   0.967489
 9682.548   0.972891
 9682.565   0.977335
 9682.582   0.980598
 9682.600   0.982697
 9682.617   0.983772
 9682.634   0.984017
 9682.651   0.983611
 9682.669   0.982725
 9682.686   0.981556
 9682.703   0.980347
 9682.720   0.979412
 9682.738   0.979056
 9682.755   0.979531
 9682.772   0.980931
 9682.789   0.983218
 9682.807   0.986214
 9682.824   0.989660
 9682.841   0.993269
 9682.858   0.996725
 9682.876   0.999737
 9682.893   1.002053
 9682.910   1.003529
 9682.927   1.004184
 9682.945   1.004203
 9682.962   1.003895
 9682.979   1.003580
 9682.996   1.003506
 9683.014   1.003760
 9683.031   1.004289
 9683.048   1.004956
 9683.065   1.005620
 9683.083   1.006177
 9683.100   1.006587
 9683.117   1.006843
 9683.134   1.006988
 9683.152   1.007094
 9683.169   1.007247
 9683.186   1.007513
 9683.203   1.007897
 9683.221   1.008314
 9683.238   1.008627
 9683.255   1.008706
 9683.273   1.008496
 9683.290   1.008047
 9683.307   1.007473
 9683.324   1.006884
 9683.342   1.006312
 9683.359   1.005706
 9683.376   1.004971
 9683.393   1.004052
 9683.411   1.002964
 9683.428   1.001789
 9683.445   1.000597
 9683.462   0.999421
 9683.480   0.998229
 9683.497   0.997006
 9683.514   0.995779
 9683.531   0.994660
 9683.549   0.993769
 9683.566   0.993197
 9683.583   0.992927
 9683.600   0.992866
 9683.618   0.992901
 9683.635   0.992946
 9683.652   0.992979
 9683.669   0.992990
 9683.687   0.992975
 9683.704   0.992889
 9683.721   0.992689
 9683.738   0.992327
 9683.756   0.991794
 9683.773   0.991108
 9683.790   0.990300
 9683.807   0.989402
 9683.825   0.988405
 9683.842   0.987275
 9683.859   0.985952
 9683.876   0.984361
 9683.894   0.982439
 9683.911   0.980125
 9683.928   0.977346
 9683.945   0.973977
 9683.963   0.969830
 9683.980   0.964640
 9683.997   0.958137
 9684.014   0.950120
 9684.032   0.940566
 9684.049   0.929762
 9684.066   0.918294
 9684.083   0.907025
 9684.101   0.896899
 9684.118   0.888777
 9684.135   0.883295
 9684.152   0.880800
 9684.170   0.881372
 9684.187   0.884898
 9684.204   0.891117
 9684.221   0.899611
 9684.239   0.909832
 9684.256   0.921086
 9684.273   0.932641
 9684.290   0.943775
 9684.308   0.953881
 9684.325   0.962521
 9684.342   0.969409
 9684.359   0.974388
 9684.377   0.977434
 9684.394   0.978671
 9684.411   0.978536
 9684.428   0.977683
 9684.446   0.976960
 9684.463   0.977102
 9684.480   0.978532
 9684.498   0.981216
 9684.515   0.984713
 9684.532   0.988384
 9684.549   0.991603
 9684.567   0.994010
 9684.584   0.995517
 9684.601   0.996308
 9684.618   0.996656
 9684.636   0.996833
 9684.653   0.996974
 9684.670   0.997104
 9684.687   0.997187
 9684.705   0.997209
 9684.722   0.997248
 9684.739   0.997434
 9684.756   0.997896
 9684.774   0.998664
 9684.791   0.999605
 9684.808   1.000508
 9684.825   1.001121
 9684.843   1.001358
 9684.860   1.001251
 9684.877   1.000998
 9684.894   1.000770
 9684.912   1.000660
 9684.929   1.000618
 9684.946   1.000501
 9684.963   1.000202
 9684.981   0.999668
 9684.998   0.999012
 9685.015   0.998392
 9685.032   0.997994
 9685.050   0.997916
 9685.067   0.998143
 9685.084   0.998540
 9685.101   0.998899
 9685.119   0.999027
 9685.136   0.998805
 9685.153   0.998252
 9685.170   0.997488
 9685.188   0.996710
 9685.205   0.996107
 9685.222   0.995813
 9685.239   0.995870
 9685.257   0.996234
 9685.274   0.996794
 9685.291   0.997393
 9685.308   0.997857
 9685.326   0.998039
 9685.343   0.997863
 9685.360   0.997344
 9685.377   0.996593
 9685.395   0.995760
 9685.412   0.994969
 9685.429   0.994255
 9685.446   0.993539
 9685.464   0.992640
 9685.481   0.991353
 9685.498   0.989506
 9685.515   0.986995
 9685.533   0.983802
 9685.550   0.979993
 9685.567   0.975693
 9685.584   0.971060
 9685.602   0.966303
 9685.619   0.961611
 9685.636   0.957171
 9685.653   0.953083
 9685.671   0.949392
 9685.688   0.946075
 9685.705   0.943082
 9685.723   0.940383
 9685.740   0.938002
 9685.757   0.936054
 9685.774   0.934693
 9685.792   0.934097
 9685.809   0.934399
 9685.826   0.935635
 9685.843   0.937719
 9685.861   0.940430
 9685.878   0.943457
 9685.895   0.946490
 9685.912   0.949302
 9685.930   0.951811
 9685.947   0.954052
 9685.964   0.956156
 9685.981   0.958232
 9685.999   0.960298
 9686.016   0.962250
 9686.033   0.963857
 9686.050   0.964819
 9686.068   0.964825
 9686.085   0.963650
 9686.102   0.961155
 9686.119   0.957329
 9686.137   0.952203
 9686.154   0.945763
 9686.171   0.937851
 9686.188   0.928088
 9686.206   0.915924
 9686.223   0.900694
 9686.240   0.881865
 9686.257   0.859216
 9686.275   0.833149
 9686.292   0.804836
 9686.309   0.776197
 9686.326   0.749751
 9686.344   0.728252
 9686.361   0.714092
 9686.378   0.708998
 9686.395   0.713522
 9686.413   0.727146
 9686.430   0.748200
 9686.447   0.774344
 9686.464   0.802991
 9686.482   0.831789
 9686.499   0.858947
 9686.516   0.883345
 9686.533   0.904458
 9686.551   0.922256
 9686.568   0.936962
 9686.585   0.948936
 9686.602   0.958556
 9686.620   0.966209
 9686.637   0.972262
 9686.654   0.977052
 9686.671   0.980888
 9686.689   0.984018
 9686.706   0.986634
 9686.723   0.988847
 9686.740   0.990722
 9686.758   0.992280
 9686.775   0.993548
 9686.792   0.994577
 9686.809   0.995447
 9686.827   0.996252
 9686.844   0.997039
 9686.861   0.997818
 9686.879   0.998508
 9686.896   0.999050
 9686.913   0.999387
 9686.930   0.999575
 9686.948   0.999727
 9686.965   0.999991
 9686.982   1.000484
 9686.999   1.001196
 9687.017   1.002052
 9687.034   1.002851
 9687.051   1.003426
 9687.068   1.003624
 9687.086   1.003418
 9687.103   1.002891
 9687.120   1.002204
 9687.137   1.001603
 9687.155   1.001260
 9687.172   1.001321
 9687.189   1.001763
 9687.206   1.002487
 9687.224   1.003305
 9687.241   1.004019
 9687.258   1.004487
 9687.275   1.004626
 9687.293   1.004458
 9687.310   1.004053
 9687.327   1.003553
 9687.344   1.003104
 9687.362   1.002831
 9687.379   1.002777
 9687.396   1.002901
 9687.413   1.003096
 9687.431   1.003240
 9687.448   1.003283
 9687.465   1.003244
 9687.482   1.003211
 9687.500   1.003264
 9687.517   1.003426
 9687.534   1.003643
 9687.551   1.003797
 9687.569   1.003781
 9687.586   1.003538
 9687.603   1.003112
 9687.620   1.002616
 9687.638   1.002181
 9687.655   1.001890
 9687.672   1.001723
 9687.689   1.001589
 9687.707   1.001356
 9687.724   1.000929
 9687.741   1.000277
 9687.758   0.999439
 9687.776   0.998460
 9687.793   0.997335
 9687.810   0.995971
 9687.827   0.994161
 9687.845   0.991643
 9687.862   0.988148
 9687.879   0.983503
 9687.896   0.977669
 9687.914   0.970788
 9687.931   0.963193
 9687.948   0.955388
 9687.965   0.948015
 9687.983   0.941804
 9688.000   0.937451
 9688.017   0.935475
 9688.034   0.936043
 9688.052   0.938915
 9688.069   0.943408
 9688.086   0.948621
 9688.104   0.953602
 9688.121   0.957584
 9688.138   0.960139
 9688.155   0.961162
 9688.173   0.960841
 9688.190   0.959488
 9688.207   0.957488
 9688.224   0.955215
 9688.242   0.953029
 9688.259   0.951250
 9688.276   0.950094
 9688.293   0.949657
 9688.311   0.949874
 9688.328   0.950591
 9688.345   0.951625
 9688.362   0.952804
 9688.380   0.953992
 9688.397   0.954955
 9688.414   0.955325
 9688.431   0.954533
 9688.449   0.951900
 9688.466   0.946776
 9688.483   0.938682
 9688.500   0.927468
 9688.518   0.913305
 9688.535   0.896767
 9688.552   0.878773
 9688.569   0.860675
 9688.587   0.844077
 9688.604   0.830715
 9688.621   0.822181
 9688.638   0.819604
 9688.656   0.823427
 9688.673   0.833246
 9688.690   0.847907
 9688.707   0.865752
 9688.725   0.884938
 9688.742   0.903812
 9688.759   0.921130
 9688.776   0.936176
 9688.794   0.948696
 9688.811   0.958787
 9688.828   0.966780
 9688.845   0.973146
 9688.863   0.978338
 9688.880   0.982750
 9688.897   0.986584
 9688.914   0.989904
 9688.932   0.992637
 9688.949   0.994706
 9688.966   0.996110
 9688.983   0.996957
 9689.001   0.997461
 9689.018   0.997820
 9689.035   0.998182
 9689.052   0.998559
 9689.070   0.998870
 9689.087   0.998975
 9689.104   0.998762
 9689.121   0.998174
 9689.139   0.997216
 9689.156   0.995879
 9689.173   0.994081
 9689.190   0.991610
 9689.208   0.988181
 9689.225   0.983577
 9689.242   0.977791
 9689.259   0.971216
 9689.277   0.964521
 9689.294   0.958588
 9689.311   0.954127
 9689.329   0.951571
 9689.346   0.950934
 9689.363   0.951960
 9689.380   0.954301
 9689.398   0.957638
 9689.415   0.961784
 9689.432   0.966532
 9689.449   0.971670
 9689.467   0.976857
 9689.484   0.981736
 9689.501   0.985966
 9689.518   0.989363
 9689.536   0.991904
 9689.553   0.993713
 9689.570   0.995007
 9689.587   0.995963
 9689.605   0.996705
 9689.622   0.997211
 9689.639   0.997403
 9689.656   0.997172
 9689.674   0.996486
 9689.691   0.995424
 9689.708   0.994139
 9689.725   0.992821
 9689.743   0.991596
 9689.760   0.990514
 9689.777   0.989543
 9689.794   0.988622
 9689.812   0.987688
 9689.829   0.986715
 9689.846   0.985687
 9689.863   0.984611
 9689.881   0.983495
 9689.898   0.982366
 9689.915   0.981263
 9689.932   0.980172
 9689.950   0.979007
 9689.967   0.977476
 9689.984   0.975163
 9690.001   0.971512
 9690.019   0.966057
 9690.036   0.958555
 9690.053   0.949147
 9690.070   0.938397
 9690.088   0.927193
 9690.105   0.916650
 9690.122   0.907865
 9690.139   0.901806
 9690.157   0.899141
 9690.174   0.900146
 9690.191   0.904706
 9690.208   0.912260
 9690.226   0.921970
 9690.243   0.932811
 9690.260   0.943825
 9690.277   0.954211
 9690.295   0.963454
 9690.312   0.971343
 9690.329   0.977908
 9690.346   0.983341
 9690.364   0.987867
 9690.381   0.991679
 9690.398   0.994860
 9690.415   0.997425
 9690.433   0.999345
 9690.450   1.000629
 9690.467   1.001371
 9690.484   1.001740
 9690.502   1.001949
 9690.519   1.002168
 9690.536   1.002515
 9690.554   1.002997
 9690.571   1.003564
 9690.588   1.004127
 9690.605   1.004615
 9690.623   1.004999
 9690.640   1.005307
 9690.657   1.005596
 9690.674   1.005930
 9690.692   1.006340
 9690.709   1.006828
 9690.726   1.007348
 9690.743   1.007850
 9690.761   1.008278
 9690.778   1.008602
 9690.795   1.008811
 9690.812   1.008921
 9690.830   1.008972
 9690.847   1.008987
 9690.864   1.008990
 9690.881   1.008955
 9690.899   1.008852
 9690.916   1.008648
 9690.933   1.008347
 9690.950   1.007994
 9690.968   1.007656
 9690.985   1.007389
 9691.002   1.007169
 9691.019   1.006909
 9691.037   1.006461
 9691.054   1.005698
 9691.071   1.004532
 9691.088   1.002964
 9691.106   1.001047
 9691.123   0.998875
 9691.140   0.996562
 9691.157   0.994243
 9691.175   0.992083
 9691.192   0.990257
 9691.209   0.988937
 9691.226   0.988225
 9691.244   0.988145
 9691.261   0.988588
 9691.278   0.989321
 9691.295   0.990020
 9691.313   0.990331
 9691.330   0.989971
 9691.347   0.988789
 9691.364   0.986842
 9691.382   0.984324
 9691.399   0.981521
 9691.416   0.978663
 9691.433   0.975877
 9691.451   0.973130
 9691.468   0.970270
 9691.485   0.967060
 9691.502   0.963202
 9691.520   0.958371
 9691.537   0.952174
 9691.554   0.944186
 9691.571   0.933917
 9691.589   0.920875
 9691.606   0.904645
 9691.623   0.885027
 9691.640   0.862221
 9691.658   0.836860
 9691.675   0.809968
 9691.692   0.782803
 9691.709   0.756582
 9691.727   0.732161
 9691.744   0.709911
 9691.761   0.689549
 9691.779   0.670379
 9691.796   0.651507
 9691.813   0.632403
 9691.830   0.613241
 9691.848   0.595115
 9691.865   0.579950
 9691.882   0.570087
 9691.899   0.567792
 9691.917   0.574551
 9691.934   0.590745
 9691.951   0.615447
 9691.968   0.646748
 9691.986   0.682117
 9692.003   0.718917
 9692.020   0.754742
 9692.037   0.787787
 9692.055   0.816868
 9692.072   0.841438
 9692.089   0.861360
 9692.106   0.876769
 9692.124   0.887890
 9692.141   0.894957
 9692.158   0.898250
 9692.175   0.898179
 9692.193   0.895411
 9692.210   0.890902
 9692.227   0.885880
 9692.244   0.881655
 9692.262   0.879411
 9692.279   0.879966
 9692.296   0.883677
 9692.313   0.890411
 9692.331   0.899667
 9692.348   0.910701
 9692.365   0.922645
 9692.382   0.934634
 9692.400   0.945910
 9692.417   0.955948
 9692.434   0.964478
 9692.451   0.971493
 9692.469   0.977144
 9692.486   0.981714
 9692.503   0.985459
 9692.520   0.988598
 9692.538   0.991235
 9692.555   0.993401
 9692.572   0.995089
 9692.589   0.996313
 9692.607   0.997166
 9692.624   0.997790
 9692.641   0.998387
 9692.658   0.999078
 9692.676   0.999917
 9692.693   1.000824
 9692.710   1.001675
 9692.727   1.002334
 9692.745   1.002694
 9692.762   1.002706
 9692.779   1.002317
 9692.796   1.001491
 9692.814   1.000187
 9692.831   0.998401
 9692.848   0.996218
 9692.865   0.993788
 9692.883   0.991329
 9692.900   0.989043
 9692.917   0.987073
 9692.934   0.985510
 9692.952   0.984398
 9692.969   0.983815
 9692.986   0.983850
 9693.004   0.984625
 9693.021   0.986199
 9693.038   0.988519
 9693.055   0.991396
 9693.073   0.994523
 9693.090   0.997593
 9693.107   1.000348
 9693.124   1.002663
 9693.142   1.004498
 9693.159   1.005876
 9693.176   1.006825
 9693.193   1.007373
 9693.211   1.007551
 9693.228   1.007439
 9693.245   1.007130
 9693.262   1.006757
 9693.280   1.006394
 9693.297   1.006083
 9693.314   1.005794
 9693.331   1.005480
 9693.349   1.005112
 9693.366   1.004681
 9693.383   1.004224
 9693.400   1.003719
 9693.418   1.003127
 9693.435   1.002339
 9693.452   1.001261
 9693.469   0.999846
 9693.487   0.998158
 9693.504   0.996387
 9693.521   0.994781
 9693.538   0.993608
 9693.556   0.993043
 9693.573   0.993148
 9693.590   0.993859
 9693.607   0.995007
 9693.625   0.996396
 9693.642   0.997855
 9693.659   0.999264
 9693.676   1.000587
 9693.694   1.001796
 9693.711   1.002889
 9693.728   1.003813
 9693.745   1.004508
 9693.763   1.004898
 9693.780   1.004934
 9693.797   1.004620
 9693.814   1.003981
 9693.832   1.003093
 9693.849   1.002005
 9693.866   1.000784
 9693.883   0.999436
 9693.901   0.997933
 9693.918   0.996169
 9693.935   0.993990
 9693.952   0.991275
 9693.970   0.987975
 9693.987   0.984249
 9694.004   0.980416
 9694.021   0.976946
 9694.039   0.974301
 9694.056   0.972835
 9694.073   0.972703
 9694.090   0.973842
 9694.108   0.976022
 9694.125   0.978895
 9694.142   0.982080
 9694.159   0.985202
 9694.177   0.987976
 9694.194   0.990211
 9694.211   0.991844
 9694.229   0.992880
 9694.246   0.993385
 9694.263   0.993432
 9694.280   0.993074
 9694.298   0.992339
 9694.315   0.991216
 9694.332   0.989673
 9694.349   0.987623
 9694.367   0.984907
 9694.384   0.981223
 9694.401   0.976033
 9694.418   0.968532
 9694.436   0.957690
 9694.453   0.942540
 9694.470   0.922564
 9694.487   0.898087
 9694.505   0.870539
 9694.522   0.842390
 9694.539   0.816716
 9694.556   0.796650
 9694.574   0.784663
 9694.591   0.782081
 9694.608   0.788709
 9694.625   0.802686
 9694.643   0.821043
 9694.660   0.840219
 9694.677   0.857130
 9694.694   0.869536
 9694.712   0.876322
 9694.729   0.877267
 9694.746   0.872810
 9694.763   0.863887
 9694.781   0.851855
 9694.798   0.838486
 9694.815   0.825892
 9694.832   0.816381
 9694.850   0.812043
 9694.867   0.814345
 9694.884   0.823767
 9694.901   0.839539
 9694.919   0.859950
 9694.936   0.882585
 9694.953   0.905090
 9694.970   0.925561
 9694.988   0.942931
 9695.005   0.956916
 9695.022   0.967765
 9695.039   0.976005
 9695.057   0.982193
 9695.074   0.986807
 9695.091   0.990224
 9695.108   0.992689
 9695.126   0.994382
 9695.143   0.995440
 9695.160   0.996025
 9695.177   0.996299
 9695.195   0.996440
 9695.212   0.996565
 9695.229   0.996737
 9695.246   0.996943
 9695.264   0.997145
 9695.281   0.997292
 9695.298   0.997352
 9695.315   0.997319
 9695.333   0.997207
 9695.350   0.997038
 9695.367   0.996809
 9695.384   0.996441
 9695.402   0.995754
 9695.419   0.994488
 9695.436   0.992358
 9695.454   0.989175
 9695.471   0.984898
 9695.488   0.979696
 9695.505   0.973915
 9695.523   0.968044
 9695.540   0.962660
 9695.557   0.958384
 9695.574   0.955773
 9695.592   0.955246
 9695.609   0.956927
 9695.626   0.960632
 9695.643   0.965855
 9695.661   0.971908
 9695.678   0.978081
 9695.695   0.983746
 9695.712   0.988474
 9695.730   0.992053
 9695.747   0.994501
 9695.764   0.995991
 9695.781   0.996811
 9695.799   0.997277
 9695.816   0.997660
 9695.833   0.998141
 9695.850   0.998745
 9695.868   0.999371
 9695.885   0.999819
 9695.902   0.999917
 9695.919   0.999596
 9695.937   0.998957
 9695.954   0.998252
 9695.971   0.997775
 9695.988   0.997776
 9696.006   0.998342
 9696.023   0.999381
 9696.040   1.000655
 9696.057   1.001839
 9696.075   1.002643
 9696.092   1.002890
 9696.109   1.002573
 9696.126   1.001847
 9696.144   1.000961
 9696.161   1.000149
 9696.178   0.999570
 9696.195   0.999265
 9696.213   0.999177
 9696.230   0.999207
 9696.247   0.999236
 9696.264   0.999200
 9696.282   0.999065
 9696.299   0.998873
 9696.316   0.998690
 9696.333   0.998594
 9696.351   0.998651
 9696.368   0.998858
 9696.385   0.999199
 9696.402   0.999608
 9696.420   1.000030
 9696.437   1.000399
 9696.454   1.000683
 9696.471   1.000860
 9696.489   1.000928
 9696.506   1.000907
 9696.523   1.000818
 9696.540   1.000720
 9696.558   1.000664
 9696.575   1.000720
 9696.592   1.000934
 9696.610   1.001329
 9696.627   1.001868
 9696.644   1.002454
 9696.661   1.002938
 9696.679   1.003159
 9696.696   1.003014
 9696.713   1.002490
 9696.730   1.001738
 9696.748   1.000974
 9696.765   1.000450
 9696.782   1.000268
 9696.799   1.000330
 9696.817   1.000330
 9696.834   0.999857
 9696.851   0.998673
 9696.868   0.996799
 9696.886   0.994676
 9696.903   0.992899
 9696.920   0.992054
 9696.937   0.992342
 9696.955   0.993506
 9696.972   0.994937
 9696.989   0.995889
 9697.006   0.995875
 9697.024   0.994718
 9697.041   0.992676
 9697.058   0.990143
 9697.075   0.987547
 9697.093   0.985122
 9697.110   0.982905
 9697.127   0.980795
 9697.144   0.978678
 9697.162   0.976581
 9697.179   0.974678
 9697.196   0.973302
 9697.213   0.972741
 9697.231   0.973219
 9697.248   0.974731
 9697.265   0.977136
 9697.282   0.980154
 9697.300   0.983445
 9697.317   0.986612
 9697.334   0.989297
 9697.351   0.991231
 9697.369   0.992351
 9697.386   0.992827
 9697.403   0.992950
 9697.420   0.993053
 9697.438   0.993310
 9697.455   0.993767
 9697.472   0.994339
 9697.489   0.994899
 9697.507   0.995348
 9697.524   0.995602
 9697.541   0.995637
 9697.558   0.995473
 9697.576   0.995193
 9697.593   0.994940
 9697.610   0.994819
 9697.627   0.994878
 9697.645   0.995013
 9697.662   0.995054
 9697.679   0.994853
 9697.696   0.994377
 9697.714   0.993733
 9697.731   0.993052
 9697.748   0.992402
 9697.765   0.991699
 9697.783   0.990806
 9697.800   0.989616
 9697.817   0.988159
 9697.835   0.986560
 9697.852   0.984926
 9697.869   0.983265
 9697.886   0.981418
 9697.904   0.979171
 9697.921   0.976293
 9697.938   0.972629
 9697.955   0.968038
 9697.973   0.962358
 9697.990   0.955375
 9698.007   0.946787
 9698.024   0.936344
 9698.042   0.923844
 9698.059   0.909329
 9698.076   0.893019
 9698.093   0.875308
 9698.111   0.856607
 9698.128   0.837203
 9698.145   0.817207
 9698.162   0.796480
 9698.180   0.774797
 9698.197   0.752001
 9698.214   0.728263
 9698.231   0.704259
 9698.249   0.681353
 9698.266   0.661426
 9698.283   0.646763
 9698.300   0.639483
 9698.318   0.641166
 9698.335   0.652339
 9698.352   0.672343
 9698.369   0.699454
 9698.387   0.731201
 9698.404   0.764975
 9698.421   0.798437
 9698.438   0.829806
 9698.456   0.857929
 9698.473   0.882247
 9698.490   0.902700
 9698.507   0.919529
 9698.525   0.933151
 9698.542   0.944061
 9698.559   0.952788
 9698.576   0.959825
 9698.594   0.965631
 9698.611   0.970591
 9698.628   0.975003
 9698.645   0.979091
 9698.663   0.982949
 9698.680   0.986564
 9698.697   0.989838
 9698.714   0.992637
 9698.732   0.994919
 9698.749   0.996745
 9698.766   0.998319
 9698.783   0.999863
 9698.801   1.001542
 9698.818   1.003361
 9698.835   1.005168
 9698.852   1.006744
 9698.870   1.007891
 9698.887   1.008555
 9698.904   1.008788
 9698.921   1.008775
 9698.939   1.008700
 9698.956   1.008745
 9698.973   1.009019
 9698.990   1.009548
 9699.008   1.010274
 9699.025   1.011043
 9699.042   1.011682
 9699.060   1.012034
 9699.077   1.012060
 9699.094   1.011878
 9699.111   1.011704
 9699.129   1.011766
 9699.146   1.012133
 9699.163   1.012685
 9699.180   1.013133
 9699.198   1.013173
 9699.215   1.012650
 9699.232   1.011591
 9699.249   1.010209
 9699.267   1.008737
 9699.284   1.007329
 9699.301   1.005969
 9699.318   1.004471
 9699.336   1.002551
 9699.353   0.999874
 9699.370   0.996140
 9699.387   0.991163
 9699.405   0.984904
 9699.422   0.977520
 9699.439   0.969349
 9699.456   0.960899
 9699.474   0.952812
 9699.491   0.945777
 9699.508   0.940468
 9699.525   0.937426
 9699.543   0.936993
 9699.560   0.939232
 9699.577   0.943910
 9699.594   0.950524
 9699.612   0.958363
 9699.629   0.966646
 9699.646   0.974636
 9699.663   0.981783
 9699.681   0.987767
 9699.698   0.992530
 9699.715   0.996175
 9699.732   0.998912
 9699.750   1.000956
 9699.767   1.002463
 9699.784   1.003482
 9699.801   1.003965
 9699.819   1.003787
 9699.836   1.002795
 9699.853   1.000842
 9699.870   0.997794
 9699.888   0.993526
 9699.905   0.987830
 9699.922   0.980371
 9699.939   0.970599
 9699.957   0.957768
 9699.974   0.941033
 9699.991   0.919725
 9700.008   0.893647
 9700.026   0.863310
 9700.043   0.830141
 9700.060   0.796330
 9700.077   0.764761
 9700.095   0.738482
 9700.112   0.720287
 9700.129   0.712235
 9700.146   0.715279
 9700.164   0.729056
 9700.181   0.751921
 9700.198   0.781222
 9700.215   0.813905
 9700.233   0.846979
 9700.250   0.877995
 9700.267   0.905373
 9700.285   0.928360
 9700.302   0.947005
 9700.319   0.961828
 9700.336   0.973623
 9700.354   0.983169
 9700.371   0.991083
 9700.388   0.997728
 9700.405   1.003252
 9700.423   1.007645
 9700.440   1.010850
 9700.457   1.012887
 9700.474   1.013883
 9700.492   1.014131
 9700.509   1.013947
 9700.526   1.013626
 9700.543   1.013298
 9700.561   1.012931
 9700.578   1.012356
 9700.595   1.011347
 9700.612   1.009734
 9700.630   1.007392
 9700.647   1.004288
 9700.664   1.000398
 9700.681   0.995741
 9700.699   0.990386
 9700.716   0.984501
 9700.733   0.978385
 9700.750   0.972423
 9700.768   0.967035
 9700.785   0.962564
 9700.802   0.959249
 9700.819   0.957096
 9700.837   0.955932
 9700.854   0.955360
 9700.871   0.954890
 9700.888   0.954017
 9700.906   0.952366
 9700.923   0.949729
 9700.940   0.946050
 9700.957   0.941329
 9700.975   0.935532
 9700.992   0.928536
 9701.009   0.920161
 9701.026   0.910265
 9701.044   0.898756
 9701.061   0.885574
 9701.078   0.870589
 9701.095   0.853592
 9701.113   0.834250
 9701.130   0.812186
 9701.147   0.787043
 9701.164   0.758508
 9701.182   0.726279
 9701.199   0.690043
 9701.216   0.649508
 9701.233   0.604569
 9701.251   0.555478
 9701.268   0.502928
 9701.285   0.448125
 9701.302   0.392679
 9701.320   0.338514
 9701.337   0.287785
 9701.354   0.242707
 9701.371   0.205333
 9701.389   0.177453
 9701.406   0.160399
 9701.423   0.154977
 9701.440   0.161406
 9701.458   0.179380
 9701.475   0.208034
 9701.492   0.246003
 9701.510   0.291444
 9701.527   0.342261
 9701.544   0.396211
 9701.561   0.451157
 9701.579   0.505270
 9701.596   0.557128
 9701.613   0.605718
 9701.630   0.650421
 9701.648   0.690903
 9701.665   0.727076
 9701.682   0.759083
 9701.699   0.787279
 9701.717   0.812144
 9701.734   0.834159
 9701.751   0.853665
 9701.768   0.870850
 9701.786   0.885762
 9701.803   0.898450
 9701.820   0.909051
 9701.837   0.917847
 9701.855   0.925241
 9701.872   0.931646
 9701.889   0.937444
 9701.906   0.942877
 9701.924   0.948075
 9701.941   0.953079
 9701.958   0.957877
 9701.975   0.962458
 9701.993   0.966813
 9702.010   0.970907
 9702.027   0.974684
 9702.044   0.978029
 9702.062   0.980867
 9702.079   0.983177
 9702.096   0.985075
 9702.113   0.986799
 9702.131   0.988608
 9702.148   0.990703
 9702.165   0.993113
 9702.182   0.995688
 9702.200   0.998165
 9702.217   1.000273
 9702.234   1.001857
 9702.251   1.002914
 9702.269   1.003556
 9702.286   1.003962
 9702.303   1.004256
 9702.320   1.004555
 9702.338   1.004926
 9702.355   1.005467
 9702.372   1.006248
 9702.389   1.007295
 9702.407   1.008516
 9702.424   1.009694
 9702.441   1.010596
 9702.458   1.011016
 9702.476   1.010902
 9702.493   1.010319
 9702.510   1.009455
 9702.527   1.008533
 9702.545   1.007792
 9702.562   1.007442
 9702.579   1.007590
 9702.596   1.008211
 9702.614   1.009078
 9702.631   1.009887
 9702.648   1.010317
 9702.665   1.010219
 9702.683   1.009657
 9702.700   1.008904
 9702.717   1.008302
 9702.735   1.008094
 9702.752   1.008322
 9702.769   1.008783
 9702.786   1.009159
 9702.804   1.009150
 9702.821   1.008621
 9702.838   1.007659
 9702.855   1.006526
 9702.873   1.005528
 9702.890   1.004883
 9702.907   1.004644
 9702.924   1.004694
 9702.942   1.004854
 9702.959   1.004968
 9702.976   1.004966
 9702.993   1.004871
 9703.011   1.004745
 9703.028   1.004639
 9703.045   1.004546
 9703.062   1.004437
 9703.080   1.004240
 9703.097   1.003928
 9703.114   1.003477
 9703.131   1.002921
 9703.149   1.002292
 9703.166   1.001634
 9703.183   1.000999
 9703.200   1.000423
 9703.218   0.999977
 9703.235   0.999704
 9703.252   0.999661
 9703.269   0.999835
 9703.287   1.000121
 9703.304   1.000338
 9703.321   1.000272
 9703.338   0.999825
 9703.356   0.999047
 9703.373   0.998157
 9703.390   0.997427
 9703.407   0.997032
 9703.425   0.996983
 9703.442   0.997130
 9703.459   0.997289
 9703.476   0.997358
 9703.494   0.997328
 9703.511   0.997234
 9703.528   0.997083
 9703.545   0.996818
 9703.563   0.996408
 9703.580   0.995892
 9703.597   0.995392
 9703.614   0.995022
 9703.632   0.994801
 9703.649   0.994614
 9703.666   0.994314
 9703.683   0.993836
 9703.701   0.993300
 9703.718   0.992926
 9703.735   0.992913
 9703.752   0.993281
 9703.770   0.993826
 9703.787   0.994254
 9703.804   0.994302
 9703.821   0.993930
 9703.839   0.993284
 9703.856   0.992640
 9703.873   0.992222
 9703.890   0.992102
 9703.908   0.992227
 9703.925   0.992459
 9703.942   0.992695
 9703.960   0.992866
 9703.977   0.992943
 9703.994   0.992872
 9704.011   0.992611
 9704.029   0.992125
 9704.046   0.991473
 9704.063   0.990767
 9704.080   0.990179
 9704.098   0.989827
 9704.115   0.989760
 9704.132   0.989949
 9704.149   0.990270
 9704.167   0.990633
 9704.184   0.990938
 9704.201   0.991197
 9704.218   0.991450
 9704.236   0.991753
 9704.253   0.992127
 9704.270   0.992514
 9704.287   0.992850
 9704.305   0.993062
 9704.322   0.993105
 9704.339   0.992962
 9704.356   0.992568
 9704.374   0.991873
 9704.391   0.990800
 9704.408   0.989369
 9704.425   0.987682
 9704.443   0.985933
 9704.460   0.984344
 9704.477   0.983067
 9704.494   0.982173
 9704.512   0.981599
 9704.529   0.981252
 9704.546   0.981025
 9704.563   0.980892
 9704.581   0.980879
 9704.598   0.981045
 9704.615   0.981439
 9704.632   0.982032
 9704.650   0.982759
 9704.667   0.983489
 9704.684   0.984117
 9704.701   0.984560
 9704.719   0.984783
 9704.736   0.984805
 9704.753   0.984669
 9704.770   0.984493
 9704.788   0.984400
 9704.805   0.984520
 9704.822   0.984895
 9704.839   0.985459
 9704.857   0.986038
 9704.874   0.986399
 9704.891   0.986362
 9704.908   0.985796
 9704.926   0.984692
 9704.943   0.983075
 9704.960   0.981045
 9704.977   0.978722
 9704.995   0.976248
 9705.012   0.973770
 9705.029   0.971357
 9705.046   0.969006
 9705.064   0.966611
 9705.081   0.964038
 9705.098   0.961206
 9705.116   0.958105
 9705.133   0.954779
 9705.150   0.951189
 9705.167   0.947104
 9705.185   0.942089
 9705.202   0.935582
 9705.219   0.927092
 9705.236   0.916400
 9705.254   0.903683
 9705.271   0.889540
 9705.288   0.874931
 9705.305   0.861064
 9705.323   0.849288
 9705.340   0.840888
 9705.357   0.836930
 9705.374   0.838044
 9705.392   0.844282
 9705.409   0.854991
 9705.426   0.868977
 9705.443   0.884682
 9705.461   0.900610
 9705.478   0.915605
 9705.495   0.928916
 9705.512   0.940250
 9705.530   0.949556
 9705.547   0.957019
 9705.564   0.962948
 9705.581   0.967707
 9705.599   0.971688
 9705.616   0.975133
 9705.633   0.978170
 9705.650   0.980761
 9705.668   0.982847
 9705.685   0.984423
 9705.702   0.985559
 9705.719   0.986411
 9705.737   0.987105
 9705.754   0.987731
 9705.771   0.988277
 9705.788   0.988695
 9705.806   0.988928
 9705.823   0.988983
 9705.840   0.988934
 9705.857   0.988891
 9705.875   0.988972
 9705.892   0.989235
 9705.909   0.989704
 9705.926   0.990345
 9705.944   0.991133
 9705.961   0.992018
 9705.978   0.992902
 9705.995   0.993645
 9706.013   0.994065
 9706.030   0.994057
 9706.047   0.993622
 9706.064   0.992925
 9706.082   0.992190
 9706.099   0.991621
 9706.116   0.991288
 9706.133   0.991135
 9706.151   0.991086
 9706.168   0.991095
 9706.185   0.991214
 9706.202   0.991506
 9706.220   0.991977
 9706.237   0.992535
 9706.254   0.993026
 9706.271   0.993333
 9706.289   0.993439
 9706.306   0.993412
 9706.323   0.993323
 9706.341   0.993194
 9706.358   0.993013
 9706.375   0.992801
 9706.392   0.992657
 9706.410   0.992723
 9706.427   0.993085
 9706.444   0.993693
 9706.461   0.994353
 9706.479   0.994811
 9706.496   0.994871
 9706.513   0.994492
 9706.530   0.993810
 9706.548   0.993096
 9706.565   0.992644
 9706.582   0.992680
 9706.599   0.993232
 9706.617   0.994140
 9706.634   0.995113
 9706.651   0.995865
 9706.668   0.996292
 9706.686   0.996443
 9706.703   0.996542
 9706.720   0.996768
 9706.737   0.997214
 9706.755   0.997820
 9706.772   0.998428
 9706.789   0.998896
 9706.806   0.999121
 9706.824   0.999133
 9706.841   0.999007
 9706.858   0.998885
 9706.875   0.998831
 9706.893   0.998854
 9706.910   0.998882
 9706.927   0.998818
 9706.944   0.998670
 9706.962   0.998524
 9706.979   0.998569
 9706.996   0.998925
 9707.013   0.999592
 9707.031   1.000390
 9707.048   1.001038
 9707.065   1.001296
 9707.082   1.001097
 9707.100   1.000554
 9707.117   0.999936
 9707.134   0.999462
 9707.151   0.999223
 9707.169   0.999114
 9707.186   0.998956
 9707.203   0.998634
 9707.220   0.998145
 9707.238   0.997644
 9707.255   0.997252
 9707.272   0.997071
 9707.289   0.997089
 9707.307   0.997329
 9707.324   0.997846
 9707.341   0.998705
 9707.358   0.999911
 9707.376   1.001267
 9707.393   1.002478
 9707.410   1.003207
 9707.427   1.003291
 9707.445   1.002805
 9707.462   1.002027
 9707.479   1.001341
 9707.496   1.001005
 9707.514   1.001093
 9707.531   1.001487
 9707.548   1.001969
 9707.566   1.002355
 9707.583   1.002555
 9707.600   1.002576
 9707.617   1.002458
 9707.635   1.002242
 9707.652   1.001961
 9707.669   1.001676
 9707.686   1.001473
 9707.704   1.001467
 9707.721   1.001715
 9707.738   1.002217
 9707.755   1.002879
 9707.773   1.003544
 9707.790   1.004075
 9707.807   1.004359
 9707.824   1.004388
 9707.842   1.004214
 9707.859   1.003947
 9707.876   1.003705
 9707.893   1.003519
 9707.911   1.003360
 9707.928   1.003087
 9707.945   1.002567
 9707.962   1.001707
 9707.980   1.000480
 9707.997   0.998944
 9708.014   0.997134
 9708.031   0.995104
 9708.049   0.992888
 9708.066   0.990549
 9708.083   0.988256
 9708.100   0.986201
 9708.118   0.984624
 9708.135   0.983630
 9708.152   0.983216
 9708.169   0.983264
 9708.187   0.983647
 9708.204   0.984326
 9708.221   0.985297
 9708.238   0.986583
 9708.256   0.988057
 9708.273   0.989471
 9708.290   0.990488
 9708.307   0.990832
 9708.325   0.990405
 9708.342   0.989249
 9708.359   0.987567
 9708.376   0.985506
 9708.394   0.983212
 9708.411   0.980750
 9708.428   0.978186
 9708.445   0.975592
 9708.463   0.973019
 9708.480   0.970506
 9708.497   0.967960
 9708.514   0.965223
 9708.532   0.962034
 9708.549   0.958140
 9708.566   0.953338
 9708.583   0.947495
 9708.601   0.940522
 9708.618   0.932285
 9708.635   0.922536
 9708.652   0.910907
 9708.670   0.896911
 9708.687   0.880024
 9708.704   0.859690
 9708.721   0.835389
 9708.739   0.806656
 9708.756   0.773175
 9708.773   0.734932
 9708.791   0.692393
 9708.808   0.646702
 9708.825   0.599813
 9708.842   0.554238
 9708.860   0.512914
 9708.877   0.478895
 9708.894   0.455041
 9708.911   0.443524
 9708.929   0.445561
 9708.946   0.461082
 9708.963   0.488730
 9708.980   0.526068
 9708.998   0.570004
 9709.015   0.617222
 9709.032   0.664661
 9709.049   0.709842
 9709.067   0.751191
 9709.084   0.787895
 9709.101   0.819874
 9709.118   0.847408
 9709.136   0.870905
 9709.153   0.890774
 9709.170   0.907348
 9709.187   0.920949
 9709.205   0.931889
 9709.222   0.940567
 9709.239   0.947407
 9709.256   0.952807
 9709.274   0.957111
 9709.291   0.960561
 9709.308   0.963399
 9709.325   0.965826
 9709.343   0.968033
 9709.360   0.970145
 9709.377   0.972195
 9709.394   0.974182
 9709.412   0.976100
 9709.429   0.978009
 9709.446   0.979976
 9709.463   0.982062
 9709.481   0.984242
 9709.498   0.986417
 9709.515   0.988477
 9709.532   0.990329
 9709.550   0.991973
 9709.567   0.993454
 9709.584   0.994819
 9709.601   0.996077
 9709.619   0.997191
 9709.636   0.998142
 9709.653   0.998953
 9709.670   0.999714
 9709.688   1.000505
 9709.705   1.001335
 9709.722   1.002107
 9709.739   1.002692
 9709.757   1.002998
 9709.774   1.003037
 9709.791   1.002901
 9709.808   1.002677
 9709.826   1.002397
 9709.843   1.002013
 9709.860   1.001524
 9709.877   1.000973
 9709.895   1.000507
 9709.912   1.000264
 9709.929   1.000289
 9709.946   1.000509
 9709.964   1.000750
 9709.981   1.000888
 9709.998   1.000923
 9710.016   1.000980
 9710.033   1.001229
 9710.050   1.001723
 9710.067   1.002334
 9710.085   1.002821
 9710.102   1.002986
 9710.119   1.002815
 9710.136   1.002534
 9710.154   1.002425
 9710.171   1.002691
 9710.188   1.003283
 9710.205   1.003968
 9710.223   1.004486
 9710.240   1.004677
 9710.257   1.004613
 9710.274   1.004420
 9710.292   1.004243
 9710.309   1.004090
 9710.326   1.003875
 9710.343   1.003504
 9710.361   1.002925
 9710.378   1.002185
 9710.395   1.001368
 9710.412   1.000546
 9710.430   0.999765
 9710.447   0.998988
 9710.464   0.998133
 9710.481   0.997044
 9710.499   0.995568
 9710.516   0.993583
 9710.533   0.991086
 9710.550   0.988199
 9710.568   0.985107
 9710.585   0.982005
 9710.602   0.978997
 9710.619   0.976141
 9710.637   0.973463
 9710.654   0.971081
 9710.671   0.969176
 9710.688   0.967988
 9710.706   0.967732
 9710.723   0.968472
 9710.740   0.970137
 9710.757   0.972471
 9710.775   0.975193
 9710.792   0.978010
 9710.809   0.980688
 9710.826   0.983048
 9710.844   0.984876
 9710.861   0.986036
 9710.878   0.986436
 9710.895   0.986194
 9710.913   0.985569
 9710.930   0.984894
 9710.947   0.984469
 9710.964   0.984397
 9710.982   0.984672
 9710.999   0.985232
 9711.016   0.986056
 9711.033   0.987240
 9711.051   0.988797
 9711.068   0.990675
 9711.085   0.992659
 9711.102   0.994456
 9711.120   0.995824
 9711.137   0.996613
 9711.154   0.996843
 9711.171   0.996637
 9711.189   0.996203
 9711.206   0.995739
 9711.223   0.995417
 9711.241   0.995316
 9711.258   0.995459
 9711.275   0.995779
 9711.292   0.996199
 9711.310   0.996581
 9711.327   0.996795
 9711.344   0.996721
 9711.361   0.996315
 9711.379   0.995641
 9711.396   0.994872
 9711.413   0.994225
 9711.430   0.993840
 9711.448   0.993716
 9711.465   0.993665
 9711.482   0.993462
 9711.499   0.992920
 9711.517   0.992087
 9711.534   0.991177
 9711.551   0.990506
 9711.568   0.990289
 9711.586   0.990483
 9711.603   0.990870
 9711.620   0.991094
 9711.637   0.990997
 9711.655   0.990612
 9711.672   0.990182
 9711.689   0.989934
 9711.706   0.989865
 9711.724   0.989701
 9711.741   0.988907
 9711.758   0.987037
 9711.775   0.983821
 9711.793   0.979374
 9711.810   0.974090
 9711.827   0.968510
 9711.844   0.963210
 9711.862   0.958623
 9711.879   0.955088
 9711.896   0.952762
 9711.913   0.951755
 9711.931   0.952102
 9711.948   0.953781
 9711.965   0.956690
 9711.982   0.960498
 9712.000   0.964727
 9712.017   0.968722
 9712.034   0.971923
 9712.051   0.973994
 9712.069   0.974939
 9712.086   0.975133
 9712.103   0.975015
 9712.120   0.974929
 9712.138   0.974937
 9712.155   0.974874
 9712.172   0.974620
 9712.189   0.974238
 9712.207   0.974110
 9712.224   0.974683
 9712.241   0.976206
 9712.258   0.978539
 9712.276   0.981086
 9712.293   0.983128
 9712.310   0.984046
 9712.327   0.983533
 9712.345   0.981620
 9712.362   0.978515
 9712.379   0.974500
 9712.396   0.969782
 9712.414   0.964441
 9712.431   0.958493
 9712.448   0.951973
 9712.466   0.945069
 9712.483   0.938223
 9712.500   0.932119
 9712.517   0.927613
 9712.535   0.925440
 9712.552   0.926024
 9712.569   0.929274
 9712.586   0.934629
 9712.604   0.941189
 9712.621   0.947946
 9712.638   0.954058
 9712.655   0.958918
 9712.673   0.962227
 9712.690   0.963935
 9712.707   0.964187
 9712.724   0.963279
 9712.742   0.961582
 9712.759   0.959492
 9712.776   0.957410
 9712.793   0.955710
 9712.811   0.954772
 9712.828   0.954918
 9712.845   0.956333
 9712.862   0.958989
 9712.880   0.962613
 9712.897   0.966802
 9712.914   0.971166
 9712.931   0.975482
 9712.949   0.979661
 9712.966   0.983686
 9712.983   0.987456
 9713.000   0.990800
 9713.018   0.993498
 9713.035   0.995438
 9713.052   0.996672
 9713.069   0.997426
 9713.087   0.997967
 9713.104   0.998491
 9713.121   0.999051
 9713.138   0.999561
 9713.156   0.999961
 9713.173   1.000239
 9713.190   1.000528
 9713.207   1.000989
 9713.225   1.001717
 9713.242   1.002630
 9713.259   1.003484
 9713.276   1.004001
 9713.294   1.004013
 9713.311   1.003629
 9713.328   1.003123
 9713.345   1.002813
 9713.363   1.002846
 9713.380   1.003091
 9713.397   1.003285
 9713.414   1.003151
 9713.432   1.002647
 9713.449   1.001933
 9713.466   1.001288
 9713.483   1.000934
 9713.501   1.000876
 9713.518   1.001018
 9713.535   1.001177
 9713.552   1.001283
 9713.570   1.001367
 9713.587   1.001499
 9713.604   1.001793
 9713.621   1.002282
 9713.639   1.003024
 9713.656   1.003970
 9713.673   1.005003
 9713.691   1.005903
 9713.708   1.006402
 9713.725   1.006337
 9713.742   1.005709
 9713.760   1.004723
 9713.777   1.003613
 9713.794   1.002545
 9713.811   1.001488
 9713.829   1.000286
 9713.846   0.998806
 9713.863   0.997014
 9713.880   0.995066
 9713.898   0.993213
 9713.915   0.991764
 9713.932   0.991046
 9713.949   0.991299
 9713.967   0.992602
 9713.984   0.994767
 9714.001   0.997369
 9714.018   0.999921
 9714.036   1.002078
 9714.053   1.003759
 9714.070   1.005084
 9714.087   1.006219
 9714.105   1.007273
 9714.122   1.008240
 9714.139   1.009086
 9714.156   1.009800
 9714.174   1.010395
 9714.191   1.010933
 9714.208   1.011392
 9714.225   1.011758
 9714.243   1.011934
 9714.260   1.011848
 9714.277   1.011499
 9714.294   1.010916
 9714.312   1.010250
 9714.329   1.009622
 9714.346   1.009166
 9714.363   1.008920
 9714.381   1.008799
 9714.398   1.008606
 9714.415   1.008087
 9714.432   1.007099
 9714.450   1.005681
 9714.467   1.004086
 9714.484   1.002636
 9714.501   1.001504
 9714.519   1.000626
 9714.536   0.999731
 9714.553   0.998523
 9714.570   0.996890
 9714.588   0.994937
 9714.605   0.992919
 9714.622   0.991023
 9714.639   0.989241
 9714.657   0.987337
 9714.674   0.984954
 9714.691   0.981798
 9714.708   0.977807
 9714.726   0.973179
 9714.743   0.968288
 9714.760   0.963469
 9714.777   0.958800
 9714.795   0.954072
 9714.812   0.948794
 9714.829   0.942498
 9714.847   0.934886
 9714.864   0.925908
 9714.881   0.915707
 9714.898   0.904374
 9714.916   0.891890
 9714.933   0.878004
 9714.950   0.862343
 9714.967   0.844496
 9714.985   0.824094
 9715.002   0.800875
 9715.019   0.774545
 9715.036   0.744782
 9715.054   0.711212
 9715.071   0.673543
 9715.088   0.631620
 9715.105   0.585540
 9715.123   0.535682
 9715.140   0.482791
 9715.157   0.428063
 9715.174   0.373041
 9715.192   0.319479
 9715.209   0.269335
 9715.226   0.224638
 9715.243   0.187350
 9715.261   0.159077
 9715.278   0.141017
 9715.295   0.133785
 9715.312   0.137500
 9715.330   0.151754
 9715.347   0.175686
 9715.364   0.208195
 9715.381   0.247939
 9715.399   0.293457
 9715.416   0.343064
 9715.433   0.394894
 9715.450   0.447033
 9715.468   0.497617
 9715.485   0.545237
 9715.502   0.588934
 9715.519   0.628310
 9715.537   0.663393
 9715.554   0.694501
 9715.571   0.722183
 9715.588   0.747069
 9715.606   0.769900
 9715.623   0.791327
 9715.640   0.811920
 9715.657   0.831977
 9715.675   0.851387
 9715.692   0.869804
 9715.709   0.886787
 9715.726   0.902078
 9715.744   0.915674
 9715.761   0.927702
 9715.778   0.938356
 9715.795   0.947724
 9715.813   0.955851
 9715.830   0.962795
 9715.847   0.968649
 9715.864   0.973636
 9715.882   0.977980
 9715.899   0.981870
 9715.916   0.985373
 9715.933   0.988467
 9715.951   0.991089
 9715.968   0.993273
 9715.985   0.995133
 9716.002   0.996856
 9716.020   0.998592
 9716.037   1.000373
 9716.054   1.002138
 9716.072   1.003723
 9716.089   1.005034
 9716.106   1.005998
 9716.123   1.006630
 9716.141   1.006981
 9716.158   1.007073
 9716.175   1.006941
 9716.192   1.006586
 9716.210   1.006058
 9716.227   1.005482
 9716.244   1.005016
 9716.261   1.004821
 9716.279   1.004925
 9716.296   1.005233
 9716.313   1.005544
 9716.330   1.005617
 9716.348   1.005247
 9716.365   1.004218
 9716.382   1.002364
 9716.399   0.999568
 9716.417   0.995867
 9716.434   0.991497
 9716.451   0.986842
 9716.468   0.982354
 9716.486   0.978396
 9716.503   0.975266
 9716.520   0.973225
 9716.537   0.972517
 9716.555   0.973352
 9716.572   0.975691
 9716.589   0.979228
 9716.606   0.983343
 9716.624   0.987375
 9716.641   0.990872
 9716.658   0.993735
 9716.675   0.996137
 9716.693   0.998340
 9716.710   1.000510
 9716.727   1.002679
 9716.744   1.004775
 9716.762   1.006707
 9716.779   1.008360
 9716.796   1.009595
 9716.813   1.010225
 9716.831   1.010058
 9716.848   1.009048
 9716.865   1.007292
 9716.882   1.005099
 9716.900   1.002795
 9716.917   1.000680
 9716.934   0.998916
 9716.951   0.997560
 9716.969   0.996661
 9716.986   0.996252
 9717.003   0.996372
 9717.020   0.996943
 9717.038   0.997801
 9717.055   0.998731
 9717.072   0.999562
 9717.089   1.000264
 9717.107   1.000913
 9717.124   1.001620
 9717.141   1.002417
 9717.158   1.003221
 9717.176   1.003874
 9717.193   1.004239
 9717.210   1.004306
 9717.227   1.004163
 9717.245   1.003977
 9717.262   1.003863
 9717.279   1.003830
 9717.297   1.003779
 9717.314   1.003557
 9717.331   1.003071
 9717.348   1.002336
 9717.366   1.001471
 9717.383   1.000655
 9717.400   0.999987
 9717.417   0.999467
 9717.435   0.998949
 9717.452   0.998193
 9717.469   0.997031
 9717.486   0.995446
 9717.504   0.993636
 9717.521   0.991932
 9717.538   0.990580
 9717.555   0.989695
 9717.573   0.989222
 9717.590   0.989011
 9717.607   0.988999
 9717.624   0.989087
 9717.642   0.989260
 9717.659   0.989431
 9717.676   0.989486
 9717.693   0.989335
 9717.711   0.988853
 9717.728   0.987994
 9717.745   0.986720
 9717.762   0.985092
 9717.780   0.983261
 9717.797   0.981484
 9717.814   0.980065
 9717.831   0.979263
 9717.849   0.979207
 9717.866   0.979863
 9717.883   0.981081
 9717.900   0.982655
 9717.918   0.984433
 9717.935   0.986318
 9717.952   0.988249
 9717.969   0.990168
 9717.987   0.991967
 9718.004   0.993560
 9718.021   0.994903
 9718.038   0.996056
 9718.056   0.997141
 9718.073   0.998231
 9718.090   0.999255
 9718.107   0.999958
 9718.125   1.000064
 9718.142   0.999429
 9718.159   0.998231
 9718.176   0.996903
 9718.194   0.995899
 9718.211   0.995497
 9718.228   0.995609
 9718.245   0.995955
 9718.263   0.996177
 9718.280   0.996069
 9718.297   0.995620
 9718.314   0.994916
 9718.332   0.994133
 9718.349   0.993427
 9718.366   0.992971
 9718.383   0.992909
 9718.401   0.993259
 9718.418   0.993916
 9718.435   0.994641
 9718.452   0.995176
 9718.470   0.995410
 9718.487   0.995392
 9718.504   0.995306
 9718.522   0.995322
 9718.539   0.995448
 9718.556   0.995575
 9718.573   0.995521
 9718.591   0.995221
 9718.608   0.994817
 9718.625   0.994575
 9718.642   0.994753
 9718.660   0.995400
 9718.677   0.996340
 9718.694   0.997247
 9718.711   0.997810
 9718.729   0.997892
 9718.746   0.997533
 9718.763   0.996988
 9718.780   0.996499
 9718.798   0.996282
 9718.815   0.996338
 9718.832   0.996483
 9718.849   0.996511
 9718.867   0.996253
 9718.884   0.995766
 9718.901   0.995228
 9718.918   0.994868
 9718.936   0.994794
 9718.953   0.994926
 9718.970   0.995085
 9718.987   0.995126
 9719.005   0.995026
 9719.022   0.994896
 9719.039   0.994878
 9719.056   0.994965
 9719.074   0.995065
 9719.091   0.994996
 9719.108   0.994689
 9719.125   0.994240
 9719.143   0.993825
 9719.160   0.993621
 9719.177   0.993610
 9719.194   0.993712
 9719.212   0.993811
 9719.229   0.993937
 9719.246   0.994171
 9719.263   0.994550
 9719.281   0.994922
 9719.298   0.994976
 9719.315   0.994533
 9719.332   0.993610
 9719.350   0.992550
 9719.367   0.991700
 9719.384   0.991164
 9719.401   0.990752
 9719.419   0.990069
 9719.436   0.988891
 9719.453   0.987295
 9719.470   0.985549
 9719.488   0.983916
 9719.505   0.982373
 9719.522   0.980681
 9719.539   0.978578
 9719.557   0.975940
 9719.574   0.972846
 9719.591   0.969397
 9719.608   0.965638
 9719.626   0.961495
 9719.643   0.956951
 9719.660   0.952144
 9719.677   0.947486
 9719.695   0.943561
 9719.712   0.941010
 9719.729   0.940336
 9719.747   0.941794
 9719.764   0.945291
 9719.781   0.950442
 9719.798   0.956633
 9719.816   0.963191
 9719.833   0.969550
 9719.850   0.975326
 9719.867   0.980383
 9719.885   0.984724
 9719.902   0.988436
 9719.919   0.991555
 9719.936   0.994124
 9719.954   0.996135
 9719.971   0.997574
 9719.988   0.998425
 9720.005   0.998685
 9720.023   0.998486
 9720.040   0.998066
 9720.057   0.997752
 9720.074   0.997769
 9720.092   0.998105
 9720.109   0.998546
 9720.126   0.998765
 9720.143   0.998584
 9720.161   0.998009
 9720.178   0.997211
 9720.195   0.996393
 9720.212   0.995654
 9720.230   0.995005
 9720.247   0.994382
 9720.264   0.993732
 9720.281   0.992998
 9720.299   0.992089
 9720.316   0.990853
 9720.333   0.989008
 9720.350   0.986370
 9720.368   0.982888
 9720.385   0.978947
 9720.402   0.975206
 9720.419   0.972347
 9720.437   0.970872
 9720.454   0.970799
 9720.471   0.971885
 9720.488   0.973721
 9720.506   0.975891
 9720.523   0.978074
 9720.540   0.979958
 9720.557   0.981332
 9720.575   0.982061
 9720.592   0.982073
 9720.609   0.981364
 9720.626   0.979850
 9720.644   0.977416
 9720.661   0.973983
 9720.678   0.969647
 9720.695   0.964775
 9720.713   0.959917
 9720.730   0.955643
 9720.747   0.952337
 9720.764   0.950165
 9720.782   0.949174
 9720.799   0.949425
 9720.816   0.951069
 9720.833   0.954223
 9720.851   0.958773
 9720.868   0.964307
 9720.885   0.970089
 9720.902   0.975445
 9720.920   0.979951
 9720.937   0.983562
 9720.954   0.986532
 9720.972   0.989010
 9720.989   0.990946
 9721.006   0.992081
 9721.023   0.992204
 9721.041   0.991480
 9721.058   0.990321
 9721.075   0.989336
 9721.092   0.988909
 9721.110   0.989102
 9721.127   0.989754
 9721.144   0.990531
 9721.161   0.991281
 9721.179   0.991897
 9721.196   0.992470
 9721.213   0.993126
 9721.230   0.993927
 9721.248   0.994946
 9721.265   0.996021
 9721.282   0.997007
 9721.299   0.997620
 9721.317   0.997677
 9721.334   0.997124
