11063.000   0.413565
11063.022   0.398084
11063.044   0.392469
11063.066   0.397933
11063.089   0.414741
11063.111   0.441884
11063.133   0.477199
11063.155   0.517941
11063.177   0.561283
11063.199   0.604808
11063.221   0.646593
11063.244   0.685207
11063.266   0.719628
11063.288   0.749499
11063.310   0.774861
11063.332   0.796229
11063.354   0.814472
11063.376   0.830565
11063.399   0.845294
11063.421   0.859054
11063.443   0.872015
11063.465   0.884300
11063.487   0.896397
11063.509   0.908974
11063.531   0.922671
11063.554   0.937064
11063.576   0.950956
11063.598   0.962635
11063.620   0.971073
11063.642   0.976258
11063.664   0.979654
11063.686   0.983019
11063.709   0.987669
11063.731   0.993521
11063.753   0.999651
11063.775   1.004959
11063.797   1.008904
11063.819   1.011604
11063.841   1.013666
11063.864   1.015402
11063.886   1.016507
11063.908   1.016050
11063.930   1.013108
11063.952   1.007223
11063.974   0.998815
11063.996   0.988939
11064.019   0.979330
11064.041   0.971642
11064.063   0.967268
11064.085   0.966747
11064.107   0.969712
11064.129   0.974877
11064.151   0.980724
11064.174   0.985937
11064.196   0.989848
11064.218   0.992594
11064.240   0.994607
11064.262   0.995899
11064.284   0.995820
11064.306   0.993366
11064.329   0.988084
11064.351   0.980270
11064.373   0.970978
11064.395   0.961398
11064.417   0.952011
11064.439   0.941828
11064.461   0.928833
11064.484   0.910848
11064.506   0.886778
11064.528   0.857163
11064.550   0.824237
11064.572   0.791401
11064.594   0.762009
11064.616   0.738548
11064.639   0.722260
11064.661   0.713197
11064.683   0.710207
11064.705   0.711764
11064.727   0.716412
11064.749   0.723623
11064.771   0.733783
11064.794   0.748107
11064.816   0.767662
11064.838   0.792322
11064.860   0.819856
11064.882   0.846556
11064.904   0.868537
11064.926   0.883526
11064.949   0.891837
11064.971   0.896066
11064.993   0.900023
11065.015   0.906592
11065.037   0.916642
11065.059   0.928454
11065.081   0.939061
11065.104   0.945209
11065.126   0.944747
11065.148   0.936668
11065.170   0.921237
11065.192   0.899439
11065.214   0.872912
11065.236   0.843818
11065.259   0.814696
11065.281   0.788217
11065.303   0.766728
11065.325   0.752091
11065.347   0.745198
11065.369   0.746309
11065.391   0.755030
11065.414   0.770576
11065.436   0.791459
11065.458   0.815492
11065.480   0.840034
11065.502   0.862559
11065.524   0.881403
11065.546   0.896312
11065.569   0.908369
11065.591   0.919389
11065.613   0.930794
11065.635   0.943005
11065.657   0.955329
11065.679   0.966729
11065.701   0.976684
11065.724   0.985401
11065.746   0.993618
11065.768   1.001695
11065.790   1.009079
11065.812   1.014185
11065.834   1.015520
11065.856   1.012640
11065.879   1.006959
11065.901   1.000888
11065.923   0.996883
11065.945   0.996087
11065.967   0.997823
11065.989   0.999948
11066.011   0.999974
11066.034   0.996419
11066.056   0.989397
11066.078   0.980473
11066.100   0.971582
11066.122   0.964254
11066.144   0.958789
11066.166   0.954625
11066.189   0.950654
11066.211   0.946310
11066.233   0.941689
11066.255   0.937591
11066.277   0.934772
11066.299   0.933675
11066.321   0.934169
11066.344   0.935810
11066.366   0.937963
11066.388   0.940336
11066.410   0.942914
11066.432   0.946110
11066.454   0.950247
11066.476   0.955459
11066.499   0.961407
11066.521   0.967493
11066.543   0.972674
11066.565   0.975975
11066.587   0.976527
11066.609   0.974099
11066.631   0.968863
11066.654   0.961544
11066.676   0.953066
11066.698   0.944250
11066.720   0.935292
11066.742   0.925605
11066.764   0.913906
11066.786   0.898537
11066.809   0.878243
11066.831   0.852663
11066.853   0.822892
11066.875   0.790558
11066.897   0.757296
11066.919   0.723567
11066.941   0.688824
11066.964   0.651609
11066.986   0.610955
11067.008   0.566925
11067.030   0.521358
11067.052   0.476919
11067.074   0.436436
11067.096   0.402108
11067.119   0.375800
11067.141   0.359109
11067.163   0.354032
11067.185   0.362336
11067.207   0.384848
11067.229   0.420218
11067.251   0.465156
11067.274   0.514936
11067.296   0.564986
11067.318   0.611892
11067.340   0.654258
11067.362   0.692182
11067.384   0.726620
11067.406   0.758572
11067.429   0.788521
11067.451   0.816190
11067.473   0.840930
11067.495   0.862215
11067.517   0.879989
11067.539   0.894854
11067.561   0.907778
11067.584   0.919802
11067.606   0.931323
11067.628   0.941902
11067.650   0.950532
11067.672   0.956368
11067.694   0.959237
11067.716   0.959824
11067.739   0.959301
11067.761   0.958926
11067.783   0.959281
11067.805   0.960331
11067.827   0.961669
11067.849   0.963046
11067.871   0.964482
11067.894   0.966099
11067.916   0.967807
11067.938   0.969147
11067.960   0.969566
11067.982   0.968765
11068.004   0.967188
11068.026   0.965682
11068.049   0.965173
11068.071   0.965789
11068.093   0.966952
11068.115   0.967491
11068.137   0.966612
11068.159   0.964255
11068.181   0.961430
11068.204   0.959394
11068.226   0.959147
11068.248   0.961084
11068.270   0.965002
11068.292   0.970281
11068.314   0.976079
11068.336   0.981525
11068.359   0.985788
11068.381   0.988324
11068.403   0.988923
11068.425   0.987667
11068.447   0.984973
11068.469   0.981645
11068.491   0.979005
11068.514   0.978404
11068.536   0.980807
11068.558   0.985979
11068.580   0.992558
11068.602   0.998055
11068.624   1.000368
11068.646   0.998387
11068.669   0.993075
11068.691   0.986377
11068.713   0.980676
11068.735   0.977368
11068.757   0.976868
11068.779   0.978356
11068.801   0.980733
11068.824   0.982863
11068.846   0.984298
11068.868   0.984913
11068.890   0.984877
11068.912   0.984323
11068.934   0.983313
11068.956   0.981655
11068.979   0.979295
11069.001   0.976410
11069.023   0.973781
11069.045   0.972066
11069.067   0.971553
11069.089   0.971999
11069.111   0.972952
11069.134   0.973989
11069.156   0.975054
11069.178   0.976245
11069.200   0.977463
11069.222   0.978080
11069.244   0.977214
11069.266   0.974626
11069.289   0.970962
11069.311   0.967721
11069.333   0.966226
11069.355   0.966995
11069.377   0.969198
11069.399   0.971408
11069.421   0.972325
11069.444   0.971771
11069.466   0.970313
11069.488   0.968980
11069.510   0.968434
11069.532   0.968819
11069.554   0.969605
11069.576   0.970077
11069.599   0.969647
11069.621   0.968331
11069.643   0.966764
11069.665   0.965934
11069.687   0.966373
11069.709   0.967915
11069.731   0.969569
11069.754   0.970145
11069.776   0.968782
11069.798   0.965583
11069.820   0.961606
11069.842   0.958529
11069.864   0.957743
11069.886   0.959838
11069.908   0.964256
11069.931   0.969575
11069.953   0.974089
11069.975   0.976582
11069.997   0.976772
11070.019   0.975218
11070.041   0.972685
11070.063   0.969816
11070.086   0.966990
11070.108   0.964734
11070.130   0.963783
11070.152   0.965063
11070.174   0.969086
11070.196   0.975448
11070.218   0.982463
11070.241   0.987775
11070.263   0.989325
11070.285   0.986528
11070.307   0.980469
11070.329   0.973431
11070.351   0.967965
11070.373   0.965758
11070.396   0.967222
11070.418   0.971277
11070.440   0.976142
11070.462   0.979714
11070.484   0.980691
11070.506   0.978701
11070.528   0.974898
11070.551   0.970894
11070.573   0.968358
11070.595   0.967884
11070.617   0.969135
11070.639   0.970728
11070.661   0.971410
11070.683   0.970396
11070.706   0.968050
11070.728   0.965243
11070.750   0.963118
11070.772   0.962304
11070.794   0.963050
11070.816   0.965084
11070.838   0.967872
11070.861   0.970654
11070.883   0.972720
11070.905   0.973470
11070.927   0.972638
11070.949   0.970448
11070.971   0.967678
11070.993   0.965508
11071.016   0.964955
11071.038   0.966438
11071.060   0.969448
11071.082   0.972710
11071.104   0.974769
11071.126   0.974843
11071.148   0.973197
11071.171   0.970979
11071.193   0.969559
11071.215   0.969751
11071.237   0.971373
11071.259   0.973258
11071.281   0.973876
11071.303   0.972035
11071.326   0.967710
11071.348   0.961972
11071.370   0.956592
11071.392   0.952956
11071.414   0.951673
11071.436   0.952290
11071.458   0.953870
11071.481   0.955349
11071.503   0.956205
11071.525   0.956488
11071.547   0.956873
11071.569   0.958113
11071.591   0.960775
11071.613   0.964873
11071.636   0.969868
11071.658   0.974797
11071.680   0.978621
11071.702   0.980644
11071.724   0.980684
11071.746   0.979078
11071.768   0.976339
11071.791   0.973116
11071.813   0.969627
11071.835   0.965784
11071.857   0.961118
11071.879   0.955420
11071.901   0.948805
11071.923   0.941925
11071.946   0.935459
11071.968   0.929837
11071.990   0.924673
11072.012   0.918913
11072.034   0.911025
11072.056   0.899733
11072.078   0.884498
11072.101   0.865850
11072.123   0.845228
11072.145   0.824730
11072.167   0.806716
11072.189   0.793322
11072.211   0.786298
11072.233   0.786639
11072.256   0.794614
11072.278   0.809245
11072.300   0.828812
11072.322   0.850918
11072.344   0.873054
11072.366   0.892932
11072.388   0.909184
11072.411   0.921494
11072.433   0.930429
11072.455   0.937140
11072.477   0.942627
11072.499   0.947474
11072.521   0.951483
11072.543   0.954322
11072.566   0.955930
11072.588   0.957304
11072.610   0.959826
11072.632   0.964614
11072.654   0.971284
11072.676   0.978204
11072.698   0.983224
11072.721   0.985164
11072.743   0.984475
11072.765   0.983187
11072.787   0.983526
11072.809   0.986624
11072.831   0.991545
11072.853   0.995913
11072.876   0.997145
11072.898   0.993984
11072.920   0.986883
11072.942   0.977709
11072.964   0.968605
11072.986   0.961380
11073.008   0.956807
11073.031   0.954990
11073.053   0.955466
11073.075   0.957679
11073.097   0.960868
11073.119   0.964188
11073.141   0.966869
11073.163   0.968525
11073.186   0.969388
11073.208   0.970072
11073.230   0.971226
11073.252   0.973164
11073.274   0.975679
11073.296   0.978033
11073.318   0.979509
11073.341   0.979759
11073.363   0.979075
11073.385   0.978054
11073.407   0.977309
11073.429   0.977121
11073.451   0.977368
11073.473   0.977488
11073.496   0.976851
11073.518   0.974908
11073.540   0.971503
11073.562   0.966731
11073.584   0.960897
11073.606   0.954171
11073.628   0.946530
11073.651   0.937658
11073.673   0.927019
11073.695   0.914083
11073.717   0.898812
11073.739   0.881980
11073.761   0.865157
11073.783   0.850210
11073.806   0.838862
11073.828   0.832306
11073.850   0.831192
11073.872   0.835548
11073.894   0.844963
11073.916   0.858484
11073.938   0.874698
11073.961   0.891802
11073.983   0.908135
11074.005   0.922407
11074.027   0.934134
11074.049   0.943523
11074.071   0.951228
11074.093   0.957763
11074.116   0.963344
11074.138   0.967729
11074.160   0.970717
11074.182   0.972257
11074.204   0.972610
11074.226   0.971972
11074.248   0.970331
11074.271   0.967455
11074.293   0.963231
11074.315   0.958002
11074.337   0.952579
11074.359   0.947925
11074.381   0.944605
11074.403   0.942425
11074.426   0.940333
11074.448   0.936571
11074.470   0.929255
11074.492   0.916899
11074.514   0.899198
11074.536   0.876936
11074.558   0.851897
11074.581   0.825945
11074.603   0.800838
11074.625   0.777924
11074.647   0.758453
11074.669   0.743550
11074.691   0.734561
11074.713   0.732533
11074.736   0.737844
11074.758   0.749774
11074.780   0.766729
11074.802   0.786541
11074.824   0.807395
11074.846   0.828228
11074.868   0.848953
11074.891   0.869668
11074.913   0.890168
11074.935   0.909369
11074.957   0.925808
11074.979   0.938238
11075.001   0.946256
11075.023   0.950313
11075.046   0.951338
11075.068   0.950051
11075.090   0.946621
11075.112   0.940807
11075.134   0.932567
11075.156   0.922748
11075.178   0.913104
11075.201   0.905956
11075.223   0.903548
11075.245   0.907272
11075.267   0.917071
11075.289   0.931137
11075.311   0.946479
11075.333   0.959810
11075.356   0.968996
11075.378   0.973675
11075.400   0.975342
11075.422   0.975811
11075.444   0.976289
11075.466   0.976770
11075.488   0.976726
11075.511   0.975728
11075.533   0.974356
11075.555   0.973589
11075.577   0.974438
11075.599   0.976877
11075.621   0.980295
11075.643   0.983569
11075.666   0.986083
11075.688   0.987602
11075.710   0.988457
11075.732   0.988863
11075.754   0.988946
11075.776   0.988500
11075.798   0.987403
11075.821   0.985710
11075.843   0.984087
11075.865   0.983416
11075.887   0.984306
11075.909   0.986655
11075.931   0.989701
11075.953   0.992334
11075.976   0.993727
11075.998   0.993660
11076.020   0.992654
11076.042   0.991553
11076.064   0.991160
11076.086   0.991540
11076.108   0.992122
11076.131   0.992131
11076.153   0.991268
11076.175   0.990020
11076.197   0.989432
11076.219   0.990388
11076.241   0.992787
11076.263   0.995377
11076.286   0.996305
11076.308   0.994353
11076.330   0.989591
11076.352   0.983450
11076.374   0.977792
11076.396   0.974102
11076.418   0.972847
11076.441   0.973647
11076.463   0.975699
11076.485   0.978292
11076.507   0.980726
11076.529   0.982376
11076.551   0.982638
11076.573   0.981344
11076.596   0.978794
11076.618   0.975788
11076.640   0.973090
11076.662   0.971206
11076.684   0.969944
11076.706   0.968705
11076.728   0.966554
11076.751   0.962977
11076.773   0.958006
11076.795   0.952412
11076.817   0.947259
11076.839   0.943601
11076.861   0.941980
11076.883   0.942316
11076.906   0.943911
11076.928   0.945825
11076.950   0.947215
11076.972   0.947490
11076.994   0.946608
11077.016   0.944994
11077.038   0.943410
11077.061   0.942478
11077.083   0.942457
11077.105   0.943286
11077.127   0.944722
11077.149   0.946472
11077.171   0.948043
11077.193   0.948788
11077.216   0.947691
11077.238   0.943845
11077.260   0.936651
11077.282   0.926517
11077.304   0.914639
11077.326   0.902974
11077.348   0.893061
11077.371   0.885441
11077.393   0.878713
11077.415   0.870134
11077.437   0.856288
11077.459   0.834740
11077.481   0.804720
11077.503   0.767645
11077.526   0.726650
11077.548   0.685626
11077.570   0.648373
11077.592   0.617857
11077.614   0.596101
11077.636   0.584353
11077.658   0.583405
11077.681   0.593466
11077.703   0.613890
11077.725   0.642819
11077.747   0.677137
11077.769   0.712988
11077.791   0.746841
11077.813   0.776659
11077.836   0.802200
11077.858   0.824545
11077.880   0.845186
11077.902   0.865065
11077.924   0.884171
11077.946   0.901782
11077.968   0.917211
11077.991   0.930329
11078.013   0.941591
11078.035   0.951598
11078.057   0.960549
11078.079   0.968040
11078.101   0.973260
11078.123   0.975578
11078.146   0.974926
11078.168   0.972030
11078.190   0.968334
11078.212   0.965458
11078.234   0.964557
11078.256   0.965631
11078.278   0.967636
11078.301   0.969026
11078.323   0.968754
11078.345   0.966739
11078.367   0.964087
11078.389   0.962275
11078.411   0.962528
11078.433   0.964896
11078.456   0.968542
11078.478   0.972276
11078.500   0.975574
11078.522   0.978765
11078.544   0.982727
11078.566   0.988087
11078.588   0.994726
11078.611   1.001463
11078.633   1.006695
11078.655   1.009042
11078.677   1.008233
11078.699   1.005077
11078.721   1.001359
11078.743   0.998732
11078.766   0.998213
11078.788   0.999542
11078.810   1.001789
11078.832   1.003789
11078.854   1.004950
11078.876   1.005258
11078.898   1.005098
11078.921   1.004639
11078.943   1.003611
11078.965   1.001368
11078.987   0.997338
11079.009   0.991431
11079.031   0.984163
11079.053   0.976469
11079.076   0.969364
11079.098   0.963558
11079.120   0.959388
11079.142   0.956743
11079.164   0.955284
11079.186   0.954564
11079.208   0.954636
11079.231   0.955998
11079.253   0.959691
11079.275   0.966236
11079.297   0.975383
11079.319   0.985485
11079.341   0.994547
11079.363   1.000717
11079.386   1.003348
11079.408   1.002797
11079.430   1.000465
11079.452   0.997960
11079.474   0.996778
11079.496   0.997777
11079.518   1.001174
11079.541   1.006517
11079.563   1.012780
11079.585   1.018563
11079.607   1.022378
11079.629   1.022950
11079.651   1.019618
11079.673   1.012496
11079.696   1.002702
11079.718   0.991742
11079.740   0.981138
11079.762   0.971576
11079.784   0.962849
11079.806   0.953526
11079.828   0.941524
11079.851   0.924397
11079.873   0.900312
11079.895   0.868464
11079.917   0.829745
11079.939   0.786349
11079.961   0.741177
11079.983   0.696929
11080.006   0.655696
11080.028   0.618958
11080.050   0.588141
11080.072   0.564345
11080.094   0.548193
11080.116   0.539065
11080.138   0.535351
11080.161   0.534595
11080.183   0.535080
11080.205   0.536405
11080.227   0.540140
11080.249   0.548770
11080.271   0.564802
11080.293   0.589261
11080.316   0.621464
11080.338   0.659052
11080.360   0.699307
11080.382   0.739666
11080.404   0.778190
11080.426   0.813317
11080.448   0.843646
11080.471   0.867791
11080.493   0.884953
11080.515   0.895373
11080.537   0.900565
11080.559   0.902636
11080.581   0.903473
11080.603   0.904068
11080.626   0.904391
11080.648   0.903536
11080.670   0.900218
11080.692   0.892964
11080.714   0.880462
11080.736   0.861606
11080.758   0.835910
11080.781   0.803816
11080.803   0.766992
11080.825   0.728116
11080.847   0.690379
11080.869   0.657000
11080.891   0.631166
11080.913   0.615744
11080.936   0.612801
11080.958   0.622855
11080.980   0.644636
11081.002   0.675124
11081.024   0.710829
11081.046   0.748681
11081.068   0.786569
11081.091   0.822957
11081.113   0.856564
11081.135   0.885827
11081.157   0.909532
11081.179   0.927271
11081.201   0.939948
11081.223   0.949302
11081.246   0.957373
11081.268   0.965268
11081.290   0.972837
11081.312   0.978441
11081.334   0.980162
11081.356   0.976544
11081.378   0.967671
11081.401   0.954667
11081.423   0.939207
11081.445   0.922149
11081.467   0.903185
11081.489   0.880546
11081.511   0.852011
11081.533   0.815806
11081.556   0.772156
11081.578   0.723549
11081.600   0.674761
11081.622   0.631296
11081.644   0.598352
11081.666   0.579523
11081.688   0.576429
11081.711   0.588661
11081.733   0.614133
11081.755   0.649542
11081.777   0.690930
11081.799   0.734589
11081.821   0.777674
11081.843   0.818660
11081.866   0.856803
11081.888   0.891545
11081.910   0.922015
11081.932   0.946961
11081.954   0.965163
11081.976   0.976430
11081.998   0.981955
11082.021   0.984285
11082.043   0.986286
11082.065   0.990002
11082.087   0.995687
11082.109   1.002168
11082.131   1.007640
11082.153   1.010883
11082.176   1.011475
11082.198   1.009603
11082.220   1.005278
11082.242   0.998138
11082.264   0.987553
11082.286   0.973367
11082.308   0.956003
11082.331   0.936347
11082.353   0.914464
11082.375   0.889199
11082.397   0.858146
11082.419   0.819309
11082.441   0.772456
11082.463   0.720630
11082.486   0.669111
11082.508   0.624203
11082.530   0.591033
11082.552   0.572740
11082.574   0.569916
11082.596   0.581238
11082.618   0.604020
11082.641   0.634618
11082.663   0.669001
11082.685   0.703060
11082.707   0.732774
11082.729   0.754404
11082.751   0.764624
11082.773   0.761374
11082.796   0.744171
11082.818   0.714895
11082.840   0.677101
11082.862   0.635657
11082.884   0.595380
11082.906   0.560640
11082.928   0.534616
11082.951   0.519532
11082.973   0.516808
11082.995   0.527298
11083.017   0.550924
11083.039   0.586491
11083.061   0.631371
11083.083   0.681817
11083.106   0.733606
11083.128   0.782740
11083.150   0.826020
11083.172   0.861443
11083.194   0.888630
11083.216   0.908508
11083.238   0.923278
11083.261   0.935321
11083.283   0.946775
11083.305   0.958346
11083.327   0.969635
11083.349   0.979235
11083.371   0.986089
11083.393   0.989849
11083.415   0.991526
11083.438   0.992551
11083.460   0.994313
11083.482   0.997141
11083.504   1.000750
11083.526   1.004530
11083.548   1.008275
11083.570   1.012012
11083.593   1.015737
11083.615   1.018955
11083.637   1.020854
11083.659   1.020943
11083.681   1.019553
11083.703   1.017931
11083.725   1.017233
11083.748   1.017956
11083.770   1.019408
11083.792   1.020414
11083.814   1.019849
11083.836   1.017508
11083.858   1.014023
11083.880   1.010601
11083.903   1.008140
11083.925   1.006842
11083.947   1.005980
11083.969   1.004402
11083.991   1.001227
11084.013   0.996611
11084.035   0.991823
11084.058   0.988673
11084.080   0.988393
11084.102   0.990903
11084.124   0.994727
11084.146   0.997955
11084.168   0.999147
11084.190   0.998038
11084.213   0.995340
11084.235   0.992163
11084.257   0.989268
11084.279   0.986857
11084.301   0.984672
11084.323   0.982491
11084.345   0.980147
11084.368   0.977635
11084.390   0.974904
11084.412   0.971963
11084.434   0.968815
11084.456   0.965594
11084.478   0.962336
11084.500   0.958911
11084.523   0.954883
11084.545   0.949679
11084.567   0.942665
11084.589   0.933533
11084.611   0.922361
11084.633   0.909666
11084.655   0.896039
11084.678   0.881942
11084.700   0.867401
11084.722   0.852059
11084.744   0.835059
11084.766   0.815320
11084.788   0.791651
11084.810   0.763339
11084.833   0.730004
11084.855   0.691744
11084.877   0.648761
11084.899   0.601487
11084.921   0.550660
11084.943   0.497770
11084.965   0.445244
11084.988   0.396690
11085.010   0.356262
11085.032   0.327950
11085.054   0.314588
11085.076   0.317376
11085.098   0.335671
11085.120   0.367202
11085.143   0.408734
11085.165   0.456621
11085.187   0.507442
11085.209   0.558222
11085.231   0.606655
11085.253   0.650979
11085.275   0.690270
11085.298   0.724603
11085.320   0.754825
11085.342   0.782228
11085.364   0.807630
11085.386   0.830901
11085.408   0.850772
11085.430   0.865770
11085.453   0.875016
11085.475   0.879248
11085.497   0.880346
11085.519   0.880697
11085.541   0.881761
11085.563   0.883868
11085.585   0.886383
11085.608   0.888767
11085.630   0.891019
11085.652   0.893857
11085.674   0.898192
11085.696   0.904709
11085.718   0.913267
11085.740   0.923046
11085.763   0.932716
11085.785   0.941231
11085.807   0.948225
11085.829   0.954438
11085.851   0.961037
11085.873   0.969021
11085.895   0.978224
11085.918   0.987479
11085.940   0.994912
11085.962   0.999376
11085.984   1.000836
11086.006   1.000519
11086.028   0.999721
11086.050   0.999197
11086.073   0.998855
11086.095   0.998440
11086.117   0.998127
11086.139   0.998436
11086.161   0.999814
11086.183   1.001852
11086.205   1.003569
11086.228   1.003761
11086.250   1.002068
11086.272   0.999090
11086.294   0.996413
11086.316   0.995458
11086.338   0.996937
11086.360   1.000265
11086.383   1.004159
11086.405   1.007235
11086.427   1.008898
11086.449   1.009324
11086.471   1.009196
11086.493   1.008991
11086.515   1.008726
11086.538   1.007929
11086.560   1.006022
11086.582   1.002758
11086.604   0.998513
11086.626   0.994215
11086.648   0.990910
11086.670   0.989242
11086.693   0.989132
11086.715   0.989901
11086.737   0.990645
11086.759   0.990788
11086.781   0.990360
11086.803   0.989878
11086.825   0.989891
11086.848   0.990417
11086.870   0.990803
11086.892   0.989973
11086.914   0.987211
11086.936   0.982521
11086.958   0.976784
11086.980   0.971284
11087.003   0.967163
11087.025   0.964933
11087.047   0.964420
11087.069   0.964921
11087.091   0.965211
11087.113   0.963821
11087.135   0.959208
11087.158   0.950620
11087.180   0.938321
11087.202   0.923888
11087.224   0.909227
11087.246   0.895844
11087.268   0.883808
11087.290   0.872025
11087.313   0.858655
11087.335   0.841984
11087.357   0.820899
11087.379   0.794969
11087.401   0.764280
11087.423   0.729044
11087.445   0.689620
11087.468   0.646241
11087.490   0.599314
11087.512   0.549528
11087.534   0.497914
11087.556   0.445819
11087.578   0.395209
11087.600   0.348578
11087.623   0.308776
11087.645   0.278449
11087.667   0.259484
11087.689   0.252539
11087.711   0.256927
11087.733   0.270959
11087.755   0.292305
11087.778   0.318770
11087.800   0.348581
11087.822   0.380948
11087.844   0.415759
11087.866   0.453342
11087.888   0.493723
11087.910   0.536389
11087.933   0.580046
11087.955   0.623202
11087.977   0.664612
11087.999   0.703886
11088.021   0.741042
11088.043   0.776025
11088.065   0.808167
11088.088   0.836312
11088.110   0.859299
11088.132   0.876640
11088.154   0.888938
11088.176   0.898036
11088.198   0.906096
11088.220   0.914868
11088.243   0.924939
11088.265   0.935944
11088.287   0.946919
11088.309   0.956986
11088.331   0.965640
11088.353   0.972843
11088.375   0.978581
11088.398   0.982689
11088.420   0.984624
11088.442   0.983900
11088.464   0.980366
11088.486   0.974883
11088.508   0.969004
11088.530   0.964699
11088.553   0.963248
11088.575   0.964933
11088.597   0.968662
11088.619   0.972572
11088.641   0.974557
11088.663   0.973287
11088.685   0.968700
11088.708   0.962230
11088.730   0.956264
11088.752   0.953053
11088.774   0.953558
11088.796   0.957113
11088.818   0.961919
11088.840   0.966045
11088.863   0.968450
11088.885   0.969293
11088.907   0.969592
11088.929   0.970418
11088.951   0.972296
11088.973   0.974782
11088.995   0.976752
11089.018   0.976667
11089.040   0.973535
11089.062   0.967269
11089.084   0.959281
11089.106   0.951637
11089.128   0.946543
11089.150   0.945078
11089.173   0.947270
11089.195   0.952002
11089.217   0.958004
11089.239   0.964161
11089.261   0.970064
11089.283   0.975643
11089.305   0.981092
11089.328   0.986271
11089.350   0.990866
11089.372   0.994325
11089.394   0.996416
11089.416   0.997177
11089.438   0.997042
11089.460   0.996359
11089.483   0.995334
11089.505   0.994107
11089.527   0.992874
11089.549   0.991959
11089.571   0.991485
11089.593   0.991386
11089.615   0.991291
11089.638   0.990963
11089.660   0.990383
11089.682   0.989985
11089.704   0.990198
11089.726   0.991217
11089.748   0.992592
11089.770   0.993566
11089.793   0.993404
11089.815   0.992203
11089.837   0.990799
11089.859   0.990478
11089.881   0.991914
11089.903   0.994850
11089.925   0.998102
11089.948   1.000437
11089.970   1.001159
11089.992   1.000588
11090.014   0.999650
11090.036   0.999388
11090.058   1.000138
11090.080   1.001426
11090.103   1.002177
11090.125   1.001481
11090.147   0.999080
11090.169   0.995641
11090.191   0.992251
11090.213   0.989859
11090.235   0.988467
11090.258   0.987211
11090.280   0.984758
11090.302   0.980333
11090.324   0.974186
11090.346   0.967674
11090.368   0.962349
11090.390   0.959193
11090.413   0.958114
11090.435   0.958365
11090.457   0.959200
11090.479   0.960378
11090.501   0.962185
11090.523   0.965011
11090.545   0.968948
11090.568   0.973562
11090.590   0.978029
11090.612   0.981557
11090.634   0.983819
11090.656   0.985021
11090.678   0.985763
11090.700   0.986615
11090.723   0.987861
11090.745   0.989375
11090.767   0.990795
11090.789   0.991586
11090.811   0.991240
11090.833   0.989614
11090.855   0.987079
11090.878   0.984575
11090.900   0.983020
11090.922   0.982911
11090.944   0.983823
11090.966   0.984888
11090.988   0.985103
11091.010   0.983973
11091.033   0.981391
11091.055   0.977559
11091.077   0.972685
11091.099   0.966989
11091.121   0.960786
11091.143   0.954469
11091.165   0.948380
11091.188   0.942280
11091.210   0.935437
11091.232   0.926692
11091.254   0.915432
11091.276   0.901614
11091.298   0.885840
11091.320   0.868426
11091.343   0.849123
11091.365   0.826863
11091.387   0.800514
11091.409   0.769562
11091.431   0.735044
11091.453   0.699524
11091.475   0.666790
11091.498   0.640751
11091.520   0.624778
11091.542   0.620908
11091.564   0.629619
11091.586   0.649758
11091.608   0.678700
11091.630   0.712979
11091.653   0.749031
11091.675   0.784264
11091.697   0.817200
11091.719   0.847379
11091.741   0.874644
11091.763   0.898843
11091.785   0.919468
11091.808   0.936073
11091.830   0.948556
11091.852   0.957549
11091.874   0.963834
11091.896   0.968007
11091.918   0.970087
11091.940   0.970045
11091.963   0.968288
11091.985   0.965928
11092.007   0.964330
11092.029   0.964405
11092.051   0.966034
11092.073   0.968141
11092.095   0.969134
11092.118   0.967636
11092.140   0.962829
11092.162   0.954762
11092.184   0.944095
11092.206   0.932129
11092.228   0.920443
11092.250   0.910792
11092.273   0.904663
11092.295   0.903129
11092.317   0.906569
11092.339   0.914371
11092.361   0.925079
11092.383   0.936594
11092.405   0.947107
11092.428   0.955422
11092.450   0.961158
11092.472   0.964011
11092.494   0.963466
11092.516   0.958750
11092.538   0.949546
11092.560   0.936571
11092.583   0.921869
11092.605   0.908176
11092.627   0.898131
11092.649   0.893475
11092.671   0.894782
11092.693   0.901355
11092.715   0.911595
11092.738   0.923460
11092.760   0.935124
11092.782   0.945458
11092.804   0.954260
11092.826   0.962065
11092.848   0.969666
11092.870   0.977655
11092.893   0.985859
11092.915   0.993276
11092.937   0.998445
11092.959   1.000344
11092.981   0.999074
11093.003   0.995938
11093.025   0.992702
11093.048   0.990583
11093.070   0.989655
11093.092   0.988952
11093.114   0.987251
11093.136   0.983887
11093.158   0.979152
11093.180   0.973951
11093.203   0.969157
11093.225   0.964984
11093.247   0.960874
11093.269   0.955852
11093.291   0.949146
11093.313   0.940732
11093.335   0.931311
11093.358   0.921723
11093.380   0.912120
11093.402   0.901413
11093.424   0.887583
11093.446   0.868563
11093.468   0.843335
11093.490   0.812174
11093.513   0.776129
11093.535   0.735861
11093.557   0.691030
11093.579   0.640374
11093.601   0.583572
11093.623   0.522598
11093.645   0.462707
11093.668   0.410676
11093.690   0.373052
11093.712   0.353810
11093.734   0.354097
11093.756   0.372396
11093.778   0.406084
11093.800   0.452062
11093.823   0.507098
11093.845   0.567756
11093.867   0.630219
11093.889   0.690036
11093.911   0.742862
11093.933   0.785611
11093.955   0.818028
11093.978   0.842373
11094.000   0.862554
11094.022   0.881931
11094.044   0.901957
11094.066   0.921432
11094.088   0.937740
11094.110   0.948668
11094.133   0.954265
11094.155   0.956752
11094.177   0.959396
11094.199   0.964327
11094.221   0.971718
11094.243   0.979764
11094.265   0.986385
11094.288   0.990193
11094.310   0.991237
11094.332   0.990186
11094.354   0.987944
11094.376   0.985291
11094.398   0.983143
11094.420   0.982533
11094.443   0.984233
11094.465   0.988339
11094.487   0.993978
11094.509   0.999698
11094.531   1.004127
11094.553   1.006713
11094.575   1.007657
11094.598   1.007515
11094.620   1.006591
11094.642   1.004830
11094.664   1.002028
11094.686   0.998234
11094.708   0.993888
11094.730   0.989772
11094.753   0.986666
11094.775   0.985041
11094.797   0.984831
11094.819   0.985544
11094.841   0.986442
11094.863   0.986740
11094.885   0.985848
11094.908   0.983464
11094.930   0.979639
11094.952   0.974685
11094.974   0.969176
11094.996   0.963846
11095.018   0.959473
11095.040   0.956532
11095.063   0.954731
11095.085   0.952777
11095.107   0.948696
11095.129   0.940610
11095.151   0.927551
11095.173   0.909612
11095.195   0.887464
11095.218   0.861538
11095.240   0.831744
11095.262   0.797936
11095.284   0.761107
11095.306   0.724418
11095.328   0.693090
11095.350   0.672594
11095.373   0.666650
11095.395   0.675712
11095.417   0.697224
11095.439   0.726991
11095.461   0.760860
11095.483   0.795643
11095.505   0.829229
11095.528   0.860325
11095.550   0.887982
11095.572   0.911526
11095.594   0.930593
11095.616   0.945086
11095.638   0.955144
11095.660   0.961026
11095.683   0.963076
11095.705   0.962047
11095.727   0.959186
11095.749   0.956325
11095.771   0.955269
11095.793   0.957355
11095.815   0.962889
11095.838   0.971101
11095.860   0.980400
11095.882   0.988753
11095.904   0.994448
11095.926   0.996506
11095.948   0.995388
11095.970   0.992529
11095.993   0.990013
11096.015   0.989017
11096.037   0.989754
11096.059   0.991393
11096.081   0.993256
11096.103   0.994990
11096.125   0.996538
11096.148   0.997662
11096.170   0.997816
11096.192   0.996549
11096.214   0.993840
11096.236   0.990426
11096.258   0.987470
11096.280   0.986140
11096.303   0.987001
11096.325   0.989896
11096.347   0.994060
11096.369   0.998502
11096.391   1.002349
11096.413   1.005055
11096.435   1.006528
11096.458   1.006916
11096.480   1.006432
11096.502   1.005041
11096.524   1.002628
11096.546   0.999383
11096.568   0.995943
11096.590   0.993258
11096.613   0.991881
11096.635   0.991671
11096.657   0.991637
11096.679   0.990770
11096.701   0.988593
11096.723   0.985854
11096.745   0.983903
11096.768   0.984126
11096.790   0.986620
11096.812   0.990220
11096.834   0.992701
11096.856   0.992191
11096.878   0.987706
11096.900   0.979549
11096.923   0.968792
11096.945   0.957020
11096.967   0.946268
11096.989   0.938530
11097.011   0.935394
11097.033   0.937145
11097.055   0.942996
11097.077   0.951245
11097.100   0.960192
11097.122   0.968459
11097.144   0.975249
11097.166   0.980042
11097.188   0.982468
11097.210   0.982281
11097.232   0.979679
11097.255   0.975528
11097.277   0.971414
11097.299   0.968978
11097.321   0.969303
11097.343   0.972028
11097.365   0.975530
11097.387   0.977069
11097.410   0.974380
11097.432   0.966204
11097.454   0.952914
11097.476   0.935502
11097.498   0.915136
11097.520   0.892525
11097.542   0.868268
11097.565   0.843064
11097.587   0.817675
11097.609   0.792603
11097.631   0.767834
11097.653   0.743211
11097.675   0.718903
11097.697   0.696158
11097.720   0.677206
11097.742   0.664800
11097.764   0.661169
11097.786   0.667555
11097.808   0.683865
11097.830   0.708973
11097.852   0.740884
11097.875   0.777015
11097.897   0.814386
11097.919   0.849925
11097.941   0.880975
11097.963   0.905731
11097.985   0.923545
11098.007   0.935179
11098.030   0.942346
11098.052   0.947243
11098.074   0.951559
11098.096   0.956215
11098.118   0.960908
11098.140   0.964868
11098.162   0.967071
11098.185   0.967191
11098.207   0.965269
11098.229   0.961936
11098.251   0.957439
11098.273   0.951849
11098.295   0.944624
11098.317   0.935621
11098.340   0.925043
11098.362   0.914178
11098.384   0.904236
11098.406   0.895868
11098.428   0.887744
11098.450   0.877246
11098.472   0.861005
11098.495   0.836968
11098.517   0.804684
11098.539   0.765472
11098.561   0.720866
11098.583   0.672297
11098.605   0.620784
11098.627   0.567880
11098.650   0.516208
11098.672   0.470093
11098.694   0.434727
11098.716   0.415267
11098.738   0.415114
11098.760   0.434890
11098.782   0.471939
11098.805   0.521402
11098.827   0.577177
11098.849   0.633463
11098.871   0.685634
11098.893   0.731048
11098.915   0.769238
11098.937   0.801460
11098.960   0.829610
11098.982   0.855113
11099.004   0.878360
11099.026   0.898825
11099.048   0.915767
11099.070   0.928888
11099.092   0.938621
11099.115   0.945897
11099.137   0.951552
11099.159   0.956146
11099.181   0.959899
11099.203   0.963267
11099.225   0.966760
11099.247   0.970963
11099.270   0.975615
11099.292   0.979888
11099.314   0.982395
11099.336   0.982578
11099.358   0.980872
11099.380   0.979129
11099.402   0.979025
11099.425   0.981320
11099.447   0.984764
11099.469   0.987270
11099.491   0.986936
11099.513   0.983679
11099.535   0.978964
11099.557   0.974898
11099.580   0.972630
11099.602   0.971810
11099.624   0.970970
11099.646   0.968920
11099.668   0.965838
11099.690   0.963380
11099.712   0.963682
11099.735   0.967837
11099.757   0.975151
11099.779   0.983352
11099.801   0.989901
11099.823   0.993383
11099.845   0.994309
11099.867   0.994440
11099.890   0.995594
11099.912   0.998292
11099.934   1.001765
11099.956   1.004485
11099.978   1.005504
11100.000   1.004835
11100.022   1.003462
11100.045   1.002315
11100.067   1.001834
11100.089   1.001667
11100.111   1.001283
11100.133   1.000295
11100.155   0.998803
11100.177   0.997060
11100.200   0.995319
11100.222   0.993606
11100.244   0.991695
11100.266   0.989196
11100.288   0.985813
11100.310   0.981558
11100.332   0.976849
11100.355   0.972138
11100.377   0.967469
11100.399   0.961969
11100.421   0.954296
11100.443   0.943192
11100.465   0.928397
11100.487   0.910892
11100.510   0.892923
11100.532   0.877100
11100.554   0.865937
11100.576   0.861210
11100.598   0.863846
11100.620   0.873593
11100.642   0.888745
11100.665   0.906374
11100.687   0.922983
11100.709   0.935807
11100.731   0.943584
11100.753   0.947058
11100.775   0.948087
11100.797   0.948845
11100.820   0.950712
11100.842   0.954141
11100.864   0.958633
11100.886   0.963164
11100.908   0.966657
11100.930   0.968437
11100.952   0.968753
11100.975   0.968488
11100.997   0.968752
11101.019   0.970040
11101.041   0.972191
11101.063   0.974678
11101.085   0.977260
11101.107   0.980211
11101.130   0.983849
11101.152   0.988208
11101.174   0.992730
11101.196   0.996776
11101.218   0.999759
11101.240   1.001394
11101.262   1.001654
11101.285   1.000685
11101.307   0.998674
11101.329   0.995814
11101.351   0.992452
11101.373   0.989154
11101.395   0.986546
11101.417   0.984922
11101.440   0.984013
11101.462   0.983073
11101.484   0.981301
11101.506   0.978435
11101.528   0.974929
11101.550   0.971851
11101.572   0.970146
11101.595   0.970226
11101.617   0.971451
11101.639   0.972707
11101.661   0.972713
11101.683   0.970982
11101.705   0.967656
11101.727   0.963438
11101.750   0.958572
11101.772   0.952529
11101.794   0.943825
11101.816   0.930664
11101.838   0.911531
11101.860   0.885628
11101.882   0.853134
11101.905   0.815285
11101.927   0.774762
11101.949   0.735655
11101.971   0.703316
11101.993   0.683088
11102.015   0.678865
11102.037   0.691491
11102.060   0.718445
11102.082   0.754255
11102.104   0.792564
11102.126   0.827982
11102.148   0.857399
11102.170   0.879830
11102.192   0.895817
11102.215   0.906625
11102.237   0.913701
11102.259   0.918883
11102.281   0.923909
11102.303   0.930271
11102.325   0.938140
11102.347   0.946652
11102.370   0.954074
11102.392   0.959325
11102.414   0.962285
11102.436   0.964133
11102.458   0.965972
11102.480   0.968324
11102.502   0.970500
11102.525   0.971771
11102.547   0.971820
11102.569   0.971317
11102.591   0.971077
11102.613   0.971570
11102.635   0.972588
11102.657   0.973664
11102.680   0.974593
11102.702   0.975388
11102.724   0.976254
11102.746   0.977101
11102.768   0.977795
11102.790   0.978076
11102.812   0.978022
11102.835   0.977792
11102.857   0.977702
11102.879   0.977754
11102.901   0.977721
11102.923   0.976987
11102.945   0.975194
11102.967   0.972519
11102.990   0.970389
11103.012   0.970460
11103.034   0.973966
11103.056   0.980064
11103.078   0.986719
11103.100   0.991246
11103.122   0.992683
11103.145   0.991444
11103.167   0.989140
11103.189   0.986558
11103.211   0.983621
11103.233   0.979379
11103.255   0.973546
11103.277   0.966823
11103.300   0.961019
11103.322   0.957835
11103.344   0.958182
11103.366   0.961499
11103.388   0.966361
11103.410   0.970964
11103.432   0.974155
11103.455   0.975532
11103.477   0.975709
11103.499   0.975470
11103.521   0.975510
11103.543   0.975838
11103.565   0.976261
11103.587   0.976509
11103.610   0.976731
11103.632   0.977181
11103.654   0.978154
11103.676   0.979676
11103.698   0.981703
11103.720   0.984133
11103.742   0.986941
11103.765   0.990015
11103.787   0.992897
11103.809   0.994848
11103.831   0.995092
11103.853   0.993681
11103.875   0.991583
11103.897   0.990720
11103.920   0.992458
11103.942   0.996998
11103.964   1.002713
11103.986   1.007373
11104.008   1.009003
11104.030   1.007354
11104.052   1.003581
11104.075   0.999818
11104.097   0.997709
11104.119   0.997936
11104.141   0.999762
11104.163   1.001924
11104.185   1.003212
11104.207   1.003501
11104.230   1.003480
11104.252   1.004236
11104.274   1.005983
11104.296   1.007861
11104.318   1.008128
11104.340   1.005693
11104.362   1.000889
11104.385   0.995599
11104.407   0.991889
11104.429   0.990806
11104.451   0.991856
11104.473   0.993641
11104.495   0.994768
11104.517   0.994533
11104.540   0.992937
11104.562   0.990363
11104.584   0.987069
11104.606   0.982880
11104.628   0.977226
11104.650   0.969463
11104.672   0.959589
11104.695   0.948679
11104.717   0.938851
11104.739   0.932301
11104.761   0.930218
11104.783   0.932008
11104.805   0.935869
11104.827   0.939987
11104.850   0.943929
11104.872   0.948280
11104.894   0.954027
11104.916   0.960886
11104.938   0.967851
11104.960   0.973425
11104.982   0.977122
11105.005   0.978921
11105.027   0.979120
11105.049   0.977229
11105.071   0.972692
11105.093   0.965601
11105.115   0.957605
11105.137   0.951154
11105.160   0.947731
11105.182   0.946521
11105.204   0.944334
11105.226   0.937794
11105.248   0.925304
11105.270   0.908530
11105.292   0.890923
11105.315   0.875909
11105.337   0.864425
11105.359   0.855000
11105.381   0.844537
11105.403   0.830164
11105.425   0.810202
11105.447   0.784428
11105.470   0.753357
11105.492   0.717393
11105.514   0.676230
11105.536   0.628854
11105.558   0.574582
11105.580   0.513994
11105.602   0.449901
11105.625   0.386779
11105.647   0.329686
11105.669   0.282289
11105.691   0.245883
11105.713   0.219706
11105.735   0.201959
11105.757   0.190815
11105.780   0.183980
11105.802   0.178882
11105.824   0.172372
11105.846   0.162280
11105.868   0.147968
11105.890   0.131535
11105.912   0.116477
11105.935   0.106239
11105.957   0.102377
11105.979   0.104683
11106.001   0.112175
11106.023   0.124491
11106.045   0.142164
11106.067   0.165996
11106.090   0.196225
11106.112   0.232238
11106.134   0.273030
11106.156   0.317680
11106.178   0.365490
11106.200   0.415929
11106.222   0.468468
11106.245   0.521853
11106.267   0.574157
11106.289   0.622858
11106.311   0.665941
11106.333   0.702413
11106.355   0.732785
11106.377   0.758271
11106.400   0.780366
11106.422   0.800148
11106.444   0.818366
11106.466   0.835317
11106.488   0.850832
11106.510   0.864359
11106.532   0.875099
11106.555   0.882626
11106.577   0.887123
11106.599   0.889630
11106.621   0.891316
11106.643   0.892949
11106.665   0.893721
11106.687   0.891850
11106.710   0.884998
11106.732   0.872304
11106.754   0.854389
11106.776   0.833772
11106.798   0.813060
11106.820   0.794800
11106.842   0.780442
11106.865   0.771445
11106.887   0.768958
11106.909   0.774245
11106.931   0.787567
11106.953   0.808213
11106.975   0.834083
11106.997   0.862844
11107.020   0.892348
11107.042   0.920720
11107.064   0.945923
11107.086   0.965504
11107.108   0.977587
11107.130   0.981777
11107.152   0.980615
11107.175   0.978227
11107.197   0.978970
11107.219   0.984422
11107.241   0.993457
11107.263   1.002694
11107.285   1.009475
11107.307   1.012778
11107.330   1.013686
11107.352   1.013684
11107.374   1.013712
11107.396   1.013801
11107.418   1.013661
11107.440   1.013410
11107.462   1.013398
11107.485   1.014051
11107.507   1.015210
11107.529   1.016366
11107.551   1.016638
11107.573   1.015422
11107.595   1.012561
11107.617   1.008827
11107.640   1.005789
11107.662   1.005300
11107.684   1.008296
11107.706   1.014075
11107.728   1.020289
11107.750   1.024297
11107.772   1.024388
11107.795   1.020673
11107.817   1.014702
11107.839   1.008604
11107.861   1.004108
11107.883   1.001877
11107.905   1.001565
11107.927   1.002011
11107.950   1.002099
11107.972   1.001147
11107.994   0.999566
11108.016   0.998247
11108.038   0.998138
11108.060   0.999091
11108.082   1.000149
11108.105   0.999847
11108.127   0.997402
11108.149   0.992928
11108.171   0.987578
11108.193   0.982611
11108.215   0.979025
11108.237   0.977015
11108.260   0.976333
11108.282   0.976254
11108.304   0.975763
11108.326   0.973677
11108.348   0.969098
11108.370   0.962183
11108.392   0.954249
11108.415   0.947500
11108.437   0.943575
11108.459   0.942770
11108.481   0.943170
11108.503   0.942023
11108.525   0.936796
11108.547   0.927249
11108.570   0.914983
11108.592   0.902786
11108.614   0.892152
11108.636   0.882771
11108.658   0.872692
11108.680   0.860035
11108.702   0.843819
11108.725   0.823904
11108.747   0.800076
11108.769   0.771474
11108.791   0.737336
11108.813   0.697696
11108.835   0.653959
11108.857   0.607848
11108.880   0.560473
11108.902   0.511562
11108.924   0.460201
11108.946   0.406152
11108.968   0.350974
11108.990   0.297703
11109.012   0.249667
11109.035   0.209555
11109.057   0.178987
11109.079   0.158921
11109.101   0.150031
11109.123   0.153179
11109.145   0.168588
11109.167   0.195827
11109.190   0.233394
11109.212   0.279665
11109.234   0.332842
11109.256   0.390968
11109.278   0.451695
11109.300   0.512388
11109.322   0.570386
11109.345   0.623349
11109.367   0.669740
11109.389   0.708863
11109.411   0.741123
11109.433   0.768204
11109.455   0.792174
11109.477   0.814667
11109.500   0.835810
11109.522   0.854745
11109.544   0.870215
11109.566   0.881991
11109.588   0.890823
11109.610   0.898275
11109.632   0.905732
11109.655   0.913948
11109.677   0.922835
11109.699   0.931615
11109.721   0.939199
11109.743   0.944659
11109.765   0.947893
11109.787   0.949829
11109.810   0.951974
11109.832   0.955516
11109.854   0.960518
11109.876   0.966138
11109.898   0.971243
11109.920   0.975361
11109.942   0.978655
11109.965   0.981636
11109.987   0.984266
11110.009   0.986074
11110.031   0.986461
11110.053   0.985638
11110.075   0.984606
11110.097   0.984983
11110.120   0.987693
11110.142   0.992494
11110.164   0.997492
11110.186   1.000548
11110.208   1.000297
11110.230   0.997400
11110.252   0.993800
11110.275   0.991647
11110.297   0.992061
11110.319   0.994895
11110.341   0.998923
11110.363   1.002679
11110.385   1.004958
11110.407   1.005252
11110.430   1.003757
11110.452   1.001532
11110.474   0.999851
11110.496   0.999774
11110.518   1.001112
11110.540   1.002623
11110.562   1.002298
11110.585   0.999201
11110.607   0.993886
11110.629   0.988840
11110.651   0.986592
11110.673   0.988594
11110.695   0.993612
11110.717   0.998832
11110.739   1.000961
11110.762   0.998544
11110.784   0.992337
11110.806   0.985308
11110.828   0.980795
11110.850   0.981145
11110.872   0.986378
11110.894   0.994386
11110.917   1.001896
11110.939   1.005941
11110.961   1.005165
11110.983   1.000158
11111.005   0.993245
11111.027   0.987085
11111.049   0.983760
11111.072   0.983855
11111.094   0.986757
11111.116   0.990857
11111.138   0.994594
11111.160   0.996835
11111.182   0.997775
11111.204   0.998363
11111.227   0.999999
11111.249   1.002952
11111.271   1.006302
11111.293   1.007839
11111.315   1.006369
11111.337   1.002205
11111.359   0.997553
11111.382   0.994296
11111.404   0.993056
11111.426   0.992808
11111.448   0.992215
11111.470   0.990782
11111.492   0.989240
11111.514   0.988790
11111.537   0.989752
11111.559   0.991538
11111.581   0.992881
11111.603   0.993318
11111.625   0.992860
11111.647   0.992133
11111.669   0.991204
11111.692   0.990012
11111.714   0.988257
11111.736   0.985963
11111.758   0.982992
11111.780   0.978559
11111.802   0.971348
11111.824   0.960237
11111.847   0.946298
11111.869   0.932477
11111.891   0.922917
11111.913   0.919279
11111.935   0.920170
11111.957   0.920679
11111.979   0.916038
11112.002   0.903385
11112.024   0.884050
11112.046   0.861360
11112.068   0.839016
11112.090   0.818244
11112.112   0.798007
11112.134   0.775339
11112.157   0.746979
11112.179   0.710246
11112.201   0.663827
11112.223   0.608242
11112.245   0.545594
11112.267   0.479481
11112.289   0.413926
11112.312   0.352748
11112.334   0.298453
11112.356   0.252781
11112.378   0.217170
11112.400   0.193553
11112.422   0.183944
11112.444   0.190030
11112.467   0.211600
11112.489   0.245973
11112.511   0.287853
11112.533   0.330625
11112.555   0.367697
11112.577   0.393848
11112.599   0.406189
11112.622   0.404778
11112.644   0.392986
11112.666   0.376992
11112.688   0.364644
11112.710   0.363514
11112.732   0.379001
11112.754   0.412709
11112.777   0.462516
11112.799   0.523356
11112.821   0.589032
11112.843   0.653858
11112.865   0.713623
11112.887   0.765605
11112.909   0.808491
11112.932   0.842577
11112.954   0.869541
11112.976   0.891989
11112.998   0.912140
11113.020   0.931139
11113.042   0.948609
11113.064   0.963339
11113.087   0.974190
11113.109   0.981045
11113.131   0.984863
11113.153   0.987168
11113.175   0.989310
11113.197   0.991948
11113.219   0.995097
11113.242   0.998463
11113.264   1.001810
11113.286   1.004922
11113.308   1.007677
11113.330   1.009926
11113.352   1.012020
11113.374   1.014463
11113.397   1.017911
11113.419   1.022108
11113.441   1.026111
11113.463   1.028179
11113.485   1.027266
11113.507   1.023287
11113.529   1.017821
11113.552   1.012855
11113.574   1.010222
11113.596   1.010212
11113.618   1.011919
11113.640   1.013346
11113.662   1.013413
11113.684   1.012181
11113.707   1.011422
11113.729   1.012422
11113.751   1.015415
11113.773   1.018303
11113.795   1.018815
11113.817   1.015497
11113.839   1.009703
11113.862   1.004140
11113.884   1.001731
11113.906   1.002955
11113.928   1.006116
11113.950   1.008020
11113.972   1.006612
11113.994   1.001672
11114.017   0.994733
11114.039   0.987194
11114.061   0.979338
11114.083   0.970229
11114.105   0.958832
11114.127   0.945066
11114.149   0.930037
11114.172   0.915688
11114.194   0.904327
11114.216   0.897635
11114.238   0.896089
11114.260   0.898624
11114.282   0.903226
11114.304   0.907504
11114.327   0.909744
11114.349   0.909202
11114.371   0.906246
11114.393   0.901735
11114.415   0.896546
11114.437   0.890734
11114.459   0.883748
11114.482   0.874639
11114.504   0.863218
11114.526   0.850014
11114.548   0.836245
11114.570   0.822433
11114.592   0.808125
11114.614   0.792043
11114.637   0.773046
11114.659   0.750778
11114.681   0.725365
11114.703   0.697027
11114.725   0.665292
11114.747   0.629348
11114.769   0.588219
11114.792   0.541685
11114.814   0.490995
11114.836   0.439032
11114.858   0.389528
11114.880   0.345023
11114.902   0.305648
11114.924   0.268584
11114.947   0.230566
11114.969   0.190229
11114.991   0.150400
11115.013   0.116359
11115.035   0.092953
11115.057   0.081263
11115.079   0.078536
11115.102   0.080216
11115.124   0.083491
11115.146   0.089041
11115.168   0.100242
11115.190   0.120463
11115.212   0.150450
11115.234   0.187868
11115.257   0.228501
11115.279   0.268146
11115.301   0.303783
11115.323   0.333906
11115.345   0.357614
11115.367   0.374108
11115.389   0.382406
11115.412   0.381659
11115.434   0.371936
11115.456   0.355258
11115.478   0.336248
11115.500   0.321558
11115.522   0.318147
11115.544   0.330624
11115.567   0.359616
11115.589   0.401764
11115.611   0.451810
11115.633   0.505284
11115.655   0.559558
11115.677   0.613505
11115.699   0.665558
11115.722   0.713726
11115.744   0.755632
11115.766   0.790239
11115.788   0.817711
11115.810   0.839745
11115.832   0.858265
11115.854   0.875091
11115.877   0.891097
11115.899   0.906404
11115.921   0.920335
11115.943   0.932314
11115.965   0.942154
11115.987   0.950517
11116.009   0.958029
11116.032   0.964894
11116.054   0.970305
11116.076   0.973559
11116.098   0.974498
11116.120   0.974430
11116.142   0.974840
11116.164   0.976793
11116.187   0.979859
11116.209   0.983131
11116.231   0.985891
11116.253   0.988389
11116.275   0.991196
11116.297   0.994248
11116.319   0.996727
11116.342   0.997648
11116.364   0.997421
11116.386   0.997530
11116.408   0.999944
11116.430   1.005068
11116.452   1.011559
11116.474   1.016502
11116.497   1.017851
11116.519   1.015386
11116.541   1.011516
11116.563   1.008933
11116.585   1.009128
11116.607   1.010556
11116.629   1.010374
11116.652   1.006131
11116.674   0.998263
11116.696   0.989545
11116.718   0.983851
11116.740   0.983570
11116.762   0.988768
11116.784   0.997193
11116.807   1.005627
11116.829   1.011023
11116.851   1.011709
11116.873   1.007776
11116.895   1.001126
11116.917   0.994586
11116.939   0.990705
11116.962   0.990338
11116.984   0.992506
11117.006   0.994844
11117.028   0.995341
11117.050   0.993059
11117.072   0.988848
11117.094   0.984396
11117.117   0.981419
11117.139   0.980234
11117.161   0.979974
11117.183   0.978972
11117.205   0.976434
11117.227   0.972588
11117.249   0.968799
11117.272   0.966058
11117.294   0.964610
11117.316   0.963514
11117.338   0.961647
11117.360   0.958240
11117.382   0.953308
11117.404   0.947669
11117.427   0.942430
11117.449   0.939026
11117.471   0.938291
11117.493   0.940603
11117.515   0.944833
11117.537   0.949292
11117.559   0.951584
11117.582   0.950926
11117.604   0.947905
11117.626   0.945085
11117.648   0.944516
11117.670   0.947256
11117.692   0.952181
11117.714   0.957578
11117.737   0.961780
11117.759   0.964336
11117.781   0.965456
11117.803   0.965667
11117.825   0.965509
11117.847   0.965714
11117.869   0.967015
11117.892   0.969821
11117.914   0.973580
11117.936   0.977340
11117.958   0.979905
11117.980   0.980763
11118.002   0.979852
11118.024   0.977850
11118.047   0.976091
11118.069   0.976042
11118.091   0.978721
11118.113   0.983136
11118.135   0.987140
11118.157   0.987940
11118.179   0.984801
11118.202   0.978893
11118.224   0.973501
11118.246   0.971515
11118.268   0.974487
11118.290   0.981012
11118.312   0.988054
11118.334   0.991793
11118.357   0.990321
11118.379   0.983927
11118.401   0.975821
11118.423   0.969545
11118.445   0.967911
11118.467   0.970875
11118.489   0.976477
11118.512   0.981377
11118.534   0.982916
11118.556   0.979875
11118.578   0.973019
11118.600   0.964546
11118.622   0.957170
11118.644   0.953542
11118.667   0.954660
11118.689   0.959945
11118.711   0.966849
11118.733   0.973145
11118.755   0.977362
11118.777   0.979745
11118.799   0.980777
11118.822   0.980870
11118.844   0.979780
11118.866   0.977432
11118.888   0.974072
11118.910   0.970470
11118.932   0.967231
11118.954   0.964436
11118.977   0.961392
11118.999   0.957042
11119.021   0.950474
11119.043   0.941861
11119.065   0.932967
11119.087   0.926650
11119.109   0.925597
11119.132   0.930419
11119.154   0.939336
11119.176   0.948626
11119.198   0.955341
11119.220   0.958545
11119.242   0.960336
11119.264   0.963306
11119.287   0.969181
11119.309   0.976842
11119.331   0.983913
11119.353   0.987818
11119.375   0.987639
11119.397   0.983828
11119.419   0.977774
11119.442   0.971334
11119.464   0.966466
11119.486   0.965231
11119.508   0.968530
11119.530   0.975754
11119.552   0.984251
11119.574   0.990967
11119.597   0.993625
11119.619   0.992221
11119.641   0.988310
11119.663   0.984094
11119.685   0.980797
11119.707   0.978545
11119.729   0.976773
11119.752   0.975389
11119.774   0.975080
11119.796   0.976656
11119.818   0.980073
11119.840   0.983746
11119.862   0.985612
11119.884   0.984265
11119.907   0.980424
11119.929   0.976261
11119.951   0.974347
11119.973   0.975814
11119.995   0.979984
11120.017   0.984781
11120.039   0.987849
11120.062   0.987886
11120.084   0.985047
11120.106   0.980993
11120.128   0.977794
11120.150   0.977302
11120.172   0.980163
11120.194   0.985868
11120.217   0.992629
11120.239   0.998230
11120.261   1.000603
11120.283   0.999093
11120.305   0.994726
11120.327   0.990094
11120.349   0.987409
11120.372   0.987375
11120.394   0.988436
11120.416   0.988738
11120.438   0.987323
11120.460   0.984717
11120.482   0.981441
11120.504   0.976908
11120.527   0.970297
11120.549   0.961582
11120.571   0.952871
11120.593   0.946054
11120.615   0.941752
11120.637   0.937825
11120.659   0.931880
11120.682   0.922589
11120.704   0.910562
11120.726   0.896448
11120.748   0.879112
11120.770   0.855215
11120.792   0.820945
11120.814   0.774860
11120.837   0.719613
11120.859   0.661538
11120.881   0.608600
11120.903   0.568210
11120.925   0.545661
11120.947   0.543249
11120.969   0.560861
11120.992   0.596269
11121.014   0.645480
11121.036   0.702708
11121.058   0.759909
11121.080   0.809441
11121.102   0.846391
11121.124   0.871728
11121.147   0.889931
11121.169   0.906271
11121.191   0.922622
11121.213   0.937651
11121.235   0.948666
11121.257   0.954199
11121.279   0.954979
11121.302   0.952534
11121.324   0.948174
11121.346   0.941954
11121.368   0.933894
11121.390   0.923903
11121.412   0.912242
11121.434   0.898303
11121.457   0.881202
11121.479   0.860358
11121.501   0.837197
11121.523   0.815139
11121.545   0.798500
11121.567   0.790250
11121.589   0.790809
11121.612   0.797959
11121.634   0.808486
11121.656   0.819911
11121.678   0.831905
11121.700   0.845813
11121.722   0.863105
11121.744   0.883486
11121.767   0.904194
11121.789   0.921251
11121.811   0.931360
11121.833   0.933818
11121.855   0.929840
11121.877   0.921536
11121.899   0.910003
11121.922   0.895741
11121.944   0.878707
11121.966   0.859054
11121.988   0.836542
11122.010   0.810187
11122.032   0.778649
11122.054   0.741524
11122.077   0.701151
11122.099   0.662563
11122.121   0.632507
11122.143   0.616608
11122.165   0.617898
11122.187   0.635599
11122.209   0.665669
11122.232   0.702583
11122.254   0.741293
11122.276   0.779104
11122.298   0.815498
11122.320   0.850880
11122.342   0.884621
11122.364   0.914633
11122.387   0.937592
11122.409   0.951603
11122.431   0.957361
11122.453   0.958742
11122.475   0.960226
11122.497   0.964831
11122.519   0.972992
11122.542   0.983347
11122.564   0.993732
11122.586   1.001768
11122.608   1.005417
11122.630   1.004138
11122.652   0.999158
11122.674   0.993431
11122.697   0.989631
11122.719   0.989201
11122.741   0.991547
11122.763   0.995149
11122.785   0.998335
11122.807   1.000056
11122.829   1.000185
11122.852   0.999496
11122.874   0.999248
11122.896   1.000289
11122.918   1.002237
11122.940   1.003320
11122.962   1.001247
11122.984   0.994908
11123.007   0.985452
11123.029   0.976230
11123.051   0.970848
11123.073   0.971138
11123.095   0.975803
11123.117   0.981882
11123.139   0.986465
11123.162   0.988637
11123.184   0.988513
11123.206   0.986492
11123.228   0.981703
11123.250   0.973570
11123.272   0.962376
11123.294   0.950017
11123.317   0.938351
11123.339   0.928189
11123.361   0.918736
11123.383   0.908602
11123.405   0.896617
11123.427   0.882419
11123.449   0.865770
11123.472   0.845325
11123.494   0.818700
11123.516   0.783056
11123.538   0.737403
11123.560   0.682391
11123.582   0.620669
11123.604   0.554879
11123.627   0.487631
11123.649   0.421535
11123.671   0.360475
11123.693   0.309041
11123.715   0.271638
11123.737   0.251547
11123.759   0.250461
11123.782   0.268985
11123.804   0.306165
11123.826   0.359085
11123.848   0.422963
11123.870   0.491922
11123.892   0.560859
11123.914   0.625996
11123.937   0.684925
11123.959   0.735789
11123.981   0.777470
11124.003   0.810180
11124.025   0.835690
11124.047   0.856659
11124.069   0.875250
11124.092   0.892459
11124.114   0.907641
11124.136   0.919945
11124.158   0.928941
11124.180   0.935927
11124.202   0.942612
11124.224   0.950652
11124.246   0.959596
11124.269   0.968010
11124.291   0.973883
11124.313   0.976974
11124.335   0.978080
11124.357   0.978719
11124.379   0.979413
11124.401   0.979827
11124.424   0.979179
11124.446   0.977841
11124.468   0.977235
11124.490   0.978800
11124.512   0.982539
11124.534   0.986823
11124.556   0.989955
11124.579   0.991284
11124.601   0.991841
11124.623   0.993046
11124.645   0.995718
11124.667   0.999098
11124.689   1.001706
11124.711   1.002101
11124.734   1.000228
11124.756   0.996851
11124.778   0.993360
11124.800   0.990886
11124.822   0.990435
11124.844   0.992620
11124.866   0.997144
11124.889   1.002535
11124.911   1.006187
11124.933   1.006482
11124.955   1.003604
11124.977   0.999495
11124.999   0.995451
11125.021   0.990627
11125.044   0.983400
11125.066   0.973300
11125.088   0.963442
11125.110   0.957579
11125.132   0.958358
11125.154   0.964161
11125.176   0.971460
11125.199   0.976251
11125.221   0.976727
11125.243   0.973037
11125.265   0.966960
11125.287   0.961044
11125.309   0.957722
11125.331   0.958596
11125.354   0.963034
11125.376   0.968469
11125.398   0.971617
11125.420   0.970920
11125.442   0.967409
11125.464   0.963156
11125.486   0.959150
11125.509   0.953496
11125.531   0.943228
11125.553   0.925843
11125.575   0.901779
11125.597   0.873667
11125.619   0.845952
11125.641   0.822812
11125.664   0.807759
11125.686   0.802700
11125.708   0.807769
11125.730   0.821208
11125.752   0.839727
11125.774   0.859755
11125.796   0.878216
11125.819   0.893727
11125.841   0.906093
11125.863   0.916219
11125.885   0.924539
11125.907   0.931012
11125.929   0.934547
11125.951   0.934781
11125.974   0.932077
11125.996   0.928003
11126.018   0.923149
11126.040   0.916634
11126.062   0.906439
11126.084   0.891132
11126.106   0.871297
11126.129   0.848414
11126.151   0.823398
11126.173   0.794227
11126.195   0.757077
11126.217   0.708196
11126.239   0.647610
11126.261   0.579670
11126.284   0.513319
11126.306   0.458830
11126.328   0.425160
11126.350   0.416701
11126.372   0.433028
11126.394   0.469214
11126.416   0.518465
11126.439   0.573712
11126.461   0.629024
11126.483   0.680270
11126.505   0.725327
11126.527   0.764202
11126.549   0.798060
11126.571   0.828564
11126.594   0.856308
11126.616   0.881277
11126.638   0.902482
11126.660   0.919052
11126.682   0.930330
11126.704   0.936675
11126.726   0.939069
11126.749   0.939042
11126.771   0.937920
11126.793   0.936296
11126.815   0.933921
11126.837   0.930574
11126.859   0.926858
11126.881   0.924254
11126.904   0.923445
11126.926   0.923297
11126.948   0.920234
11126.970   0.910851
11126.992   0.893326
11127.014   0.869650
11127.036   0.843316
11127.059   0.818285
11127.081   0.796464
11127.103   0.778289
11127.125   0.762709
11127.147   0.749603
11127.169   0.740120
11127.191   0.737255
11127.214   0.742684
11127.236   0.756241
11127.258   0.775128
11127.280   0.796925
11127.302   0.820260
11127.324   0.844404
11127.346   0.868100
11127.369   0.888996
11127.391   0.905842
11127.413   0.918630
11127.435   0.928854
11127.457   0.937433
11127.479   0.944601
11127.501   0.950052
11127.524   0.953558
11127.546   0.955237
11127.568   0.955870
11127.590   0.957065
11127.612   0.960926
11127.634   0.967868
11127.656   0.976004
11127.679   0.980970
11127.701   0.980122
11127.723   0.974056
11127.745   0.967325
11127.767   0.964256
11127.789   0.966220
11127.811   0.970530
11127.834   0.973247
11127.856   0.972603
11127.878   0.970052
11127.900   0.969294
11127.922   0.972955
11127.944   0.981062
11127.966   0.990394
11127.989   0.996450
11128.011   0.996264
11128.033   0.990553
11128.055   0.983888
11128.077   0.981600
11128.099   0.986346
11128.121   0.996225
11128.144   1.006195
11128.166   1.011498
11128.188   1.010006
11128.210   1.003219
11128.232   0.994689
11128.254   0.988547
11128.276   0.987661
11128.299   0.992820
11128.321   1.002252
11128.343   1.011537
11128.365   1.016069
11128.387   1.012944
11128.409   1.003970
11128.431   0.993783
11128.454   0.988101
11128.476   0.989220
11128.498   0.996227
11128.520   1.005317
11128.542   1.012771
11128.564   1.015878
11128.586   1.013621
11128.609   1.006534
11128.631   0.996551
11128.653   0.986563
11128.675   0.979370
11128.697   0.976565
11128.719   0.977626
11128.741   0.980486
11128.764   0.983472
11128.786   0.986577
11128.808   0.991616
11128.830   0.999313
11128.852   1.008412
11128.874   1.015140
11128.896   1.016343
11128.919   1.010823
11128.941   1.000502
11128.963   0.988372
11128.985   0.977404
11129.007   0.969656
11129.029   0.966563
11129.051   0.968852
11129.074   0.975305
11129.096   0.983039
11129.118   0.987834
11129.140   0.987173
11129.162   0.980842
11129.184   0.971883
11129.206   0.963398
11129.229   0.957597
11129.251   0.953817
11129.273   0.950356
11129.295   0.945035
11129.317   0.937634
11129.339   0.929248
11129.361   0.922231
11129.384   0.917287
11129.406   0.913376
11129.428   0.907346
11129.450   0.896825
11129.472   0.880860
11129.494   0.861882
11129.516   0.842947
11129.539   0.826827
11129.561   0.812714
11129.583   0.797569
11129.605   0.776746
11129.627   0.747589
11129.649   0.709957
11129.671   0.666853
11129.694   0.621292
11129.716   0.575007
11129.738   0.527028
11129.760   0.475889
11129.782   0.421458
11129.804   0.365617
11129.826   0.311076
11129.849   0.259824
11129.871   0.212809
11129.893   0.170560
11129.915   0.134486
11129.937   0.106779
11129.959   0.090080
11129.981   0.084312
11130.004   0.086546
11130.026   0.091112
11130.048   0.094027
11130.070   0.094392
11130.092   0.095425
11130.114   0.101594
11130.136   0.116963
11130.159   0.142806
11130.181   0.178038
11130.203   0.219464
11130.225   0.264341
11130.247   0.311060
11130.269   0.360313
11130.291   0.413042
11130.314   0.469418
11130.336   0.526761
11130.358   0.581579
11130.380   0.630577
11130.402   0.674453
11130.424   0.715937
11130.446   0.759032
11130.469   0.803821
11130.491   0.847200
11130.513   0.883112
11130.535   0.908768
11130.557   0.925506
11130.579   0.938648
11130.601   0.952616
11130.624   0.968614
11130.646   0.984426
11130.668   0.996878
11130.690   1.004735
11130.712   1.009213
11130.734   1.013260
11130.756   1.018446
11130.779   1.024359
11130.801   1.028209
11130.823   1.028493
11130.845   1.025230
11130.867   1.021040
11130.889   1.016379
11130.911   1.009500
11130.934   0.995195
11130.956   0.971263
11130.978   0.939450
11131.000   0.905850
