10790.044   0.997976
10790.065   0.997908
10790.086   0.997833
10790.108   0.997643
10790.129   0.997295
10790.150   0.996846
10790.171   0.996453
10790.192   0.996253
10790.213   0.996316
10790.235   0.996580
10790.256   0.996912
10790.277   0.997144
10790.298   0.997186
10790.319   0.997041
10790.340   0.996835
10790.361   0.996729
10790.383   0.996882
10790.404   0.997354
10790.425   0.998093
10790.446   0.998898
10790.467   0.999513
10790.488   0.999718
10790.510   0.999411
10790.531   0.998664
10790.552   0.997697
10790.573   0.996822
10790.594   0.996303
10790.615   0.996270
10790.637   0.996669
10790.658   0.997312
10790.679   0.997947
10790.700   0.998351
10790.721   0.998395
10790.742   0.998082
10790.764   0.997543
10790.785   0.996966
10790.806   0.996535
10790.827   0.996383
10790.848   0.996549
10790.869   0.996967
10790.890   0.997481
10790.912   0.997903
10790.933   0.998075
10790.954   0.997922
10790.975   0.997454
10790.996   0.996775
10791.017   0.996038
10791.039   0.995407
10791.060   0.995004
10791.081   0.994875
10791.102   0.994999
10791.123   0.995281
10791.144   0.995597
10791.166   0.995811
10791.187   0.995855
10791.208   0.995707
10791.229   0.995417
10791.250   0.995022
10791.271   0.994570
10791.293   0.994071
10791.314   0.993552
10791.335   0.993049
10791.356   0.992650
10791.377   0.992440
10791.398   0.992480
10791.419   0.992755
10791.441   0.993186
10791.462   0.993667
10791.483   0.994112
10791.504   0.994484
10791.525   0.994795
10791.546   0.995060
10791.568   0.995286
10791.589   0.995446
10791.610   0.995494
10791.631   0.995361
10791.652   0.994996
10791.673   0.994372
10791.695   0.993560
10791.716   0.992696
10791.737   0.991979
10791.758   0.991578
10791.779   0.991601
10791.800   0.991993
10791.822   0.992561
10791.843   0.993026
10791.864   0.993117
10791.885   0.992630
10791.906   0.991467
10791.927   0.989653
10791.948   0.987310
10791.970   0.984592
10791.991   0.981605
10792.012   0.978388
10792.033   0.974895
10792.054   0.971042
10792.075   0.966782
10792.097   0.962241
10792.118   0.957757
10792.139   0.953846
10792.160   0.951090
10792.181   0.950017
10792.202   0.950879
10792.224   0.953581
10792.245   0.957646
10792.266   0.962396
10792.287   0.967129
10792.308   0.971399
10792.329   0.975068
10792.351   0.978293
10792.372   0.981292
10792.393   0.984213
10792.414   0.986950
10792.435   0.989262
10792.456   0.990886
10792.477   0.991783
10792.499   0.992118
10792.520   0.992214
10792.541   0.992324
10792.562   0.992575
10792.583   0.992928
10792.604   0.993296
10792.626   0.993628
10792.647   0.993978
10792.668   0.994449
10792.689   0.995108
10792.710   0.995918
10792.731   0.996724
10792.753   0.997315
10792.774   0.997500
10792.795   0.997154
10792.816   0.996268
10792.837   0.994952
10792.858   0.993466
10792.880   0.992121
10792.901   0.991224
10792.922   0.990941
10792.943   0.991275
10792.964   0.992025
10792.985   0.992894
10793.006   0.993566
10793.028   0.993830
10793.049   0.993617
10793.070   0.993017
10793.091   0.992226
10793.112   0.991490
10793.133   0.991009
10793.155   0.990910
10793.176   0.991214
10793.197   0.991870
10793.218   0.992762
10793.239   0.993770
10793.260   0.994755
10793.282   0.995601
10793.303   0.996197
10793.324   0.996502
10793.345   0.996530
10793.366   0.996378
10793.387   0.996157
10793.409   0.995939
10793.430   0.995712
10793.451   0.995412
10793.472   0.994998
10793.493   0.994511
10793.514   0.994096
10793.535   0.993947
10793.557   0.994207
10793.578   0.994867
10793.599   0.995745
10793.620   0.996542
10793.641   0.996957
10793.662   0.996799
10793.684   0.996060
10793.705   0.994915
10793.726   0.993647
10793.747   0.992585
10793.768   0.991988
10793.789   0.991977
10793.811   0.992493
10793.832   0.993347
10793.853   0.994274
10793.874   0.995055
10793.895   0.995552
10793.916   0.995774
10793.938   0.995811
10793.959   0.995812
10793.980   0.995887
10794.001   0.996100
10794.022   0.996447
10794.043   0.996926
10794.064   0.997511
10794.086   0.998166
10794.107   0.998793
10794.128   0.999255
10794.149   0.999386
10794.170   0.999065
10794.191   0.998320
10794.213   0.997364
10794.234   0.996522
10794.255   0.996095
10794.276   0.996226
10794.297   0.996854
10794.318   0.997751
10794.340   0.998630
10794.361   0.999249
10794.382   0.999486
10794.403   0.999328
10794.424   0.998848
10794.445   0.998152
10794.467   0.997388
10794.488   0.996709
10794.509   0.996248
10794.530   0.996066
10794.551   0.996160
10794.572   0.996430
10794.593   0.996712
10794.615   0.996808
10794.636   0.996571
10794.657   0.995967
10794.678   0.995096
10794.699   0.994158
10794.720   0.993371
10794.742   0.992882
10794.763   0.992683
10794.784   0.992606
10794.805   0.992372
10794.826   0.991730
10794.847   0.990492
10794.869   0.988605
10794.890   0.986050
10794.911   0.982822
10794.932   0.978847
10794.953   0.974029
10794.974   0.968258
10794.996   0.961609
10795.017   0.954385
10795.038   0.947144
10795.059   0.940638
10795.080   0.935680
10795.101   0.932942
10795.122   0.932764
10795.144   0.935093
10795.165   0.939472
10795.186   0.945207
10795.207   0.951561
10795.228   0.957902
10795.249   0.963784
10795.271   0.968993
10795.292   0.973497
10795.313   0.977347
10795.334   0.980669
10795.355   0.983558
10795.376   0.986087
10795.398   0.988260
10795.419   0.990050
10795.440   0.991400
10795.461   0.992316
10795.482   0.992861
10795.503   0.993202
10795.525   0.993523
10795.546   0.993951
10795.567   0.994474
10795.588   0.994965
10795.609   0.995236
10795.630   0.995152
10795.651   0.994693
10795.673   0.993988
10795.694   0.993255
10795.715   0.992722
10795.736   0.992517
10795.757   0.992634
10795.778   0.992926
10795.800   0.993205
10795.821   0.993301
10795.842   0.993155
10795.863   0.992833
10795.884   0.992488
10795.905   0.992252
10795.927   0.992171
10795.948   0.992204
10795.969   0.992276
10795.990   0.992363
10796.011   0.992498
10796.032   0.992779
10796.054   0.993253
10796.075   0.993878
10796.096   0.994492
10796.117   0.994938
10796.138   0.995111
10796.159   0.995042
10796.180   0.994824
10796.202   0.994582
10796.223   0.994385
10796.244   0.994264
10796.265   0.994191
10796.286   0.994172
10796.307   0.994247
10796.329   0.994466
10796.350   0.994841
10796.371   0.995299
10796.392   0.995728
10796.413   0.995999
10796.434   0.996068
10796.456   0.995958
10796.477   0.995803
10796.498   0.995733
10796.519   0.995851
10796.540   0.996105
10796.561   0.996358
10796.583   0.996421
10796.604   0.996183
10796.625   0.995622
10796.646   0.994847
10796.667   0.994023
10796.688   0.993335
10796.709   0.992889
10796.731   0.992714
10796.752   0.992748
10796.773   0.992906
10796.794   0.993103
10796.815   0.993295
10796.836   0.993462
10796.858   0.993614
10796.879   0.993747
10796.900   0.993834
10796.921   0.993826
10796.942   0.993671
10796.963   0.993339
10796.985   0.992801
10797.006   0.992023
10797.027   0.990937
10797.048   0.989515
10797.069   0.987809
10797.090   0.986007
10797.112   0.984369
10797.133   0.983184
10797.154   0.982626
10797.175   0.982757
10797.196   0.983473
10797.217   0.984617
10797.238   0.986010
10797.260   0.987544
10797.281   0.989119
10797.302   0.990655
10797.323   0.992048
10797.344   0.993228
10797.365   0.994158
10797.387   0.994875
10797.408   0.995457
10797.429   0.995993
10797.450   0.996528
10797.471   0.997043
10797.492   0.997487
10797.514   0.997810
10797.535   0.998055
10797.556   0.998320
10797.577   0.998759
10797.598   0.999444
10797.619   1.000342
10797.641   1.001243
10797.662   1.001904
10797.683   1.002132
10797.704   1.001918
10797.725   1.001418
10797.746   1.000905
10797.767   1.000610
10797.789   1.000632
10797.810   1.000882
10797.831   1.001145
10797.852   1.001179
10797.873   1.000842
10797.894   1.000172
10797.916   0.999389
10797.937   0.998799
10797.958   0.998676
10797.979   0.999124
10798.000   1.000046
10798.021   1.001150
10798.043   1.002092
10798.064   1.002576
10798.085   1.002515
10798.106   1.002006
10798.127   1.001314
10798.148   1.000693
10798.170   1.000339
10798.191   1.000267
10798.212   1.000423
10798.233   1.000687
10798.254   1.000988
10798.275   1.001269
10798.296   1.001540
10798.318   1.001785
10798.339   1.001990
10798.360   1.002094
10798.381   1.002045
10798.402   1.001789
10798.423   1.001326
10798.445   1.000676
10798.466   0.999902
10798.487   0.999068
10798.508   0.998228
10798.529   0.997412
10798.550   0.996655
10798.572   0.996029
10798.593   0.995646
10798.614   0.995644
10798.635   0.996084
10798.656   0.996929
10798.677   0.998009
10798.699   0.999105
10798.720   1.000001
10798.741   1.000607
10798.762   1.000951
10798.783   1.001187
10798.804   1.001463
10798.825   1.001865
10798.847   1.002273
10798.868   1.002412
10798.889   1.001919
10798.910   1.000559
10798.931   0.998351
10798.952   0.995649
10798.974   0.992964
10798.995   0.990794
10799.016   0.989395
10799.037   0.988739
10799.058   0.988575
10799.079   0.988577
10799.101   0.988438
10799.122   0.987931
10799.143   0.986890
10799.164   0.985235
10799.185   0.982912
10799.206   0.979905
10799.228   0.976189
10799.249   0.971712
10799.270   0.966298
10799.291   0.959669
10799.312   0.951362
10799.333   0.940714
10799.354   0.926829
10799.376   0.908597
10799.397   0.884688
10799.418   0.853890
10799.439   0.815486
10799.460   0.769849
10799.481   0.718908
10799.503   0.666008
10799.524   0.615701
10799.545   0.573144
10799.566   0.543291
10799.587   0.529888
10799.608   0.534770
10799.630   0.557235
10799.651   0.594086
10799.672   0.640506
10799.693   0.691077
10799.714   0.740976
10799.735   0.786744
10799.757   0.826598
10799.778   0.859969
10799.799   0.887186
10799.820   0.909042
10799.841   0.926433
10799.862   0.940218
10799.883   0.951125
10799.905   0.959727
10799.926   0.966508
10799.947   0.971850
10799.968   0.976077
10799.989   0.979438
10800.010   0.982129
10800.032   0.984249
10800.053   0.985875
10800.074   0.987052
10800.095   0.987877
10800.116   0.988465
10800.137   0.988992
10800.159   0.989623
10800.180   0.990493
10800.201   0.991613
10800.222   0.992895
10800.243   0.994166
10800.264   0.995263
10800.286   0.996098
10800.307   0.996726
10800.328   0.997304
10800.349   0.998022
10800.370   0.998968
10800.391   1.000073
10800.412   1.001133
10800.434   1.001888
10800.455   1.002172
10800.476   1.001972
10800.497   1.001453
10800.518   1.000853
10800.539   1.000412
10800.561   1.000252
10800.582   1.000381
10800.603   1.000669
10800.624   1.000949
10800.645   1.001052
10800.666   1.000910
10800.688   1.000553
10800.709   1.000137
10800.730   0.999865
10800.751   0.999908
10800.772   1.000310
10800.793   1.000954
10800.815   1.001587
10800.836   1.001911
10800.857   1.001708
10800.878   1.000952
10800.899   0.999836
10800.920   0.998688
10800.941   0.997862
10800.963   0.997590
10800.984   0.997918
10801.005   0.998671
10801.026   0.999537
10801.047   1.000177
10801.068   1.000355
10801.090   1.000014
10801.111   0.999288
10801.132   0.998434
10801.153   0.997701
10801.174   0.997229
10801.195   0.996982
10801.217   0.996830
10801.238   0.996630
10801.259   0.996341
10801.280   0.996034
10801.301   0.995818
10801.322   0.995749
10801.344   0.995768
10801.365   0.995765
10801.386   0.995651
10801.407   0.995444
10801.428   0.995257
10801.449   0.995256
10801.470   0.995536
10801.492   0.996092
10801.513   0.996801
10801.534   0.997492
10801.555   0.997994
10801.576   0.998188
10801.597   0.998038
10801.619   0.997608
10801.640   0.997053
10801.661   0.996557
10801.682   0.996285
10801.703   0.996295
10801.724   0.996548
10801.746   0.996920
10801.767   0.997307
10801.788   0.997641
10801.809   0.997929
10801.830   0.998196
10801.851   0.998490
10801.873   0.998839
10801.894   0.999298
10801.915   0.999907
10801.936   1.000697
10801.957   1.001608
10801.978   1.002492
10801.999   1.003104
10802.021   1.003216
10802.042   1.002727
10802.063   1.001749
10802.084   1.000572
10802.105   0.999588
10802.126   0.999111
10802.148   0.999259
10802.169   0.999890
10802.190   1.000685
10802.211   1.001256
10802.232   1.001331
10802.253   1.000834
10802.275   0.999932
10802.296   0.998927
10802.317   0.998137
10802.338   0.997700
10802.359   0.997543
10802.380   0.997400
10802.402   0.997017
10802.423   0.996278
10802.444   0.995330
10802.465   0.994473
10802.486   0.994033
10802.507   0.994141
10802.528   0.994713
10802.550   0.995474
10802.571   0.996157
10802.592   0.996582
10802.613   0.996773
10802.634   0.996849
10802.655   0.996959
10802.677   0.997125
10802.698   0.997267
10802.719   0.997220
10802.740   0.996881
10802.761   0.996253
10802.782   0.995519
10802.804   0.994923
10802.825   0.994703
10802.846   0.994927
10802.867   0.995506
10802.888   0.996192
10802.909   0.996734
10802.931   0.996940
10802.952   0.996770
10802.973   0.996313
10802.994   0.995751
10803.015   0.995260
10803.036   0.994956
10803.057   0.994873
10803.079   0.994965
10803.100   0.995148
10803.121   0.995321
10803.142   0.995389
10803.163   0.995266
10803.184   0.994907
10803.206   0.994326
10803.227   0.993601
10803.248   0.992849
10803.269   0.992182
10803.290   0.991669
10803.311   0.991276
10803.333   0.990881
10803.354   0.990273
10803.375   0.989230
10803.396   0.987559
10803.417   0.985137
10803.438   0.981870
10803.460   0.977663
10803.481   0.972336
10803.502   0.965628
10803.523   0.957261
10803.544   0.947137
10803.565   0.935497
10803.586   0.923087
10803.608   0.911067
10803.629   0.900903
10803.650   0.893984
10803.671   0.891355
10803.692   0.893404
10803.713   0.899773
10803.735   0.909435
10803.756   0.921005
10803.777   0.933079
10803.798   0.944522
10803.819   0.954649
10803.840   0.963195
10803.862   0.970212
10803.883   0.975923
10803.904   0.980606
10803.925   0.984513
10803.946   0.987793
10803.967   0.990503
10803.989   0.992625
10804.010   0.994136
10804.031   0.995050
10804.052   0.995455
10804.073   0.995503
10804.094   0.995371
10804.115   0.995192
10804.137   0.995023
10804.158   0.994881
10804.179   0.994783
10804.200   0.994790
10804.221   0.994974
10804.242   0.995383
10804.264   0.995989
10804.285   0.996701
10804.306   0.997392
10804.327   0.997951
10804.348   0.998308
10804.369   0.998417
10804.391   0.998274
10804.412   0.997878
10804.433   0.997289
10804.454   0.996595
10804.475   0.995949
10804.496   0.995463
10804.518   0.995213
10804.539   0.995174
10804.560   0.995268
10804.581   0.995349
10804.602   0.995289
10804.623   0.995028
10804.644   0.994631
10804.666   0.994245
10804.687   0.994053
10804.708   0.994175
10804.729   0.994606
10804.750   0.995214
10804.771   0.995810
10804.793   0.996258
10804.814   0.996522
10804.835   0.996672
10804.856   0.996789
10804.877   0.996919
10804.898   0.997019
10804.920   0.997005
10804.941   0.996816
10804.962   0.996483
10804.983   0.996122
10805.004   0.995880
10805.025   0.995862
10805.047   0.996067
10805.068   0.996400
10805.089   0.996713
10805.110   0.996885
10805.131   0.996851
10805.152   0.996645
10805.173   0.996352
10805.195   0.996115
10805.216   0.996054
10805.237   0.996263
10805.258   0.996723
10805.279   0.997345
10805.300   0.997948
10805.322   0.998362
10805.343   0.998461
10805.364   0.998206
10805.385   0.997643
10805.406   0.996878
10805.427   0.996081
10805.449   0.995438
10805.470   0.995138
10805.491   0.995246
10805.512   0.995694
10805.533   0.996226
10805.554   0.996552
10805.576   0.996443
10805.597   0.995900
10805.618   0.995118
10805.639   0.994408
10805.660   0.994001
10805.681   0.993952
10805.702   0.994113
10805.724   0.994237
10805.745   0.994101
10805.766   0.993634
10805.787   0.992921
10805.808   0.992180
10805.829   0.991622
10805.851   0.991399
10805.872   0.991497
10805.893   0.991794
10805.914   0.992074
10805.935   0.992170
10805.956   0.991985
10805.978   0.991557
10805.999   0.990993
10806.020   0.990424
10806.041   0.989942
10806.062   0.989571
10806.083   0.989267
10806.105   0.988915
10806.126   0.988361
10806.147   0.987382
10806.168   0.985726
10806.189   0.983124
10806.210   0.979335
10806.231   0.974138
10806.253   0.967391
10806.274   0.959115
10806.295   0.949667
10806.316   0.939761
10806.337   0.930441
10806.358   0.922875
10806.380   0.918120
10806.401   0.916857
10806.422   0.919235
10806.443   0.924840
10806.464   0.932753
10806.485   0.941813
10806.507   0.950858
10806.528   0.959013
10806.549   0.965794
10806.570   0.971161
10806.591   0.975345
10806.612   0.978704
10806.634   0.981537
10806.655   0.984045
10806.676   0.986287
10806.697   0.988235
10806.718   0.989811
10806.739   0.990984
10806.760   0.991781
10806.782   0.992311
10806.803   0.992731
10806.824   0.993184
10806.845   0.993763
10806.866   0.994440
10806.887   0.995113
10806.909   0.995627
10806.930   0.995877
10806.951   0.995831
10806.972   0.995607
10806.993   0.995386
10807.014   0.995372
10807.036   0.995665
10807.057   0.996230
10807.078   0.996885
10807.099   0.997407
10807.120   0.997634
10807.141   0.997545
10807.163   0.997255
10807.184   0.996929
10807.205   0.996702
10807.226   0.996614
10807.247   0.996630
10807.268   0.996686
10807.289   0.996772
10807.311   0.996914
10807.332   0.997176
10807.353   0.997560
10807.374   0.998040
10807.395   0.998498
10807.416   0.998842
10807.438   0.998977
10807.459   0.998913
10807.480   0.998677
10807.501   0.998349
10807.522   0.997962
10807.543   0.997549
10807.565   0.997119
10807.586   0.996736
10807.607   0.996496
10807.628   0.996500
10807.649   0.996791
10807.670   0.997304
10807.692   0.997902
10807.713   0.998423
10807.734   0.998769
10807.755   0.998903
10807.776   0.998850
10807.797   0.998638
10807.818   0.998327
10807.840   0.997984
10807.861   0.997701
10807.882   0.997551
10807.903   0.997590
10807.924   0.997814
10807.945   0.998183
10807.967   0.998608
10807.988   0.999005
10808.009   0.999279
10808.030   0.999383
10808.051   0.999291
10808.072   0.999052
10808.094   0.998722
10808.115   0.998386
10808.136   0.998086
10808.157   0.997864
10808.178   0.997753
10808.199   0.997806
10808.221   0.998061
10808.242   0.998507
10808.263   0.999042
10808.284   0.999498
10808.305   0.999700
10808.326   0.999558
10808.347   0.999094
10808.369   0.998447
10808.390   0.997794
10808.411   0.997304
10808.432   0.997079
10808.453   0.997149
10808.474   0.997483
10808.496   0.998034
10808.517   0.998731
10808.538   0.999492
10808.559   1.000211
10808.580   1.000763
10808.601   1.000999
10808.623   1.000792
10808.644   1.000070
10808.665   0.998884
10808.686   0.997399
10808.707   0.995881
10808.728   0.994606
10808.750   0.993804
10808.771   0.993583
10808.792   0.993921
10808.813   0.994669
10808.834   0.995585
10808.855   0.996382
10808.876   0.996799
10808.898   0.996657
10808.919   0.995880
10808.940   0.994490
10808.961   0.992594
10808.982   0.990353
10809.003   0.987965
10809.025   0.985637
10809.046   0.983568
10809.067   0.981885
10809.088   0.980678
10809.109   0.980004
10809.130   0.979937
10809.152   0.980523
10809.173   0.981776
10809.194   0.983583
10809.215   0.985713
10809.236   0.987863
10809.257   0.989788
10809.279   0.991358
10809.300   0.992605
10809.321   0.993659
10809.342   0.994640
10809.363   0.995579
10809.384   0.996409
10809.405   0.997027
10809.427   0.997368
10809.448   0.997461
10809.469   0.997427
10809.490   0.997418
10809.511   0.997542
10809.532   0.997820
10809.554   0.998192
10809.575   0.998566
10809.596   0.998864
10809.617   0.999053
10809.638   0.999122
10809.659   0.999067
10809.681   0.998878
10809.702   0.998541
10809.723   0.998074
10809.744   0.997522
10809.765   0.996981
10809.786   0.996566
10809.808   0.996384
10809.829   0.996464
10809.850   0.996773
10809.871   0.997208
10809.892   0.997655
10809.913   0.998001
10809.934   0.998182
10809.956   0.998154
10809.977   0.997912
10809.998   0.997475
10810.019   0.996921
10810.040   0.996372
10810.061   0.995979
10810.083   0.995849
10810.104   0.995999
10810.125   0.996323
10810.146   0.996664
10810.167   0.996866
10810.188   0.996844
10810.210   0.996590
10810.231   0.996140
10810.252   0.995545
10810.273   0.994834
10810.294   0.993982
10810.315   0.992916
10810.337   0.991562
10810.358   0.989898
10810.379   0.987971
10810.400   0.985832
10810.421   0.983475
10810.442   0.980808
10810.463   0.977654
10810.485   0.973762
10810.506   0.968851
10810.527   0.962606
10810.548   0.954614
10810.569   0.944257
10810.590   0.930771
10810.612   0.913486
10810.633   0.892001
10810.654   0.866399
10810.675   0.837585
10810.696   0.807531
10810.717   0.779002
10810.739   0.755207
10810.760   0.739249
10810.781   0.733370
10810.802   0.738290
10810.823   0.753040
10810.844   0.775367
10810.866   0.802169
10810.887   0.830367
10810.908   0.857407
10810.929   0.881473
10810.950   0.901462
10810.971   0.917104
10810.992   0.928734
10811.014   0.936989
10811.035   0.942614
10811.056   0.946369
10811.077   0.948937
10811.098   0.950876
10811.119   0.952684
10811.141   0.954809
10811.162   0.957632
10811.183   0.961371
10811.204   0.966027
10811.225   0.971354
10811.246   0.976932
10811.268   0.982260
10811.289   0.986914
10811.310   0.990654
10811.331   0.993427
10811.352   0.995332
10811.373   0.996536
10811.395   0.997255
10811.416   0.997670
10811.437   0.997926
10811.458   0.998086
10811.479   0.998177
10811.500   0.998170
10811.521   0.998067
10811.543   0.997886
10811.564   0.997696
10811.585   0.997546
10811.606   0.997459
10811.627   0.997361
10811.648   0.997156
10811.670   0.996729
10811.691   0.996082
10811.712   0.995314
10811.733   0.994624
10811.754   0.994182
10811.775   0.994061
10811.797   0.994159
10811.818   0.994228
10811.839   0.993973
10811.860   0.993161
10811.881   0.991712
10811.902   0.989665
10811.924   0.987153
10811.945   0.984270
10811.966   0.981054
10811.987   0.977446
10812.008   0.973438
10812.029   0.969136
10812.050   0.964843
10812.072   0.961019
10812.093   0.958230
10812.114   0.956945
10812.135   0.957404
10812.156   0.959547
10812.177   0.963046
10812.199   0.967390
10812.220   0.972011
10812.241   0.976408
10812.262   0.980198
10812.283   0.983198
10812.304   0.985420
10812.326   0.987045
10812.347   0.988309
10812.368   0.989414
10812.389   0.990464
10812.410   0.991448
10812.431   0.992306
10812.453   0.993015
10812.474   0.993635
10812.495   0.994260
10812.516   0.994990
10812.537   0.995850
10812.558   0.996802
10812.579   0.997763
10812.601   0.998648
10812.622   0.999380
10812.643   0.999914
10812.664   1.000206
10812.685   1.000271
10812.706   1.000156
10812.728   0.999945
10812.749   0.999676
10812.770   0.999367
10812.791   0.998982
10812.812   0.998523
10812.833   0.998063
10812.855   0.997785
10812.876   0.997867
10812.897   0.998391
10812.918   0.999235
10812.939   1.000140
10812.960   1.000799
10812.982   1.001045
10813.003   1.000895
10813.024   1.000523
10813.045   1.000136
10813.066   0.999862
10813.087   0.999719
10813.108   0.999638
10813.130   0.999549
10813.151   0.999420
10813.172   0.999291
10813.193   0.999204
10813.214   0.999178
10813.235   0.999157
10813.257   0.999074
10813.278   0.998862
10813.299   0.998521
10813.320   0.998077
10813.341   0.997579
10813.362   0.997063
10813.384   0.996572
10813.405   0.996175
10813.426   0.995998
10813.447   0.996177
10813.468   0.996780
10813.489   0.997741
10813.511   0.998825
10813.532   0.999705
10813.553   1.000066
10813.574   0.999764
10813.595   0.998876
10813.616   0.997721
10813.637   0.996707
10813.659   0.996215
10813.680   0.996391
10813.701   0.997114
10813.722   0.998028
10813.743   0.998737
10813.764   0.998958
10813.786   0.998643
10813.807   0.997950
10813.828   0.997131
10813.849   0.996425
10813.870   0.995967
10813.891   0.995810
10813.913   0.995922
10813.934   0.996242
10813.955   0.996630
10813.976   0.996949
10813.997   0.997074
10814.018   0.996982
10814.040   0.996719
10814.061   0.996405
10814.082   0.996136
10814.103   0.995981
10814.124   0.995979
10814.145   0.996169
10814.166   0.996564
10814.188   0.997121
10814.209   0.997696
10814.230   0.998101
10814.251   0.998164
10814.272   0.997860
10814.293   0.997289
10814.315   0.996637
10814.336   0.996057
10814.357   0.995640
10814.378   0.995401
10814.399   0.995347
10814.420   0.995485
10814.442   0.995821
10814.463   0.996331
10814.484   0.996969
10814.505   0.997667
10814.526   0.998342
10814.547   0.998894
10814.569   0.999180
10814.590   0.999078
10814.611   0.998527
10814.632   0.997632
10814.653   0.996627
10814.674   0.995846
10814.695   0.995541
10814.717   0.995795
10814.738   0.996434
10814.759   0.997151
10814.780   0.997608
10814.801   0.997638
10814.822   0.997266
10814.844   0.996720
10814.865   0.996253
10814.886   0.996062
10814.907   0.996170
10814.928   0.996482
10814.949   0.996827
10814.971   0.997076
10814.992   0.997178
10815.013   0.997168
10815.034   0.997133
10815.055   0.997161
10815.076   0.997304
10815.098   0.997519
10815.119   0.997696
10815.140   0.997679
10815.161   0.997345
10815.182   0.996653
10815.203   0.995715
10815.224   0.994749
10815.246   0.994020
10815.267   0.993717
10815.288   0.993879
10815.309   0.994379
10815.330   0.994984
10815.351   0.995464
10815.373   0.995667
10815.394   0.995551
10815.415   0.995172
10815.436   0.994652
10815.457   0.994142
10815.478   0.993777
10815.500   0.993645
10815.521   0.993740
10815.542   0.993962
10815.563   0.994120
10815.584   0.994041
10815.605   0.993623
10815.627   0.992893
10815.648   0.991944
10815.669   0.990874
10815.690   0.989662
10815.711   0.988147
10815.732   0.986046
10815.753   0.983047
10815.775   0.978894
10815.796   0.973433
10815.817   0.966705
10815.838   0.958966
10815.859   0.950779
10815.880   0.942901
10815.902   0.936290
10815.923   0.931765
10815.944   0.929890
10815.965   0.930748
10815.986   0.934036
10816.007   0.939071
10816.029   0.944994
10816.050   0.950870
10816.071   0.955870
10816.092   0.959461
10816.113   0.961561
10816.134   0.962533
10816.156   0.963058
10816.177   0.963884
10816.198   0.965567
10816.219   0.968288
10816.240   0.971853
10816.261   0.975837
10816.282   0.979788
10816.304   0.983378
10816.325   0.986441
10816.346   0.988958
10816.367   0.990971
10816.388   0.992542
10816.409   0.993726
10816.431   0.994575
10816.452   0.995150
10816.473   0.995535
10816.494   0.995819
10816.515   0.996076
10816.536   0.996347
10816.558   0.996631
10816.579   0.996906
10816.600   0.997138
10816.621   0.997306
10816.642   0.997404
10816.663   0.997434
10816.685   0.997414
10816.706   0.997373
10816.727   0.997337
10816.748   0.997328
10816.769   0.997334
10816.790   0.997330
10816.811   0.997270
10816.833   0.997129
10816.854   0.996923
10816.875   0.996742
10816.896   0.996710
10816.917   0.996943
10816.938   0.997428
10816.960   0.997998
10816.981   0.998312
10817.002   0.998069
10817.023   0.997145
10817.044   0.995783
10817.065   0.994488
10817.087   0.993840
10817.108   0.994137
10817.129   0.995290
10817.150   0.996842
10817.171   0.998266
10817.192   0.999209
10817.214   0.999611
10817.235   0.999631
10817.256   0.999447
10817.277   0.999135
10817.298   0.998660
10817.319   0.997980
10817.340   0.997162
10817.362   0.996375
10817.383   0.995813
10817.404   0.995545
10817.425   0.995488
10817.446   0.995388
10817.467   0.994965
10817.489   0.993980
10817.510   0.992311
10817.531   0.989927
10817.552   0.986876
10817.573   0.983337
10817.594   0.979681
10817.616   0.976514
10817.637   0.974495
10817.658   0.974081
10817.679   0.975267
10817.700   0.977534
10817.721   0.980116
10817.743   0.982340
10817.764   0.983970
10817.785   0.985167
10817.806   0.986362
10817.827   0.987866
10817.848   0.989745
10817.869   0.991727
10817.891   0.993453
10817.912   0.994614
10817.933   0.995191
10817.954   0.995383
10817.975   0.995547
10817.996   0.995919
10818.018   0.996525
10818.039   0.997111
10818.060   0.997350
10818.081   0.997021
10818.102   0.996190
10818.123   0.995178
10818.145   0.994411
10818.166   0.994199
10818.187   0.994583
10818.208   0.995340
10818.229   0.996089
10818.250   0.996489
10818.272   0.996365
10818.293   0.995827
10818.314   0.995168
10818.335   0.994777
10818.356   0.994907
10818.377   0.995582
10818.398   0.996520
10818.420   0.997305
10818.441   0.997581
10818.462   0.997244
10818.483   0.996480
10818.504   0.995612
10818.525   0.994912
10818.547   0.994445
10818.568   0.994112
10818.589   0.993750
10818.610   0.993327
10818.631   0.992939
10818.652   0.992765
10818.674   0.992906
10818.695   0.993325
10818.716   0.993846
10818.737   0.994266
10818.758   0.994462
10818.779   0.994422
10818.801   0.994211
10818.822   0.993910
10818.843   0.993623
10818.864   0.993441
10818.885   0.993475
10818.906   0.993799
10818.927   0.994415
10818.949   0.995194
10818.970   0.995918
10818.991   0.996353
10819.012   0.996384
10819.033   0.996068
10819.054   0.995628
10819.076   0.995323
10819.097   0.995325
10819.118   0.995647
10819.139   0.996175
10819.160   0.996789
10819.181   0.997447
10819.203   0.998203
10819.224   0.999092
10819.245   1.000033
10819.266   1.000792
10819.287   1.001083
10819.308   1.000744
10819.330   0.999835
10819.351   0.998645
10819.372   0.997485
10819.393   0.996576
10819.414   0.995930
10819.435   0.995485
10819.456   0.995141
10819.478   0.994897
10819.499   0.994771
10819.520   0.994796
10819.541   0.994905
10819.562   0.995012
10819.583   0.994995
10819.605   0.994836
10819.626   0.994585
10819.647   0.994410
10819.668   0.994461
10819.689   0.994825
10819.710   0.995408
10819.732   0.995978
10819.753   0.996267
10819.774   0.996105
10819.795   0.995566
10819.816   0.994869
10819.837   0.994312
10819.859   0.994040
10819.880   0.994047
10819.901   0.994154
10819.922   0.994219
10819.943   0.994173
10819.964   0.994085
10819.985   0.994005
10820.007   0.993927
10820.028   0.993749
10820.049   0.993393
10820.070   0.992892
10820.091   0.992416
10820.112   0.992179
10820.134   0.992291
10820.155   0.992707
10820.176   0.993236
10820.197   0.993656
10820.218   0.993790
10820.239   0.993565
10820.261   0.993008
10820.282   0.992247
10820.303   0.991513
10820.324   0.991067
10820.345   0.991106
10820.366   0.991610
10820.388   0.992352
10820.409   0.992966
10820.430   0.993167
10820.451   0.992897
10820.472   0.992381
10820.493   0.991978
10820.514   0.991984
10820.536   0.992474
10820.557   0.993273
10820.578   0.994073
10820.599   0.994579
10820.620   0.994667
10820.641   0.994385
10820.663   0.993912
10820.684   0.993468
10820.705   0.993219
10820.726   0.993227
10820.747   0.993379
10820.768   0.993500
10820.790   0.993412
10820.811   0.993092
10820.832   0.992630
10820.853   0.992227
10820.874   0.992016
10820.895   0.992016
10820.917   0.992102
10820.938   0.992130
10820.959   0.991997
10820.980   0.991703
10821.001   0.991333
10821.022   0.991015
10821.043   0.990870
10821.065   0.990994
10821.086   0.991436
10821.107   0.992154
10821.128   0.992994
10821.149   0.993725
10821.170   0.994119
10821.192   0.994056
10821.213   0.993604
10821.234   0.992980
10821.255   0.992458
10821.276   0.992213
10821.297   0.992267
10821.319   0.992476
10821.340   0.992625
10821.361   0.992519
10821.382   0.992089
10821.403   0.991411
10821.424   0.990694
10821.446   0.990199
10821.467   0.990129
10821.488   0.990554
10821.509   0.991357
10821.530   0.992301
10821.551   0.993103
10821.572   0.993574
10821.594   0.993644
10821.615   0.993387
10821.636   0.992916
10821.657   0.992342
10821.678   0.991707
10821.699   0.991040
10821.721   0.990371
10821.742   0.989769
10821.763   0.989303
10821.784   0.989003
10821.805   0.988837
10821.826   0.988735
10821.848   0.988652
10821.869   0.988586
10821.890   0.988550
10821.911   0.988480
10821.932   0.988192
10821.953   0.987460
10821.975   0.986130
10821.996   0.984295
10822.017   0.982231
10822.038   0.980317
10822.059   0.978743
10822.080   0.977559
10822.101   0.976655
10822.123   0.976088
10822.144   0.976032
10822.165   0.976793
10822.186   0.978468
10822.207   0.980870
10822.228   0.983493
10822.250   0.985788
10822.271   0.987427
10822.292   0.988451
10822.313   0.989195
10822.334   0.990002
10822.355   0.991074
10822.377   0.992340
10822.398   0.993641
10822.419   0.994788
10822.440   0.995750
10822.461   0.996532
10822.482   0.997185
10822.504   0.997651
10822.525   0.997857
10822.546   0.997720
10822.567   0.997307
10822.588   0.996789
10822.609   0.996424
10822.630   0.996364
10822.652   0.996622
10822.673   0.997052
10822.694   0.997473
10822.715   0.997758
10822.736   0.997868
10822.757   0.997822
10822.779   0.997630
10822.800   0.997306
10822.821   0.996874
10822.842   0.996430
10822.863   0.996120
10822.884   0.996085
10822.906   0.996376
10822.927   0.996900
10822.948   0.997471
10822.969   0.997899
10822.990   0.998127
10823.011   0.998195
10823.033   0.998211
10823.054   0.998178
10823.075   0.998022
10823.096   0.997591
10823.117   0.996864
10823.138   0.995974
10823.159   0.995256
10823.181   0.995030
10823.202   0.995475
10823.223   0.996457
10823.244   0.997612
10823.265   0.998468
10823.286   0.998684
10823.308   0.998150
10823.329   0.997053
10823.350   0.995765
10823.371   0.994666
10823.392   0.994012
10823.413   0.993871
10823.435   0.994200
10823.456   0.994874
10823.477   0.995775
10823.498   0.996722
10823.519   0.997496
10823.540   0.997829
10823.562   0.997564
10823.583   0.996717
10823.604   0.995546
10823.625   0.994410
10823.646   0.993582
10823.667   0.993083
10823.688   0.992676
10823.710   0.992074
10823.731   0.991133
10823.752   0.989992
10823.773   0.988935
10823.794   0.988232
10823.815   0.987949
10823.837   0.987956
10823.858   0.988019
10823.879   0.987939
10823.900   0.987672
10823.921   0.987310
10823.942   0.987082
10823.964   0.987190
10823.985   0.987762
10824.006   0.988720
10824.027   0.989850
10824.048   0.990848
10824.069   0.991506
10824.091   0.991781
10824.112   0.991814
10824.133   0.991804
10824.154   0.991881
10824.175   0.992006
10824.196   0.992026
10824.217   0.991776
10824.239   0.991245
10824.260   0.990568
10824.281   0.989981
10824.302   0.989649
10824.323   0.989630
10824.344   0.989843
10824.366   0.990185
10824.387   0.990566
10824.408   0.990941
10824.429   0.991270
10824.450   0.991494
10824.471   0.991545
10824.493   0.991365
10824.514   0.990964
10824.535   0.990430
10824.556   0.989930
10824.577   0.989657
10824.598   0.989770
10824.620   0.990309
10824.641   0.991157
10824.662   0.992087
10824.683   0.992843
10824.704   0.993243
10824.725   0.993226
10824.746   0.992848
10824.768   0.992260
10824.789   0.991647
10824.810   0.991212
10824.831   0.991106
10824.852   0.991376
10824.873   0.991889
10824.895   0.992382
10824.916   0.992558
10824.937   0.992256
10824.958   0.991538
10824.979   0.990696
10825.000   0.990093
10825.022   0.989992
10825.043   0.990405
10825.064   0.991135
10825.085   0.991822
10825.106   0.992166
10825.127   0.992005
10825.149   0.991434
10825.170   0.990672
10825.191   0.989978
10825.212   0.989475
10825.233   0.989143
10825.254   0.988895
10825.275   0.988681
10825.297   0.988567
10825.318   0.988666
10825.339   0.989069
10825.360   0.989713
10825.381   0.990445
10825.402   0.991083
10825.424   0.991524
10825.445   0.991778
10825.466   0.991886
10825.487   0.991927
10825.508   0.991944
10825.529   0.992016
10825.551   0.992212
10825.572   0.992578
10825.593   0.993088
10825.614   0.993611
10825.635   0.994001
10825.656   0.994131
10825.678   0.994028
10825.699   0.993788
10825.720   0.993573
10825.741   0.993455
10825.762   0.993440
10825.783   0.993449
10825.804   0.993416
10825.826   0.993308
10825.847   0.993144
10825.868   0.992941
10825.889   0.992713
10825.910   0.992467
10825.931   0.992227
10825.953   0.992035
10825.974   0.991935
10825.995   0.991961
10826.016   0.992106
10826.037   0.992350
10826.058   0.992662
10826.080   0.993025
10826.101   0.993395
10826.122   0.993712
10826.143   0.993910
10826.164   0.993963
10826.185   0.993918
10826.207   0.993850
10826.228   0.993850
10826.249   0.993924
10826.270   0.994058
10826.291   0.994201
10826.312   0.994383
10826.333   0.994678
10826.355   0.995185
10826.376   0.995934
10826.397   0.996829
10826.418   0.997674
10826.439   0.998231
10826.460   0.998349
10826.482   0.998009
10826.503   0.997367
10826.524   0.996644
10826.545   0.996079
10826.566   0.995816
10826.587   0.995887
10826.609   0.996156
10826.630   0.996406
10826.651   0.996414
10826.672   0.996123
10826.693   0.995660
10826.714   0.995314
10826.736   0.995315
10826.757   0.995713
10826.778   0.996264
10826.799   0.996619
10826.820   0.996483
10826.841   0.995862
10826.862   0.994996
10826.884   0.994268
10826.905   0.993917
10826.926   0.993968
10826.947   0.994207
10826.968   0.994376
10826.989   0.994307
10827.011   0.994007
10827.032   0.993599
10827.053   0.993198
10827.074   0.992857
10827.095   0.992542
10827.116   0.992259
10827.138   0.992052
10827.159   0.992016
10827.180   0.992143
10827.201   0.992327
10827.222   0.992366
10827.243   0.992126
10827.265   0.991603
10827.286   0.990973
10827.307   0.990452
10827.328   0.990191
10827.349   0.990198
10827.370   0.990376
10827.391   0.990599
10827.413   0.990767
10827.434   0.990825
10827.455   0.990747
10827.476   0.990544
10827.497   0.990281
10827.518   0.990047
10827.540   0.989922
10827.561   0.989922
10827.582   0.990008
10827.603   0.990143
10827.624   0.990311
10827.645   0.990511
10827.667   0.990683
10827.688   0.990701
10827.709   0.990401
10827.730   0.989697
10827.751   0.988625
10827.772   0.987354
10827.794   0.986063
10827.815   0.984859
10827.836   0.983760
10827.857   0.982739
10827.878   0.981851
10827.899   0.981175
10827.920   0.980838
10827.942   0.980815
10827.963   0.981002
10827.984   0.981117
10828.005   0.980917
10828.026   0.980221
10828.047   0.979062
10828.069   0.977604
10828.090   0.976099
10828.111   0.974773
10828.132   0.973747
10828.153   0.973024
10828.174   0.972505
10828.196   0.972102
10828.217   0.971792
10828.238   0.971670
10828.259   0.971873
10828.280   0.972490
10828.301   0.973473
10828.323   0.974638
10828.344   0.975796
10828.365   0.976868
10828.386   0.977958
10828.407   0.979272
10828.428   0.980959
10828.449   0.983012
10828.471   0.985226
10828.492   0.987353
10828.513   0.989169
10828.534   0.990600
10828.555   0.991695
10828.576   0.992593
10828.598   0.993438
10828.619   0.994281
10828.640   0.995067
10828.661   0.995640
10828.682   0.995881
10828.703   0.995797
10828.725   0.995527
10828.746   0.995256
10828.767   0.995058
10828.788   0.994918
10828.809   0.994764
10828.830   0.994594
10828.852   0.994451
10828.873   0.994389
10828.894   0.994409
10828.915   0.994448
10828.936   0.994480
10828.957   0.994551
10828.978   0.994772
10829.000   0.995185
10829.021   0.995716
10829.042   0.996179
10829.063   0.996408
10829.084   0.996378
10829.105   0.996231
10829.127   0.996175
10829.148   0.996319
10829.169   0.996602
10829.190   0.996847
10829.211   0.996879
10829.232   0.996667
10829.254   0.996273
10829.275   0.995842
10829.296   0.995448
10829.317   0.995138
10829.338   0.994893
10829.359   0.994747
10829.381   0.994720
10829.402   0.994863
10829.423   0.995169
10829.444   0.995622
10829.465   0.996149
10829.486   0.996667
10829.507   0.997050
10829.529   0.997180
10829.550   0.996970
10829.571   0.996457
10829.592   0.995788
10829.613   0.995198
10829.634   0.994865
10829.656   0.994836
10829.677   0.994975
10829.698   0.995119
10829.719   0.995139
10829.740   0.995070
10829.761   0.995007
10829.783   0.995058
10829.804   0.995218
10829.825   0.995419
10829.846   0.995576
10829.867   0.995645
10829.888   0.995639
10829.910   0.995558
10829.931   0.995423
10829.952   0.995221
10829.973   0.995007
10829.994   0.994828
10830.015   0.994763
10830.036   0.994795
10830.058   0.994855
10830.079   0.994805
10830.100   0.994578
10830.121   0.994210
10830.142   0.993837
10830.163   0.993596
10830.185   0.993486
10830.206   0.993376
10830.227   0.993045
10830.248   0.992395
10830.269   0.991500
10830.290   0.990622
10830.312   0.990056
10830.333   0.990002
10830.354   0.990463
10830.375   0.991267
10830.396   0.992146
10830.417   0.992853
10830.439   0.993245
10830.460   0.993333
10830.481   0.993265
10830.502   0.993286
10830.523   0.993603
10830.544   0.994312
10830.565   0.995290
10830.587   0.996252
10830.608   0.996822
10830.629   0.996771
10830.650   0.996081
10830.671   0.995009
10830.692   0.993902
10830.714   0.993100
10830.735   0.992785
10830.756   0.992976
10830.777   0.993558
10830.798   0.994347
10830.819   0.995140
10830.841   0.995754
10830.862   0.996077
10830.883   0.996120
10830.904   0.996058
10830.925   0.996147
10830.946   0.996599
10830.968   0.997423
10830.989   0.998425
10831.010   0.999282
10831.031   0.999762
10831.052   0.999832
10831.073   0.999698
10831.094   0.999654
10831.116   0.999958
10831.137   1.000716
10831.158   1.001899
10831.179   1.003386
10831.200   1.005046
10831.221   1.006766
10831.243   1.008409
10831.264   1.009769
10831.285   1.010609
10831.306   1.010740
10831.327   1.010148
10831.348   1.008986
10831.370   1.007510
10831.391   1.005863
10831.412   1.004058
10831.433   1.001977
10831.454   0.999519
10831.475   0.996618
10831.497   0.993260
10831.518   0.989480
10831.539   0.985392
10831.560   0.981273
10831.581   0.977524
10831.602   0.974553
10831.623   0.972526
10831.645   0.971276
10831.666   0.970387
10831.687   0.969383
10831.708   0.967985
10831.729   0.966076
10831.750   0.963662
10831.772   0.960558
10831.793   0.956410
10831.814   0.950595
10831.835   0.942484
10831.856   0.931436
10831.877   0.916859
10831.899   0.898040
10831.920   0.874175
10831.941   0.844282
10831.962   0.807567
10831.983   0.763886
10832.004   0.714833
10832.026   0.663813
10832.047   0.615855
10832.068   0.576488
10832.089   0.550819
10832.110   0.542403
10832.131   0.552375
10832.152   0.579217
10832.174   0.618881
10832.195   0.665910
10832.216   0.714830
10832.237   0.761351
10832.258   0.802819
10832.279   0.838190
10832.301   0.867646
10832.322   0.891956
10832.343   0.911930
10832.364   0.928263
10832.385   0.941456
10832.406   0.951942
10832.428   0.960192
10832.449   0.966755
10832.470   0.972209
10832.491   0.976970
10832.512   0.981234
10832.533   0.984968
10832.555   0.988057
10832.576   0.990426
10832.597   0.992128
10832.618   0.993366
10832.639   0.994405
10832.660   0.995468
10832.681   0.996661
10832.703   0.997966
10832.724   0.999310
10832.745   1.000579
10832.766   1.001696
10832.787   1.002567
10832.808   1.003149
10832.830   1.003416
10832.851   1.003469
10832.872   1.003490
10832.893   1.003685
10832.914   1.004158
10832.935   1.004825
10832.957   1.005488
10832.978   1.005959
10832.999   1.006184
10833.020   1.006224
10833.041   1.006155
10833.062   1.005979
10833.084   1.005629
10833.105   1.005071
10833.126   1.004382
10833.147   1.003736
10833.168   1.003295
10833.189   1.003103
10833.210   1.003058
10833.232   1.002998
10833.253   1.002811
10833.274   1.002522
10833.295   1.002241
10833.316   1.002089
10833.337   1.002067
10833.359   1.002083
10833.380   1.001955
10833.401   1.001578
10833.422   1.000929
10833.443   1.000108
10833.464   0.999215
10833.486   0.998256
10833.507   0.997124
10833.528   0.995687
10833.549   0.993973
10833.570   0.992250
10833.591   0.990910
10833.613   0.990206
10833.634   0.989965
10833.655   0.989639
10833.676   0.988466
10833.697   0.985928
10833.718   0.981832
10833.739   0.976360
10833.761   0.969613
10833.782   0.961425
10833.803   0.951112
10833.824   0.937861
10833.845   0.921040
10833.866   0.900687
10833.888   0.877645
10833.909   0.853762
10833.930   0.831677
10833.951   0.814321
10833.972   0.804321
10833.993   0.803164
10834.015   0.810718
10834.036   0.825337
10834.057   0.844468
10834.078   0.865460
10834.099   0.886094
10834.120   0.904973
10834.142   0.921420
10834.163   0.935268
10834.184   0.946667
10834.205   0.955921
10834.226   0.963450
10834.247   0.969654
10834.268   0.974911
10834.290   0.979435
10834.311   0.983327
10834.332   0.986545
10834.353   0.989091
10834.374   0.991014
10834.395   0.992449
10834.417   0.993525
10834.438   0.994336
10834.459   0.994927
10834.480   0.995326
10834.501   0.995585
10834.522   0.995776
10834.544   0.996003
10834.565   0.996319
10834.586   0.996733
10834.607   0.997171
10834.628   0.997542
10834.649   0.997755
10834.671   0.997783
10834.692   0.997679
10834.713   0.997560
10834.734   0.997583
10834.755   0.997836
10834.776   0.998305
10834.797   0.998814
10834.819   0.999146
10834.840   0.999131
10834.861   0.998807
10834.882   0.998362
10834.903   0.998041
10834.924   0.997997
10834.946   0.998221
10834.967   0.998603
10834.988   0.998984
10835.009   0.999238
10835.030   0.999261
10835.051   0.999008
10835.073   0.998508
10835.094   0.997887
10835.115   0.997339
10835.136   0.997028
10835.157   0.997020
10835.178   0.997232
10835.200   0.997497
10835.221   0.997652
10835.242   0.997649
10835.263   0.997581
10835.284   0.997598
10835.305   0.997839
10835.326   0.998289
10835.348   0.998853
10835.369   0.999348
10835.390   0.999647
10835.411   0.999657
10835.432   0.999376
10835.453   0.998848
10835.475   0.998207
10835.496   0.997611
10835.517   0.997194
10835.538   0.996981
10835.559   0.996882
10835.580   0.996747
10835.602   0.996480
10835.623   0.996118
10835.644   0.995789
10835.665   0.995623
10835.686   0.995647
10835.707   0.995797
10835.729   0.995929
10835.750   0.995961
10835.771   0.995872
10835.792   0.995765
10835.813   0.995755
10835.834   0.995952
10835.855   0.996368
10835.877   0.996916
10835.898   0.997457
10835.919   0.997848
10835.940   0.998071
10835.961   0.998147
10835.982   0.998159
10836.004   0.998115
10836.025   0.998034
10836.046   0.997926
10836.067   0.997842
10836.088   0.997834
10836.109   0.997896
10836.131   0.997981
10836.152   0.998008
10836.173   0.997978
10836.194   0.997956
10836.215   0.998054
10836.236   0.998330
10836.258   0.998751
10836.279   0.999186
10836.300   0.999468
10836.321   0.999468
10836.342   0.999171
10836.363   0.998690
10836.384   0.998230
10836.406   0.997979
10836.427   0.998033
10836.448   0.998353
10836.469   0.998817
10836.490   0.999276
10836.511   0.999640
10836.533   0.999864
10836.554   0.999990
10836.575   1.000092
10836.596   1.000239
10836.617   1.000425
10836.638   1.000544
10836.660   1.000453
10836.681   1.000046
10836.702   0.999343
10836.723   0.998504
10836.744   0.997742
10836.765   0.997222
10836.787   0.996933
10836.808   0.996771
10836.829   0.996598
10836.850   0.996374
10836.871   0.996140
10836.892   0.995983
10836.913   0.995946
10836.935   0.996051
10836.956   0.996277
10836.977   0.996637
10836.998   0.997073
10837.019   0.997488
10837.040   0.997682
10837.062   0.997514
10837.083   0.996926
10837.104   0.996075
10837.125   0.995207
10837.146   0.994567
10837.167   0.994219
10837.189   0.994037
10837.210   0.993789
10837.231   0.993276
10837.252   0.992457
10837.273   0.991385
10837.294   0.990189
10837.316   0.988954
10837.337   0.987795
10837.358   0.986830
10837.379   0.986213
10837.400   0.986010
10837.421   0.986116
10837.442   0.986290
10837.464   0.986222
10837.485   0.985793
10837.506   0.985068
10837.527   0.984359
10837.548   0.983941
10837.569   0.984007
10837.591   0.984517
10837.612   0.985357
10837.633   0.986351
10837.654   0.987358
10837.675   0.988202
10837.696   0.988694
10837.718   0.988602
10837.739   0.987707
10837.760   0.985845
10837.781   0.982963
10837.802   0.979080
10837.823   0.974165
10837.845   0.968074
10837.866   0.960460
10837.887   0.950950
10837.908   0.939328
10837.929   0.925917
10837.950   0.911643
10837.971   0.898064
10837.993   0.886940
10838.014   0.879840
10838.035   0.877819
10838.056   0.881131
10838.077   0.889289
10838.098   0.901078
10838.120   0.914922
10838.141   0.929076
10838.162   0.942124
10838.183   0.953180
10838.204   0.961970
10838.225   0.968687
10838.247   0.973728
10838.268   0.977488
10838.289   0.980267
10838.310   0.982409
10838.331   0.984234
10838.352   0.986039
10838.374   0.987867
10838.395   0.989529
10838.416   0.990698
10838.437   0.991199
10838.458   0.991140
10838.479   0.990893
10838.500   0.990870
10838.522   0.991326
10838.543   0.992260
10838.564   0.993475
10838.585   0.994652
10838.606   0.995497
10838.627   0.995809
10838.649   0.995647
10838.670   0.995299
10838.691   0.995233
10838.712   0.995783
10838.733   0.996942
10838.754   0.998334
10838.776   0.999404
10838.797   0.999802
10838.818   0.999486
10838.839   0.998719
10838.860   0.997820
10838.881   0.997027
10838.903   0.996465
10838.924   0.996167
10838.945   0.996182
10838.966   0.996520
10838.987   0.997182
10839.008   0.998043
10839.029   0.998916
10839.051   0.999577
10839.072   0.999920
10839.093   0.999967
10839.114   0.999845
10839.135   0.999653
10839.156   0.999397
10839.178   0.998998
10839.199   0.998425
10839.220   0.997766
10839.241   0.997236
10839.262   0.997030
10839.283   0.997227
10839.305   0.997730
10839.326   0.998345
10839.347   0.998891
10839.368   0.999267
10839.389   0.999454
10839.410   0.999427
10839.432   0.999169
10839.453   0.998678
10839.474   0.998052
10839.495   0.997454
10839.516   0.997081
10839.537   0.997018
10839.558   0.997239
10839.580   0.997611
10839.601   0.997998
10839.622   0.998287
10839.643   0.998428
10839.664   0.998406
10839.685   0.998236
10839.707   0.997938
10839.728   0.997539
10839.749   0.997075
10839.770   0.996599
10839.791   0.996199
10839.812   0.995949
10839.834   0.995912
10839.855   0.996078
10839.876   0.996419
10839.897   0.996873
10839.918   0.997380
10839.939   0.997810
10839.961   0.998019
10839.982   0.997853
10840.003   0.997328
10840.024   0.996614
10840.045   0.996035
10840.066   0.995786
10840.087   0.995840
10840.109   0.995898
10840.130   0.995620
10840.151   0.994895
10840.172   0.993961
10840.193   0.993312
10840.214   0.993348
10840.236   0.994178
10840.257   0.995501
10840.278   0.996874
10840.299   0.997913
10840.320   0.998523
10840.341   0.998818
10840.363   0.998987
10840.384   0.999075
10840.405   0.998936
10840.426   0.998318
10840.447   0.997137
10840.468   0.995515
10840.490   0.993790
10840.511   0.992172
10840.532   0.990667
10840.553   0.989000
10840.574   0.986816
10840.595   0.983781
10840.616   0.979639
10840.638   0.974189
10840.659   0.967303
10840.680   0.959052
10840.701   0.949789
10840.722   0.940241
10840.743   0.931436
10840.765   0.924455
10840.786   0.920204
10840.807   0.919159
10840.828   0.921300
10840.849   0.926126
10840.870   0.932881
10840.892   0.940719
10840.913   0.948893
10840.934   0.956801
10840.955   0.964005
10840.976   0.970150
10840.997   0.975055
10841.019   0.978737
10841.040   0.981497
10841.061   0.983764
10841.082   0.985895
10841.103   0.987938
10841.124   0.989684
10841.145   0.990862
10841.167   0.991418
10841.188   0.991614
10841.209   0.991811
10841.230   0.992239
10841.251   0.992824
10841.272   0.993347
10841.294   0.993640
10841.315   0.993757
10841.336   0.993875
10841.357   0.994116
10841.378   0.994438
10841.399   0.994739
10841.421   0.995016
10841.442   0.995404
10841.463   0.996046
10841.484   0.996969
10841.505   0.997975
10841.526   0.998827
10841.548   0.999300
10841.569   0.999372
10841.590   0.999077
10841.611   0.998557
10841.632   0.997911
10841.653   0.997256
10841.674   0.996642
10841.696   0.996083
10841.717   0.995629
10841.738   0.995380
10841.759   0.995538
10841.780   0.996182
10841.801   0.997264
10841.823   0.998496
10841.844   0.999570
10841.865   1.000248
10841.886   1.000520
10841.907   1.000471
10841.928   1.000202
10841.950   0.999742
10841.971   0.999134
10841.992   0.998523
10842.013   0.998146
10842.034   0.998157
10842.055   0.998465
10842.077   0.998729
10842.098   0.998594
10842.119   0.997914
10842.140   0.996886
10842.161   0.995881
10842.182   0.995254
10842.203   0.995158
10842.225   0.995529
10842.246   0.996206
10842.267   0.996956
10842.288   0.997626
10842.309   0.998044
10842.330   0.998174
10842.352   0.998004
10842.373   0.997630
10842.394   0.997148
10842.415   0.996665
10842.436   0.996251
10842.457   0.995950
10842.479   0.995796
10842.500   0.995759
10842.521   0.995754
10842.542   0.995652
10842.563   0.995347
10842.584   0.994810
10842.606   0.994112
10842.627   0.993416
10842.648   0.992900
10842.669   0.992709
10842.690   0.992806
10842.711   0.992976
10842.732   0.992822
10842.754   0.991972
10842.775   0.990337
10842.796   0.988168
10842.817   0.985975
10842.838   0.984087
10842.859   0.982479
10842.881   0.980655
10842.902   0.978058
10842.923   0.974352
10842.944   0.969608
10842.965   0.964097
10842.986   0.957899
10843.008   0.950676
10843.029   0.941677
10843.050   0.930181
10843.071   0.915954
10843.092   0.899650
10843.113   0.882736
10843.135   0.867192
10843.156   0.855046
10843.177   0.847837
10843.198   0.846409
10843.219   0.850787
10843.240   0.860290
10843.261   0.873668
10843.283   0.889361
10843.304   0.905698
10843.325   0.921156
10843.346   0.934669
10843.367   0.945806
10843.388   0.954676
10843.410   0.961726
10843.431   0.967382
10843.452   0.971930
10843.473   0.975560
10843.494   0.978494
10843.515   0.980959
10843.537   0.983141
10843.558   0.985101
10843.579   0.986809
10843.600   0.988281
10843.621   0.989566
10843.642   0.990781
10843.664   0.991923
10843.685   0.992933
10843.706   0.993644
10843.727   0.993976
10843.748   0.993910
10843.769   0.993569
10843.790   0.993110
10843.812   0.992748
10843.833   0.992652
10843.854   0.992914
10843.875   0.993451
10843.896   0.994033
10843.917   0.994381
10843.939   0.994378
10843.960   0.994148
10843.981   0.993968
10844.002   0.994090
10844.023   0.994560
10844.044   0.995234
10844.066   0.995850
10844.087   0.996197
10844.108   0.996184
10844.129   0.995864
10844.150   0.995400
10844.171   0.994972
10844.193   0.994747
10844.214   0.994741
10844.235   0.994959
10844.256   0.995353
10844.277   0.996002
10844.298   0.996899
10844.319   0.997974
10844.341   0.998931
10844.362   0.999496
10844.383   0.999484
10844.404   0.999013
10844.425   0.998305
10844.446   0.997590
10844.468   0.996932
10844.489   0.996300
10844.510   0.995695
10844.531   0.995205
10844.552   0.995015
10844.573   0.995168
10844.595   0.995581
10844.616   0.995992
10844.637   0.996270
10844.658   0.996368
10844.679   0.996459
10844.700   0.996582
10844.722   0.996709
10844.743   0.996576
10844.764   0.996112
10844.785   0.995418
10844.806   0.994863
10844.827   0.994607
10844.848   0.994523
10844.870   0.994138
10844.891   0.993100
10844.912   0.991444
10844.933   0.989639
10844.954   0.988212
10844.975   0.987425
10844.997   0.987165
10845.018   0.987190
10845.039   0.987355
10845.060   0.987743
10845.081   0.988395
10845.102   0.989205
10845.124   0.989769
10845.145   0.989718
10845.166   0.988876
10845.187   0.987548
10845.208   0.986306
10845.229   0.985776
10845.251   0.986233
10845.272   0.987515
10845.293   0.989066
10845.314   0.990315
10845.335   0.990985
10845.356   0.991270
10845.377   0.991599
10845.399   0.992295
10845.420   0.993327
10845.441   0.994367
10845.462   0.995027
10845.483   0.995117
10845.504   0.994685
10845.526   0.993914
10845.547   0.993025
10845.568   0.992235
10845.589   0.991789
10845.610   0.991822
10845.631   0.992280
10845.653   0.992849
10845.674   0.993130
10845.695   0.992889
10845.716   0.992168
10845.737   0.991238
10845.758   0.990381
10845.780   0.989777
10845.801   0.989487
10845.822   0.989505
10845.843   0.989859
10845.864   0.990514
10845.885   0.991442
10845.906   0.992477
10845.928   0.993474
10845.949   0.994184
10845.970   0.994470
10845.991   0.994216
10846.012   0.993555
10846.033   0.992686
10846.055   0.991944
10846.076   0.991533
10846.097   0.991521
10846.118   0.991812
10846.139   0.992236
10846.160   0.992736
10846.182   0.993280
10846.203   0.993911
10846.224   0.994475
10846.245   0.994760
10846.266   0.994489
10846.287   0.993597
10846.309   0.992231
10846.330   0.990747
10846.351   0.989532
10846.372   0.988899
10846.393   0.988971
10846.414   0.989691
10846.435   0.990805
10846.457   0.991914
10846.478   0.992589
10846.499   0.992573
10846.520   0.991959
10846.541   0.991136
10846.562   0.990567
10846.584   0.990491
10846.605   0.990831
10846.626   0.991350
10846.647   0.991875
10846.668   0.992416
10846.689   0.993004
10846.711   0.993570
10846.732   0.993883
10846.753   0.993767
10846.774   0.993218
10846.795   0.992488
10846.816   0.991794
10846.838   0.991242
10846.859   0.990734
10846.880   0.990198
10846.901   0.989657
10846.922   0.989266
10846.943   0.989195
10846.964   0.989514
10846.986   0.990200
10847.007   0.991138
10847.028   0.992165
10847.049   0.993020
10847.070   0.993430
10847.091   0.993229
10847.113   0.992583
10847.134   0.991940
10847.155   0.991855
10847.176   0.992559
10847.197   0.993872
10847.218   0.995289
10847.240   0.996398
10847.261   0.997131
10847.282   0.997686
10847.303   0.998275
10847.324   0.998802
10847.345   0.999006
10847.367   0.998687
10847.388   0.998013
10847.409   0.997401
10847.430   0.997232
10847.451   0.997562
10847.472   0.998106
10847.493   0.998509
10847.515   0.998537
10847.536   0.998228
10847.557   0.997691
10847.578   0.997068
10847.599   0.996377
10847.620   0.995664
10847.642   0.995006
10847.663   0.994586
10847.684   0.994563
10847.705   0.994992
10847.726   0.995739
10847.747   0.996541
10847.769   0.997107
10847.790   0.997288
10847.811   0.997123
10847.832   0.996834
10847.853   0.996673
10847.874   0.996790
10847.896   0.997160
10847.917   0.997588
10847.938   0.997853
10847.959   0.997791
10847.980   0.997492
10848.001   0.997223
10848.022   0.997341
10848.044   0.997966
10848.065   0.998878
10848.086   0.999552
10848.107   0.999488
10848.128   0.998577
10848.149   0.997203
10848.171   0.995999
10848.192   0.995407
10848.213   0.995422
10848.234   0.995679
10848.255   0.995829
10848.276   0.995753
10848.298   0.995641
10848.319   0.995638
10848.340   0.995808
10848.361   0.995989
10848.382   0.996045
10848.403   0.995894
10848.425   0.995553
10848.446   0.995050
10848.467   0.994321
10848.488   0.993343
10848.509   0.992127
10848.530   0.990882
10848.551   0.989876
10848.573   0.989404
10848.594   0.989634
10848.615   0.990555
10848.636   0.991979
10848.657   0.993534
10848.678   0.994828
10848.700   0.995531
10848.721   0.995604
10848.742   0.995215
10848.763   0.994735
10848.784   0.994445
10848.805   0.994473
10848.827   0.994727
10848.848   0.994977
10848.869   0.995086
10848.890   0.994975
10848.911   0.994805
10848.932   0.994710
10848.954   0.994898
10848.975   0.995370
10848.996   0.996022
10849.017   0.996529
10849.038   0.996566
10849.059   0.995925
10849.080   0.994727
10849.102   0.993388
10849.123   0.992333
10849.144   0.991661
10849.165   0.990907
10849.186   0.989278
10849.207   0.986068
10849.229   0.981104
10849.250   0.974781
10849.271   0.967760
10849.292   0.960553
10849.313   0.953372
10849.334   0.946379
10849.356   0.939975
10849.377   0.934979
10849.398   0.932373
10849.419   0.932854
10849.440   0.936479
10849.461   0.942568
10849.483   0.950075
10849.504   0.957915
10849.525   0.965312
10849.546   0.971818
10849.567   0.977268
10849.588   0.981678
10849.609   0.985197
10849.631   0.988081
10849.652   0.990577
10849.673   0.992738
10849.694   0.994425
10849.715   0.995426
10849.736   0.995751
10849.758   0.995647
10849.779   0.995522
10849.800   0.995614
10849.821   0.995936
10849.842   0.996236
10849.863   0.996256
10849.885   0.995820
10849.906   0.994918
10849.927   0.993635
10849.948   0.992019
10849.969   0.990003
10849.990   0.987320
10850.012   0.983638
10850.033   0.978738
10850.054   0.972774
10850.075   0.966302
10850.096   0.960151
10850.117   0.955109
10850.138   0.951668
10850.160   0.950014
10850.181   0.950124
10850.202   0.951920
10850.223   0.955252
10850.244   0.959842
10850.265   0.965177
10850.287   0.970673
10850.308   0.975807
10850.329   0.980342
10850.350   0.984185
10850.371   0.987409
10850.392   0.990011
10850.414   0.992015
10850.435   0.993415
10850.456   0.994361
10850.477   0.995075
10850.498   0.995799
10850.519   0.996600
10850.541   0.997405
10850.562   0.998054
10850.583   0.998470
10850.604   0.998699
10850.625   0.998898
10850.646   0.999255
10850.667   0.999796
10850.689   1.000424
10850.710   1.000838
10850.731   1.000847
10850.752   1.000360
10850.773   0.999626
10850.794   0.998928
10850.816   0.998516
10850.837   0.998286
10850.858   0.997944
10850.879   0.997183
10850.900   0.995983
10850.921   0.994686
10850.943   0.993723
10850.964   0.993373
10850.985   0.993458
10851.006   0.993638
10851.027   0.993497
10851.048   0.992985
10851.070   0.992137
10851.091   0.991115
10851.112   0.989767
10851.133   0.987821
10851.154   0.984858
10851.175   0.980742
10851.196   0.975668
10851.218   0.970238
10851.239   0.965190
10851.260   0.961182
10851.281   0.958584
10851.302   0.957526
10851.323   0.957981
10851.345   0.959889
10851.366   0.963067
10851.387   0.967201
10851.408   0.971837
10851.429   0.976505
10851.450   0.980840
10851.472   0.984637
10851.493   0.987765
10851.514   0.990132
10851.535   0.991672
10851.556   0.992485
10851.577   0.992849
10851.599   0.993134
10851.620   0.993604
10851.641   0.994171
10851.662   0.994519
10851.683   0.994277
10851.704   0.993431
10851.725   0.992361
10851.747   0.991664
10851.768   0.991727
10851.789   0.992504
10851.810   0.993544
10851.831   0.994282
10851.852   0.994318
10851.874   0.993663
10851.895   0.992615
10851.916   0.991657
10851.937   0.991058
10851.958   0.990890
10851.979   0.990944
10852.001   0.991095
10852.022   0.991284
10852.043   0.991585
10852.064   0.992043
10852.085   0.992685
10852.106   0.993512
10852.128   0.994466
10852.149   0.995404
10852.170   0.996124
10852.191   0.996511
10852.212   0.996629
10852.233   0.996743
10852.254   0.997162
10852.276   0.997989
10852.297   0.999068
10852.318   0.999954
10852.339   1.000264
10852.360   0.999769
10852.381   0.998657
10852.403   0.997314
10852.424   0.996230
10852.445   0.995638
10852.466   0.995443
10852.487   0.995218
10852.508   0.994491
10852.530   0.992953
10852.551   0.990580
10852.572   0.987530
10852.593   0.983986
10852.614   0.980063
10852.635   0.975864
10852.657   0.971525
10852.678   0.967346
10852.699   0.963705
10852.720   0.961096
10852.741   0.959974
10852.762   0.960646
10852.783   0.963072
10852.805   0.966766
10852.826   0.970964
10852.847   0.974867
10852.868   0.977993
10852.889   0.980311
10852.910   0.982141
10852.932   0.983971
10852.953   0.986075
10852.974   0.988402
10852.995   0.990522
10853.016   0.991999
10853.037   0.992689
10853.059   0.992850
10853.080   0.992972
10853.101   0.993297
10853.122   0.993722
10853.143   0.993758
10853.164   0.993091
10853.186   0.991776
10853.207   0.990413
10853.228   0.989724
10853.249   0.990173
10853.270   0.991710
10853.291   0.993771
10853.312   0.995619
10853.334   0.996556
10853.355   0.996312
10853.376   0.995044
10853.397   0.993422
10853.418   0.992181
10853.439   0.991887
10853.461   0.992471
10853.482   0.993505
10853.503   0.994410
10853.524   0.994970
10853.545   0.995254
10853.566   0.995504
10853.588   0.995807
10853.609   0.996051
10853.630   0.996015
10853.651   0.995642
10853.672   0.995063
10853.693   0.994589
10853.715   0.994441
10853.736   0.994685
10853.757   0.995122
10853.778   0.995518
10853.799   0.995697
10853.820   0.995686
10853.841   0.995667
10853.863   0.995852
10853.884   0.996325
10853.905   0.996943
10853.926   0.997413
10853.947   0.997446
10853.968   0.997056
10853.990   0.996520
10854.011   0.996304
10854.032   0.996584
10854.053   0.997163
10854.074   0.997597
10854.095   0.997563
10854.117   0.997133
10854.138   0.996538
10854.159   0.996007
10854.180   0.995505
10854.201   0.994977
10854.222   0.994473
10854.244   0.994211
10854.265   0.994421
10854.286   0.995075
10854.307   0.995879
10854.328   0.996402
10854.349   0.996384
10854.370   0.995894
10854.392   0.995236
10854.413   0.994764
10854.434   0.994634
10854.455   0.994811
10854.476   0.995123
10854.497   0.995424
10854.519   0.995712
10854.540   0.996022
10854.561   0.996374
10854.582   0.996590
10854.603   0.996471
10854.624   0.995889
10854.646   0.994990
10854.667   0.994144
10854.688   0.993701
10854.709   0.993865
10854.730   0.994397
10854.751   0.994929
10854.773   0.995011
10854.794   0.994615
10854.815   0.993952
10854.836   0.993388
10854.857   0.993070
10854.878   0.992894
10854.899   0.992789
10854.921   0.992812
10854.942   0.993338
10854.963   0.994541
10854.984   0.996350
10855.005   0.998195
10855.026   0.999503
