 9829.305   0.971192
 9829.322   0.971646
 9829.340   0.973119
 9829.358   0.975406
 9829.376   0.978252
 9829.394   0.981395
 9829.412   0.984588
 9829.430   0.987613
 9829.448   0.990300
 9829.466   0.992529
 9829.484   0.994261
 9829.502   0.995508
 9829.519   0.996363
 9829.537   0.996954
 9829.555   0.997455
 9829.573   0.997990
 9829.591   0.998642
 9829.609   0.999368
 9829.627   1.000057
 9829.645   1.000550
 9829.663   1.000725
 9829.681   1.000537
 9829.698   1.000035
 9829.716   0.999338
 9829.734   0.998573
 9829.752   0.997847
 9829.770   0.997221
 9829.788   0.996755
 9829.806   0.996506
 9829.824   0.996546
 9829.842   0.996915
 9829.860   0.997592
 9829.878   0.998478
 9829.895   0.999413
 9829.913   1.000249
 9829.931   1.000890
 9829.949   1.001342
 9829.967   1.001669
 9829.985   1.001984
 9830.003   1.002351
 9830.021   1.002798
 9830.039   1.003260
 9830.057   1.003665
 9830.074   1.003923
 9830.092   1.004019
 9830.110   1.003954
 9830.128   1.003792
 9830.146   1.003574
 9830.164   1.003358
 9830.182   1.003179
 9830.200   1.003063
 9830.218   1.003031
 9830.236   1.003080
 9830.254   1.003198
 9830.271   1.003265
 9830.289   1.003162
 9830.307   1.002704
 9830.325   1.001853
 9830.343   1.000669
 9830.361   0.999401
 9830.379   0.998335
 9830.397   0.997743
 9830.415   0.997733
 9830.433   0.998226
 9830.450   0.999013
 9830.468   0.999805
 9830.486   1.000389
 9830.504   1.000650
 9830.522   1.000609
 9830.540   1.000344
 9830.558   0.999933
 9830.576   0.999412
 9830.594   0.998754
 9830.612   0.997901
 9830.630   0.996784
 9830.647   0.995331
 9830.665   0.993453
 9830.683   0.990991
 9830.701   0.987712
 9830.719   0.983316
 9830.737   0.977512
 9830.755   0.970075
 9830.773   0.960916
 9830.791   0.950235
 9830.809   0.938505
 9830.826   0.926539
 9830.844   0.915332
 9830.862   0.906019
 9830.880   0.899661
 9830.898   0.897038
 9830.916   0.898453
 9830.934   0.903684
 9830.952   0.912009
 9830.970   0.922372
 9830.988   0.933565
 9831.006   0.944507
 9831.023   0.954354
 9831.041   0.962645
 9831.059   0.969269
 9831.077   0.974436
 9831.095   0.978516
 9831.113   0.981872
 9831.131   0.984760
 9831.149   0.987269
 9831.167   0.989366
 9831.185   0.990959
 9831.202   0.991979
 9831.220   0.992439
 9831.238   0.992458
 9831.256   0.992212
 9831.274   0.991883
 9831.292   0.991597
 9831.310   0.991400
 9831.328   0.991248
 9831.346   0.991065
 9831.364   0.990768
 9831.382   0.990325
 9831.399   0.989765
 9831.417   0.989146
 9831.435   0.988528
 9831.453   0.987925
 9831.471   0.987298
 9831.489   0.986542
 9831.507   0.985507
 9831.525   0.984034
 9831.543   0.981977
 9831.561   0.979241
 9831.578   0.975784
 9831.596   0.971608
 9831.614   0.966723
 9831.632   0.961112
 9831.650   0.954692
 9831.668   0.947246
 9831.686   0.938462
 9831.704   0.927908
 9831.722   0.915061
 9831.740   0.899290
 9831.758   0.879872
 9831.775   0.856081
 9831.793   0.827339
 9831.811   0.793402
 9831.829   0.754647
 9831.847   0.712177
 9831.865   0.668110
 9831.883   0.625495
 9831.901   0.588065
 9831.919   0.559629
 9831.937   0.543380
 9831.954   0.541250
 9831.972   0.553564
 9831.990   0.578843
 9832.008   0.614313
 9832.026   0.656330
 9832.044   0.701113
 9832.062   0.745211
 9832.080   0.786093
 9832.098   0.822137
 9832.116   0.852665
 9832.134   0.877744
 9832.151   0.897897
 9832.169   0.913969
 9832.187   0.926863
 9832.205   0.937414
 9832.223   0.946262
 9832.241   0.953835
 9832.259   0.960370
 9832.277   0.965946
 9832.295   0.970641
 9832.313   0.974527
 9832.330   0.977824
 9832.348   0.980764
 9832.366   0.983578
 9832.384   0.986353
 9832.402   0.989048
 9832.420   0.991484
 9832.438   0.993460
 9832.456   0.994851
 9832.474   0.995672
 9832.492   0.996096
 9832.510   0.996354
 9832.527   0.996641
 9832.545   0.997016
 9832.563   0.997436
 9832.581   0.997767
 9832.599   0.997928
 9832.617   0.997901
 9832.635   0.997806
 9832.653   0.997801
 9832.671   0.998057
 9832.689   0.998654
 9832.706   0.999569
 9832.724   1.000686
 9832.742   1.001831
 9832.760   1.002852
 9832.778   1.003621
 9832.796   1.004083
 9832.814   1.004218
 9832.832   1.004046
 9832.850   1.003611
 9832.868   1.002982
 9832.886   1.002245
 9832.903   1.001509
 9832.921   1.000890
 9832.939   1.000482
 9832.957   1.000332
 9832.975   1.000426
 9832.993   1.000680
 9833.011   1.000977
 9833.029   1.001188
 9833.047   1.001233
 9833.065   1.001091
 9833.082   1.000806
 9833.100   1.000445
 9833.118   1.000070
 9833.136   0.999737
 9833.154   0.999480
 9833.172   0.999337
 9833.190   0.999336
 9833.208   0.999511
 9833.226   0.999867
 9833.244   1.000382
 9833.261   1.000998
 9833.279   1.001630
 9833.297   1.002166
 9833.315   1.002507
 9833.333   1.002558
 9833.351   1.002278
 9833.369   1.001676
 9833.387   1.000848
 9833.405   0.999952
 9833.423   0.999168
 9833.441   0.998656
 9833.458   0.998457
 9833.476   0.998528
 9833.494   0.998690
 9833.512   0.998791
 9833.530   0.998730
 9833.548   0.998553
 9833.566   0.998418
 9833.584   0.998499
 9833.602   0.998910
 9833.620   0.999608
 9833.637   1.000431
 9833.655   1.001115
 9833.673   1.001442
 9833.691   1.001282
 9833.709   1.000637
 9833.727   0.999617
 9833.745   0.998362
 9833.763   0.997043
 9833.781   0.995806
 9833.799   0.994811
 9833.817   0.994166
 9833.834   0.993939
 9833.852   0.994103
 9833.870   0.994567
 9833.888   0.995205
 9833.906   0.995891
 9833.924   0.996538
 9833.942   0.997082
 9833.960   0.997484
 9833.978   0.997679
 9833.996   0.997626
 9834.013   0.997286
 9834.031   0.996674
 9834.049   0.995876
 9834.067   0.995040
 9834.085   0.994359
 9834.103   0.993992
 9834.121   0.994034
 9834.139   0.994461
 9834.157   0.995171
 9834.175   0.996011
 9834.193   0.996850
 9834.210   0.997598
 9834.228   0.998211
 9834.246   0.998634
 9834.264   0.998794
 9834.282   0.998549
 9834.300   0.997816
 9834.318   0.996588
 9834.336   0.995062
 9834.354   0.993550
 9834.372   0.992404
 9834.389   0.991863
 9834.407   0.991953
 9834.425   0.992546
 9834.443   0.993370
 9834.461   0.994189
 9834.479   0.994798
 9834.497   0.995114
 9834.515   0.995115
 9834.533   0.994847
 9834.551   0.994386
 9834.569   0.993844
 9834.586   0.993368
 9834.604   0.993106
 9834.622   0.993155
 9834.640   0.993508
 9834.658   0.994049
 9834.676   0.994594
 9834.694   0.994966
 9834.712   0.995083
 9834.730   0.994984
 9834.748   0.994811
 9834.765   0.994726
 9834.783   0.994828
 9834.801   0.995112
 9834.819   0.995473
 9834.837   0.995760
 9834.855   0.995847
 9834.873   0.995697
 9834.891   0.995364
 9834.909   0.994981
 9834.927   0.994693
 9834.945   0.994610
 9834.962   0.994770
 9834.980   0.995129
 9834.998   0.995581
 9835.016   0.995987
 9835.034   0.996239
 9835.052   0.996270
 9835.070   0.996096
 9835.088   0.995762
 9835.106   0.995355
 9835.124   0.994931
 9835.141   0.994526
 9835.159   0.994167
 9835.177   0.993893
 9835.195   0.993753
 9835.213   0.993804
 9835.231   0.994053
 9835.249   0.994419
 9835.267   0.994728
 9835.285   0.994761
 9835.303   0.994346
 9835.321   0.993438
 9835.338   0.992150
 9835.356   0.990699
 9835.374   0.989348
 9835.392   0.988260
 9835.410   0.987480
 9835.428   0.986899
 9835.446   0.986320
 9835.464   0.985512
 9835.482   0.984262
 9835.500   0.982416
 9835.517   0.979847
 9835.535   0.976479
 9835.553   0.972173
 9835.571   0.966757
 9835.589   0.959913
 9835.607   0.951286
 9835.625   0.940541
 9835.643   0.927602
 9835.661   0.912832
 9835.679   0.897161
 9835.697   0.882023
 9835.714   0.869168
 9835.732   0.860283
 9835.750   0.856582
 9835.768   0.858580
 9835.786   0.865986
 9835.804   0.877782
 9835.822   0.892474
 9835.840   0.908428
 9835.858   0.924162
 9835.876   0.938530
 9835.893   0.950881
 9835.911   0.961026
 9835.929   0.969114
 9835.947   0.975458
 9835.965   0.980405
 9835.983   0.984198
 9836.001   0.986973
 9836.019   0.988824
 9836.037   0.989866
 9836.055   0.990336
 9836.073   0.990526
 9836.090   0.990791
 9836.108   0.991377
 9836.126   0.992395
 9836.144   0.993744
 9836.162   0.995189
 9836.180   0.996439
 9836.198   0.997252
 9836.216   0.997512
 9836.234   0.997240
 9836.252   0.996607
 9836.269   0.995832
 9836.287   0.995131
 9836.305   0.994649
 9836.323   0.994420
 9836.341   0.994411
 9836.359   0.994490
 9836.377   0.994516
 9836.395   0.994336
 9836.413   0.993878
 9836.431   0.993151
 9836.449   0.992271
 9836.466   0.991431
 9836.484   0.990811
 9836.502   0.990554
 9836.520   0.990668
 9836.538   0.991051
 9836.556   0.991513
 9836.574   0.991879
 9836.592   0.992070
 9836.610   0.992136
 9836.628   0.992261
 9836.645   0.992623
 9836.663   0.993356
 9836.681   0.994413
 9836.699   0.995614
 9836.717   0.996668
 9836.735   0.997328
 9836.753   0.997459
 9836.771   0.997107
 9836.789   0.996457
 9836.807   0.995737
 9836.825   0.995152
 9836.842   0.994829
 9836.860   0.994839
 9836.878   0.995199
 9836.896   0.995881
 9836.914   0.996796
 9836.932   0.997748
 9836.950   0.998489
 9836.968   0.998729
 9836.986   0.998337
 9837.004   0.997356
 9837.021   0.996073
 9837.039   0.994857
 9837.057   0.994031
 9837.075   0.993730
 9837.093   0.993854
 9837.111   0.994178
 9837.129   0.994432
 9837.147   0.994516
 9837.165   0.994433
 9837.183   0.994350
 9837.201   0.994394
 9837.218   0.994643
 9837.236   0.995043
 9837.254   0.995475
 9837.272   0.995814
 9837.290   0.995995
 9837.308   0.996050
 9837.326   0.996045
 9837.344   0.996081
 9837.362   0.996189
 9837.380   0.996374
 9837.397   0.996579
 9837.415   0.996741
 9837.433   0.996764
 9837.451   0.996548
 9837.469   0.995992
 9837.487   0.995028
 9837.505   0.993662
 9837.523   0.991999
 9837.541   0.990230
 9837.559   0.988603
 9837.577   0.987338
 9837.594   0.986572
 9837.612   0.986341
 9837.630   0.986595
 9837.648   0.987244
 9837.666   0.988208
 9837.684   0.989436
 9837.702   0.990865
 9837.720   0.992386
 9837.738   0.993812
 9837.756   0.994912
 9837.773   0.995459
 9837.791   0.995333
 9837.809   0.994541
 9837.827   0.993276
 9837.845   0.991845
 9837.863   0.990606
 9837.881   0.989862
 9837.899   0.989776
 9837.917   0.990340
 9837.935   0.991340
 9837.953   0.992405
 9837.970   0.993108
 9837.988   0.993082
 9838.006   0.992259
 9838.024   0.990866
 9838.042   0.989486
 9838.060   0.988743
 9838.078   0.989129
 9838.096   0.990691
 9838.114   0.993035
 9838.132   0.995507
 9838.149   0.997390
 9838.167   0.998264
 9838.185   0.998042
 9838.203   0.996994
 9838.221   0.995523
 9838.239   0.994016
 9838.257   0.992685
 9838.275   0.991541
 9838.293   0.990439
 9838.311   0.989158
 9838.329   0.987494
 9838.346   0.985291
 9838.364   0.982476
 9838.382   0.979063
 9838.400   0.975199
 9838.418   0.971161
 9838.436   0.967378
 9838.454   0.964298
 9838.472   0.962345
 9838.490   0.961762
 9838.508   0.962611
 9838.525   0.964757
 9838.543   0.967936
 9838.561   0.971824
 9838.579   0.976052
 9838.597   0.980290
 9838.615   0.984201
 9838.633   0.987532
 9838.651   0.990130
 9838.669   0.991979
 9838.687   0.993187
 9838.705   0.993930
 9838.722   0.994408
 9838.740   0.994788
 9838.758   0.995195
 9838.776   0.995689
 9838.794   0.996290
 9838.812   0.996955
 9838.830   0.997595
 9838.848   0.998093
 9838.866   0.998341
 9838.884   0.998299
 9838.901   0.997997
 9838.919   0.997557
 9838.937   0.997141
 9838.955   0.996905
 9838.973   0.996938
 9838.991   0.997244
 9839.009   0.997745
 9839.027   0.998303
 9839.045   0.998791
 9839.063   0.999111
 9839.081   0.999254
 9839.098   0.999231
 9839.116   0.999089
 9839.134   0.998835
 9839.152   0.998449
 9839.170   0.997884
 9839.188   0.997114
 9839.206   0.996158
 9839.224   0.995080
 9839.242   0.993979
 9839.260   0.992943
 9839.277   0.992042
 9839.295   0.991301
 9839.313   0.990735
 9839.331   0.990350
 9839.349   0.990161
 9839.367   0.990167
 9839.385   0.990337
 9839.403   0.990597
 9839.421   0.990847
 9839.439   0.991006
 9839.456   0.991040
 9839.474   0.991003
 9839.492   0.991001
 9839.510   0.991158
 9839.528   0.991530
 9839.546   0.992075
 9839.564   0.992649
 9839.582   0.993066
 9839.600   0.993191
 9839.618   0.992987
 9839.636   0.992532
 9839.653   0.991974
 9839.671   0.991446
 9839.689   0.991005
 9839.707   0.990604
 9839.725   0.990119
 9839.743   0.989413
 9839.761   0.988404
 9839.779   0.987084
 9839.797   0.985506
 9839.815   0.983738
 9839.832   0.981820
 9839.850   0.979733
 9839.868   0.977376
 9839.886   0.974588
 9839.904   0.971164
 9839.922   0.966910
 9839.940   0.961702
 9839.958   0.955529
 9839.976   0.948528
 9839.994   0.941018
 9840.012   0.933466
 9840.029   0.926427
 9840.047   0.920480
 9840.065   0.916203
 9840.083   0.914041
 9840.101   0.914286
 9840.119   0.916981
 9840.137   0.921910
 9840.155   0.928633
 9840.173   0.936532
 9840.191   0.944962
 9840.208   0.953305
 9840.226   0.961048
 9840.244   0.967803
 9840.262   0.973322
 9840.280   0.977564
 9840.298   0.980647
 9840.316   0.982856
 9840.334   0.984538
 9840.352   0.986018
 9840.370   0.987502
 9840.388   0.989059
 9840.405   0.990633
 9840.423   0.992117
 9840.441   0.993409
 9840.459   0.994451
 9840.477   0.995239
 9840.495   0.995793
 9840.513   0.996160
 9840.531   0.996377
 9840.549   0.996503
 9840.567   0.996584
 9840.584   0.996678
 9840.602   0.996826
 9840.620   0.997064
 9840.638   0.997418
 9840.656   0.997929
 9840.674   0.998622
 9840.692   0.999508
 9840.710   1.000514
 9840.728   1.001504
 9840.746   1.002281
 9840.764   1.002666
 9840.781   1.002575
 9840.799   1.002044
 9840.817   1.001253
 9840.835   1.000412
 9840.853   0.999727
 9840.871   0.999269
 9840.889   0.999024
 9840.907   0.998894
 9840.925   0.998824
 9840.943   0.998807
 9840.960   0.998912
 9840.978   0.999206
 9840.996   0.999692
 9841.014   1.000285
 9841.032   1.000821
 9841.050   1.001139
 9841.068   1.001133
 9841.086   1.000819
 9841.104   1.000288
 9841.122   0.999713
 9841.140   0.999259
 9841.157   0.999048
 9841.175   0.999138
 9841.193   0.999494
 9841.211   1.000002
 9841.229   1.000497
 9841.247   1.000807
 9841.265   1.000829
 9841.283   1.000539
 9841.301   1.000020
 9841.319   0.999387
 9841.336   0.998785
 9841.354   0.998312
 9841.372   0.998038
 9841.390   0.998009
 9841.408   0.998221
 9841.426   0.998663
 9841.444   0.999262
 9841.462   0.999912
 9841.480   1.000467
 9841.498   1.000803
 9841.516   1.000873
 9841.533   1.000695
 9841.551   1.000388
 9841.569   1.000068
 9841.587   0.999866
 9841.605   0.999836
 9841.623   1.000001
 9841.641   1.000310
 9841.659   1.000688
 9841.677   1.001050
 9841.695   1.001317
 9841.712   1.001453
 9841.730   1.001433
 9841.748   1.001284
 9841.766   1.001032
 9841.784   1.000744
 9841.802   1.000454
 9841.820   1.000180
 9841.838   0.999916
 9841.856   0.999627
 9841.874   0.999311
 9841.892   0.998984
 9841.909   0.998731
 9841.927   0.998619
 9841.945   0.998683
 9841.963   0.998839
 9841.981   0.998915
 9841.999   0.998740
 9842.017   0.998204
 9842.035   0.997345
 9842.053   0.996279
 9842.071   0.995153
 9842.088   0.994038
 9842.106   0.992931
 9842.124   0.991763
 9842.142   0.990492
 9842.160   0.989117
 9842.178   0.987679
 9842.196   0.986170
 9842.214   0.984490
 9842.232   0.982416
 9842.250   0.979684
 9842.268   0.976070
 9842.285   0.971471
 9842.303   0.965903
 9842.321   0.959425
 9842.339   0.952046
 9842.357   0.943595
 9842.375   0.933668
 9842.393   0.921599
 9842.411   0.906570
 9842.429   0.887727
 9842.447   0.864429
 9842.464   0.836584
 9842.482   0.804793
 9842.500   0.770814
 9842.518   0.737201
 9842.536   0.707281
 9842.554   0.684338
 9842.572   0.671069
 9842.590   0.668929
 9842.608   0.677910
 9842.626   0.696695
 9842.644   0.722994
 9842.661   0.754031
 9842.679   0.787013
 9842.697   0.819423
 9842.715   0.849468
 9842.733   0.875921
 9842.751   0.898356
 9842.769   0.916915
 9842.787   0.932138
 9842.805   0.944622
 9842.823   0.954851
 9842.840   0.963223
 9842.858   0.970022
 9842.876   0.975524
 9842.894   0.979984
 9842.912   0.983635
 9842.930   0.986652
 9842.948   0.989168
 9842.966   0.991306
 9842.984   0.993194
 9843.002   0.994957
 9843.020   0.996695
 9843.037   0.998416
 9843.055   1.000057
 9843.073   1.001458
 9843.091   1.002503
 9843.109   1.003135
 9843.127   1.003424
 9843.145   1.003525
 9843.163   1.003591
 9843.181   1.003749
 9843.199   1.004016
 9843.216   1.004363
 9843.234   1.004700
 9843.252   1.004921
 9843.270   1.004901
 9843.288   1.004463
 9843.306   1.003450
 9843.324   1.001736
 9843.342   0.999393
 9843.360   0.996680
 9843.378   0.994031
 9843.396   0.991932
 9843.413   0.990737
 9843.431   0.990610
 9843.449   0.991435
 9843.467   0.992932
 9843.485   0.994713
 9843.503   0.996429
 9843.521   0.997806
 9843.539   0.998699
 9843.557   0.999061
 9843.575   0.998939
 9843.592   0.998435
 9843.610   0.997644
 9843.628   0.996607
 9843.646   0.995266
 9843.664   0.993463
 9843.682   0.991012
 9843.700   0.987760
 9843.718   0.983607
 9843.736   0.978464
 9843.754   0.972123
 9843.772   0.964161
 9843.789   0.953849
 9843.807   0.940271
 9843.825   0.922472
 9843.843   0.899850
 9843.861   0.872410
 9843.879   0.841228
 9843.897   0.808414
 9843.915   0.777165
 9843.933   0.751144
 9843.951   0.733707
 9843.968   0.727070
 9843.986   0.732023
 9844.004   0.747613
 9844.022   0.771648
 9844.040   0.801070
 9844.058   0.832748
 9844.076   0.863831
 9844.094   0.892153
 9844.112   0.916428
 9844.130   0.936247
 9844.148   0.951833
 9844.165   0.963762
 9844.183   0.972707
 9844.201   0.979337
 9844.219   0.984232
 9844.237   0.987883
 9844.255   0.990642
 9844.273   0.992770
 9844.291   0.994414
 9844.309   0.995697
 9844.327   0.996709
 9844.344   0.997559
 9844.362   0.998338
 9844.380   0.999125
 9844.398   0.999965
 9844.416   1.000863
 9844.434   1.001806
 9844.452   1.002741
 9844.470   1.003581
 9844.488   1.004198
 9844.506   1.004466
 9844.524   1.004290
 9844.541   1.003662
 9844.559   1.002660
 9844.577   1.001428
 9844.595   1.000109
 9844.613   0.998791
 9844.631   0.997459
 9844.649   0.996019
 9844.667   0.994332
 9844.685   0.992304
 9844.703   0.989935
 9844.720   0.987378
 9844.738   0.984907
 9844.756   0.982828
 9844.774   0.981382
 9844.792   0.980634
 9844.810   0.980501
 9844.828   0.980761
 9844.846   0.981191
 9844.864   0.981609
 9844.882   0.981932
 9844.900   0.982106
 9844.917   0.982077
 9844.935   0.981757
 9844.953   0.981050
 9844.971   0.979918
 9844.989   0.978446
 9845.007   0.976849
 9845.025   0.975447
 9845.043   0.974563
 9845.061   0.974442
 9845.079   0.975194
 9845.096   0.976776
 9845.114   0.979043
 9845.132   0.981786
 9845.150   0.984791
 9845.168   0.987845
 9845.186   0.990748
 9845.204   0.993329
 9845.222   0.995474
 9845.240   0.997136
 9845.258   0.998348
 9845.276   0.999213
 9845.293   0.999851
 9845.311   1.000359
 9845.329   1.000791
 9845.347   1.001174
 9845.365   1.001530
 9845.383   1.001872
 9845.401   1.002201
 9845.419   1.002471
 9845.437   1.002621
 9845.455   1.002571
 9845.472   1.002321
 9845.490   1.001937
 9845.508   1.001561
 9845.526   1.001311
 9845.544   1.001233
 9845.562   1.001264
 9845.580   1.001265
 9845.598   1.001096
 9845.616   1.000665
 9845.634   0.999957
 9845.651   0.999000
 9845.669   0.997823
 9845.687   0.996434
 9845.705   0.994827
 9845.723   0.993005
 9845.741   0.990997
 9845.759   0.988822
 9845.777   0.986435
 9845.795   0.983681
 9845.813   0.980360
 9845.831   0.976281
 9845.848   0.971453
 9845.866   0.966072
 9845.884   0.960577
 9845.902   0.955488
 9845.920   0.951312
 9845.938   0.948362
 9845.956   0.946736
 9845.974   0.946343
 9845.992   0.947003
 9846.010   0.948510
 9846.027   0.950703
 9846.045   0.953435
 9846.063   0.956579
 9846.081   0.959974
 9846.099   0.963434
 9846.117   0.966780
 9846.135   0.969903
 9846.153   0.972794
 9846.171   0.975553
 9846.189   0.978326
 9846.207   0.981225
 9846.224   0.984180
 9846.242   0.986977
 9846.260   0.989273
 9846.278   0.990785
 9846.296   0.991392
 9846.314   0.991192
 9846.332   0.990461
 9846.350   0.989528
 9846.368   0.988694
 9846.386   0.988089
 9846.403   0.987682
 9846.421   0.987268
 9846.439   0.986548
 9846.457   0.985210
 9846.475   0.983037
 9846.493   0.979975
 9846.511   0.976195
 9846.529   0.972083
 9846.547   0.968220
 9846.565   0.965221
 9846.583   0.963659
 9846.600   0.963805
 9846.618   0.965637
 9846.636   0.968798
 9846.654   0.972743
 9846.672   0.976910
 9846.690   0.980869
 9846.708   0.984415
 9846.726   0.987535
 9846.744   0.990298
 9846.762   0.992758
 9846.779   0.994908
 9846.797   0.996679
 9846.815   0.998038
 9846.833   0.998985
 9846.851   0.999635
 9846.869   1.000089
 9846.887   1.000464
 9846.905   1.000777
 9846.923   1.001038
 9846.941   1.001266
 9846.959   1.001536
 9846.976   1.001973
 9846.994   1.002651
 9847.012   1.003561
 9847.030   1.004531
 9847.048   1.005351
 9847.066   1.005795
 9847.084   1.005784
 9847.102   1.005362
 9847.120   1.004686
 9847.138   1.003935
 9847.155   1.003241
 9847.173   1.002659
 9847.191   1.002152
 9847.209   1.001652
 9847.227   1.001079
 9847.245   1.000371
 9847.263   0.999522
 9847.281   0.998541
 9847.299   0.997470
 9847.317   0.996311
 9847.335   0.995049
 9847.352   0.993630
 9847.370   0.991934
 9847.388   0.989787
 9847.406   0.986914
 9847.424   0.983024
 9847.442   0.977839
 9847.460   0.971227
 9847.478   0.963285
 9847.496   0.954378
 9847.514   0.945176
 9847.531   0.936504
 9847.549   0.929270
 9847.567   0.924265
 9847.585   0.922091
 9847.603   0.922991
 9847.621   0.926850
 9847.639   0.933187
 9847.657   0.941281
 9847.675   0.950262
 9847.693   0.959257
 9847.711   0.967565
 9847.728   0.974705
 9847.746   0.980511
 9847.764   0.985059
 9847.782   0.988629
 9847.800   0.991559
 9847.818   0.994110
 9847.836   0.996407
 9847.854   0.998413
 9847.872   1.000043
 9847.890   1.001211
 9847.907   1.001932
 9847.925   1.002325
 9847.943   1.002579
 9847.961   1.002878
 9847.979   1.003306
 9847.997   1.003827
 9848.015   1.004307
 9848.033   1.004605
 9848.051   1.004670
 9848.069   1.004548
 9848.087   1.004370
 9848.104   1.004249
 9848.122   1.004239
 9848.140   1.004296
 9848.158   1.004335
 9848.176   1.004279
 9848.194   1.004076
 9848.212   1.003714
 9848.230   1.003173
 9848.248   1.002446
 9848.266   1.001537
 9848.283   1.000519
 9848.301   0.999515
 9848.319   0.998673
 9848.337   0.998093
 9848.355   0.997761
 9848.373   0.997547
 9848.391   0.997251
 9848.409   0.996705
 9848.427   0.995806
 9848.445   0.994540
 9848.463   0.992935
 9848.480   0.991004
 9848.498   0.988731
 9848.516   0.986071
 9848.534   0.982963
 9848.552   0.979350
 9848.570   0.975156
 9848.588   0.970278
 9848.606   0.964527
 9848.624   0.957634
 9848.642   0.949242
 9848.659   0.938866
 9848.677   0.925856
 9848.695   0.909264
 9848.713   0.887909
 9848.731   0.860509
 9848.749   0.826155
 9848.767   0.784638
 9848.785   0.737051
 9848.803   0.685934
 9848.821   0.635328
 9848.839   0.590343
 9848.856   0.556183
 9848.874   0.537113
 9848.892   0.535239
 9848.910   0.549979
 9848.928   0.578095
 9848.946   0.614297
 9848.964   0.652730
 9848.982   0.688036
 9849.000   0.716211
 9849.018   0.735234
 9849.035   0.745224
 9849.053   0.748320
 9849.071   0.747935
 9849.089   0.748001
 9849.107   0.751932
 9849.125   0.761940
 9849.143   0.778636
 9849.161   0.801110
 9849.179   0.827384
 9849.197   0.855094
 9849.215   0.881976
 9849.232   0.906371
 9849.250   0.927163
 9849.268   0.943944
 9849.286   0.956883
 9849.304   0.966572
 9849.322   0.973766
 9849.340   0.979195
 9849.358   0.983441
 9849.376   0.986914
 9849.394   0.989841
 9849.411   0.992335
 9849.429   0.994422
 9849.447   0.996112
 9849.465   0.997418
 9849.483   0.998379
 9849.501   0.999064
 9849.519   0.999557
 9849.537   0.999929
 9849.555   1.000211
 9849.573   1.000402
 9849.591   1.000494
 9849.608   1.000523
 9849.626   1.000564
 9849.644   1.000743
 9849.662   1.001132
 9849.680   1.001726
 9849.698   1.002417
 9849.716   1.003040
 9849.734   1.003465
 9849.752   1.003634
 9849.770   1.003611
 9849.787   1.003510
 9849.805   1.003472
 9849.823   1.003579
 9849.841   1.003843
 9849.859   1.004218
 9849.877   1.004619
 9849.895   1.004964
 9849.913   1.005195
 9849.931   1.005295
 9849.949   1.005268
 9849.967   1.005095
 9849.984   1.004718
 9850.002   1.004035
 9850.020   1.002972
 9850.038   1.001497
 9850.056   0.999686
 9850.074   0.997744
 9850.092   0.995921
 9850.110   0.994486
 9850.128   0.993606
 9850.146   0.993306
 9850.163   0.993477
 9850.181   0.993888
 9850.199   0.994305
 9850.217   0.994476
 9850.235   0.994239
 9850.253   0.993487
 9850.271   0.992206
 9850.289   0.990411
 9850.307   0.988102
 9850.325   0.985157
 9850.343   0.981302
 9850.360   0.976076
 9850.378   0.968977
 9850.396   0.959653
 9850.414   0.948105
 9850.432   0.934881
 9850.450   0.920998
 9850.468   0.907920
 9850.486   0.897260
 9850.504   0.890521
 9850.522   0.888680
 9850.539   0.891955
 9850.557   0.899787
 9850.575   0.910945
 9850.593   0.923859
 9850.611   0.936999
 9850.629   0.949156
 9850.647   0.959630
 9850.665   0.968167
 9850.683   0.974894
 9850.701   0.980139
 9850.719   0.984294
 9850.736   0.987673
 9850.754   0.990465
 9850.772   0.992771
 9850.790   0.994643
 9850.808   0.996134
 9850.826   0.997311
 9850.844   0.998256
 9850.862   0.999042
 9850.880   0.999701
 9850.898   1.000220
 9850.915   1.000568
 9850.933   1.000728
 9850.951   1.000726
 9850.969   1.000625
 9850.987   1.000492
 9851.005   1.000372
 9851.023   1.000258
 9851.041   1.000135
 9851.059   0.999957
 9851.077   0.999705
 9851.095   0.999337
 9851.112   0.998806
 9851.130   0.998024
 9851.148   0.996881
 9851.166   0.995301
 9851.184   0.993226
 9851.202   0.990674
 9851.220   0.987667
 9851.238   0.984294
 9851.256   0.980694
 9851.274   0.977104
 9851.291   0.973875
 9851.309   0.971390
 9851.327   0.970012
 9851.345   0.969919
 9851.363   0.971074
 9851.381   0.973225
 9851.399   0.976012
 9851.417   0.979097
 9851.435   0.982210
 9851.453   0.985201
 9851.471   0.987949
 9851.488   0.990347
 9851.506   0.992252
 9851.524   0.993547
 9851.542   0.994207
 9851.560   0.994313
 9851.578   0.994065
 9851.596   0.993683
 9851.614   0.993374
 9851.632   0.993232
 9851.650   0.993269
 9851.667   0.993451
 9851.685   0.993735
 9851.703   0.994134
 9851.721   0.994656
 9851.739   0.995318
 9851.757   0.996075
 9851.775   0.996851
 9851.793   0.997534
 9851.811   0.998017
 9851.829   0.998218
 9851.846   0.998110
 9851.864   0.997711
 9851.882   0.997127
 9851.900   0.996491
 9851.918   0.995975
 9851.936   0.995710
 9851.954   0.995739
 9851.972   0.996018
 9851.990   0.996416
 9852.008   0.996827
 9852.026   0.997168
 9852.043   0.997454
 9852.061   0.997709
 9852.079   0.997929
 9852.097   0.998034
 9852.115   0.997891
 9852.133   0.997384
 9852.151   0.996523
 9852.169   0.995468
 9852.187   0.994504
 9852.205   0.993889
 9852.222   0.993765
 9852.240   0.994058
 9852.258   0.994524
 9852.276   0.994872
 9852.294   0.994859
 9852.312   0.994389
 9852.330   0.993485
 9852.348   0.992264
 9852.366   0.990845
 9852.384   0.989292
 9852.402   0.987602
 9852.419   0.985732
 9852.437   0.983667
 9852.455   0.981475
 9852.473   0.979344
 9852.491   0.977579
 9852.509   0.976491
 9852.527   0.976311
 9852.545   0.977061
 9852.563   0.978558
 9852.581   0.980453
 9852.598   0.982360
 9852.616   0.983974
 9852.634   0.985125
 9852.652   0.985815
 9852.670   0.986140
 9852.688   0.986251
 9852.706   0.986249
 9852.724   0.986162
 9852.742   0.985901
 9852.760   0.985308
 9852.778   0.984200
 9852.795   0.982441
 9852.813   0.979994
 9852.831   0.976923
 9852.849   0.973394
 9852.867   0.969607
 9852.885   0.965779
 9852.903   0.962116
 9852.921   0.958860
 9852.939   0.956298
 9852.957   0.954727
 9852.974   0.954411
 9852.992   0.955469
 9853.010   0.957836
 9853.028   0.961234
 9853.046   0.965272
 9853.064   0.969523
 9853.082   0.973617
 9853.100   0.977284
 9853.118   0.980398
 9853.136   0.982931
 9853.154   0.984956
 9853.171   0.986598
 9853.189   0.988017
 9853.207   0.989327
 9853.225   0.990581
 9853.243   0.991718
 9853.261   0.992611
 9853.279   0.993135
 9853.297   0.993238
 9853.315   0.992994
 9853.333   0.992589
 9853.350   0.992265
 9853.368   0.992223
 9853.386   0.992547
 9853.404   0.993203
 9853.422   0.994042
 9853.440   0.994908
 9853.458   0.995650
 9853.476   0.996177
 9853.494   0.996430
 9853.512   0.996393
 9853.530   0.996097
 9853.547   0.995632
 9853.565   0.995161
 9853.583   0.994857
 9853.601   0.994876
 9853.619   0.995237
 9853.637   0.995864
 9853.655   0.996554
 9853.673   0.997135
 9853.691   0.997474
 9853.709   0.997562
 9853.726   0.997453
 9853.744   0.997228
 9853.762   0.996964
 9853.780   0.996672
 9853.798   0.996379
 9853.816   0.996061
 9853.834   0.995750
 9853.852   0.995445
 9853.870   0.995181
 9853.888   0.994962
 9853.906   0.994778
 9853.923   0.994630
 9853.941   0.994522
 9853.959   0.994533
 9853.977   0.994713
 9853.995   0.995121
 9854.013   0.995708
 9854.031   0.996374
 9854.049   0.996974
 9854.067   0.997402
 9854.085   0.997635
 9854.102   0.997713
 9854.120   0.997701
 9854.138   0.997629
 9854.156   0.997478
 9854.174   0.997196
 9854.192   0.996755
 9854.210   0.996201
 9854.228   0.995632
 9854.246   0.995169
 9854.264   0.994880
 9854.282   0.994727
 9854.299   0.994571
 9854.317   0.994207
 9854.335   0.993454
 9854.353   0.992213
 9854.371   0.990503
 9854.389   0.988468
 9854.407   0.986309
 9854.425   0.984255
 9854.443   0.982461
 9854.461   0.981034
 9854.478   0.979970
 9854.496   0.979236
 9854.514   0.978774
 9854.532   0.978559
 9854.550   0.978637
 9854.568   0.979080
 9854.586   0.979991
 9854.604   0.981338
 9854.622   0.983038
 9854.640   0.984853
 9854.658   0.986604
 9854.675   0.988185
 9854.693   0.989651
 9854.711   0.991146
 9854.729   0.992761
 9854.747   0.994478
 9854.765   0.996055
 9854.783   0.997203
 9854.801   0.997641
 9854.819   0.997278
 9854.837   0.996227
 9854.854   0.994743
 9854.872   0.993140
 9854.890   0.991624
 9854.908   0.990314
 9854.926   0.989191
 9854.944   0.988217
 9854.962   0.987353
 9854.980   0.986616
 9854.998   0.986054
 9855.016   0.985727
 9855.034   0.985668
 9855.051   0.985869
 9855.069   0.986264
 9855.087   0.986792
 9855.105   0.987404
 9855.123   0.988116
 9855.141   0.988979
 9855.159   0.990041
 9855.177   0.991307
 9855.195   0.992691
 9855.213   0.994046
 9855.230   0.995222
 9855.248   0.996142
 9855.266   0.996816
 9855.284   0.997314
 9855.302   0.997711
 9855.320   0.998014
 9855.338   0.998179
 9855.356   0.998157
 9855.374   0.997988
 9855.392   0.997789
 9855.410   0.997751
 9855.427   0.997977
 9855.445   0.998443
 9855.463   0.998950
 9855.481   0.999235
 9855.499   0.999098
 9855.517   0.998477
 9855.535   0.997491
 9855.553   0.996347
 9855.571   0.995270
 9855.589   0.994421
 9855.606   0.993866
 9855.624   0.993590
 9855.642   0.993515
 9855.660   0.993515
 9855.678   0.993476
 9855.696   0.993264
 9855.714   0.992814
 9855.732   0.992087
 9855.750   0.991114
 9855.768   0.989971
 9855.786   0.988760
 9855.803   0.987610
 9855.821   0.986615
 9855.839   0.985875
 9855.857   0.985453
 9855.875   0.985418
 9855.893   0.985836
 9855.911   0.986759
 9855.929   0.988179
 9855.947   0.989991
 9855.965   0.992011
 9855.982   0.993981
 9856.000   0.995706
 9856.018   0.997063
 9856.036   0.998073
 9856.054   0.998804
 9856.072   0.999321
 9856.090   0.999640
 9856.108   0.999735
 9856.126   0.999582
 9856.144   0.999211
 9856.162   0.998724
 9856.179   0.998239
 9856.197   0.997851
 9856.215   0.997574
 9856.233   0.997358
 9856.251   0.997097
 9856.269   0.996697
 9856.287   0.996113
 9856.305   0.995347
 9856.323   0.994437
 9856.341   0.993411
 9856.358   0.992235
 9856.376   0.990851
 9856.394   0.989137
 9856.412   0.987023
 9856.430   0.984469
 9856.448   0.981544
 9856.466   0.978372
 9856.484   0.975151
 9856.502   0.972135
 9856.520   0.969558
 9856.538   0.967695
 9856.555   0.966742
 9856.573   0.966869
 9856.591   0.968095
 9856.609   0.970360
 9856.627   0.973492
 9856.645   0.977213
 9856.663   0.981162
 9856.681   0.984888
 9856.699   0.987940
 9856.717   0.989974
 9856.734   0.990860
 9856.752   0.990752
 9856.770   0.989969
 9856.788   0.988895
 9856.806   0.987760
 9856.824   0.986600
 9856.842   0.985271
 9856.860   0.983560
 9856.878   0.981305
 9856.896   0.978431
 9856.914   0.975017
 9856.931   0.971219
 9856.949   0.967318
 9856.967   0.963642
 9856.985   0.960563
 9857.003   0.958388
 9857.021   0.957313
 9857.039   0.957351
 9857.057   0.958345
 9857.075   0.960030
 9857.093   0.962074
 9857.110   0.964131
 9857.128   0.965854
 9857.146   0.966925
 9857.164   0.967055
 9857.182   0.966025
 9857.200   0.963758
 9857.218   0.960404
 9857.236   0.956360
 9857.254   0.952294
 9857.272   0.948954
 9857.290   0.947028
 9857.307   0.946880
 9857.325   0.948573
 9857.343   0.951834
 9857.361   0.956207
 9857.379   0.961170
 9857.397   0.966203
 9857.415   0.970890
 9857.433   0.974961
 9857.451   0.978335
 9857.469   0.981099
 9857.486   0.983435
 9857.504   0.985539
 9857.522   0.987484
 9857.540   0.989232
 9857.558   0.990655
 9857.576   0.991651
 9857.594   0.992266
 9857.612   0.992657
 9857.630   0.993079
 9857.648   0.993669
 9857.666   0.994457
 9857.683   0.995299
 9857.701   0.996019
 9857.719   0.996522
 9857.737   0.996784
 9857.755   0.996885
 9857.773   0.996879
 9857.791   0.996821
 9857.809   0.996713
 9857.827   0.996572
 9857.845   0.996421
 9857.862   0.996283
 9857.880   0.996181
 9857.898   0.996125
 9857.916   0.996123
 9857.934   0.996197
 9857.952   0.996375
 9857.970   0.996645
 9857.988   0.996935
 9858.006   0.997122
 9858.024   0.997091
 9858.041   0.996811
 9858.059   0.996385
 9858.077   0.995990
 9858.095   0.995788
 9858.113   0.995856
 9858.131   0.996106
 9858.149   0.996399
 9858.167   0.996600
 9858.185   0.996691
 9858.203   0.996758
 9858.221   0.996937
 9858.238   0.997355
 9858.256   0.998027
 9858.274   0.998899
 9858.292   0.999815
 9858.310   1.000606
 9858.328   1.001086
 9858.346   1.001116
 9858.364   1.000647
 9858.382   0.999744
 9858.400   0.998607
 9858.417   0.997472
 9858.435   0.996555
 9858.453   0.995939
 9858.471   0.995560
 9858.489   0.995248
 9858.507   0.994814
 9858.525   0.994185
 9858.543   0.993418
 9858.561   0.992703
 9858.579   0.992230
 9858.597   0.992136
 9858.614   0.992428
 9858.632   0.993038
 9858.650   0.993819
 9858.668   0.994648
 9858.686   0.995396
 9858.704   0.995979
 9858.722   0.996363
 9858.740   0.996555
 9858.758   0.996666
 9858.776   0.996816
 9858.793   0.997181
 9858.811   0.997780
 9858.829   0.998550
 9858.847   0.999232
 9858.865   0.999561
 9858.883   0.999320
 9858.901   0.998483
 9858.919   0.997235
 9858.937   0.995869
 9858.955   0.994725
 9858.973   0.994006
 9858.990   0.993821
 9859.008   0.994080
 9859.026   0.994643
 9859.044   0.995282
 9859.062   0.995832
 9859.080   0.996156
 9859.098   0.996234
 9859.116   0.996117
 9859.134   0.995906
 9859.152   0.995749
 9859.169   0.995721
 9859.187   0.995868
 9859.205   0.996104
 9859.223   0.996334
 9859.241   0.996414
 9859.259   0.996281
 9859.277   0.995939
 9859.295   0.995458
 9859.313   0.994956
 9859.331   0.994528
 9859.349   0.994255
 9859.366   0.994176
 9859.384   0.994305
 9859.402   0.994608
 9859.420   0.995017
 9859.438   0.995439
 9859.456   0.995770
 9859.474   0.995917
 9859.492   0.995844
 9859.510   0.995549
 9859.528   0.995113
 9859.545   0.994634
 9859.563   0.994232
 9859.581   0.994020
 9859.599   0.994053
 9859.617   0.994366
 9859.635   0.994870
 9859.653   0.995455
 9859.671   0.995914
 9859.689   0.996064
 9859.707   0.995751
 9859.725   0.994939
 9859.742   0.993743
 9859.760   0.992415
 9859.778   0.991281
 9859.796   0.990585
 9859.814   0.990416
 9859.832   0.990618
 9859.850   0.990917
 9859.868   0.991050
 9859.886   0.990912
 9859.904   0.990593
 9859.921   0.990299
 9859.939   0.990243
 9859.957   0.990519
 9859.975   0.991103
 9859.993   0.991886
 9860.011   0.992725
 9860.029   0.993483
 9860.047   0.994046
 9860.065   0.994342
 9860.083   0.994355
 9860.101   0.994157
 9860.118   0.993877
 9860.136   0.993665
 9860.154   0.993603
 9860.172   0.993677
 9860.190   0.993758
 9860.208   0.993683
 9860.226   0.993322
 9860.244   0.992608
 9860.262   0.991593
 9860.280   0.990353
 9860.297   0.989014
 9860.315   0.987691
 9860.333   0.986515
 9860.351   0.985623
 9860.369   0.985121
 9860.387   0.985098
 9860.405   0.985536
 9860.423   0.986356
 9860.441   0.987384
 9860.459   0.988424
 9860.477   0.989273
 9860.494   0.989822
 9860.512   0.990060
 9860.530   0.990059
 9860.548   0.989945
 9860.566   0.989809
 9860.584   0.989711
 9860.602   0.989622
 9860.620   0.989505
 9860.638   0.989276
 9860.656   0.988830
 9860.673   0.988024
 9860.691   0.986661
 9860.709   0.984571
 9860.727   0.981641
 9860.745   0.977922
 9860.763   0.973644
 9860.781   0.969225
 9860.799   0.965210
 9860.817   0.962160
 9860.835   0.960530
 9860.853   0.960556
 9860.870   0.962138
 9860.888   0.964940
 9860.906   0.968444
 9860.924   0.972173
 9860.942   0.975759
 9860.960   0.978998
 9860.978   0.981802
 9860.996   0.984133
 9861.014   0.985948
 9861.032   0.987206
 9861.049   0.987887
 9861.067   0.987993
 9861.085   0.987610
 9861.103   0.986861
 9861.121   0.985955
 9861.139   0.985090
 9861.157   0.984429
 9861.175   0.984034
 9861.193   0.983869
 9861.211   0.983878
 9861.229   0.984031
 9861.246   0.984382
 9861.264   0.985011
 9861.282   0.985962
 9861.300   0.987183
 9861.318   0.988513
 9861.336   0.989745
 9861.354   0.990699
 9861.372   0.991271
 9861.390   0.991444
 9861.408   0.991281
 9861.425   0.990891
 9861.443   0.990425
 9861.461   0.990025
 9861.479   0.989814
 9861.497   0.989844
 9861.515   0.990108
 9861.533   0.990536
 9861.551   0.991036
 9861.569   0.991525
 9861.587   0.991946
 9861.605   0.992258
 9861.622   0.992453
 9861.640   0.992543
 9861.658   0.992617
 9861.676   0.992801
 9861.694   0.993243
 9861.712   0.994013
 9861.730   0.995024
 9861.748   0.996055
 9861.766   0.996776
 9861.784   0.996990
 9861.801   0.996647
 9861.819   0.995996
 9861.837   0.995367
 9861.855   0.995085
 9861.873   0.995259
 9861.891   0.995791
 9861.909   0.996447
 9861.927   0.996977
 9861.945   0.997245
 9861.963   0.997231
 9861.981   0.997038
 9861.998   0.996777
 9862.016   0.996558
 9862.034   0.996406
 9862.052   0.996308
 9862.070   0.996197
 9862.088   0.996038
 9862.106   0.995828
 9862.124   0.995611
 9862.142   0.995449
 9862.160   0.995409
 9862.177   0.995569
 9862.195   0.995989
 9862.213   0.996705
 9862.231   0.997631
 9862.249   0.998604
 9862.267   0.999369
 9862.285   0.999746
 9862.303   0.999677
 9862.321   0.999254
 9862.339   0.998673
 9862.357   0.998060
 9862.374   0.997479
 9862.392   0.996866
 9862.410   0.996164
 9862.428   0.995364
 9862.446   0.994524
 9862.464   0.993798
 9862.482   0.993292
 9862.500   0.993102
 9862.518   0.993184
 9862.536   0.993423
 9862.553   0.993664
 9862.571   0.993771
 9862.589   0.993715
 9862.607   0.993516
 9862.625   0.993286
 9862.643   0.993080
 9862.661   0.992964
 9862.679   0.992930
 9862.697   0.992954
 9862.715   0.992998
 9862.733   0.993014
 9862.750   0.993003
 9862.768   0.992997
 9862.786   0.993101
 9862.804   0.993389
 9862.822   0.993902
 9862.840   0.994561
 9862.858   0.995226
 9862.876   0.995738
 9862.894   0.996021
 9862.912   0.996153
 9862.929   0.996287
 9862.947   0.996630
 9862.965   0.997237
 9862.983   0.998026
 9863.001   0.998739
 9863.019   0.999098
 9863.037   0.998938
 9863.055   0.998306
 9863.073   0.997456
 9863.091   0.996713
 9863.109   0.996285
 9863.126   0.996210
 9863.144   0.996321
 9863.162   0.996437
 9863.180   0.996445
 9863.198   0.996372
 9863.216   0.996339
 9863.234   0.996418
 9863.252   0.996620
 9863.270   0.996800
 9863.288   0.996834
 9863.305   0.996604
 9863.323   0.996142
 9863.341   0.995559
 9863.359   0.995019
 9863.377   0.994636
 9863.395   0.994450
 9863.413   0.994440
 9863.431   0.994584
 9863.449   0.994896
 9863.467   0.995394
 9863.485   0.996044
 9863.502   0.996706
 9863.520   0.997170
 9863.538   0.997256
 9863.556   0.996931
 9863.574   0.996305
 9863.592   0.995583
 9863.610   0.994916
 9863.628   0.994382
 9863.646   0.993996
 9863.664   0.993794
 9863.681   0.993825
 9863.699   0.994117
 9863.717   0.994605
 9863.735   0.995105
 9863.753   0.995437
 9863.771   0.995486
 9863.789   0.995308
 9863.807   0.995052
 9863.825   0.994865
 9863.843   0.994807
 9863.860   0.994807
 9863.878   0.994797
 9863.896   0.994736
 9863.914   0.994695
 9863.932   0.994772
 9863.950   0.995010
 9863.968   0.995373
 9863.986   0.995694
 9864.004   0.995818
 9864.022   0.995613
 9864.040   0.995086
 9864.057   0.994327
 9864.075   0.993470
 9864.093   0.992638
 9864.111   0.991866
 9864.129   0.991163
 9864.147   0.990481
 9864.165   0.989784
 9864.183   0.989007
 9864.201   0.988058
 9864.219   0.986819
 9864.236   0.985179
 9864.254   0.983173
 9864.272   0.981005
 9864.290   0.979078
 9864.308   0.977851
 9864.326   0.977652
 9864.344   0.978522
 9864.362   0.980191
 9864.380   0.982182
 9864.398   0.984028
 9864.416   0.985412
 9864.433   0.986269
 9864.451   0.986731
 9864.469   0.987025
 9864.487   0.987401
 9864.505   0.987999
 9864.523   0.988866
 9864.541   0.989910
 9864.559   0.990978
 9864.577   0.991931
 9864.595   0.992684
 9864.612   0.993267
 9864.630   0.993720
 9864.648   0.994125
 9864.666   0.994500
 9864.684   0.994848
 9864.702   0.995169
 9864.720   0.995450
 9864.738   0.995682
 9864.756   0.995786
 9864.774   0.995682
 9864.792   0.995280
 9864.809   0.994605
 9864.827   0.993793
 9864.845   0.993058
 9864.863   0.992609
 9864.881   0.992502
 9864.899   0.992686
 9864.917   0.992938
 9864.935   0.993074
 9864.953   0.992955
 9864.971   0.992576
 9864.988   0.992040
 9865.006   0.991451
 9865.024   0.990923
 9865.042   0.990474
 9865.060   0.990151
 9865.078   0.989988
 9865.096   0.990054
 9865.114   0.990373
 9865.132   0.990837
 9865.150   0.991255
 9865.168   0.991363
 9865.185   0.990978
 9865.203   0.990038
 9865.221   0.988586
 9865.239   0.986731
 9865.257   0.984523
 9865.275   0.981972
 9865.293   0.979074
 9865.311   0.975788
 9865.329   0.972084
 9865.347   0.967797
 9865.364   0.962705
 9865.382   0.956554
 9865.400   0.949182
 9865.418   0.940778
 9865.436   0.931815
 9865.454   0.923180
 9865.472   0.915868
 9865.490   0.910887
 9865.508   0.909018
 9865.526   0.910673
 9865.544   0.915746
 9865.561   0.923554
 9865.579   0.932922
 9865.597   0.942499
 9865.615   0.951072
 9865.633   0.958059
 9865.651   0.963595
 9865.669   0.968390
 9865.687   0.973172
 9865.705   0.978248
 9865.723   0.983332
 9865.740   0.987686
 9865.758   0.990684
 9865.776   0.992043
 9865.794   0.992115
 9865.812   0.991584
 9865.830   0.991214
 9865.848   0.991476
 9865.866   0.992455
 9865.884   0.993909
 9865.902   0.995474
 9865.920   0.996857
 9865.937   0.997918
 9865.955   0.998671
 9865.973   0.999158
 9865.991   0.999403
 9866.009   0.999359
 9866.027   0.998982
 9866.045   0.998306
 9866.063   0.997436
 9866.081   0.996562
 9866.099   0.995868
 9866.116   0.995526
 9866.134   0.995689
 9866.152   0.996413
 9866.170   0.997660
 9866.188   0.999166
 9866.206   1.000516
 9866.224   1.001276
 9866.242   1.001190
 9866.260   1.000364
 9866.278   0.999156
 9866.296   0.998063
 9866.313   0.997392
 9866.331   0.997246
 9866.349   0.997482
 9866.367   0.997912
 9866.385   0.998428
 9866.403   0.999003
 9866.421   0.999679
 9866.439   1.000383
 9866.457   1.000974
 9866.475   1.001261
 9866.492   1.001147
 9866.510   1.000710
 9866.528   1.000125
 9866.546   0.999621
 9866.564   0.999245
 9866.582   0.998910
 9866.600   0.998420
 9866.618   0.997640
 9866.636   0.996611
 9866.654   0.995490
 9866.672   0.994522
 9866.689   0.993839
 9866.707   0.993471
 9866.725   0.993313
 9866.743   0.993216
 9866.761   0.993088
 9866.779   0.992890
 9866.797   0.992712
 9866.815   0.992647
 9866.833   0.992774
 9866.851   0.993064
 9866.868   0.993382
 9866.886   0.993591
 9866.904   0.993577
 9866.922   0.993404
 9866.940   0.993184
 9866.958   0.993069
 9866.976   0.993063
 9866.994   0.993045
 9867.012   0.992815
 9867.030   0.992207
 9867.048   0.991221
 9867.065   0.989979
 9867.083   0.988714
 9867.101   0.987635
 9867.119   0.986878
 9867.137   0.986480
 9867.155   0.986392
 9867.173   0.986574
 9867.191   0.986975
 9867.209   0.987607
 9867.227   0.988410
 9867.244   0.989273
 9867.262   0.990012
 9867.280   0.990456
 9867.298   0.990602
 9867.316   0.990569
 9867.334   0.990635
 9867.352   0.990982
 9867.370   0.991662
 9867.388   0.992524
 9867.406   0.993303
 9867.424   0.993801
 9867.441   0.993904
 9867.459   0.993682
 9867.477   0.993240
 9867.495   0.992666
 9867.513   0.991977
 9867.531   0.991115
 9867.549   0.990016
 9867.567   0.988585
 9867.585   0.986707
 9867.603   0.984218
 9867.620   0.980914
 9867.638   0.976658
 9867.656   0.971447
 9867.674   0.965544
 9867.692   0.959502
 9867.710   0.954031
 9867.728   0.949821
 9867.746   0.947373
 9867.764   0.946867
 9867.782   0.948225
 9867.800   0.951057
 9867.817   0.954806
 9867.835   0.958746
 9867.853   0.962165
 9867.871   0.964449
 9867.889   0.965299
 9867.907   0.964718
 9867.925   0.962990
 9867.943   0.960509
 9867.961   0.957709
 9867.979   0.955006
 9867.996   0.952839
 9868.014   0.951656
 9868.032   0.951884
 9868.050   0.953756
 9868.068   0.957250
 9868.086   0.962051
 9868.104   0.967596
 9868.122   0.973283
 9868.140   0.978595
 9868.158   0.983276
 9868.176   0.987253
 9868.193   0.990593
 9868.211   0.993328
 9868.229   0.995441
 9868.247   0.996898
 9868.265   0.997721
 9868.283   0.998055
 9868.301   0.998141
 9868.319   0.998249
 9868.337   0.998562
 9868.355   0.999126
 9868.372   0.999834
 9868.390   1.000508
 9868.408   1.000993
 9868.426   1.001231
 9868.444   1.001223
 9868.462   1.001033
 9868.480   1.000691
 9868.498   1.000220
 9868.516   0.999630
 9868.534   0.998964
 9868.552   0.998306
 9868.569   0.997750
 9868.587   0.997378
 9868.605   0.997172
 9868.623   0.997043
 9868.641   0.996824
 9868.659   0.996391
 9868.677   0.995639
 9868.695   0.994516
 9868.713   0.992903
 9868.731   0.990642
 9868.748   0.987538
 9868.766   0.983471
 9868.784   0.978493
 9868.802   0.972804
 9868.820   0.966784
 9868.838   0.960890
 9868.856   0.955671
 9868.874   0.951706
 9868.892   0.949479
 9868.910   0.949317
 9868.928   0.951232
 9868.945   0.955010
 9868.963   0.960227
 9868.981   0.966358
 9868.999   0.972841
 9869.017   0.979071
 9869.035   0.984511
 9869.053   0.988769
 9869.071   0.991740
 9869.089   0.993599
 9869.107   0.994685
 9869.124   0.995362
 9869.142   0.995850
 9869.160   0.996231
 9869.178   0.996502
 9869.196   0.996700
 9869.214   0.996945
 9869.232   0.997377
 9869.250   0.998056
 9869.268   0.998885
 9869.286   0.999638
 9869.304   1.000095
 9869.321   1.000140
 9869.339   0.999845
 9869.357   0.999367
 9869.375   0.998879
 9869.393   0.998456
 9869.411   0.998094
 9869.429   0.997807
 9869.447   0.997618
 9869.465   0.997641
 9869.483   0.997917
 9869.500   0.998407
 9869.518   0.998913
 9869.536   0.999201
 9869.554   0.999123
 9869.572   0.998702
 9869.590   0.998164
 9869.608   0.997777
 9869.626   0.997730
 9869.644   0.998001
 9869.662   0.998400
 9869.680   0.998665
 9869.697   0.998617
 9869.715   0.998239
 9869.733   0.997610
 9869.751   0.996844
 9869.769   0.995963
 9869.787   0.994897
 9869.805   0.993503
 9869.823   0.991611
 9869.841   0.989076
 9869.859   0.985777
 9869.876   0.981695
 9869.894   0.976916
 9869.912   0.971755
 9869.930   0.966716
 9869.948   0.962444
 9869.966   0.959496
 9869.984   0.958144
 9870.002   0.958259
 9870.020   0.959300
 9870.038   0.960502
 9870.055   0.961040
 9870.073   0.960172
 9870.091   0.957260
 9870.109   0.951817
 9870.127   0.943465
 9870.145   0.932078
 9870.163   0.917845
 9870.181   0.901497
 9870.199   0.884461
 9870.217   0.868664
 9870.235   0.856334
 9870.252   0.849321
 9870.270   0.848730
 9870.288   0.854582
 9870.306   0.865948
 9870.324   0.881277
 9870.342   0.898728
 9870.360   0.916469
 9870.378   0.932955
 9870.396   0.947157
 9870.414   0.958649
 9870.431   0.967585
 9870.449   0.974381
 9870.467   0.979584
 9870.485   0.983645
 9870.503   0.986901
 9870.521   0.989517
 9870.539   0.991582
 9870.557   0.993169
 9870.575   0.994355
 9870.593   0.995244
 9870.611   0.995912
 9870.628   0.996422
 9870.646   0.996785
 9870.664   0.997018
 9870.682   0.997147
 9870.700   0.997238
 9870.718   0.997373
 9870.736   0.997585
 9870.754   0.997883
 9870.772   0.998167
 9870.790   0.998360
 9870.807   0.998352
 9870.825   0.998131
 9870.843   0.997749
 9870.861   0.997327
 9870.879   0.997020
 9870.897   0.996897
 9870.915   0.996968
 9870.933   0.997118
 9870.951   0.997245
 9870.969   0.997234
 9870.987   0.997064
 9871.004   0.996743
 9871.022   0.996301
 9871.040   0.995781
 9871.058   0.995202
 9871.076   0.994646
 9871.094   0.994228
 9871.112   0.994090
 9871.130   0.994346
 9871.148   0.994939
 9871.166   0.995708
 9871.183   0.996327
 9871.201   0.996564
 9871.219   0.996329
 9871.237   0.995760
 9871.255   0.995147
 9871.273   0.994731
 9871.291   0.994692
 9871.309   0.994973
 9871.327   0.995465
 9871.345   0.995963
 9871.363   0.996354
 9871.380   0.996603
 9871.398   0.996807
 9871.416   0.997163
 9871.434   0.997832
 9871.452   0.998884
 9871.470   1.000134
 9871.488   1.001256
 9871.506   1.001862
 9871.524   1.001736
 9871.542   1.000941
 9871.559   0.999766
 9871.577   0.998589
 9871.595   0.997655
 9871.613   0.997047
 9871.631   0.996714
 9871.649   0.996591
 9871.667   0.996672
 9871.685   0.996950
 9871.703   0.997361
 9871.721   0.997701
 9871.739   0.997738
 9871.756   0.997295
 9871.774   0.996402
 9871.792   0.995290
 9871.810   0.994298
 9871.828   0.993725
 9871.846   0.993703
 9871.864   0.994159
 9871.882   0.994888
 9871.900   0.995677
 9871.918   0.996420
 9871.935   0.997115
 9871.953   0.997841
 9871.971   0.998661
 9871.989   0.999593
 9872.007   1.000604
 9872.025   1.001591
 9872.043   1.002463
 9872.061   1.003111
 9872.079   1.003526
 9872.097   1.003766
 9872.115   1.003958
 9872.132   1.004250
 9872.150   1.004655
 9872.168   1.005047
 9872.186   1.005125
 9872.204   1.004600
 9872.222   1.003336
 9872.240   1.001460
 9872.258   0.999314
 9872.276   0.997312
 9872.294   0.995792
 9872.311   0.994910
 9872.329   0.994608
 9872.347   0.994682
 9872.365   0.994836
 9872.383   0.994791
 9872.401   0.994402
 9872.419   0.993673
 9872.437   0.992772
 9872.455   0.991881
 9872.473   0.991174
 9872.491   0.990722
 9872.508   0.990596
 9872.526   0.990839
 9872.544   0.991504
 9872.562   0.992529
 9872.580   0.993690
 9872.598   0.994616
 9872.616   0.994885
 9872.634   0.994278
 9872.652   0.992843
 9872.670   0.990919
 9872.687   0.988953
 9872.705   0.987297
 9872.723   0.986100
 9872.741   0.985262
 9872.759   0.984631
 9872.777   0.984066
 9872.795   0.983625
 9872.813   0.983459
 9872.831   0.983757
 9872.849   0.984610
 9872.867   0.985900
 9872.884   0.987388
 9872.902   0.988690
 9872.920   0.989595
 9872.938   0.990019
 9872.956   0.990190
 9872.974   0.990451
 9872.992   0.991032
 9873.010   0.991946
 9873.028   0.992852
 9873.046   0.993382
 9873.063   0.993267
 9873.081   0.992600
 9873.099   0.991743
 9873.117   0.991065
 9873.135   0.990746
 9873.153   0.990634
 9873.171   0.990424
 9873.189   0.989896
 9873.207   0.989045
 9873.225   0.988112
 9873.243   0.987376
 9873.260   0.986996
 9873.278   0.986889
 9873.296   0.986799
 9873.314   0.986422
 9873.332   0.985526
 9873.350   0.983964
 9873.368   0.981620
 9873.386   0.978307
 9873.404   0.973710
 9873.422   0.967335
 9873.439   0.958516
 9873.457   0.946493
 9873.475   0.930445
 9873.493   0.909675
 9873.511   0.883880
 9873.529   0.853501
 9873.547   0.820045
 9873.565   0.786128
 9873.583   0.755311
 9873.601   0.731544
 9873.619   0.718142
 9873.636   0.717014
 9873.654   0.727915
 9873.672   0.748757
 9873.690   0.776014
 9873.708   0.805610
 9873.726   0.833740
 9873.744   0.857538
 9873.762   0.875244
 9873.780   0.886205
 9873.798   0.890746
 9873.815   0.889936
 9873.833   0.885433
 9873.851   0.879310
 9873.869   0.873803
 9873.887   0.870977
 9873.905   0.872318
 9873.923   0.878445
 9873.941   0.889082
 9873.959   0.903058
 9873.977   0.918794
 9873.995   0.934597
 9874.012   0.949101
 9874.030   0.961456
 9874.048   0.971367
 9874.066   0.979001
 9874.084   0.984663
 9874.102   0.988708
 9874.120   0.991407
 9874.138   0.993079
 9874.156   0.994132
 9874.174   0.995005
 9874.191   0.996073
 9874.209   0.997385
 9874.227   0.998643
 9874.245   0.999362
 9874.263   0.999124
 9874.281   0.997919
 9874.299   0.996135
 9874.317   0.994381
 9874.335   0.993095
 9874.353   0.992264
 9874.371   0.991456
 9874.388   0.990003
 9874.406   0.987397
 9874.424   0.983505
 9874.442   0.978595
 9874.460   0.973264
 9874.478   0.968144
 9874.496   0.963860
 9874.514   0.960848
 9874.532   0.959351
 9874.550   0.959316
 9874.567   0.960370
 9874.585   0.961935
 9874.603   0.963394
 9874.621   0.964368
 9874.639   0.964862
 9874.657   0.965233
 9874.675   0.966028
 9874.693   0.967639
 9874.711   0.970165
 9874.729   0.973386
 9874.747   0.976917
 9874.764   0.980462
 9874.782   0.983789
 9874.800   0.986828
 9874.818   0.989443
 9874.836   0.991487
 9874.854   0.992843
 9874.872   0.993547
 9874.890   0.993855
 9874.908   0.994125
 9874.926   0.994656
 9874.943   0.995513
 9874.961   0.996533
 9874.979   0.997493
 9874.997   0.998274
 9875.015   0.998929
 9875.033   0.999607
 9875.051   1.000378
 9875.069   1.001193
 9875.087   1.001875
 9875.105   1.002284
 9875.123   1.002363
 9875.140   1.002192
 9875.158   1.001898
 9875.176   1.001560
 9875.194   1.001211
 9875.212   1.000829
 9875.230   1.000433
 9875.248   1.000103
 9875.266   0.999958
 9875.284   1.000096
 9875.302   1.000468
 9875.319   1.000941
 9875.337   1.001262
 9875.355   1.001237
 9875.373   1.000767
 9875.391   0.999932
 9875.409   0.998937
 9875.427   0.998067
 9875.445   0.997571
 9875.463   0.997617
 9875.481   0.998175
 9875.499   0.999036
 9875.516   0.999913
 9875.534   1.000516
 9875.552   1.000746
 9875.570   1.000616
 9875.588   1.000251
 9875.606   0.999730
 9875.624   0.999074
 9875.642   0.998333
 9875.660   0.997611
 9875.678   0.997114
 9875.695   0.997028
 9875.713   0.997361
 9875.731   0.997922
 9875.749   0.998363
 9875.767   0.998465
 9875.785   0.998211
 9875.803   0.997815
 9875.821   0.997554
 9875.839   0.997525
 9875.857   0.997633
 9875.875   0.997663
 9875.892   0.997521
 9875.910   0.997309
 9875.928   0.997242
 9875.946   0.997468
 9875.964   0.997876
 9875.982   0.998206
 9876.000   0.998206
 9876.018   0.997856
 9876.036   0.997373
 9876.054   0.996993
 9876.071   0.996839
 9876.089   0.996797
 9876.107   0.996708
 9876.125   0.996512
 9876.143   0.996322
 9876.161   0.996344
 9876.179   0.996648
 9876.197   0.997143
 9876.215   0.997599
 9876.233   0.997828
 9876.250   0.997799
 9876.268   0.997635
 9876.286   0.997489
 9876.304   0.997432
 9876.322   0.997403
 9876.340   0.997292
 9876.358   0.997034
 9876.376   0.996698
 9876.394   0.996421
 9876.412   0.996302
 9876.430   0.996331
 9876.447   0.996389
 9876.465   0.996370
 9876.483   0.996249
 9876.501   0.996147
 9876.519   0.996176
 9876.537   0.996383
 9876.555   0.996678
 9876.573   0.996916
 9876.591   0.997026
 9876.609   0.997011
 9876.626   0.996986
 9876.644   0.997034
 9876.662   0.997170
 9876.680   0.997330
 9876.698   0.997379
 9876.716   0.997249
 9876.734   0.996954
 9876.752   0.996627
 9876.770   0.996435
 9876.788   0.996430
 9876.806   0.996558
 9876.823   0.996665
 9876.841   0.996634
 9876.859   0.996443
 9876.877   0.996151
 9876.895   0.995831
 9876.913   0.995522
 9876.931   0.995207
 9876.949   0.994912
 9876.967   0.994660
 9876.985   0.994525
 9877.002   0.994514
 9877.020   0.994569
 9877.038   0.994607
 9877.056   0.994543
 9877.074   0.994413
 9877.092   0.994305
 9877.110   0.994306
 9877.128   0.994445
 9877.146   0.994621
 9877.164   0.994755
 9877.182   0.994764
 9877.199   0.994626
 9877.217   0.994409
 9877.235   0.994172
 9877.253   0.994058
 9877.271   0.994134
 9877.289   0.994433
 9877.307   0.994869
 9877.325   0.995292
 9877.343   0.995562
 9877.361   0.995603
 9877.378   0.995453
 9877.396   0.995229
 9877.414   0.995064
 9877.432   0.995064
 9877.450   0.995286
 9877.468   0.995718
 9877.486   0.996323
 9877.504   0.997020
 9877.522   0.997690
 9877.540   0.998179
 9877.558   0.998371
 9877.575   0.998212
 9877.593   0.997817
 9877.611   0.997347
 9877.629   0.996967
 9877.647   0.996718
 9877.665   0.996518
 9877.683   0.996267
 9877.701   0.995884
 9877.719   0.995422
 9877.737   0.995005
 9877.754   0.994792
 9877.772   0.994848
 9877.790   0.995089
 9877.808   0.995339
 9877.826   0.995376
 9877.844   0.995130
 9877.862   0.994634
 9877.880   0.994030
 9877.898   0.993421
 9877.916   0.992755
 9877.934   0.991955
 9877.951   0.990821
 9877.969   0.989182
 9877.987   0.986815
 9878.005   0.983462
 9878.023   0.979007
 9878.041   0.973448
 9878.059   0.966987
 9878.077   0.959803
 9878.095   0.952042
 9878.113   0.943803
 9878.130   0.935337
 9878.148   0.927219
 9878.166   0.920412
 9878.184   0.916035
 9878.202   0.915030
 9878.220   0.917788
 9878.238   0.923920
 9878.256   0.932368
 9878.274   0.941711
 9878.292   0.950552
 9878.310   0.957879
 9878.327   0.963181
 9878.345   0.966377
 9878.363   0.967690
 9878.381   0.967490
 9878.399   0.966207
 9878.417   0.964274
 9878.435   0.962095
 9878.453   0.960077
 9878.471   0.958527
 9878.489   0.957698
 9878.506   0.957749
 9878.524   0.958752
 9878.542   0.960684
 9878.560   0.963438
 9878.578   0.966828
 9878.596   0.970636
 9878.614   0.974604
 9878.632   0.978435
 9878.650   0.981843
 9878.668   0.984564
 9878.686   0.986514
 9878.703   0.987771
 9878.721   0.988531
 9878.739   0.989055
 9878.757   0.989496
 9878.775   0.989987
 9878.793   0.990602
 9878.811   0.991429
 9878.829   0.992472
 9878.847   0.993578
 9878.865   0.994444
 9878.882   0.994726
 9878.900   0.994295
 9878.918   0.993273
 9878.936   0.992086
 9878.954   0.991205
 9878.972   0.990979
 9878.990   0.991478
 9879.008   0.992503
 9879.026   0.993742
 9879.044   0.994888
 9879.062   0.995714
 9879.079   0.996175
 9879.097   0.996268
 9879.115   0.996128
 9879.133   0.995910
 9879.151   0.995742
 9879.169   0.995741
 9879.187   0.995852
 9879.205   0.996051
 9879.223   0.996294
 9879.241   0.996608
 9879.258   0.997119
 9879.276   0.997813
 9879.294   0.998616
 9879.312   0.999236
 9879.330   0.999387
 9879.348   0.998978
 9879.366   0.998061
 9879.384   0.996948
 9879.402   0.995805
 9879.420   0.994649
 9879.438   0.993354
 9879.455   0.991702
 9879.473   0.989725
 9879.491   0.987510
 9879.509   0.985181
 9879.527   0.982587
 9879.545   0.979309
 9879.563   0.974999
 9879.581   0.969699
 9879.599   0.964179
 9879.617   0.959609
 9879.634   0.957100
 9879.652   0.957032
 9879.670   0.959118
 9879.688   0.962588
 9879.706   0.966720
 9879.724   0.970976
 9879.742   0.975036
 9879.760   0.978530
 9879.778   0.981012
 9879.796   0.982083
 9879.814   0.981619
 9879.831   0.979947
 9879.849   0.977727
 9879.867   0.975750
 9879.885   0.974616
 9879.903   0.974555
 9879.921   0.975456
 9879.939   0.976963
 9879.957   0.978731
 9879.975   0.980513
 9879.993   0.982244
 9880.010   0.983933
 9880.028   0.985598
 9880.046   0.987214
 9880.064   0.988714
 9880.082   0.990032
 9880.100   0.991098
 9880.118   0.991901
 9880.136   0.992414
 9880.154   0.992705
 9880.172   0.992810
 9880.190   0.992854
 9880.207   0.992981
 9880.225   0.993327
 9880.243   0.994023
 9880.261   0.994991
 9880.279   0.996049
 9880.297   0.996899
 9880.315   0.997317
 9880.333   0.997300
 9880.351   0.996971
 9880.369   0.996552
 9880.386   0.996161
 9880.404   0.995768
 9880.422   0.995319
 9880.440   0.994775
 9880.458   0.994234
 9880.476   0.993790
 9880.494   0.993448
 9880.512   0.993080
 9880.530   0.992554
 9880.548   0.991841
 9880.566   0.991126
 9880.583   0.990652
 9880.601   0.990595
 9880.619   0.990937
 9880.637   0.991521
 9880.655   0.992209
 9880.673   0.992958
 9880.691   0.993758
 9880.709   0.994565
 9880.727   0.995189
 9880.745   0.995423
 9880.762   0.995152
 9880.780   0.994435
 9880.798   0.993519
 9880.816   0.992629
 9880.834   0.991944
 9880.852   0.991506
 9880.870   0.991287
 9880.888   0.991280
 9880.906   0.991505
 9880.924   0.991985
 9880.942   0.992744
 9880.959   0.993662
 9880.977   0.994539
 9880.995   0.995090
 9881.013   0.995070
 9881.031   0.994452
 9881.049   0.993355
 9881.067   0.992087
 9881.085   0.990882
 9881.103   0.989810
 9881.121   0.988781
 9881.138   0.987570
 9881.156   0.986110
 9881.174   0.984475
 9881.192   0.982983
 9881.210   0.981959
 9881.228   0.981590
 9881.246   0.981768
 9881.264   0.982162
 9881.282   0.982451
 9881.300   0.982521
 9881.318   0.982602
 9881.335   0.983024
 9881.353   0.984032
 9881.371   0.985508
 9881.389   0.987086
 9881.407   0.988344
 9881.425   0.989072
 9881.443   0.989389
 9881.461   0.989563
 9881.479   0.989899
 9881.497   0.990437
 9881.514   0.991068
 9881.532   0.991572
 9881.550   0.991803
 9881.568   0.991790
 9881.586   0.991687
 9881.604   0.991760
 9881.622   0.992143
 9881.640   0.992843
 9881.658   0.993636
 9881.676   0.994225
 9881.694   0.994402
 9881.711   0.994122
 9881.729   0.993560
 9881.747   0.992883
 9881.765   0.992230
 9881.783   0.991624
 9881.801   0.991093
 9881.819   0.990675
 9881.837   0.990488
 9881.855   0.990611
 9881.873   0.991054
 9881.890   0.991743
 9881.908   0.992492
 9881.926   0.993151
 9881.944   0.993554
 9881.962   0.993659
 9881.980   0.993475
 9881.998   0.993084
 9882.016   0.992583
 9882.034   0.992066
 9882.052   0.991675
 9882.070   0.991556
 9882.087   0.991853
 9882.105   0.992519
 9882.123   0.993370
 9882.141   0.994113
 9882.159   0.994540
 9882.177   0.994584
 9882.195   0.994323
 9882.213   0.993882
 9882.231   0.993324
 9882.249   0.992717
 9882.266   0.992077
 9882.284   0.991495
 9882.302   0.991025
 9882.320   0.990750
 9882.338   0.990727
 9882.356   0.990866
 9882.374   0.991136
 9882.392   0.991321
 9882.410   0.991394
 9882.428   0.991359
 9882.445   0.991326
 9882.463   0.991464
 9882.481   0.991717
 9882.499   0.992015
 9882.517   0.992133
 9882.535   0.992110
 9882.553   0.992165
 9882.571   0.992631
 9882.589   0.993705
 9882.607   0.995151
 9882.625   0.996495
 9882.642   0.997157
 9882.660   0.996992
 9882.678   0.996250
 9882.696   0.995470
 9882.714   0.995166
 9882.732   0.995470
 9882.750   0.996275
 9882.768   0.997217
 9882.786   0.997993
 9882.804   0.998397
 9882.821   0.998348
 9882.839   0.998020
 9882.857   0.997570
 9882.875   0.997315
 9882.893   0.997385
 9882.911   0.997788
 9882.929   0.998366
 9882.947   0.998828
 9882.965   0.999089
 9882.983   0.999086
 9883.001   0.999001
 9883.018   0.998950
 9883.036   0.998979
 9883.054   0.999045
 9883.072   0.999004
 9883.090   0.998713
 9883.108   0.998024
 9883.126   0.996906
 9883.144   0.995526
 9883.162   0.994218
 9883.180   0.993325
 9883.197   0.992998
 9883.215   0.993089
 9883.233   0.993285
 9883.251   0.993288
 9883.269   0.993002
 9883.287   0.992523
 9883.305   0.992011
 9883.323   0.991588
 9883.341   0.991313
 9883.359   0.991225
 9883.377   0.991354
 9883.394   0.991651
 9883.412   0.991980
 9883.430   0.992051
 9883.448   0.991744
 9883.466   0.991140
 9883.484   0.990573
 9883.502   0.990390
 9883.520   0.990604
 9883.538   0.990970
 9883.556   0.991063
 9883.573   0.990684
 9883.591   0.989965
 9883.609   0.989272
 9883.627   0.988995
 9883.645   0.989304
 9883.663   0.990071
 9883.681   0.990968
 9883.699   0.991618
 9883.717   0.991818
 9883.735   0.991668
 9883.753   0.991451
 9883.770   0.991542
 9883.788   0.992085
 9883.806   0.992935
 9883.824   0.993727
 9883.842   0.994097
 9883.860   0.993891
 9883.878   0.993265
 9883.896   0.992561
 9883.914   0.992121
 9883.932   0.992119
 9883.949   0.992463
 9883.967   0.992941
 9883.985   0.993240
 9884.003   0.993229
 9884.021   0.992929
 9884.039   0.992540
 9884.057   0.992328
 9884.075   0.992439
 9884.093   0.992879
 9884.111   0.993454
 9884.129   0.993971
 9884.146   0.994309
 9884.164   0.994505
 9884.182   0.994687
 9884.200   0.994915
 9884.218   0.995149
 9884.236   0.995236
 9884.254   0.995065
 9884.272   0.994649
 9884.290   0.994132
