 9564.000   0.996516
 9564.018   0.998736
 9564.035   1.000973
 9564.053   1.003101
 9564.070   1.005121
 9564.088   1.007080
 9564.106   1.009019
 9564.123   1.010909
 9564.141   1.012657
 9564.158   1.014098
 9564.176   1.015070
 9564.193   1.015445
 9564.211   1.015163
 9564.229   1.014264
 9564.246   1.012878
 9564.264   1.011257
 9564.281   1.009701
 9564.299   1.008472
 9564.317   1.007724
 9564.334   1.007443
 9564.352   1.007473
 9564.369   1.007597
 9564.387   1.007619
 9564.404   1.007418
 9564.422   1.006932
 9564.440   1.006121
 9564.457   1.004888
 9564.475   1.003110
 9564.492   1.000636
 9564.510   0.997394
 9564.528   0.993353
 9564.545   0.988543
 9564.563   0.982946
 9564.580   0.976457
 9564.598   0.968869
 9564.615   0.959952
 9564.633   0.949614
 9564.651   0.937935
 9564.668   0.925233
 9564.686   0.911959
 9564.703   0.898577
 9564.721   0.885436
 9564.739   0.872702
 9564.756   0.860319
 9564.774   0.848038
 9564.791   0.835518
 9564.809   0.822347
 9564.826   0.808083
 9564.844   0.792156
 9564.862   0.773856
 9564.879   0.752333
 9564.897   0.726638
 9564.914   0.695883
 9564.932   0.659516
 9564.950   0.617610
 9564.967   0.571077
 9564.985   0.521937
 9565.002   0.472984
 9565.020   0.427391
 9565.037   0.388391
 9565.055   0.358557
 9565.073   0.339262
 9565.090   0.330491
 9565.108   0.330910
 9565.125   0.337909
 9565.143   0.348089
 9565.161   0.357769
 9565.178   0.363588
 9565.196   0.362982
 9565.213   0.354606
 9565.231   0.338364
 9565.248   0.315402
 9565.266   0.287758
 9565.284   0.258218
 9565.301   0.229922
 9565.319   0.206054
 9565.336   0.189513
 9565.354   0.182656
 9565.372   0.187026
 9565.389   0.203248
 9565.407   0.231046
 9565.424   0.269295
 9565.442   0.316159
 9565.459   0.369247
 9565.477   0.425948
 9565.495   0.483703
 9565.512   0.540180
 9565.530   0.593624
 9565.547   0.642964
 9565.565   0.687715
 9565.583   0.728000
 9565.600   0.764337
 9565.618   0.797296
 9565.635   0.827442
 9565.653   0.855243
 9565.670   0.880880
 9565.688   0.904381
 9565.706   0.925721
 9565.723   0.944884
 9565.741   0.961940
 9565.758   0.977036
 9565.776   0.990385
 9565.794   1.002102
 9565.811   1.012251
 9565.829   1.020776
 9565.846   1.027645
 9565.864   1.032890
 9565.881   1.036619
 9565.899   1.039035
 9565.917   1.040305
 9565.934   1.040571
 9565.952   1.039825
 9565.969   1.038010
 9565.987   1.035003
 9566.005   1.030748
 9566.022   1.025227
 9566.040   1.018478
 9566.057   1.010556
 9566.075   1.001452
 9566.092   0.991058
 9566.110   0.979125
 9566.128   0.965342
 9566.145   0.949356
 9566.163   0.930845
 9566.180   0.909603
 9566.198   0.885500
 9566.216   0.858338
 9566.233   0.827803
 9566.251   0.793480
 9566.268   0.754807
 9566.286   0.711330
 9566.303   0.662932
 9566.321   0.609840
 9566.339   0.552887
 9566.356   0.493516
 9566.374   0.433599
 9566.391   0.375304
 9566.409   0.321155
 9566.427   0.273659
 9566.444   0.235071
 9566.462   0.207144
 9566.479   0.190981
 9566.497   0.187015
 9566.514   0.195015
 9566.532   0.214140
 9566.550   0.242990
 9566.567   0.279757
 9566.585   0.322503
 9566.602   0.369370
 9566.620   0.418810
 9566.638   0.469723
 9566.655   0.521445
 9566.673   0.573490
 9566.690   0.625421
 9566.708   0.676655
 9566.725   0.726386
 9566.743   0.773692
 9566.761   0.817613
 9566.778   0.857326
 9566.796   0.892293
 9566.813   0.922241
 9566.831   0.947272
 9566.849   0.967812
 9566.866   0.984473
 9566.884   0.997904
 9566.901   1.008668
 9566.919   1.017136
 9566.937   1.023429
 9566.954   1.027609
 9566.972   1.029726
 9566.989   1.029972
 9567.007   1.028699
 9567.024   1.026332
 9567.042   1.023286
 9567.060   1.019814
 9567.077   1.015983
 9567.095   1.011626
 9567.112   1.006435
 9567.130   1.000062
 9567.148   0.992139
 9567.165   0.982392
 9567.183   0.970652
 9567.200   0.956850
 9567.218   0.940964
 9567.235   0.922971
 9567.253   0.902808
 9567.271   0.880336
 9567.288   0.855460
 9567.306   0.828106
 9567.323   0.798198
 9567.341   0.765627
 9567.359   0.730243
 9567.376   0.691869
 9567.394   0.650305
 9567.411   0.605441
 9567.429   0.557406
 9567.446   0.506718
 9567.464   0.454081
 9567.482   0.400515
 9567.499   0.347337
 9567.517   0.295954
 9567.534   0.247719
 9567.552   0.203916
 9567.570   0.165681
 9567.587   0.133832
 9567.605   0.108837
 9567.622   0.090783
 9567.640   0.079479
 9567.657   0.074590
 9567.675   0.075803
 9567.693   0.082951
 9567.710   0.096039
 9567.728   0.115230
 9567.745   0.140660
 9567.763   0.172357
 9567.781   0.210151
 9567.798   0.253538
 9567.816   0.301542
 9567.833   0.352940
 9567.851   0.406334
 9567.868   0.460243
 9567.886   0.513415
 9567.904   0.564902
 9567.921   0.613920
 9567.939   0.659876
 9567.956   0.702355
 9567.974   0.741060
 9567.992   0.775921
 9568.009   0.807068
 9568.027   0.834826
 9568.044   0.859712
 9568.062   0.882342
 9568.079   0.903265
 9568.097   0.922880
 9568.115   0.941322
 9568.132   0.958484
 9568.150   0.974137
 9568.167   0.988048
 9568.185   1.000081
 9568.203   1.010234
 9568.220   1.018632
 9568.238   1.025427
 9568.255   1.030799
 9568.273   1.034950
 9568.290   1.038088
 9568.308   1.040438
 9568.326   1.042192
 9568.343   1.043457
 9568.361   1.044239
 9568.378   1.044387
 9568.396   1.043667
 9568.414   1.041832
 9568.431   1.038733
 9568.449   1.034366
 9568.466   1.028836
 9568.484   1.022338
 9568.501   1.015011
 9568.519   1.006923
 9568.537   0.998005
 9568.554   0.988162
 9568.572   0.977311
 9568.589   0.965450
 9568.607   0.952666
 9568.625   0.939053
 9568.642   0.924693
 9568.660   0.909562
 9568.677   0.893551
 9568.695   0.876497
 9568.712   0.858228
 9568.730   0.838640
 9568.748   0.817749
 9568.765   0.795633
 9568.783   0.772254
 9568.800   0.747491
 9568.818   0.721096
 9568.836   0.692748
 9568.853   0.662117
 9568.871   0.628971
 9568.888   0.593232
 9568.906   0.554993
 9568.923   0.514485
 9568.941   0.472012
 9568.959   0.428002
 9568.976   0.382977
 9568.994   0.337596
 9569.011   0.292638
 9569.029   0.249006
 9569.047   0.207674
 9569.064   0.169592
 9569.082   0.135533
 9569.099   0.106061
 9569.117   0.081485
 9569.134   0.061867
 9569.152   0.047050
 9569.170   0.036693
 9569.187   0.030235
 9569.205   0.026996
 9569.222   0.026267
 9569.240   0.027432
 9569.258   0.030031
 9569.275   0.033782
 9569.293   0.038580
 9569.310   0.044479
 9569.328   0.051750
 9569.345   0.060941
 9569.363   0.072846
 9569.381   0.088422
 9569.398   0.108583
 9569.416   0.134076
 9569.433   0.165181
 9569.451   0.201705
 9569.469   0.243050
 9569.486   0.288323
 9569.504   0.336354
 9569.521   0.385822
 9569.539   0.435409
 9569.556   0.483926
 9569.574   0.530433
 9569.592   0.574298
 9569.609   0.615178
 9569.627   0.652909
 9569.644   0.687445
 9569.662   0.718921
 9569.680   0.747569
 9569.697   0.773691
 9569.715   0.797620
 9569.732   0.819683
 9569.750   0.840058
 9569.768   0.858781
 9569.785   0.875824
 9569.803   0.891150
 9569.820   0.904794
 9569.838   0.916944
 9569.855   0.927837
 9569.873   0.937727
 9569.891   0.946738
 9569.908   0.954923
 9569.926   0.962256
 9569.943   0.968737
 9569.961   0.974428
 9569.979   0.979503
 9569.996   0.984199
 9570.014   0.988731
 9570.031   0.993244
 9570.049   0.997749
 9570.066   1.002138
 9570.084   1.006252
 9570.102   1.009935
 9570.119   1.013080
 9570.137   1.015673
 9570.154   1.017771
 9570.172   1.019507
 9570.190   1.020989
 9570.207   1.022355
 9570.225   1.023637
 9570.242   1.024848
 9570.260   1.025912
 9570.277   1.026753
 9570.295   1.027295
 9570.313   1.027437
 9570.330   1.027102
 9570.348   1.026195
 9570.365   1.024685
 9570.383   1.022602
 9570.401   1.020088
 9570.418   1.017383
 9570.436   1.014802
 9570.453   1.012692
 9570.471   1.011325
 9570.488   1.010871
 9570.506   1.011325
 9570.524   1.012543
 9570.541   1.014259
 9570.559   1.016184
 9570.576   1.018069
 9570.594   1.019747
 9570.612   1.021140
 9570.629   1.022208
 9570.647   1.022913
 9570.664   1.023178
 9570.682   1.022872
 9570.699   1.021876
 9570.717   1.020113
 9570.735   1.017608
 9570.752   1.014452
 9570.770   1.010825
 9570.787   1.006897
 9570.805   1.002827
 9570.823   0.998679
 9570.840   0.994460
 9570.858   0.990105
 9570.875   0.985519
 9570.893   0.980617
 9570.910   0.975339
 9570.928   0.969649
 9570.946   0.963531
 9570.963   0.956963
 9570.981   0.949865
 9570.998   0.942026
 9571.016   0.933118
 9571.034   0.922595
 9571.051   0.909705
 9571.069   0.893437
 9571.086   0.872630
 9571.104   0.846115
 9571.121   0.813008
 9571.139   0.773009
 9571.157   0.726831
 9571.174   0.676295
 9571.192   0.624051
 9571.209   0.573197
 9571.227   0.526500
 9571.245   0.485781
 9571.262   0.451490
 9571.280   0.422774
 9571.297   0.397997
 9571.315   0.375561
 9571.332   0.354557
 9571.350   0.335185
 9571.368   0.318516
 9571.385   0.305950
 9571.403   0.298296
 9571.420   0.295257
 9571.438   0.295275
 9571.456   0.295856
 9571.473   0.294331
 9571.491   0.288557
 9571.508   0.277630
 9571.526   0.262093
 9571.543   0.244001
 9571.561   0.226630
 9571.579   0.214009
 9571.596   0.210110
 9571.614   0.218051
 9571.631   0.239271
 9571.649   0.273532
 9571.667   0.318994
 9571.684   0.372869
 9571.702   0.431922
 9571.719   0.493135
 9571.737   0.553815
 9571.754   0.611637
 9571.772   0.664923
 9571.790   0.712685
 9571.807   0.754612
 9571.825   0.790939
 9571.842   0.822171
 9571.860   0.848950
 9571.878   0.871923
 9571.895   0.891632
 9571.913   0.908583
 9571.930   0.923305
 9571.948   0.936274
 9571.965   0.947876
 9571.983   0.958351
 9572.001   0.967758
 9572.018   0.976069
 9572.036   0.983270
 9572.053   0.989403
 9572.071   0.994619
 9572.089   0.999115
 9572.106   1.003097
 9572.124   1.006710
 9572.141   1.010056
 9572.159   1.013173
 9572.176   1.016070
 9572.194   1.018715
 9572.212   1.021075
 9572.229   1.023094
 9572.247   1.024756
 9572.264   1.026049
 9572.282   1.027022
 9572.300   1.027738
 9572.317   1.028292
 9572.335   1.028767
 9572.352   1.029219
 9572.370   1.029631
 9572.387   1.029894
 9572.405   1.029851
 9572.423   1.029338
 9572.440   1.028251
 9572.458   1.026590
 9572.475   1.024458
 9572.493   1.022015
 9572.511   1.019387
 9572.528   1.016618
 9572.546   1.013619
 9572.563   1.010213
 9572.581   1.006180
 9572.599   1.001278
 9572.616   0.995291
 9572.634   0.987996
 9572.651   0.979139
 9572.669   0.968415
 9572.686   0.955511
 9572.704   0.940113
 9572.722   0.921991
 9572.739   0.901033
 9572.757   0.877162
 9572.774   0.850341
 9572.792   0.820424
 9572.810   0.787247
 9572.827   0.750782
 9572.845   0.711484
 9572.862   0.670467
 9572.880   0.629672
 9572.897   0.591911
 9572.915   0.560449
 9572.933   0.538508
 9572.950   0.528721
 9572.968   0.532493
 9572.985   0.549781
 9573.003   0.578975
 9573.021   0.617211
 9573.038   0.660884
 9573.056   0.706287
 9573.073   0.750170
 9573.091   0.790034
 9573.108   0.824299
 9573.126   0.852378
 9573.144   0.874356
 9573.161   0.890773
 9573.179   0.902397
 9573.196   0.909976
 9573.214   0.914072
 9573.232   0.915093
 9573.249   0.913275
 9573.267   0.908744
 9573.284   0.901530
 9573.302   0.891581
 9573.319   0.878744
 9573.337   0.862678
 9573.355   0.842915
 9573.372   0.818934
 9573.390   0.790354
 9573.407   0.757206
 9573.425   0.720205
 9573.443   0.680883
 9573.460   0.641619
 9573.478   0.605238
 9573.495   0.574531
 9573.513   0.551763
 9573.530   0.538236
 9573.548   0.534059
 9573.566   0.538212
 9573.583   0.548794
 9573.601   0.563334
 9573.618   0.579157
 9573.636   0.593718
 9573.654   0.604835
 9573.671   0.610723
 9573.689   0.610028
 9573.706   0.601888
 9573.724   0.585857
 9573.741   0.561889
 9573.759   0.530324
 9573.777   0.491980
 9573.794   0.448064
 9573.812   0.400184
 9573.829   0.350591
 9573.847   0.301874
 9573.865   0.256672
 9573.882   0.217476
 9573.900   0.186377
 9573.917   0.165025
 9573.935   0.154649
 9573.952   0.155991
 9573.970   0.169186
 9573.988   0.193608
 9574.005   0.227954
 9574.023   0.270292
 9574.040   0.318411
 9574.058   0.370081
 9574.076   0.423335
 9574.093   0.476483
 9574.111   0.528212
 9574.128   0.577587
 9574.146   0.623970
 9574.163   0.667066
 9574.181   0.706752
 9574.199   0.742979
 9574.216   0.775823
 9574.234   0.805376
 9574.251   0.831691
 9574.269   0.854897
 9574.287   0.875159
 9574.304   0.892670
 9574.322   0.907710
 9574.339   0.920650
 9574.357   0.931864
 9574.374   0.941690
 9574.392   0.950364
 9574.410   0.957947
 9574.427   0.964400
 9574.445   0.969657
 9574.462   0.973768
 9574.480   0.976957
 9574.498   0.979599
 9574.515   0.982130
 9574.533   0.984922
 9574.550   0.988142
 9574.568   0.991726
 9574.585   0.995442
 9574.603   0.999002
 9574.621   1.002153
 9574.638   1.004772
 9574.656   1.006871
 9574.673   1.008549
 9574.691   1.009932
 9574.709   1.011105
 9574.726   1.012102
 9574.744   1.012905
 9574.761   1.013480
 9574.779   1.013788
 9574.796   1.013820
 9574.814   1.013585
 9574.832   1.013089
 9574.849   1.012333
 9574.867   1.011326
 9574.884   1.010088
 9574.902   1.008618
 9574.920   1.006857
 9574.937   1.004621
 9574.955   1.001596
 9574.972   0.997386
 9574.990   0.991640
 9575.007   0.984216
 9575.025   0.975292
 9575.043   0.965376
 9575.060   0.955261
 9575.078   0.945849
 9575.095   0.938005
 9575.113   0.932319
 9575.131   0.929017
 9575.148   0.927896
 9575.166   0.928343
 9575.183   0.929481
 9575.201   0.930316
 9575.218   0.929838
 9575.236   0.927052
 9575.254   0.920964
 9575.271   0.910649
 9575.289   0.895416
 9575.306   0.875027
 9575.324   0.849964
 9575.342   0.821599
 9575.359   0.792178
 9575.377   0.764531
 9575.394   0.741792
 9575.412   0.726821
 9575.430   0.721762
 9575.447   0.727378
 9575.465   0.742986
 9575.482   0.766406
 9575.500   0.794658
 9575.517   0.824664
 9575.535   0.853864
 9575.553   0.880466
 9575.570   0.903617
 9575.588   0.923178
 9575.605   0.939427
 9575.623   0.952745
 9575.641   0.963511
 9575.658   0.972037
 9575.676   0.978593
 9575.693   0.983480
 9575.711   0.987039
 9575.728   0.989661
 9575.746   0.991703
 9575.764   0.993445
 9575.781   0.995052
 9575.799   0.996584
 9575.816   0.998022
 9575.834   0.999297
 9575.852   1.000324
 9575.869   1.001055
 9575.887   1.001479
 9575.904   1.001647
 9575.922   1.001617
 9575.939   1.001472
 9575.957   1.001264
 9575.975   1.001019
 9575.992   1.000760
 9576.010   1.000534
 9576.027   1.000404
 9576.045   1.000411
 9576.063   1.000517
 9576.080   1.000614
 9576.098   1.000531
 9576.115   1.000117
 9576.133   0.999310
 9576.150   0.998155
 9576.168   0.996763
 9576.186   0.995253
 9576.203   0.993715
 9576.221   0.992211
 9576.238   0.990837
 9576.256   0.989750
 9576.274   0.989146
 9576.291   0.989174
 9576.309   0.989862
 9576.326   0.991050
 9576.344   0.992444
 9576.361   0.993716
 9576.379   0.994619
 9576.397   0.995071
 9576.414   0.995136
 9576.432   0.994945
 9576.449   0.994583
 9576.467   0.994053
 9576.485   0.993274
 9576.502   0.992165
 9576.520   0.990707
 9576.537   0.988982
 9576.555   0.987175
 9576.572   0.985480
 9576.590   0.984053
 9576.608   0.982912
 9576.625   0.981986
 9576.643   0.981090
 9576.660   0.980002
 9576.678   0.978504
 9576.696   0.976412
 9576.713   0.973642
 9576.731   0.970163
 9576.748   0.966055
 9576.766   0.961463
 9576.783   0.956580
 9576.801   0.951661
 9576.819   0.946963
 9576.836   0.942765
 9576.854   0.939271
 9576.871   0.936604
 9576.889   0.934740
 9576.907   0.933555
 9576.924   0.932873
 9576.942   0.932517
 9576.959   0.932369
 9576.977   0.932366
 9576.994   0.932533
 9577.012   0.932940
 9577.030   0.933753
 9577.047   0.935177
 9577.065   0.937446
 9577.082   0.940724
 9577.100   0.945042
 9577.118   0.950212
 9577.135   0.955875
 9577.153   0.961562
 9577.170   0.966804
 9577.188   0.971257
 9577.205   0.974738
 9577.223   0.977294
 9577.241   0.979085
 9577.258   0.980421
 9577.276   0.981619
 9577.293   0.982925
 9577.311   0.984438
 9577.329   0.986061
 9577.346   0.987607
 9577.364   0.988841
 9577.381   0.989676
 9577.399   0.990169
 9577.416   0.990548
 9577.434   0.991046
 9577.452   0.991820
 9577.469   0.992849
 9577.487   0.993983
 9577.504   0.994975
 9577.522   0.995611
 9577.540   0.995756
 9577.557   0.995421
 9577.575   0.994741
 9577.592   0.993927
 9577.610   0.993206
 9577.627   0.992755
 9577.645   0.992597
 9577.663   0.992645
 9577.680   0.992660
 9577.698   0.992440
 9577.715   0.991839
 9577.733   0.990883
 9577.751   0.989693
 9577.768   0.988415
 9577.786   0.987149
 9577.803   0.985851
 9577.821   0.984419
 9577.838   0.982685
 9577.856   0.980559
 9577.874   0.977994
 9577.891   0.975033
 9577.909   0.971731
 9577.926   0.968129
 9577.944   0.964213
 9577.962   0.959903
 9577.979   0.955071
 9577.997   0.949558
 9578.014   0.943221
 9578.032   0.935910
 9578.049   0.927525
 9578.067   0.917944
 9578.085   0.906944
 9578.102   0.894159
 9578.120   0.879089
 9578.137   0.861103
 9578.155   0.839656
 9578.173   0.814517
 9578.190   0.785948
 9578.208   0.754840
 9578.225   0.722989
 9578.243   0.692956
 9578.261   0.667733
 9578.278   0.650225
 9578.296   0.642544
 9578.313   0.645592
 9578.331   0.658994
 9578.348   0.681281
 9578.366   0.710145
 9578.384   0.742814
 9578.401   0.776583
 9578.419   0.809253
 9578.436   0.839177
 9578.454   0.865553
 9578.472   0.888185
 9578.489   0.907208
 9578.507   0.922935
 9578.524   0.935691
 9578.542   0.945819
 9578.559   0.953697
 9578.577   0.959751
 9578.595   0.964408
 9578.612   0.968042
 9578.630   0.970933
 9578.647   0.973216
 9578.665   0.974983
 9578.683   0.976281
 9578.700   0.977199
 9578.718   0.977850
 9578.735   0.978328
 9578.753   0.978678
 9578.770   0.978866
 9578.788   0.978828
 9578.806   0.978496
 9578.823   0.977866
 9578.841   0.977035
 9578.858   0.976157
 9578.876   0.975429
 9578.894   0.974993
 9578.911   0.974931
 9578.929   0.975194
 9578.946   0.975658
 9578.964   0.976118
 9578.981   0.976393
 9578.999   0.976367
 9579.017   0.976012
 9579.034   0.975390
 9579.052   0.974570
 9579.069   0.973606
 9579.087   0.972455
 9579.105   0.971027
 9579.122   0.969187
 9579.140   0.966840
 9579.157   0.963951
 9579.175   0.960548
 9579.192   0.956686
 9579.210   0.952378
 9579.228   0.947577
 9579.245   0.942144
 9579.263   0.935905
 9579.280   0.928690
 9579.298   0.920377
 9579.316   0.910950
 9579.333   0.900428
 9579.351   0.888818
 9579.368   0.876088
 9579.386   0.862085
 9579.403   0.846495
 9579.421   0.828881
 9579.439   0.808631
 9579.456   0.784999
 9579.474   0.757200
 9579.491   0.724485
 9579.509   0.686377
 9579.527   0.642901
 9579.544   0.594789
 9579.562   0.543803
 9579.579   0.492961
 9579.597   0.445986
 9579.614   0.406794
 9579.632   0.379013
 9579.650   0.365377
 9579.667   0.367224
 9579.685   0.384471
 9579.702   0.415572
 9579.720   0.457632
 9579.738   0.506913
 9579.755   0.559549
 9579.773   0.612160
 9579.790   0.662012
 9579.808   0.707381
 9579.825   0.747434
 9579.843   0.782038
 9579.861   0.811506
 9579.878   0.836364
 9579.896   0.857189
 9579.913   0.874556
 9579.931   0.889046
 9579.949   0.901205
 9579.966   0.911579
 9579.984   0.920608
 9580.001   0.928559
 9580.019   0.935574
 9580.036   0.941694
 9580.054   0.946948
 9580.072   0.951407
 9580.089   0.955194
 9580.107   0.958422
 9580.124   0.961142
 9580.142   0.963372
 9580.160   0.965039
 9580.177   0.966147
 9580.195   0.966748
 9580.212   0.967033
 9580.230   0.967257
 9580.247   0.967664
 9580.265   0.968438
 9580.283   0.969632
 9580.300   0.971219
 9580.318   0.973105
 9580.335   0.975230
 9580.353   0.977542
 9580.371   0.979994
 9580.388   0.982532
 9580.406   0.985060
 9580.423   0.987500
 9580.441   0.989780
 9580.458   0.991883
 9580.476   0.993791
 9580.494   0.995488
 9580.511   0.996937
 9580.529   0.998064
 9580.546   0.998861
 9580.564   0.999354
 9580.582   0.999661
 9580.599   0.999945
 9580.617   1.000364
 9580.634   1.001056
 9580.652   1.002068
 9580.669   1.003382
 9580.687   1.004892
 9580.705   1.006413
 9580.722   1.007744
 9580.740   1.008682
 9580.757   1.009135
 9580.775   1.009148
 9580.793   1.008915
 9580.810   1.008710
 9580.828   1.008781
 9580.845   1.009260
 9580.863   1.010120
 9580.880   1.011188
 9580.898   1.012246
 9580.916   1.013099
 9580.933   1.013683
 9580.951   1.014044
 9580.968   1.014341
 9580.986   1.014768
 9581.004   1.015471
 9581.021   1.016503
 9581.039   1.017785
 9581.056   1.019175
 9581.074   1.020521
 9581.092   1.021733
 9581.109   1.022806
 9581.127   1.023818
 9581.144   1.024860
 9581.162   1.025982
 9581.179   1.027156
 9581.197   1.028268
 9581.215   1.029193
 9581.232   1.029841
 9581.250   1.030221
 9581.267   1.030402
 9581.285   1.030472
 9581.303   1.030434
 9581.320   1.030170
 9581.338   1.029453
 9581.355   1.028035
 9581.373   1.025750
 9581.390   1.022653
 9581.408   1.019007
 9581.426   1.015257
 9581.443   1.011854
 9581.461   1.009139
 9581.478   1.007239
 9581.496   1.006053
 9581.514   1.005314
 9581.531   1.004676
 9581.549   1.003805
 9581.566   1.002426
 9581.584   1.000354
 9581.601   0.997483
 9581.619   0.993785
 9581.637   0.989238
 9581.654   0.983767
 9581.672   0.977111
 9581.689   0.968711
 9581.707   0.957692
 9581.725   0.942907
 9581.742   0.923042
 9581.760   0.896995
 9581.777   0.864179
 9581.795   0.824760
 9581.812   0.780182
 9581.830   0.733197
 9581.848   0.687764
 9581.865   0.648410
 9581.883   0.619607
 9581.900   0.604536
 9581.918   0.604445
 9581.936   0.618432
 9581.953   0.643710
 9581.971   0.676278
 9581.988   0.711616
 9582.006   0.745728
 9582.023   0.775609
 9582.041   0.799614
 9582.059   0.817346
 9582.076   0.829441
 9582.094   0.836834
 9582.111   0.840410
 9582.129   0.840510
 9582.147   0.836872
 9582.164   0.828683
 9582.182   0.814951
 9582.199   0.794752
 9582.217   0.767499
 9582.234   0.733177
 9582.252   0.692290
 9582.270   0.645772
 9582.287   0.594900
 9582.305   0.541117
 9582.322   0.485714
 9582.340   0.429992
 9582.358   0.375148
 9582.375   0.322264
 9582.393   0.272508
 9582.410   0.227071
 9582.428   0.187127
 9582.445   0.154013
 9582.463   0.129048
 9582.481   0.113297
 9582.498   0.107422
 9582.516   0.111307
 9582.533   0.123759
 9582.551   0.142591
 9582.569   0.164917
 9582.586   0.187559
 9582.604   0.207367
 9582.621   0.221585
 9582.639   0.228382
 9582.656   0.227293
 9582.674   0.219323
 9582.692   0.206946
 9582.709   0.193549
 9582.727   0.182998
 9582.744   0.178872
 9582.762   0.184109
 9582.780   0.200580
 9582.797   0.228898
 9582.815   0.268317
 9582.832   0.316961
 9582.850   0.372174
 9582.867   0.430934
 9582.885   0.490451
 9582.903   0.548563
 9582.920   0.603608
 9582.938   0.654687
 9582.955   0.701465
 9582.973   0.743814
 9582.991   0.781713
 9583.008   0.815115
 9583.026   0.843771
 9583.043   0.867357
 9583.061   0.885757
 9583.078   0.899256
 9583.096   0.908602
 9583.114   0.914967
 9583.131   0.919630
 9583.149   0.923779
 9583.166   0.928112
 9583.184   0.932721
 9583.202   0.937058
 9583.219   0.940202
 9583.237   0.941019
 9583.254   0.938484
 9583.272   0.931843
 9583.289   0.920721
 9583.307   0.905076
 9583.325   0.885149
 9583.342   0.861406
 9583.360   0.834374
 9583.377   0.804527
 9583.395   0.772191
 9583.413   0.737388
 9583.430   0.700003
 9583.448   0.659846
 9583.465   0.616579
 9583.483   0.570026
 9583.500   0.520324
 9583.518   0.467878
 9583.536   0.413481
 9583.553   0.358411
 9583.571   0.304152
 9583.588   0.252335
 9583.606   0.204621
 9583.624   0.162399
 9583.641   0.126689
 9583.659   0.098055
 9583.676   0.076543
 9583.694   0.061719
 9583.711   0.052921
 9583.729   0.049477
 9583.747   0.050956
 9583.764   0.057251
 9583.782   0.068583
 9583.799   0.085334
 9583.817   0.107989
 9583.835   0.136872
 9583.852   0.171874
 9583.870   0.212470
 9583.887   0.257851
 9583.905   0.306766
 9583.923   0.357657
 9583.940   0.409012
 9583.958   0.459350
 9583.975   0.507307
 9583.993   0.551870
 9584.010   0.592305
 9584.028   0.628073
 9584.046   0.658846
 9584.063   0.684354
 9584.081   0.704416
 9584.098   0.718992
 9584.116   0.728062
 9584.134   0.731634
 9584.151   0.729718
 9584.169   0.722257
 9584.186   0.709050
 9584.204   0.689691
 9584.221   0.663699
 9584.239   0.630750
 9584.257   0.590827
 9584.274   0.544506
 9584.292   0.493167
 9584.309   0.438923
 9584.327   0.384575
 9584.345   0.333359
 9584.362   0.288813
 9584.380   0.254369
 9584.397   0.232670
 9584.415   0.225385
 9584.432   0.233076
 9584.450   0.255346
 9584.468   0.290917
 9584.485   0.337656
 9584.503   0.392853
 9584.520   0.453334
 9584.538   0.515832
 9584.556   0.577507
 9584.573   0.636247
 9584.591   0.690545
 9584.608   0.739451
 9584.626   0.782666
 9584.643   0.820203
 9584.661   0.852321
 9584.679   0.879409
 9584.696   0.901872
 9584.714   0.920138
 9584.731   0.934637
 9584.749   0.945746
 9584.767   0.953820
 9584.784   0.959173
 9584.802   0.962060
 9584.819   0.962739
 9584.837   0.961572
 9584.854   0.959072
 9584.872   0.955963
 9584.890   0.953091
 9584.907   0.951337
 9584.925   0.951460
 9584.942   0.953936
 9584.960   0.958908
 9584.978   0.966124
 9584.995   0.975027
 9585.013   0.984849
 9585.030   0.994786
 9585.048   1.004145
 9585.065   1.012430
 9585.083   1.019401
 9585.101   1.025034
 9585.118   1.029417
 9585.136   1.032696
 9585.153   1.034995
 9585.171   1.036396
 9585.189   1.036963
 9585.206   1.036788
 9585.224   1.036009
 9585.241   1.034788
 9585.259   1.033296
 9585.276   1.031634
 9585.294   1.029824
 9585.312   1.027808
 9585.329   1.025484
 9585.347   1.022785
 9585.364   1.019751
 9585.382   1.016543
 9585.400   1.013412
 9585.417   1.010634
 9585.435   1.008455
 9585.452   1.006993
 9585.470   1.006236
 9585.487   1.006071
 9585.505   1.006329
 9585.523   1.006866
 9585.540   1.007571
 9585.558   1.008393
 9585.575   1.009277
 9585.593   1.010124
 9585.611   1.010781
 9585.628   1.011059
 9585.646   1.010891
 9585.663   1.010350
 9585.681   1.009699
 9585.698   1.009240
 9585.716   1.009163
 9585.734   1.009439
 9585.751   1.009788
 9585.769   1.009847
 9585.786   1.009317
 9585.804   1.008124
 9585.822   1.006430
 9585.839   1.004491
 9585.857   1.002565
 9585.874   1.000714
 9585.892   0.998861
 9585.909   0.996789
 9585.927   0.994289
 9585.945   0.991210
 9585.962   0.987466
 9585.980   0.982991
 9585.997   0.977655
 9586.015   0.971177
 9586.033   0.963069
 9586.050   0.952725
 9586.068   0.939458
 9586.085   0.922674
 9586.103   0.902254
 9586.120   0.878738
 9586.138   0.853507
 9586.156   0.828698
 9586.173   0.806972
 9586.191   0.790906
 9586.208   0.782512
 9586.226   0.782749
 9586.244   0.791431
 9586.261   0.807115
 9586.279   0.827603
 9586.296   0.850344
 9586.314   0.872922
 9586.331   0.893599
 9586.349   0.911435
 9586.367   0.926259
 9586.384   0.938368
 9586.402   0.948254
 9586.419   0.956293
 9586.437   0.962665
 9586.455   0.967445
 9586.472   0.970671
 9586.490   0.972457
 9586.507   0.973014
 9586.525   0.972639
 9586.542   0.971655
 9586.560   0.970377
 9586.578   0.969064
 9586.595   0.967924
 9586.613   0.967095
 9586.630   0.966657
 9586.648   0.966597
 9586.666   0.966798
 9586.683   0.967031
 9586.701   0.967012
 9586.718   0.966445
 9586.736   0.965133
 9586.754   0.963028
 9586.771   0.960300
 9586.789   0.957307
 9586.806   0.954527
 9586.824   0.952426
 9586.841   0.951368
 9586.859   0.951519
 9586.877   0.952825
 9586.894   0.955046
 9586.912   0.957805
 9586.929   0.960700
 9586.947   0.963381
 9586.965   0.965633
 9586.982   0.967368
 9587.000   0.968586
 9587.017   0.969317
 9587.035   0.969543
 9587.052   0.969162
 9587.070   0.968015
 9587.088   0.965911
 9587.105   0.962628
 9587.123   0.957922
 9587.140   0.951451
 9587.158   0.942898
 9587.176   0.931998
 9587.193   0.918719
 9587.211   0.903405
 9587.228   0.886797
 9587.246   0.869973
 9587.263   0.854138
 9587.281   0.840385
 9587.299   0.829566
 9587.316   0.822213
 9587.334   0.818519
 9587.351   0.818471
 9587.369   0.821930
 9587.387   0.828724
 9587.404   0.838628
 9587.422   0.851308
 9587.439   0.866266
 9587.457   0.882779
 9587.474   0.899955
 9587.492   0.916816
 9587.510   0.932483
 9587.527   0.946281
 9587.545   0.957866
 9587.562   0.967216
 9587.580   0.974562
 9587.598   0.980266
 9587.615   0.984707
 9587.633   0.988196
 9587.650   0.990978
 9587.668   0.993233
 9587.685   0.995093
 9587.703   0.996683
 9587.721   0.998094
 9587.738   0.999372
 9587.756   1.000510
 9587.773   1.001453
 9587.791   1.002135
 9587.809   1.002487
 9587.826   1.002478
 9587.844   1.002084
 9587.861   1.001315
 9587.879   1.000209
 9587.896   0.998826
 9587.914   0.997259
 9587.932   0.995576
 9587.949   0.993799
 9587.967   0.991832
 9587.984   0.989488
 9588.002   0.986566
 9588.020   0.982896
 9588.037   0.978430
 9588.055   0.973148
 9588.072   0.966972
 9588.090   0.959618
 9588.107   0.950567
 9588.125   0.939198
 9588.143   0.924935
 9588.160   0.907592
 9588.178   0.887525
 9588.195   0.865777
 9588.213   0.843893
 9588.231   0.823613
 9588.248   0.806628
 9588.266   0.794103
 9588.283   0.786477
 9588.301   0.783353
 9588.318   0.783565
 9588.336   0.785251
 9588.354   0.786137
 9588.371   0.783738
 9588.389   0.775778
 9588.406   0.760537
 9588.424   0.737173
 9588.442   0.705919
 9588.459   0.668272
 9588.477   0.626884
 9588.494   0.585413
 9588.512   0.548114
 9588.529   0.519355
 9588.547   0.502726
 9588.565   0.500505
 9588.582   0.513143
 9588.600   0.539407
 9588.617   0.576457
 9588.635   0.620631
 9588.653   0.668089
 9588.670   0.715314
 9588.688   0.759595
 9588.705   0.799154
 9588.723   0.833134
 9588.740   0.861417
 9588.758   0.884338
 9588.776   0.902390
 9588.793   0.916142
 9588.811   0.926077
 9588.828   0.932581
 9588.846   0.935862
 9588.864   0.936038
 9588.881   0.933231
 9588.899   0.927695
 9588.916   0.920026
 9588.934   0.911170
 9588.951   0.902419
 9588.969   0.895182
 9588.987   0.890764
 9589.004   0.890079
 9589.022   0.893498
 9589.039   0.900800
 9589.057   0.911295
 9589.075   0.923976
 9589.092   0.937635
 9589.110   0.951074
 9589.127   0.963256
 9589.145   0.973449
 9589.162   0.981335
 9589.180   0.986978
 9589.198   0.990742
 9589.215   0.993104
 9589.233   0.994446
 9589.250   0.994938
 9589.268   0.994548
 9589.286   0.993127
 9589.303   0.990582
 9589.321   0.986895
 9589.338   0.982157
 9589.356   0.976448
 9589.373   0.969777
 9589.391   0.962034
 9589.409   0.953016
 9589.426   0.942475
 9589.444   0.930188
 9589.461   0.915939
 9589.479   0.899494
 9589.497   0.880473
 9589.514   0.858314
 9589.532   0.832236
 9589.549   0.801424
 9589.567   0.765099
 9589.585   0.722784
 9589.602   0.674474
 9589.620   0.620819
 9589.637   0.563192
 9589.655   0.503951
 9589.672   0.446157
 9589.690   0.393410
 9589.708   0.349497
 9589.725   0.317879
 9589.743   0.301241
 9589.760   0.301146
 9589.778   0.317708
 9589.796   0.349604
 9589.813   0.394105
 9589.831   0.447774
 9589.848   0.506823
 9589.866   0.567504
 9589.883   0.626580
 9589.901   0.681612
 9589.919   0.730907
 9589.936   0.773571
 9589.954   0.809591
 9589.971   0.839524
 9589.989   0.864269
 9590.007   0.884855
 9590.024   0.902261
 9590.042   0.917304
 9590.059   0.930670
 9590.077   0.942917
 9590.094   0.954471
 9590.112   0.965599
 9590.130   0.976438
 9590.147   0.986937
 9590.165   0.996935
 9590.182   1.006228
 9590.200   1.014648
 9590.218   1.022108
 9590.235   1.028562
 9590.253   1.034032
 9590.270   1.038577
 9590.288   1.042293
 9590.305   1.045343
 9590.323   1.047884
 9590.341   1.050074
 9590.358   1.051933
 9590.376   1.053391
 9590.393   1.054310
 9590.411   1.054605
 9590.429   1.054330
 9590.446   1.053680
 9590.464   1.052918
 9590.481   1.052253
 9590.499   1.051719
 9590.516   1.051207
 9590.534   1.050463
 9590.552   1.049249
 9590.569   1.047358
 9590.587   1.044677
 9590.604   1.041161
 9590.622   1.036741
 9590.640   1.031338
 9590.657   1.024812
 9590.675   1.017008
 9590.692   1.007763
 9590.710   0.996914
 9590.727   0.984345
 9590.745   0.969822
 9590.763   0.953049
 9590.780   0.933546
 9590.798   0.910698
 9590.815   0.883728
 9590.833   0.851831
 9590.851   0.814303
 9590.868   0.770659
 9590.886   0.720863
 9590.903   0.665699
 9590.921   0.607000
 9590.938   0.547582
 9590.956   0.490955
 9590.974   0.440753
 9590.991   0.400179
 9591.009   0.371361
 9591.026   0.355039
 9591.044   0.350319
 9591.062   0.354656
 9591.079   0.364114
 9591.097   0.373961
 9591.114   0.379684
 9591.132   0.377842
 9591.149   0.366730
 9591.167   0.346550
 9591.185   0.319282
 9591.202   0.288423
 9591.220   0.258469
 9591.237   0.234253
 9591.255   0.219909
 9591.273   0.218135
 9591.290   0.229874
 9591.308   0.254264
 9591.325   0.288949
 9591.343   0.330377
 9591.360   0.374481
 9591.378   0.417116
 9591.396   0.454667
 9591.413   0.484323
 9591.431   0.504370
 9591.448   0.513899
 9591.466   0.512690
 9591.484   0.501030
 9591.501   0.479657
 9591.519   0.449693
 9591.536   0.412621
 9591.554   0.370209
 9591.571   0.324541
 9591.589   0.277865
 9591.607   0.232400
 9591.624   0.190175
 9591.642   0.152904
 9591.659   0.121956
 9591.677   0.098463
 9591.695   0.083203
 9591.712   0.076607
 9591.730   0.078811
 9591.747   0.089748
 9591.765   0.109201
 9591.782   0.136810
 9591.800   0.172018
 9591.818   0.214018
 9591.835   0.261534
 9591.853   0.312770
 9591.870   0.365757
 9591.888   0.418469
 9591.906   0.468902
 9591.923   0.515219
 9591.941   0.555904
 9591.958   0.589593
 9591.976   0.615091
 9591.993   0.631438
 9592.011   0.638030
 9592.029   0.634673
 9592.046   0.621731
 9592.064   0.600370
 9592.081   0.572619
 9592.099   0.541427
 9592.117   0.510566
 9592.134   0.484235
 9592.152   0.466450
 9592.169   0.460281
 9592.187   0.467399
 9592.204   0.487827
 9592.222   0.520282
 9592.240   0.562481
 9592.257   0.611526
 9592.275   0.664157
 9592.292   0.717105
 9592.310   0.767672
 9592.328   0.813928
 9592.345   0.854662
 9592.363   0.889360
 9592.380   0.918002
 9592.398   0.940723
 9592.415   0.957709
 9592.433   0.969183
 9592.451   0.975390
 9592.468   0.976635
 9592.486   0.973336
 9592.503   0.965953
 9592.521   0.954811
 9592.539   0.939982
 9592.556   0.921164
 9592.574   0.897738
 9592.591   0.868855
 9592.609   0.833582
 9592.627   0.791014
 9592.644   0.740642
 9592.662   0.682665
 9592.679   0.617937
 9592.697   0.548134
 9592.714   0.475728
 9592.732   0.403734
 9592.750   0.335483
 9592.767   0.274530
 9592.785   0.224248
 9592.802   0.187438
 9592.820   0.165911
 9592.838   0.160566
 9592.855   0.171355
 9592.873   0.197508
 9592.890   0.237625
 9592.908   0.289739
 9592.925   0.351368
 9592.943   0.419849
 9592.961   0.492204
 9592.978   0.565225
 9592.996   0.636150
 9593.013   0.702864
 9593.031   0.763794
 9593.049   0.818071
 9593.066   0.865406
 9593.084   0.905962
 9593.101   0.940196
 9593.119   0.968822
 9593.136   0.992654
 9593.154   1.012514
 9593.172   1.029112
 9593.189   1.043028
 9593.207   1.054633
 9593.224   1.064158
 9593.242   1.071763
 9593.260   1.077668
 9593.277   1.082142
 9593.295   1.085480
 9593.312   1.087932
 9593.330   1.089594
 9593.347   1.090396
 9593.365   1.090112
 9593.383   1.088454
 9593.400   1.085172
 9593.418   1.080112
 9593.435   1.073260
 9593.453   1.064630
 9593.471   1.054272
 9593.488   1.042173
 9593.506   1.028248
 9593.523   1.012346
 9593.541   0.994317
 9593.558   0.973878
 9593.576   0.950588
 9593.594   0.923887
 9593.611   0.893016
 9593.629   0.857039
 9593.646   0.815120
 9593.664   0.766674
 9593.682   0.711454
 9593.699   0.649772
 9593.717   0.582742
 9593.734   0.512214
 9593.752   0.440641
 9593.769   0.371041
 9593.787   0.306810
 9593.805   0.251411
 9593.822   0.208040
 9593.840   0.179279
 9593.857   0.166863
 9593.875   0.171518
 9593.893   0.192820
 9593.910   0.229222
 9593.928   0.278290
 9593.945   0.337083
 9593.963   0.402195
 9593.980   0.470083
 9593.998   0.537504
 9594.016   0.601597
 9594.033   0.660005
 9594.051   0.711157
 9594.068   0.754348
 9594.086   0.789700
 9594.104   0.817786
 9594.121   0.839559
 9594.139   0.856231
 9594.156   0.869009
 9594.174   0.878824
 9594.191   0.886218
 9594.209   0.891227
 9594.227   0.893523
 9594.244   0.892672
 9594.262   0.888358
 9594.279   0.880513
 9594.297   0.869235
 9594.315   0.854615
 9594.332   0.836580
 9594.350   0.814736
 9594.367   0.788403
 9594.385   0.756712
 9594.402   0.718826
 9594.420   0.674265
 9594.438   0.623230
 9594.455   0.566801
 9594.473   0.507259
 9594.490   0.448006
 9594.508   0.393154
 9594.526   0.346963
 9594.543   0.313416
 9594.561   0.295496
 9594.578   0.294782
 9594.596   0.311141
 9594.613   0.342772
 9594.631   0.386411
 9594.649   0.437945
 9594.666   0.493057
 9594.684   0.547849
 9594.701   0.599135
 9594.719   0.644497
 9594.737   0.682291
 9594.754   0.711713
 9594.772   0.732549
 9594.789   0.745044
 9594.807   0.749657
 9594.824   0.746963
 9594.842   0.737437
 9594.860   0.721398
 9594.877   0.698920
 9594.895   0.670032
 9594.912   0.634797
 9594.930   0.593414
 9594.948   0.546385
 9594.965   0.494550
 9594.983   0.439134
 9595.000   0.381778
 9595.018   0.324421
 9595.035   0.269238
 9595.053   0.218585
 9595.071   0.174586
 9595.088   0.138856
 9595.106   0.112551
 9595.123   0.096411
 9595.141   0.090716
 9595.159   0.095506
 9595.176   0.110655
 9595.194   0.135886
 9595.211   0.170562
 9595.229   0.213681
 9595.246   0.263952
 9595.264   0.319730
 9595.282   0.379105
 9595.299   0.440143
 9595.317   0.500927
 9595.334   0.559707
 9595.352   0.615039
 9595.370   0.665964
 9595.387   0.711973
 9595.405   0.752985
 9595.422   0.789118
 9595.440   0.820703
 9595.458   0.848173
 9595.475   0.871914
 9595.493   0.892311
 9595.510   0.909747
 9595.528   0.924535
 9595.545   0.937025
 9595.563   0.947639
 9595.581   0.956828
 9595.598   0.965086
 9595.616   0.972867
 9595.633   0.980419
 9595.651   0.987725
 9595.669   0.994466
 9595.686   1.000272
 9595.704   1.004826
 9595.721   1.008116
 9595.739   1.010420
 9595.756   1.012160
 9595.774   1.013802
 9595.792   1.015534
 9595.809   1.017443
 9595.827   1.019463
 9595.844   1.021591
 9595.862   1.023917
 9595.880   1.026516
 9595.897   1.029387
 9595.915   1.032276
 9595.932   1.034800
 9595.950   1.036575
 9595.967   1.037385
 9595.985   1.037321
 9596.003   1.036657
 9596.020   1.035767
 9596.038   1.034897
 9596.055   1.034175
 9596.073   1.033629
 9596.091   1.033273
 9596.108   1.033157
 9596.126   1.033286
 9596.143   1.033545
 9596.161   1.033650
 9596.178   1.033220
 9596.196   1.031918
 9596.214   1.029594
 9596.231   1.026276
 9596.249   1.022143
 9596.266   1.017396
 9596.284   1.012194
 9596.302   1.006628
 9596.319   1.000735
 9596.337   0.994562
 9596.354   0.988172
 9596.372   0.981577
 9596.389   0.974669
 9596.407   0.967163
 9596.425   0.958604
 9596.442   0.948409
 9596.460   0.936086
 9596.477   0.921324
 9596.495   0.904065
 9596.513   0.884489
 9596.530   0.862888
 9596.548   0.839312
 9596.565   0.813418
 9596.583   0.784509
 9596.600   0.751519
 9596.618   0.713294
 9596.636   0.668868
 9596.653   0.617973
 9596.671   0.561325
 9596.688   0.500753
 9596.706   0.439131
 9596.724   0.380375
 9596.741   0.328848
 9596.759   0.288542
 9596.776   0.262765
 9596.794   0.253582
 9596.811   0.261577
 9596.829   0.285720
 9596.847   0.323687
 9596.864   0.372136
 9596.882   0.427299
 9596.899   0.485408
 9596.917   0.543132
 9596.935   0.597707
 9596.952   0.647180
 9596.970   0.690207
 9596.987   0.726086
 9597.005   0.754807
 9597.022   0.776769
 9597.040   0.792453
 9597.058   0.802299
 9597.075   0.806571
 9597.093   0.805292
 9597.110   0.798253
 9597.128   0.785087
 9597.146   0.765463
 9597.163   0.739168
 9597.181   0.706285
 9597.198   0.667383
 9597.216   0.623540
 9597.233   0.576366
 9597.251   0.528125
 9597.269   0.481505
 9597.286   0.439501
 9597.304   0.404973
 9597.321   0.380183
 9597.339   0.366271
 9597.357   0.363109
 9597.374   0.369046
 9597.392   0.381300
 9597.409   0.396425
 9597.427   0.411247
 9597.444   0.423602
 9597.462   0.432941
 9597.480   0.440415
 9597.497   0.448543
 9597.515   0.460348
 9597.532   0.478564
 9597.550   0.505008
 9597.568   0.539956
 9597.585   0.582268
 9597.603   0.629461
 9597.620   0.678521
 9597.638   0.726514
 9597.655   0.770965
 9597.673   0.810197
 9597.691   0.843498
 9597.708   0.870756
 9597.726   0.892232
 9597.743   0.908454
 9597.761   0.920051
 9597.779   0.927621
 9597.796   0.931841
 9597.814   0.933525
 9597.831   0.933667
 9597.849   0.933336
 9597.866   0.933513
 9597.884   0.934881
 9597.902   0.937728
 9597.919   0.941893
 9597.937   0.946901
 9597.954   0.952113
 9597.972   0.956898
 9597.990   0.960808
 9598.007   0.963666
 9598.025   0.965619
 9598.042   0.967076
 9598.060   0.968621
 9598.077   0.970775
 9598.095   0.973833
 9598.113   0.977724
 9598.130   0.982132
 9598.148   0.986601
 9598.165   0.990774
 9598.183   0.994513
 9598.201   0.997833
 9598.218   1.000858
 9598.236   1.003661
 9598.253   1.006268
 9598.271   1.008661
 9598.289   1.010820
 9598.306   1.012774
 9598.324   1.014571
 9598.341   1.016223
 9598.359   1.017693
 9598.376   1.018852
 9598.394   1.019572
 9598.412   1.019765
 9598.429   1.019459
 9598.447   1.018760
 9598.464   1.017776
 9598.482   1.016563
 9598.500   1.015099
 9598.517   1.013362
 9598.535   1.011422
 9598.552   1.009434
 9598.570   1.007630
 9598.587   1.006164
 9598.605   1.005038
 9598.623   1.004041
 9598.640   1.002829
 9598.658   1.001037
 9598.675   0.998376
 9598.693   0.994653
 9598.711   0.989802
 9598.728   0.983755
 9598.746   0.976407
 9598.763   0.967563
 9598.781   0.956941
 9598.798   0.944183
 9598.816   0.928867
 9598.834   0.910665
 9598.851   0.889356
 9598.869   0.864879
 9598.886   0.837408
 9598.904   0.807481
 9598.922   0.776069
 9598.939   0.744424
 9598.957   0.714076
 9598.974   0.686636
 9598.992   0.663456
 9599.009   0.645541
 9599.027   0.633598
 9599.045   0.628118
 9599.062   0.629448
 9599.080   0.637743
 9599.097   0.652882
 9599.115   0.674202
 9599.133   0.700513
 9599.150   0.730083
 9599.168   0.760990
 9599.185   0.791409
 9599.203   0.819957
 9599.220   0.845791
 9599.238   0.868469
 9599.256   0.887893
 9599.273   0.904030
 9599.291   0.916930
 9599.308   0.926812
 9599.326   0.934062
 9599.344   0.939281
 9599.361   0.943239
 9599.379   0.946802
 9599.396   0.950723
 9599.414   0.955537
 9599.431   0.961514
 9599.449   0.968597
 9599.467   0.976515
 9599.484   0.984825
 9599.502   0.993044
 9599.519   1.000689
 9599.537   1.007425
 9599.555   1.013063
 9599.572   1.017633
 9599.590   1.021236
 9599.607   1.024047
 9599.625   1.026191
 9599.642   1.027782
 9599.660   1.028897
 9599.678   1.029643
 9599.695   1.030148
 9599.713   1.030512
 9599.730   1.030732
 9599.748   1.030669
 9599.766   1.030063
 9599.783   1.028674
 9599.801   1.026409
 9599.818   1.023338
 9599.836   1.019674
 9599.853   1.015531
 9599.871   1.010849
 9599.889   1.005325
 9599.906   0.998560
 9599.924   0.990186
 9599.941   0.979944
 9599.959   0.967692
 9599.977   0.953224
 9599.994   0.936063
 9600.012   0.915376
 9600.029   0.890056
 9600.047   0.858759
 9600.064   0.820264
 9600.082   0.773767
 9600.100   0.719057
 9600.117   0.656782
 9600.135   0.588730
 9600.152   0.518107
 9600.170   0.449295
 9600.188   0.387597
 9600.205   0.338314
 9600.223   0.306019
 9600.240   0.293527
 9600.258   0.301472
 9600.275   0.328072
 9600.293   0.369648
 9600.311   0.421226
 9600.328   0.477186
 9600.346   0.531984
 9600.363   0.581051
 9600.381   0.621006
 9600.399   0.649608
 9600.416   0.665812
 9600.434   0.669438
 9600.451   0.660855
 9600.469   0.640910
 9600.486   0.611003
 9600.504   0.573199
 9600.522   0.530472
 9600.539   0.486716
 9600.557   0.446285
 9600.574   0.413648
 9600.592   0.392856
 9600.610   0.386850
 9600.627   0.396995
 9600.645   0.422845
 9600.662   0.462283
 9600.680   0.511950
 9600.697   0.567876
 9600.715   0.626058
 9600.733   0.683126
 9600.750   0.736520
 9600.768   0.784610
 9600.785   0.826567
 9600.803   0.862263
 9600.821   0.892120
 9600.838   0.916747
 9600.856   0.936770
 9600.873   0.952843
 9600.891   0.965593
 9600.908   0.975589
 9600.926   0.983374
 9600.944   0.989468
 9600.961   0.994155
 9600.979   0.997515
 9600.996   0.999436
 9601.014   0.999751
 9601.032   0.998388
 9601.049   0.995422
 9601.067   0.991080
 9601.084   0.985532
 9601.102   0.978773
 9601.120   0.970539
 9601.137   0.960369
 9601.155   0.947806
 9601.172   0.932491
 9601.190   0.914230
 9601.207   0.892923
 9601.225   0.868368
 9601.243   0.840118
 9601.260   0.807527
 9601.278   0.770000
 9601.295   0.726967
 9601.313   0.678186
 9601.331   0.623967
 9601.348   0.565131
 9601.366   0.502917
 9601.383   0.439253
 9601.401   0.376588
 9601.418   0.317603
 9601.436   0.265097
 9601.454   0.221777
 9601.471   0.190074
 9601.489   0.171808
 9601.506   0.167959
 9601.524   0.178650
 9601.542   0.203134
 9601.559   0.239983
 9601.577   0.287134
 9601.594   0.341961
 9601.612   0.401715
 9601.629   0.463787
 9601.647   0.525614
 9601.665   0.585054
 9601.682   0.640587
 9601.700   0.691183
 9601.717   0.736244
 9601.735   0.775641
 9601.753   0.809480
 9601.770   0.837992
 9601.788   0.861485
 9601.805   0.880363
 9601.823   0.895082
 9601.840   0.906102
 9601.858   0.913892
 9601.876   0.918963
 9601.893   0.921759
 9601.911   0.922538
 9601.928   0.921334
 9601.946   0.917937
 9601.964   0.911925
 9601.981   0.902800
 9601.999   0.890154
 9602.016   0.873983
 9602.034   0.854843
 9602.051   0.834084
 9602.069   0.813694
 9602.087   0.795994
 9602.104   0.783241
 9602.122   0.777223
 9602.139   0.779051
 9602.157   0.788913
 9602.175   0.806043
 9602.192   0.828756
 9602.210   0.854653
 9602.227   0.881140
 9602.245   0.906014
 9602.262   0.927642
 9602.280   0.945106
 9602.298   0.958181
 9602.315   0.967153
 9602.333   0.972569
 9602.350   0.975125
 9602.368   0.975569
 9602.386   0.974680
 9602.403   0.973270
 9602.421   0.972143
 9602.438   0.972057
 9602.456   0.973607
 9602.473   0.977131
 9602.491   0.982631
 9602.509   0.989707
 9602.526   0.997663
 9602.544   1.005665
 9602.561   1.013017
 9602.579   1.019282
 9602.597   1.024290
 9602.614   1.028077
 9602.632   1.030763
 9602.649   1.032464
 9602.667   1.033267
 9602.684   1.033208
 9602.702   1.032292
 9602.720   1.030509
 9602.737   1.027868
 9602.755   1.024350
 9602.772   1.019896
 9602.790   1.014364
 9602.808   1.007538
 9602.825   0.999151
 9602.843   0.988995
 9602.860   0.976958
 9602.878   0.963087
 9602.895   0.947740
 9602.913   0.931573
 9602.931   0.915544
 9602.948   0.900745
 9602.966   0.888218
 9602.983   0.878672
 9603.001   0.872387
 9603.019   0.868997
 9603.036   0.867488
 9603.054   0.866333
 9603.071   0.863886
 9603.089   0.858880
 9603.106   0.850745
 9603.124   0.839774
 9603.142   0.827006
 9603.159   0.814082
 9603.177   0.803034
 9603.194   0.795929
 9603.212   0.794529
 9603.230   0.799734
 9603.247   0.811411
 9603.265   0.828414
 9603.282   0.848998
 9603.300   0.871184
 9603.317   0.893139
 9603.335   0.913341
 9603.353   0.930773
 9603.370   0.944962
 9603.388   0.955922
 9603.405   0.964006
 9603.423   0.969708
 9603.441   0.973492
 9603.458   0.975677
 9603.476   0.976401
 9603.493   0.975659
 9603.511   0.973338
 9603.528   0.969270
 9603.546   0.963253
 9603.564   0.955048
 9603.581   0.944338
 9603.599   0.930567
 9603.616   0.912858
 9603.634   0.889997
 9603.652   0.860720
 9603.669   0.824241
 9603.687   0.780748
 9603.704   0.731806
 9603.722   0.680377
 9603.739   0.630499
 9603.757   0.586694
 9603.775   0.553796
 9603.792   0.535924
 9603.810   0.535683
 9603.827   0.553207
 9603.845   0.586284
 9603.863   0.630585
 9603.880   0.680940
 9603.898   0.732366
 9603.915   0.780805
 9603.933   0.823411
 9603.951   0.858640
 9603.968   0.886230
 9603.986   0.906817
 9604.003   0.921508
 9604.021   0.931574
 9604.038   0.938294
 9604.056   0.942737
 9604.074   0.945769
 9604.091   0.947922
 9604.109   0.949500
 9604.126   0.950622
 9604.144   0.951361
 9604.162   0.951816
 9604.179   0.952134
 9604.197   0.952478
 9604.214   0.953019
 9604.232   0.953923
 9604.249   0.955364
 9604.267   0.957496
 9604.285   0.960401
 9604.302   0.964058
 9604.320   0.968267
 9604.337   0.972675
 9604.355   0.976803
 9604.373   0.980256
 9604.390   0.982812
 9604.408   0.984524
 9604.425   0.985635
 9604.443   0.986442
 9604.460   0.987123
 9604.478   0.987719
 9604.496   0.988193
 9604.513   0.988539
 9604.531   0.988818
 9604.548   0.989134
 9604.566   0.989538
 9604.584   0.990003
 9604.601   0.990453
 9604.619   0.990859
 9604.636   0.991281
 9604.654   0.991848
 9604.671   0.992633
 9604.689   0.993635
 9604.707   0.994732
 9604.724   0.995777
 9604.742   0.996665
 9604.759   0.997315
 9604.777   0.997718
 9604.795   0.997850
 9604.812   0.997731
 9604.830   0.997397
 9604.847   0.996897
 9604.865   0.996309
 9604.882   0.995678
 9604.900   0.995056
 9604.918   0.994458
 9604.935   0.993863
 9604.953   0.993200
 9604.970   0.992359
 9604.988   0.991317
 9605.006   0.990174
 9605.023   0.989200
 9605.041   0.988715
 9605.058   0.988914
 9605.076   0.989785
 9605.093   0.991073
 9605.111   0.992492
 9605.129   0.993797
 9605.146   0.994909
 9605.164   0.995860
 9605.181   0.996722
 9605.199   0.997566
 9605.217   0.998406
 9605.234   0.999252
 9605.252   1.000051
 9605.269   1.000728
 9605.287   1.001216
 9605.304   1.001473
 9605.322   1.001559
 9605.340   1.001583
 9605.357   1.001703
 9605.375   1.002035
 9605.392   1.002652
 9605.410   1.003518
 9605.428   1.004524
 9605.445   1.005468
 9605.463   1.006116
 9605.480   1.006273
 9605.498   1.005862
 9605.515   1.004987
 9605.533   1.003810
 9605.551   1.002513
 9605.568   1.001076
 9605.586   0.999392
 9605.603   0.997248
 9605.621   0.994502
 9605.639   0.991062
 9605.656   0.986851
 9605.674   0.981705
 9605.691   0.975320
 9605.709   0.967327
 9605.726   0.957358
 9605.744   0.945173
 9605.762   0.930830
 9605.779   0.914761
 9605.797   0.897906
 9605.814   0.881613
 9605.832   0.867439
 9605.850   0.856815
 9605.867   0.850662
 9605.885   0.849165
 9605.902   0.851493
 9605.920   0.856008
 9605.937   0.860470
 9605.955   0.862560
 9605.973   0.860256
 9605.990   0.852202
 9606.008   0.837866
 9606.025   0.817737
 9606.043   0.793376
 9606.061   0.767435
 9606.078   0.743391
 9606.096   0.725041
 9606.113   0.715697
 9606.131   0.717542
 9606.148   0.731088
 9606.166   0.755077
 9606.184   0.786700
 9606.201   0.822327
 9606.219   0.858368
 9606.236   0.891940
 9606.254   0.921285
 9606.272   0.945639
 9606.289   0.965068
 9606.307   0.980048
 9606.324   0.991316
 9606.342   0.999671
 9606.359   1.005930
 9606.377   1.010781
 9606.395   1.014616
 9606.412   1.017618
 9606.430   1.019794
 9606.447   1.021205
 9606.465   1.022035
 9606.483   1.022562
 9606.500   1.023043
 9606.518   1.023542
 9606.535   1.023954
 9606.553   1.024075
 9606.570   1.023755
 9606.588   1.022972
 9606.606   1.021814
 9606.623   1.020385
 9606.641   1.018747
 9606.658   1.016863
 9606.676   1.014625
 9606.694   1.011943
 9606.711   1.008742
 9606.729   1.005060
 9606.746   1.000946
 9606.764   0.996438
 9606.782   0.991485
 9606.799   0.985921
 9606.817   0.979533
 9606.834   0.972023
 9606.852   0.963138
 9606.869   0.952638
 9606.887   0.940286
 9606.905   0.925691
 9606.922   0.908299
 9606.940   0.887397
 9606.957   0.862282
 9606.975   0.832344
 9606.993   0.797144
 9607.010   0.756475
 9607.028   0.710310
 9607.045   0.658862
 9607.063   0.602890
 9607.080   0.543770
 9607.098   0.483600
 9607.116   0.425135
 9607.133   0.371657
 9607.151   0.326417
 9607.168   0.292342
 9607.186   0.271783
 9607.204   0.266212
 9607.221   0.275787
 9607.239   0.299342
 9607.256   0.334428
 9607.274   0.377660
 9607.291   0.425343
 9607.309   0.473955
 9607.327   0.520474
 9607.344   0.562551
 9607.362   0.598603
 9607.379   0.627639
 9607.397   0.649092
 9607.415   0.662798
 9607.432   0.668859
 9607.450   0.667543
 9607.467   0.659163
 9607.485   0.644077
 9607.502   0.622624
 9607.520   0.595130
 9607.538   0.561885
 9607.555   0.523236
 9607.573   0.479731
 9607.590   0.432136
 9607.608   0.381713
 9607.626   0.330043
 9607.643   0.278923
 9607.661   0.230187
 9607.678   0.185541
 9607.696   0.146348
 9607.713   0.113529
 9607.731   0.087691
 9607.749   0.069144
 9607.766   0.057947
 9607.784   0.054043
 9607.801   0.057391
 9607.819   0.067942
 9607.837   0.085636
 9607.854   0.110310
 9607.872   0.141603
 9607.889   0.179007
 9607.907   0.221884
 9607.924   0.269384
 9607.942   0.320373
 9607.960   0.373546
 9607.977   0.427558
 9607.995   0.481146
 9608.012   0.533163
 9608.030   0.582826
 9608.048   0.629706
 9608.065   0.673577
 9608.083   0.714326
 9608.100   0.752026
 9608.118   0.786694
 9608.135   0.818210
 9608.153   0.846416
 9608.171   0.871146
 9608.188   0.892330
 9608.206   0.910109
 9608.223   0.924952
 9608.241   0.937450
 9608.259   0.948169
 9608.276   0.957487
 9608.294   0.965535
 9608.311   0.972264
 9608.329   0.977490
 9608.346   0.981102
 9608.364   0.983079
 9608.382   0.983515
 9608.399   0.982528
 9608.417   0.980153
 9608.434   0.976295
 9608.452   0.970644
 9608.470   0.962762
 9608.487   0.952137
 9608.505   0.938360
 9608.522   0.921112
 9608.540   0.900216
 9608.557   0.875467
 9608.575   0.846556
 9608.593   0.812952
 9608.610   0.774001
 9608.628   0.729174
 9608.645   0.678352
 9608.663   0.621977
 9608.681   0.561308
 9608.698   0.498399
 9608.716   0.435937
 9608.733   0.377187
 9608.751   0.325869
 9608.768   0.285558
 9608.786   0.259262
 9608.804   0.249066
 9608.821   0.255844
 9608.839   0.278935
 9608.856   0.316413
 9608.874   0.365302
 9608.892   0.422088
 9608.909   0.483074
 9608.927   0.544831
 9608.944   0.604487
 9608.962   0.659999
 9608.979   0.710364
 9608.997   0.755304
 9609.015   0.794924
 9609.032   0.829498
 9609.050   0.859373
 9609.067   0.884873
 9609.085   0.906364
 9609.103   0.924352
 9609.120   0.939180
 9609.138   0.950965
 9609.155   0.959568
 9609.173   0.964724
 9609.190   0.966254
 9609.208   0.964342
 9609.226   0.959614
 9609.243   0.953066
 9609.261   0.945860
 9609.278   0.939167
 9609.296   0.934000
 9609.314   0.931166
 9609.331   0.931242
 9609.349   0.934429
 9609.366   0.940563
 9609.384   0.949085
 9609.401   0.959186
 9609.419   0.969986
 9609.437   0.980623
 9609.454   0.990489
 9609.472   0.999216
 9609.489   1.006708
 9609.507   1.013050
 9609.525   1.018369
 9609.542   1.022782
 9609.560   1.026259
 9609.577   1.028782
 9609.595   1.030373
 9609.613   1.031217
 9609.630   1.031583
 9609.648   1.031714
 9609.665   1.031740
 9609.683   1.031637
 9609.700   1.031335
 9609.718   1.030732
 9609.736   1.029825
 9609.753   1.028520
 9609.771   1.026726
 9609.788   1.024289
 9609.806   1.021175
 9609.824   1.017557
 9609.841   1.013916
 9609.859   1.010852
 9609.876   1.008947
 9609.894   1.008454
 9609.911   1.009255
 9609.929   1.010930
 9609.947   1.012949
 9609.964   1.014896
 9609.982   1.016586
 9609.999   1.018031
 9610.017   1.019353
 9610.035   1.020582
 9610.052   1.021561
 9610.070   1.021955
 9610.087   1.021402
 9610.105   1.019654
 9610.122   1.016683
 9610.140   1.012604
 9610.158   1.007592
 9610.175   1.001717
 9610.193   0.994910
 9610.210   0.986891
 9610.228   0.977135
 9610.246   0.964949
 9610.263   0.949628
 9610.281   0.930615
 9610.298   0.907649
 9610.316   0.880769
 9610.333   0.850242
 9610.351   0.816324
 9610.369   0.779421
 9610.386   0.740101
 9610.404   0.699188
 9610.421   0.657962
 9610.439   0.618077
 9610.457   0.581434
 9610.474   0.550030
 9610.492   0.525858
 9610.509   0.510382
 9610.527   0.504307
 9610.544   0.507279
 9610.562   0.517953
 9610.580   0.534123
 9610.597   0.553198
 9610.615   0.572681
 9610.632   0.590466
 9610.650   0.605056
 9610.668   0.615419
 9610.685   0.620823
 9610.703   0.620590
 9610.720   0.614096
 9610.738   0.600910
 9610.755   0.581201
 9610.773   0.556192
 9610.791   0.528333
 9610.808   0.501271
 9610.826   0.479168
 9610.843   0.465978
 9610.861   0.464662
 9610.879   0.476425
 9610.896   0.500595
 9610.914   0.534702
 9610.931   0.575211
 9610.949   0.618214
 9610.966   0.660408
 9610.984   0.699495
 9611.002   0.734309
 9611.019   0.764790
 9611.037   0.791775
 9611.054   0.816388
 9611.072   0.839670
 9611.090   0.862281
 9611.107   0.884267
 9611.125   0.905224
 9611.142   0.924561
 9611.160   0.941858
 9611.177   0.956876
 9611.195   0.969570
 9611.213   0.980008
 9611.230   0.988334
 9611.248   0.994762
 9611.265   0.999553
 9611.283   1.003035
 9611.301   1.005435
 9611.318   1.006872
 9611.336   1.007277
 9611.353   1.006561
 9611.371   1.004607
 9611.388   1.001396
 9611.406   0.997009
 9611.424   0.991636
 9611.441   0.985591
 9611.459   0.979285
 9611.476   0.973185
 9611.494   0.967766
 9611.512   0.963469
 9611.529   0.960702
 9611.547   0.959827
 9611.564   0.961103
 9611.582   0.964588
 9611.599   0.970057
 9611.617   0.976961
 9611.635   0.984549
 9611.652   0.992095
 9611.670   0.999035
 9611.687   1.005072
 9611.705   1.010075
 9611.723   1.013982
 9611.740   1.016692
 9611.758   1.018124
 9611.775   1.018344
 9611.793   1.017580
 9611.810   1.016199
 9611.828   1.014468
 9611.846   1.012438
 9611.863   1.009862
 9611.881   1.006379
 9611.898   1.001726
 9611.916   0.995867
 9611.934   0.989015
 9611.951   0.981432
 9611.969   0.973206
 9611.986   0.964344
 9612.004   0.954881
 9612.021   0.945188
 9612.039   0.936071
 9612.057   0.928641
 9612.074   0.923927
 9612.092   0.922385
 9612.109   0.923733
 9612.127   0.927081
 9612.145   0.931266
 9612.162   0.935307
 9612.180   0.938527
 9612.197   0.940559
 9612.215   0.941187
 9612.232   0.940185
 9612.250   0.937325
 9612.268   0.932390
 9612.285   0.925294
 9612.303   0.916119
 9612.320   0.904938
 9612.338   0.891730
 9612.356   0.876211
 9612.373   0.857942
 9612.391   0.836328
 9612.408   0.810833
 9612.426   0.781130
 9612.444   0.746913
 9612.461   0.707863
 9612.479   0.663568
 9612.496   0.613954
 9612.514   0.559483
 9612.531   0.501209
 9612.549   0.440945
 9612.567   0.380957
 9612.584   0.323552
 9612.602   0.271006
 9612.619   0.225755
 9612.637   0.190016
 9612.655   0.165631
 9612.672   0.153979
 9612.690   0.155765
 9612.707   0.170757
 9612.725   0.197964
 9612.742   0.235735
 9612.760   0.281936
 9612.778   0.334347
 9612.795   0.390652
 9612.813   0.448435
 9612.830   0.505527
 9612.848   0.560259
 9612.866   0.611256
 9612.883   0.657501
 9612.901   0.698585
 9612.918   0.734442
 9612.936   0.765121
 9612.953   0.790809
 9612.971   0.811848
 9612.989   0.828477
 9613.006   0.840889
 9613.024   0.849286
 9613.041   0.853814
 9613.059   0.854663
 9613.077   0.851965
 9613.094   0.845857
 9613.112   0.836356
 9613.129   0.823524
 9613.147   0.807577
 9613.164   0.789115
 9613.182   0.769245
 9613.200   0.749553
 9613.217   0.731783
 9613.235   0.717708
 9613.252   0.708978
 9613.270   0.706918
 9613.288   0.712454
 9613.305   0.725844
 9613.323   0.746480
 9613.340   0.772785
 9613.358   0.802435
 9613.375   0.832802
 9613.393   0.861618
 9613.411   0.887347
 9613.428   0.909182
 9613.446   0.926894
 9613.463   0.940726
 9613.481   0.951223
 9613.499   0.959163
 9613.516   0.965466
 9613.534   0.971001
 9613.551   0.976349
 9613.569   0.981608
 9613.586   0.986510
 9613.604   0.990587
 9613.622   0.993549
 9613.639   0.995456
 9613.657   0.996742
 9613.674   0.997886
 9613.692   0.999173
 9613.710   1.000587
 9613.727   1.001867
 9613.745   1.002765
 9613.762   1.003082
 9613.780   1.002831
 9613.797   1.002088
 9613.815   1.001064
 9613.833   0.999944
 9613.850   0.998876
 9613.868   0.997869
 9613.885   0.996850
 9613.903   0.995768
 9613.921   0.994713
 9613.938   0.993917
 9613.956   0.993648
 9613.973   0.994001
 9613.991   0.994860
 9614.008   0.995903
 9614.026   0.996811
 9614.044   0.997371
 9614.061   0.997575
 9614.079   0.997541
 9614.096   0.997438
 9614.114   0.997281
 9614.132   0.996922
 9614.149   0.995943
 9614.167   0.993945
 9614.184   0.990711
 9614.202   0.986501
 9614.219   0.981985
 9614.237   0.977996
 9614.255   0.975269
 9614.272   0.974125
 9614.290   0.974545
 9614.307   0.976265
 9614.325   0.978945
 9614.343   0.982265
 9614.360   0.985892
 9614.378   0.989471
 9614.395   0.992600
 9614.413   0.994936
 9614.430   0.996296
 9614.448   0.996801
 9614.466   0.996813
 9614.483   0.996800
 9614.501   0.997075
 9614.518   0.997672
 9614.536   0.998424
 9614.554   0.999030
 9614.571   0.999283
 9614.589   0.999009
 9614.606   0.998125
 9614.624   0.996607
 9614.641   0.994545
 9614.659   0.992202
 9614.677   0.989917
 9614.694   0.988020
 9614.712   0.986647
 9614.729   0.985734
 9614.747   0.985111
 9614.765   0.984644
 9614.782   0.984362
 9614.800   0.984420
 9614.817   0.985002
 9614.835   0.986175
 9614.852   0.987782
 9614.870   0.989440
 9614.888   0.990645
 9614.905   0.990943
 9614.923   0.990096
 9614.940   0.988194
 9614.958   0.985528
 9614.976   0.982455
 9614.993   0.979114
 9615.011   0.975350
 9615.028   0.970788
 9615.046   0.965046
 9615.063   0.958068
 9615.081   0.950176
 9615.099   0.942035
 9615.116   0.934511
 9615.134   0.928394
 9615.151   0.924285
 9615.169   0.922531
 9615.187   0.923319
 9615.204   0.926683
 9615.222   0.932447
 9615.239   0.940172
 9615.257   0.949053
 9615.275   0.958115
 9615.292   0.966439
 9615.310   0.973380
 9615.327   0.978793
 9615.345   0.982828
 9615.362   0.985879
 9615.380   0.988314
 9615.398   0.990393
 9615.415   0.992287
 9615.433   0.993989
 9615.450   0.995526
 9615.468   0.996869
 9615.486   0.998015
 9615.503   0.998941
 9615.521   0.999603
 9615.538   1.000016
 9615.556   1.000158
 9615.573   1.000059
 9615.591   0.999671
 9615.609   0.999037
 9615.626   0.998280
 9615.644   0.997605
 9615.661   0.997207
 9615.679   0.997109
 9615.697   0.997153
 9615.714   0.997092
 9615.732   0.996774
 9615.749   0.996232
 9615.767   0.995705
 9615.784   0.995498
 9615.802   0.995809
 9615.820   0.996705
 9615.837   0.998025
 9615.855   0.999551
 9615.872   1.001029
 9615.890   1.002285
 9615.908   1.003277
 9615.925   1.004025
 9615.943   1.004568
 9615.960   1.004872
 9615.978   1.004854
 9615.995   1.004444
 9616.013   1.003717
 9616.031   1.002873
 9616.048   1.002289
 9616.066   1.002229
 9616.083   1.002811
 9616.101   1.003851
 9616.119   1.005025
 9616.136   1.006026
 9616.154   1.006652
 9616.171   1.006908
 9616.189   1.006870
 9616.206   1.006613
 9616.224   1.006136
 9616.242   1.005298
 9616.259   1.003919
 9616.277   1.001874
 9616.294   0.999117
 9616.312   0.995760
 9616.330   0.991832
 9616.347   0.987266
 9616.365   0.981837
 9616.382   0.975155
 9616.400   0.966793
 9616.417   0.956286
 9616.435   0.943133
 9616.453   0.926729
 9616.470   0.906244
 9616.488   0.880929
 9616.505   0.850147
 9616.523   0.813486
 9616.541   0.770997
 9616.558   0.723407
 9616.576   0.672188
 9616.593   0.619621
 9616.611   0.568980
 9616.628   0.524397
 9616.646   0.490010
 9616.664   0.469625
 9616.681   0.465786
 9616.699   0.479294
 9616.716   0.508629
 9616.734   0.550435
 9616.752   0.599985
 9616.769   0.652652
 9616.787   0.704459
 9616.804   0.752417
 9616.822   0.794613
 9616.839   0.830389
 9616.857   0.859847
 9616.875   0.883495
 9616.892   0.902142
 9616.910   0.916726
 9616.927   0.928228
 9616.945   0.937623
 9616.963   0.945805
 9616.980   0.953317
 9616.998   0.960324
 9617.015   0.966681
 9617.033   0.972253
 9617.050   0.977003
 9617.068   0.980922
 9617.086   0.983953
 9617.103   0.985840
 9617.121   0.986240
 9617.138   0.984938
 9617.156   0.981975
 9617.174   0.977658
 9617.191   0.972339
 9617.209   0.966253
 9617.226   0.959358
 9617.244   0.951421
 9617.261   0.942038
 9617.279   0.930674
 9617.297   0.916719
 9617.314   0.899543
 9617.332   0.878429
 9617.349   0.852623
 9617.367   0.821414
 9617.385   0.784137
 9617.402   0.740159
 9617.420   0.689239
 9617.437   0.631800
 9617.455   0.568818
 9617.472   0.502038
 9617.490   0.434118
 9617.508   0.368075
 9617.525   0.306864
 9617.543   0.253072
 9617.560   0.208697
 9617.578   0.174729
 9617.596   0.151256
 9617.613   0.137982
 9617.631   0.134439
 9617.648   0.140317
 9617.666   0.155487
 9617.683   0.179895
 9617.701   0.213283
 9617.719   0.254949
 9617.736   0.303372
 9617.754   0.356112
 9617.771   0.410271
 9617.789   0.462797
 9617.807   0.510700
 9617.824   0.551381
 9617.842   0.582972
 9617.859   0.604097
 9617.877   0.613827
 9617.894   0.611655
 9617.912   0.597482
 9617.930   0.571765
 9617.947   0.535603
 9617.965   0.490834
 9617.982   0.440093
 9618.000   0.387023
