 9943.000   0.992240
 9943.018   0.991524
 9943.036   0.990726
 9943.055   0.990007
 9943.073   0.989529
 9943.091   0.989406
 9943.109   0.989631
 9943.128   0.990056
 9943.146   0.990434
 9943.164   0.990522
 9943.182   0.990220
 9943.201   0.989621
 9943.219   0.989029
 9943.237   0.988811
 9943.255   0.989243
 9943.274   0.990385
 9943.292   0.992055
 9943.310   0.993904
 9943.328   0.995530
 9943.346   0.996646
 9943.365   0.997098
 9943.383   0.996921
 9943.401   0.996254
 9943.419   0.995311
 9943.438   0.994311
 9943.456   0.993469
 9943.474   0.992912
 9943.492   0.992685
 9943.511   0.992728
 9943.529   0.992933
 9943.547   0.993173
 9943.565   0.993362
 9943.584   0.993480
 9943.602   0.993533
 9943.620   0.993556
 9943.638   0.993512
 9943.656   0.993362
 9943.675   0.992992
 9943.693   0.992366
 9943.711   0.991434
 9943.729   0.990264
 9943.748   0.988945
 9943.766   0.987675
 9943.784   0.986663
 9943.802   0.986122
 9943.821   0.986152
 9943.839   0.986696
 9943.857   0.987553
 9943.875   0.988440
 9943.894   0.989108
 9943.912   0.989426
 9943.930   0.989367
 9943.948   0.988982
 9943.966   0.988285
 9943.985   0.987242
 9944.003   0.985755
 9944.021   0.983768
 9944.039   0.981285
 9944.058   0.978438
 9944.076   0.975471
 9944.094   0.972685
 9944.112   0.970424
 9944.131   0.968995
 9944.149   0.968617
 9944.167   0.969389
 9944.185   0.971267
 9944.204   0.974071
 9944.222   0.977505
 9944.240   0.981183
 9944.258   0.984691
 9944.276   0.987655
 9944.295   0.989818
 9944.313   0.991103
 9944.331   0.991637
 9944.349   0.991718
 9944.368   0.991690
 9944.386   0.991846
 9944.404   0.992310
 9944.422   0.993062
 9944.441   0.993984
 9944.459   0.994963
 9944.477   0.995922
 9944.495   0.996820
 9944.514   0.997596
 9944.532   0.998135
 9944.550   0.998291
 9944.568   0.997977
 9944.586   0.997255
 9944.605   0.996364
 9944.623   0.995640
 9944.641   0.995386
 9944.659   0.995717
 9944.678   0.996525
 9944.696   0.997520
 9944.714   0.998352
 9944.732   0.998749
 9944.751   0.998628
 9944.769   0.998061
 9944.787   0.997236
 9944.805   0.996344
 9944.824   0.995528
 9944.842   0.994863
 9944.860   0.994375
 9944.878   0.994069
 9944.896   0.993959
 9944.915   0.994077
 9944.933   0.994449
 9944.951   0.995071
 9944.969   0.995859
 9944.988   0.996674
 9945.006   0.997314
 9945.024   0.997620
 9945.042   0.997503
 9945.061   0.997027
 9945.079   0.996329
 9945.097   0.995600
 9945.115   0.994988
 9945.134   0.994589
 9945.152   0.994428
 9945.170   0.994473
 9945.188   0.994673
 9945.206   0.994954
 9945.225   0.995264
 9945.243   0.995535
 9945.261   0.995722
 9945.279   0.995777
 9945.298   0.995674
 9945.316   0.995381
 9945.334   0.994896
 9945.352   0.994236
 9945.371   0.993463
 9945.389   0.992694
 9945.407   0.992055
 9945.425   0.991672
 9945.444   0.991596
 9945.462   0.991819
 9945.480   0.992264
 9945.498   0.992835
 9945.516   0.993461
 9945.535   0.994116
 9945.553   0.994812
 9945.571   0.995539
 9945.589   0.996267
 9945.608   0.996906
 9945.626   0.997356
 9945.644   0.997526
 9945.662   0.997368
 9945.681   0.996876
 9945.699   0.996090
 9945.717   0.995095
 9945.735   0.994008
 9945.754   0.992996
 9945.772   0.992231
 9945.790   0.991868
 9945.808   0.991982
 9945.826   0.992563
 9945.845   0.993489
 9945.863   0.994585
 9945.881   0.995637
 9945.899   0.996461
 9945.918   0.996933
 9945.936   0.997011
 9945.954   0.996754
 9945.972   0.996281
 9945.991   0.995763
 9946.009   0.995324
 9946.027   0.995060
 9946.045   0.995004
 9946.063   0.995182
 9946.082   0.995592
 9946.100   0.996200
 9946.118   0.996876
 9946.136   0.997412
 9946.155   0.997544
 9946.173   0.997100
 9946.191   0.996069
 9946.209   0.994700
 9946.228   0.993347
 9946.246   0.992368
 9946.264   0.991909
 9946.282   0.991888
 9946.301   0.992027
 9946.319   0.992010
 9946.337   0.991632
 9946.355   0.990883
 9946.373   0.989917
 9946.392   0.988960
 9946.410   0.988224
 9946.428   0.987826
 9946.446   0.987793
 9946.465   0.988081
 9946.483   0.988621
 9946.501   0.989341
 9946.519   0.990138
 9946.538   0.990864
 9946.556   0.991316
 9946.574   0.991332
 9946.592   0.990842
 9946.611   0.989972
 9946.629   0.989023
 9946.647   0.988372
 9946.665   0.988348
 9946.683   0.989050
 9946.702   0.990336
 9946.720   0.991773
 9946.738   0.992897
 9946.756   0.993294
 9946.775   0.992862
 9946.793   0.991772
 9946.811   0.990432
 9946.829   0.989301
 9946.848   0.988724
 9946.866   0.988863
 9946.884   0.989627
 9946.902   0.990776
 9946.921   0.991950
 9946.939   0.992850
 9946.957   0.993267
 9946.975   0.993176
 9946.993   0.992684
 9947.012   0.992003
 9947.030   0.991375
 9947.048   0.991003
 9947.066   0.990991
 9947.085   0.991314
 9947.103   0.991842
 9947.121   0.992378
 9947.139   0.992770
 9947.158   0.992953
 9947.176   0.992993
 9947.194   0.993044
 9947.212   0.993245
 9947.231   0.993645
 9947.249   0.994120
 9947.267   0.994463
 9947.285   0.994426
 9947.303   0.993870
 9947.322   0.992788
 9947.340   0.991330
 9947.358   0.989707
 9947.376   0.988112
 9947.395   0.986703
 9947.413   0.985572
 9947.431   0.984870
 9947.449   0.984732
 9947.468   0.985285
 9947.486   0.986481
 9947.504   0.988127
 9947.522   0.989854
 9947.541   0.991296
 9947.559   0.992220
 9947.577   0.992644
 9947.595   0.992792
 9947.613   0.992973
 9947.632   0.993393
 9947.650   0.994070
 9947.668   0.994834
 9947.686   0.995447
 9947.705   0.995733
 9947.723   0.995655
 9947.741   0.995282
 9947.759   0.994745
 9947.778   0.994154
 9947.796   0.993584
 9947.814   0.993091
 9947.832   0.992749
 9947.851   0.992626
 9947.869   0.992769
 9947.887   0.993142
 9947.905   0.993634
 9947.923   0.994074
 9947.942   0.994304
 9947.960   0.994253
 9947.978   0.993932
 9947.996   0.993446
 9948.015   0.992911
 9948.033   0.992452
 9948.051   0.992167
 9948.069   0.992126
 9948.088   0.992367
 9948.106   0.992856
 9948.124   0.993530
 9948.142   0.994240
 9948.161   0.994851
 9948.179   0.995203
 9948.197   0.995210
 9948.215   0.994853
 9948.233   0.994207
 9948.252   0.993391
 9948.270   0.992529
 9948.288   0.991715
 9948.306   0.990967
 9948.325   0.990264
 9948.343   0.989572
 9948.361   0.988900
 9948.379   0.988316
 9948.398   0.987905
 9948.416   0.987751
 9948.434   0.987856
 9948.452   0.988124
 9948.471   0.988367
 9948.489   0.988373
 9948.507   0.987973
 9948.525   0.987122
 9948.543   0.985932
 9948.562   0.984619
 9948.580   0.983476
 9948.598   0.982761
 9948.616   0.982668
 9948.635   0.983272
 9948.653   0.984522
 9948.671   0.986212
 9948.689   0.987991
 9948.708   0.989410
 9948.726   0.990041
 9948.744   0.989699
 9948.762   0.988487
 9948.781   0.986856
 9948.799   0.985379
 9948.817   0.984586
 9948.835   0.984700
 9948.853   0.985622
 9948.872   0.986970
 9948.890   0.988290
 9948.908   0.989244
 9948.926   0.989693
 9948.945   0.989744
 9948.963   0.989598
 9948.981   0.989492
 9948.999   0.989533
 9949.018   0.989755
 9949.036   0.990086
 9949.054   0.990471
 9949.072   0.990885
 9949.091   0.991341
 9949.109   0.991864
 9949.127   0.992431
 9949.145   0.992986
 9949.163   0.993442
 9949.182   0.993748
 9949.200   0.993889
 9949.218   0.993901
 9949.236   0.993829
 9949.255   0.993704
 9949.273   0.993504
 9949.291   0.993189
 9949.309   0.992699
 9949.328   0.992025
 9949.346   0.991196
 9949.364   0.990308
 9949.382   0.989493
 9949.401   0.988893
 9949.419   0.988627
 9949.437   0.988722
 9949.455   0.989167
 9949.473   0.989857
 9949.492   0.990693
 9949.510   0.991543
 9949.528   0.992316
 9949.546   0.992956
 9949.565   0.993461
 9949.583   0.993894
 9949.601   0.994320
 9949.619   0.994817
 9949.638   0.995383
 9949.656   0.995983
 9949.674   0.996502
 9949.692   0.996844
 9949.711   0.996934
 9949.729   0.996785
 9949.747   0.996469
 9949.765   0.996097
 9949.783   0.995781
 9949.802   0.995575
 9949.820   0.995494
 9949.838   0.995468
 9949.856   0.995430
 9949.875   0.995284
 9949.893   0.994983
 9949.911   0.994492
 9949.929   0.993839
 9949.948   0.993076
 9949.966   0.992275
 9949.984   0.991489
 9950.002   0.990738
 9950.021   0.989999
 9950.039   0.989263
 9950.057   0.988537
 9950.075   0.987888
 9950.093   0.987388
 9950.112   0.987116
 9950.130   0.987073
 9950.148   0.987211
 9950.166   0.987429
 9950.185   0.987640
 9950.203   0.987813
 9950.221   0.987960
 9950.239   0.988140
 9950.258   0.988408
 9950.276   0.988815
 9950.294   0.989370
 9950.312   0.990073
 9950.331   0.990878
 9950.349   0.991725
 9950.367   0.992514
 9950.385   0.993140
 9950.403   0.993510
 9950.422   0.993591
 9950.440   0.993406
 9950.458   0.993032
 9950.476   0.992588
 9950.495   0.992199
 9950.513   0.991997
 9950.531   0.992065
 9950.549   0.992453
 9950.568   0.993128
 9950.586   0.994000
 9950.604   0.994907
 9950.622   0.995691
 9950.641   0.996198
 9950.659   0.996368
 9950.677   0.996214
 9950.695   0.995835
 9950.713   0.995341
 9950.732   0.994836
 9950.750   0.994397
 9950.768   0.994072
 9950.786   0.993902
 9950.805   0.993897
 9950.823   0.994046
 9950.841   0.994280
 9950.859   0.994507
 9950.878   0.994649
 9950.896   0.994709
 9950.914   0.994762
 9950.932   0.994899
 9950.951   0.995190
 9950.969   0.995612
 9950.987   0.996086
 9951.005   0.996494
 9951.023   0.996789
 9951.042   0.996988
 9951.060   0.997172
 9951.078   0.997401
 9951.096   0.997674
 9951.115   0.997900
 9951.133   0.997955
 9951.151   0.997754
 9951.169   0.997296
 9951.188   0.996687
 9951.206   0.996075
 9951.224   0.995616
 9951.242   0.995346
 9951.261   0.995228
 9951.279   0.995088
 9951.297   0.994794
 9951.315   0.994263
 9951.333   0.993576
 9951.352   0.992899
 9951.370   0.992435
 9951.388   0.992316
 9951.406   0.992530
 9951.425   0.992944
 9951.443   0.993321
 9951.461   0.993467
 9951.479   0.993271
 9951.498   0.992810
 9951.516   0.992257
 9951.534   0.991859
 9951.552   0.991790
 9951.570   0.992102
 9951.589   0.992714
 9951.607   0.993463
 9951.625   0.994185
 9951.643   0.994761
 9951.662   0.995170
 9951.680   0.995459
 9951.698   0.995728
 9951.716   0.996064
 9951.735   0.996517
 9951.753   0.997070
 9951.771   0.997659
 9951.789   0.998187
 9951.808   0.998552
 9951.826   0.998690
 9951.844   0.998591
 9951.862   0.998338
 9951.880   0.998051
 9951.899   0.997861
 9951.917   0.997848
 9951.935   0.998008
 9951.953   0.998276
 9951.972   0.998549
 9951.990   0.998765
 9952.008   0.998888
 9952.026   0.998920
 9952.045   0.998856
 9952.063   0.998669
 9952.081   0.998318
 9952.099   0.997787
 9952.118   0.997144
 9952.136   0.996532
 9952.154   0.996132
 9952.172   0.996079
 9952.190   0.996406
 9952.209   0.997002
 9952.227   0.997664
 9952.245   0.998142
 9952.263   0.998248
 9952.282   0.997865
 9952.300   0.997016
 9952.318   0.995811
 9952.336   0.994447
 9952.355   0.993152
 9952.373   0.992149
 9952.391   0.991621
 9952.409   0.991664
 9952.428   0.992261
 9952.446   0.993264
 9952.464   0.994456
 9952.482   0.995599
 9952.500   0.996506
 9952.519   0.997062
 9952.537   0.997248
 9952.555   0.997100
 9952.573   0.996698
 9952.592   0.996133
 9952.610   0.995511
 9952.628   0.994920
 9952.646   0.994441
 9952.665   0.994109
 9952.683   0.993915
 9952.701   0.993780
 9952.719   0.993610
 9952.738   0.993326
 9952.756   0.992933
 9952.774   0.992530
 9952.792   0.992262
 9952.810   0.992252
 9952.829   0.992500
 9952.847   0.992903
 9952.865   0.993267
 9952.883   0.993445
 9952.902   0.993373
 9952.920   0.993149
 9952.938   0.992933
 9952.956   0.992894
 9952.975   0.993103
 9952.993   0.993531
 9953.011   0.994086
 9953.029   0.994649
 9953.048   0.995136
 9953.066   0.995467
 9953.084   0.995608
 9953.102   0.995530
 9953.120   0.995240
 9953.139   0.994771
 9953.157   0.994194
 9953.175   0.993605
 9953.193   0.993051
 9953.212   0.992488
 9953.230   0.991725
 9953.248   0.990517
 9953.266   0.988660
 9953.285   0.986115
 9953.303   0.983106
 9953.321   0.980058
 9953.339   0.977539
 9953.358   0.975995
 9953.376   0.975676
 9953.394   0.976502
 9953.412   0.978181
 9953.430   0.980280
 9953.449   0.982398
 9953.467   0.984247
 9953.485   0.985710
 9953.503   0.986840
 9953.522   0.987783
 9953.540   0.988718
 9953.558   0.989734
 9953.576   0.990825
 9953.595   0.991862
 9953.613   0.992710
 9953.631   0.993257
 9953.649   0.993499
 9953.668   0.993507
 9953.686   0.993389
 9953.704   0.993231
 9953.722   0.993048
 9953.740   0.992805
 9953.759   0.992430
 9953.777   0.991918
 9953.795   0.991313
 9953.813   0.990734
 9953.832   0.990300
 9953.850   0.990094
 9953.868   0.990116
 9953.886   0.990308
 9953.905   0.990603
 9953.923   0.990956
 9953.941   0.991381
 9953.959   0.991915
 9953.978   0.992607
 9953.996   0.993453
 9954.014   0.994423
 9954.032   0.995411
 9954.050   0.996307
 9954.069   0.996968
 9954.087   0.997306
 9954.105   0.997257
 9954.123   0.996818
 9954.142   0.996043
 9954.160   0.995032
 9954.178   0.993931
 9954.196   0.992887
 9954.215   0.992035
 9954.233   0.991467
 9954.251   0.991234
 9954.269   0.991353
 9954.288   0.991804
 9954.306   0.992551
 9954.324   0.993515
 9954.342   0.994597
 9954.360   0.995670
 9954.379   0.996623
 9954.397   0.997349
 9954.415   0.997784
 9954.433   0.997905
 9954.452   0.997724
 9954.470   0.997329
 9954.488   0.996829
 9954.506   0.996380
 9954.525   0.996079
 9954.543   0.995988
 9954.561   0.996043
 9954.579   0.996129
 9954.598   0.996088
 9954.616   0.995784
 9954.634   0.995141
 9954.652   0.994133
 9954.670   0.992808
 9954.689   0.991297
 9954.707   0.989815
 9954.725   0.988635
 9954.743   0.987986
 9954.762   0.987972
 9954.780   0.988505
 9954.798   0.989351
 9954.816   0.990223
 9954.835   0.990892
 9954.853   0.991292
 9954.871   0.991508
 9954.889   0.991733
 9954.908   0.992147
 9954.926   0.992850
 9954.944   0.993783
 9954.962   0.994782
 9954.980   0.995611
 9954.999   0.996086
 9955.017   0.996141
 9955.035   0.995863
 9955.053   0.995446
 9955.072   0.995103
 9955.090   0.994977
 9955.108   0.995056
 9955.126   0.995237
 9955.145   0.995380
 9955.163   0.995403
 9955.181   0.995310
 9955.199   0.995162
 9955.218   0.995045
 9955.236   0.995014
 9955.254   0.995093
 9955.272   0.995252
 9955.290   0.995441
 9955.309   0.995582
 9955.327   0.995616
 9955.345   0.995507
 9955.363   0.995261
 9955.382   0.994931
 9955.400   0.994563
 9955.418   0.994198
 9955.436   0.993807
 9955.455   0.993348
 9955.473   0.992775
 9955.491   0.992118
 9955.509   0.991464
 9955.528   0.990977
 9955.546   0.990799
 9955.564   0.990986
 9955.582   0.991428
 9955.600   0.991910
 9955.619   0.992171
 9955.637   0.992053
 9955.655   0.991542
 9955.673   0.990776
 9955.692   0.989976
 9955.710   0.989343
 9955.728   0.989049
 9955.746   0.989161
 9955.765   0.989698
 9955.783   0.990574
 9955.801   0.991659
 9955.819   0.992758
 9955.838   0.993693
 9955.856   0.994336
 9955.874   0.994651
 9955.892   0.994697
 9955.910   0.994586
 9955.929   0.994453
 9955.947   0.994418
 9955.965   0.994565
 9955.983   0.994915
 9956.002   0.995437
 9956.020   0.996037
 9956.038   0.996602
 9956.056   0.996969
 9956.075   0.997024
 9956.093   0.996689
 9956.111   0.996011
 9956.129   0.995094
 9956.148   0.994117
 9956.166   0.993242
 9956.184   0.992578
 9956.202   0.992172
 9956.220   0.991974
 9956.239   0.991907
 9956.257   0.991872
 9956.275   0.991842
 9956.293   0.991858
 9956.312   0.992021
 9956.330   0.992439
 9956.348   0.993141
 9956.366   0.994053
 9956.385   0.994999
 9956.403   0.995772
 9956.421   0.996214
 9956.439   0.996267
 9956.458   0.995990
 9956.476   0.995482
 9956.494   0.994873
 9956.512   0.994262
 9956.530   0.993737
 9956.549   0.993378
 9956.567   0.993229
 9956.585   0.993306
 9956.603   0.993533
 9956.622   0.993787
 9956.640   0.993902
 9956.658   0.993754
 9956.676   0.993321
 9956.695   0.992693
 9956.713   0.992074
 9956.731   0.991667
 9956.749   0.991641
 9956.768   0.992012
 9956.786   0.992676
 9956.804   0.993440
 9956.822   0.994094
 9956.840   0.994489
 9956.859   0.994559
 9956.877   0.994351
 9956.895   0.993971
 9956.913   0.993545
 9956.932   0.993179
 9956.950   0.992920
 9956.968   0.992762
 9956.986   0.992639
 9957.005   0.992497
 9957.023   0.992299
 9957.041   0.992066
 9957.059   0.991843
 9957.077   0.991691
 9957.096   0.991629
 9957.114   0.991656
 9957.132   0.991731
 9957.150   0.991835
 9957.169   0.991992
 9957.187   0.992262
 9957.205   0.992731
 9957.223   0.993423
 9957.242   0.994304
 9957.260   0.995240
 9957.278   0.996095
 9957.296   0.996741
 9957.315   0.997137
 9957.333   0.997291
 9957.351   0.997232
 9957.369   0.996964
 9957.387   0.996473
 9957.406   0.995735
 9957.424   0.994774
 9957.442   0.993700
 9957.460   0.992679
 9957.479   0.991910
 9957.497   0.991508
 9957.515   0.991502
 9957.533   0.991760
 9957.552   0.992121
 9957.570   0.992405
 9957.588   0.992531
 9957.606   0.992488
 9957.625   0.992330
 9957.643   0.992144
 9957.661   0.992025
 9957.679   0.992116
 9957.697   0.992548
 9957.716   0.993415
 9957.734   0.994669
 9957.752   0.996069
 9957.770   0.997237
 9957.789   0.997767
 9957.807   0.997411
 9957.825   0.996204
 9957.843   0.994466
 9957.862   0.992690
 9957.880   0.991332
 9957.898   0.990676
 9957.916   0.990723
 9957.935   0.991272
 9957.953   0.992016
 9957.971   0.992661
 9957.989   0.993014
 9958.007   0.992985
 9958.026   0.992590
 9958.044   0.991924
 9958.062   0.991146
 9958.080   0.990442
 9958.099   0.989954
 9958.117   0.989712
 9958.135   0.989593
 9958.153   0.989354
 9958.172   0.988722
 9958.190   0.987506
 9958.208   0.985684
 9958.226   0.983406
 9958.245   0.980925
 9958.263   0.978522
 9958.281   0.976426
 9958.299   0.974797
 9958.317   0.973709
 9958.336   0.973190
 9958.354   0.973249
 9958.372   0.973906
 9958.390   0.975186
 9958.409   0.977084
 9958.427   0.979512
 9958.445   0.982290
 9958.463   0.985127
 9958.482   0.987717
 9958.500   0.989793
 9958.518   0.991235
 9958.536   0.992061
 9958.555   0.992397
 9958.573   0.992444
 9958.591   0.992433
 9958.609   0.992588
 9958.627   0.993085
 9958.646   0.993960
 9958.664   0.995111
 9958.682   0.996277
 9958.700   0.997187
 9958.719   0.997638
 9958.737   0.997602
 9958.755   0.997196
 9958.773   0.996616
 9958.792   0.996037
 9958.810   0.995549
 9958.828   0.995146
 9958.846   0.994805
 9958.865   0.994508
 9958.883   0.994287
 9958.901   0.994163
 9958.919   0.994150
 9958.937   0.994206
 9958.956   0.994286
 9958.974   0.994351
 9958.992   0.994416
 9959.010   0.994543
 9959.029   0.994793
 9959.047   0.995206
 9959.065   0.995732
 9959.083   0.996277
 9959.102   0.996718
 9959.120   0.996997
 9959.138   0.997124
 9959.156   0.997179
 9959.175   0.997267
 9959.193   0.997465
 9959.211   0.997822
 9959.229   0.998337
 9959.247   0.998992
 9959.266   0.999729
 9959.284   1.000462
 9959.302   1.001058
 9959.320   1.001367
 9959.339   1.001259
 9959.357   1.000687
 9959.375   0.999692
 9959.393   0.998411
 9959.412   0.996977
 9959.430   0.995494
 9959.448   0.994018
 9959.466   0.992582
 9959.485   0.991261
 9959.503   0.990130
 9959.521   0.989292
 9959.539   0.988755
 9959.557   0.988439
 9959.576   0.988159
 9959.594   0.987657
 9959.612   0.986729
 9959.630   0.985246
 9959.649   0.983269
 9959.667   0.980975
 9959.685   0.978676
 9959.703   0.976689
 9959.722   0.975303
 9959.740   0.974734
 9959.758   0.975115
 9959.776   0.976480
 9959.795   0.978733
 9959.813   0.981635
 9959.831   0.984812
 9959.849   0.987809
 9959.867   0.990226
 9959.886   0.991828
 9959.904   0.992623
 9959.922   0.992844
 9959.940   0.992805
 9959.959   0.992803
 9959.977   0.992938
 9959.995   0.993162
 9960.013   0.993261
 9960.032   0.993036
 9960.050   0.992380
 9960.068   0.991344
 9960.086   0.990136
 9960.105   0.988994
 9960.123   0.988161
 9960.141   0.987722
 9960.159   0.987666
 9960.177   0.987847
 9960.196   0.988085
 9960.214   0.988198
 9960.232   0.988058
 9960.250   0.987650
 9960.269   0.987034
 9960.287   0.986389
 9960.305   0.985899
 9960.323   0.985765
 9960.342   0.986081
 9960.360   0.986832
 9960.378   0.987870
 9960.396   0.988976
 9960.415   0.989942
 9960.433   0.990642
 9960.451   0.991097
 9960.469   0.991437
 9960.487   0.991829
 9960.506   0.992419
 9960.524   0.993230
 9960.542   0.994184
 9960.560   0.995113
 9960.579   0.995851
 9960.597   0.996275
 9960.615   0.996353
 9960.633   0.996146
 9960.652   0.995752
 9960.670   0.995289
 9960.688   0.994769
 9960.706   0.994157
 9960.725   0.993362
 9960.743   0.992375
 9960.761   0.991330
 9960.779   0.990480
 9960.797   0.990098
 9960.816   0.990306
 9960.834   0.991039
 9960.852   0.992037
 9960.870   0.993004
 9960.889   0.993707
 9960.907   0.994063
 9960.925   0.994120
 9960.943   0.993990
 9960.962   0.993778
 9960.980   0.993558
 9960.998   0.993366
 9961.016   0.993217
 9961.035   0.993124
 9961.053   0.993104
 9961.071   0.993199
 9961.089   0.993453
 9961.107   0.993906
 9961.126   0.994541
 9961.144   0.995263
 9961.162   0.995934
 9961.180   0.996390
 9961.199   0.996540
 9961.217   0.996349
 9961.235   0.995895
 9961.253   0.995278
 9961.272   0.994634
 9961.290   0.994035
 9961.308   0.993520
 9961.326   0.993070
 9961.345   0.992661
 9961.363   0.992326
 9961.381   0.992157
 9961.399   0.992270
 9961.417   0.992702
 9961.436   0.993342
 9961.454   0.993929
 9961.472   0.994162
 9961.490   0.993856
 9961.509   0.993064
 9961.527   0.992060
 9961.545   0.991235
 9961.563   0.990886
 9961.582   0.991141
 9961.600   0.991873
 9961.618   0.992868
 9961.636   0.993855
 9961.655   0.994632
 9961.673   0.995050
 9961.691   0.995024
 9961.709   0.994555
 9961.727   0.993704
 9961.746   0.992653
 9961.764   0.991590
 9961.782   0.990726
 9961.800   0.990180
 9961.819   0.990030
 9961.837   0.990282
 9961.855   0.990928
 9961.873   0.991893
 9961.892   0.993058
 9961.910   0.994225
 9961.928   0.995198
 9961.946   0.995836
 9961.965   0.996103
 9961.983   0.996065
 9962.001   0.995844
 9962.019   0.995561
 9962.037   0.995287
 9962.056   0.995057
 9962.074   0.994857
 9962.092   0.994684
 9962.110   0.994529
 9962.129   0.994406
 9962.147   0.994313
 9962.165   0.994257
 9962.183   0.994237
 9962.202   0.994247
 9962.220   0.994283
 9962.238   0.994346
 9962.256   0.994427
 9962.275   0.994509
 9962.293   0.994555
 9962.311   0.994531
 9962.329   0.994416
 9962.347   0.994219
 9962.366   0.993963
 9962.384   0.993680
 9962.402   0.993398
 9962.420   0.993120
 9962.439   0.992837
 9962.457   0.992530
 9962.475   0.992193
 9962.493   0.991825
 9962.512   0.991444
 9962.530   0.991069
 9962.548   0.990730
 9962.566   0.990463
 9962.585   0.990327
 9962.603   0.990374
 9962.621   0.990650
 9962.639   0.991142
 9962.657   0.991786
 9962.676   0.992452
 9962.694   0.993019
 9962.712   0.993375
 9962.730   0.993508
 9962.749   0.993442
 9962.767   0.993250
 9962.785   0.992999
 9962.803   0.992743
 9962.822   0.992534
 9962.840   0.992408
 9962.858   0.992399
 9962.876   0.992504
 9962.894   0.992706
 9962.913   0.992956
 9962.931   0.993198
 9962.949   0.993378
 9962.967   0.993457
 9962.986   0.993436
 9963.004   0.993342
 9963.022   0.993230
 9963.040   0.993161
 9963.059   0.993182
 9963.077   0.993309
 9963.095   0.993514
 9963.113   0.993736
 9963.132   0.993906
 9963.150   0.993977
 9963.168   0.993956
 9963.186   0.993899
 9963.204   0.993871
 9963.223   0.993919
 9963.241   0.994039
 9963.259   0.994193
 9963.277   0.994322
 9963.296   0.994387
 9963.314   0.994403
 9963.332   0.994386
 9963.350   0.994400
 9963.369   0.994456
 9963.387   0.994572
 9963.405   0.994686
 9963.423   0.994766
 9963.442   0.994787
 9963.460   0.994778
 9963.478   0.994813
 9963.496   0.994940
 9963.514   0.995177
 9963.533   0.995448
 9963.551   0.995653
 9963.569   0.995667
 9963.587   0.995429
 9963.606   0.994974
 9963.624   0.994418
 9963.642   0.993959
 9963.660   0.993781
 9963.679   0.993993
 9963.697   0.994553
 9963.715   0.995284
 9963.733   0.995923
 9963.752   0.996247
 9963.770   0.996154
 9963.788   0.995730
 9963.806   0.995186
 9963.824   0.994762
 9963.843   0.994583
 9963.861   0.994600
 9963.879   0.994629
 9963.897   0.994460
 9963.916   0.993999
 9963.934   0.993320
 9963.952   0.992639
 9963.970   0.992200
 9963.989   0.992142
 9964.007   0.992433
 9964.025   0.992909
 9964.043   0.993372
 9964.062   0.993658
 9964.080   0.993753
 9964.098   0.993750
 9964.116   0.993827
 9964.134   0.994089
 9964.153   0.994546
 9964.171   0.995014
 9964.189   0.995241
 9964.207   0.994971
 9964.226   0.994128
 9964.244   0.992856
 9964.262   0.991497
 9964.280   0.990427
 9964.299   0.989863
 9964.317   0.989781
 9964.335   0.989906
 9964.353   0.989914
 9964.372   0.989554
 9964.390   0.988824
 9964.408   0.987906
 9964.426   0.987118
 9964.444   0.986710
 9964.463   0.986774
 9964.481   0.987188
 9964.499   0.987695
 9964.517   0.988033
 9964.536   0.988022
 9964.554   0.987663
 9964.572   0.987056
 9964.590   0.986389
 9964.609   0.985837
 9964.627   0.985576
 9964.645   0.985746
 9964.663   0.986454
 9964.682   0.987723
 9964.700   0.989453
 9964.718   0.991424
 9964.736   0.993340
 9964.754   0.994928
 9964.773   0.996012
 9964.791   0.996572
 9964.809   0.996696
 9964.827   0.996529
 9964.846   0.996194
 9964.864   0.995788
 9964.882   0.995367
 9964.900   0.994969
 9964.919   0.994607
 9964.937   0.994266
 9964.955   0.993919
 9964.973   0.993542
 9964.992   0.993167
 9965.010   0.992864
 9965.028   0.992697
 9965.046   0.992685
 9965.064   0.992750
 9965.083   0.992770
 9965.101   0.992632
 9965.119   0.992301
 9965.137   0.991873
 9965.156   0.991478
 9965.174   0.991271
 9965.192   0.991283
 9965.210   0.991461
 9965.229   0.991650
 9965.247   0.991719
 9965.265   0.991611
 9965.283   0.991379
 9965.302   0.991185
 9965.320   0.991185
 9965.338   0.991483
 9965.356   0.992032
 9965.374   0.992675
 9965.393   0.993185
 9965.411   0.993409
 9965.429   0.993341
 9965.447   0.993137
 9965.466   0.993036
 9965.484   0.993245
 9965.502   0.993811
 9965.520   0.994633
 9965.539   0.995458
 9965.557   0.996050
 9965.575   0.996250
 9965.593   0.996073
 9965.612   0.995652
 9965.630   0.995185
 9965.648   0.994852
 9965.666   0.994718
 9965.684   0.994769
 9965.703   0.994881
 9965.721   0.994920
 9965.739   0.994737
 9965.757   0.994263
 9965.776   0.993480
 9965.794   0.992477
 9965.812   0.991398
 9965.830   0.990437
 9965.849   0.989757
 9965.867   0.989435
 9965.885   0.989459
 9965.903   0.989731
 9965.922   0.990174
 9965.940   0.990715
 9965.958   0.991345
 9965.976   0.992017
 9965.994   0.992675
 9966.013   0.993218
 9966.031   0.993545
 9966.049   0.993621
 9966.067   0.993459
 9966.086   0.993159
 9966.104   0.992813
 9966.122   0.992522
 9966.140   0.992337
 9966.159   0.992264
 9966.177   0.992273
 9966.195   0.992306
 9966.213   0.992325
 9966.232   0.992308
 9966.250   0.992269
 9966.268   0.992229
 9966.286   0.992177
 9966.304   0.992085
 9966.323   0.991902
 9966.341   0.991645
 9966.359   0.991383
 9966.377   0.991255
 9966.396   0.991340
 9966.414   0.991616
 9966.432   0.991915
 9966.450   0.992028
 9966.469   0.991830
 9966.487   0.991345
 9966.505   0.990761
 9966.523   0.990302
 9966.542   0.990123
 9966.560   0.990204
 9966.578   0.990402
 9966.596   0.990519
 9966.614   0.990446
 9966.633   0.990184
 9966.651   0.989854
 9966.669   0.989586
 9966.687   0.989483
 9966.706   0.989551
 9966.724   0.989763
 9966.742   0.990058
 9966.760   0.990392
 9966.779   0.990739
 9966.797   0.991082
 9966.815   0.991431
 9966.833   0.991788
 9966.852   0.992155
 9966.870   0.992487
 9966.888   0.992712
 9966.906   0.992749
 9966.924   0.992543
 9966.943   0.992134
 9966.961   0.991608
 9966.979   0.991113
 9966.997   0.990759
 9967.016   0.990626
 9967.034   0.990727
 9967.052   0.991048
 9967.070   0.991536
 9967.089   0.992097
 9967.107   0.992587
 9967.125   0.992837
 9967.143   0.992729
 9967.162   0.992262
 9967.180   0.991567
 9967.198   0.990864
 9967.216   0.990352
 9967.234   0.990115
 9967.253   0.990110
 9967.271   0.990204
 9967.289   0.990293
 9967.307   0.990343
 9967.326   0.990441
 9967.344   0.990698
 9967.362   0.991220
 9967.380   0.992026
 9967.399   0.993054
 9967.417   0.994191
 9967.435   0.995274
 9967.453   0.996178
 9967.472   0.996762
 9967.490   0.996964
 9967.508   0.996803
 9967.526   0.996434
 9967.544   0.996130
 9967.563   0.996170
 9967.581   0.996741
 9967.599   0.997772
 9967.617   0.998985
 9967.636   0.999990
 9967.654   1.000471
 9967.672   1.000379
 9967.690   0.999856
 9967.709   0.999198
 9967.727   0.998627
 9967.745   0.998247
 9967.763   0.998006
 9967.782   0.997770
 9967.800   0.997461
 9967.818   0.997082
 9967.836   0.996784
 9967.854   0.996763
 9967.873   0.997175
 9967.891   0.998001
 9967.909   0.999008
 9967.927   0.999832
 9967.946   1.000122
 9967.964   0.999702
 9967.982   0.998676
 9968.000   0.997340
 9968.019   0.996070
 9968.037   0.995148
 9968.055   0.994685
 9968.073   0.994649
 9968.092   0.994902
 9968.110   0.995294
 9968.128   0.995692
 9968.146   0.996021
 9968.164   0.996240
 9968.183   0.996356
 9968.201   0.996392
 9968.219   0.996354
 9968.237   0.996243
 9968.256   0.996039
 9968.274   0.995755
 9968.292   0.995430
 9968.310   0.995118
 9968.329   0.994834
 9968.347   0.994534
 9968.365   0.994119
 9968.383   0.993506
 9968.401   0.992685
 9968.420   0.991773
 9968.438   0.990955
 9968.456   0.990416
 9968.474   0.990253
 9968.493   0.990388
 9968.511   0.990653
 9968.529   0.990802
 9968.547   0.990678
 9968.566   0.990254
 9968.584   0.989648
 9968.602   0.989081
 9968.620   0.988756
 9968.639   0.988856
 9968.657   0.989420
 9968.675   0.990377
 9968.693   0.991526
 9968.711   0.992618
 9968.730   0.993473
 9968.748   0.993987
 9968.766   0.994184
 9968.784   0.994105
 9968.803   0.993816
 9968.821   0.993333
 9968.839   0.992752
 9968.857   0.992252
 9968.876   0.992137
 9968.894   0.992666
 9968.912   0.993932
 9968.930   0.995698
 9968.949   0.997496
 9968.967   0.998785
 9968.985   0.999240
 9969.003   0.998875
 9969.021   0.997972
 9969.040   0.996900
 9969.058   0.995872
 9969.076   0.994874
 9969.094   0.993679
 9969.113   0.992049
 9969.131   0.989924
 9969.149   0.987569
 9969.167   0.985542
 9969.186   0.984439
 9969.204   0.984641
 9969.222   0.986060
 9969.240   0.988210
 9969.259   0.990352
 9969.277   0.991914
 9969.295   0.992685
 9969.313   0.992844
 9969.331   0.992783
 9969.350   0.992819
 9969.368   0.993060
 9969.386   0.993370
 9969.404   0.993544
 9969.423   0.993436
 9969.441   0.993111
 9969.459   0.992763
 9969.477   0.992638
 9969.496   0.992868
 9969.514   0.993419
 9969.532   0.994129
 9969.550   0.994774
 9969.569   0.995198
 9969.587   0.995275
 9969.605   0.994962
 9969.623   0.994206
 9969.641   0.993016
 9969.660   0.991486
 9969.678   0.989825
 9969.696   0.988333
 9969.714   0.987260
 9969.733   0.986716
 9969.751   0.986575
 9969.769   0.986584
 9969.787   0.986422
 9969.806   0.985857
 9969.824   0.984735
 9969.842   0.983031
 9969.860   0.980803
 9969.879   0.978197
 9969.897   0.975440
 9969.915   0.972758
 9969.933   0.970337
 9969.951   0.968212
 9969.970   0.966337
 9969.988   0.964585
 9970.006   0.962921
 9970.024   0.961435
 9970.043   0.960357
 9970.061   0.959930
 9970.079   0.960292
 9970.097   0.961398
 9970.116   0.963036
 9970.134   0.964947
 9970.152   0.966910
 9970.170   0.968876
 9970.189   0.970872
 9970.207   0.973009
 9970.225   0.975304
 9970.243   0.977738
 9970.261   0.980206
 9970.280   0.982595
 9970.298   0.984797
 9970.316   0.986693
 9970.334   0.988178
 9970.353   0.989135
 9970.371   0.989554
 9970.389   0.989519
 9970.407   0.989273
 9970.426   0.989071
 9970.444   0.989120
 9970.462   0.989467
 9970.480   0.990039
 9970.499   0.990722
 9970.517   0.991437
 9970.535   0.992212
 9970.553   0.993055
 9970.571   0.993951
 9970.590   0.994750
 9970.608   0.995308
 9970.626   0.995497
 9970.644   0.995356
 9970.663   0.995022
 9970.681   0.994690
 9970.699   0.994501
 9970.717   0.994486
 9970.736   0.994579
 9970.754   0.994687
 9970.772   0.994777
 9970.790   0.994879
 9970.809   0.995075
 9970.827   0.995409
 9970.845   0.995852
 9970.863   0.996259
 9970.881   0.996488
 9970.900   0.996450
 9970.918   0.996200
 9970.936   0.995926
 9970.954   0.995839
 9970.973   0.996089
 9970.991   0.996644
 9971.009   0.997322
 9971.027   0.997850
 9971.046   0.998021
 9971.064   0.997775
 9971.082   0.997225
 9971.100   0.996601
 9971.119   0.996112
 9971.137   0.995869
 9971.155   0.995808
 9971.173   0.995779
 9971.191   0.995612
 9971.210   0.995270
 9971.228   0.994844
 9971.246   0.994550
 9971.264   0.994571
 9971.283   0.994930
 9971.301   0.995468
 9971.319   0.995900
 9971.337   0.996031
 9971.356   0.995804
 9971.374   0.995392
 9971.392   0.995025
 9971.410   0.994922
 9971.429   0.995127
 9971.447   0.995569
 9971.465   0.996068
 9971.483   0.996478
 9971.501   0.996695
 9971.520   0.996677
 9971.538   0.996403
 9971.556   0.995896
 9971.574   0.995249
 9971.593   0.994630
 9971.611   0.994256
 9971.629   0.994247
 9971.647   0.994615
 9971.666   0.995180
 9971.684   0.995729
 9971.702   0.996074
 9971.720   0.996181
 9971.739   0.996145
 9971.757   0.996112
 9971.775   0.996205
 9971.793   0.996432
 9971.811   0.996715
 9971.830   0.996918
 9971.848   0.996945
 9971.866   0.996789
 9971.884   0.996511
 9971.903   0.996220
 9971.921   0.995998
 9971.939   0.995888
 9971.957   0.995890
 9971.976   0.995998
 9971.994   0.996201
 9972.012   0.996411
 9972.030   0.996481
 9972.049   0.996188
 9972.067   0.995405
 9972.085   0.994148
 9972.103   0.992652
 9972.121   0.991259
 9972.140   0.990256
 9972.158   0.989772
 9972.176   0.989729
 9972.194   0.989973
 9972.213   0.990374
 9972.231   0.990881
 9972.249   0.991525
 9972.267   0.992306
 9972.286   0.993169
 9972.304   0.993933
 9972.322   0.994381
 9972.340   0.994332
 9972.359   0.993757
 9972.377   0.992841
 9972.395   0.991924
 9972.413   0.991373
 9972.431   0.991386
 9972.450   0.991903
 9972.468   0.992663
 9972.486   0.993353
 9972.504   0.993826
 9972.523   0.994195
 9972.541   0.994758
 9972.559   0.995791
 9972.577   0.997266
 9972.596   0.998865
 9972.614   1.000005
 9972.632   1.000214
 9972.650   0.999317
 9972.669   0.997574
 9972.687   0.995555
 9972.705   0.993859
 9972.723   0.992900
 9972.741   0.992692
 9972.760   0.992963
 9972.778   0.993318
 9972.796   0.993498
 9972.814   0.993504
 9972.833   0.993526
 9972.851   0.993779
 9972.869   0.994291
 9972.887   0.994873
 9972.906   0.995219
 9972.924   0.995107
 9972.942   0.994528
 9972.960   0.993707
 9972.979   0.992953
 9972.997   0.992514
 9973.015   0.992487
 9973.033   0.992832
 9973.051   0.993450
 9973.070   0.994194
 9973.088   0.994953
 9973.106   0.995558
 9973.124   0.995911
 9973.143   0.995920
 9973.161   0.995630
 9973.179   0.995149
 9973.197   0.994637
 9973.216   0.994236
 9973.234   0.993996
 9973.252   0.993926
 9973.270   0.993974
 9973.289   0.994116
 9973.307   0.994275
 9973.325   0.994392
 9973.343   0.994332
 9973.361   0.993990
 9973.380   0.993321
 9973.398   0.992438
 9973.416   0.991581
 9973.434   0.991010
 9973.453   0.990894
 9973.471   0.991175
 9973.489   0.991625
 9973.507   0.991943
 9973.526   0.991935
 9973.544   0.991577
 9973.562   0.990981
 9973.580   0.990289
 9973.599   0.989562
 9973.617   0.988785
 9973.635   0.987910
 9973.653   0.986975
 9973.671   0.986103
 9973.690   0.985497
 9973.708   0.985298
 9973.726   0.985539
 9973.744   0.986078
 9973.763   0.986712
 9973.781   0.987250
 9973.799   0.987609
 9973.817   0.987806
 9973.836   0.987907
 9973.854   0.987975
 9973.872   0.988057
 9973.890   0.988206
 9973.908   0.988484
 9973.927   0.988933
 9973.945   0.989535
 9973.963   0.990178
 9973.981   0.990710
 9974.000   0.991008
 9974.018   0.991057
 9974.036   0.990964
 9974.054   0.990859
 9974.073   0.990865
 9974.091   0.990963
 9974.109   0.991111
 9974.127   0.991238
 9974.146   0.991374
 9974.164   0.991596
 9974.182   0.991976
 9974.200   0.992497
 9974.218   0.993047
 9974.237   0.993503
 9974.255   0.993800
 9974.273   0.993983
 9974.291   0.994163
 9974.310   0.994457
 9974.328   0.994860
 9974.346   0.995296
 9974.364   0.995621
 9974.383   0.995757
 9974.401   0.995713
 9974.419   0.995612
 9974.437   0.995608
 9974.456   0.995797
 9974.474   0.996145
 9974.492   0.996504
 9974.510   0.996683
 9974.528   0.996543
 9974.547   0.996060
 9974.565   0.995293
 9974.583   0.994360
 9974.601   0.993375
 9974.620   0.992488
 9974.638   0.991863
 9974.656   0.991650
 9974.674   0.991890
 9974.693   0.992445
 9974.711   0.993026
 9974.729   0.993308
 9974.747   0.993132
 9974.766   0.992572
 9974.784   0.991885
 9974.802   0.991358
 9974.820   0.991117
 9974.838   0.991146
 9974.857   0.991304
 9974.875   0.991519
 9974.893   0.991764
 9974.911   0.992125
 9974.930   0.992661
 9974.948   0.993381
 9974.966   0.994188
 9974.984   0.994895
 9975.003   0.995335
 9975.021   0.995348
 9975.039   0.994974
 9975.057   0.994339
 9975.076   0.993727
 9975.094   0.993354
 9975.112   0.993338
 9975.130   0.993581
 9975.148   0.993871
 9975.167   0.993985
 9975.185   0.993818
 9975.203   0.993430
 9975.221   0.992981
 9975.240   0.992663
 9975.258   0.992568
 9975.276   0.992685
 9975.294   0.992896
 9975.313   0.993071
 9975.331   0.993145
 9975.349   0.993138
 9975.367   0.993157
 9975.386   0.993303
 9975.404   0.993655
 9975.422   0.994166
 9975.440   0.994732
 9975.458   0.995183
 9975.477   0.995412
 9975.495   0.995379
 9975.513   0.995179
 9975.531   0.994971
 9975.550   0.994956
 9975.568   0.995263
 9975.586   0.995884
 9975.604   0.996680
 9975.623   0.997424
 9975.641   0.997922
 9975.659   0.998074
 9975.677   0.997935
 9975.696   0.997619
 9975.714   0.997244
 9975.732   0.996854
 9975.750   0.996458
 9975.768   0.996055
 9975.787   0.995702
 9975.805   0.995468
 9975.823   0.995423
 9975.841   0.995555
 9975.860   0.995806
 9975.878   0.996095
 9975.896   0.996373
 9975.914   0.996643
 9975.933   0.996912
 9975.951   0.997180
 9975.969   0.997405
 9975.987   0.997530
 9976.006   0.997513
 9976.024   0.997346
 9976.042   0.997078
 9976.060   0.996763
 9976.078   0.996468
 9976.097   0.996222
 9976.115   0.996017
 9976.133   0.995827
 9976.151   0.995590
 9976.170   0.995279
 9976.188   0.994883
 9976.206   0.994410
 9976.224   0.993882
 9976.243   0.993283
 9976.261   0.992607
 9976.279   0.991868
 9976.297   0.991139
 9976.316   0.990563
 9976.334   0.990260
 9976.352   0.990281
 9976.370   0.990537
 9976.388   0.990846
 9976.407   0.991057
 9976.425   0.991116
 9976.443   0.991146
 9976.461   0.991315
 9976.480   0.991771
 9976.498   0.992504
 9976.516   0.993387
 9976.534   0.994266
 9976.553   0.995032
 9976.571   0.995663
 9976.589   0.996169
 9976.607   0.996556
 9976.626   0.996790
 9976.644   0.996857
 9976.662   0.996768
 9976.680   0.996607
 9976.698   0.996489
 9976.717   0.996545
 9976.735   0.996856
 9976.753   0.997392
 9976.771   0.997979
 9976.790   0.998338
 9976.808   0.998187
 9976.826   0.997445
 9976.844   0.996295
 9976.863   0.995188
 9976.881   0.994584
 9976.899   0.994738
 9976.917   0.995535
 9976.936   0.996583
 9976.954   0.997435
 9976.972   0.997806
 9976.990   0.997673
 9977.008   0.997203
 9977.027   0.996663
 9977.045   0.996240
 9977.063   0.996044
 9977.081   0.996043
 9977.100   0.996157
 9977.118   0.996267
 9977.136   0.996260
 9977.154   0.996081
 9977.173   0.995693
 9977.191   0.995133
 9977.209   0.994425
 9977.227   0.993614
 9977.246   0.992725
 9977.264   0.991757
 9977.282   0.990707
 9977.300   0.989561
 9977.318   0.988375
 9977.337   0.987253
 9977.355   0.986395
 9977.373   0.985994
 9977.391   0.986177
 9977.410   0.986891
 9977.428   0.987917
 9977.446   0.988968
 9977.464   0.989816
 9977.483   0.990429
 9977.501   0.990925
 9977.519   0.991502
 9977.537   0.992258
 9977.556   0.993154
 9977.574   0.994020
 9977.592   0.994656
 9977.610   0.994949
 9977.628   0.994873
 9977.647   0.994512
 9977.665   0.993988
 9977.683   0.993473
 9977.701   0.993169
 9977.720   0.993257
 9977.738   0.993824
 9977.756   0.994746
 9977.774   0.995707
 9977.793   0.996322
 9977.811   0.996310
 9977.829   0.995713
 9977.847   0.994826
 9977.866   0.994097
 9977.884   0.993808
 9977.902   0.993979
 9977.920   0.994350
 9977.938   0.994565
 9977.957   0.994402
 9977.975   0.993852
 9977.993   0.993186
 9978.011   0.992741
 9978.030   0.992815
 9978.048   0.993447
 9978.066   0.994408
 9978.084   0.995290
 9978.103   0.995675
 9978.121   0.995389
 9978.139   0.994539
 9978.157   0.993490
 9978.176   0.992644
 9978.194   0.992264
 9978.212   0.992381
 9978.230   0.992822
 9978.248   0.993399
 9978.267   0.993974
 9978.285   0.994539
 9978.303   0.995107
 9978.321   0.995633
 9978.340   0.995981
 9978.358   0.996014
 9978.376   0.995703
 9978.394   0.995175
 9978.413   0.994648
 9978.431   0.994286
 9978.449   0.994120
 9978.467   0.994008
 9978.486   0.993782
 9978.504   0.993339
 9978.522   0.992750
 9978.540   0.992214
 9978.558   0.991923
 9978.577   0.991970
 9978.595   0.992255
 9978.613   0.992614
 9978.631   0.992870
 9978.650   0.992948
 9978.668   0.992858
 9978.686   0.992590
 9978.704   0.992143
 9978.723   0.991452
 9978.741   0.990575
 9978.759   0.989629
 9978.777   0.988877
 9978.796   0.988525
 9978.814   0.988698
 9978.832   0.989338
 9978.850   0.990308
 9978.868   0.991434
 9978.887   0.992599
 9978.905   0.993709
 9978.923   0.994656
 9978.941   0.995317
 9978.960   0.995553
 9978.978   0.995333
 9978.996   0.994712
 9979.014   0.993931
 9979.033   0.993222
 9979.051   0.992814
 9979.069   0.992766
 9979.087   0.993002
 9979.106   0.993376
 9979.124   0.993724
 9979.142   0.994018
 9979.160   0.994246
 9979.178   0.994534
 9979.197   0.994946
 9979.215   0.995525
 9979.233   0.996225
 9979.251   0.996922
 9979.270   0.997460
 9979.288   0.997650
 9979.306   0.997401
 9979.324   0.996751
 9979.343   0.995909
 9979.361   0.995181
 9979.379   0.994827
 9979.397   0.994971
 9979.415   0.995508
 9979.434   0.996224
 9979.452   0.996873
 9979.470   0.997312
 9979.488   0.997515
 9979.507   0.997521
 9979.525   0.997347
 9979.543   0.996930
 9979.561   0.996169
 9979.580   0.994979
 9979.598   0.993351
 9979.616   0.991342
 9979.634   0.988985
 9979.653   0.986220
 9979.671   0.982883
 9979.689   0.978787
 9979.707   0.973837
 9979.725   0.968157
 9979.744   0.962103
 9979.762   0.956167
 9979.780   0.950814
 9979.798   0.946439
 9979.817   0.943335
 9979.835   0.941769
 9979.853   0.941891
 9979.871   0.943814
 9979.890   0.947414
 9979.908   0.952417
 9979.926   0.958276
 9979.944   0.964365
 9979.963   0.969994
 9979.981   0.974724
 9979.999   0.978351
 9980.017   0.981055
 9980.035   0.983186
 9980.054   0.985098
 9980.072   0.986966
 9980.090   0.988732
 9980.108   0.990266
 9980.127   0.991454
 9980.145   0.992349
 9980.163   0.993035
 9980.181   0.993579
 9980.200   0.993939
 9980.218   0.994037
 9980.236   0.993867
 9980.254   0.993540
 9980.273   0.993254
 9980.291   0.993159
 9980.309   0.993277
 9980.327   0.993529
 9980.345   0.993791
 9980.364   0.993995
 9980.382   0.994115
 9980.400   0.994170
 9980.418   0.994184
 9980.437   0.994206
 9980.455   0.994292
 9980.473   0.994511
 9980.491   0.994865
 9980.510   0.995312
 9980.528   0.995733
 9980.546   0.996024
 9980.564   0.996113
 9980.583   0.996015
 9980.601   0.995805
 9980.619   0.995577
 9980.637   0.995404
 9980.655   0.995296
 9980.674   0.995231
 9980.692   0.995157
 9980.710   0.995037
 9980.728   0.994859
 9980.747   0.994650
 9980.765   0.994456
 9980.783   0.994335
 9980.801   0.994318
 9980.820   0.994421
 9980.838   0.994628
 9980.856   0.994910
 9980.874   0.995232
 9980.893   0.995549
 9980.911   0.995798
 9980.929   0.995871
 9980.947   0.995661
 9980.965   0.995110
 9980.984   0.994271
 9981.002   0.993321
 9981.020   0.992489
 9981.038   0.991993
 9981.057   0.991924
 9981.075   0.992252
 9981.093   0.992832
 9981.111   0.993484
 9981.130   0.994043
 9981.148   0.994402
 9981.166   0.994516
 9981.184   0.994421
 9981.203   0.994211
 9981.221   0.994040
 9981.239   0.994054
 9981.257   0.994316
 9981.275   0.994772
 9981.294   0.995247
 9981.312   0.995586
 9981.330   0.995680
 9981.348   0.995587
 9981.367   0.995433
 9981.385   0.995369
 9981.403   0.995472
 9981.421   0.995692
 9981.440   0.995907
 9981.458   0.995922
 9981.476   0.995588
 9981.494   0.994825
 9981.513   0.993691
 9981.531   0.992376
 9981.549   0.991152
 9981.567   0.990321
 9981.585   0.990044
 9981.604   0.990303
 9981.622   0.990843
 9981.640   0.991347
 9981.658   0.991547
 9981.677   0.991408
 9981.695   0.991089
 9981.713   0.990861
 9981.731   0.990942
 9981.750   0.991412
 9981.768   0.992189
 9981.786   0.993113
 9981.804   0.994015
 9981.823   0.994743
 9981.841   0.995219
 9981.859   0.995424
 9981.877   0.995461
 9981.895   0.995474
 9981.914   0.995624
 9981.932   0.995957
 9981.950   0.996392
 9981.968   0.996772
 9981.987   0.996976
 9982.005   0.996998
 9982.023   0.996930
 9982.041   0.996838
 9982.060   0.996719
 9982.078   0.996490
 9982.096   0.996178
 9982.114   0.995931
 9982.133   0.995994
 9982.151   0.996486
 9982.169   0.997222
 9982.187   0.997803
 9982.205   0.997785
 9982.224   0.997053
 9982.242   0.995849
 9982.260   0.994688
 9982.278   0.994054
 9982.297   0.994108
 9982.315   0.994721
 9982.333   0.995497
 9982.351   0.996093
 9982.370   0.996288
 9982.388   0.996097
 9982.406   0.995710
 9982.424   0.995372
 9982.443   0.995361
 9982.461   0.995807
 9982.479   0.996718
 9982.497   0.997895
 9982.515   0.999027
 9982.534   0.999772
 9982.552   0.999901
 9982.570   0.999399
 9982.588   0.998434
 9982.607   0.997321
 9982.625   0.996348
 9982.643   0.995728
 9982.661   0.995492
 9982.680   0.995571
 9982.698   0.995799
 9982.716   0.996012
 9982.734   0.996114
 9982.753   0.996101
 9982.771   0.996091
 9982.789   0.996165
 9982.807   0.996377
 9982.825   0.996628
 9982.844   0.996794
 9982.862   0.996768
 9982.880   0.996552
 9982.898   0.996236
 9982.917   0.995892
 9982.935   0.995562
 9982.953   0.995224
 9982.971   0.994881
 9982.990   0.994616
 9983.008   0.994537
 9983.026   0.994770
 9983.044   0.995292
 9983.063   0.995993
 9983.081   0.996673
 9983.099   0.997149
 9983.117   0.997330
 9983.135   0.997197
 9983.154   0.996816
 9983.172   0.996291
 9983.190   0.995780
 9983.208   0.995476
 9983.227   0.995528
 9983.245   0.995997
 9983.263   0.996736
 9983.281   0.997481
 9983.300   0.997934
 9983.318   0.997941
 9983.336   0.997531
 9983.354   0.996892
 9983.373   0.996210
 9983.391   0.995606
 9983.409   0.995088
 9983.427   0.994639
 9983.445   0.994265
 9983.464   0.994012
 9983.482   0.993989
 9983.500   0.994259
 9983.518   0.994817
 9983.537   0.995534
 9983.555   0.996176
 9983.573   0.996511
 9983.591   0.996384
 9983.610   0.995795
 9983.628   0.994886
 9983.646   0.993874
 9983.664   0.993017
 9983.683   0.992539
 9983.701   0.992620
 9983.719   0.993316
 9983.737   0.994513
 9983.755   0.995926
 9983.774   0.997156
 9983.792   0.997860
 9983.810   0.997915
 9983.828   0.997441
 9983.847   0.996764
 9983.865   0.996148
 9983.883   0.995729
 9983.901   0.995397
 9983.920   0.994983
 9983.938   0.994376
 9983.956   0.993618
 9983.974   0.992887
 9983.993   0.992356
 9984.011   0.992104
 9984.029   0.992038
 9984.047   0.991988
 9984.065   0.991772
 9984.084   0.991316
 9984.102   0.990644
 9984.120   0.989898
 9984.138   0.989247
 9984.157   0.988873
 9984.175   0.988892
 9984.193   0.989316
 9984.211   0.990044
 9984.230   0.990870
 9984.248   0.991564
 9984.266   0.991949
 9984.284   0.991939
 9984.303   0.991559
 9984.321   0.990884
 9984.339   0.990024
 9984.357   0.989126
 9984.375   0.988351
 9984.394   0.987922
 9984.412   0.987940
 9984.430   0.988448
 9984.448   0.989289
 9984.467   0.990284
 9984.485   0.991247
 9984.503   0.992124
 9984.521   0.992948
 9984.540   0.993770
 9984.558   0.994587
 9984.576   0.995263
 9984.594   0.995675
 9984.613   0.995744
 9984.631   0.995557
 9984.649   0.995256
 9984.667   0.995000
 9984.685   0.994856
 9984.704   0.994806
 9984.722   0.994803
 9984.740   0.994818
 9984.758   0.994860
 9984.777   0.994940
 9984.795   0.995029
 9984.813   0.995052
 9984.831   0.994936
 9984.850   0.994649
 9984.868   0.994227
 9984.886   0.993768
 9984.904   0.993370
 9984.923   0.993167
 9984.941   0.993245
 9984.959   0.993672
 9984.977   0.994368
 9984.995   0.995168
 9985.014   0.995812
 9985.032   0.996114
 9985.050   0.996006
 9985.068   0.995551
 9985.087   0.994862
 9985.105   0.994005
 9985.123   0.993080
 9985.141   0.992145
 9985.160   0.991400
 9985.178   0.990951
 9985.196   0.990926
 9985.214   0.991256
 9985.232   0.991818
 9985.251   0.992423
 9985.269   0.992941
 9985.287   0.993297
 9985.305   0.993450
 9985.324   0.993338
 9985.342   0.992878
 9985.360   0.992023
 9985.378   0.990827
 9985.397   0.989529
 9985.415   0.988426
 9985.433   0.987822
 9985.451   0.987816
 9985.470   0.988334
 9985.488   0.989156
 9985.506   0.990040
 9985.524   0.990821
 9985.542   0.991424
 9985.561   0.991891
 9985.579   0.992316
 9985.597   0.992784
 9985.615   0.993324
 9985.634   0.993870
 9985.652   0.994293
 9985.670   0.994480
 9985.688   0.994357
 9985.707   0.993969
 9985.725   0.993399
 9985.743   0.992801
 9985.761   0.992296
 9985.780   0.991964
 9985.798   0.991815
 9985.816   0.991793
 9985.834   0.991799
 9985.852   0.991732
 9985.871   0.991545
 9985.889   0.991263
 9985.907   0.990995
 9985.925   0.990913
 9985.944   0.991172
 9985.962   0.991828
 9985.980   0.992798
 9985.998   0.993826
 9986.017   0.994654
 9986.035   0.995069
 9986.053   0.995071
 9986.071   0.994811
 9986.090   0.994488
 9986.108   0.994274
 9986.126   0.994158
 9986.144   0.994106
 9986.162   0.994023
 9986.181   0.993875
 9986.199   0.993627
 9986.217   0.993236
 9986.235   0.992666
 9986.254   0.991949
 9986.272   0.991227
 9986.290   0.990708
 9986.308   0.990524
 9986.327   0.990696
 9986.345   0.991047
 9986.363   0.991408
 9986.381   0.991683
 9986.400   0.991918
 9986.418   0.992223
 9986.436   0.992637
 9986.454   0.993120
 9986.472   0.993560
 9986.491   0.993895
 9986.509   0.994148
 9986.527   0.994404
 9986.545   0.994740
 9986.564   0.995125
 9986.582   0.995428
 9986.600   0.995428
 9986.618   0.994960
 9986.637   0.993953
 9986.655   0.992507
 9986.673   0.990821
 9986.691   0.989091
 9986.710   0.987414
 9986.728   0.985692
 9986.746   0.983788
 9986.764   0.981534
 9986.782   0.978914
 9986.801   0.976008
 9986.819   0.972987
 9986.837   0.970062
 9986.855   0.967462
 9986.874   0.965448
 9986.892   0.964288
 9986.910   0.964205
 9986.928   0.965325
 9986.947   0.967596
 9986.965   0.970800
 9986.983   0.974540
 9987.001   0.978334
 9987.020   0.981726
 9987.038   0.984415
 9987.056   0.986356
 9987.074   0.987706
 9987.092   0.988753
 9987.111   0.989683
 9987.129   0.990594
 9987.147   0.991436
 9987.165   0.992185
 9987.184   0.992876
 9987.202   0.993589
 9987.220   0.994386
 9987.238   0.995203
 9987.257   0.995903
 9987.275   0.996331
 9987.293   0.996432
 9987.311   0.996281
 9987.330   0.996019
 9987.348   0.995776
 9987.366   0.995582
 9987.384   0.995381
 9987.402   0.995049
 9987.421   0.994542
 9987.439   0.993899
 9987.457   0.993254
 9987.475   0.992758
 9987.494   0.992500
 9987.512   0.992471
 9987.530   0.992592
 9987.548   0.992813
 9987.567   0.993115
 9987.585   0.993554
 9987.603   0.994154
 9987.621   0.994903
 9987.640   0.995651
 9987.658   0.996265
 9987.676   0.996585
 9987.694   0.996593
 9987.712   0.996331
 9987.731   0.995959
 9987.749   0.995659
 9987.767   0.995567
 9987.785   0.995750
 9987.804   0.996071
 9987.822   0.996348
 9987.840   0.996359
 9987.858   0.996090
 9987.877   0.995692
 9987.895   0.995465
 9987.913   0.995623
 9987.931   0.996135
 9987.950   0.996699
 9987.968   0.996912
 9987.986   0.996574
 9988.004   0.995778
 9988.022   0.994961
 9988.041   0.994572
 9988.059   0.994894
 9988.077   0.995858
 9988.095   0.997121
 9988.114   0.998265
 9988.132   0.998960
 9988.150   0.999127
 9988.168   0.998818
 9988.187   0.998141
 9988.205   0.997132
 9988.223   0.995757
 9988.241   0.994086
 9988.260   0.992324
 9988.278   0.990862
 9988.296   0.990052
 9988.314   0.990008
 9988.332   0.990513
 9988.351   0.991120
 9988.369   0.991504
 9988.387   0.991576
 9988.405   0.991566
 9988.424   0.991734
 9988.442   0.992145
 9988.460   0.992629
 9988.478   0.992865
 9988.497   0.992727
 9988.515   0.992270
 9988.533   0.991774
 9988.551   0.991439
 9988.570   0.991296
 9988.588   0.991189
 9988.606   0.990936
 9988.624   0.990547
 9988.642   0.990200
 9988.661   0.990138
 9988.679   0.990491
 9988.697   0.991118
 9988.715   0.991765
 9988.734   0.992165
 9988.752   0.992323
 9988.770   0.992465
 9988.788   0.992901
 9988.807   0.993827
 9988.825   0.995099
 9988.843   0.996420
 9988.861   0.997417
 9988.880   0.997956
 9988.898   0.998083
 9988.916   0.997938
 9988.934   0.997684
 9988.952   0.997363
 9988.971   0.997071
 9988.989   0.996848
 9989.007   0.996735
 9989.025   0.996655
 9989.044   0.996400
 9989.062   0.995785
 9989.080   0.994716
 9989.098   0.993368
 9989.117   0.991998
 9989.135   0.990896
 9989.153   0.990173
 9989.171   0.989755
 9989.190   0.989460
 9989.208   0.989038
 9989.226   0.988378
 9989.244   0.987416
 9989.262   0.986309
 9989.281   0.985250
 9989.299   0.984494
 9989.317   0.984243
 9989.335   0.984521
 9989.354   0.985270
 9989.372   0.986285
 9989.390   0.987452
 9989.408   0.988677
 9989.427   0.989928
 9989.445   0.991144
 9989.463   0.992161
 9989.481   0.992859
 9989.500   0.993138
 9989.518   0.993106
 9989.536   0.992928
 9989.554   0.992848
 9989.572   0.992995
 9989.591   0.993385
 9989.609   0.993944
 9989.627   0.994543
 9989.645   0.995073
 9989.664   0.995374
 9989.682   0.995354
 9989.700   0.994962
 9989.718   0.994350
 9989.737   0.993765
 9989.755   0.993470
 9989.773   0.993537
 9989.791   0.993824
 9989.810   0.994087
 9989.828   0.994181
 9989.846   0.994130
 9989.864   0.994055
 9989.882   0.994028
 9989.901   0.993969
 9989.919   0.993752
 9989.937   0.993322
 9989.955   0.992847
 9989.974   0.992558
 9989.992   0.992618
 9990.010   0.992930
 9990.028   0.993223
 9990.047   0.993254
 9990.065   0.992986
 9990.083   0.992610
 9990.101   0.992385
 9990.120   0.992476
 9990.138   0.992842
 9990.156   0.993348
 9990.174   0.993846
 9990.192   0.994274
 9990.211   0.994600
 9990.229   0.994802
 9990.247   0.994829
 9990.265   0.994664
 9990.284   0.994407
 9990.302   0.994249
 9990.320   0.994381
 9990.338   0.994845
 9990.357   0.995502
 9990.375   0.996083
 9990.393   0.996329
 9990.411   0.996106
 9990.430   0.995440
 9990.448   0.994498
 9990.466   0.993531
 9990.484   0.992741
 9990.502   0.992266
 9990.521   0.992061
 9990.539   0.992011
 9990.557   0.991947
 9990.575   0.991827
 9990.594   0.991717
 9990.612   0.991757
 9990.630   0.992029
 9990.648   0.992475
 9990.667   0.992962
 9990.685   0.993348
 9990.703   0.993638
 9990.721   0.993893
 9990.739   0.994214
 9990.758   0.994594
 9990.776   0.994940
 9990.794   0.995137
 9990.812   0.995143
 9990.831   0.995048
 9990.849   0.994991
 9990.867   0.995040
 9990.885   0.995112
 9990.904   0.994977
 9990.922   0.994442
 9990.940   0.993435
 9990.958   0.992113
 9990.977   0.990778
 9990.995   0.989737
 9991.013   0.989202
 9991.031   0.989180
 9991.049   0.989525
 9991.068   0.990019
 9991.086   0.990490
 9991.104   0.990872
 9991.122   0.991219
 9991.141   0.991656
 9991.159   0.992276
 9991.177   0.993099
 9991.195   0.993996
 9991.214   0.994775
 9991.232   0.995165
 9991.250   0.995034
 9991.268   0.994425
 9991.287   0.993645
 9991.305   0.993135
 9991.323   0.993218
 9991.341   0.993921
 9991.359   0.994915
 9991.378   0.995738
 9991.396   0.996025
 9991.414   0.995724
 9991.432   0.995069
 9991.451   0.994402
 9991.469   0.993943
 9991.487   0.993701
 9991.505   0.993469
 9991.524   0.993022
 9991.542   0.992212
 9991.560   0.990996
 9991.578   0.989430
 9991.597   0.987575
 9991.615   0.985570
 9991.633   0.983595
 9991.651   0.981910
 9991.669   0.980777
 9991.688   0.980346
 9991.706   0.980687
 9991.724   0.981727
 9991.742   0.983329
 9991.761   0.985275
 9991.779   0.987329
 9991.797   0.989283
 9991.815   0.991032
 9991.834   0.992586
 9991.852   0.993957
 9991.870   0.995082
 9991.888   0.995764
 9991.907   0.995870
 9991.925   0.995442
 9991.943   0.994835
 9991.961   0.994497
 9991.979   0.994725
 9991.998   0.995449
 9992.016   0.996250
 9992.034   0.996681
 9992.052   0.996507
 9992.071   0.995910
 9992.089   0.995315
 9992.107   0.995185
 9992.125   0.995692
 9992.144   0.996657
 9992.162   0.997675
 9992.180   0.998342
 9992.198   0.998573
 9992.217   0.998501
 9992.235   0.998401
 9992.253   0.998368
 9992.271   0.998224
 9992.289   0.997742
 9992.308   0.996773
 9992.326   0.995547
 9992.344   0.994474
 9992.362   0.993967
 9992.381   0.994195
 9992.399   0.994942
 9992.417   0.995822
 9992.435   0.996390
 9992.454   0.996436
 9992.472   0.996000
 9992.490   0.995291
 9992.508   0.994603
 9992.527   0.994131
 9992.545   0.994014
 9992.563   0.994273
 9992.581   0.994877
 9992.599   0.995688
 9992.618   0.996479
 9992.636   0.996987
 9992.654   0.996984
 9992.672   0.996408
 9992.691   0.995363
 9992.709   0.994188
 9992.727   0.993247
 9992.745   0.992903
 9992.764   0.993270
 9992.782   0.994186
 9992.800   0.995284
 9992.818   0.996097
 9992.837   0.996391
 9992.855   0.996110
 9992.873   0.995466
 9992.891   0.994754
 9992.909   0.994198
 9992.928   0.993956
 9992.946   0.993968
 9992.964   0.994130
 9992.982   0.994255
 9993.001   0.994285
 9993.019   0.994308
 9993.037   0.994557
 9993.055   0.995205
 9993.074   0.996219
 9993.092   0.997246
 9993.110   0.997791
 9993.128   0.997482
 9993.147   0.996299
 9993.165   0.994680
 9993.183   0.993213
 9993.201   0.992450
 9993.219   0.992472
 9993.238   0.993008
 9993.256   0.993509
 9993.274   0.993554
 9993.292   0.993026
 9993.311   0.992179
 9993.329   0.991415
 9993.347   0.991054
 9993.365   0.991157
 9993.384   0.991555
 9993.402   0.992000
 9993.420   0.992301
 9993.438   0.992442
 9993.457   0.992434
 9993.475   0.992389
 9993.493   0.992302
 9993.511   0.992249
 9993.529   0.992261
 9993.548   0.992377
 9993.566   0.992606
 9993.584   0.992865
 9993.602   0.993158
 9993.621   0.993497
 9993.639   0.993958
 9993.657   0.994563
 9993.675   0.995180
 9993.694   0.995654
 9993.712   0.995804
 9993.730   0.995637
 9993.748   0.995280
 9993.767   0.994926
 9993.785   0.994704
 9993.803   0.994585
 9993.821   0.994472
 9993.839   0.994271
 9993.858   0.994023
 9993.876   0.993889
 9993.894   0.993996
 9993.912   0.994388
 9993.931   0.994878
 9993.949   0.995319
 9993.967   0.995663
 9993.985   0.996037
 9994.004   0.996620
 9994.022   0.997309
 9994.040   0.997820
 9994.058   0.997737
 9994.077   0.996968
 9994.095   0.995825
 9994.113   0.994912
 9994.131   0.994803
 9994.149   0.995636
 9994.168   0.997109
 9994.186   0.998521
 9994.204   0.999232
 9994.222   0.998924
 9994.241   0.997859
 9994.259   0.996728
 9994.277   0.996213
 9994.295   0.996647
 9994.314   0.997695
 9994.332   0.998733
 9994.350   0.999098
 9994.368   0.998611
 9994.387   0.997527
 9994.405   0.996351
 9994.423   0.995534
 9994.441   0.995189
 9994.459   0.995251
 9994.478   0.995460
 9994.496   0.995668
 9994.514   0.995800
 9994.532   0.995795
 9994.551   0.995651
 9994.569   0.995308
 9994.587   0.994857
 9994.605   0.994456
 9994.624   0.994303
 9994.642   0.994518
 9994.660   0.995022
 9994.678   0.995636
 9994.697   0.996165
 9994.715   0.996421
 9994.733   0.996326
 9994.751   0.995734
 9994.769   0.994628
 9994.788   0.993150
 9994.806   0.991671
 9994.824   0.990671
 9994.842   0.990439
 9994.861   0.990876
 9994.879   0.991547
 9994.897   0.991888
 9994.915   0.991606
 9994.934   0.990725
 9994.952   0.989543
 9994.970   0.988325
 9994.988   0.987147
 9995.007   0.985982
 9995.025   0.984800
 9995.043   0.983725
 9995.061   0.982921
 9995.079   0.982415
 9995.098   0.982031
 9995.116   0.981539
 9995.134   0.980866
 9995.152   0.980166
 9995.171   0.979696
 9995.189   0.979502
 9995.207   0.979366
 9995.225   0.978951
 9995.244   0.978124
 9995.262   0.977143
 9995.280   0.976479
 9995.298   0.976576
 9995.317   0.977513
 9995.335   0.979024
 9995.353   0.980584
 9995.371   0.981724
 9995.389   0.982118
 9995.408   0.981664
 9995.426   0.980528
 9995.444   0.978938
 9995.462   0.977199
 9995.481   0.975369
 9995.499   0.973382
 9995.517   0.971055
 9995.535   0.968226
 9995.554   0.964821
 9995.572   0.960718
 9995.590   0.955872
 9995.608   0.950387
 9995.627   0.944695
 9995.645   0.939501
 9995.663   0.935602
 9995.681   0.933561
 9995.699   0.933596
 9995.718   0.935560
 9995.736   0.939105
 9995.754   0.943781
 9995.772   0.949080
 9995.791   0.954503
 9995.809   0.959660
 9995.827   0.964386
 9995.845   0.968704
 9995.864   0.972654
 9995.882   0.976207
 9995.900   0.979233
 9995.918   0.981640
 9995.937   0.983523
 9995.955   0.985066
 9995.973   0.986483
 9995.991   0.987813
 9996.009   0.989023
 9996.028   0.990069
 9996.046   0.990998
 9996.064   0.991862
 9996.082   0.992636
 9996.101   0.993204
 9996.119   0.993505
 9996.137   0.993623
 9996.155   0.993792
 9996.174   0.994233
 9996.192   0.995015
 9996.210   0.996036
 9996.228   0.997030
 9996.246   0.997779
 9996.265   0.998108
 9996.283   0.998064
 9996.301   0.997716
 9996.319   0.997225
 9996.338   0.996652
 9996.356   0.996028
 9996.374   0.995448
 9996.392   0.995003
 9996.411   0.994804
 9996.429   0.994748
 9996.447   0.994582
 9996.465   0.994014
 9996.484   0.992915
 9996.502   0.991560
 9996.520   0.990460
 9996.538   0.990143
 9996.556   0.990805
 9996.575   0.992163
 9996.593   0.993676
 9996.611   0.994727
 9996.629   0.995082
 9996.648   0.994822
 9996.666   0.994378
 9996.684   0.994119
 9996.702   0.994210
 9996.721   0.994497
 9996.739   0.994631
 9996.757   0.994383
 9996.775   0.993718
 9996.794   0.992903
 9996.812   0.992224
 9996.830   0.991879
 9996.848   0.991926
 9996.866   0.992296
 9996.885   0.992943
 9996.903   0.993800
 9996.921   0.994721
 9996.939   0.995546
 9996.958   0.996093
 9996.976   0.996367
 9996.994   0.996500
 9997.012   0.996712
 9997.031   0.997167
 9997.049   0.997789
 9997.067   0.998369
 9997.085   0.998582
 9997.104   0.998288
 9997.122   0.997573
 9997.140   0.996761
 9997.158   0.996209
 9997.176   0.996028
 9997.195   0.996146
 9997.213   0.996342
 9997.231   0.996537
 9997.249   0.996795
 9997.268   0.997161
 9997.286   0.997629
 9997.304   0.998017
 9997.322   0.998259
 9997.341   0.998395
 9997.359   0.998519
 9997.377   0.998620
 9997.395   0.998483
 9997.414   0.997869
 9997.432   0.996806
 9997.450   0.995570
 9997.468   0.994616
 9997.486   0.994188
 9997.505   0.994180
 9997.523   0.994287
 9997.541   0.994150
 9997.559   0.993811
 9997.578   0.993526
 9997.596   0.993707
 9997.614   0.994546
 9997.632   0.995845
 9997.651   0.997068
 9997.669   0.997568
 9997.687   0.997091
 9997.705   0.995884
 9997.724   0.994658
 9997.742   0.994092
 9997.760   0.994410
 9997.778   0.995311
 9997.796   0.996176
 9997.815   0.996600
 9997.833   0.996571
 9997.851   0.996484
 9997.869   0.996735
 9997.888   0.997357
 9997.906   0.997972
 9997.924   0.997976
 9997.942   0.996998
 9997.961   0.995110
 9997.979   0.992895
 9997.997   0.991109
 9998.015   0.990341
 9998.034   0.990707
 9998.052   0.991792
 9998.070   0.992924
 9998.088   0.993413
 9998.106   0.993131
 9998.125   0.992340
 9998.143   0.991741
 9998.161   0.991855
 9998.179   0.992832
 9998.198   0.994306
 9998.216   0.995570
 9998.234   0.996054
 9998.252   0.995462
 9998.271   0.994149
 9998.289   0.992707
 9998.307   0.991830
 9998.325   0.991672
 9998.344   0.991874
 9998.362   0.991800
 9998.380   0.991001
 9998.398   0.989721
 9998.416   0.988578
 9998.435   0.988234
 9998.453   0.988770
 9998.471   0.989708
 9998.489   0.990366
 9998.508   0.990326
 9998.526   0.989845
 9998.544   0.989489
 9998.562   0.989840
 9998.581   0.990913
 9998.599   0.992219
 9998.617   0.993072
 9998.635   0.993033
 9998.654   0.992253
 9998.672   0.991209
 9998.690   0.990490
 9998.708   0.990232
 9998.726   0.990322
 9998.745   0.990397
 9998.763   0.990253
 9998.781   0.989927
 9998.799   0.989543
 9998.818   0.989345
 9998.836   0.989309
 9998.854   0.989390
 9998.872   0.989342
 9998.891   0.989002
 9998.909   0.988389
 9998.927   0.987744
 9998.945   0.987471
 9998.964   0.987768
 9998.982   0.988561
 9999.000   0.989547
