 9618.000   0.435701
 9618.017   0.388656
 9618.035   0.344540
 9618.052   0.307817
 9618.069   0.282585
 9618.086   0.271950
 9618.104   0.277690
 9618.121   0.299864
 9618.138   0.337041
 9618.155   0.386316
 9618.173   0.444130
 9618.190   0.506618
 9618.207   0.570115
 9618.224   0.631553
 9618.242   0.688673
 9618.259   0.740013
 9618.276   0.784950
 9618.293   0.823426
 9618.311   0.855854
 9618.328   0.882878
 9618.345   0.905230
 9618.362   0.923588
 9618.380   0.938619
 9618.397   0.950947
 9618.414   0.961116
 9618.431   0.969572
 9618.449   0.976698
 9618.466   0.982786
 9618.483   0.988032
 9618.500   0.992566
 9618.518   0.996460
 9618.535   0.999766
 9618.552   1.002509
 9618.570   1.004730
 9618.587   1.006475
 9618.604   1.007833
 9618.621   1.008931
 9618.639   1.009898
 9618.656   1.010849
 9618.673   1.011826
 9618.690   1.012801
 9618.708   1.013656
 9618.725   1.014236
 9618.742   1.014367
 9618.759   1.013912
 9618.777   1.012789
 9618.794   1.011003
 9618.811   1.008643
 9618.828   1.005881
 9618.846   1.002952
 9618.863   1.000140
 9618.880   0.997725
 9618.897   0.995960
 9618.915   0.995001
 9618.932   0.994894
 9618.949   0.995539
 9618.966   0.996759
 9618.984   0.998313
 9619.001   0.999997
 9619.018   1.001638
 9619.035   1.003134
 9619.053   1.004432
 9619.070   1.005537
 9619.087   1.006496
 9619.105   1.007374
 9619.122   1.008239
 9619.139   1.009102
 9619.156   1.009934
 9619.174   1.010617
 9619.191   1.011037
 9619.208   1.011095
 9619.225   1.010830
 9619.243   1.010354
 9619.260   1.009863
 9619.277   1.009512
 9619.294   1.009368
 9619.312   1.009377
 9619.329   1.009389
 9619.346   1.009260
 9619.363   1.008889
 9619.381   1.008299
 9619.398   1.007567
 9619.415   1.006815
 9619.432   1.006131
 9619.450   1.005563
 9619.467   1.005109
 9619.484   1.004745
 9619.501   1.004468
 9619.519   1.004269
 9619.536   1.004137
 9619.553   1.004034
 9619.570   1.003891
 9619.588   1.003639
 9619.605   1.003229
 9619.622   1.002674
 9619.640   1.002035
 9619.657   1.001394
 9619.674   1.000819
 9619.691   1.000319
 9619.709   0.999887
 9619.726   0.999494
 9619.743   0.999165
 9619.760   0.998937
 9619.778   0.998868
 9619.795   0.998959
 9619.812   0.999146
 9619.829   0.999296
 9619.847   0.999248
 9619.864   0.998889
 9619.881   0.998190
 9619.898   0.997226
 9619.916   0.996117
 9619.933   0.994986
 9619.950   0.993889
 9619.967   0.992835
 9619.985   0.991747
 9620.002   0.990527
 9620.019   0.989054
 9620.036   0.987233
 9620.054   0.984990
 9620.071   0.982304
 9620.088   0.979185
 9620.106   0.975691
 9620.123   0.971884
 9620.140   0.967818
 9620.157   0.963514
 9620.175   0.958972
 9620.192   0.954182
 9620.209   0.949142
 9620.226   0.943859
 9620.244   0.938310
 9620.261   0.932426
 9620.278   0.926058
 9620.295   0.919011
 9620.313   0.911057
 9620.330   0.902013
 9620.347   0.891760
 9620.364   0.880231
 9620.382   0.867363
 9620.399   0.853006
 9620.416   0.836919
 9620.433   0.818732
 9620.451   0.798038
 9620.468   0.774480
 9620.485   0.747790
 9620.502   0.717806
 9620.520   0.684477
 9620.537   0.647742
 9620.554   0.607462
 9620.571   0.563649
 9620.589   0.516598
 9620.606   0.467067
 9620.623   0.416337
 9620.641   0.366367
 9620.658   0.319441
 9620.675   0.277953
 9620.692   0.244149
 9620.710   0.219886
 9620.727   0.206437
 9620.744   0.204307
 9620.761   0.213117
 9620.779   0.231898
 9620.796   0.259285
 9620.813   0.293763
 9620.830   0.333817
 9620.848   0.378053
 9620.865   0.425123
 9620.882   0.473632
 9620.899   0.522140
 9620.917   0.569271
 9620.934   0.613787
 9620.951   0.654679
 9620.968   0.691167
 9620.986   0.722712
 9621.003   0.748958
 9621.020   0.769713
 9621.037   0.784961
 9621.055   0.794902
 9621.072   0.799950
 9621.089   0.800746
 9621.106   0.798185
 9621.124   0.793448
 9621.141   0.787944
 9621.158   0.783213
 9621.176   0.780757
 9621.193   0.781854
 9621.210   0.787300
 9621.227   0.797317
 9621.245   0.811502
 9621.262   0.828927
 9621.279   0.848333
 9621.296   0.868359
 9621.314   0.887809
 9621.331   0.905776
 9621.348   0.921757
 9621.365   0.935636
 9621.383   0.947602
 9621.400   0.957987
 9621.417   0.967138
 9621.434   0.975307
 9621.452   0.982587
 9621.469   0.988940
 9621.486   0.994265
 9621.503   0.998535
 9621.521   1.001832
 9621.538   1.004392
 9621.555   1.006540
 9621.572   1.008573
 9621.590   1.010704
 9621.607   1.012961
 9621.624   1.015255
 9621.641   1.017398
 9621.659   1.019246
 9621.676   1.020725
 9621.693   1.021848
 9621.711   1.022699
 9621.728   1.023363
 9621.745   1.023933
 9621.762   1.024448
 9621.780   1.024950
 9621.797   1.025440
 9621.814   1.025926
 9621.831   1.026377
 9621.849   1.026737
 9621.866   1.026930
 9621.883   1.026882
 9621.900   1.026549
 9621.918   1.025938
 9621.935   1.025118
 9621.952   1.024174
 9621.969   1.023179
 9621.987   1.022132
 9622.004   1.020977
 9622.021   1.019581
 9622.038   1.017855
 9622.056   1.015729
 9622.073   1.013243
 9622.090   1.010461
 9622.107   1.007449
 9622.125   1.004177
 9622.142   1.000531
 9622.159   0.996338
 9622.176   0.991434
 9622.194   0.985765
 9622.211   0.979373
 9622.228   0.972376
 9622.246   0.964863
 9622.263   0.956833
 9622.280   0.948137
 9622.297   0.938495
 9622.315   0.927544
 9622.332   0.914904
 9622.349   0.900237
 9622.366   0.883283
 9622.384   0.863791
 9622.401   0.841546
 9622.418   0.816266
 9622.435   0.787625
 9622.453   0.755221
 9622.470   0.718702
 9622.487   0.677741
 9622.504   0.632298
 9622.522   0.582804
 9622.539   0.530229
 9622.556   0.476113
 9622.573   0.422568
 9622.591   0.372147
 9622.608   0.327621
 9622.625   0.291768
 9622.642   0.267095
 9622.660   0.255496
 9622.677   0.257950
 9622.694   0.274279
 9622.711   0.303331
 9622.729   0.343100
 9622.746   0.391155
 9622.763   0.444888
 9622.781   0.501722
 9622.798   0.559226
 9622.815   0.615239
 9622.832   0.667993
 9622.850   0.716325
 9622.867   0.759597
 9622.884   0.797821
 9622.901   0.831313
 9622.919   0.860562
 9622.936   0.886115
 9622.953   0.908390
 9622.970   0.927651
 9622.988   0.944072
 9623.005   0.957855
 9623.022   0.969254
 9623.039   0.978644
 9623.057   0.986427
 9623.074   0.992957
 9623.091   0.998460
 9623.108   1.003023
 9623.126   1.006643
 9623.143   1.009290
 9623.160   1.010975
 9623.177   1.011739
 9623.195   1.011642
 9623.212   1.010713
 9623.229   1.008928
 9623.246   1.006217
 9623.264   1.002459
 9623.281   0.997511
 9623.298   0.991253
 9623.316   0.983566
 9623.333   0.974395
 9623.350   0.963741
 9623.367   0.951674
 9623.385   0.938261
 9623.402   0.923572
 9623.419   0.907611
 9623.436   0.890301
 9623.454   0.871482
 9623.471   0.850961
 9623.488   0.828542
 9623.505   0.804045
 9623.523   0.777332
 9623.540   0.748168
 9623.557   0.716301
 9623.574   0.681474
 9623.592   0.643470
 9623.609   0.602129
 9623.626   0.557483
 9623.643   0.509854
 9623.661   0.459823
 9623.678   0.408280
 9623.695   0.356483
 9623.712   0.305900
 9623.730   0.258054
 9623.747   0.214394
 9623.764   0.176119
 9623.782   0.144134
 9623.799   0.119049
 9623.816   0.101165
 9623.833   0.090542
 9623.851   0.087083
 9623.868   0.090698
 9623.885   0.101322
 9623.902   0.118893
 9623.920   0.143269
 9623.937   0.174181
 9623.954   0.211089
 9623.971   0.253172
 9623.989   0.299419
 9624.006   0.348698
 9624.023   0.399862
 9624.040   0.451714
 9624.058   0.503077
 9624.075   0.552904
 9624.092   0.600403
 9624.109   0.645004
 9624.127   0.686351
 9624.144   0.724257
 9624.161   0.758686
 9624.178   0.789716
 9624.196   0.817499
 9624.213   0.842239
 9624.230   0.864182
 9624.247   0.883599
 9624.265   0.900682
 9624.282   0.915609
 9624.299   0.928524
 9624.317   0.939615
 9624.334   0.949143
 9624.351   0.957402
 9624.368   0.964730
 9624.386   0.971367
 9624.403   0.977436
 9624.420   0.982915
 9624.437   0.987744
 9624.455   0.991887
 9624.472   0.995414
 9624.489   0.998519
 9624.506   1.001430
 9624.524   1.004333
 9624.541   1.007254
 9624.558   1.010064
 9624.575   1.012496
 9624.593   1.014240
 9624.610   1.015045
 9624.627   1.014769
 9624.644   1.013432
 9624.662   1.011132
 9624.679   1.008026
 9624.696   1.004224
 9624.713   0.999748
 9624.731   0.994511
 9624.748   0.988285
 9624.765   0.980754
 9624.782   0.971464
 9624.800   0.959957
 9624.817   0.945771
 9624.834   0.928621
 9624.852   0.908531
 9624.869   0.885897
 9624.886   0.861573
 9624.903   0.836843
 9624.921   0.813256
 9624.938   0.792286
 9624.955   0.775058
 9624.972   0.762021
 9624.990   0.752813
 9625.007   0.746304
 9625.024   0.740867
 9625.041   0.734600
 9625.059   0.725656
 9625.076   0.712407
 9625.093   0.693593
 9625.110   0.668379
 9625.128   0.636336
 9625.145   0.597453
 9625.162   0.552151
 9625.179   0.501373
 9625.197   0.446640
 9625.214   0.390060
 9625.231   0.334144
 9625.248   0.281544
 9625.266   0.234751
 9625.283   0.195812
 9625.300   0.166299
 9625.317   0.147397
 9625.335   0.139907
 9625.352   0.144249
 9625.369   0.160417
 9625.387   0.187856
 9625.404   0.225396
 9625.421   0.271397
 9625.438   0.323957
 9625.456   0.381039
 9625.473   0.440564
 9625.490   0.500507
 9625.507   0.558994
 9625.525   0.614397
 9625.542   0.665521
 9625.559   0.711595
 9625.576   0.752299
 9625.594   0.787704
 9625.611   0.818180
 9625.628   0.844262
 9625.645   0.866526
 9625.663   0.885520
 9625.680   0.901736
 9625.697   0.915609
 9625.714   0.927533
 9625.732   0.937908
 9625.749   0.947146
 9625.766   0.955631
 9625.783   0.963607
 9625.801   0.971158
 9625.818   0.978208
 9625.835   0.984609
 9625.852   0.990194
 9625.870   0.994859
 9625.887   0.998577
 9625.904   1.001395
 9625.922   1.003410
 9625.939   1.004758
 9625.956   1.005606
 9625.973   1.006150
 9625.991   1.006606
 9626.008   1.007187
 9626.025   1.008062
 9626.042   1.009337
 9626.060   1.011056
 9626.077   1.013183
 9626.094   1.015633
 9626.111   1.018264
 9626.129   1.020887
 9626.146   1.023296
 9626.163   1.025291
 9626.180   1.026741
 9626.198   1.027614
 9626.215   1.027996
 9626.232   1.028080
 9626.249   1.028099
 9626.267   1.028260
 9626.284   1.028663
 9626.301   1.029290
 9626.318   1.030013
 9626.336   1.030658
 9626.353   1.031112
 9626.370   1.031351
 9626.387   1.031458
 9626.405   1.031536
 9626.422   1.031665
 9626.439   1.031826
 9626.457   1.031915
 9626.474   1.031798
 9626.491   1.031368
 9626.508   1.030625
 9626.526   1.029641
 9626.543   1.028535
 9626.560   1.027367
 9626.577   1.026125
 9626.595   1.024718
 9626.612   1.023041
 9626.629   1.021049
 9626.646   1.018766
 9626.664   1.016280
 9626.681   1.013655
 9626.698   1.010888
 9626.715   1.007862
 9626.733   1.004386
 9626.750   1.000226
 9626.767   0.995152
 9626.784   0.988970
 9626.802   0.981543
 9626.819   0.972818
 9626.836   0.962807
 9626.853   0.951547
 9626.871   0.938996
 9626.888   0.924944
 9626.905   0.908913
 9626.923   0.890104
 9626.940   0.867437
 9626.957   0.839767
 9626.974   0.806149
 9626.992   0.766052
 9627.009   0.719682
 9627.026   0.668261
 9627.043   0.614016
 9627.061   0.560064
 9627.078   0.510242
 9627.095   0.468657
 9627.112   0.439069
 9627.130   0.424427
 9627.147   0.426331
 9627.164   0.444697
 9627.181   0.477743
 9627.199   0.522322
 9627.216   0.574440
 9627.233   0.629946
 9627.250   0.685179
 9627.268   0.737363
 9627.285   0.784623
 9627.302   0.825888
 9627.319   0.860849
 9627.337   0.889749
 9627.354   0.913177
 9627.371   0.931892
 9627.388   0.946721
 9627.406   0.958455
 9627.423   0.967783
 9627.440   0.975210
 9627.458   0.981081
 9627.475   0.985542
 9627.492   0.988600
 9627.509   0.990180
 9627.527   0.990154
 9627.544   0.988401
 9627.561   0.984769
 9627.578   0.979094
 9627.596   0.971160
 9627.613   0.960774
 9627.630   0.947795
 9627.647   0.932293
 9627.665   0.914609
 9627.682   0.895467
 9627.699   0.875945
 9627.716   0.857315
 9627.734   0.840810
 9627.751   0.827131
 9627.768   0.816274
 9627.785   0.807268
 9627.803   0.798428
 9627.820   0.787777
 9627.837   0.773682
 9627.854   0.755520
 9627.872   0.733984
 9627.889   0.711129
 9627.906   0.690014
 9627.923   0.673922
 9627.941   0.665799
 9627.958   0.667374
 9627.975   0.679083
 9627.993   0.699625
 9628.010   0.726557
 9628.027   0.756651
 9628.044   0.786606
 9628.062   0.813643
 9628.079   0.835691
 9628.096   0.851563
 9628.113   0.860858
 9628.131   0.863638
 9628.148   0.860157
 9628.165   0.850536
 9628.182   0.834675
 9628.200   0.812160
 9628.217   0.782440
 9628.234   0.745066
 9628.251   0.700038
 9628.269   0.648278
 9628.286   0.591781
 9628.303   0.533886
 9628.320   0.478772
 9628.338   0.431042
 9628.355   0.394988
 9628.372   0.373834
 9628.389   0.369301
 9628.407   0.381287
 9628.424   0.407993
 9628.441   0.446371
 9628.458   0.492490
 9628.476   0.542197
 9628.493   0.591529
 9628.510   0.637257
 9628.528   0.677047
 9628.545   0.709617
 9628.562   0.734557
 9628.579   0.752129
 9628.597   0.762931
 9628.614   0.767683
 9628.631   0.767013
 9628.648   0.761383
 9628.666   0.751040
 9628.683   0.736055
 9628.700   0.716408
 9628.717   0.692020
 9628.735   0.662872
 9628.752   0.628986
 9628.769   0.590462
 9628.786   0.547572
 9628.804   0.500860
 9628.821   0.451240
 9628.838   0.399973
 9628.855   0.348645
 9628.873   0.299103
 9628.890   0.253166
 9628.907   0.212459
 9628.924   0.178350
 9628.942   0.152029
 9628.959   0.134488
 9628.976   0.126425
 9628.993   0.128164
 9629.011   0.139680
 9629.028   0.160561
 9629.045   0.190116
 9629.063   0.227368
 9629.080   0.271039
 9629.097   0.319654
 9629.114   0.371531
 9629.132   0.424917
 9629.149   0.478154
 9629.166   0.529863
 9629.183   0.578971
 9629.201   0.624695
 9629.218   0.666631
 9629.235   0.704716
 9629.252   0.739062
 9629.270   0.769865
 9629.287   0.797387
 9629.304   0.821925
 9629.321   0.843824
 9629.339   0.863437
 9629.356   0.881026
 9629.373   0.896780
 9629.390   0.910817
 9629.408   0.923261
 9629.425   0.934257
 9629.442   0.944003
 9629.459   0.952730
 9629.477   0.960647
 9629.494   0.967910
 9629.511   0.974552
 9629.528   0.980550
 9629.546   0.985836
 9629.563   0.990397
 9629.580   0.994268
 9629.598   0.997542
 9629.615   1.000337
 9629.632   1.002739
 9629.649   1.004797
 9629.667   1.006521
 9629.684   1.007952
 9629.701   1.009169
 9629.718   1.010304
 9629.736   1.011500
 9629.753   1.012851
 9629.770   1.014360
 9629.787   1.015935
 9629.805   1.017425
 9629.822   1.018673
 9629.839   1.019587
 9629.856   1.020169
 9629.874   1.020520
 9629.891   1.020792
 9629.908   1.021138
 9629.925   1.021649
 9629.943   1.022337
 9629.960   1.023130
 9629.977   1.023912
 9629.994   1.024545
 9630.012   1.024930
 9630.029   1.025004
 9630.046   1.024778
 9630.063   1.024318
 9630.081   1.023756
 9630.098   1.023253
 9630.115   1.022953
 9630.133   1.022950
 9630.150   1.023216
 9630.167   1.023634
 9630.184   1.023992
 9630.202   1.024093
 9630.219   1.023773
 9630.236   1.022991
 9630.253   1.021787
 9630.271   1.020280
 9630.288   1.018573
 9630.305   1.016741
 9630.322   1.014763
 9630.340   1.012543
 9630.357   1.009939
 9630.374   1.006814
 9630.391   1.003088
 9630.409   0.998753
 9630.426   0.993904
 9630.443   0.988642
 9630.460   0.983042
 9630.478   0.977040
 9630.495   0.970420
 9630.512   0.962785
 9630.529   0.953575
 9630.547   0.942079
 9630.564   0.927440
 9630.581   0.908742
 9630.599   0.885197
 9630.616   0.856373
 9630.633   0.822394
 9630.650   0.784210
 9630.668   0.743640
 9630.685   0.703332
 9630.702   0.666522
 9630.719   0.636567
 9630.737   0.616397
 9630.754   0.607956
 9630.771   0.611785
 9630.788   0.626955
 9630.806   0.651330
 9630.823   0.682134
 9630.840   0.716467
 9630.857   0.751675
 9630.875   0.785618
 9630.892   0.816853
 9630.909   0.844467
 9630.926   0.867989
 9630.944   0.887249
 9630.961   0.902208
 9630.978   0.912988
 9630.995   0.919749
 9631.013   0.922751
 9631.030   0.922267
 9631.047   0.918515
 9631.064   0.911568
 9631.082   0.901312
 9631.099   0.887465
 9631.116   0.869635
 9631.134   0.847449
 9631.151   0.820772
 9631.168   0.789884
 9631.185   0.755568
 9631.203   0.719254
 9631.220   0.682902
 9631.237   0.648908
 9631.254   0.619780
 9631.272   0.597852
 9631.289   0.584883
 9631.306   0.581910
 9631.323   0.589155
 9631.341   0.606051
 9631.358   0.631341
 9631.375   0.663235
 9631.392   0.699468
 9631.410   0.737608
 9631.427   0.775310
 9631.444   0.810732
 9631.461   0.842581
 9631.479   0.870040
 9631.496   0.892809
 9631.513   0.910967
 9631.530   0.924926
 9631.548   0.935268
 9631.565   0.942612
 9631.582   0.947525
 9631.599   0.950398
 9631.617   0.951359
 9631.634   0.950321
 9631.651   0.947073
 9631.669   0.941479
 9631.686   0.933630
 9631.703   0.923958
 9631.720   0.913325
 9631.738   0.902862
 9631.755   0.893932
 9631.772   0.887750
 9631.789   0.885230
 9631.807   0.886623
 9631.824   0.891530
 9631.841   0.898945
 9631.858   0.907511
 9631.876   0.915877
 9631.893   0.922984
 9631.910   0.928270
 9631.927   0.931716
 9631.945   0.933753
 9631.962   0.935185
 9631.979   0.936889
 9631.996   0.939645
 9632.014   0.943875
 9632.031   0.949573
 9632.048   0.956348
 9632.065   0.963614
 9632.083   0.970789
 9632.100   0.977423
 9632.117   0.983262
 9632.134   0.988220
 9632.152   0.992302
 9632.169   0.995540
 9632.186   0.997987
 9632.204   0.999712
 9632.221   1.000841
 9632.238   1.001485
 9632.255   1.001732
 9632.273   1.001564
 9632.290   1.000885
 9632.307   0.999531
 9632.324   0.997341
 9632.342   0.994232
 9632.359   0.990214
 9632.376   0.985426
 9632.393   0.980032
 9632.411   0.974191
 9632.428   0.967899
 9632.445   0.960915
 9632.462   0.952735
 9632.480   0.942670
 9632.497   0.930029
 9632.514   0.914356
 9632.531   0.895754
 9632.549   0.875003
 9632.566   0.853640
 9632.583   0.833725
 9632.600   0.817513
 9632.618   0.806950
 9632.635   0.803293
 9632.652   0.806892
 9632.669   0.817155
 9632.687   0.832739
 9632.704   0.851851
 9632.721   0.872567
 9632.739   0.893090
 9632.756   0.911983
 9632.773   0.928371
 9632.790   0.941845
 9632.808   0.952346
 9632.825   0.960043
 9632.842   0.965188
 9632.859   0.968062
 9632.877   0.968891
 9632.894   0.967867
 9632.911   0.965174
 9632.928   0.961033
 9632.946   0.955799
 9632.963   0.949974
 9632.980   0.944244
 9632.997   0.939376
 9633.015   0.936136
 9633.032   0.935119
 9633.049   0.936600
 9633.066   0.940476
 9633.084   0.946240
 9633.101   0.953136
 9633.118   0.960307
 9633.135   0.966981
 9633.153   0.972598
 9633.170   0.976842
 9633.187   0.979643
 9633.204   0.981124
 9633.222   0.981542
 9633.239   0.981271
 9633.256   0.980709
 9633.274   0.980253
 9633.291   0.980183
 9633.308   0.980667
 9633.325   0.981719
 9633.343   0.983231
 9633.360   0.985013
 9633.377   0.986835
 9633.394   0.988456
 9633.412   0.989661
 9633.429   0.990249
 9633.446   0.990078
 9633.463   0.989036
 9633.481   0.987077
 9633.498   0.984173
 9633.515   0.980319
 9633.532   0.975510
 9633.550   0.969770
 9633.567   0.963224
 9633.584   0.956136
 9633.601   0.949022
 9633.619   0.942566
 9633.636   0.937539
 9633.653   0.934580
 9633.670   0.934045
 9633.688   0.935955
 9633.705   0.940014
 9633.722   0.945717
 9633.739   0.952453
 9633.757   0.959586
 9633.774   0.966541
 9633.791   0.972837
 9633.809   0.978150
 9633.826   0.982321
 9633.843   0.985360
 9633.860   0.987450
 9633.878   0.988860
 9633.895   0.989889
 9633.912   0.990772
 9633.929   0.991639
 9633.947   0.992526
 9633.964   0.993407
 9633.981   0.994259
 9633.998   0.995061
 9634.016   0.995796
 9634.033   0.996420
 9634.050   0.996833
 9634.067   0.996910
 9634.085   0.996551
 9634.102   0.995747
 9634.119   0.994610
 9634.136   0.993336
 9634.154   0.992140
 9634.171   0.991164
 9634.188   0.990445
 9634.205   0.989904
 9634.223   0.989393
 9634.240   0.988755
 9634.257   0.987833
 9634.275   0.986496
 9634.292   0.984621
 9634.309   0.982139
 9634.326   0.979045
 9634.344   0.975427
 9634.361   0.971474
 9634.378   0.967428
 9634.395   0.963548
 9634.413   0.960046
 9634.430   0.957089
 9634.447   0.954782
 9634.464   0.953199
 9634.482   0.952365
 9634.499   0.952250
 9634.516   0.952751
 9634.533   0.953707
 9634.551   0.954933
 9634.568   0.956266
 9634.585   0.957597
 9634.602   0.958880
 9634.620   0.960136
 9634.637   0.961407
 9634.654   0.962722
 9634.671   0.964090
 9634.689   0.965495
 9634.706   0.966904
 9634.723   0.968287
 9634.740   0.969607
 9634.758   0.970838
 9634.775   0.971952
 9634.792   0.972930
 9634.810   0.973749
 9634.827   0.974394
 9634.844   0.974875
 9634.861   0.975206
 9634.879   0.975436
 9634.896   0.975609
 9634.913   0.975793
 9634.930   0.976032
 9634.948   0.976365
 9634.965   0.976803
 9634.982   0.977320
 9634.999   0.977865
 9635.017   0.978346
 9635.034   0.978663
 9635.051   0.978733
 9635.068   0.978531
 9635.086   0.978107
 9635.103   0.977563
 9635.120   0.977025
 9635.137   0.976591
 9635.155   0.976289
 9635.172   0.976091
 9635.189   0.975891
 9635.206   0.975581
 9635.224   0.975074
 9635.241   0.974334
 9635.258   0.973403
 9635.275   0.972339
 9635.293   0.971247
 9635.310   0.970181
 9635.327   0.969181
 9635.345   0.968222
 9635.362   0.967271
 9635.379   0.966274
 9635.396   0.965186
 9635.414   0.963967
 9635.431   0.962566
 9635.448   0.960930
 9635.465   0.959002
 9635.483   0.956744
 9635.500   0.954149
 9635.517   0.951225
 9635.534   0.947979
 9635.552   0.944389
 9635.569   0.940423
 9635.586   0.936077
 9635.603   0.931438
 9635.621   0.926757
 9635.638   0.922441
 9635.655   0.919006
 9635.672   0.916917
 9635.690   0.916464
 9635.707   0.917673
 9635.724   0.920273
 9635.741   0.923791
 9635.759   0.927636
 9635.776   0.931267
 9635.793   0.934276
 9635.810   0.936447
 9635.828   0.937740
 9635.845   0.938207
 9635.862   0.937906
 9635.880   0.936791
 9635.897   0.934733
 9635.914   0.931490
 9635.931   0.926812
 9635.949   0.920455
 9635.966   0.912244
 9635.983   0.902074
 9636.000   0.889924
 9636.018   0.875933
 9636.035   0.860546
 9636.052   0.844626
 9636.069   0.829426
 9636.087   0.816448
 9636.104   0.807132
 9636.121   0.802623
 9636.138   0.803490
 9636.156   0.809664
 9636.173   0.820475
 9636.190   0.834777
 9636.207   0.851233
 9636.225   0.868530
 9636.242   0.885534
 9636.259   0.901401
 9636.276   0.915602
 9636.294   0.927908
 9636.311   0.938305
 9636.328   0.946948
 9636.345   0.954070
 9636.363   0.959944
 9636.380   0.964826
 9636.397   0.968943
 9636.415   0.972517
 9636.432   0.975716
 9636.449   0.978656
 9636.466   0.981366
 9636.484   0.983822
 9636.501   0.985948
 9636.518   0.987703
 9636.535   0.989091
 9636.553   0.990186
 9636.570   0.991098
 9636.587   0.991932
 9636.604   0.992757
 9636.622   0.993600
 9636.639   0.994474
 9636.656   0.995386
 9636.673   0.996350
 9636.691   0.997365
 9636.708   0.998400
 9636.725   0.999394
 9636.742   1.000277
 9636.760   1.000999
 9636.777   1.001567
 9636.794   1.002027
 9636.811   1.002449
 9636.829   1.002882
 9636.846   1.003339
 9636.863   1.003795
 9636.880   1.004211
 9636.898   1.004568
 9636.915   1.004873
 9636.932   1.005167
 9636.950   1.005488
 9636.967   1.005846
 9636.984   1.006228
 9637.001   1.006588
 9637.019   1.006885
 9637.036   1.007046
 9637.053   1.006979
 9637.070   1.006548
 9637.088   1.005582
 9637.105   1.003941
 9637.122   1.001527
 9637.139   0.998364
 9637.157   0.994551
 9637.174   0.990255
 9637.191   0.985622
 9637.208   0.980710
 9637.226   0.975480
 9637.243   0.969786
 9637.260   0.963463
 9637.277   0.956431
 9637.295   0.948827
 9637.312   0.941073
 9637.329   0.933885
 9637.346   0.928202
 9637.364   0.925008
 9637.381   0.925055
 9637.398   0.928723
 9637.415   0.935864
 9637.433   0.945840
 9637.450   0.957700
 9637.467   0.970371
 9637.485   0.982887
 9637.502   0.994499
 9637.519   1.004734
 9637.536   1.013393
 9637.554   1.020459
 9637.571   1.026088
 9637.588   1.030541
 9637.605   1.034107
 9637.623   1.037049
 9637.640   1.039500
 9637.657   1.041484
 9637.674   1.042900
 9637.692   1.043637
 9637.709   1.043619
 9637.726   1.042855
 9637.743   1.041405
 9637.761   1.039334
 9637.778   1.036657
 9637.795   1.033305
 9637.812   1.029173
 9637.830   1.024149
 9637.847   1.018158
 9637.864   1.011123
 9637.881   1.002954
 9637.899   0.993493
 9637.916   0.982570
 9637.933   0.970077
 9637.951   0.956066
 9637.968   0.940895
 9637.985   0.925262
 9638.002   0.910220
 9638.020   0.896979
 9638.037   0.886724
 9638.054   0.880336
 9638.071   0.878151
 9638.089   0.879910
 9638.106   0.884803
 9638.123   0.891692
 9638.140   0.899279
 9638.158   0.906286
 9638.175   0.911561
 9638.192   0.914085
 9638.209   0.912925
 9638.227   0.907199
 9638.244   0.896006
 9638.261   0.878443
 9638.278   0.853649
 9638.296   0.820928
 9638.313   0.779918
 9638.330   0.730986
 9638.347   0.675546
 9638.365   0.616336
 9638.382   0.557442
 9638.399   0.503768
 9638.416   0.460317
 9638.434   0.431196
 9638.451   0.419051
 9638.468   0.424527
 9638.486   0.446312
 9638.503   0.481404
 9638.520   0.525484
 9638.537   0.573476
 9638.555   0.620236
 9638.572   0.661196
 9638.589   0.692767
 9638.606   0.712431
 9638.624   0.718824
 9638.641   0.711787
 9638.658   0.692310
 9638.675   0.662661
 9638.693   0.626150
 9638.710   0.586939
 9638.727   0.549594
 9638.744   0.518674
 9638.762   0.497886
 9638.779   0.489535
 9638.796   0.493958
 9638.813   0.509576
 9638.831   0.532971
 9638.848   0.559744
 9638.865   0.585169
 9638.882   0.605054
 9638.900   0.616167
 9638.917   0.616716
 9638.934   0.606400
 9638.951   0.586407
 9638.969   0.558997
 9638.986   0.527145
 9639.003   0.494142
 9639.021   0.463301
 9639.038   0.437748
 9639.055   0.420276
 9639.072   0.413099
 9639.090   0.417642
 9639.107   0.434333
 9639.124   0.462591
 9639.141   0.500802
 9639.159   0.546425
 9639.176   0.596226
 9639.193   0.646671
 9639.210   0.694278
 9639.228   0.736041
 9639.245   0.769690
 9639.262   0.793885
 9639.279   0.808066
 9639.297   0.812350
 9639.314   0.807371
 9639.331   0.794203
 9639.348   0.774286
 9639.366   0.749399
 9639.383   0.721735
 9639.400   0.693797
 9639.417   0.668286
 9639.435   0.647908
 9639.452   0.635053
 9639.469   0.631404
 9639.486   0.637702
 9639.504   0.653413
 9639.521   0.676757
 9639.538   0.704933
 9639.556   0.734553
 9639.573   0.762322
 9639.590   0.785519
 9639.607   0.802209
 9639.625   0.811425
 9639.642   0.812924
 9639.659   0.807018
 9639.676   0.794279
 9639.694   0.775323
 9639.711   0.750729
 9639.728   0.720962
 9639.745   0.686352
 9639.763   0.647202
 9639.780   0.603863
 9639.797   0.556751
 9639.814   0.506393
 9639.832   0.453560
 9639.849   0.399277
 9639.866   0.344806
 9639.883   0.291655
 9639.901   0.241464
 9639.918   0.195840
 9639.935   0.156082
 9639.952   0.123098
 9639.970   0.097366
 9639.987   0.079022
 9640.004   0.068009
 9640.021   0.064138
 9640.039   0.067054
 9640.056   0.076275
 9640.073   0.091153
 9640.091   0.110842
 9640.108   0.134181
 9640.125   0.159627
 9640.142   0.185369
 9640.160   0.209439
 9640.177   0.229966
 9640.194   0.245427
 9640.211   0.255001
 9640.229   0.258789
 9640.246   0.258077
 9640.263   0.255124
 9640.280   0.252904
 9640.298   0.254515
 9640.315   0.262640
 9640.332   0.279127
 9640.349   0.304759
 9640.367   0.339219
 9640.384   0.381274
 9640.401   0.428921
 9640.418   0.479820
 9640.436   0.531668
 9640.453   0.582614
 9640.470   0.631371
 9640.487   0.677144
 9640.505   0.719536
 9640.522   0.758425
 9640.539   0.793825
 9640.556   0.825824
 9640.574   0.854545
 9640.591   0.880127
 9640.608   0.902713
 9640.626   0.922463
 9640.643   0.939577
 9640.660   0.954272
 9640.677   0.966740
 9640.695   0.977140
 9640.712   0.985567
 9640.729   0.992108
 9640.746   0.996853
 9640.764   0.999935
 9640.781   1.001471
 9640.798   1.001521
 9640.815   1.000049
 9640.833   0.996932
 9640.850   0.992011
 9640.867   0.985126
 9640.884   0.976120
 9640.902   0.964777
 9640.919   0.950786
 9640.936   0.933825
 9640.953   0.913715
 9640.971   0.890664
 9640.988   0.865546
 9641.005   0.839976
 9641.022   0.816227
 9641.040   0.796847
 9641.057   0.784189
 9641.074   0.779896
 9641.092   0.784558
 9641.109   0.797640
 9641.126   0.817595
 9641.143   0.842217
 9641.161   0.869103
 9641.178   0.895996
 9641.195   0.921233
 9641.212   0.943709
 9641.230   0.962956
 9641.247   0.978960
 9641.264   0.991960
 9641.281   1.002327
 9641.299   1.010415
 9641.316   1.016559
 9641.333   1.021053
 9641.350   1.024192
 9641.368   1.026298
 9641.385   1.027671
 9641.402   1.028595
 9641.419   1.029266
 9641.437   1.029797
 9641.454   1.030225
 9641.471   1.030529
 9641.488   1.030698
 9641.506   1.030696
 9641.523   1.030531
 9641.540   1.030199
 9641.557   1.029725
 9641.575   1.029161
 9641.592   1.028557
 9641.609   1.027996
 9641.627   1.027494
 9641.644   1.027074
 9641.661   1.026694
 9641.678   1.026330
 9641.696   1.025950
 9641.713   1.025536
 9641.730   1.025081
 9641.747   1.024550
 9641.765   1.023940
 9641.782   1.023254
 9641.799   1.022553
 9641.816   1.021892
 9641.834   1.021310
 9641.851   1.020773
 9641.868   1.020183
 9641.885   1.019428
 9641.903   1.018445
 9641.920   1.017252
 9641.937   1.015948
 9641.954   1.014654
 9641.972   1.013451
 9641.989   1.012347
 9642.006   1.011278
 9642.023   1.010185
 9642.041   1.009034
 9642.058   1.007873
 9642.075   1.006796
 9642.092   1.005912
 9642.110   1.005300
 9642.127   1.004948
 9642.144   1.004781
 9642.162   1.004640
 9642.179   1.004363
 9642.196   1.003802
 9642.213   1.002903
 9642.231   1.001703
 9642.248   1.000316
 9642.265   0.998877
 9642.282   0.997465
 9642.300   0.996074
 9642.317   0.994579
 9642.334   0.992822
 9642.351   0.990640
 9642.369   0.987957
 9642.386   0.984762
 9642.403   0.981104
 9642.420   0.977009
 9642.438   0.972470
 9642.455   0.967394
 9642.472   0.961637
 9642.489   0.955016
 9642.507   0.947307
 9642.524   0.938267
 9642.541   0.927590
 9642.558   0.914915
 9642.576   0.899738
 9642.593   0.881460
 9642.610   0.859230
 9642.627   0.832059
 9642.645   0.798903
 9642.662   0.758941
 9642.679   0.711965
 9642.697   0.658683
 9642.714   0.601137
 9642.731   0.542547
 9642.748   0.486979
 9642.766   0.439085
 9642.783   0.403328
 9642.800   0.383321
 9642.817   0.380948
 9642.835   0.396082
 9642.852   0.426565
 9642.869   0.468513
 9642.886   0.517170
 9642.904   0.567661
 9642.921   0.615625
 9642.938   0.657518
 9642.955   0.690737
 9642.973   0.713603
 9642.990   0.725150
 9643.007   0.725054
 9643.024   0.713556
 9643.042   0.691602
 9643.059   0.660821
 9643.076   0.623550
 9643.093   0.582495
 9643.111   0.540289
 9643.128   0.499103
 9643.145   0.460287
 9643.162   0.424426
 9643.180   0.391651
 9643.197   0.362106
 9643.214   0.336275
 9643.232   0.315125
 9643.249   0.300147
 9643.266   0.293006
 9643.283   0.295196
 9643.301   0.307633
 9643.318   0.330386
 9643.335   0.362720
 9643.352   0.403245
 9643.370   0.450157
 9643.387   0.501445
 9643.404   0.555024
 9643.421   0.608763
 9643.439   0.660558
 9643.456   0.708566
 9643.473   0.751328
 9643.490   0.787861
 9643.508   0.817730
 9643.525   0.840932
 9643.542   0.857761
 9643.559   0.868711
 9643.577   0.874401
 9643.594   0.875565
 9643.611   0.873038
 9643.628   0.867859
 9643.646   0.861242
 9643.663   0.854567
 9643.680   0.849255
 9643.697   0.846572
 9643.715   0.847462
 9643.732   0.852347
 9643.749   0.861115
 9643.767   0.873073
 9643.784   0.887230
 9643.801   0.902448
 9643.818   0.917632
 9643.836   0.931856
 9643.853   0.944418
 9643.870   0.954951
 9643.887   0.963373
 9643.905   0.969972
 9643.922   0.975245
 9643.939   0.979670
 9643.956   0.983569
 9643.974   0.987001
 9643.991   0.989909
 9644.008   0.992188
 9644.025   0.993866
 9644.043   0.995068
 9644.060   0.995984
 9644.077   0.996780
 9644.094   0.997530
 9644.112   0.998253
 9644.129   0.998920
 9644.146   0.999523
 9644.163   1.000072
 9644.181   1.000592
 9644.198   1.001104
 9644.215   1.001580
 9644.232   1.001959
 9644.250   1.002149
 9644.267   1.002062
 9644.284   1.001675
 9644.302   1.001026
 9644.319   1.000256
 9644.336   0.999534
 9644.353   0.999014
 9644.371   0.998776
 9644.388   0.998789
 9644.405   0.998969
 9644.422   0.999194
 9644.440   0.999384
 9644.457   0.999486
 9644.474   0.999452
 9644.491   0.999193
 9644.509   0.998570
 9644.526   0.997461
 9644.543   0.995811
 9644.560   0.993697
 9644.578   0.991310
 9644.595   0.988915
 9644.612   0.986738
 9644.629   0.984937
 9644.647   0.983562
 9644.664   0.982624
 9644.681   0.982084
 9644.698   0.981931
 9644.716   0.982156
 9644.733   0.982753
 9644.750   0.983720
 9644.768   0.985017
 9644.785   0.986596
 9644.802   0.988307
 9644.819   0.989972
 9644.837   0.991341
 9644.854   0.992250
 9644.871   0.992619
 9644.888   0.992566
 9644.906   0.992320
 9644.923   0.992142
 9644.940   0.992219
 9644.957   0.992567
 9644.975   0.993075
 9644.992   0.993532
 9645.009   0.993777
 9645.026   0.993727
 9645.044   0.993428
 9645.061   0.992981
 9645.078   0.992517
 9645.095   0.992142
 9645.113   0.991891
 9645.130   0.991744
 9645.147   0.991612
 9645.164   0.991386
 9645.182   0.990946
 9645.199   0.990232
 9645.216   0.989233
 9645.233   0.988037
 9645.251   0.986756
 9645.268   0.985492
 9645.285   0.984255
 9645.303   0.982963
 9645.320   0.981465
 9645.337   0.979598
 9645.354   0.977255
 9645.372   0.974402
 9645.389   0.971073
 9645.406   0.967311
 9645.423   0.963121
 9645.441   0.958402
 9645.458   0.952957
 9645.475   0.946513
 9645.492   0.938753
 9645.510   0.929329
 9645.527   0.917862
 9645.544   0.903949
 9645.561   0.887053
 9645.579   0.866558
 9645.596   0.841836
 9645.613   0.812453
 9645.630   0.778485
 9645.648   0.740802
 9645.665   0.701285
 9645.682   0.662699
 9645.699   0.628382
 9645.717   0.601719
 9645.734   0.585678
 9645.751   0.582203
 9645.768   0.591894
 9645.786   0.613714
 9645.803   0.645223
 9645.820   0.683024
 9645.838   0.723580
 9645.855   0.763812
 9645.872   0.801360
 9645.889   0.834699
 9645.907   0.863196
 9645.924   0.886873
 9645.941   0.906249
 9645.958   0.922038
 9645.976   0.934962
 9645.993   0.945574
 9646.010   0.954241
 9646.027   0.961194
 9646.045   0.966615
 9646.062   0.970729
 9646.079   0.973779
 9646.096   0.975994
 9646.114   0.977547
 9646.131   0.978573
 9646.148   0.979189
 9646.165   0.979583
 9646.183   0.980008
 9646.200   0.980780
 9646.217   0.982120
 9646.234   0.984095
 9646.252   0.986587
 9646.269   0.989341
 9646.286   0.992110
 9646.303   0.994690
 9646.321   0.997019
 9646.338   0.999083
 9646.355   1.000932
 9646.373   1.002597
 9646.390   1.004110
 9646.407   1.005527
 9646.424   1.006921
 9646.442   1.008387
 9646.459   1.009981
 9646.476   1.011716
 9646.493   1.013522
 9646.511   1.015284
 9646.528   1.016892
 9646.545   1.018275
 9646.562   1.019432
 9646.580   1.020402
 9646.597   1.021249
 9646.614   1.022008
 9646.631   1.022680
 9646.649   1.023224
 9646.666   1.023594
 9646.683   1.023790
 9646.700   1.023864
 9646.718   1.023930
 9646.735   1.024095
 9646.752   1.024442
 9646.769   1.024960
 9646.787   1.025576
 9646.804   1.026155
 9646.821   1.026596
 9646.838   1.026823
 9646.856   1.026822
 9646.873   1.026585
 9646.890   1.026130
 9646.908   1.025476
 9646.925   1.024668
 9646.942   1.023764
 9646.959   1.022804
 9646.977   1.021798
 9646.994   1.020681
 9647.011   1.019360
 9647.028   1.017718
 9647.046   1.015701
 9647.063   1.013299
 9647.080   1.010540
 9647.097   1.007439
 9647.115   1.003919
 9647.132   0.999892
 9647.149   0.995182
 9647.166   0.989653
 9647.184   0.983204
 9647.201   0.975797
 9647.218   0.967438
 9647.235   0.958033
 9647.253   0.947383
 9647.270   0.935089
 9647.287   0.920647
 9647.304   0.903497
 9647.322   0.883082
 9647.339   0.859019
 9647.356   0.831144
 9647.373   0.799646
 9647.391   0.765065
 9647.408   0.728340
 9647.425   0.690714
 9647.443   0.653466
 9647.460   0.617763
 9647.477   0.584432
 9647.494   0.553760
 9647.512   0.525460
 9647.529   0.498888
 9647.546   0.473296
 9647.563   0.448222
 9647.581   0.423824
 9647.598   0.400960
 9647.615   0.380921
 9647.632   0.364924
 9647.650   0.353549
 9647.667   0.346290
 9647.684   0.341578
 9647.701   0.337071
 9647.719   0.330358
 9647.736   0.319571
 9647.753   0.304013
 9647.770   0.284307
 9647.788   0.262454
 9647.805   0.241303
 9647.822   0.224107
 9647.839   0.213685
 9647.857   0.211988
 9647.874   0.219525
 9647.891   0.235405
 9647.908   0.257388
 9647.926   0.282372
 9647.943   0.306870
 9647.960   0.327522
 9647.978   0.341482
 9647.995   0.346883
 9648.012   0.342889
 9648.029   0.329740
 9648.047   0.308474
 9648.064   0.280812
 9648.081   0.248881
 9648.098   0.215032
 9648.116   0.181552
 9648.133   0.150551
 9648.150   0.123811
 9648.167   0.102808
 9648.185   0.088671
 9648.202   0.082213
 9648.219   0.084032
 9648.236   0.094530
 9648.254   0.113900
 9648.271   0.141961
 9648.288   0.178194
 9648.305   0.221706
 9648.323   0.271254
 9648.340   0.325264
 9648.357   0.381935
 9648.374   0.439296
 9648.392   0.495597
 9648.409   0.549367
 9648.426   0.599615
 9648.444   0.645750
 9648.461   0.687538
 9648.478   0.724984
 9648.495   0.758285
 9648.513   0.787637
 9648.530   0.813207
 9648.547   0.835194
 9648.564   0.853810
 9648.582   0.869311
 9648.599   0.882027
 9648.616   0.892312
 9648.633   0.900412
 9648.651   0.906450
 9648.668   0.910426
 9648.685   0.912295
 9648.702   0.912042
 9648.720   0.909673
 9648.737   0.905160
 9648.754   0.898336
 9648.771   0.888823
 9648.789   0.876065
 9648.806   0.859398
 9648.823   0.838204
 9648.840   0.812029
 9648.858   0.780716
 9648.875   0.744417
 9648.892   0.703503
 9648.909   0.658603
 9648.927   0.610575
 9648.944   0.560471
 9648.961   0.509495
 9648.979   0.458927
 9648.996   0.409910
 9649.013   0.363421
 9649.030   0.320347
 9649.048   0.281635
 9649.065   0.248548
 9649.082   0.222721
 9649.099   0.206056
 9649.117   0.200434
 9649.134   0.207379
 9649.151   0.227525
 9649.168   0.260489
 9649.186   0.304809
 9649.203   0.358158
 9649.220   0.417682
 9649.237   0.480353
 9649.255   0.543299
 9649.272   0.603949
 9649.289   0.660350
 9649.306   0.711331
 9649.324   0.756324
 9649.341   0.795241
 9649.358   0.828422
 9649.375   0.856509
 9649.393   0.880307
 9649.410   0.900585
 9649.427   0.918002
 9649.444   0.933034
 9649.462   0.945992
 9649.479   0.957065
 9649.496   0.966398
 9649.514   0.974148
 9649.531   0.980554
 9649.548   0.985950
 9649.565   0.990707
 9649.583   0.995143
 9649.600   0.999400
 9649.617   1.003435
 9649.634   1.007038
 9649.652   1.010023
 9649.669   1.012286
 9649.686   1.013922
 9649.703   1.015139
 9649.721   1.016152
 9649.738   1.017104
 9649.755   1.018006
 9649.772   1.018828
 9649.790   1.019526
 9649.807   1.020124
 9649.824   1.020686
 9649.841   1.021269
 9649.859   1.021892
 9649.876   1.022500
 9649.893   1.023001
 9649.910   1.023321
 9649.928   1.023400
 9649.945   1.023253
 9649.962   1.022885
 9649.979   1.022352
 9649.997   1.021721
 9650.014   1.021107
 9650.031   1.020681
 9650.049   1.020545
 9650.066   1.020723
 9650.083   1.021073
 9650.100   1.021368
 9650.118   1.021402
 9650.135   1.021070
 9650.152   1.020436
 9650.169   1.019608
 9650.187   1.018694
 9650.204   1.017722
 9650.221   1.016635
 9650.238   1.015400
 9650.256   1.014023
 9650.273   1.012634
 9650.290   1.011424
 9650.307   1.010588
 9650.325   1.010241
 9650.342   1.010330
 9650.359   1.010674
 9650.376   1.010956
 9650.394   1.010912
 9650.411   1.010362
 9650.428   1.009332
 9650.445   1.007969
 9650.463   1.006497
 9650.480   1.005065
 9650.497   1.003698
 9650.514   1.002294
 9650.532   1.000672
 9650.549   0.998678
 9650.566   0.996221
 9650.584   0.993287
 9650.601   0.989908
 9650.618   0.986065
 9650.635   0.981666
 9650.653   0.976506
 9650.670   0.970323
 9650.687   0.962846
 9650.704   0.953800
 9650.722   0.943004
 9650.739   0.930384
 9650.756   0.916112
 9650.773   0.900701
 9650.791   0.885062
 9650.808   0.870430
 9650.825   0.858134
 9650.842   0.849352
 9650.860   0.844911
 9650.877   0.845062
 9650.894   0.849482
 9650.911   0.857281
 9650.929   0.867217
 9650.946   0.877860
 9650.963   0.887866
 9650.980   0.896171
 9650.998   0.902099
 9651.015   0.905324
 9651.032   0.905729
 9651.049   0.903295
 9651.067   0.897850
 9651.084   0.889039
 9651.101   0.876247
 9651.119   0.858732
 9651.136   0.835780
 9651.153   0.806935
 9651.170   0.772241
 9651.188   0.732332
 9651.205   0.688689
 9651.222   0.643679
 9651.239   0.600444
 9651.257   0.562594
 9651.274   0.533837
 9651.291   0.517324
 9651.308   0.515145
 9651.326   0.527634
 9651.343   0.553437
 9651.360   0.589681
 9651.377   0.632728
 9651.395   0.678855
 9651.412   0.724664
 9651.429   0.767592
 9651.446   0.805943
 9651.464   0.838874
 9651.481   0.866354
 9651.498   0.888858
 9651.515   0.907104
 9651.533   0.921845
 9651.550   0.933823
 9651.567   0.943607
 9651.585   0.951715
 9651.602   0.958465
 9651.619   0.964077
 9651.636   0.968668
 9651.654   0.972315
 9651.671   0.975124
 9651.688   0.977180
 9651.705   0.978612
 9651.723   0.979464
 9651.740   0.979759
 9651.757   0.979490
 9651.774   0.978701
 9651.792   0.977508
 9651.809   0.976048
 9651.826   0.974421
 9651.843   0.972584
 9651.861   0.970335
 9651.878   0.967324
 9651.895   0.963134
 9651.912   0.957289
 9651.930   0.949308
 9651.947   0.938677
 9651.964   0.924916
 9651.981   0.907652
 9651.999   0.886802
 9652.016   0.862776
 9652.033   0.836520
 9652.050   0.809643
 9652.068   0.784253
 9652.085   0.762673
 9652.102   0.747129
 9652.120   0.739338
 9652.137   0.740158
 9652.154   0.749425
 9652.171   0.766084
 9652.189   0.788381
 9652.206   0.814175
 9652.223   0.841188
 9652.240   0.867390
 9652.258   0.891226
 9652.275   0.911800
 9652.292   0.928759
 9652.309   0.942236
 9652.327   0.952673
 9652.344   0.960667
 9652.361   0.966837
 9652.378   0.971771
 9652.396   0.975928
 9652.413   0.979620
 9652.430   0.982954
 9652.447   0.985917
 9652.465   0.988396
 9652.482   0.990315
 9652.499   0.991639
 9652.516   0.992434
 9652.534   0.992792
 9652.551   0.992789
 9652.568   0.992444
 9652.585   0.991691
 9652.603   0.990415
 9652.620   0.988482
 9652.637   0.985758
 9652.655   0.982121
 9652.672   0.977435
 9652.689   0.971511
 9652.706   0.964105
 9652.724   0.954956
 9652.741   0.943901
 9652.758   0.930997
 9652.775   0.916621
 9652.793   0.901518
 9652.810   0.886721
 9652.827   0.873475
 9652.844   0.863035
 9652.862   0.856524
 9652.879   0.854726
 9652.896   0.857961
 9652.913   0.865932
 9652.931   0.877765
 9652.948   0.892116
 9652.965   0.907476
 9652.982   0.922483
 9653.000   0.936137
 9653.017   0.947960
 9653.034   0.957904
 9653.051   0.966132
 9653.069   0.972895
 9653.086   0.978378
 9653.103   0.982725
 9653.120   0.986036
 9653.138   0.988429
 9653.155   0.990087
 9653.172   0.991174
 9653.190   0.991875
 9653.207   0.992289
 9653.224   0.992475
 9653.241   0.992406
 9653.259   0.991998
 9653.276   0.991106
 9653.293   0.989485
 9653.310   0.986793
 9653.328   0.982588
 9653.345   0.976438
 9653.362   0.968059
 9653.379   0.957504
 9653.397   0.945256
 9653.414   0.932241
 9653.431   0.919665
 9653.448   0.908903
 9653.466   0.901228
 9653.483   0.897635
 9653.500   0.898654
 9653.517   0.904280
 9653.535   0.913879
 9653.552   0.926336
 9653.569   0.940300
 9653.586   0.954407
 9653.604   0.967494
 9653.621   0.978720
 9653.638   0.987659
 9653.655   0.994216
 9653.673   0.998533
 9653.690   1.000883
 9653.707   1.001562
 9653.725   1.000870
 9653.742   0.999087
 9653.759   0.996568
 9653.776   0.993660
 9653.794   0.990736
 9653.811   0.988066
 9653.828   0.985822
 9653.845   0.984113
 9653.863   0.982991
 9653.880   0.982605
 9653.897   0.983082
 9653.914   0.984578
 9653.932   0.987096
 9653.949   0.990483
 9653.966   0.994488
 9653.983   0.998752
 9654.001   1.003033
 9654.018   1.007088
 9654.035   1.010802
 9654.052   1.014002
 9654.070   1.016479
 9654.087   1.018065
 9654.104   1.018644
 9654.121   1.018363
 9654.139   1.017462
 9654.156   1.016276
 9654.173   1.014974
 9654.190   1.013548
 9654.208   1.011819
 9654.225   1.009562
 9654.242   1.006641
 9654.260   1.003033
 9654.277   0.998781
 9654.294   0.993883
 9654.311   0.988168
 9654.329   0.981268
 9654.346   0.972589
 9654.363   0.961389
 9654.380   0.946846
 9654.398   0.928162
 9654.415   0.904717
 9654.432   0.876194
 9654.449   0.842780
 9654.467   0.805133
 9654.484   0.764602
 9654.501   0.723387
 9654.518   0.684557
 9654.536   0.651731
 9654.553   0.628615
 9654.570   0.618025
 9654.587   0.621230
 9654.605   0.637574
 9654.622   0.664771
 9654.639   0.699459
 9654.656   0.737790
 9654.674   0.776222
 9654.691   0.811951
 9654.708   0.843154
 9654.725   0.868940
 9654.743   0.889174
 9654.760   0.904188
 9654.777   0.914524
 9654.795   0.920867
 9654.812   0.924027
 9654.829   0.924937
 9654.846   0.924580
 9654.864   0.923889
 9654.881   0.923581
 9654.898   0.924056
 9654.915   0.925405
 9654.933   0.927531
 9654.950   0.930322
 9654.967   0.933802
 9654.984   0.938071
 9655.002   0.943199
 9655.019   0.949042
 9655.036   0.955171
 9655.053   0.960895
 9655.071   0.965437
 9655.088   0.968163
 9655.105   0.968729
 9655.122   0.967107
 9655.140   0.963516
 9655.157   0.958209
 9655.174   0.951282
 9655.191   0.942585
 9655.209   0.931722
 9655.226   0.918156
 9655.243   0.901256
 9655.261   0.880426
 9655.278   0.855094
 9655.295   0.824798
 9655.312   0.789207
 9655.330   0.748203
 9655.347   0.702069
 9655.364   0.651622
 9655.381   0.598628
 9655.399   0.545658
 9655.416   0.496048
 9655.433   0.453432
 9655.450   0.421378
 9655.468   0.402835
 9655.485   0.399738
 9655.502   0.412550
 9655.519   0.440175
 9655.537   0.479904
 9655.554   0.528039
 9655.571   0.580619
 9655.588   0.634006
 9655.606   0.685181
 9655.623   0.732049
 9655.640   0.773494
 9655.657   0.809322
 9655.675   0.839876
 9655.692   0.865899
 9655.709   0.888185
 9655.726   0.907355
 9655.744   0.923847
 9655.761   0.937995
 9655.778   0.950094
 9655.796   0.960380
 9655.813   0.969076
 9655.830   0.976300
 9655.847   0.982173
 9655.865   0.986765
 9655.882   0.990224
 9655.899   0.992737
 9655.916   0.994495
 9655.934   0.995582
 9655.951   0.995901
 9655.968   0.995227
 9655.985   0.993264
 9656.003   0.989820
 9656.020   0.984799
 9656.037   0.978211
 9656.054   0.970074
 9656.072   0.960450
 9656.089   0.949565
 9656.106   0.937945
 9656.123   0.926499
 9656.141   0.916317
 9656.158   0.908521
 9656.175   0.903955
 9656.192   0.903129
 9656.210   0.906203
 9656.227   0.912956
 9656.244   0.922818
 9656.261   0.934876
 9656.279   0.947988
 9656.296   0.960964
 9656.313   0.972772
 9656.331   0.982777
 9656.348   0.990772
 9656.365   0.996941
 9656.382   1.001688
 9656.400   1.005447
 9656.417   1.008527
 9656.434   1.011084
 9656.451   1.013190
 9656.469   1.014898
 9656.486   1.016305
 9656.503   1.017480
 9656.520   1.018420
 9656.538   1.019062
 9656.555   1.019299
 9656.572   1.019071
 9656.589   1.018361
 9656.607   1.017168
 9656.624   1.015481
 9656.641   1.013215
 9656.658   1.010293
 9656.676   1.006600
 9656.693   1.002055
 9656.710   0.996563
 9656.727   0.989996
 9656.745   0.982217
 9656.762   0.973092
 9656.779   0.962596
 9656.796   0.950867
 9656.814   0.938253
 9656.831   0.925336
 9656.848   0.912905
 9656.866   0.901820
 9656.883   0.892913
 9656.900   0.886769
 9656.917   0.883671
 9656.935   0.883415
 9656.952   0.885304
 9656.969   0.888194
 9656.986   0.890601
 9657.004   0.891054
 9657.021   0.888347
 9657.038   0.881798
 9657.055   0.871190
 9657.073   0.856682
 9657.090   0.838531
 9657.107   0.816879
 9657.124   0.791667
 9657.142   0.762639
 9657.159   0.729510
 9657.176   0.692136
 9657.193   0.650977
 9657.211   0.607294
 9657.228   0.563461
 9657.245   0.522701
 9657.262   0.488676
 9657.280   0.464781
 9657.297   0.453608
 9657.314   0.456572
 9657.331   0.473696
 9657.349   0.503634
 9657.366   0.543884
 9657.383   0.590986
 9657.401   0.641110
 9657.418   0.690764
 9657.435   0.737312
 9657.452   0.779214
 9657.470   0.815940
 9657.487   0.847625
 9657.504   0.874660
 9657.521   0.897417
 9657.539   0.916197
 9657.556   0.931270
 9657.573   0.943018
 9657.590   0.951975
 9657.608   0.958693
 9657.625   0.963748
 9657.642   0.967574
 9657.659   0.970565
 9657.677   0.973017
 9657.694   0.975189
 9657.711   0.977313
 9657.728   0.979532
 9657.746   0.981939
 9657.763   0.984503
 9657.780   0.987164
 9657.797   0.989823
 9657.815   0.992428
 9657.832   0.994996
 9657.849   0.997607
 9657.866   1.000320
 9657.884   1.003131
 9657.901   1.005905
 9657.918   1.008427
 9657.936   1.010475
 9657.953   1.011897
 9657.970   1.012711
 9657.987   1.013051
 9658.005   1.013149
 9658.022   1.013159
 9658.039   1.013148
 9658.056   1.013045
 9658.074   1.012755
 9658.091   1.012244
 9658.108   1.011548
 9658.125   1.010775
 9658.143   1.009969
 9658.160   1.009105
 9658.177   1.008066
 9658.194   1.006730
 9658.212   1.005039
 9658.229   1.002986
 9658.246   1.000565
 9658.263   0.997653
 9658.281   0.993999
 9658.298   0.989245
 9658.315   0.983017
 9658.332   0.974983
 9658.350   0.964930
 9658.367   0.952751
 9658.384   0.938492
 9658.401   0.922401
 9658.419   0.905051
 9658.436   0.887415
 9658.453   0.870849
 9658.471   0.856890
 9658.488   0.847034
 9658.505   0.842445
 9658.522   0.843601
 9658.540   0.850096
 9658.557   0.860616
 9658.574   0.873264
 9658.591   0.885892
 9658.609   0.896645
 9658.626   0.904212
 9658.643   0.907883
 9658.660   0.907363
 9658.678   0.902449
 9658.695   0.892907
 9658.712   0.878421
 9658.729   0.858977
 9658.747   0.835155
 9658.764   0.808415
 9658.781   0.781099
 9658.798   0.756135
 9658.816   0.736571
 9658.833   0.724967
 9658.850   0.723025
 9658.867   0.731139
 9658.885   0.748395
 9658.902   0.772726
 9658.919   0.801388
 9658.937   0.831538
 9658.954   0.860773
 9658.971   0.887399
 9658.988   0.910513
 9659.006   0.929854
 9659.023   0.945671
 9659.040   0.958405
 9659.057   0.968478
 9659.075   0.976256
 9659.092   0.982089
 9659.109   0.986371
 9659.126   0.989509
 9659.144   0.991865
 9659.161   0.993704
 9659.178   0.995150
 9659.195   0.996176
 9659.213   0.996696
 9659.230   0.996646
 9659.247   0.996035
 9659.264   0.994980
 9659.282   0.993638
 9659.299   0.992172
 9659.316   0.990691
 9659.333   0.989226
 9659.351   0.987798
 9659.368   0.986393
 9659.385   0.985023
 9659.402   0.983690
 9659.420   0.982375
 9659.437   0.981059
 9659.454   0.979681
 9659.472   0.978186
 9659.489   0.976532
 9659.506   0.974703
 9659.523   0.972727
 9659.541   0.970581
 9659.558   0.968145
 9659.575   0.965166
 9659.592   0.961298
 9659.610   0.956258
 9659.627   0.949892
 9659.644   0.942234
 9659.661   0.933311
 9659.679   0.923052
 9659.696   0.911167
 9659.713   0.897136
 9659.730   0.880379
 9659.748   0.860362
 9659.765   0.836704
 9659.782   0.809092
 9659.799   0.777286
 9659.817   0.741022
 9659.834   0.700240
 9659.851   0.655355
 9659.868   0.607445
 9659.886   0.558314
 9659.903   0.510490
 9659.920   0.466940
 9659.937   0.430813
 9659.955   0.405009
 9659.972   0.391847
 9659.989   0.392569
 9660.007   0.407115
 9660.024   0.434072
 9660.041   0.471062
 9660.058   0.515091
 9660.076   0.563082
 9660.093   0.612177
 9660.110   0.660071
 9660.127   0.705119
 9660.145   0.746185
 9660.162   0.782653
 9660.179   0.814280
 9660.196   0.841171
 9660.214   0.863773
 9660.231   0.882729
 9660.248   0.898745
 9660.265   0.912388
 9660.283   0.924071
 9660.300   0.934017
 9660.317   0.942402
 9660.334   0.949466
 9660.352   0.955503
 9660.369   0.960809
 9660.386   0.965561
 9660.403   0.969777
 9660.421   0.973360
 9660.438   0.976196
 9660.455   0.978271
 9660.472   0.979744
 9660.490   0.980883
 9660.507   0.982022
 9660.524   0.983363
 9660.542   0.984991
 9660.559   0.986786
 9660.576   0.988505
 9660.593   0.989853
 9660.611   0.990533
 9660.628   0.990357
 9660.645   0.989253
 9660.662   0.987291
 9660.680   0.984605
 9660.697   0.981390
 9660.714   0.977835
 9660.731   0.974183
 9660.749   0.970728
 9660.766   0.967826
 9660.783   0.965845
 9660.800   0.965060
 9660.818   0.965558
 9660.835   0.967189
 9660.852   0.969636
 9660.869   0.972504
 9660.887   0.975465
 9660.904   0.978313
 9660.921   0.980957
 9660.938   0.983351
 9660.956   0.985486
 9660.973   0.987353
 9660.990   0.989036
 9661.007   0.990644
 9661.025   0.992340
 9661.042   0.994196
 9661.059   0.996156
 9661.077   0.998063
 9661.094   0.999698
 9661.111   1.001017
 9661.128   1.002078
 9661.146   1.003084
 9661.163   1.004150
 9661.180   1.005223
 9661.197   1.006153
 9661.215   1.006737
 9661.232   1.006989
 9661.249   1.007043
 9661.266   1.007112
 9661.284   1.007336
 9661.301   1.007661
 9661.318   1.007971
 9661.335   1.008111
 9661.353   1.008019
 9661.370   1.007738
 9661.387   1.007333
 9661.404   1.006908
 9661.422   1.006466
 9661.439   1.005987
 9661.456   1.005460
 9661.473   1.004907
 9661.491   1.004464
 9661.508   1.004221
 9661.525   1.004210
 9661.542   1.004308
 9661.560   1.004278
 9661.577   1.003938
 9661.594   1.003111
 9661.612   1.001795
 9661.629   0.999992
 9661.646   0.997778
 9661.663   0.995287
 9661.681   0.992643
 9661.698   0.990070
 9661.715   0.987662
 9661.732   0.985531
 9661.750   0.983697
 9661.767   0.982238
 9661.784   0.981240
 9661.801   0.980725
 9661.819   0.980593
 9661.836   0.980499
 9661.853   0.980057
 9661.870   0.978953
 9661.888   0.977146
 9661.905   0.974840
 9661.922   0.972305
 9661.939   0.969722
 9661.957   0.967045
 9661.974   0.964082
 9661.991   0.960644
 9662.008   0.956565
 9662.026   0.951781
 9662.043   0.946214
 9662.060   0.939782
 9662.077   0.932369
 9662.095   0.923734
 9662.112   0.913498
 9662.129   0.901114
 9662.147   0.885902
 9662.164   0.867185
 9662.181   0.844348
 9662.198   0.816935
 9662.216   0.784700
 9662.233   0.747688
 9662.250   0.706326
 9662.267   0.661632
 9662.285   0.615461
 9662.302   0.570430
 9662.319   0.529774
 9662.336   0.497009
 9662.354   0.475426
 9662.371   0.467349
 9662.388   0.473854
 9662.405   0.494475
 9662.423   0.527402
 9662.440   0.569757
 9662.457   0.618008
 9662.474   0.668463
 9662.492   0.717891
 9662.509   0.763862
 9662.526   0.804915
 9662.543   0.840429
 9662.561   0.870502
 9662.578   0.895621
 9662.595   0.916463
 9662.613   0.933707
 9662.630   0.947990
 9662.647   0.959899
 9662.664   0.969896
 9662.682   0.978312
 9662.699   0.985377
 9662.716   0.991319
 9662.733   0.996372
 9662.751   1.000737
 9662.768   1.004579
 9662.785   1.007954
 9662.802   1.010862
 9662.820   1.013293
 9662.837   1.015262
 9662.854   1.016868
 9662.871   1.018200
 9662.889   1.019324
 9662.906   1.020239
 9662.923   1.020885
 9662.940   1.021216
 9662.958   1.021186
 9662.975   1.020828
 9662.992   1.020132
 9663.009   1.019042
 9663.027   1.017421
 9663.044   1.015079
 9663.061   1.011901
 9663.078   1.007867
 9663.096   1.003087
 9663.113   0.997693
 9663.130   0.991751
 9663.148   0.985169
 9663.165   0.977713
 9663.182   0.969112
 9663.199   0.959022
 9663.217   0.947117
 9663.234   0.932988
 9663.251   0.916156
 9663.268   0.896010
 9663.286   0.871878
 9663.303   0.843117
 9663.320   0.809172
 9663.337   0.769743
 9663.355   0.724759
 9663.372   0.674572
 9663.389   0.620028
 9663.406   0.562493
 9663.424   0.503906
 9663.441   0.446971
 9663.458   0.394920
 9663.475   0.351080
 9663.493   0.318491
 9663.510   0.299536
 9663.527   0.295559
 9663.544   0.306761
 9663.562   0.332122
 9663.579   0.369662
 9663.596   0.416708
 9663.613   0.470165
 9663.631   0.526825
 9663.648   0.583689
 9663.665   0.638274
 9663.683   0.688915
 9663.700   0.734807
 9663.717   0.775905
 9663.734   0.812474
 9663.752   0.844952
 9663.769   0.873766
 9663.786   0.899201
 9663.803   0.921500
 9663.821   0.940915
 9663.838   0.957717
 9663.855   0.972167
 9663.872   0.984505
 9663.890   0.994959
 9663.907   1.003724
 9663.924   1.010972
 9663.941   1.016881
 9663.959   1.021584
 9663.976   1.025199
 9663.993   1.027856
 9664.010   1.029692
 9664.028   1.030914
 9664.045   1.031676
 9664.062   1.031998
 9664.079   1.031732
 9664.097   1.030538
 9664.114   1.028067
 9664.131   1.023994
 9664.148   1.018094
 9664.166   1.010137
 9664.183   0.999841
 9664.200   0.986904
 9664.218   0.971168
 9664.235   0.952791
 9664.252   0.932327
 9664.269   0.910721
 9664.287   0.889202
 9664.304   0.869158
 9664.321   0.851980
 9664.338   0.839046
 9664.356   0.831457
 9664.373   0.829682
 9664.390   0.833353
 9664.407   0.841120
 9664.425   0.850997
 9664.442   0.860739
 9664.459   0.868562
 9664.476   0.873372
 9664.494   0.874882
 9664.511   0.873280
 9664.528   0.868855
 9664.545   0.861771
 9664.563   0.851992
 9664.580   0.839440
 9664.597   0.824014
 9664.614   0.805613
 9664.632   0.784020
 9664.649   0.758806
 9664.666   0.729460
 9664.683   0.695582
 9664.701   0.657035
 9664.718   0.613986
 9664.735   0.566946
 9664.753   0.516637
 9664.770   0.463896
 9664.787   0.409640
 9664.804   0.354846
 9664.822   0.300814
 9664.839   0.249220
 9664.856   0.201754
 9664.873   0.159957
 9664.891   0.125074
 9664.908   0.098003
 9664.925   0.079169
 9664.942   0.068678
 9664.960   0.066395
 9664.977   0.072068
 9664.994   0.085478
 9665.011   0.106466
 9665.029   0.134869
 9665.046   0.170357
 9665.063   0.212355
 9665.080   0.259951
 9665.098   0.311915
 9665.115   0.366784
 9665.132   0.422950
 9665.149   0.478912
 9665.167   0.533399
 9665.184   0.585449
 9665.201   0.634369
 9665.218   0.679591
 9665.236   0.720641
 9665.253   0.757248
 9665.270   0.789600
 9665.288   0.818123
 9665.305   0.843453
 9665.322   0.866132
 9665.339   0.886470
 9665.357   0.904490
 9665.374   0.919923
 9665.391   0.932553
 9665.408   0.942248
 9665.426   0.949077
 9665.443   0.953090
 9665.460   0.954277
 9665.477   0.952500
 9665.495   0.947488
 9665.512   0.939028
 9665.529   0.927130
 9665.546   0.912251
 9665.564   0.895366
 9665.581   0.877886
 9665.598   0.861489
 9665.615   0.847757
 9665.633   0.837945
 9665.650   0.832799
 9665.667   0.832377
 9665.684   0.835872
 9665.702   0.841553
 9665.719   0.846959
 9665.736   0.849331
 9665.754   0.846159
 9665.771   0.835674
 9665.788   0.817238
 9665.805   0.791489
 9665.823   0.760276
 9665.840   0.726428
 9665.857   0.693348
 9665.874   0.664706
 9665.892   0.644035
 9665.909   0.634267
 9665.926   0.637264
 9665.943   0.653344
 9665.961   0.681271
 9665.978   0.718480
 9665.995   0.761514
 9666.012   0.806571
 9666.030   0.850273
 9666.047   0.890065
 9666.064   0.924496
 9666.081   0.953066
 9666.099   0.976105
 9666.116   0.994301
 9666.133   1.008380
 9666.150   1.018995
 9666.168   1.026704
 9666.185   1.032143
 9666.202   1.035849
 9666.219   1.038316
 9666.237   1.039860
 9666.254   1.040623
 9666.271   1.040702
 9666.289   1.040152
 9666.306   1.039142
 9666.323   1.037800
 9666.340   1.036064
 9666.358   1.033676
 9666.375   1.030111
 9666.392   1.024905
 9666.409   1.017654
 9666.427   1.008098
 9666.444   0.996039
 9666.461   0.981249
 9666.478   0.963701
 9666.496   0.943813
 9666.513   0.922598
 9666.530   0.901753
 9666.547   0.883188
 9666.565   0.868675
 9666.582   0.859401
 9666.599   0.855883
 9666.616   0.858106
 9666.634   0.865571
 9666.651   0.877453
 9666.668   0.892570
 9666.685   0.909493
 9666.703   0.926663
 9666.720   0.942728
 9666.737   0.956778
 9666.754   0.968335
 9666.772   0.977296
 9666.789   0.983788
 9666.806   0.988078
 9666.824   0.990389
 9666.841   0.990908
 9666.858   0.989703
 9666.875   0.986804
 9666.893   0.982185
 9666.910   0.975855
 9666.927   0.967837
 9666.944   0.958118
 9666.962   0.946595
 9666.979   0.933015
 9666.996   0.917009
 9667.013   0.898089
 9667.031   0.875746
 9667.048   0.849439
 9667.065   0.818647
 9667.082   0.782921
 9667.100   0.741910
 9667.117   0.695505
 9667.134   0.643898
 9667.151   0.587793
 9667.169   0.528588
 9667.186   0.468411
 9667.203   0.410042
 9667.220   0.356586
 9667.238   0.311272
 9667.255   0.276978
 9667.272   0.255938
 9667.289   0.249491
 9667.307   0.258032
 9667.324   0.280949
 9667.341   0.316688
 9667.359   0.362890
 9667.376   0.416585
 9667.393   0.474453
 9667.410   0.533181
 9667.428   0.589978
 9667.445   0.642794
 9667.462   0.690343
 9667.479   0.731962
 9667.497   0.767536
 9667.514   0.797164
 9667.531   0.821017
 9667.548   0.839330
 9667.566   0.852472
 9667.583   0.861045
 9667.600   0.865777
 9667.617   0.867566
 9667.635   0.867431
 9667.652   0.866468
 9667.669   0.865833
 9667.686   0.866644
 9667.704   0.869794
 9667.721   0.875802
 9667.738   0.884668
 9667.755   0.895936
 9667.773   0.908876
 9667.790   0.922613
 9667.807   0.936363
 9667.824   0.949416
 9667.842   0.961214
 9667.859   0.971412
 9667.876   0.979809
 9667.894   0.986495
 9667.911   0.991680
 9667.928   0.995712
 9667.945   0.998958
 9667.963   1.001686
 9667.980   1.004147
 9667.997   1.006447
 9668.014   1.008668
 9668.032   1.010809
 9668.049   1.012741
 9668.066   1.014330
 9668.083   1.015323
 9668.101   1.015649
 9668.118   1.015332
 9668.135   1.014632
 9668.152   1.013895
 9668.170   1.013363
 9668.187   1.013165
 9668.204   1.013198
 9668.221   1.013348
 9668.239   1.013513
 9668.256   1.013665
 9668.273   1.013783
 9668.290   1.013779
 9668.308   1.013571
 9668.325   1.013133
 9668.342   1.012599
 9668.359   1.012201
 9668.377   1.012138
 9668.394   1.012438
 9668.411   1.012928
 9668.429   1.013355
 9668.446   1.013514
 9668.463   1.013365
 9668.480   1.012962
 9668.498   1.012412
 9668.515   1.011734
 9668.532   1.010846
 9668.549   1.009557
 9668.567   1.007600
 9668.584   1.004708
 9668.601   1.000678
 9668.618   0.995513
 9668.636   0.989469
 9668.653   0.982957
 9668.670   0.976453
 9668.687   0.970282
 9668.705   0.964740
 9668.722   0.960127
 9668.739   0.956890
 9668.756   0.955572
 9668.774   0.956509
 9668.791   0.959658
 9668.808   0.964389
 9668.825   0.969794
 9668.843   0.974957
 9668.860   0.979247
 9668.877   0.982364
 9668.894   0.984188
 9668.912   0.984632
 9668.929   0.983491
 9668.946   0.980398
 9668.964   0.974897
 9668.981   0.966494
 9668.998   0.954820
 9669.015   0.939828
 9669.033   0.921829
 9669.050   0.901617
 9669.067   0.880322
 9669.084   0.859374
 9669.102   0.840369
 9669.119   0.824859
 9669.136   0.814176
 9669.153   0.809040
 9669.171   0.809384
 9669.188   0.814266
 9669.205   0.822036
 9669.222   0.830699
 9669.240   0.838213
 9669.257   0.842965
 9669.274   0.843995
 9669.291   0.841315
 9669.309   0.835942
 9669.326   0.829691
 9669.343   0.824711
 9669.360   0.822774
 9669.378   0.824725
 9669.395   0.830223
 9669.412   0.837894
 9669.430   0.845876
 9669.447   0.852318
 9669.464   0.855711
 9669.481   0.855026
 9669.499   0.849624
 9669.516   0.839074
 9669.533   0.823026
 9669.550   0.801152
 9669.568   0.773368
 9669.585   0.740115
 9669.602   0.702745
 9669.619   0.663704
 9669.637   0.626351
 9669.654   0.594614
 9669.671   0.572353
 9669.688   0.562544
 9669.706   0.566568
 9669.723   0.583454
 9669.740   0.610027
 9669.757   0.641265
 9669.775   0.671387
 9669.792   0.695106
 9669.809   0.708563
 9669.826   0.710182
 9669.844   0.700624
 9669.861   0.682475
 9669.878   0.659397
 9669.895   0.635474
 9669.913   0.614682
 9669.930   0.600595
 9669.947   0.596101
 9669.965   0.603041
 9669.982   0.622065
 9669.999   0.652196
 9670.016   0.690954
 9670.034   0.734629
 9670.051   0.779329
 9670.068   0.821650
 9670.085   0.859234
 9670.103   0.890995
 9670.120   0.916785
 9670.137   0.937216
 9670.154   0.953005
 9670.172   0.965081
 9670.189   0.974229
 9670.206   0.981158
 9670.223   0.986368
 9670.241   0.990180
 9670.258   0.992912
 9670.275   0.994813
 9670.292   0.996275
 9670.310   0.997540
 9670.327   0.998761
 9670.344   0.999809
 9670.361   1.000511
 9670.379   1.000770
 9670.396   1.000646
 9670.413   1.000409
 9670.430   1.000247
 9670.448   1.000238
 9670.465   1.000211
 9670.482   0.999930
 9670.500   0.999186
 9670.517   0.997980
 9670.534   0.996472
 9670.551   0.994799
 9670.569   0.992931
 9670.586   0.990481
 9670.603   0.986938
 9670.620   0.981828
 9670.638   0.975043
 9670.655   0.966799
 9670.672   0.957405
 9670.689   0.947033
 9670.707   0.935603
 9670.724   0.922964
 9670.741   0.909182
 9670.758   0.894713
 9670.776   0.880438
 9670.793   0.867399
 9670.810   0.856527
 9670.827   0.848424
 9670.845   0.843292
 9670.862   0.841053
 9670.879   0.841483
 9670.896   0.844427
 9670.914   0.849777
 9670.931   0.857456
 9670.948   0.867276
 9670.965   0.878823
 9670.983   0.891546
 9671.000   0.904781
