10411.000   0.996331
10411.020   0.996462
10411.040   0.996322
10411.061   0.995995
10411.081   0.995609
10411.101   0.995305
10411.121   0.995159
10411.141   0.995164
10411.162   0.995206
10411.182   0.995171
10411.202   0.994995
10411.222   0.994760
10411.242   0.994650
10411.262   0.994883
10411.283   0.995560
10411.303   0.996573
10411.323   0.997609
10411.343   0.998292
10411.363   0.998352
10411.384   0.997753
10411.404   0.996715
10411.424   0.995619
10411.444   0.994852
10411.464   0.994642
10411.485   0.994955
10411.505   0.995539
10411.525   0.996049
10411.545   0.996212
10411.565   0.995920
10411.585   0.995286
10411.606   0.994557
10411.626   0.993989
10411.646   0.993710
10411.666   0.993675
10411.686   0.993690
10411.707   0.993556
10411.727   0.993184
10411.747   0.992676
10411.767   0.992247
10411.787   0.992141
10411.808   0.992430
10411.828   0.992989
10411.848   0.993494
10411.868   0.993627
10411.888   0.993187
10411.908   0.992235
10411.929   0.991054
10411.949   0.990049
10411.969   0.989565
10411.989   0.989754
10412.009   0.990544
10412.030   0.991686
10412.050   0.992886
10412.070   0.993869
10412.090   0.994474
10412.110   0.994657
10412.131   0.994487
10412.151   0.994070
10412.171   0.993535
10412.191   0.992973
10412.211   0.992443
10412.232   0.991970
10412.252   0.991591
10412.272   0.991391
10412.292   0.991488
10412.312   0.991968
10412.332   0.992796
10412.353   0.993775
10412.373   0.994588
10412.393   0.994933
10412.413   0.994645
10412.433   0.993819
10412.454   0.992762
10412.474   0.991878
10412.494   0.991465
10412.514   0.991629
10412.534   0.992247
10412.555   0.993092
10412.575   0.993900
10412.595   0.994531
10412.615   0.994942
10412.635   0.995226
10412.655   0.995485
10412.676   0.995844
10412.696   0.996290
10412.716   0.996742
10412.736   0.996990
10412.756   0.996839
10412.777   0.996127
10412.797   0.994858
10412.817   0.993189
10412.837   0.991476
10412.857   0.990144
10412.878   0.989590
10412.898   0.989972
10412.918   0.991173
10412.938   0.992793
10412.958   0.994317
10412.979   0.995286
10412.999   0.995488
10413.019   0.994995
10413.039   0.994105
10413.059   0.993183
10413.079   0.992504
10413.100   0.992194
10413.120   0.992232
10413.140   0.992542
10413.160   0.993018
10413.180   0.993575
10413.201   0.994119
10413.221   0.994568
10413.241   0.994827
10413.261   0.994845
10413.281   0.994633
10413.302   0.994296
10413.322   0.993984
10413.342   0.993848
10413.362   0.993944
10413.382   0.994216
10413.402   0.994477
10413.423   0.994508
10413.443   0.994112
10413.463   0.993262
10413.483   0.992089
10413.503   0.990919
10413.524   0.990084
10413.544   0.989863
10413.564   0.990316
10413.584   0.991315
10413.604   0.992527
10413.625   0.993620
10413.645   0.994337
10413.665   0.994651
10413.685   0.994671
10413.705   0.994576
10413.725   0.994462
10413.746   0.994309
10413.766   0.993995
10413.786   0.993369
10413.806   0.992366
10413.826   0.991045
10413.847   0.989620
10413.867   0.988348
10413.887   0.987497
10413.907   0.987221
10413.927   0.987568
10413.948   0.988422
10413.968   0.989553
10413.988   0.990677
10414.008   0.991543
10414.028   0.992007
10414.049   0.992056
10414.069   0.991819
10414.089   0.991481
10414.109   0.991217
10414.129   0.991122
10414.149   0.991203
10414.170   0.991381
10414.190   0.991552
10414.210   0.991623
10414.230   0.991562
10414.250   0.991381
10414.271   0.991104
10414.291   0.990729
10414.311   0.990228
10414.331   0.989618
10414.351   0.988975
10414.372   0.988461
10414.392   0.988243
10414.412   0.988470
10414.432   0.989157
10414.452   0.990203
10414.472   0.991351
10414.493   0.992345
10414.513   0.992953
10414.533   0.993094
10414.553   0.992778
10414.573   0.992141
10414.594   0.991354
10414.614   0.990603
10414.634   0.989998
10414.654   0.989579
10414.674   0.989311
10414.695   0.989119
10414.715   0.988941
10414.735   0.988749
10414.755   0.988606
10414.775   0.988627
10414.796   0.988927
10414.816   0.989528
10414.836   0.990339
10414.856   0.991164
10414.876   0.991794
10414.896   0.992098
10414.917   0.992093
10414.937   0.991925
10414.957   0.991798
10414.977   0.991885
10414.997   0.992260
10415.018   0.992892
10415.038   0.993663
10415.058   0.994405
10415.078   0.994942
10415.098   0.995134
10415.119   0.994916
10415.139   0.994334
10415.159   0.993513
10415.179   0.992621
10415.199   0.991792
10415.219   0.991105
10415.240   0.990557
10415.260   0.990130
10415.280   0.989817
10415.300   0.989646
10415.320   0.989634
10415.341   0.989753
10415.361   0.989924
10415.381   0.990054
10415.401   0.990069
10415.421   0.989948
10415.442   0.989723
10415.462   0.989456
10415.482   0.989224
10415.502   0.989124
10415.522   0.989270
10415.542   0.989770
10415.563   0.990643
10415.583   0.991779
10415.603   0.992905
10415.623   0.993692
10415.643   0.993864
10415.664   0.993387
10415.684   0.992459
10415.704   0.991465
10415.724   0.990747
10415.744   0.990514
10415.765   0.990747
10415.785   0.991314
10415.805   0.991997
10415.825   0.992649
10415.845   0.993159
10415.866   0.993518
10415.886   0.993722
10415.906   0.993806
10415.926   0.993795
10415.946   0.993735
10415.966   0.993648
10415.987   0.993536
10416.007   0.993388
10416.027   0.993196
10416.047   0.992990
10416.067   0.992801
10416.088   0.992677
10416.108   0.992609
10416.128   0.992586
10416.148   0.992546
10416.168   0.992466
10416.189   0.992343
10416.209   0.992230
10416.229   0.992186
10416.249   0.992273
10416.269   0.992534
10416.289   0.993008
10416.310   0.993723
10416.330   0.994668
10416.350   0.995779
10416.370   0.996913
10416.390   0.997872
10416.411   0.998476
10416.431   0.998611
10416.451   0.998314
10416.471   0.997725
10416.491   0.997076
10416.512   0.996555
10416.532   0.996302
10416.552   0.996319
10416.572   0.996540
10416.592   0.996828
10416.613   0.997071
10416.633   0.997185
10416.653   0.997143
10416.673   0.996953
10416.693   0.996630
10416.713   0.996208
10416.734   0.995719
10416.754   0.995248
10416.774   0.994892
10416.794   0.994768
10416.814   0.994930
10416.835   0.995364
10416.855   0.995931
10416.875   0.996423
10416.895   0.996626
10416.915   0.996417
10416.936   0.995829
10416.956   0.995050
10416.976   0.994347
10416.996   0.993919
10417.016   0.993845
10417.036   0.994025
10417.057   0.994297
10417.077   0.994485
10417.097   0.994526
10417.117   0.994427
10417.137   0.994264
10417.158   0.994066
10417.178   0.993828
10417.198   0.993511
10417.218   0.993124
10417.238   0.992715
10417.259   0.992376
10417.279   0.992164
10417.299   0.992101
10417.319   0.992161
10417.339   0.992331
10417.359   0.992616
10417.380   0.993028
10417.400   0.993498
10417.420   0.993879
10417.440   0.993973
10417.460   0.993662
10417.481   0.993000
10417.501   0.992238
10417.521   0.991691
10417.541   0.991609
10417.561   0.992035
10417.582   0.992837
10417.602   0.993773
10417.622   0.994613
10417.642   0.995202
10417.662   0.995486
10417.683   0.995493
10417.703   0.995288
10417.723   0.994974
10417.743   0.994666
10417.763   0.994484
10417.783   0.994458
10417.804   0.994520
10417.824   0.994499
10417.844   0.994234
10417.864   0.993682
10417.884   0.992970
10417.905   0.992347
10417.925   0.992074
10417.945   0.992282
10417.965   0.992881
10417.985   0.993631
10418.006   0.994250
10418.026   0.994587
10418.046   0.994631
10418.066   0.994491
10418.086   0.994276
10418.106   0.994021
10418.127   0.993667
10418.147   0.993140
10418.167   0.992418
10418.187   0.991594
10418.207   0.990860
10418.228   0.990450
10418.248   0.990491
10418.268   0.990948
10418.288   0.991625
10418.308   0.992278
10418.329   0.992716
10418.349   0.992875
10418.369   0.992804
10418.389   0.992618
10418.409   0.992433
10418.430   0.992334
10418.450   0.992348
10418.470   0.992464
10418.490   0.992633
10418.510   0.992780
10418.530   0.992825
10418.551   0.992701
10418.571   0.992390
10418.591   0.991916
10418.611   0.991386
10418.631   0.990948
10418.652   0.990794
10418.672   0.991027
10418.692   0.991622
10418.712   0.992347
10418.732   0.992854
10418.753   0.992821
10418.773   0.992136
10418.793   0.990976
10418.813   0.989747
10418.833   0.988897
10418.853   0.988688
10418.874   0.989106
10418.894   0.989857
10418.914   0.990565
10418.934   0.990929
10418.954   0.990903
10418.975   0.990655
10418.995   0.990514
10419.015   0.990732
10419.035   0.991384
10419.055   0.992282
10419.076   0.993122
10419.096   0.993599
10419.116   0.993599
10419.136   0.993232
10419.156   0.992755
10419.176   0.992432
10419.197   0.992359
10419.217   0.992495
10419.237   0.992680
10419.257   0.992811
10419.277   0.992822
10419.298   0.992769
10419.318   0.992711
10419.338   0.992749
10419.358   0.992926
10419.378   0.993286
10419.399   0.993811
10419.419   0.994474
10419.439   0.995181
10419.459   0.995810
10419.479   0.996205
10419.500   0.996258
10419.520   0.995949
10419.540   0.995384
10419.560   0.994758
10419.580   0.994267
10419.600   0.994001
10419.621   0.993890
10419.641   0.993752
10419.661   0.993395
10419.681   0.992742
10419.701   0.991888
10419.722   0.991081
10419.742   0.990594
10419.762   0.990626
10419.782   0.991189
10419.802   0.992100
10419.823   0.993030
10419.843   0.993660
10419.863   0.993821
10419.883   0.993570
10419.903   0.993169
10419.923   0.992926
10419.944   0.993049
10419.964   0.993524
10419.984   0.994138
10420.004   0.994578
10420.024   0.994616
10420.045   0.994215
10420.065   0.993554
10420.085   0.992926
10420.105   0.992594
10420.125   0.992721
10420.146   0.993282
10420.166   0.994130
10420.186   0.994989
10420.206   0.995620
10420.226   0.995850
10420.246   0.995720
10420.267   0.995396
10420.287   0.995180
10420.307   0.995283
10420.327   0.995767
10420.347   0.996439
10420.368   0.996984
10420.388   0.997094
10420.408   0.996669
10420.428   0.995830
10420.448   0.994858
10420.469   0.994027
10420.489   0.993514
10420.509   0.993325
10420.529   0.993361
10420.549   0.993465
10420.570   0.993509
10420.590   0.993415
10420.610   0.993172
10420.630   0.992804
10420.650   0.992334
10420.670   0.991780
10420.691   0.991180
10420.711   0.990644
10420.731   0.990331
10420.751   0.990439
10420.771   0.991094
10420.792   0.992279
10420.812   0.993759
10420.832   0.995147
10420.852   0.996058
10420.872   0.996269
10420.893   0.995804
10420.913   0.994900
10420.933   0.993903
10420.953   0.993113
10420.973   0.992696
10420.993   0.992655
10421.014   0.992891
10421.034   0.993270
10421.054   0.993691
10421.074   0.994100
10421.094   0.994490
10421.115   0.994869
10421.135   0.995218
10421.155   0.995474
10421.175   0.995525
10421.195   0.995287
10421.216   0.994730
10421.236   0.993939
10421.256   0.993073
10421.276   0.992369
10421.296   0.992035
10421.317   0.992231
10421.337   0.992948
10421.357   0.994034
10421.377   0.995171
10421.397   0.996004
10421.417   0.996236
10421.438   0.995782
10421.458   0.994782
10421.478   0.993566
10421.498   0.992507
10421.518   0.991860
10421.539   0.991651
10421.559   0.991708
10421.579   0.991765
10421.599   0.991596
10421.619   0.991123
10421.640   0.990438
10421.660   0.989750
10421.680   0.989267
10421.700   0.989103
10421.720   0.989228
10421.740   0.989479
10421.761   0.989644
10421.781   0.989588
10421.801   0.989316
10421.821   0.989000
10421.841   0.988889
10421.862   0.989207
10421.882   0.990000
10421.902   0.991120
10421.922   0.992257
10421.942   0.993105
10421.963   0.993470
10421.983   0.993359
10422.003   0.992881
10422.023   0.992196
10422.043   0.991407
10422.063   0.990630
10422.084   0.989992
10422.104   0.989705
10422.124   0.989955
10422.144   0.990810
10422.164   0.992125
10422.185   0.993554
10422.205   0.994690
10422.225   0.995198
10422.245   0.994973
10422.265   0.994104
10422.286   0.992911
10422.306   0.991756
10422.326   0.991011
10422.346   0.990859
10422.366   0.991312
10422.387   0.992126
10422.407   0.992948
10422.427   0.993380
10422.447   0.993190
10422.467   0.992370
10422.487   0.991169
10422.508   0.989965
10422.528   0.989117
10422.548   0.988816
10422.568   0.989040
10422.588   0.989611
10422.609   0.990300
10422.629   0.990939
10422.649   0.991426
10422.669   0.991729
10422.689   0.991818
10422.710   0.991695
10422.730   0.991389
10422.750   0.990996
10422.770   0.990633
10422.790   0.990404
10422.810   0.990330
10422.831   0.990386
10422.851   0.990501
10422.871   0.990632
10422.891   0.990758
10422.911   0.990883
10422.932   0.990988
10422.952   0.991051
10422.972   0.991060
10422.992   0.991059
10423.012   0.991118
10423.033   0.991311
10423.053   0.991679
10423.073   0.992198
10423.093   0.992786
10423.113   0.993306
10423.134   0.993612
10423.154   0.993574
10423.174   0.993146
10423.194   0.992363
10423.214   0.991369
10423.234   0.990359
10423.255   0.989534
10423.275   0.989025
10423.295   0.988851
10423.315   0.988938
10423.335   0.989154
10423.356   0.989382
10423.376   0.989533
10423.396   0.989576
10423.416   0.989497
10423.436   0.989321
10423.457   0.989086
10423.477   0.988849
10423.497   0.988682
10423.517   0.988662
10423.537   0.988856
10423.557   0.989279
10423.578   0.989896
10423.598   0.990608
10423.618   0.991311
10423.638   0.991916
10423.658   0.992399
10423.679   0.992751
10423.699   0.992972
10423.719   0.993030
10423.739   0.992883
10423.759   0.992495
10423.780   0.991902
10423.800   0.991217
10423.820   0.990621
10423.840   0.990282
10423.860   0.990292
10423.880   0.990633
10423.901   0.991178
10423.921   0.991799
10423.941   0.992404
10423.961   0.993016
10423.981   0.993668
10424.002   0.994401
10424.022   0.995150
10424.042   0.995811
10424.062   0.996248
10424.082   0.996416
10424.103   0.996346
10424.123   0.996176
10424.143   0.996051
10424.163   0.996071
10424.183   0.996225
10424.204   0.996441
10424.224   0.996630
10424.244   0.996762
10424.264   0.996851
10424.284   0.996941
10424.304   0.997044
10424.325   0.997121
10424.345   0.997098
10424.365   0.996933
10424.385   0.996668
10424.405   0.996416
10424.426   0.996331
10424.446   0.996523
10424.466   0.997045
10424.486   0.997862
10424.506   0.998912
10424.527   1.000053
10424.547   1.001099
10424.567   1.001806
10424.587   1.002008
10424.607   1.001632
10424.627   1.000795
10424.648   0.999707
10424.668   0.998625
10424.688   0.997687
10424.708   0.996948
10424.728   0.996394
10424.749   0.996034
10424.769   0.995883
10424.789   0.995903
10424.809   0.995976
10424.829   0.995907
10424.850   0.995595
10424.870   0.995063
10424.890   0.994530
10424.910   0.994239
10424.930   0.994357
10424.951   0.994804
10424.971   0.995337
10424.991   0.995649
10425.011   0.995562
10425.031   0.995085
10425.051   0.994409
10425.072   0.993798
10425.092   0.993480
10425.112   0.993553
10425.132   0.993942
10425.152   0.994418
10425.173   0.994687
10425.193   0.994535
10425.213   0.993936
10425.233   0.993118
10425.253   0.992439
10425.274   0.992236
10425.294   0.992616
10425.314   0.993452
10425.334   0.994415
10425.354   0.995200
10425.374   0.995604
10425.395   0.995609
10425.415   0.995286
10425.435   0.994757
10425.455   0.994105
10425.475   0.993414
10425.496   0.992763
10425.516   0.992255
10425.536   0.991976
10425.556   0.991964
10425.576   0.992180
10425.597   0.992520
10425.617   0.992847
10425.637   0.993022
10425.657   0.992959
10425.677   0.992643
10425.697   0.992162
10425.718   0.991683
10425.738   0.991398
10425.758   0.991416
10425.778   0.991722
10425.798   0.992153
10425.819   0.992509
10425.839   0.992626
10425.859   0.992490
10425.879   0.992189
10425.899   0.991878
10425.920   0.991667
10425.940   0.991621
10425.960   0.991721
10425.980   0.991934
10426.000   0.992181
10426.021   0.992390
10426.041   0.992441
10426.061   0.992236
10426.081   0.991719
10426.101   0.990961
10426.121   0.990142
10426.142   0.989511
10426.162   0.989270
10426.182   0.989472
10426.202   0.989987
10426.222   0.990527
10426.243   0.990814
10426.263   0.990700
10426.283   0.990296
10426.303   0.989872
10426.323   0.989751
10426.344   0.990105
10426.364   0.990897
10426.384   0.991853
10426.404   0.992613
10426.424   0.992869
10426.444   0.992521
10426.465   0.991721
10426.485   0.990796
10426.505   0.990116
10426.525   0.989884
10426.545   0.990075
10426.566   0.990417
10426.586   0.990604
10426.606   0.990429
10426.626   0.989948
10426.646   0.989393
10426.667   0.989053
10426.687   0.989082
10426.707   0.989449
10426.727   0.989960
10426.747   0.990411
10426.768   0.990705
10426.788   0.990887
10426.808   0.991114
10426.828   0.991532
10426.848   0.992198
10426.868   0.992999
10426.889   0.993704
10426.909   0.994053
10426.929   0.993927
10426.949   0.993387
10426.969   0.992690
10426.990   0.992116
10427.010   0.991886
10427.030   0.992021
10427.050   0.992431
10427.070   0.992926
10427.091   0.993379
10427.111   0.993703
10427.131   0.993891
10427.151   0.993926
10427.171   0.993808
10427.191   0.993562
10427.212   0.993291
10427.232   0.993157
10427.252   0.993308
10427.272   0.993777
10427.292   0.994399
10427.313   0.994894
10427.333   0.994966
10427.353   0.994526
10427.373   0.993722
10427.393   0.992929
10427.414   0.992522
10427.434   0.992726
10427.454   0.993466
10427.474   0.994450
10427.494   0.995284
10427.514   0.995698
10427.535   0.995626
10427.555   0.995259
10427.575   0.994887
10427.595   0.994763
10427.615   0.994924
10427.636   0.995233
10427.656   0.995440
10427.676   0.995380
10427.696   0.995041
10427.716   0.994608
10427.737   0.994331
10427.757   0.994411
10427.777   0.994876
10427.797   0.995595
10427.817   0.996328
10427.838   0.996843
10427.858   0.997009
10427.878   0.996820
10427.898   0.996382
10427.918   0.995867
10427.938   0.995463
10427.959   0.995306
10427.979   0.995435
10427.999   0.995788
10428.019   0.996203
10428.039   0.996509
10428.060   0.996584
10428.080   0.996417
10428.100   0.996082
10428.120   0.995721
10428.140   0.995449
10428.161   0.995317
10428.181   0.995298
10428.201   0.995320
10428.221   0.995332
10428.241   0.995334
10428.261   0.995391
10428.282   0.995566
10428.302   0.995901
10428.322   0.996350
10428.342   0.996818
10428.362   0.997180
10428.383   0.997378
10428.403   0.997415
10428.423   0.997382
10428.443   0.997364
10428.463   0.997426
10428.484   0.997536
10428.504   0.997627
10428.524   0.997605
10428.544   0.997459
10428.564   0.997244
10428.585   0.997104
10428.605   0.997168
10428.625   0.997519
10428.645   0.998089
10428.665   0.998690
10428.685   0.999012
10428.706   0.998812
10428.726   0.998002
10428.746   0.996814
10428.766   0.995647
10428.786   0.994952
10428.807   0.994939
10428.827   0.995540
10428.847   0.996403
10428.867   0.997133
10428.887   0.997459
10428.908   0.997383
10428.928   0.997100
10428.948   0.996887
10428.968   0.996927
10428.988   0.997243
10429.008   0.997690
10429.029   0.998047
10429.049   0.998125
10429.069   0.997837
10429.089   0.997224
10429.109   0.996403
10429.130   0.995508
10429.150   0.994656
10429.170   0.993947
10429.190   0.993473
10429.210   0.993320
10429.231   0.993535
10429.251   0.994092
10429.271   0.994870
10429.291   0.995677
10429.311   0.996316
10429.331   0.996659
10429.352   0.996709
10429.372   0.996581
10429.392   0.996448
10429.412   0.996448
10429.432   0.996624
10429.453   0.996907
10429.473   0.997155
10429.493   0.997222
10429.513   0.997007
10429.533   0.996487
10429.554   0.995756
10429.574   0.994992
10429.594   0.994414
10429.614   0.994167
10429.634   0.994287
10429.655   0.994629
10429.675   0.995009
10429.695   0.995262
10429.715   0.995333
10429.735   0.995220
10429.755   0.994996
10429.776   0.994720
10429.796   0.994426
10429.816   0.994161
10429.836   0.994016
10429.856   0.994107
10429.877   0.994487
10429.897   0.995122
10429.917   0.995830
10429.937   0.996375
10429.957   0.996518
10429.978   0.996171
10429.998   0.995407
10430.018   0.994459
10430.038   0.993587
10430.058   0.993003
10430.078   0.992769
10430.099   0.992831
10430.119   0.993061
10430.139   0.993341
10430.159   0.993609
10430.179   0.993853
10430.200   0.994083
10430.220   0.994265
10430.240   0.994320
10430.260   0.994158
10430.280   0.993739
10430.301   0.993137
10430.321   0.992528
10430.341   0.992132
10430.361   0.992092
10430.381   0.992403
10430.401   0.992900
10430.422   0.993350
10430.442   0.993556
10430.462   0.993430
10430.482   0.993022
10430.502   0.992454
10430.523   0.991890
10430.543   0.991477
10430.563   0.991358
10430.583   0.991617
10430.603   0.992244
10430.624   0.993067
10430.644   0.993825
10430.664   0.994229
10430.684   0.994134
10430.704   0.993585
10430.725   0.992805
10430.745   0.992062
10430.765   0.991552
10430.785   0.991339
10430.805   0.991369
10430.825   0.991559
10430.846   0.991852
10430.866   0.992244
10430.886   0.992729
10430.906   0.993274
10430.926   0.993788
10430.947   0.994153
10430.967   0.994289
10430.987   0.994208
10431.007   0.994023
10431.027   0.993878
10431.048   0.993863
10431.068   0.993967
10431.088   0.994086
10431.108   0.994118
10431.128   0.994027
10431.148   0.993891
10431.169   0.993818
10431.189   0.993888
10431.209   0.994054
10431.229   0.994187
10431.249   0.994183
10431.270   0.994076
10431.290   0.994054
10431.310   0.994334
10431.330   0.995024
10431.350   0.996005
10431.371   0.996997
10431.391   0.997673
10431.411   0.997821
10431.431   0.997414
10431.451   0.996596
10431.472   0.995593
10431.492   0.994620
10431.512   0.993823
10431.532   0.993250
10431.552   0.992871
10431.572   0.992630
10431.593   0.992513
10431.613   0.992572
10431.633   0.992898
10431.653   0.993529
10431.673   0.994390
10431.694   0.995279
10431.714   0.995973
10431.734   0.996318
10431.754   0.996313
10431.774   0.996102
10431.795   0.995900
10431.815   0.995919
10431.835   0.996291
10431.855   0.997068
10431.875   0.998162
10431.895   0.999368
10431.916   1.000344
10431.936   1.000752
10431.956   1.000383
10431.976   0.999292
10431.996   0.997801
10432.017   0.996352
10432.037   0.995318
10432.057   0.994816
10432.077   0.994724
10432.097   0.994729
10432.118   0.994581
10432.138   0.994147
10432.158   0.993518
10432.178   0.992866
10432.198   0.992401
10432.218   0.992203
10432.239   0.992253
10432.259   0.992414
10432.279   0.992554
10432.299   0.992590
10432.319   0.992554
10432.340   0.992528
10432.360   0.992608
10432.380   0.992817
10432.400   0.993105
10432.420   0.993373
10432.441   0.993534
10432.461   0.993560
10432.481   0.993491
10432.501   0.993414
10432.521   0.993386
10432.542   0.993426
10432.562   0.993503
10432.582   0.993592
10432.602   0.993678
10432.622   0.993791
10432.642   0.993978
10432.663   0.994287
10432.683   0.994709
10432.703   0.995157
10432.723   0.995443
10432.743   0.995386
10432.764   0.994884
10432.784   0.994050
10432.804   0.993164
10432.824   0.992609
10432.844   0.992615
10432.865   0.993165
10432.885   0.993935
10432.905   0.994523
10432.925   0.994619
10432.945   0.994225
10432.965   0.993603
10432.986   0.993158
10433.006   0.993159
10433.026   0.993629
10433.046   0.994314
10433.066   0.994849
10433.087   0.994946
10433.107   0.994565
10433.127   0.993912
10433.147   0.993324
10433.167   0.993076
10433.188   0.993254
10433.208   0.993745
10433.228   0.994310
10433.248   0.994730
10433.268   0.994882
10433.289   0.994790
10433.309   0.994580
10433.329   0.994421
10433.349   0.994451
10433.369   0.994712
10433.389   0.995133
10433.410   0.995526
10433.430   0.995704
10433.450   0.995518
10433.470   0.995017
10433.490   0.994359
10433.511   0.993805
10433.531   0.993463
10433.551   0.993287
10433.571   0.993070
10433.591   0.992646
10433.612   0.992051
10433.632   0.991511
10433.652   0.991372
10433.672   0.991796
10433.692   0.992782
10433.712   0.994041
10433.733   0.995253
10433.753   0.996082
10433.773   0.996365
10433.793   0.996062
10433.813   0.995284
10433.834   0.994272
10433.854   0.993299
10433.874   0.992601
10433.894   0.992251
10433.914   0.992229
10433.935   0.992413
10433.955   0.992720
10433.975   0.993064
10433.995   0.993388
10434.015   0.993596
10434.035   0.993618
10434.056   0.993460
10434.076   0.993268
10434.096   0.993256
10434.116   0.993604
10434.136   0.994300
10434.157   0.995144
10434.177   0.995770
10434.197   0.995894
10434.217   0.995436
10434.237   0.994597
10434.258   0.993724
10434.278   0.993136
10434.298   0.992963
10434.318   0.993102
10434.338   0.993351
10434.359   0.993534
10434.379   0.993621
10434.399   0.993703
10434.419   0.993903
10434.439   0.994253
10434.459   0.994673
10434.480   0.995010
10434.500   0.995140
10434.520   0.995064
10434.540   0.994964
10434.560   0.995103
10434.581   0.995702
10434.601   0.996761
10434.621   0.998047
10434.641   0.999149
10434.661   0.999704
10434.682   0.999553
10434.702   0.998810
10434.722   0.997767
10434.742   0.996733
10434.762   0.995907
10434.782   0.995319
10434.803   0.994901
10434.823   0.994565
10434.843   0.994287
10434.863   0.994111
10434.883   0.994130
10434.904   0.994392
10434.924   0.994882
10434.944   0.995477
10434.964   0.996043
10434.984   0.996470
10435.005   0.996746
10435.025   0.996891
10435.045   0.996916
10435.065   0.996772
10435.085   0.996398
10435.106   0.995809
10435.126   0.995151
10435.146   0.994627
10435.166   0.994392
10435.186   0.994427
10435.206   0.994581
10435.227   0.994636
10435.247   0.994488
10435.267   0.994157
10435.287   0.993783
10435.307   0.993495
10435.328   0.993357
10435.348   0.993344
10435.368   0.993413
10435.388   0.993550
10435.408   0.993756
10435.429   0.994005
10435.449   0.994163
10435.469   0.994074
10435.489   0.993623
10435.509   0.992928
10435.529   0.992259
10435.550   0.991998
10435.570   0.992344
10435.590   0.993261
10435.610   0.994428
10435.630   0.995475
10435.651   0.996102
10435.671   0.996167
10435.691   0.995650
10435.711   0.994623
10435.731   0.993274
10435.752   0.991986
10435.772   0.991236
10435.792   0.991450
10435.812   0.992675
10435.832   0.994582
10435.852   0.996503
10435.873   0.997828
10435.893   0.998194
10435.913   0.997635
10435.933   0.996448
10435.953   0.995054
10435.974   0.993872
10435.994   0.993234
10436.014   0.993363
10436.034   0.994237
10436.054   0.995598
10436.075   0.996947
10436.095   0.997766
10436.115   0.997731
10436.135   0.996873
10436.155   0.995565
10436.176   0.994294
10436.196   0.993458
10436.216   0.993182
10436.236   0.993374
10436.256   0.993794
10436.276   0.994210
10436.297   0.994461
10436.317   0.994501
10436.337   0.994372
10436.357   0.994177
10436.377   0.994063
10436.398   0.994127
10436.418   0.994407
10436.438   0.994828
10436.458   0.995266
10436.478   0.995580
10436.499   0.995706
10436.519   0.995662
10436.539   0.995516
10436.559   0.995340
10436.579   0.995157
10436.599   0.994988
10436.620   0.994821
10436.640   0.994667
10436.660   0.994520
10436.680   0.994385
10436.700   0.994258
10436.721   0.994157
10436.741   0.994117
10436.761   0.994156
10436.781   0.994253
10436.801   0.994299
10436.822   0.994154
10436.842   0.993702
10436.862   0.992970
10436.882   0.992127
10436.902   0.991443
10436.923   0.991146
10436.943   0.991320
10436.963   0.991858
10436.983   0.992517
10437.003   0.993003
10437.023   0.993093
10437.044   0.992708
10437.064   0.991957
10437.084   0.991120
10437.104   0.990511
10437.124   0.990366
10437.145   0.990656
10437.165   0.991159
10437.185   0.991478
10437.205   0.991365
10437.225   0.990773
10437.246   0.990046
10437.266   0.989625
10437.286   0.989941
10437.306   0.991053
10437.326   0.992699
10437.346   0.994319
10437.367   0.995394
10437.387   0.995620
10437.407   0.995028
10437.427   0.993892
10437.447   0.992554
10437.468   0.991310
10437.488   0.990337
10437.508   0.989744
10437.528   0.989582
10437.548   0.989838
10437.569   0.990401
10437.589   0.991056
10437.609   0.991579
10437.629   0.991810
10437.649   0.991754
10437.669   0.991523
10437.690   0.991272
10437.710   0.991067
10437.730   0.990873
10437.750   0.990585
10437.770   0.990128
10437.791   0.989472
10437.811   0.988646
10437.831   0.987682
10437.851   0.986676
10437.871   0.985782
10437.892   0.985266
10437.912   0.985374
10437.932   0.986223
10437.952   0.987654
10437.972   0.989262
10437.993   0.990531
10438.013   0.991069
10438.033   0.990768
10438.053   0.989818
10438.073   0.988589
10438.093   0.987455
10438.114   0.986672
10438.134   0.986339
10438.154   0.986430
10438.174   0.986792
10438.194   0.987198
10438.215   0.987360
10438.235   0.987086
10438.255   0.986366
10438.275   0.985489
10438.295   0.984900
10438.316   0.985020
10438.336   0.985955
10438.356   0.987427
10438.376   0.988854
10438.396   0.989661
10438.416   0.989548
10438.437   0.988634
10438.457   0.987349
10438.477   0.986202
10438.497   0.985530
10438.517   0.985391
10438.538   0.985579
10438.558   0.985813
10438.578   0.985855
10438.598   0.985639
10438.618   0.985220
10438.639   0.984727
10438.659   0.984242
10438.679   0.983793
10438.699   0.983359
10438.719   0.982951
10438.739   0.982623
10438.760   0.982488
10438.780   0.982629
10438.800   0.983066
10438.820   0.983683
10438.840   0.984302
10438.861   0.984703
10438.881   0.984756
10438.901   0.984431
10438.921   0.983824
10438.941   0.983067
10438.962   0.982288
10438.982   0.981554
10439.002   0.980886
10439.022   0.980290
10439.042   0.979778
10439.063   0.979338
10439.083   0.978938
10439.103   0.978510
10439.123   0.978023
10439.143   0.977504
10439.163   0.977099
10439.184   0.976986
10439.204   0.977266
10439.224   0.977852
10439.244   0.978446
10439.264   0.978699
10439.285   0.978373
10439.305   0.977555
10439.325   0.976540
10439.345   0.975738
10439.365   0.975421
10439.386   0.975661
10439.406   0.976291
10439.426   0.976988
10439.446   0.977394
10439.466   0.977194
10439.486   0.976300
10439.507   0.974844
10439.527   0.973248
10439.547   0.971946
10439.567   0.971302
10439.587   0.971364
10439.608   0.971993
10439.628   0.972893
10439.648   0.973825
10439.668   0.974630
10439.688   0.975251
10439.709   0.975652
10439.729   0.975814
10439.749   0.975718
10439.769   0.975394
10439.789   0.974900
10439.810   0.974340
10439.830   0.973826
10439.850   0.973465
10439.870   0.973313
10439.890   0.973360
10439.910   0.973524
10439.931   0.973680
10439.951   0.973715
10439.971   0.973570
10439.991   0.973262
10440.011   0.972854
10440.032   0.972444
10440.052   0.972107
10440.072   0.971872
10440.092   0.971715
10440.112   0.971569
10440.133   0.971414
10440.153   0.971280
10440.173   0.971292
10440.193   0.971542
10440.213   0.972036
10440.233   0.972617
10440.254   0.973056
10440.274   0.973146
10440.294   0.972824
10440.314   0.972171
10440.334   0.971335
10440.355   0.970473
10440.375   0.969722
10440.395   0.969220
10440.415   0.969101
10440.435   0.969450
10440.456   0.970236
10440.476   0.971318
10440.496   0.972513
10440.516   0.973706
10440.536   0.974912
10440.556   0.976223
10440.577   0.977726
10440.597   0.979308
10440.617   0.980642
10440.637   0.981257
10440.657   0.980869
10440.678   0.979737
10440.698   0.978714
10440.718   0.979073
10440.738   0.981634
10440.758   0.986432
10440.779   0.992180
10440.799   0.997138
10440.819   0.999511
10440.839   0.998542
10440.859   0.994389
10440.880   0.988233
10440.900   0.981601
10440.920   0.976009
10440.940   0.972527
10440.960   0.971556
10440.980   0.972780
10441.001   0.975359
10441.021   0.978326
10441.041   0.980933
10441.061   0.982726
10441.081   0.983428
10441.102   0.982749
10441.122   0.980477
10441.142   0.976739
10441.162   0.972210
10441.182   0.967990
10441.203   0.965068
10441.223   0.963915
10441.243   0.964220
10441.263   0.965225
10441.283   0.966123
10441.303   0.966478
10441.324   0.966254
10441.344   0.965671
10441.364   0.964949
10441.384   0.964206
10441.404   0.963443
10441.425   0.962661
10441.445   0.961886
10441.465   0.961191
10441.485   0.960628
10441.505   0.960223
10441.526   0.959975
10441.546   0.959965
10441.566   0.960394
10441.586   0.961595
10441.606   0.963760
10441.627   0.966813
10441.647   0.970128
10441.667   0.972891
10441.687   0.974327
10441.707   0.974297
10441.727   0.973194
10441.748   0.971793
10441.768   0.970647
10441.788   0.969824
10441.808   0.968931
10441.828   0.967398
10441.849   0.964890
10441.869   0.961443
10441.889   0.957480
10441.909   0.953583
10441.929   0.950332
10441.950   0.948263
10441.970   0.947772
10441.990   0.949048
10442.010   0.951746
10442.030   0.955050
10442.050   0.957728
10442.071   0.958866
10442.091   0.958299
10442.111   0.956876
10442.131   0.955993
10442.151   0.956862
10442.172   0.959931
10442.192   0.964584
10442.212   0.969674
10442.232   0.973980
10442.252   0.976950
10442.273   0.978703
10442.293   0.980097
10442.313   0.982080
10442.333   0.985440
10442.353   0.990264
10442.373   0.996043
10442.394   1.001720
10442.414   1.006193
10442.434   1.008662
10442.454   1.009031
10442.474   1.007738
10442.495   1.005468
10442.515   1.002761
10442.535   0.999847
10442.555   0.996762
10442.575   0.993587
10442.596   0.990624
10442.616   0.988334
10442.636   0.987129
10442.656   0.987033
10442.676   0.987703
10442.697   0.988450
10442.717   0.988641
10442.737   0.987830
10442.757   0.985987
10442.777   0.983353
10442.797   0.980358
10442.818   0.977426
10442.838   0.974859
10442.858   0.972807
10442.878   0.971254
10442.898   0.970138
10442.919   0.969342
10442.939   0.968817
10442.959   0.968545
10442.979   0.968557
10442.999   0.968848
10443.020   0.969346
10443.040   0.969915
10443.060   0.970397
10443.080   0.970690
10443.100   0.970768
10443.120   0.970663
10443.141   0.970427
10443.161   0.970089
10443.181   0.969670
10443.201   0.969201
10443.221   0.968757
10443.242   0.968433
10443.262   0.968320
10443.282   0.968459
10443.302   0.968817
10443.322   0.969305
10443.343   0.969814
10443.363   0.970260
10443.383   0.970615
10443.403   0.970923
10443.423   0.971251
10443.444   0.971624
10443.464   0.971977
10443.484   0.972178
10443.504   0.972130
10443.524   0.971846
10443.544   0.971489
10443.565   0.971249
10443.585   0.971273
10443.605   0.971511
10443.625   0.971862
10443.645   0.972168
10443.666   0.972419
10443.686   0.972613
10443.706   0.972808
10443.726   0.972952
10443.746   0.973007
10443.767   0.972952
10443.787   0.972889
10443.807   0.972979
10443.827   0.973371
10443.847   0.974068
10443.867   0.974917
10443.888   0.975666
10443.908   0.976115
10443.928   0.976221
10443.948   0.976153
10443.968   0.976219
10443.989   0.976683
10444.009   0.977582
10444.029   0.978645
10444.049   0.979409
10444.069   0.979493
10444.090   0.978831
10444.110   0.977774
10444.130   0.976841
10444.150   0.976465
10444.170   0.976696
10444.190   0.977292
10444.211   0.977854
10444.231   0.978117
10444.251   0.978020
10444.271   0.977716
10444.291   0.977413
10444.312   0.977273
10444.332   0.977355
10444.352   0.977636
10444.372   0.978041
10444.392   0.978500
10444.413   0.978965
10444.433   0.979428
10444.453   0.979894
10444.473   0.980370
10444.493   0.980828
10444.514   0.981224
10444.534   0.981527
10444.554   0.981729
10444.574   0.981848
10444.594   0.981931
10444.614   0.982049
10444.635   0.982307
10444.655   0.982795
10444.675   0.983552
10444.695   0.984434
10444.715   0.985175
10444.736   0.985444
10444.756   0.985104
10444.776   0.984296
10444.796   0.983484
10444.816   0.983191
10444.837   0.983754
10444.857   0.985135
10444.877   0.986937
10444.897   0.988620
10444.917   0.989713
10444.937   0.990009
10444.958   0.989562
10444.978   0.988631
10444.998   0.987576
10445.018   0.986714
10445.038   0.986248
10445.059   0.986203
10445.079   0.986497
10445.099   0.987017
10445.119   0.987691
10445.139   0.988482
10445.160   0.989334
10445.180   0.990140
10445.200   0.990755
10445.220   0.991078
10445.240   0.991144
10445.261   0.991115
10445.281   0.991208
10445.301   0.991503
10445.321   0.991906
10445.341   0.992108
10445.361   0.991855
10445.382   0.991047
10445.402   0.989899
10445.422   0.988772
10445.442   0.988044
10445.462   0.987906
10445.483   0.988306
10445.503   0.989018
10445.523   0.989722
10445.543   0.990171
10445.563   0.990245
10445.584   0.990012
10445.604   0.989638
10445.624   0.989306
10445.644   0.989093
10445.664   0.989022
10445.684   0.989077
10445.705   0.989327
10445.725   0.989835
10445.745   0.990626
10445.765   0.991533
10445.785   0.992287
10445.806   0.992594
10445.826   0.992360
10445.846   0.991736
10445.866   0.991053
10445.886   0.990623
10445.907   0.990550
10445.927   0.990715
10445.947   0.990857
10445.967   0.990798
10445.987   0.990513
10446.007   0.990197
10446.028   0.990071
10446.048   0.990313
10446.068   0.990897
10446.088   0.991690
10446.108   0.992453
10446.129   0.993017
10446.149   0.993271
10446.169   0.993221
10446.189   0.992950
10446.209   0.992582
10446.230   0.992263
10446.250   0.992075
10446.270   0.992042
10446.290   0.992104
10446.310   0.992211
10446.331   0.992357
10446.351   0.992597
10446.371   0.992956
10446.391   0.993390
10446.411   0.993769
10446.431   0.993995
10446.452   0.994067
10446.472   0.994146
10446.492   0.994409
10446.512   0.994935
10446.532   0.995596
10446.553   0.996112
10446.573   0.996225
10446.593   0.995836
10446.613   0.995083
10446.633   0.994210
10446.654   0.993477
10446.674   0.993064
10446.694   0.993084
10446.714   0.993588
10446.734   0.994506
10446.754   0.995625
10446.775   0.996582
10446.795   0.997067
10446.815   0.996919
10446.835   0.996278
10446.855   0.995418
10446.876   0.994672
10446.896   0.994217
10446.916   0.994146
10446.936   0.994428
10446.956   0.995038
10446.977   0.995864
10446.997   0.996783
10447.017   0.997575
10447.037   0.998070
10447.057   0.998137
10447.077   0.997807
10447.098   0.997210
10447.118   0.996572
10447.138   0.996125
10447.158   0.996016
10447.178   0.996249
10447.199   0.996624
10447.219   0.996888
10447.239   0.996785
10447.259   0.996257
10447.279   0.995368
10447.300   0.994375
10447.320   0.993515
10447.340   0.993014
10447.360   0.992921
10447.380   0.993196
10447.401   0.993652
10447.421   0.994112
10447.441   0.994444
10447.461   0.994667
10447.481   0.994884
10447.501   0.995184
10447.522   0.995520
10447.542   0.995713
10447.562   0.995580
10447.582   0.995096
10447.602   0.994486
10447.623   0.994083
10447.643   0.994154
10447.663   0.994693
10447.683   0.995455
10447.703   0.996074
10447.724   0.996281
10447.744   0.996012
10447.764   0.995413
10447.784   0.994761
10447.804   0.994319
10447.824   0.994267
10447.845   0.994622
10447.865   0.995241
10447.885   0.995869
10447.905   0.996229
10447.925   0.996156
10447.946   0.995667
10447.966   0.995000
10447.986   0.994448
10448.006   0.994276
10448.026   0.994551
10448.047   0.995192
10448.067   0.996003
10448.087   0.996753
10448.107   0.997262
10448.127   0.997389
10448.148   0.997145
10448.168   0.996626
10448.188   0.996050
10448.208   0.995576
10448.228   0.995267
10448.248   0.994998
10448.269   0.994585
10448.289   0.993885
10448.309   0.992969
10448.329   0.992083
10448.349   0.991580
10448.370   0.991677
10448.390   0.992334
10448.410   0.993282
10448.430   0.994179
10448.450   0.994815
10448.471   0.995131
10448.491   0.995216
10448.511   0.995145
10448.531   0.994975
10448.551   0.994760
10448.571   0.994619
10448.592   0.994700
10448.612   0.995071
10448.632   0.995627
10448.652   0.996125
10448.672   0.996332
10448.693   0.996178
10448.713   0.995783
10448.733   0.995363
10448.753   0.995082
10448.773   0.995011
10448.794   0.995200
10448.814   0.995682
10448.834   0.996474
10448.854   0.997422
10448.874   0.998250
10448.894   0.998609
10448.915   0.998355
10448.935   0.997637
10448.955   0.996870
10448.975   0.996480
10448.995   0.996669
10449.016   0.997347
10449.036   0.998176
10449.056   0.998808
10449.076   0.999002
10449.096   0.998751
10449.117   0.998181
10449.137   0.997511
10449.157   0.996898
10449.177   0.996427
10449.197   0.996024
10449.218   0.995558
10449.238   0.994865
10449.258   0.993940
10449.278   0.992887
10449.298   0.991950
10449.318   0.991327
10449.339   0.991145
10449.359   0.991347
10449.379   0.991843
10449.399   0.992520
10449.419   0.993341
10449.440   0.994258
10449.460   0.995209
10449.480   0.996056
10449.500   0.996639
10449.520   0.996823
10449.541   0.996576
10449.561   0.995998
10449.581   0.995296
10449.601   0.994705
10449.621   0.994383
10449.641   0.994365
10449.662   0.994570
10449.682   0.994862
10449.702   0.995121
10449.722   0.995268
10449.742   0.995282
10449.763   0.995158
10449.783   0.994941
10449.803   0.994720
10449.823   0.994621
10449.843   0.994739
10449.864   0.995061
10449.884   0.995470
10449.904   0.995784
10449.924   0.995876
10449.944   0.995720
10449.965   0.995402
10449.985   0.995061
10450.005   0.994820
10450.025   0.994781
10450.045   0.994960
10450.065   0.995290
10450.086   0.995588
10450.106   0.995681
10450.126   0.995546
10450.146   0.995365
10450.166   0.995477
10450.187   0.996114
10450.207   0.997217
10450.227   0.998365
10450.247   0.999040
10450.267   0.998918
10450.288   0.998050
10450.308   0.996793
10450.328   0.995569
10450.348   0.994684
10450.368   0.994258
10450.388   0.994296
10450.409   0.994744
10450.429   0.995427
10450.449   0.996095
10450.469   0.996434
10450.489   0.996287
10450.510   0.995714
10450.530   0.995033
10450.550   0.994603
10450.570   0.994630
10450.590   0.995067
10450.611   0.995646
10450.631   0.996082
10450.651   0.996163
10450.671   0.995898
10450.691   0.995377
10450.711   0.994792
10450.732   0.994273
10450.752   0.993936
10450.772   0.993801
10450.792   0.993855
10450.812   0.994049
10450.833   0.994339
10450.853   0.994721
10450.873   0.995154
10450.893   0.995550
10450.913   0.995743
10450.934   0.995574
10450.954   0.994981
10450.974   0.994047
10450.994   0.993004
10451.014   0.992118
10451.035   0.991586
10451.055   0.991450
10451.075   0.991588
10451.095   0.991821
10451.115   0.991978
10451.135   0.992045
10451.156   0.992065
10451.176   0.992085
10451.196   0.992014
10451.216   0.991717
10451.236   0.991127
10451.257   0.990357
10451.277   0.989675
10451.297   0.989317
10451.317   0.989373
10451.337   0.989708
10451.358   0.990106
10451.378   0.990358
10451.398   0.990365
10451.418   0.990127
10451.438   0.989704
10451.458   0.989221
10451.479   0.988847
10451.499   0.988798
10451.519   0.989237
10451.539   0.990204
10451.559   0.991574
10451.580   0.993059
10451.600   0.994342
10451.620   0.995140
10451.640   0.995340
10451.660   0.994975
10451.681   0.994230
10451.701   0.993316
10451.721   0.992415
10451.741   0.991616
10451.761   0.990988
10451.782   0.990595
10451.802   0.990568
10451.822   0.990988
10451.842   0.991893
10451.862   0.993164
10451.882   0.994591
10451.903   0.995923
10451.923   0.996919
10451.943   0.997452
10451.963   0.997437
10451.983   0.996903
10452.004   0.995876
10452.024   0.994513
10452.044   0.993040
10452.064   0.991809
10452.084   0.991124
10452.105   0.991105
10452.125   0.991562
10452.145   0.992038
10452.165   0.992088
10452.185   0.991475
10452.205   0.990405
10452.226   0.989318
10452.246   0.988752
10452.266   0.988957
10452.286   0.989846
10452.306   0.990967
10452.327   0.991811
10452.347   0.992015
10452.367   0.991527
10452.387   0.990585
10452.407   0.989590
10452.428   0.988949
10452.448   0.988923
10452.468   0.989577
10452.488   0.990760
10452.508   0.992161
10452.528   0.993421
10452.549   0.994265
10452.569   0.994582
10452.589   0.994421
10452.609   0.993911
10452.629   0.993200
10452.650   0.992435
10452.670   0.991756
10452.690   0.991325
10452.710   0.991242
10452.730   0.991579
10452.751   0.992273
10452.771   0.993187
10452.791   0.994035
10452.811   0.994475
10452.831   0.994228
10452.852   0.993295
10452.872   0.992065
10452.892   0.991181
10452.912   0.991200
10452.932   0.992192
10452.952   0.993675
10452.973   0.994851
10452.993   0.995131
10453.013   0.994452
10453.033   0.993264
10453.053   0.992174
10453.074   0.991548
10453.094   0.991418
10453.114   0.991571
10453.134   0.991863
10453.154   0.992218
10453.175   0.992664
10453.195   0.993091
10453.215   0.993360
10453.235   0.993313
10453.255   0.992965
10453.275   0.992500
10453.296   0.992158
10453.316   0.992102
10453.336   0.992322
10453.356   0.992723
10453.376   0.993227
10453.397   0.993865
10453.417   0.994699
10453.437   0.995730
10453.457   0.996777
10453.477   0.997578
10453.498   0.997846
10453.518   0.997486
10453.538   0.996553
10453.558   0.995277
10453.578   0.993920
10453.599   0.992755
10453.619   0.991966
10453.639   0.991649
10453.659   0.991745
10453.679   0.992087
10453.699   0.992447
10453.720   0.992681
10453.740   0.992712
10453.760   0.992579
10453.780   0.992317
10453.800   0.992017
10453.821   0.991791
10453.841   0.991793
10453.861   0.992136
10453.881   0.992831
10453.901   0.993753
10453.922   0.994685
10453.942   0.995394
10453.962   0.995739
10453.982   0.995722
10454.002   0.995508
10454.022   0.995347
10454.043   0.995446
10454.063   0.995847
10454.083   0.996392
10454.103   0.996864
10454.123   0.997130
10454.144   0.997264
10454.164   0.997471
10454.184   0.997854
10454.204   0.998262
10454.224   0.998268
10454.245   0.997470
10454.265   0.995799
10454.285   0.993677
10454.305   0.991843
10454.325   0.990932
10454.345   0.991172
10454.366   0.992270
10454.386   0.993667
10454.406   0.994830
10454.426   0.995516
10454.446   0.995789
10454.467   0.995911
10454.487   0.996019
10454.507   0.996045
10454.527   0.995674
10454.547   0.994756
10454.568   0.993452
10454.588   0.992353
10454.608   0.992094
10454.628   0.992923
10454.648   0.994522
10454.669   0.996079
10454.689   0.996916
10454.709   0.996763
10454.729   0.996120
10454.749   0.995677
10454.769   0.996046
10454.790   0.997080
10454.810   0.998232
10454.830   0.998690
10454.850   0.998146
10454.870   0.996757
10454.891   0.995173
10454.911   0.993968
10454.931   0.993382
10454.951   0.993210
10454.971   0.993033
10454.992   0.992578
10455.012   0.991849
10455.032   0.991152
10455.052   0.990803
10455.072   0.990979
10455.092   0.991550
10455.113   0.992261
10455.133   0.992809
10455.153   0.993073
10455.173   0.992997
10455.193   0.992683
10455.214   0.992208
10455.234   0.991733
10455.254   0.991306
10455.274   0.990970
10455.294   0.990606
10455.315   0.990147
10455.335   0.989559
10455.355   0.989028
10455.375   0.988810
10455.395   0.989100
10455.415   0.989855
10455.436   0.990766
10455.456   0.991530
10455.476   0.991928
10455.496   0.991985
10455.516   0.991736
10455.537   0.991220
10455.557   0.990368
10455.577   0.989247
10455.597   0.988103
10455.617   0.987360
10455.638   0.987334
10455.658   0.988027
10455.678   0.989130
10455.698   0.990160
10455.718   0.990739
10455.739   0.990682
10455.759   0.990054
10455.779   0.989113
10455.799   0.988211
10455.819   0.987747
10455.839   0.987941
10455.860   0.988794
10455.880   0.990018
10455.900   0.991215
10455.920   0.992029
10455.940   0.992253
10455.961   0.991907
10455.981   0.991164
10456.001   0.990294
10456.021   0.989542
10456.041   0.989052
10456.062   0.988830
10456.082   0.988757
10456.102   0.988694
10456.122   0.988548
10456.142   0.988328
10456.162   0.988164
10456.183   0.988226
10456.203   0.988659
10456.223   0.989387
10456.243   0.990156
10456.263   0.990500
10456.284   0.990110
10456.304   0.988947
10456.324   0.987437
10456.344   0.986139
10456.364   0.985497
10456.385   0.985549
10456.405   0.986022
10456.425   0.986540
10456.445   0.986831
10456.465   0.986811
10456.486   0.986520
10456.506   0.986104
10456.526   0.985805
10456.546   0.985879
10456.566   0.986544
10456.586   0.987723
10456.607   0.989162
10456.627   0.990449
10456.647   0.991375
10456.667   0.991915
10456.687   0.992281
10456.708   0.992626
10456.728   0.992939
10456.748   0.993020
10456.768   0.992627
10456.788   0.991750
10456.809   0.990572
10456.829   0.989485
10456.849   0.988679
10456.869   0.988190
10456.889   0.987801
10456.909   0.987413
10456.930   0.987020
10456.950   0.986793
10456.970   0.986799
10456.990   0.987016
10457.010   0.987286
10457.031   0.987502
10457.051   0.987629
10457.071   0.987729
10457.091   0.987885
10457.111   0.988144
10457.132   0.988490
10457.152   0.988799
10457.172   0.988903
10457.192   0.988671
10457.212   0.988167
10457.232   0.987686
10457.253   0.987626
10457.273   0.988246
10457.293   0.989469
10457.313   0.990911
10457.333   0.992104
10457.354   0.992747
10457.374   0.992828
10457.394   0.992538
10457.414   0.992122
10457.434   0.991740
10457.455   0.991497
10457.475   0.991451
10457.495   0.991676
10457.515   0.992148
10457.535   0.992787
10457.556   0.993404
10457.576   0.993896
10457.596   0.994215
10457.616   0.994415
10457.636   0.994510
10457.656   0.994467
10457.677   0.994264
10457.697   0.993911
10457.717   0.993533
10457.737   0.993212
10457.757   0.993059
10457.778   0.993053
10457.798   0.993221
10457.818   0.993497
10457.838   0.993876
10457.858   0.994287
10457.879   0.994734
10457.899   0.995223
10457.919   0.995814
10457.939   0.996491
10457.959   0.997135
10457.979   0.997523
10458.000   0.997451
10458.020   0.996889
10458.040   0.996065
10458.060   0.995385
10458.080   0.995192
10458.101   0.995590
10458.121   0.996298
10458.141   0.996915
10458.161   0.997028
10458.181   0.996620
10458.202   0.995871
10458.222   0.995231
10458.242   0.994953
10458.262   0.995140
10458.282   0.995565
10458.303   0.995937
10458.323   0.995981
10458.343   0.995658
10458.363   0.995102
10458.383   0.994538
10458.403   0.994105
10458.424   0.993797
10458.444   0.993498
10458.464   0.993111
10458.484   0.992670
10458.504   0.992296
10458.525   0.992124
10458.545   0.992152
10458.565   0.992304
10458.585   0.992465
10458.605   0.992609
10458.626   0.992773
10458.646   0.993010
10458.666   0.993283
10458.686   0.993451
10458.706   0.993362
10458.726   0.992938
10458.747   0.992333
10458.767   0.991819
10458.787   0.991722
10458.807   0.992110
10458.827   0.992817
10458.848   0.993474
10458.868   0.993802
10458.888   0.993699
10458.908   0.993218
10458.928   0.992449
10458.949   0.991357
10458.969   0.989917
10458.989   0.988146
10459.009   0.986281
10459.029   0.984620
10459.049   0.983418
10459.070   0.982691
10459.090   0.982197
10459.110   0.981592
10459.130   0.980564
10459.150   0.979076
10459.171   0.977167
10459.191   0.975015
10459.211   0.972636
10459.231   0.970127
10459.251   0.967624
10459.272   0.965429
10459.292   0.963829
10459.312   0.962844
10459.332   0.962229
10459.352   0.961494
10459.373   0.960419
10459.393   0.959081
10459.413   0.957987
10459.433   0.957625
10459.453   0.958285
10459.473   0.959909
10459.494   0.962245
10459.514   0.965067
10459.534   0.968230
10459.554   0.971702
10459.574   0.975336
10459.595   0.978866
10459.615   0.981805
10459.635   0.983784
10459.655   0.984673
10459.675   0.984855
10459.696   0.984989
10459.716   0.985753
10459.736   0.987422
10459.756   0.989716
10459.776   0.992032
10459.796   0.993705
10459.817   0.994408
10459.837   0.994121
10459.857   0.993116
10459.877   0.991900
10459.897   0.991057
10459.918   0.991218
10459.938   0.992569
10459.958   0.994812
10459.978   0.996998
10459.998   0.998161
10460.019   0.997818
10460.039   0.996311
10460.059   0.994562
10460.079   0.993400
10460.099   0.993166
10460.120   0.993482
10460.140   0.993808
10460.160   0.993762
10460.180   0.993435
10460.200   0.993086
10460.220   0.992922
10460.241   0.992894
10460.261   0.992810
10460.281   0.992523
10460.301   0.991994
10460.321   0.991301
10460.342   0.990527
10460.362   0.989776
10460.382   0.989157
10460.402   0.988781
10460.422   0.988683
10460.443   0.988730
10460.463   0.988639
10460.483   0.988057
10460.503   0.986766
10460.523   0.984850
10460.543   0.982788
10460.564   0.981218
10460.584   0.980613
10460.604   0.980935
10460.624   0.981627
10460.644   0.981898
10460.665   0.981157
10460.685   0.979361
10460.705   0.976999
10460.725   0.974837
10460.745   0.973542
10460.766   0.973440
10460.786   0.974447
10460.806   0.976229
10460.826   0.978349
10460.846   0.980479
10460.866   0.982372
10460.887   0.983898
10460.907   0.985009
10460.927   0.985773
10460.947   0.986453
10460.967   0.987334
10460.988   0.988640
10461.008   0.990207
10461.028   0.991650
10461.048   0.992478
10461.068   0.992509
10461.089   0.992006
10461.109   0.991537
10461.129   0.991685
10461.149   0.992563
10461.169   0.993857
10461.190   0.994871
10461.210   0.995033
10461.230   0.994167
10461.250   0.992645
10461.270   0.991202
10461.290   0.990540
10461.311   0.991060
10461.331   0.992695
10461.351   0.994986
10461.371   0.997256
10461.391   0.998811
10461.412   0.999268
10461.432   0.998642
10461.452   0.997406
10461.472   0.996159
10461.492   0.995333
10461.513   0.994986
10461.533   0.994908
10461.553   0.994846
10461.573   0.994728
10461.593   0.994590
10461.613   0.994512
10461.634   0.994461
10461.654   0.994465
10461.674   0.994682
10461.694   0.995380
10461.714   0.996686
10461.735   0.998301
10461.755   0.999615
10461.775   0.999958
10461.795   0.999084
10461.815   0.997215
10461.836   0.994983
10461.856   0.992986
10461.876   0.991653
10461.896   0.991105
10461.916   0.991304
10461.937   0.992105
10461.957   0.993269
10461.977   0.994461
10461.997   0.995232
10462.017   0.995269
10462.037   0.994521
10462.058   0.993350
10462.078   0.992309
10462.098   0.991827
10462.118   0.991951
10462.138   0.992327
10462.159   0.992491
10462.179   0.992173
10462.199   0.991482
10462.219   0.990799
10462.239   0.990499
10462.260   0.990676
10462.280   0.991072
10462.300   0.991244
10462.320   0.990885
10462.340   0.990011
10462.360   0.988983
10462.381   0.988243
10462.401   0.988117
10462.421   0.988667
10462.441   0.989767
10462.461   0.991164
10462.482   0.992551
10462.502   0.993673
10462.522   0.994327
10462.542   0.994533
10462.562   0.994411
10462.583   0.994200
10462.603   0.993962
10462.623   0.993623
10462.643   0.993022
10462.663   0.992160
10462.683   0.991300
10462.704   0.990836
10462.724   0.991075
10462.744   0.991962
10462.764   0.993103
10462.784   0.993976
10462.805   0.994258
10462.825   0.993977
10462.845   0.993400
10462.865   0.992835
10462.885   0.992415
10462.906   0.992148
10462.926   0.991948
10462.946   0.991783
10462.966   0.991548
10462.986   0.991093
10463.007   0.990151
10463.027   0.988585
10463.047   0.986495
10463.067   0.984289
10463.087   0.982495
10463.107   0.981411
10463.128   0.980919
10463.148   0.980493
10463.168   0.979536
10463.188   0.977683
10463.208   0.975007
10463.229   0.971926
10463.249   0.969036
10463.269   0.966801
10463.289   0.965442
10463.309   0.964796
10463.330   0.964544
10463.350   0.964306
10463.370   0.963928
10463.390   0.963465
10463.410   0.963149
10463.430   0.963279
10463.451   0.964110
10463.471   0.965837
10463.491   0.968449
10463.511   0.971701
10463.531   0.975083
10463.552   0.977988
10463.572   0.980034
10463.592   0.981206
10463.612   0.981971
10463.632   0.982839
10463.653   0.984189
10463.673   0.985914
10463.693   0.987713
10463.713   0.989242
10463.733   0.990383
10463.754   0.991179
10463.774   0.991681
10463.794   0.991906
10463.814   0.991811
10463.834   0.991503
10463.854   0.991173
10463.875   0.991036
10463.895   0.991165
10463.915   0.991438
10463.935   0.991728
10463.955   0.991933
10463.976   0.992119
10463.996   0.992300
10464.016   0.992464
10464.036   0.992531
10464.056   0.992468
10464.077   0.992326
10464.097   0.992149
10464.117   0.991992
10464.137   0.991875
10464.157   0.991903
10464.177   0.992244
10464.198   0.993036
10464.218   0.994164
10464.238   0.995187
10464.258   0.995525
10464.278   0.994870
10464.299   0.993453
10464.319   0.992037
10464.339   0.991394
10464.359   0.991897
10464.379   0.993184
10464.400   0.994575
10464.420   0.995387
10464.440   0.995454
10464.460   0.994963
10464.480   0.994342
10464.500   0.993884
10464.521   0.993745
10464.541   0.993903
10464.561   0.994266
10464.581   0.994674
10464.601   0.995032
10464.622   0.995341
10464.642   0.995742
10464.662   0.996341
10464.682   0.997028
10464.702   0.997497
10464.723   0.997365
10464.743   0.996571
10464.763   0.995353
10464.783   0.994302
10464.803   0.993858
10464.824   0.994145
10464.844   0.994814
10464.864   0.995370
10464.884   0.995501
10464.904   0.995231
10464.924   0.994829
10464.945   0.994402
10464.965   0.993919
10464.985   0.993243
10465.005   0.992498
10465.025   0.991992
10465.046   0.991958
10465.066   0.992373
10465.086   0.992900
10465.106   0.993363
10465.126   0.993817
10465.147   0.994612
10465.167   0.995887
10465.187   0.997327
10465.207   0.998319
10465.227   0.998298
10465.247   0.997367
10465.268   0.996010
10465.288   0.994989
10465.308   0.994550
10465.328   0.994583
10465.348   0.994595
10465.369   0.994319
10465.389   0.993751
10465.409   0.993148
10465.429   0.992795
10465.449   0.992781
10465.470   0.993133
10465.490   0.993746
10465.510   0.994592
10465.530   0.995474
10465.550   0.996109
10465.570   0.996108
10465.591   0.995222
10465.611   0.993659
10465.631   0.991917
10465.651   0.990736
10465.671   0.990353
10465.692   0.990633
10465.712   0.990886
10465.732   0.990688
10465.752   0.990055
10465.772   0.989633
10465.793   0.990135
10465.813   0.991792
10465.833   0.994159
10465.853   0.996281
10465.873   0.997366
10465.894   0.997057
10465.914   0.995700
10465.934   0.993948
10465.954   0.992548
10465.974   0.991932
10465.994   0.992154
10466.015   0.992867
10466.035   0.993576
10466.055   0.993860
10466.075   0.993621
10466.095   0.993036
10466.116   0.992407
10466.136   0.991956
10466.156   0.991762
10466.176   0.991871
10466.196   0.992312
10466.217   0.993122
10466.237   0.994172
10466.257   0.995190
10466.277   0.995835
10466.297   0.995867
10466.317   0.995204
10466.338   0.993996
10466.358   0.992506
10466.378   0.991239
10466.398   0.990638
10466.418   0.991117
10466.439   0.992538
10466.459   0.994403
10466.479   0.995882
10466.499   0.996449
10466.519   0.996107
10466.540   0.995431
10466.560   0.995163
10466.580   0.995590
10466.600   0.996467
10466.620   0.997068
10466.641   0.996917
10466.661   0.995948
10466.681   0.994674
10466.701   0.993670
10466.721   0.993265
10466.741   0.993330
10466.762   0.993493
10466.782   0.993426
10466.802   0.993054
10466.822   0.992544
10466.842   0.992124
10466.863   0.991969
10466.883   0.992125
10466.903   0.992582
10466.923   0.993236
10466.943   0.993849
10466.964   0.994122
10466.984   0.993825
10467.004   0.993148
10467.024   0.992620
10467.044   0.992892
10467.064   0.994067
10467.085   0.995527
10467.105   0.996234
10467.125   0.995417
10467.145   0.993212
10467.165   0.990506
10467.186   0.988478
10467.206   0.987797
10467.226   0.988413
10467.246   0.989759
10467.266   0.991186
10467.287   0.992343
10467.307   0.993089
10467.327   0.993378
10467.347   0.993110
10467.367   0.992263
10467.387   0.991093
10467.408   0.990190
10467.428   0.990166
10467.448   0.991239
10467.468   0.992902
10467.488   0.994240
10467.509   0.994497
10467.529   0.993581
10467.549   0.992143
10467.569   0.990971
10467.589   0.990600
10467.610   0.990997
10467.630   0.991908
10467.650   0.993088
10467.670   0.994388
10467.690   0.995661
10467.711   0.996605
10467.731   0.996900
10467.751   0.996330
10467.771   0.994981
10467.791   0.993153
10467.811   0.991337
10467.832   0.989914
10467.852   0.989182
10467.872   0.989150
10467.892   0.989695
10467.912   0.990569
10467.933   0.991511
10467.953   0.992347
10467.973   0.992942
10467.993   0.993299
10468.013   0.993388
10468.034   0.993207
10468.054   0.992694
10468.074   0.991869
10468.094   0.990894
10468.114   0.990130
10468.134   0.989950
10468.155   0.990522
10468.175   0.991579
10468.195   0.992641
10468.215   0.993244
10468.235   0.993313
10468.256   0.993071
10468.276   0.992934
10468.296   0.993127
10468.316   0.993611
10468.336   0.994002
10468.357   0.993864
10468.377   0.992894
10468.397   0.991283
10468.417   0.989594
10468.437   0.988614
10468.458   0.988859
10468.478   0.990329
10468.498   0.992452
10468.518   0.994380
10468.538   0.995415
10468.558   0.995264
10468.579   0.994174
10468.599   0.992618
10468.619   0.991157
10468.639   0.989984
10468.659   0.989223
10468.680   0.988767
10468.700   0.988705
10468.720   0.989059
10468.740   0.989815
10468.760   0.990751
10468.781   0.991497
10468.801   0.991855
10468.821   0.991849
10468.841   0.991957
10468.861   0.992608
10468.881   0.994021
10468.902   0.995710
10468.922   0.996933
10468.942   0.997016
10468.962   0.995908
10468.982   0.994111
10469.003   0.992275
10469.023   0.990924
10469.043   0.990207
10469.063   0.990110
10469.083   0.990454
10469.104   0.990939
10469.124   0.991230
10469.144   0.991020
10469.164   0.990346
10469.184   0.989464
10469.204   0.988833
10469.225   0.988707
10469.245   0.989071
10469.265   0.989624
10469.285   0.990049
10469.305   0.990299
10469.326   0.990524
10469.346   0.990987
10469.366   0.991603
10469.386   0.992089
10469.406   0.992028
10469.427   0.991357
10469.447   0.990389
10469.467   0.989668
10469.487   0.989593
10469.507   0.990146
10469.528   0.990984
10469.548   0.991609
10469.568   0.991754
10469.588   0.991365
10469.608   0.990688
10469.628   0.989904
10469.649   0.989202
10469.669   0.988621
10469.689   0.988265
10469.709   0.988266
10469.729   0.988698
10469.750   0.989511
10469.770   0.990425
10469.790   0.991216
10469.810   0.991812
10469.830   0.992451
10469.851   0.993400
10469.871   0.994668
10469.891   0.995855
10469.911   0.996303
10469.931   0.995632
10469.951   0.993977
10469.972   0.992132
10469.992   0.990918
10470.012   0.990812
10470.032   0.991584
10470.052   0.992647
10470.073   0.993440
10470.093   0.993757
10470.113   0.993746
10470.133   0.993643
10470.153   0.993604
10470.174   0.993616
10470.194   0.993604
10470.214   0.993508
10470.234   0.993278
10470.254   0.992952
10470.275   0.992553
10470.295   0.992185
10470.315   0.991868
10470.335   0.991639
10470.355   0.991436
10470.375   0.991271
10470.396   0.991241
10470.416   0.991464
10470.436   0.991971
10470.456   0.992557
10470.476   0.993011
10470.497   0.993085
10470.517   0.992800
10470.537   0.992224
10470.557   0.991628
10470.577   0.991308
10470.598   0.991605
10470.618   0.992716
10470.638   0.994433
10470.658   0.996291
10470.678   0.997602
10470.698   0.998101
10470.719   0.997816
10470.739   0.997103
10470.759   0.996123
10470.779   0.994926
10470.799   0.993691
10470.820   0.992826
10470.840   0.992935
10470.860   0.994166
10470.880   0.996092
10470.900   0.997718
10470.921   0.998200
10470.941   0.997375
10470.961   0.995797
10470.981   0.994388
10471.001   0.993714
10471.021   0.993749
10471.042   0.993894
10471.062   0.993481
10471.082   0.992342
10471.102   0.990883
10471.122   0.989853
10471.143   0.989574
10471.163   0.989808
10471.183   0.989918
10471.203   0.989573
10471.223   0.989070
10471.244   0.989089
10471.264   0.990111
10471.284   0.991890
10471.304   0.993731
10471.324   0.994900
10471.345   0.995168
10471.365   0.994685
10471.385   0.993738
10471.405   0.992483
10471.425   0.991028
10471.445   0.989630
10471.466   0.988606
10471.486   0.988324
10471.506   0.988884
10471.526   0.990257
10471.546   0.992149
10471.567   0.994166
10471.587   0.995805
10471.607   0.996566
10471.627   0.996157
10471.647   0.994654
10471.668   0.992563
10471.688   0.990573
10471.708   0.989253
10471.728   0.988810
10471.748   0.989200
10471.768   0.990246
10471.789   0.991851
10471.809   0.993808
10471.829   0.995752
10471.849   0.997060
10471.869   0.997191
10471.890   0.996042
10471.910   0.994173
10471.930   0.992490
10471.950   0.991668
10471.970   0.991591
10471.991   0.991670
10472.011   0.991280
10472.031   0.990422
10472.051   0.989590
10472.071   0.989367
10472.092   0.989991
10472.112   0.991153
10472.132   0.992396
10472.152   0.993188
10472.172   0.993308
10472.192   0.992652
10472.213   0.991433
10472.233   0.990024
10472.253   0.988881
10472.273   0.988286
10472.293   0.988129
10472.314   0.988147
10472.334   0.988139
10472.354   0.988250
10472.374   0.988734
10472.394   0.989631
10472.415   0.990638
10472.435   0.991192
10472.455   0.991035
10472.475   0.990236
10472.495   0.989311
10472.515   0.988726
10472.536   0.988688
10472.556   0.989045
10472.576   0.989427
10472.596   0.989555
10472.616   0.989348
10472.637   0.988967
10472.657   0.988786
10472.677   0.989142
10472.697   0.990272
10472.717   0.991958
10472.738   0.993654
10472.758   0.994625
10472.778   0.994398
10472.798   0.993185
10472.818   0.991665
10472.838   0.990691
10472.859   0.990565
10472.879   0.991072
10472.899   0.991625
10472.919   0.991820
10472.939   0.991605
10472.960   0.991209
10472.980   0.990828
10473.000   0.990466
