10724.062   0.992726
10724.083   0.992882
10724.105   0.993213
10724.126   0.993725
10724.148   0.994306
10724.169   0.994802
10724.191   0.995042
10724.212   0.994945
10724.234   0.994521
10724.255   0.993897
10724.277   0.993226
10724.298   0.992671
10724.320   0.992323
10724.341   0.992222
10724.363   0.992320
10724.384   0.992551
10724.406   0.992820
10724.427   0.993057
10724.449   0.993225
10724.470   0.993345
10724.492   0.993465
10724.513   0.993683
10724.535   0.994096
10724.556   0.994772
10724.578   0.995680
10724.599   0.996699
10724.621   0.997649
10724.642   0.998365
10724.664   0.998796
10724.685   0.999025
10724.707   0.999205
10724.728   0.999464
10724.750   0.999832
10724.771   1.000233
10724.792   1.000546
10724.814   1.000670
10724.835   1.000574
10724.857   1.000308
10724.878   0.999974
10724.900   0.999671
10724.921   0.999455
10724.943   0.999318
10724.964   0.999188
10724.986   0.998967
10725.007   0.998595
10725.029   0.998081
10725.050   0.997506
10725.072   0.996971
10725.093   0.996553
10725.115   0.996229
10725.136   0.995936
10725.158   0.995576
10725.179   0.995111
10725.201   0.994527
10725.222   0.993875
10725.244   0.993211
10725.265   0.992624
10725.287   0.992187
10725.308   0.992005
10725.330   0.992130
10725.351   0.992581
10725.373   0.993277
10725.394   0.994074
10725.416   0.994769
10725.437   0.995245
10725.459   0.995477
10725.480   0.995564
10725.502   0.995622
10725.523   0.995724
10725.544   0.995787
10725.566   0.995663
10725.587   0.995214
10725.609   0.994456
10725.630   0.993557
10725.652   0.992795
10725.673   0.992406
10725.695   0.992492
10725.716   0.992973
10725.738   0.993651
10725.759   0.994282
10725.781   0.994690
10725.802   0.994811
10725.824   0.994703
10725.845   0.994485
10725.867   0.994270
10725.888   0.994097
10725.910   0.993928
10725.931   0.993663
10725.953   0.993241
10725.974   0.992663
10725.996   0.992025
10726.017   0.991453
10726.039   0.991078
10726.060   0.990975
10726.082   0.991156
10726.103   0.991547
10726.125   0.992030
10726.146   0.992449
10726.168   0.992641
10726.189   0.992528
10726.211   0.992133
10726.232   0.991629
10726.253   0.991227
10726.275   0.991105
10726.296   0.991234
10726.318   0.991442
10726.339   0.991441
10726.361   0.991067
10726.382   0.990313
10726.404   0.989413
10726.425   0.988649
10726.447   0.988269
10726.468   0.988272
10726.490   0.988474
10726.511   0.988538
10726.533   0.988172
10726.554   0.987174
10726.576   0.985530
10726.597   0.983361
10726.619   0.980869
10726.640   0.978244
10726.662   0.975589
10726.683   0.972921
10726.705   0.970176
10726.726   0.967340
10726.748   0.964499
10726.769   0.961908
10726.791   0.959921
10726.812   0.958936
10726.834   0.959222
10726.855   0.960889
10726.877   0.963802
10726.898   0.967666
10726.920   0.972051
10726.941   0.976521
10726.963   0.980639
10726.984   0.984071
10727.005   0.986606
10727.027   0.988215
10727.048   0.989034
10727.070   0.989342
10727.091   0.989475
10727.113   0.989698
10727.134   0.990135
10727.156   0.990714
10727.177   0.991267
10727.199   0.991596
10727.220   0.991598
10727.242   0.991273
10727.263   0.990733
10727.285   0.990107
10727.306   0.989514
10727.328   0.988987
10727.349   0.988526
10727.371   0.988103
10727.392   0.987710
10727.414   0.987345
10727.435   0.987043
10727.457   0.986810
10727.478   0.986654
10727.500   0.986565
10727.521   0.986565
10727.543   0.986665
10727.564   0.986870
10727.586   0.987138
10727.607   0.987419
10727.629   0.987634
10727.650   0.987726
10727.672   0.987661
10727.693   0.987478
10727.715   0.987260
10727.736   0.987125
10727.757   0.987182
10727.779   0.987490
10727.800   0.987990
10727.822   0.988521
10727.843   0.988847
10727.865   0.988809
10727.886   0.988388
10727.908   0.987765
10727.929   0.987221
10727.951   0.987012
10727.972   0.987186
10727.994   0.987593
10728.015   0.987916
10728.037   0.987886
10728.058   0.987378
10728.080   0.986516
10728.101   0.985543
10728.123   0.984746
10728.144   0.984253
10728.166   0.984027
10728.187   0.983845
10728.209   0.983432
10728.230   0.982539
10728.252   0.981099
10728.273   0.979213
10728.295   0.977152
10728.316   0.975184
10728.338   0.973487
10728.359   0.972047
10728.381   0.970741
10728.402   0.969420
10728.424   0.968049
10728.445   0.966756
10728.467   0.965792
10728.488   0.965413
10728.509   0.965766
10728.531   0.966849
10728.552   0.968489
10728.574   0.970429
10728.595   0.972389
10728.617   0.974193
10728.638   0.975778
10728.660   0.977249
10728.681   0.978776
10728.703   0.980553
10728.724   0.982607
10728.746   0.984829
10728.767   0.986949
10728.789   0.988741
10728.810   0.990063
10728.832   0.990967
10728.853   0.991582
10728.875   0.992081
10728.896   0.992528
10728.918   0.992915
10728.939   0.993158
10728.961   0.993210
10728.982   0.993078
10729.004   0.992848
10729.025   0.992614
10729.047   0.992443
10729.068   0.992356
10729.090   0.992344
10729.111   0.992411
10729.133   0.992578
10729.154   0.992868
10729.176   0.993285
10729.197   0.993762
10729.219   0.994166
10729.240   0.994335
10729.261   0.994155
10729.283   0.993598
10729.304   0.992749
10729.326   0.991748
10729.347   0.990775
10729.369   0.989960
10729.390   0.989384
10729.412   0.989062
10729.433   0.988980
10729.455   0.989098
10729.476   0.989371
10729.498   0.989762
10729.519   0.990262
10729.541   0.990858
10729.562   0.991525
10729.584   0.992203
10729.605   0.992823
10729.627   0.993318
10729.648   0.993661
10729.670   0.993858
10729.691   0.993967
10729.713   0.994065
10729.734   0.994236
10729.756   0.994505
10729.777   0.994847
10729.799   0.995184
10729.820   0.995422
10729.842   0.995487
10729.863   0.995388
10729.885   0.995225
10729.906   0.995143
10729.928   0.995244
10729.949   0.995524
10729.970   0.995860
10729.992   0.996105
10730.013   0.996155
10730.035   0.995992
10730.056   0.995625
10730.078   0.995045
10730.099   0.994171
10730.121   0.992955
10730.142   0.991448
10730.164   0.989889
10730.185   0.988579
10730.207   0.987744
10730.228   0.987339
10730.250   0.987096
10730.271   0.986641
10730.293   0.985745
10730.314   0.984403
10730.336   0.982868
10730.357   0.981459
10730.379   0.980426
10730.400   0.979833
10730.422   0.979633
10730.443   0.979703
10730.465   0.979923
10730.486   0.980133
10730.508   0.980158
10730.529   0.979812
10730.551   0.979013
10730.572   0.977828
10730.594   0.976498
10730.615   0.975311
10730.637   0.974488
10730.658   0.974079
10730.680   0.974002
10730.701   0.974125
10730.722   0.974394
10730.744   0.974877
10730.765   0.975730
10730.787   0.977096
10730.808   0.978972
10730.830   0.981172
10730.851   0.983351
10730.873   0.985174
10730.894   0.986428
10730.916   0.987143
10730.937   0.987504
10730.959   0.987771
10730.980   0.988113
10731.002   0.988578
10731.023   0.989087
10731.045   0.989558
10731.066   0.989953
10731.088   0.990314
10731.109   0.990681
10731.131   0.991071
10731.152   0.991424
10731.174   0.991656
10731.195   0.991689
10731.217   0.991533
10731.238   0.991275
10731.260   0.991089
10731.281   0.991132
10731.303   0.991501
10731.324   0.992130
10731.346   0.992840
10731.367   0.993375
10731.389   0.993566
10731.410   0.993382
10731.432   0.992983
10731.453   0.992591
10731.474   0.992406
10731.496   0.992467
10731.517   0.992694
10731.539   0.992938
10731.560   0.993117
10731.582   0.993224
10731.603   0.993328
10731.625   0.993453
10731.646   0.993557
10731.668   0.993510
10731.689   0.993228
10731.711   0.992739
10731.732   0.992256
10731.754   0.992035
10731.775   0.992268
10731.797   0.992939
10731.818   0.993859
10731.840   0.994701
10731.861   0.995207
10731.883   0.995263
10731.904   0.994983
10731.926   0.994565
10731.947   0.994194
10731.969   0.993918
10731.990   0.993689
10732.012   0.993386
10732.033   0.992933
10732.055   0.992314
10732.076   0.991627
10732.098   0.990999
10732.119   0.990589
10732.141   0.990521
10732.162   0.990915
10732.184   0.991778
10732.205   0.993015
10732.226   0.994342
10732.248   0.995424
10732.269   0.995930
10732.291   0.995720
10732.312   0.994853
10732.334   0.993625
10732.355   0.992405
10732.377   0.991561
10732.398   0.991302
10732.420   0.991681
10732.441   0.992540
10732.463   0.993600
10732.484   0.994527
10732.506   0.995079
10732.527   0.995169
10732.549   0.994896
10732.570   0.994432
10732.592   0.993950
10732.613   0.993540
10732.635   0.993249
10732.656   0.993069
10732.678   0.993001
10732.699   0.993015
10732.721   0.993084
10732.742   0.993157
10732.764   0.993200
10732.785   0.993197
10732.807   0.993154
10732.828   0.993072
10732.850   0.992936
10732.871   0.992713
10732.893   0.992395
10732.914   0.992029
10732.936   0.991733
10732.957   0.991643
10732.978   0.991849
10733.000   0.992315
10733.021   0.992900
10733.043   0.993402
10733.064   0.993695
10733.086   0.993775
10733.107   0.993790
10733.129   0.993917
10733.150   0.994272
10733.172   0.994803
10733.193   0.995324
10733.215   0.995573
10733.236   0.995405
10733.258   0.994818
10733.279   0.993985
10733.301   0.993145
10733.322   0.992544
10733.344   0.992339
10733.365   0.992584
10733.387   0.993231
10733.408   0.994139
10733.430   0.995131
10733.451   0.996008
10733.473   0.996615
10733.494   0.996853
10733.516   0.996722
10733.537   0.996256
10733.559   0.995520
10733.580   0.994572
10733.602   0.993502
10733.623   0.992445
10733.645   0.991598
10733.666   0.991165
10733.687   0.991249
10733.709   0.991789
10733.730   0.992548
10733.752   0.993252
10733.773   0.993679
10733.795   0.993769
10733.816   0.993578
10733.838   0.993231
10733.859   0.992846
10733.881   0.992508
10733.902   0.992262
10733.924   0.992146
10733.945   0.992192
10733.967   0.992420
10733.988   0.992830
10734.010   0.993389
10734.031   0.994039
10734.053   0.994704
10734.074   0.995301
10734.096   0.995759
10734.117   0.996053
10734.139   0.996214
10734.160   0.996329
10734.182   0.996488
10734.203   0.996726
10734.225   0.996971
10734.246   0.997086
10734.268   0.996940
10734.289   0.996506
10734.311   0.995896
10734.332   0.995363
10734.354   0.995175
10734.375   0.995507
10734.397   0.996304
10734.418   0.997291
10734.439   0.998054
10734.461   0.998262
10734.482   0.997788
10734.504   0.996800
10734.525   0.995621
10734.547   0.994603
10734.568   0.993931
10734.590   0.993627
10734.611   0.993571
10734.633   0.993654
10734.654   0.993805
10734.676   0.994025
10734.697   0.994312
10734.719   0.994649
10734.740   0.994967
10734.762   0.995195
10734.783   0.995272
10734.805   0.995193
10734.826   0.994993
10734.848   0.994718
10734.869   0.994415
10734.891   0.994136
10734.912   0.993958
10734.934   0.993963
10734.955   0.994200
10734.977   0.994631
10734.998   0.995129
10735.020   0.995488
10735.041   0.995541
10735.063   0.995217
10735.084   0.994629
10735.106   0.994001
10735.127   0.993596
10735.149   0.993575
10735.170   0.993974
10735.191   0.994667
10735.213   0.995457
10735.234   0.996108
10735.256   0.996439
10735.277   0.996332
10735.299   0.995783
10735.320   0.994904
10735.342   0.993914
10735.363   0.993063
10735.385   0.992538
10735.406   0.992395
10735.428   0.992549
10735.449   0.992853
10735.471   0.993167
10735.492   0.993434
10735.514   0.993677
10735.535   0.993961
10735.557   0.994318
10735.578   0.994719
10735.600   0.995096
10735.621   0.995396
10735.643   0.995628
10735.664   0.995861
10735.686   0.996164
10735.707   0.996518
10735.729   0.996778
10735.750   0.996730
10735.772   0.996239
10735.793   0.995358
10735.815   0.994362
10735.836   0.993631
10735.858   0.993451
10735.879   0.993835
10735.901   0.994529
10735.922   0.995148
10735.943   0.995404
10735.965   0.995226
10735.986   0.994781
10736.008   0.994335
10736.029   0.994120
10736.051   0.994196
10736.072   0.994469
10736.094   0.994772
10736.115   0.995001
10736.137   0.995145
10736.158   0.995287
10736.180   0.995497
10736.201   0.995769
10736.223   0.995983
10736.244   0.995977
10736.266   0.995643
10736.287   0.995021
10736.309   0.994305
10736.330   0.993793
10736.352   0.993704
10736.373   0.994087
10736.395   0.994760
10736.416   0.995419
10736.438   0.995756
10736.459   0.995645
10736.481   0.995155
10736.502   0.994553
10736.524   0.994118
10736.545   0.994018
10736.567   0.994205
10736.588   0.994506
10736.610   0.994726
10736.631   0.994788
10736.653   0.994739
10736.674   0.994693
10736.695   0.994718
10736.717   0.994798
10736.738   0.994849
10736.760   0.994808
10736.781   0.994690
10736.803   0.994583
10736.824   0.994587
10736.846   0.994754
10736.867   0.995054
10736.889   0.995401
10736.910   0.995730
10736.932   0.996002
10736.953   0.996237
10736.975   0.996453
10736.996   0.996665
10737.018   0.996829
10737.039   0.996900
10737.061   0.996826
10737.082   0.996624
10737.104   0.996323
10737.125   0.995986
10737.147   0.995636
10737.168   0.995282
10737.190   0.994889
10737.211   0.994429
10737.233   0.993899
10737.254   0.993351
10737.276   0.992872
10737.297   0.992546
10737.319   0.992355
10737.340   0.992142
10737.362   0.991641
10737.383   0.990600
10737.404   0.988879
10737.426   0.986544
10737.447   0.983867
10737.469   0.981270
10737.490   0.979213
10737.512   0.978068
10737.533   0.978027
10737.555   0.979014
10737.576   0.980712
10737.598   0.982669
10737.619   0.984473
10737.641   0.985884
10737.662   0.986917
10737.684   0.987760
10737.705   0.988634
10737.727   0.989647
10737.748   0.990750
10737.770   0.991751
10737.791   0.992456
10737.813   0.992756
10737.834   0.992684
10737.856   0.992384
10737.877   0.992065
10737.899   0.991926
10737.920   0.992102
10737.942   0.992630
10737.963   0.993437
10737.985   0.994346
10738.006   0.995135
10738.028   0.995630
10738.049   0.995762
10738.071   0.995592
10738.092   0.995269
10738.114   0.994967
10738.135   0.994815
10738.156   0.994846
10738.178   0.994987
10738.199   0.995097
10738.221   0.995031
10738.242   0.994710
10738.264   0.994188
10738.285   0.993664
10738.307   0.993410
10738.328   0.993603
10738.350   0.994181
10738.371   0.994759
10738.393   0.994848
10738.414   0.994106
10738.436   0.992638
10738.457   0.990953
10738.479   0.989828
10738.500   0.989786
10738.522   0.990910
10738.543   0.992696
10738.565   0.994472
10738.586   0.995652
10738.608   0.996095
10738.629   0.995972
10738.651   0.995685
10738.672   0.995539
10738.694   0.995669
10738.715   0.995954
10738.737   0.996186
10738.758   0.996177
10738.780   0.995863
10738.801   0.995309
10738.823   0.994644
10738.844   0.994030
10738.866   0.993560
10738.887   0.993272
10738.908   0.993118
10738.930   0.993052
10738.951   0.993037
10738.973   0.993104
10738.994   0.993286
10739.016   0.993559
10739.037   0.993787
10739.059   0.993778
10739.080   0.993371
10739.102   0.992557
10739.123   0.991477
10739.145   0.990364
10739.166   0.989369
10739.188   0.988535
10739.209   0.987800
10739.231   0.987134
10739.252   0.986572
10739.274   0.986264
10739.295   0.986346
10739.317   0.986882
10739.338   0.987773
10739.360   0.988820
10739.381   0.989768
10739.403   0.990411
10739.424   0.990610
10739.446   0.990330
10739.467   0.989601
10739.489   0.988542
10739.510   0.987352
10739.532   0.986331
10739.553   0.985784
10739.575   0.985940
10739.596   0.986810
10739.618   0.988196
10739.639   0.989757
10739.660   0.991171
10739.682   0.992259
10739.703   0.993015
10739.725   0.993545
10739.746   0.993915
10739.768   0.994160
10739.789   0.994258
10739.811   0.994261
10739.832   0.994259
10739.854   0.994440
10739.875   0.994867
10739.897   0.995522
10739.918   0.996222
10739.940   0.996823
10739.961   0.997195
10739.983   0.997333
10740.004   0.997243
10740.026   0.996970
10740.047   0.996546
10740.069   0.996055
10740.090   0.995618
10740.112   0.995368
10740.133   0.995362
10740.155   0.995537
10740.176   0.995733
10740.198   0.995772
10740.219   0.995550
10740.241   0.995086
10740.262   0.994531
10740.284   0.994083
10740.305   0.993916
10740.327   0.994085
10740.348   0.994544
10740.370   0.995145
10740.391   0.995725
10740.412   0.996126
10740.434   0.996264
10740.455   0.996123
10740.477   0.995776
10740.498   0.995337
10740.520   0.994941
10740.541   0.994700
10740.563   0.994688
10740.584   0.994932
10740.606   0.995388
10740.627   0.995960
10740.649   0.996492
10740.670   0.996850
10740.692   0.996961
10740.713   0.996877
10740.735   0.996713
10740.756   0.996609
10740.778   0.996620
10740.799   0.996742
10740.821   0.996903
10740.842   0.997042
10740.864   0.997104
10740.885   0.997066
10740.907   0.996894
10740.928   0.996568
10740.950   0.996085
10740.971   0.995528
10740.993   0.995040
10741.014   0.994783
10741.036   0.994826
10741.057   0.995132
10741.079   0.995563
10741.100   0.995980
10741.121   0.996299
10741.143   0.996541
10741.164   0.996756
10741.186   0.996955
10741.207   0.997055
10741.229   0.996932
10741.250   0.996503
10741.272   0.995793
10741.293   0.994938
10741.315   0.994115
10741.336   0.993480
10741.358   0.993109
10741.379   0.993019
10741.401   0.993146
10741.422   0.993388
10741.444   0.993597
10741.465   0.993653
10741.487   0.993507
10741.508   0.993222
10741.530   0.992938
10741.551   0.992774
10741.573   0.992755
10741.594   0.992805
10741.616   0.992834
10741.637   0.992818
10741.659   0.992848
10741.680   0.993058
10741.702   0.993526
10741.723   0.994187
10741.745   0.994847
10741.766   0.995296
10741.788   0.995425
10741.809   0.995286
10741.831   0.995066
10741.852   0.994993
10741.873   0.995209
10741.895   0.995714
10741.916   0.996373
10741.938   0.996996
10741.959   0.997424
10741.981   0.997617
10742.002   0.997646
10742.024   0.997647
10742.045   0.997722
10742.067   0.997920
10742.088   0.998246
10742.110   0.998746
10742.131   0.999464
10742.153   1.000435
10742.174   1.001533
10742.196   1.002509
10742.217   1.003018
10742.239   1.002838
10742.260   1.001937
10742.282   1.000580
10742.303   0.999158
10742.325   0.998081
10742.346   0.997555
10742.368   0.997599
10742.389   0.998024
10742.411   0.998572
10742.432   0.998988
10742.454   0.999146
10742.475   0.999044
10742.497   0.998799
10742.518   0.998557
10742.540   0.998450
10742.561   0.998527
10742.583   0.998757
10742.604   0.999013
10742.625   0.999117
10742.647   0.998831
10742.668   0.997892
10742.690   0.996008
10742.711   0.993001
10742.733   0.988930
10742.754   0.984317
10742.776   0.980100
10742.797   0.977425
10742.819   0.977111
10742.840   0.979287
10742.862   0.983220
10742.883   0.987764
10742.905   0.991798
10742.926   0.994707
10742.948   0.996320
10742.969   0.996814
10742.991   0.996513
10743.012   0.995823
10743.034   0.995182
10743.055   0.994952
10743.077   0.995300
10743.098   0.996027
10743.120   0.996672
10743.141   0.996664
10743.163   0.995621
10743.184   0.993419
10743.206   0.990181
10743.227   0.985973
10743.249   0.980568
10743.270   0.973244
10743.292   0.962833
10743.313   0.947977
10743.335   0.927579
10743.356   0.901361
10743.377   0.870345
10743.399   0.837189
10743.420   0.805877
10743.442   0.781024
10743.463   0.766488
10743.485   0.764549
10743.506   0.775240
10743.528   0.796504
10743.549   0.824732
10743.571   0.855743
10743.592   0.885694
10743.614   0.911854
10743.635   0.932969
10743.657   0.949027
10743.678   0.960886
10743.700   0.969636
10743.721   0.976261
10743.743   0.981413
10743.764   0.985427
10743.786   0.988430
10743.807   0.990500
10743.829   0.991814
10743.850   0.992680
10743.872   0.993485
10743.893   0.994516
10743.915   0.995878
10743.936   0.997431
10743.958   0.998891
10743.979   0.999948
10744.001   1.000424
10744.022   1.000310
10744.044   0.999757
10744.065   0.999002
10744.086   0.998312
10744.108   0.997904
10744.129   0.997876
10744.151   0.998155
10744.172   0.998509
10744.194   0.998623
10744.215   0.998224
10744.237   0.997194
10744.258   0.995593
10744.280   0.993619
10744.301   0.991450
10744.323   0.989180
10744.344   0.986751
10744.366   0.984054
10744.387   0.980965
10744.409   0.977478
10744.430   0.973638
10744.452   0.969462
10744.473   0.964745
10744.495   0.958962
10744.516   0.951323
10744.538   0.941019
10744.559   0.927661
10744.581   0.911601
10744.602   0.894135
10744.624   0.877346
10744.645   0.863707
10744.667   0.855444
10744.688   0.853934
10744.710   0.859398
10744.731   0.870837
10744.753   0.886441
10744.774   0.904007
10744.796   0.921540
10744.817   0.937474
10744.838   0.950923
10744.860   0.961559
10744.881   0.969572
10744.903   0.975403
10744.924   0.979641
10744.946   0.982841
10744.967   0.985505
10744.989   0.987970
10745.010   0.990412
10745.032   0.992793
10745.053   0.994900
10745.075   0.996423
10745.096   0.997134
10745.118   0.997053
10745.139   0.996470
10745.161   0.995858
10745.182   0.995630
10745.204   0.996014
10745.225   0.996944
10745.247   0.998199
10745.268   0.999495
10745.290   1.000667
10745.311   1.001638
10745.333   1.002454
10745.354   1.003165
10745.376   1.003811
10745.397   1.004331
10745.419   1.004617
10745.440   1.004533
10745.462   1.004050
10745.483   1.003249
10745.505   1.002345
10745.526   1.001533
10745.548   1.000943
10745.569   1.000543
10745.590   1.000237
10745.612   0.999903
10745.633   0.999508
10745.655   0.999085
10745.676   0.998708
10745.698   0.998414
10745.719   0.998155
10745.741   0.997841
10745.762   0.997374
10745.784   0.996729
10745.805   0.995965
10745.827   0.995253
10745.848   0.994777
10745.870   0.994647
10745.891   0.994744
10745.913   0.994716
10745.934   0.994018
10745.956   0.992148
10745.977   0.988790
10745.999   0.983955
10746.020   0.977906
10746.042   0.971143
10746.063   0.964290
10746.085   0.958052
10746.106   0.953117
10746.128   0.950117
10746.149   0.949463
10746.171   0.951247
10746.192   0.955183
10746.214   0.960692
10746.235   0.966986
10746.257   0.973298
10746.278   0.978985
10746.300   0.983664
10746.321   0.987184
10746.342   0.989643
10746.364   0.991279
10746.385   0.992408
10746.407   0.993281
10746.428   0.994051
10746.450   0.994766
10746.471   0.995424
10746.493   0.996018
10746.514   0.996545
10746.536   0.997012
10746.557   0.997401
10746.579   0.997703
10746.600   0.997929
10746.622   0.998150
10746.643   0.998423
10746.665   0.998760
10746.686   0.999078
10746.708   0.999257
10746.729   0.999205
10746.751   0.998947
10746.772   0.998593
10746.794   0.998287
10746.815   0.998112
10746.837   0.998090
10746.858   0.998176
10746.880   0.998307
10746.901   0.998414
10746.923   0.998460
10746.944   0.998423
10746.966   0.998343
10746.987   0.998263
10747.009   0.998217
10747.030   0.998173
10747.052   0.998061
10747.073   0.997801
10747.094   0.997380
10747.116   0.996879
10747.137   0.996459
10747.159   0.996257
10747.180   0.996315
10747.202   0.996519
10747.223   0.996678
10747.245   0.996610
10747.266   0.996259
10747.288   0.995714
10747.309   0.995176
10747.331   0.994861
10747.352   0.994917
10747.374   0.995372
10747.395   0.996109
10747.417   0.996912
10747.438   0.997517
10747.460   0.997741
10747.481   0.997535
10747.503   0.997032
10747.524   0.996443
10747.546   0.995952
10747.567   0.995594
10747.589   0.995304
10747.610   0.994981
10747.632   0.994595
10747.653   0.994179
10747.675   0.993816
10747.696   0.993577
10747.718   0.993553
10747.739   0.993820
10747.761   0.994424
10747.782   0.995291
10747.803   0.996228
10747.825   0.996953
10747.846   0.997236
10747.868   0.997009
10747.889   0.996410
10747.911   0.995700
10747.932   0.995134
10747.954   0.994853
10747.975   0.994855
10747.997   0.995043
10748.018   0.995280
10748.040   0.995445
10748.061   0.995433
10748.083   0.995181
10748.104   0.994674
10748.126   0.993989
10748.147   0.993279
10748.169   0.992746
10748.190   0.992554
10748.212   0.992753
10748.233   0.993233
10748.255   0.993747
10748.276   0.994067
10748.298   0.994088
10748.319   0.993922
10748.341   0.993791
10748.362   0.993895
10748.384   0.994215
10748.405   0.994536
10748.427   0.994536
10748.448   0.994077
10748.470   0.993282
10748.491   0.992544
10748.513   0.992237
10748.534   0.992546
10748.555   0.993295
10748.577   0.994133
10748.598   0.994691
10748.620   0.994861
10748.641   0.994767
10748.663   0.994715
10748.684   0.994936
10748.706   0.995490
10748.727   0.996185
10748.749   0.996718
10748.770   0.996801
10748.792   0.996342
10748.813   0.995477
10748.835   0.994560
10748.856   0.993970
10748.878   0.993962
10748.899   0.994527
10748.921   0.995412
10748.942   0.996221
10748.964   0.996627
10748.985   0.996516
10749.007   0.996036
10749.028   0.995475
10749.050   0.995114
10749.071   0.995052
10749.093   0.995203
10749.114   0.995325
10749.136   0.995199
10749.157   0.994693
10749.179   0.993876
10749.200   0.992934
10749.222   0.992150
10749.243   0.991747
10749.265   0.991845
10749.286   0.992384
10749.307   0.993156
10749.329   0.993893
10749.350   0.994365
10749.372   0.994494
10749.393   0.994345
10749.415   0.994087
10749.436   0.993858
10749.458   0.993742
10749.479   0.993702
10749.501   0.993685
10749.522   0.993638
10749.544   0.993584
10749.565   0.993542
10749.587   0.993477
10749.608   0.993237
10749.630   0.992639
10749.651   0.991596
10749.673   0.990206
10749.694   0.988755
10749.716   0.987559
10749.737   0.986859
10749.759   0.986705
10749.780   0.987035
10749.802   0.987712
10749.823   0.988618
10749.845   0.989620
10749.866   0.990578
10749.888   0.991330
10749.909   0.991757
10749.931   0.991848
10749.952   0.991723
10749.974   0.991590
10749.995   0.991619
10750.017   0.991856
10750.038   0.992185
10750.059   0.992399
10750.081   0.992309
10750.102   0.991870
10750.124   0.991187
10750.145   0.990454
10750.167   0.989831
10750.188   0.989379
10750.210   0.989025
10750.231   0.988637
10750.253   0.988085
10750.274   0.987323
10750.296   0.986384
10750.317   0.985353
10750.339   0.984276
10750.360   0.983127
10750.382   0.981830
10750.403   0.980348
10750.425   0.978774
10750.446   0.977343
10750.468   0.976359
10750.489   0.976016
10750.511   0.976305
10750.532   0.976964
10750.554   0.977671
10750.575   0.978192
10750.597   0.978535
10750.618   0.978871
10750.640   0.979426
10750.661   0.980334
10750.683   0.981598
10750.704   0.983139
10750.726   0.984849
10750.747   0.986634
10750.769   0.988411
10750.790   0.990086
10750.811   0.991574
10750.833   0.992809
10750.854   0.993793
10750.876   0.994574
10750.897   0.995251
10750.919   0.995906
10750.940   0.996591
10750.962   0.997281
10750.983   0.997928
10751.005   0.998440
10751.026   0.998738
10751.048   0.998742
10751.069   0.998410
10751.091   0.997732
10751.112   0.996749
10751.134   0.995527
10751.155   0.994184
10751.177   0.992901
10751.198   0.991899
10751.220   0.991375
10751.241   0.991415
10751.263   0.991935
10751.284   0.992686
10751.306   0.993356
10751.327   0.993705
10751.349   0.993672
10751.370   0.993378
10751.392   0.993043
10751.413   0.992834
10751.435   0.992805
10751.456   0.992895
10751.478   0.993051
10751.499   0.993295
10751.520   0.993749
10751.542   0.994484
10751.563   0.995428
10751.585   0.996272
10751.606   0.996664
10751.628   0.996366
10751.649   0.995469
10751.671   0.994310
10751.692   0.993323
10751.714   0.992748
10751.735   0.992556
10751.757   0.992503
10751.778   0.992343
10751.800   0.991956
10751.821   0.991414
10751.843   0.990915
10751.864   0.990681
10751.886   0.990864
10751.907   0.991480
10751.929   0.992395
10751.950   0.993360
10751.972   0.994098
10751.993   0.994417
10752.015   0.994300
10752.036   0.993892
10752.058   0.993393
10752.079   0.992957
10752.101   0.992639
10752.122   0.992423
10752.144   0.992277
10752.165   0.992170
10752.187   0.992071
10752.208   0.991938
10752.230   0.991734
10752.251   0.991447
10752.272   0.991092
10752.294   0.990682
10752.315   0.990160
10752.337   0.989428
10752.358   0.988397
10752.380   0.987097
10752.401   0.985697
10752.423   0.984477
10752.444   0.983683
10752.466   0.983446
10752.487   0.983740
10752.509   0.984447
10752.530   0.985423
10752.552   0.986565
10752.573   0.987797
10752.595   0.989045
10752.616   0.990205
10752.638   0.991179
10752.659   0.991932
10752.681   0.992512
10752.702   0.993030
10752.724   0.993580
10752.745   0.994195
10752.767   0.994829
10752.788   0.995391
10752.810   0.995806
10752.831   0.996027
10752.853   0.996060
10752.874   0.995922
10752.896   0.995652
10752.917   0.995278
10752.939   0.994845
10752.960   0.994392
10752.982   0.993981
10753.003   0.993642
10753.024   0.993425
10753.046   0.993370
10753.067   0.993521
10753.089   0.993868
10753.110   0.994367
10753.132   0.994902
10753.153   0.995365
10753.175   0.995693
10753.196   0.995922
10753.218   0.996133
10753.239   0.996381
10753.261   0.996635
10753.282   0.996786
10753.304   0.996747
10753.325   0.996524
10753.347   0.996266
10753.368   0.996155
10753.390   0.996328
10753.411   0.996735
10753.433   0.997189
10753.454   0.997400
10753.476   0.997183
10753.497   0.996534
10753.519   0.995698
10753.540   0.995017
10753.562   0.994803
10753.583   0.995129
10753.605   0.995844
10753.626   0.996641
10753.648   0.997251
10753.669   0.997526
10753.691   0.997490
10753.712   0.997237
10753.734   0.996876
10753.755   0.996494
10753.776   0.996175
10753.798   0.996019
10753.819   0.996108
10753.841   0.996463
10753.862   0.996997
10753.884   0.997555
10753.905   0.997969
10753.927   0.998154
10753.948   0.998129
10753.970   0.997998
10753.991   0.997873
10754.013   0.997782
10754.034   0.997654
10754.056   0.997362
10754.077   0.996845
10754.099   0.996142
10754.120   0.995417
10754.142   0.994844
10754.163   0.994546
10754.185   0.994503
10754.206   0.994613
10754.228   0.994734
10754.249   0.994777
10754.271   0.994734
10754.292   0.994657
10754.314   0.994605
10754.335   0.994566
10754.357   0.994492
10754.378   0.994293
10754.400   0.993918
10754.421   0.993346
10754.443   0.992597
10754.464   0.991665
10754.486   0.990529
10754.507   0.989146
10754.528   0.987515
10754.550   0.985712
10754.571   0.983951
10754.593   0.982526
10754.614   0.981709
10754.636   0.981615
10754.657   0.982146
10754.679   0.983028
10754.700   0.983985
10754.722   0.984901
10754.743   0.985865
10754.765   0.987066
10754.786   0.988589
10754.808   0.990290
10754.829   0.991811
10754.851   0.992797
10754.872   0.993100
10754.894   0.992882
10754.915   0.992461
10754.937   0.992072
10754.958   0.991639
10754.980   0.990820
10755.001   0.989250
10755.023   0.986905
10755.044   0.984292
10755.066   0.982298
10755.087   0.981732
10755.109   0.982873
10755.130   0.985291
10755.152   0.988062
10755.173   0.990218
10755.195   0.991208
10755.216   0.991088
10755.237   0.990382
10755.259   0.989776
10755.280   0.989744
10755.302   0.990387
10755.323   0.991405
10755.345   0.992366
10755.366   0.992906
10755.388   0.992971
10755.409   0.992746
10755.431   0.992551
10755.452   0.992602
10755.474   0.992972
10755.495   0.993546
10755.517   0.994170
10755.538   0.994688
10755.560   0.995019
10755.581   0.995124
10755.603   0.995046
10755.624   0.994893
10755.646   0.994805
10755.667   0.994855
10755.689   0.994988
10755.710   0.995014
10755.732   0.994742
10755.753   0.994115
10755.775   0.993317
10755.796   0.992671
10755.818   0.992478
10755.839   0.992757
10755.861   0.993256
10755.882   0.993563
10755.904   0.993410
10755.925   0.992809
10755.947   0.992066
10755.968   0.991578
10755.989   0.991614
10756.011   0.992180
10756.032   0.993026
10756.054   0.993809
10756.075   0.994228
10756.097   0.994205
10756.118   0.993854
10756.140   0.993468
10756.161   0.993319
10756.183   0.993598
10756.204   0.994278
10756.226   0.995170
10756.247   0.995971
10756.269   0.996443
10756.290   0.996510
10756.312   0.996284
10756.333   0.995983
10756.355   0.995783
10756.376   0.995750
10756.398   0.995824
10756.419   0.995913
10756.441   0.995935
10756.462   0.995855
10756.484   0.995667
10756.505   0.995376
10756.527   0.994988
10756.548   0.994521
10756.570   0.994021
10756.591   0.993582
10756.613   0.993316
10756.634   0.993293
10756.656   0.993471
10756.677   0.993722
10756.699   0.993862
10756.720   0.993792
10756.741   0.993537
10756.763   0.993288
10756.784   0.993236
10756.806   0.993496
10756.827   0.993967
10756.849   0.994440
10756.870   0.994677
10756.892   0.994603
10756.913   0.994303
10756.935   0.993977
10756.956   0.993787
10756.978   0.993783
10756.999   0.993926
10757.021   0.994162
10757.042   0.994511
10757.064   0.995011
10757.085   0.995684
10757.107   0.996417
10757.128   0.997063
10757.150   0.997465
10757.171   0.997630
10757.193   0.997634
10757.214   0.997607
10757.236   0.997548
10757.257   0.997389
10757.279   0.996999
10757.300   0.996353
10757.322   0.995530
10757.343   0.994711
10757.365   0.994068
10757.386   0.993720
10757.408   0.993722
10757.429   0.994056
10757.451   0.994633
10757.472   0.995275
10757.493   0.995799
10757.515   0.996040
10757.536   0.995972
10757.558   0.995671
10757.579   0.995319
10757.601   0.995061
10757.622   0.994970
10757.644   0.994984
10757.665   0.995001
10757.687   0.994934
10757.708   0.994780
10757.730   0.994598
10757.751   0.994452
10757.773   0.994359
10757.794   0.994269
10757.816   0.994127
10757.837   0.993915
10757.859   0.993700
10757.880   0.993596
10757.902   0.993725
10757.923   0.994145
10757.945   0.994828
10757.966   0.995648
10757.988   0.996433
10758.009   0.996998
10758.031   0.997221
10758.052   0.997083
10758.074   0.996694
10758.095   0.996224
10758.117   0.995813
10758.138   0.995493
10758.160   0.995215
10758.181   0.994922
10758.203   0.994632
10758.224   0.994408
10758.245   0.994297
10758.267   0.994246
10758.288   0.994170
10758.310   0.994051
10758.331   0.994027
10758.353   0.994309
10758.374   0.994982
10758.396   0.995874
10758.417   0.996577
10758.439   0.996736
10758.460   0.996246
10758.482   0.995403
10758.503   0.994644
10758.525   0.994351
10758.546   0.994559
10758.568   0.995053
10758.589   0.995480
10758.611   0.995564
10758.632   0.995197
10758.654   0.994434
10758.675   0.993486
10758.697   0.992568
10758.718   0.991905
10758.740   0.991560
10758.761   0.991526
10758.783   0.991668
10758.804   0.991889
10758.826   0.992103
10758.847   0.992343
10758.869   0.992691
10758.890   0.993252
10758.912   0.994020
10758.933   0.994871
10758.954   0.995565
10758.976   0.995908
10758.997   0.995834
10759.019   0.995452
10759.040   0.994933
10759.062   0.994423
10759.083   0.993953
10759.105   0.993527
10759.126   0.993190
10759.148   0.993084
10759.169   0.993329
10759.191   0.993926
10759.212   0.994679
10759.234   0.995321
10759.255   0.995658
10759.277   0.995717
10759.298   0.995678
10759.320   0.995771
10759.341   0.996082
10759.363   0.996549
10759.384   0.996974
10759.406   0.997173
10759.427   0.997035
10759.449   0.996560
10759.470   0.995866
10759.492   0.995110
10759.513   0.994445
10759.535   0.993937
10759.556   0.993607
10759.578   0.993431
10759.599   0.993400
10759.621   0.993530
10759.642   0.993872
10759.664   0.994485
10759.685   0.995383
10759.706   0.996457
10759.728   0.997461
10759.749   0.998085
10759.771   0.998137
10759.792   0.997636
10759.814   0.996853
10759.835   0.996108
10759.857   0.995618
10759.878   0.995350
10759.900   0.995156
10759.921   0.994869
10759.943   0.994477
10759.964   0.994078
10759.986   0.993847
10760.007   0.993910
10760.029   0.994309
10760.050   0.994973
10760.072   0.995732
10760.093   0.996359
10760.115   0.996639
10760.136   0.996466
10760.158   0.995853
10760.179   0.994929
10760.201   0.993795
10760.222   0.992492
10760.244   0.990937
10760.265   0.989063
10760.287   0.986911
10760.308   0.984732
10760.330   0.982861
10760.351   0.981628
10760.373   0.981159
10760.394   0.981400
10760.416   0.982120
10760.437   0.983108
10760.458   0.984200
10760.480   0.985337
10760.501   0.986469
10760.523   0.987568
10760.544   0.988578
10760.566   0.989454
10760.587   0.990167
10760.609   0.990728
10760.630   0.991204
10760.652   0.991689
10760.673   0.992283
10760.695   0.993027
10760.716   0.993910
10760.738   0.994845
10760.759   0.995749
10760.781   0.996527
10760.802   0.997115
10760.824   0.997436
10760.845   0.997447
10760.867   0.997161
10760.888   0.996687
10760.910   0.996189
10760.931   0.995795
10760.953   0.995536
10760.974   0.995302
10760.996   0.994949
10761.017   0.994375
10761.039   0.993639
10761.060   0.992857
10761.082   0.992171
10761.103   0.991598
10761.125   0.991117
10761.146   0.990676
10761.168   0.990281
10761.189   0.989897
10761.210   0.989384
10761.232   0.988453
10761.253   0.986736
10761.275   0.983937
10761.296   0.979957
10761.318   0.975018
10761.339   0.969571
10761.361   0.964242
10761.382   0.959639
10761.404   0.956317
10761.425   0.954650
10761.447   0.954864
10761.468   0.956941
10761.490   0.960621
10761.511   0.965367
10761.533   0.970536
10761.554   0.975515
10761.576   0.979909
10761.597   0.983563
10761.619   0.986506
10761.640   0.988874
10761.662   0.990830
10761.683   0.992558
10761.705   0.994171
10761.726   0.995691
10761.748   0.996976
10761.769   0.997815
10761.791   0.998034
10761.812   0.997643
10761.834   0.996847
10761.855   0.995958
10761.877   0.995250
10761.898   0.994855
10761.919   0.994788
10761.941   0.994975
10761.962   0.995328
10761.984   0.995750
10762.005   0.996146
10762.027   0.996424
10762.048   0.996543
10762.070   0.996532
10762.091   0.996438
10762.113   0.996302
10762.134   0.996140
10762.156   0.995982
10762.177   0.995867
10762.199   0.995844
10762.220   0.995921
10762.242   0.996065
10762.263   0.996252
10762.285   0.996484
10762.306   0.996772
10762.328   0.997073
10762.349   0.997292
10762.371   0.997319
10762.392   0.997130
10762.414   0.996825
10762.435   0.996576
10762.457   0.996486
10762.478   0.996473
10762.500   0.996338
10762.521   0.995904
10762.543   0.995237
10762.564   0.994603
10762.586   0.994327
10762.607   0.994529
10762.629   0.995092
10762.650   0.995760
10762.671   0.996348
10762.693   0.996817
10762.714   0.997183
10762.736   0.997394
10762.757   0.997296
10762.779   0.996808
10762.800   0.996018
10762.822   0.995225
10762.843   0.994730
10762.865   0.994674
10762.886   0.994929
10762.908   0.995239
10762.929   0.995409
10762.951   0.995421
10762.972   0.995386
10762.994   0.995400
10763.015   0.995467
10763.037   0.995517
10763.058   0.995510
10763.080   0.995472
10763.101   0.995466
10763.123   0.995492
10763.144   0.995474
10763.166   0.995316
10763.187   0.994990
10763.209   0.994585
10763.230   0.994286
10763.252   0.994261
10763.273   0.994577
10763.295   0.995130
10763.316   0.995733
10763.338   0.996202
10763.359   0.996497
10763.381   0.996676
10763.402   0.996823
10763.423   0.996882
10763.445   0.996620
10763.466   0.995717
10763.488   0.993909
10763.509   0.991153
10763.531   0.987715
10763.552   0.984185
10763.574   0.981475
10763.595   0.980530
10763.617   0.982017
10763.638   0.985702
10763.660   0.990553
10763.681   0.994951
10763.703   0.997713
10763.724   0.998430
10763.746   0.997670
10763.767   0.996317
10763.789   0.995164
10763.810   0.994516
10763.832   0.994333
10763.853   0.994403
10763.875   0.994550
10763.896   0.994688
10763.918   0.994791
10763.939   0.994862
10763.961   0.994899
10763.982   0.994933
10764.004   0.994993
10764.025   0.995107
10764.047   0.995254
10764.068   0.995373
10764.090   0.995354
10764.111   0.995107
10764.133   0.994591
10764.154   0.993891
10764.175   0.993188
10764.197   0.992753
10764.218   0.992805
10764.240   0.993427
10764.261   0.994461
10764.283   0.995574
10764.304   0.996369
10764.326   0.996602
10764.347   0.996245
10764.369   0.995466
10764.390   0.994522
10764.412   0.993642
10764.433   0.992975
10764.455   0.992561
10764.476   0.992375
10764.498   0.992317
10764.519   0.992313
10764.541   0.992312
10764.562   0.992347
10764.584   0.992441
10764.605   0.992573
10764.627   0.992613
10764.648   0.992450
10764.670   0.992105
10764.691   0.991790
10764.713   0.991774
10764.734   0.992177
10764.756   0.992855
10764.777   0.993474
10764.799   0.993741
10764.820   0.993571
10764.842   0.993139
10764.863   0.992729
10764.885   0.992563
10764.906   0.992694
10764.927   0.992997
10764.949   0.993289
10764.970   0.993437
10764.992   0.993449
10765.013   0.993438
10765.035   0.993517
10765.056   0.993683
10765.078   0.993816
10765.099   0.993790
10765.121   0.993616
10765.142   0.993479
10765.164   0.993631
10765.185   0.994180
10765.207   0.995021
10765.228   0.995856
10765.250   0.996451
10765.271   0.996700
10765.293   0.996722
10765.314   0.996631
10765.336   0.996539
10765.357   0.996426
10765.379   0.996304
10765.400   0.996173
10765.422   0.996047
10765.443   0.995888
10765.465   0.995652
10765.486   0.995402
10765.508   0.995312
10765.529   0.995651
10765.551   0.996494
10765.572   0.997689
10765.594   0.998767
10765.615   0.999262
10765.636   0.998854
10765.658   0.997642
10765.679   0.995995
10765.701   0.994447
10765.722   0.993381
10765.744   0.992973
10765.765   0.993138
10765.787   0.993656
10765.808   0.994263
10765.830   0.994757
10765.851   0.995022
10765.873   0.995028
10765.894   0.994847
10765.916   0.994597
10765.937   0.994423
10765.959   0.994359
10765.980   0.994364
10766.002   0.994271
10766.023   0.993955
10766.045   0.993362
10766.066   0.992626
10766.088   0.991934
10766.109   0.991449
10766.131   0.991215
10766.152   0.991186
10766.174   0.991320
10766.195   0.991609
10766.217   0.992085
10766.238   0.992691
10766.260   0.993313
10766.281   0.993783
10766.303   0.994046
10766.324   0.994146
10766.346   0.994228
10766.367   0.994356
10766.388   0.994514
10766.410   0.994628
10766.431   0.994705
10766.453   0.994872
10766.474   0.995272
10766.496   0.995929
10766.517   0.996644
10766.539   0.997123
10766.560   0.997120
10766.582   0.996616
10766.603   0.995765
10766.625   0.994820
10766.646   0.993985
10766.668   0.993332
10766.689   0.992851
10766.711   0.992485
10766.732   0.992265
10766.754   0.992234
10766.775   0.992502
10766.797   0.993090
10766.818   0.993983
10766.840   0.995003
10766.861   0.995924
10766.883   0.996427
10766.904   0.996282
10766.926   0.995415
10766.947   0.994046
10766.969   0.992632
10766.990   0.991679
10767.012   0.991477
10767.033   0.991880
10767.055   0.992451
10767.076   0.992687
10767.098   0.992428
10767.119   0.991819
10767.140   0.991266
10767.162   0.991010
10767.183   0.991084
10767.205   0.991228
10767.226   0.991164
10767.248   0.990669
10767.269   0.989755
10767.291   0.988615
10767.312   0.987579
10767.334   0.986985
10767.355   0.987065
10767.377   0.987909
10767.398   0.989389
10767.420   0.991273
10767.441   0.993204
10767.463   0.994852
10767.484   0.995892
10767.506   0.996201
10767.527   0.995873
10767.549   0.995270
10767.570   0.994860
10767.592   0.994998
10767.613   0.995704
10767.635   0.996656
10767.656   0.997408
10767.678   0.997686
10767.699   0.997529
10767.721   0.997226
10767.742   0.997030
10767.764   0.997019
10767.785   0.997056
10767.807   0.997012
10767.828   0.996838
10767.850   0.996623
10767.871   0.996433
10767.892   0.996284
10767.914   0.996103
10767.935   0.995851
10767.957   0.995553
10767.978   0.995283
10768.000   0.995113
10768.021   0.995064
10768.043   0.995131
10768.064   0.995264
10768.086   0.995392
10768.107   0.995380
10768.129   0.995104
10768.150   0.994490
10768.172   0.993623
10768.193   0.992681
10768.215   0.991879
10768.236   0.991336
10768.258   0.991070
10768.279   0.990977
10768.301   0.990906
10768.322   0.990665
10768.344   0.990125
10768.365   0.989251
10768.387   0.988153
10768.408   0.987020
10768.430   0.986021
10768.451   0.985273
10768.473   0.984831
10768.494   0.984730
10768.516   0.984924
10768.537   0.985227
10768.559   0.985209
10768.580   0.984310
10768.602   0.982078
10768.623   0.978398
10768.644   0.973541
10768.666   0.968029
10768.687   0.962425
10768.709   0.957204
10768.730   0.952797
10768.752   0.949657
10768.773   0.948202
10768.795   0.948656
10768.816   0.950846
10768.838   0.954294
10768.859   0.958396
10768.881   0.962772
10768.902   0.967283
10768.924   0.971969
10768.945   0.976700
10768.967   0.981146
10768.988   0.984809
10769.010   0.987366
10769.031   0.988751
10769.053   0.989197
10769.074   0.989039
10769.096   0.988626
10769.117   0.988247
10769.139   0.988170
10769.160   0.988584
10769.182   0.989528
10769.203   0.990839
10769.225   0.992207
10769.246   0.993314
10769.268   0.993971
10769.289   0.994203
10769.311   0.994211
10769.332   0.994252
10769.353   0.994506
10769.375   0.995014
10769.396   0.995663
10769.418   0.996235
10769.439   0.996528
10769.461   0.996457
10769.482   0.996119
10769.504   0.995719
10769.525   0.995412
10769.547   0.995219
10769.568   0.994998
10769.590   0.994638
10769.611   0.994133
10769.633   0.993693
10769.654   0.993556
10769.676   0.993883
10769.697   0.994560
10769.719   0.995310
10769.740   0.995799
10769.762   0.995907
10769.783   0.995718
10769.805   0.995504
10769.826   0.995491
10769.848   0.995791
10769.869   0.996302
10769.891   0.996835
10769.912   0.997182
10769.934   0.997252
10769.955   0.997058
10769.977   0.996723
10769.998   0.996382
10770.020   0.996164
10770.041   0.996118
10770.063   0.996258
10770.084   0.996540
10770.105   0.996945
10770.127   0.997413
10770.148   0.997898
10770.170   0.998300
10770.191   0.998557
10770.213   0.998615
10770.234   0.998511
10770.256   0.998313
10770.277   0.998159
10770.299   0.998138
10770.320   0.998268
10770.342   0.998441
10770.363   0.998523
10770.385   0.998467
10770.406   0.998356
10770.428   0.998393
10770.449   0.998720
10770.471   0.999408
10770.492   1.000337
10770.514   1.001361
10770.535   1.002273
10770.557   1.002960
10770.578   1.003353
10770.600   1.003514
10770.621   1.003560
10770.643   1.003656
10770.664   1.003895
10770.686   1.004259
10770.707   1.004622
10770.729   1.004799
10770.750   1.004652
10770.772   1.004128
10770.793   1.003309
10770.815   1.002348
10770.836   1.001474
10770.857   1.000923
10770.879   1.000900
10770.900   1.001461
10770.922   1.002435
10770.943   1.003412
10770.965   1.003905
10770.986   1.003594
10771.008   1.002481
10771.029   1.000901
10771.051   0.999344
10771.072   0.998242
10771.094   0.997803
10771.115   0.998001
10771.137   0.998574
10771.158   0.999143
10771.180   0.999273
10771.201   0.998657
10771.223   0.997207
10771.244   0.995181
10771.266   0.993084
10771.287   0.991452
10771.309   0.990534
10771.330   0.990153
10771.352   0.989835
10771.373   0.989125
10771.395   0.987845
10771.416   0.986095
10771.438   0.984012
10771.459   0.981478
10771.481   0.978012
10771.502   0.972890
10771.524   0.965470
10771.545   0.955367
10771.567   0.942678
10771.588   0.928023
10771.609   0.912706
10771.631   0.898517
10771.652   0.887472
10771.674   0.881176
10771.695   0.880278
10771.717   0.884038
10771.738   0.890518
10771.760   0.896982
10771.781   0.900551
10771.803   0.898718
10771.824   0.889731
10771.846   0.872831
10771.867   0.848480
10771.889   0.818542
10771.910   0.786464
10771.932   0.756739
10771.953   0.734355
10771.975   0.723196
10771.996   0.725329
10772.018   0.740070
10772.039   0.764802
10772.061   0.795435
10772.082   0.827798
10772.104   0.858321
10772.125   0.884730
10772.147   0.906043
10772.168   0.922457
10772.190   0.934929
10772.211   0.944689
10772.233   0.952760
10772.254   0.959736
10772.276   0.965770
10772.297   0.970803
10772.319   0.974722
10772.340   0.977549
10772.361   0.979376
10772.383   0.980342
10772.404   0.980601
10772.426   0.980378
10772.447   0.979994
10772.469   0.979790
10772.490   0.980027
10772.512   0.980736
10772.533   0.981719
10772.555   0.982595
10772.576   0.982957
10772.598   0.982462
10772.619   0.980903
10772.641   0.978211
10772.662   0.974332
10772.684   0.969087
10772.705   0.961927
10772.727   0.952122
10772.748   0.939002
10772.770   0.922646
10772.791   0.904152
10772.813   0.885750
10772.834   0.870182
10772.856   0.859996
10772.877   0.856849
10772.899   0.861122
10772.920   0.871911
10772.942   0.887246
10772.963   0.904747
10772.985   0.922138
10773.006   0.937833
10773.028   0.951040
10773.049   0.961732
10773.070   0.970151
10773.092   0.976619
10773.113   0.981389
10773.135   0.984759
10773.156   0.987141
10773.178   0.989013
10773.199   0.990837
10773.221   0.992852
10773.242   0.995078
10773.264   0.997303
10773.285   0.999309
10773.307   1.000914
10773.328   1.002067
10773.350   1.002735
10773.371   1.002937
10773.393   1.002724
10773.414   1.002271
10773.436   1.001808
10773.457   1.001526
10773.479   1.001410
10773.500   1.001263
10773.522   1.000859
10773.543   1.000175
10773.565   0.999463
10773.586   0.999044
10773.608   0.999055
10773.629   0.999273
10773.651   0.999346
10773.672   0.999068
10773.694   0.998565
10773.715   0.998154
10773.737   0.998063
10773.758   0.998278
10773.780   0.998557
10773.801   0.998696
10773.822   0.998629
10773.844   0.998506
10773.865   0.998473
10773.887   0.998612
10773.908   0.998883
10773.930   0.999292
10773.951   0.999859
10773.973   1.000622
10773.994   1.001450
10774.016   1.002110
10774.037   1.002297
10774.059   1.001900
10774.080   1.000999
10774.102   0.999927
10774.123   0.999019
10774.145   0.998562
10774.166   0.998606
10774.188   0.999094
10774.209   0.999784
10774.231   1.000451
10774.252   1.000770
10774.274   1.000541
10774.295   0.999650
10774.317   0.998332
10774.338   0.996987
10774.360   0.996135
10774.381   0.995983
10774.403   0.996419
10774.424   0.996964
10774.446   0.997236
10774.467   0.997089
10774.489   0.996795
10774.510   0.996664
10774.532   0.996888
10774.553   0.997262
10774.574   0.997470
10774.596   0.997204
10774.617   0.996508
10774.639   0.995598
10774.660   0.994823
10774.682   0.994306
10774.703   0.994024
10774.725   0.993753
10774.746   0.993338
10774.768   0.992679
10774.789   0.991877
10774.811   0.991098
10774.832   0.990577
10774.854   0.990431
10774.875   0.990640
10774.897   0.991047
10774.918   0.991514
10774.940   0.991997
10774.961   0.992516
10774.983   0.993051
10775.004   0.993420
10775.026   0.993392
10775.047   0.992798
10775.069   0.991742
10775.090   0.990518
10775.112   0.989491
10775.133   0.988851
10775.155   0.988664
10775.176   0.988937
10775.198   0.989753
10775.219   0.991195
10775.241   0.993180
10775.262   0.995314
10775.284   0.996942
10775.305   0.997432
10775.326   0.996514
10775.348   0.994525
10775.369   0.992255
10775.391   0.990622
10775.412   0.990144
10775.434   0.990785
10775.455   0.991981
10775.477   0.993108
10775.498   0.993770
10775.520   0.994008
10775.541   0.994067
10775.563   0.994180
10775.584   0.994336
10775.606   0.994375
10775.627   0.994159
10775.649   0.993705
10775.670   0.993144
10775.692   0.992603
10775.713   0.992142
10775.735   0.991756
10775.756   0.991492
10775.778   0.991414
10775.799   0.991605
10775.821   0.992034
10775.842   0.992594
10775.864   0.993096
10775.885   0.993361
10775.907   0.993282
10775.928   0.992829
10775.950   0.992096
10775.971   0.991182
10775.993   0.990238
10776.014   0.989354
10776.036   0.988698
10776.057   0.988389
10776.078   0.988576
10776.100   0.989248
10776.121   0.990297
10776.143   0.991437
10776.164   0.992379
10776.186   0.992901
10776.207   0.992961
10776.229   0.992691
10776.250   0.992327
10776.272   0.992074
10776.293   0.992004
10776.315   0.992050
10776.336   0.992062
10776.358   0.991920
10776.379   0.991611
10776.401   0.991224
10776.422   0.990908
10776.444   0.990782
10776.465   0.990943
10776.487   0.991411
10776.508   0.992099
10776.530   0.992791
10776.551   0.993215
10776.573   0.993223
10776.594   0.992896
10776.616   0.992538
10776.637   0.992448
10776.659   0.992739
10776.680   0.993249
10776.702   0.993692
10776.723   0.993834
10776.745   0.993628
10776.766   0.993172
10776.787   0.992632
10776.809   0.992170
10776.830   0.991999
10776.852   0.992327
10776.873   0.993267
10776.895   0.994635
10776.916   0.995978
10776.938   0.996781
10776.959   0.996840
10776.981   0.996415
10777.002   0.996038
10777.024   0.996130
10777.045   0.996675
10777.067   0.997282
10777.088   0.997459
10777.110   0.997031
10777.131   0.996231
10777.153   0.995538
10777.174   0.995337
10777.196   0.995681
10777.217   0.996324
10777.239   0.996859
10777.260   0.996977
10777.282   0.996569
10777.303   0.995810
10777.325   0.995023
10777.346   0.994535
10777.368   0.994448
10777.389   0.994631
10777.411   0.994823
10777.432   0.994915
10777.454   0.994943
10777.475   0.995064
10777.497   0.995279
10777.518   0.995481
10777.539   0.995477
10777.561   0.995230
10777.582   0.994854
10777.604   0.994540
10777.625   0.994378
10777.647   0.994307
10777.668   0.994221
10777.690   0.994137
10777.711   0.994251
10777.733   0.994786
10777.754   0.995759
10777.776   0.996855
10777.797   0.997562
10777.819   0.997510
10777.840   0.996743
10777.862   0.995739
10777.883   0.995122
10777.905   0.995254
10777.926   0.996013
10777.948   0.996886
10777.969   0.997393
10777.991   0.997365
10778.012   0.997040
10778.034   0.996727
10778.055   0.996602
10778.077   0.996566
10778.098   0.996466
10778.120   0.996242
10778.141   0.996028
10778.163   0.995993
10778.184   0.996190
10778.206   0.996431
10778.227   0.996396
10778.249   0.995782
10778.270   0.994556
10778.291   0.992985
10778.313   0.991569
10778.334   0.990729
10778.356   0.990661
10778.377   0.991247
10778.399   0.992265
10778.420   0.993441
10778.442   0.994593
10778.463   0.995518
10778.485   0.996088
10778.506   0.996158
10778.528   0.995731
10778.549   0.994885
10778.571   0.993830
10778.592   0.992765
10778.614   0.991883
10778.635   0.991338
10778.657   0.991211
10778.678   0.991514
10778.700   0.992045
10778.721   0.992463
10778.743   0.992300
10778.764   0.991361
10778.786   0.989798
10778.807   0.988177
10778.829   0.987021
10778.850   0.986531
10778.872   0.986414
10778.893   0.986129
10778.915   0.985197
10778.936   0.983344
10778.958   0.980471
10778.979   0.976515
10779.001   0.971477
10779.022   0.965481
10779.043   0.958927
10779.065   0.952476
10779.086   0.946925
10779.108   0.942992
10779.129   0.941091
10779.151   0.941281
10779.172   0.943317
10779.194   0.946823
10779.215   0.951343
10779.237   0.956456
10779.258   0.961753
10779.280   0.966911
10779.301   0.971674
10779.323   0.975871
10779.344   0.979342
10779.366   0.981960
10779.387   0.983622
10779.409   0.984446
10779.430   0.984763
10779.452   0.985135
10779.473   0.985998
10779.495   0.987450
10779.516   0.989082
10779.538   0.990363
10779.559   0.990982
10779.581   0.991152
10779.602   0.991354
10779.624   0.991962
10779.645   0.992843
10779.667   0.993551
10779.688   0.993664
10779.710   0.993234
10779.731   0.992693
10779.752   0.992555
10779.774   0.992991
10779.795   0.993802
10779.817   0.994644
10779.838   0.995315
10779.860   0.995780
10779.881   0.996047
10779.903   0.996018
10779.924   0.995603
10779.946   0.994846
10779.967   0.994057
10779.989   0.993558
10780.010   0.993478
10780.032   0.993653
10780.053   0.993828
10780.075   0.993932
10780.096   0.994125
10780.118   0.994650
10780.139   0.995448
10780.161   0.996167
10780.182   0.996323
10780.204   0.995813
10780.225   0.994993
10780.247   0.994515
10780.268   0.994761
10780.290   0.995600
10780.311   0.996515
10780.333   0.997098
10780.354   0.997347
10780.376   0.997562
10780.397   0.997937
10780.419   0.998296
10780.440   0.998206
10780.462   0.997399
10780.483   0.996046
10780.504   0.994759
10780.526   0.994154
10780.547   0.994539
10780.569   0.995670
10780.590   0.997051
10780.612   0.998107
10780.633   0.998599
10780.655   0.998523
10780.676   0.998143
10780.698   0.997651
10780.719   0.997220
10780.741   0.996872
10780.762   0.996673
10780.784   0.996641
10780.805   0.996796
10780.827   0.996992
10780.848   0.997059
10780.870   0.996787
10780.891   0.996142
10780.913   0.995176
10780.934   0.994100
10780.956   0.993183
10780.977   0.992774
10780.999   0.993065
10781.020   0.993988
10781.042   0.995147
10781.063   0.996051
10781.085   0.996455
10781.106   0.996460
10781.128   0.996440
10781.149   0.996596
10781.171   0.996824
10781.192   0.996676
10781.214   0.995811
10781.235   0.994226
10781.256   0.992402
10781.278   0.991016
10781.299   0.990548
10781.321   0.990987
10781.342   0.991735
10781.364   0.991947
10781.385   0.990950
10781.407   0.988707
10781.428   0.985721
10781.450   0.982687
10781.471   0.979949
10781.493   0.977404
10781.514   0.974782
10781.536   0.972167
10781.557   0.970124
10781.579   0.969412
10781.600   0.970391
10781.622   0.972712
10781.643   0.975446
10781.665   0.977650
10781.686   0.978781
10781.708   0.978840
10781.729   0.978085
10781.751   0.976701
10781.772   0.974499
10781.794   0.971088
10781.815   0.966156
10781.837   0.960002
10781.858   0.953569
10781.880   0.948265
10781.901   0.945314
10781.923   0.945376
10781.944   0.948253
10781.966   0.953051
10781.987   0.958574
10782.008   0.963776
10782.030   0.968236
10782.051   0.972072
10782.073   0.975724
10782.094   0.979341
10782.116   0.982723
10782.137   0.985373
10782.159   0.987066
10782.180   0.987967
10782.202   0.988623
10782.223   0.989527
10782.245   0.990820
10782.266   0.992275
10782.288   0.993463
10782.309   0.994180
10782.331   0.994424
10782.352   0.994490
10782.374   0.994574
10782.395   0.994818
10782.417   0.995130
10782.438   0.995465
10782.460   0.995745
10782.481   0.996064
10782.503   0.996479
10782.524   0.997164
10782.546   0.998039
10782.567   0.998864
10782.589   0.998937
10782.610   0.997750
10782.632   0.995240
10782.653   0.992389
10782.675   0.990504
10782.696   0.990592
10782.718   0.992425
10782.739   0.994878
10782.760   0.996593
10782.782   0.996972
10782.803   0.996346
10782.825   0.995570
10782.846   0.995369
10782.868   0.995887
10782.889   0.996738
10782.911   0.997236
10782.932   0.996911
10782.954   0.995683
10782.975   0.994037
10782.997   0.992602
10783.018   0.991868
10783.040   0.991834
10783.061   0.992226
10783.083   0.992755
10783.104   0.993371
10783.126   0.994188
10783.147   0.995214
10783.169   0.996209
10783.190   0.996700
10783.212   0.996338
10783.233   0.995175
10783.255   0.993805
10783.276   0.993084
10783.298   0.993523
10783.319   0.994908
10783.341   0.996308
10783.362   0.996787
10783.384   0.995889
10783.405   0.994011
10783.427   0.991932
10783.448   0.990484
10783.469   0.989965
10783.491   0.990259
10783.512   0.990867
10783.534   0.991388
10783.555   0.991617
10783.577   0.991642
10783.598   0.991550
10783.620   0.991345
10783.641   0.990972
10783.663   0.990503
10783.684   0.990177
10783.706   0.990243
10783.727   0.990694
10783.749   0.991253
10783.770   0.991496
10783.792   0.991225
10783.813   0.990540
10783.835   0.989823
10783.856   0.989386
10783.878   0.989352
10783.899   0.989577
10783.921   0.989874
10783.942   0.990107
10783.964   0.990294
10783.985   0.990509
10784.007   0.990834
10784.028   0.991265
10784.050   0.991723
10784.071   0.992044
10784.093   0.992060
10784.114   0.991705
10784.136   0.991024
10784.157   0.990212
10784.179   0.989416
10784.200   0.988763
10784.221   0.988220
10784.243   0.987837
10784.264   0.987666
10784.286   0.987873
10784.307   0.988476
10784.329   0.989364
10784.350   0.990169
10784.372   0.990526
10784.393   0.990199
10784.415   0.989353
10784.436   0.988434
10784.458   0.988013
10784.479   0.988420
10784.501   0.989608
10784.522   0.991209
10784.544   0.992862
10784.565   0.994335
10784.587   0.995560
10784.608   0.996395
10784.630   0.996729
10784.651   0.996512
10784.673   0.996009
10784.694   0.995532
10784.716   0.995229
10784.737   0.994932
10784.759   0.994424
10784.780   0.993717
10784.802   0.993143
10784.823   0.993090
10784.845   0.993700
10784.866   0.994743
10784.888   0.995806
10784.909   0.996532
10784.931   0.996795
10784.952   0.996583
10784.973   0.995916
10784.995   0.994823
10785.016   0.993425
10785.038   0.992001
10785.059   0.990846
10785.081   0.990122
10785.102   0.989729
10785.124   0.989408
10785.145   0.988924
10785.167   0.988271
10785.188   0.987651
10785.210   0.987334
10785.231   0.987432
10785.253   0.987822
10785.274   0.988142
10785.296   0.988091
10785.317   0.987503
10785.339   0.986574
10785.360   0.985649
10785.382   0.985238
10785.403   0.985628
10785.425   0.986794
10785.446   0.988231
10785.468   0.989221
10785.489   0.989300
10785.511   0.988524
10785.532   0.987516
10785.554   0.986847
10785.575   0.986762
10785.597   0.986903
10785.618   0.986856
10785.640   0.986407
10785.661   0.985818
10785.683   0.985443
10785.704   0.985465
10785.725   0.985663
10785.747   0.985705
10785.768   0.985492
10785.790   0.985283
10785.811   0.985503
10785.833   0.986324
10785.854   0.987548
10785.876   0.988666
10785.897   0.989294
10785.919   0.989281
10785.940   0.988803
10785.962   0.988104
10785.983   0.987497
10786.005   0.987157
10786.026   0.987175
10786.048   0.987407
10786.069   0.987653
10786.091   0.987730
10786.112   0.987690
10786.134   0.987706
10786.155   0.987953
10786.177   0.988440
10786.198   0.989161
10786.220   0.990151
10786.241   0.991516
10786.263   0.993116
10786.284   0.994534
10786.306   0.995211
10786.327   0.994959
10786.349   0.994106
10786.370   0.993323
10786.392   0.993073
10786.413   0.993291
10786.435   0.993555
10786.456   0.993455
10786.477   0.992953
10786.499   0.992282
10786.520   0.991671
10786.542   0.991154
10786.563   0.990640
10786.585   0.990142
10786.606   0.989814
10786.628   0.989881
10786.649   0.990416
10786.671   0.991329
10786.692   0.992397
10786.714   0.993399
10786.735   0.994097
10786.757   0.994301
10786.778   0.993868
10786.800   0.992844
10786.821   0.991479
10786.843   0.990180
10786.864   0.989320
10786.886   0.989033
10786.907   0.989228
10786.929   0.989659
10786.950   0.990172
10786.972   0.990661
10786.993   0.991092
10787.015   0.991278
10787.036   0.991051
10787.058   0.990303
10787.079   0.989274
10787.101   0.988419
10787.122   0.988216
10787.144   0.988788
10787.165   0.989744
10787.186   0.990454
10787.208   0.990395
10787.229   0.989680
10787.251   0.988805
10787.272   0.988438
10787.294   0.988659
10787.315   0.989124
10787.337   0.989170
10787.358   0.988570
10787.380   0.987554
10787.401   0.986750
10787.423   0.986540
10787.444   0.986981
10787.466   0.987758
10787.487   0.988633
10787.509   0.989341
10787.530   0.989746
10787.552   0.989624
10787.573   0.989022
10787.595   0.988106
10787.616   0.987289
10787.638   0.986820
10787.659   0.986761
10787.681   0.986883
10787.702   0.986920
10787.724   0.986755
10787.745   0.986464
10787.767   0.986232
10787.788   0.986066
10787.810   0.985850
10787.831   0.985357
10787.853   0.984659
10787.874   0.984036
10787.896   0.983885
10787.917   0.984227
10787.938   0.984724
10787.960   0.984869
10787.981   0.984476
10788.003   0.983823
10788.024   0.983412
10788.046   0.983570
10788.067   0.984182
10788.089   0.984882
10788.110   0.985348
10788.132   0.985565
10788.153   0.985830
10788.175   0.986462
10788.196   0.987617
10788.218   0.989079
10788.239   0.990567
10788.261   0.991761
10788.282   0.992588
10788.304   0.993000
10788.325   0.993069
10788.347   0.992751
10788.368   0.992137
10788.390   0.991407
10788.411   0.990937
10788.433   0.990960
10788.454   0.991404
10788.476   0.991873
10788.497   0.991960
10788.519   0.991592
10788.540   0.991075
10788.562   0.990868
10788.583   0.991218
10788.605   0.992003
10788.626   0.992950
10788.648   0.993896
10788.669   0.994915
10788.690   0.995975
10788.712   0.996788
10788.733   0.996850
10788.755   0.995912
10788.776   0.994306
10788.798   0.992784
10788.819   0.992025
10788.841   0.992130
10788.862   0.992686
10788.884   0.993134
10788.905   0.993195
10788.927   0.992925
10788.948   0.992566
10788.970   0.992391
10788.991   0.992587
10789.013   0.993204
10789.034   0.994057
10789.056   0.994746
10789.077   0.994870
10789.099   0.994308
10789.120   0.993420
10789.142   0.992864
10789.163   0.993163
10789.185   0.994275
10789.206   0.995629
10789.228   0.996519
10789.249   0.996579
10789.271   0.995941
10789.292   0.995044
10789.314   0.994253
10789.335   0.993734
10789.357   0.993477
10789.378   0.993504
10789.400   0.993806
10789.421   0.994282
10789.442   0.994645
10789.464   0.994533
10789.485   0.993793
10789.507   0.992578
10789.528   0.991359
10789.550   0.990585
10789.571   0.990495
10789.593   0.991018
10789.614   0.991927
10789.636   0.993029
10789.657   0.994052
10789.679   0.994701
10789.700   0.994602
10789.722   0.993703
10789.743   0.992322
10789.765   0.991101
10789.786   0.990498
10789.808   0.990548
10789.829   0.990944
10789.851   0.991304
10789.872   0.991382
10789.894   0.990938
10789.915   0.989813
10789.937   0.988153
10789.958   0.986540
10789.980   0.985890
10790.001   0.986725
10790.023   0.988938
10790.044   0.991697
