10169.212   0.988187
10169.231   0.987615
10169.250   0.987212
10169.269   0.987122
10169.288   0.987481
10169.307   0.988382
10169.326   0.989761
10169.345   0.991392
10169.363   0.992894
10169.382   0.993900
10169.401   0.994165
10169.420   0.993716
10169.439   0.992791
10169.458   0.991761
10169.477   0.990981
10169.496   0.990687
10169.515   0.990931
10169.533   0.991598
10169.552   0.992469
10169.571   0.993290
10169.590   0.993844
10169.609   0.993981
10169.628   0.993674
10169.647   0.993025
10169.666   0.992236
10169.684   0.991556
10169.703   0.991199
10169.722   0.991283
10169.741   0.991762
10169.760   0.992460
10169.779   0.993101
10169.798   0.993435
10169.817   0.993308
10169.836   0.992726
10169.854   0.991832
10169.873   0.990847
10169.892   0.990010
10169.911   0.989512
10169.930   0.989462
10169.949   0.989872
10169.968   0.990677
10169.987   0.991727
10170.005   0.992787
10170.024   0.993582
10170.043   0.993856
10170.062   0.993485
10170.081   0.992545
10170.100   0.991307
10170.119   0.990159
10170.138   0.989442
10170.157   0.989382
10170.175   0.989950
10170.194   0.990958
10170.213   0.992102
10170.232   0.993143
10170.251   0.993905
10170.270   0.994337
10170.289   0.994449
10170.308   0.994289
10170.326   0.993925
10170.345   0.993397
10170.364   0.992761
10170.383   0.992038
10170.402   0.991300
10170.421   0.990601
10170.440   0.990062
10170.459   0.989795
10170.477   0.989912
10170.496   0.990424
10170.515   0.991224
10170.534   0.992066
10170.553   0.992658
10170.572   0.992754
10170.591   0.992284
10170.610   0.991381
10170.629   0.990371
10170.647   0.989630
10170.666   0.989471
10170.685   0.989982
10170.704   0.991014
10170.723   0.992221
10170.742   0.993208
10170.761   0.993669
10170.780   0.993500
10170.798   0.992844
10170.817   0.992018
10170.836   0.991401
10170.855   0.991287
10170.874   0.991797
10170.893   0.992846
10170.912   0.994146
10170.931   0.995322
10170.950   0.996008
10170.968   0.996003
10170.987   0.995304
10171.006   0.994135
10171.025   0.992827
10171.044   0.991728
10171.063   0.991084
10171.082   0.990975
10171.101   0.991342
10171.119   0.991992
10171.138   0.992698
10171.157   0.993207
10171.176   0.993391
10171.195   0.993209
10171.214   0.992798
10171.233   0.992348
10171.252   0.992043
10171.270   0.991968
10171.289   0.992055
10171.308   0.992194
10171.327   0.992243
10171.346   0.992234
10171.365   0.992279
10171.384   0.992619
10171.403   0.993377
10171.422   0.994550
10171.440   0.995868
10171.459   0.996972
10171.478   0.997504
10171.497   0.997294
10171.516   0.996408
10171.535   0.995143
10171.554   0.993881
10171.573   0.992917
10171.591   0.992379
10171.610   0.992147
10171.629   0.991992
10171.648   0.991666
10171.667   0.991081
10171.686   0.990303
10171.705   0.989575
10171.724   0.989170
10171.743   0.989301
10171.761   0.990013
10171.780   0.991204
10171.799   0.992645
10171.818   0.994061
10171.837   0.995154
10171.856   0.995642
10171.875   0.995277
10171.894   0.993913
10171.912   0.991556
10171.931   0.988370
10171.950   0.984642
10171.969   0.980680
10171.988   0.976734
10172.007   0.972931
10172.026   0.969370
10172.045   0.966176
10172.064   0.963572
10172.082   0.961824
10172.101   0.961166
10172.120   0.961696
10172.139   0.963352
10172.158   0.965937
10172.177   0.969196
10172.196   0.972884
10172.215   0.976737
10172.233   0.980489
10172.252   0.983834
10172.271   0.986511
10172.290   0.988356
10172.309   0.989386
10172.328   0.989836
10172.347   0.990081
10172.366   0.990510
10172.384   0.991340
10172.403   0.992580
10172.422   0.993975
10172.441   0.995177
10172.460   0.995846
10172.479   0.995854
10172.498   0.995294
10172.517   0.994492
10172.536   0.993827
10172.554   0.993618
10172.573   0.993946
10172.592   0.994663
10172.611   0.995424
10172.630   0.995893
10172.649   0.995880
10172.668   0.995452
10172.687   0.994867
10172.705   0.994431
10172.724   0.994365
10172.743   0.994687
10172.762   0.995270
10172.781   0.995869
10172.800   0.996315
10172.819   0.996503
10172.838   0.996524
10172.857   0.996499
10172.875   0.996570
10172.894   0.996780
10172.913   0.997126
10172.932   0.997545
10172.951   0.997975
10172.970   0.998361
10172.989   0.998644
10173.008   0.998791
10173.026   0.998756
10173.045   0.998546
10173.064   0.998161
10173.083   0.997683
10173.102   0.997190
10173.121   0.996803
10173.140   0.996597
10173.159   0.996586
10173.178   0.996685
10173.196   0.996753
10173.215   0.996643
10173.234   0.996241
10173.253   0.995530
10173.272   0.994594
10173.291   0.993604
10173.310   0.992755
10173.329   0.992197
10173.347   0.992013
10173.366   0.992181
10173.385   0.992596
10173.404   0.993076
10173.423   0.993432
10173.442   0.993500
10173.461   0.993223
10173.480   0.992665
10173.498   0.992029
10173.517   0.991560
10173.536   0.991472
10173.555   0.991821
10173.574   0.992508
10173.593   0.993297
10173.612   0.993916
10173.631   0.994157
10173.650   0.993960
10173.668   0.993431
10173.687   0.992778
10173.706   0.992221
10173.725   0.991884
10173.744   0.991771
10173.763   0.991787
10173.782   0.991811
10173.801   0.991767
10173.819   0.991681
10173.838   0.991657
10173.857   0.991830
10173.876   0.992258
10173.895   0.992903
10173.914   0.993620
10173.933   0.994245
10173.952   0.994644
10173.971   0.994766
10173.989   0.994621
10174.008   0.994268
10174.027   0.993754
10174.046   0.993122
10174.065   0.992409
10174.084   0.991684
10174.103   0.991026
10174.122   0.990519
10174.140   0.990213
10174.159   0.990110
10174.178   0.990168
10174.197   0.990306
10174.216   0.990464
10174.235   0.990579
10174.254   0.990637
10174.273   0.990623
10174.291   0.990542
10174.310   0.990381
10174.329   0.990145
10174.348   0.989859
10174.367   0.989574
10174.386   0.989381
10174.405   0.989347
10174.424   0.989518
10174.443   0.989841
10174.461   0.990212
10174.480   0.990435
10174.499   0.990371
10174.518   0.989923
10174.537   0.989151
10174.556   0.988206
10174.575   0.987309
10174.594   0.986643
10174.612   0.986303
10174.631   0.986272
10174.650   0.986444
10174.669   0.986691
10174.688   0.986899
10174.707   0.986999
10174.726   0.986928
10174.745   0.986648
10174.764   0.986164
10174.782   0.985561
10174.801   0.985022
10174.820   0.984766
10174.839   0.984972
10174.858   0.985683
10174.877   0.986791
10174.896   0.988045
10174.915   0.989170
10174.933   0.989982
10174.952   0.990444
10174.971   0.990664
10174.990   0.990797
10175.009   0.990990
10175.028   0.991327
10175.047   0.991845
10175.066   0.992571
10175.085   0.993506
10175.103   0.994643
10175.122   0.995853
10175.141   0.996925
10175.160   0.997532
10175.179   0.997412
10175.198   0.996460
10175.217   0.994847
10175.236   0.992954
10175.254   0.991257
10175.273   0.990152
10175.292   0.989799
10175.311   0.990129
10175.330   0.990887
10175.349   0.991795
10175.368   0.992630
10175.387   0.993289
10175.405   0.993738
10175.424   0.993980
10175.443   0.994039
10175.462   0.993947
10175.481   0.993777
10175.500   0.993605
10175.519   0.993507
10175.538   0.993518
10175.557   0.993641
10175.575   0.993854
10175.594   0.994133
10175.613   0.994443
10175.632   0.994703
10175.651   0.994792
10175.670   0.994573
10175.689   0.993978
10175.708   0.993061
10175.726   0.992006
10175.745   0.991090
10175.764   0.990547
10175.783   0.990506
10175.802   0.990917
10175.821   0.991596
10175.840   0.992290
10175.859   0.992775
10175.878   0.992935
10175.896   0.992763
10175.915   0.992365
10175.934   0.991882
10175.953   0.991463
10175.972   0.991209
10175.991   0.991152
10176.010   0.991217
10176.029   0.991292
10176.047   0.991264
10176.066   0.991112
10176.085   0.990890
10176.104   0.990729
10176.123   0.990731
10176.142   0.990944
10176.161   0.991336
10176.180   0.991826
10176.199   0.992342
10176.217   0.992823
10176.236   0.993247
10176.255   0.993567
10176.274   0.993721
10176.293   0.993614
10176.312   0.993180
10176.331   0.992429
10176.350   0.991444
10176.368   0.990371
10176.387   0.989353
10176.406   0.988504
10176.425   0.987866
10176.444   0.987446
10176.463   0.987258
10176.482   0.987326
10176.501   0.987687
10176.519   0.988335
10176.538   0.989209
10176.557   0.990158
10176.576   0.991030
10176.595   0.991693
10176.614   0.992117
10176.633   0.992345
10176.652   0.992482
10176.671   0.992608
10176.689   0.992765
10176.708   0.992934
10176.727   0.993070
10176.746   0.993122
10176.765   0.993044
10176.784   0.992825
10176.803   0.992458
10176.822   0.991972
10176.840   0.991403
10176.859   0.990834
10176.878   0.990362
10176.897   0.990106
10176.916   0.990132
10176.935   0.990445
10176.954   0.990955
10176.973   0.991507
10176.992   0.991925
10177.010   0.992077
10177.029   0.991921
10177.048   0.991521
10177.067   0.991008
10177.086   0.990529
10177.105   0.990204
10177.124   0.990107
10177.143   0.990281
10177.161   0.990714
10177.180   0.991368
10177.199   0.992131
10177.218   0.992864
10177.237   0.993423
10177.256   0.993743
10177.275   0.993854
10177.294   0.993899
10177.312   0.994046
10177.331   0.994414
10177.350   0.995021
10177.369   0.995775
10177.388   0.996518
10177.407   0.997086
10177.426   0.997380
10177.445   0.997392
10177.464   0.997177
10177.482   0.996827
10177.501   0.996403
10177.520   0.995945
10177.539   0.995446
10177.558   0.994914
10177.577   0.994344
10177.596   0.993784
10177.615   0.993277
10177.633   0.992894
10177.652   0.992680
10177.671   0.992669
10177.690   0.992849
10177.709   0.993190
10177.728   0.993626
10177.747   0.994055
10177.766   0.994363
10177.785   0.994451
10177.803   0.994268
10177.822   0.993863
10177.841   0.993383
10177.860   0.993022
10177.879   0.992936
10177.898   0.993161
10177.917   0.993581
10177.936   0.993968
10177.954   0.994096
10177.973   0.993839
10177.992   0.993217
10178.011   0.992390
10178.030   0.991560
10178.049   0.990937
10178.068   0.990649
10178.087   0.990783
10178.106   0.991334
10178.124   0.992261
10178.143   0.993430
10178.162   0.994646
10178.181   0.995658
10178.200   0.996266
10178.219   0.996374
10178.238   0.996049
10178.257   0.995457
10178.275   0.994796
10178.294   0.994203
10178.313   0.993732
10178.332   0.993373
10178.351   0.993108
10178.370   0.992940
10178.389   0.992899
10178.408   0.993014
10178.426   0.993307
10178.445   0.993751
10178.464   0.994275
10178.483   0.994766
10178.502   0.995099
10178.521   0.995195
10178.540   0.995045
10178.559   0.994737
10178.578   0.994408
10178.596   0.994186
10178.615   0.994149
10178.634   0.994286
10178.653   0.994544
10178.672   0.994819
10178.691   0.995034
10178.710   0.995117
10178.729   0.995043
10178.747   0.994810
10178.766   0.994452
10178.785   0.994037
10178.804   0.993614
10178.823   0.993249
10178.842   0.992952
10178.861   0.992746
10178.880   0.992613
10178.899   0.992581
10178.917   0.992628
10178.936   0.992737
10178.955   0.992831
10178.974   0.992845
10178.993   0.992729
10179.012   0.992501
10179.031   0.992240
10179.050   0.992065
10179.068   0.992091
10179.087   0.992356
10179.106   0.992804
10179.125   0.993296
10179.144   0.993683
10179.163   0.993848
10179.182   0.993786
10179.201   0.993578
10179.219   0.993391
10179.238   0.993396
10179.257   0.993724
10179.276   0.994376
10179.295   0.995227
10179.314   0.996041
10179.333   0.996557
10179.352   0.996589
10179.371   0.996093
10179.389   0.995198
10179.408   0.994144
10179.427   0.993215
10179.446   0.992649
10179.465   0.992595
10179.484   0.993078
10179.503   0.994017
10179.522   0.995242
10179.540   0.996520
10179.559   0.997608
10179.578   0.998296
10179.597   0.998458
10179.616   0.998083
10179.635   0.997267
10179.654   0.996184
10179.673   0.995012
10179.692   0.993927
10179.710   0.993065
10179.729   0.992552
10179.748   0.992453
10179.767   0.992754
10179.786   0.993320
10179.805   0.993904
10179.824   0.994242
10179.843   0.994167
10179.861   0.993685
10179.880   0.992963
10179.899   0.992271
10179.918   0.991844
10179.937   0.991824
10179.956   0.992206
10179.975   0.992892
10179.994   0.993727
10180.013   0.994548
10180.031   0.995218
10180.050   0.995641
10180.069   0.995800
10180.088   0.995725
10180.107   0.995494
10180.126   0.995164
10180.145   0.994755
10180.164   0.994265
10180.182   0.993686
10180.201   0.993076
10180.220   0.992539
10180.239   0.992255
10180.258   0.992358
10180.277   0.992905
10180.296   0.993814
10180.315   0.994888
10180.333   0.995896
10180.352   0.996665
10180.371   0.997118
10180.390   0.997277
10180.409   0.997202
10180.428   0.996981
10180.447   0.996629
10180.466   0.996149
10180.485   0.995485
10180.503   0.994648
10180.522   0.993680
10180.541   0.992723
10180.560   0.991952
10180.579   0.991530
10180.598   0.991561
10180.617   0.992045
10180.636   0.992906
10180.654   0.993970
10180.673   0.995045
10180.692   0.995900
10180.711   0.996357
10180.730   0.996329
10180.749   0.995896
10180.768   0.995273
10180.787   0.994740
10180.806   0.994521
10180.824   0.994682
10180.843   0.995119
10180.862   0.995621
10180.881   0.995965
10180.900   0.996006
10180.919   0.995676
10180.938   0.995016
10180.957   0.994100
10180.975   0.993080
10180.994   0.992105
10181.013   0.991361
10181.032   0.990974
10181.051   0.991007
10181.070   0.991397
10181.089   0.991973
10181.108   0.992497
10181.127   0.992748
10181.145   0.992594
10181.164   0.992051
10181.183   0.991272
10181.202   0.990484
10181.221   0.989895
10181.240   0.989612
10181.259   0.989604
10181.278   0.989732
10181.296   0.989835
10181.315   0.989799
10181.334   0.989613
10181.353   0.989344
10181.372   0.989089
10181.391   0.988894
10181.410   0.988742
10181.429   0.988592
10181.447   0.988414
10181.466   0.988254
10181.485   0.988189
10181.504   0.988324
10181.523   0.988675
10181.542   0.989226
10181.561   0.989873
10181.580   0.990517
10181.599   0.991049
10181.617   0.991401
10181.636   0.991552
10181.655   0.991505
10181.674   0.991323
10181.693   0.991066
10181.712   0.990823
10181.731   0.990648
10181.750   0.990571
10181.768   0.990563
10181.787   0.990576
10181.806   0.990575
10181.825   0.990582
10181.844   0.990666
10181.863   0.990898
10181.882   0.991267
10181.901   0.991658
10181.920   0.991903
10181.938   0.991854
10181.957   0.991502
10181.976   0.990944
10181.995   0.990394
10182.014   0.990001
10182.033   0.989867
10182.052   0.989933
10182.071   0.990132
10182.089   0.990361
10182.108   0.990596
10182.127   0.990846
10182.146   0.991156
10182.165   0.991590
10182.184   0.992119
10182.203   0.992719
10182.222   0.993231
10182.240   0.993576
10182.259   0.993640
10182.278   0.993475
10182.297   0.993134
10182.316   0.992773
10182.335   0.992483
10182.354   0.992333
10182.373   0.992295
10182.392   0.992308
10182.410   0.992306
10182.429   0.992246
10182.448   0.992139
10182.467   0.991986
10182.486   0.991793
10182.505   0.991519
10182.524   0.991166
10182.543   0.990745
10182.561   0.990365
10182.580   0.990156
10182.599   0.990283
10182.618   0.990826
10182.637   0.991780
10182.656   0.992989
10182.675   0.994203
10182.694   0.995124
10182.713   0.995511
10182.731   0.995248
10182.750   0.994404
10182.769   0.993216
10182.788   0.992012
10182.807   0.991057
10182.826   0.990462
10182.845   0.990109
10182.864   0.989721
10182.882   0.988989
10182.901   0.987745
10182.920   0.986127
10182.939   0.984516
10182.958   0.983480
10182.977   0.983407
10182.996   0.984418
10183.015   0.986104
10183.034   0.987874
10183.052   0.989074
10183.071   0.989442
10183.090   0.989091
10183.109   0.988526
10183.128   0.988293
10183.147   0.988742
10183.166   0.989842
10183.185   0.991250
10183.203   0.992540
10183.222   0.993362
10183.241   0.993617
10183.260   0.993343
10183.279   0.992711
10183.298   0.991868
10183.317   0.990972
10183.336   0.990122
10183.354   0.989430
10183.373   0.988960
10183.392   0.988756
10183.411   0.988791
10183.430   0.988999
10183.449   0.989254
10183.468   0.989418
10183.487   0.989306
10183.506   0.988746
10183.524   0.987616
10183.543   0.985973
10183.562   0.984105
10183.581   0.982507
10183.600   0.981716
10183.619   0.982090
10183.638   0.983628
10183.657   0.985932
10183.675   0.988369
10183.694   0.990329
10183.713   0.991489
10183.732   0.991892
10183.751   0.991876
10183.770   0.991844
10183.789   0.992086
10183.808   0.992682
10183.827   0.993547
10183.845   0.994523
10183.864   0.995465
10183.883   0.996278
10183.902   0.996900
10183.921   0.997293
10183.940   0.997432
10183.959   0.997332
10183.978   0.997055
10183.996   0.996712
10184.015   0.996405
10184.034   0.996218
10184.053   0.996164
10184.072   0.996238
10184.091   0.996406
10184.110   0.996642
10184.129   0.996908
10184.148   0.997171
10184.166   0.997418
10184.185   0.997647
10184.204   0.997893
10184.223   0.998173
10184.242   0.998483
10184.261   0.998752
10184.280   0.998896
10184.299   0.998862
10184.317   0.998666
10184.336   0.998408
10184.355   0.998199
10184.374   0.998122
10184.393   0.998144
10184.412   0.998144
10184.431   0.997959
10184.450   0.997458
10184.468   0.996616
10184.487   0.995536
10184.506   0.994446
10184.525   0.993598
10184.544   0.993220
10184.563   0.993385
10184.582   0.994020
10184.601   0.994873
10184.620   0.995684
10184.638   0.996209
10184.657   0.996365
10184.676   0.996177
10184.695   0.995783
10184.714   0.995330
10184.733   0.994939
10184.752   0.994672
10184.771   0.994510
10184.789   0.994415
10184.808   0.994313
10184.827   0.994167
10184.846   0.993962
10184.865   0.993760
10184.884   0.993637
10184.903   0.993671
10184.922   0.993867
10184.941   0.994156
10184.959   0.994406
10184.978   0.994486
10184.997   0.994324
10185.016   0.993917
10185.035   0.993344
10185.054   0.992706
10185.073   0.992118
10185.092   0.991667
10185.110   0.991408
10185.129   0.991364
10185.148   0.991520
10185.167   0.991864
10185.186   0.992394
10185.205   0.993107
10185.224   0.993965
10185.243   0.994847
10185.261   0.995575
10185.280   0.995940
10185.299   0.995839
10185.318   0.995304
10185.337   0.994535
10185.356   0.993806
10185.375   0.993338
10185.394   0.993234
10185.413   0.993437
10185.431   0.993803
10185.450   0.994142
10185.469   0.994298
10185.488   0.994180
10185.507   0.993808
10185.526   0.993283
10185.545   0.992765
10185.564   0.992382
10185.582   0.992213
10185.601   0.992249
10185.620   0.992436
10185.639   0.992673
10185.658   0.992878
10185.677   0.992972
10185.696   0.992902
10185.715   0.992637
10185.734   0.992191
10185.752   0.991624
10185.771   0.991043
10185.790   0.990573
10185.809   0.990320
10185.828   0.990322
10185.847   0.990541
10185.866   0.990858
10185.885   0.991138
10185.903   0.991255
10185.922   0.991177
10185.941   0.990946
10185.960   0.990690
10185.979   0.990539
10185.998   0.990595
10186.017   0.990857
10186.036   0.991245
10186.055   0.991615
10186.073   0.991841
10186.092   0.991853
10186.111   0.991648
10186.130   0.991278
10186.149   0.990810
10186.168   0.990344
10186.187   0.989999
10186.206   0.989916
10186.224   0.990219
10186.243   0.990923
10186.262   0.991922
10186.281   0.992959
10186.300   0.993766
10186.319   0.994112
10186.338   0.993939
10186.357   0.993338
10186.375   0.992514
10186.394   0.991703
10186.413   0.991089
10186.432   0.990796
10186.451   0.990839
10186.470   0.991185
10186.489   0.991718
10186.508   0.992282
10186.527   0.992693
10186.545   0.992844
10186.564   0.992746
10186.583   0.992575
10186.602   0.992606
10186.621   0.993078
10186.640   0.994035
10186.659   0.995268
10186.678   0.996358
10186.696   0.996890
10186.715   0.996623
10186.734   0.995665
10186.753   0.994396
10186.772   0.993341
10186.791   0.992907
10186.810   0.993219
10186.829   0.994083
10186.848   0.995069
10186.866   0.995806
10186.885   0.996065
10186.904   0.995921
10186.923   0.995558
10186.942   0.995259
10186.961   0.995151
10186.980   0.995260
10186.999   0.995446
10187.017   0.995553
10187.036   0.995443
10187.055   0.995070
10187.074   0.994480
10187.093   0.993756
10187.112   0.993031
10187.131   0.992400
10187.150   0.991979
10187.168   0.991833
10187.187   0.991996
10187.206   0.992417
10187.225   0.992983
10187.244   0.993529
10187.263   0.993907
10187.282   0.994018
10187.301   0.993837
10187.320   0.993420
10187.338   0.992871
10187.357   0.992311
10187.376   0.991860
10187.395   0.991601
10187.414   0.991569
10187.433   0.991749
10187.452   0.992104
10187.471   0.992573
10187.489   0.993104
10187.508   0.993624
10187.527   0.994016
10187.546   0.994147
10187.565   0.993895
10187.584   0.993272
10187.603   0.992390
10187.622   0.991512
10187.641   0.990853
10187.659   0.990559
10187.678   0.990595
10187.697   0.990851
10187.716   0.991189
10187.735   0.991555
10187.754   0.991984
10187.773   0.992527
10187.792   0.993194
10187.810   0.993864
10187.829   0.994357
10187.848   0.994474
10187.867   0.994134
10187.886   0.993383
10187.905   0.992423
10187.924   0.991498
10187.943   0.990834
10187.962   0.990546
10187.980   0.990625
10187.999   0.990955
10188.018   0.991399
10188.037   0.991831
10188.056   0.992175
10188.075   0.992384
10188.094   0.992414
10188.113   0.992227
10188.131   0.991819
10188.150   0.991259
10188.169   0.990689
10188.188   0.990275
10188.207   0.990141
10188.226   0.990311
10188.245   0.990713
10188.264   0.991208
10188.282   0.991665
10188.301   0.991996
10188.320   0.992183
10188.339   0.992273
10188.358   0.992333
10188.377   0.992432
10188.396   0.992589
10188.415   0.992800
10188.434   0.992998
10188.452   0.993118
10188.471   0.993089
10188.490   0.992911
10188.509   0.992633
10188.528   0.992366
10188.547   0.992246
10188.566   0.992360
10188.585   0.992736
10188.603   0.993291
10188.622   0.993903
10188.641   0.994421
10188.660   0.994756
10188.679   0.994882
10188.698   0.994848
10188.717   0.994734
10188.736   0.994602
10188.755   0.994492
10188.773   0.994397
10188.792   0.994319
10188.811   0.994266
10188.830   0.994287
10188.849   0.994405
10188.868   0.994619
10188.887   0.994898
10188.906   0.995192
10188.924   0.995474
10188.943   0.995734
10188.962   0.995984
10188.981   0.996221
10189.000   0.996411
10189.019   0.996486
10189.038   0.996379
10189.057   0.996085
10189.076   0.995657
10189.094   0.995207
10189.113   0.994825
10189.132   0.994538
10189.151   0.994318
10189.170   0.994115
10189.189   0.993956
10189.208   0.993908
10189.227   0.994071
10189.245   0.994431
10189.264   0.994874
10189.283   0.995190
10189.302   0.995201
10189.321   0.994857
10189.340   0.994262
10189.359   0.993614
10189.378   0.993096
10189.396   0.992798
10189.415   0.992723
10189.434   0.992812
10189.453   0.993050
10189.472   0.993433
10189.491   0.994001
10189.510   0.994734
10189.529   0.995594
10189.548   0.996506
10189.566   0.997430
10189.585   0.998351
10189.604   0.999280
10189.623   1.000179
10189.642   1.000973
10189.661   1.001532
10189.680   1.001776
10189.699   1.001696
10189.717   1.001410
10189.736   1.001064
10189.755   1.000777
10189.774   1.000574
10189.793   1.000366
10189.812   1.000045
10189.831   0.999533
10189.850   0.998860
10189.869   0.998092
10189.887   0.997320
10189.906   0.996570
10189.925   0.995845
10189.944   0.995150
10189.963   0.994554
10189.982   0.994176
10190.001   0.994109
10190.020   0.994348
10190.038   0.994743
10190.057   0.995069
10190.076   0.995135
10190.095   0.994878
10190.114   0.994388
10190.133   0.993829
10190.152   0.993375
10190.171   0.993118
10190.189   0.993105
10190.208   0.993316
10190.227   0.993713
10190.246   0.994214
10190.265   0.994726
10190.284   0.995146
10190.303   0.995413
10190.322   0.995516
10190.341   0.995521
10190.359   0.995523
10190.378   0.995608
10190.397   0.995808
10190.416   0.996062
10190.435   0.996234
10190.454   0.996136
10190.473   0.995613
10190.492   0.994568
10190.510   0.993004
10190.529   0.990954
10190.548   0.988439
10190.567   0.985407
10190.586   0.981754
10190.605   0.977365
10190.624   0.972278
10190.643   0.966778
10190.662   0.961442
10190.680   0.956986
10190.699   0.954037
10190.718   0.952919
10190.737   0.953500
10190.756   0.955322
10190.775   0.957804
10190.794   0.960551
10190.813   0.963441
10190.831   0.966586
10190.850   0.970098
10190.869   0.973890
10190.888   0.977612
10190.907   0.980745
10190.926   0.982798
10190.945   0.983435
10190.964   0.982556
10190.983   0.980259
10191.001   0.976780
10191.020   0.972436
10191.039   0.967597
10191.058   0.962714
10191.077   0.958295
10191.096   0.954810
10191.115   0.952656
10191.134   0.952059
10191.152   0.953039
10191.171   0.955387
10191.190   0.958732
10191.209   0.962627
10191.228   0.966610
10191.247   0.970302
10191.266   0.973369
10191.285   0.975556
10191.303   0.976657
10191.322   0.976612
10191.341   0.975465
10191.360   0.973425
10191.379   0.970731
10191.398   0.967592
10191.417   0.964119
10191.436   0.960359
10191.455   0.956403
10191.473   0.952459
10191.492   0.948943
10191.511   0.946309
10191.530   0.945013
10191.549   0.945287
10191.568   0.947145
10191.587   0.950365
10191.606   0.954598
10191.624   0.959459
10191.643   0.964581
10191.662   0.969656
10191.681   0.974378
10191.700   0.978505
10191.719   0.981887
10191.738   0.984556
10191.757   0.986663
10191.776   0.988413
10191.794   0.989941
10191.813   0.991279
10191.832   0.992341
10191.851   0.993039
10191.870   0.993356
10191.889   0.993414
10191.908   0.993418
10191.927   0.993571
10191.945   0.993981
10191.964   0.994628
10191.983   0.995403
10192.002   0.996189
10192.021   0.996900
10192.040   0.997509
10192.059   0.998011
10192.078   0.998401
10192.097   0.998654
10192.115   0.998732
10192.134   0.998625
10192.153   0.998346
10192.172   0.997959
10192.191   0.997548
10192.210   0.997198
10192.229   0.996941
10192.248   0.996767
10192.266   0.996636
10192.285   0.996530
10192.304   0.996472
10192.323   0.996519
10192.342   0.996706
10192.361   0.996988
10192.380   0.997253
10192.399   0.997352
10192.417   0.997192
10192.436   0.996780
10192.455   0.996232
10192.474   0.995711
10192.493   0.995357
10192.512   0.995251
10192.531   0.995400
10192.550   0.995762
10192.569   0.996254
10192.587   0.996754
10192.606   0.997099
10192.625   0.997130
10192.644   0.996745
10192.663   0.995967
10192.682   0.994932
10192.701   0.993879
10192.720   0.993041
10192.738   0.992601
10192.757   0.992632
10192.776   0.993098
10192.795   0.993857
10192.814   0.994702
10192.833   0.995408
10192.852   0.995801
10192.871   0.995800
10192.890   0.995453
10192.908   0.994906
10192.927   0.994362
10192.946   0.993974
10192.965   0.993827
10192.984   0.993899
10193.003   0.994108
10193.022   0.994338
10193.041   0.994448
10193.059   0.994328
10193.078   0.993889
10193.097   0.993188
10193.116   0.992332
10193.135   0.991570
10193.154   0.991122
10193.173   0.991150
10193.192   0.991617
10193.210   0.992348
10193.229   0.993085
10193.248   0.993588
10193.267   0.993745
10193.286   0.993532
10193.305   0.993030
10193.324   0.992363
10193.343   0.991704
10193.362   0.991255
10193.380   0.991189
10193.399   0.991594
10193.418   0.992377
10193.437   0.993275
10193.456   0.993946
10193.475   0.994110
10193.494   0.993707
10193.513   0.992886
10193.531   0.991982
10193.550   0.991314
10193.569   0.991073
10193.588   0.991243
10193.607   0.991660
10193.626   0.992123
10193.645   0.992480
10193.664   0.992688
10193.683   0.992754
10193.701   0.992713
10193.720   0.992579
10193.739   0.992372
10193.758   0.992116
10193.777   0.991866
10193.796   0.991687
10193.815   0.991627
10193.834   0.991703
10193.852   0.991887
10193.871   0.992135
10193.890   0.992379
10193.909   0.992556
10193.928   0.992613
10193.947   0.992516
10193.966   0.992282
10193.985   0.991963
10194.004   0.991646
10194.022   0.991386
10194.041   0.991198
10194.060   0.991048
10194.079   0.990896
10194.098   0.990744
10194.117   0.990654
10194.136   0.990731
10194.155   0.991043
10194.173   0.991579
10194.192   0.992221
10194.211   0.992794
10194.230   0.993140
10194.249   0.993179
10194.268   0.992957
10194.287   0.992593
10194.306   0.992271
10194.324   0.992139
10194.343   0.992310
10194.362   0.992799
10194.381   0.993572
10194.400   0.994532
10194.419   0.995545
10194.438   0.996434
10194.457   0.997038
10194.476   0.997238
10194.494   0.997023
10194.513   0.996500
10194.532   0.995885
10194.551   0.995398
10194.570   0.995188
10194.589   0.995278
10194.608   0.995588
10194.627   0.995991
10194.645   0.996382
10194.664   0.996712
10194.683   0.996969
10194.702   0.997167
10194.721   0.997297
10194.740   0.997340
10194.759   0.997254
10194.778   0.997032
10194.797   0.996699
10194.815   0.996329
10194.834   0.995995
10194.853   0.995751
10194.872   0.995612
10194.891   0.995550
10194.910   0.995537
10194.929   0.995543
10194.948   0.995569
10194.966   0.995599
10194.985   0.995616
10195.004   0.995578
10195.023   0.995444
10195.042   0.995181
10195.061   0.994782
10195.080   0.994284
10195.099   0.993760
10195.118   0.993323
10195.136   0.993084
10195.155   0.993130
10195.174   0.993421
10195.193   0.993816
10195.212   0.994089
10195.231   0.994081
10195.250   0.993773
10195.269   0.993375
10195.287   0.993193
10195.306   0.993508
10195.325   0.994373
10195.344   0.995567
10195.363   0.996679
10195.382   0.997303
10195.401   0.997239
10195.420   0.996541
10195.438   0.995464
10195.457   0.994314
10195.476   0.993323
10195.495   0.992670
10195.514   0.992455
10195.533   0.992752
10195.552   0.993522
10195.571   0.994594
10195.590   0.995679
10195.608   0.996449
10195.627   0.996707
10195.646   0.996435
10195.665   0.995801
10195.684   0.995054
10195.703   0.994408
10195.722   0.994034
10195.741   0.993979
10195.759   0.994285
10195.778   0.994867
10195.797   0.995609
10195.816   0.996278
10195.835   0.996652
10195.854   0.996596
10195.873   0.996101
10195.892   0.995363
10195.911   0.994604
10195.929   0.994077
10195.948   0.993856
10195.967   0.993935
10195.986   0.994175
10196.005   0.994469
10196.024   0.994723
10196.043   0.994933
10196.062   0.995114
10196.080   0.995288
10196.099   0.995453
10196.118   0.995569
10196.137   0.995611
10196.156   0.995547
10196.175   0.995397
10196.194   0.995173
10196.213   0.994916
10196.231   0.994660
10196.250   0.994472
10196.269   0.994411
10196.288   0.994540
10196.307   0.994829
10196.326   0.995177
10196.345   0.995412
10196.364   0.995416
10196.383   0.995185
10196.401   0.994884
10196.420   0.994772
10196.439   0.995040
10196.458   0.995706
10196.477   0.996572
10196.496   0.997316
10196.515   0.997641
10196.534   0.997428
10196.552   0.996766
10196.571   0.995917
10196.590   0.995186
10196.609   0.994817
10196.628   0.994904
10196.647   0.995396
10196.666   0.996127
10196.685   0.996867
10196.704   0.997389
10196.722   0.997488
10196.741   0.997063
10196.760   0.996128
10196.779   0.994866
10196.798   0.993549
10196.817   0.992474
10196.836   0.991860
10196.855   0.991794
10196.873   0.992240
10196.892   0.993052
10196.911   0.994030
10196.930   0.994894
10196.949   0.995408
10196.968   0.995368
10196.987   0.994749
10197.006   0.993678
10197.025   0.992447
10197.043   0.991367
10197.062   0.990650
10197.081   0.990358
10197.100   0.990375
10197.119   0.990545
10197.138   0.990719
10197.157   0.990876
10197.176   0.991054
10197.194   0.991332
10197.213   0.991738
10197.232   0.992247
10197.251   0.992768
10197.270   0.993186
10197.289   0.993395
10197.308   0.993319
10197.327   0.992953
10197.345   0.992348
10197.364   0.991606
10197.383   0.990836
10197.402   0.990115
10197.421   0.989491
10197.440   0.988945
10197.459   0.988451
10197.478   0.987942
10197.497   0.987390
10197.515   0.986807
10197.534   0.986280
10197.553   0.985941
10197.572   0.985856
10197.591   0.985952
10197.610   0.985972
10197.629   0.985606
10197.648   0.984661
10197.666   0.983217
10197.685   0.981653
10197.704   0.980461
10197.723   0.980022
10197.742   0.980418
10197.761   0.981436
10197.780   0.982697
10197.799   0.983859
10197.818   0.984759
10197.836   0.985353
10197.855   0.985685
10197.874   0.985746
10197.893   0.985549
10197.912   0.985126
10197.931   0.984645
10197.950   0.984353
10197.969   0.984470
10197.987   0.985104
10198.006   0.986096
10198.025   0.987161
10198.044   0.987906
10198.063   0.988106
10198.082   0.987705
10198.101   0.986925
10198.120   0.986088
10198.138   0.985538
10198.157   0.985460
10198.176   0.985851
10198.195   0.986523
10198.214   0.987217
10198.233   0.987728
10198.252   0.987957
10198.271   0.987965
10198.290   0.987881
10198.308   0.987876
10198.327   0.988039
10198.346   0.988400
10198.365   0.988873
10198.384   0.989357
10198.403   0.989746
10198.422   0.990025
10198.441   0.990244
10198.459   0.990513
10198.478   0.990913
10198.497   0.991460
10198.516   0.992106
10198.535   0.992771
10198.554   0.993376
10198.573   0.993880
10198.592   0.994234
10198.611   0.994391
10198.629   0.994317
10198.648   0.994048
10198.667   0.993700
10198.686   0.993468
10198.705   0.993520
10198.724   0.993928
10198.743   0.994610
10198.762   0.995383
10198.780   0.996040
10198.799   0.996454
10198.818   0.996613
10198.837   0.996569
10198.856   0.996401
10198.875   0.996134
10198.894   0.995769
10198.913   0.995276
10198.932   0.994663
10198.950   0.993987
10198.969   0.993361
10198.988   0.992920
10199.007   0.992763
10199.026   0.992932
10199.045   0.993365
10199.064   0.993959
10199.083   0.994590
10199.101   0.995178
10199.120   0.995674
10199.139   0.996074
10199.158   0.996348
10199.177   0.996480
10199.196   0.996422
10199.215   0.996177
10199.234   0.995769
10199.252   0.995290
10199.271   0.994835
10199.290   0.994482
10199.309   0.994259
10199.328   0.994144
10199.347   0.994099
10199.366   0.994115
10199.385   0.994229
10199.404   0.994459
10199.422   0.994775
10199.441   0.995070
10199.460   0.995245
10199.479   0.995265
10199.498   0.995224
10199.517   0.995292
10199.536   0.995647
10199.555   0.996335
10199.573   0.997256
10199.592   0.998160
10199.611   0.998804
10199.630   0.999034
10199.649   0.998877
10199.668   0.998498
10199.687   0.998099
10199.706   0.997828
10199.725   0.997722
10199.743   0.997739
10199.762   0.997802
10199.781   0.997841
10199.800   0.997829
10199.819   0.997756
10199.838   0.997645
10199.857   0.997513
10199.876   0.997395
10199.894   0.997307
10199.913   0.997281
10199.932   0.997319
10199.951   0.997400
10199.970   0.997461
10199.989   0.997422
10200.008   0.997223
10200.027   0.996890
10200.046   0.996523
10200.064   0.996269
10200.083   0.996226
10200.102   0.996398
10200.121   0.996680
10200.140   0.996954
10200.159   0.997154
10200.178   0.997300
10200.197   0.997449
10200.215   0.997627
10200.234   0.997781
10200.253   0.997790
10200.272   0.997536
10200.291   0.996980
10200.310   0.996186
10200.329   0.995325
10200.348   0.994594
10200.366   0.994166
10200.385   0.994082
10200.404   0.994273
10200.423   0.994547
10200.442   0.994731
10200.461   0.994732
10200.480   0.994612
10200.499   0.994530
10200.518   0.994632
10200.536   0.994976
10200.555   0.995475
10200.574   0.995989
10200.593   0.996378
10200.612   0.996594
10200.631   0.996653
10200.650   0.996622
10200.669   0.996558
10200.687   0.996504
10200.706   0.996483
10200.725   0.996488
10200.744   0.996480
10200.763   0.996383
10200.782   0.996147
10200.801   0.995758
10200.820   0.995324
10200.839   0.994980
10200.857   0.994878
10200.876   0.995007
10200.895   0.995230
10200.914   0.995278
10200.933   0.994922
10200.952   0.994084
10200.971   0.992857
10200.990   0.991467
10201.008   0.990086
10201.027   0.988795
10201.046   0.987553
10201.065   0.986288
10201.084   0.985010
10201.103   0.983794
10201.122   0.982799
10201.141   0.982125
10201.159   0.981830
10201.178   0.981879
10201.197   0.982189
10201.216   0.982694
10201.235   0.983325
10201.254   0.984078
10201.273   0.984932
10201.292   0.985904
10201.311   0.986969
10201.329   0.988101
10201.348   0.989253
10201.367   0.990373
10201.386   0.991396
10201.405   0.992268
10201.424   0.992908
10201.443   0.993270
10201.462   0.993319
10201.480   0.993120
10201.499   0.992772
10201.518   0.992410
10201.537   0.992122
10201.556   0.991917
10201.575   0.991757
10201.594   0.991567
10201.613   0.991319
10201.632   0.991029
10201.650   0.990758
10201.669   0.990601
10201.688   0.990650
10201.707   0.991005
10201.726   0.991683
10201.745   0.992639
10201.764   0.993696
10201.783   0.994591
10201.801   0.995046
10201.820   0.994884
10201.839   0.994135
10201.858   0.993003
10201.877   0.991816
10201.896   0.990851
10201.915   0.990263
10201.934   0.990052
10201.953   0.990116
10201.971   0.990333
10201.990   0.990577
10202.009   0.990772
10202.028   0.990847
10202.047   0.990775
10202.066   0.990540
10202.085   0.990174
10202.104   0.989712
10202.122   0.989206
10202.141   0.988667
10202.160   0.988073
10202.179   0.987357
10202.198   0.986419
10202.217   0.985189
10202.236   0.983660
10202.255   0.981957
10202.273   0.980302
10202.292   0.978987
10202.311   0.978241
10202.330   0.978170
10202.349   0.978702
10202.368   0.979661
10202.387   0.980837
10202.406   0.982077
10202.425   0.983304
10202.443   0.984460
10202.462   0.985489
10202.481   0.986284
10202.500   0.986792
10202.519   0.987022
10202.538   0.987117
10202.557   0.987259
10202.576   0.987589
10202.594   0.988096
10202.613   0.988622
10202.632   0.988939
10202.651   0.988897
10202.670   0.988510
10202.689   0.987972
10202.708   0.987537
10202.727   0.987404
10202.746   0.987627
10202.764   0.988125
10202.783   0.988733
10202.802   0.989291
10202.821   0.989701
10202.840   0.989908
10202.859   0.989937
10202.878   0.989829
10202.897   0.989684
10202.915   0.989602
10202.934   0.989712
10202.953   0.990113
10202.972   0.990852
10202.991   0.991878
10203.010   0.993034
10203.029   0.994102
10203.048   0.994869
10203.067   0.995232
10203.085   0.995239
10203.104   0.995059
10203.123   0.994855
10203.142   0.994696
10203.161   0.994525
10203.180   0.994223
10203.199   0.993719
10203.218   0.993052
10203.236   0.992378
10203.255   0.991892
10203.274   0.991739
10203.293   0.991949
10203.312   0.992440
10203.331   0.993073
10203.350   0.993717
10203.369   0.994332
10203.387   0.994973
10203.406   0.995740
10203.425   0.996677
10203.444   0.997682
10203.463   0.998522
10203.482   0.998899
10203.501   0.998634
10203.520   0.997751
10203.539   0.996509
10203.557   0.995261
10203.576   0.994319
10203.595   0.993862
10203.614   0.993904
10203.633   0.994364
10203.652   0.995121
10203.671   0.996020
10203.690   0.996858
10203.708   0.997380
10203.727   0.997413
10203.746   0.996890
10203.765   0.995999
10203.784   0.995005
10203.803   0.994227
10203.822   0.993826
10203.841   0.993872
10203.860   0.994291
10203.878   0.994945
10203.897   0.995658
10203.916   0.996226
10203.935   0.996496
10203.954   0.996416
10203.973   0.996104
10203.992   0.995777
10204.011   0.995635
10204.029   0.995724
10204.048   0.995927
10204.067   0.996069
10204.086   0.996049
10204.105   0.995932
10204.124   0.995839
10204.143   0.995843
10204.162   0.995850
10204.180   0.995674
10204.199   0.995165
10204.218   0.994345
10204.237   0.993446
10204.256   0.992734
10204.275   0.992401
10204.294   0.992415
10204.313   0.992610
10204.332   0.992774
10204.350   0.992806
10204.369   0.992737
10204.388   0.992665
10204.407   0.992663
10204.426   0.992708
10204.445   0.992718
10204.464   0.992629
10204.483   0.992432
10204.501   0.992188
10204.520   0.991941
10204.539   0.991709
10204.558   0.991453
10204.577   0.991186
10204.596   0.990979
10204.615   0.990961
10204.634   0.991233
10204.653   0.991745
10204.671   0.992318
10204.690   0.992689
10204.709   0.992712
10204.728   0.992391
10204.747   0.991898
10204.766   0.991443
10204.785   0.991139
10204.804   0.990989
10204.822   0.990895
10204.841   0.990801
10204.860   0.990707
10204.879   0.990711
10204.898   0.990917
10204.917   0.991370
10204.936   0.992008
10204.955   0.992663
10204.974   0.993152
10204.992   0.993364
10205.011   0.993318
10205.030   0.993147
10205.049   0.993023
10205.068   0.993052
10205.087   0.993241
10205.106   0.993527
10205.125   0.993837
10205.143   0.994125
10205.162   0.994368
10205.181   0.994540
10205.200   0.994606
10205.219   0.994509
10205.238   0.994246
10205.257   0.993850
10205.276   0.993418
10205.294   0.993043
10205.313   0.992786
10205.332   0.992687
10205.351   0.992728
10205.370   0.992904
10205.389   0.993153
10205.408   0.993441
10205.427   0.993687
10205.446   0.993815
10205.464   0.993737
10205.483   0.993392
10205.502   0.992773
10205.521   0.991950
10205.540   0.991089
10205.559   0.990352
10205.578   0.989890
10205.597   0.989688
10205.615   0.989690
10205.634   0.989743
10205.653   0.989798
10205.672   0.989831
10205.691   0.989870
10205.710   0.989928
10205.729   0.989976
10205.748   0.990035
10205.767   0.990109
10205.785   0.990269
10205.804   0.990532
10205.823   0.990911
10205.842   0.991364
10205.861   0.991856
10205.880   0.992365
10205.899   0.992871
10205.918   0.993308
10205.936   0.993574
10205.955   0.993527
10205.974   0.993073
10205.993   0.992185
10206.012   0.990955
10206.031   0.989546
10206.050   0.988081
10206.069   0.986711
10206.087   0.985519
10206.106   0.984712
10206.125   0.984504
10206.144   0.985068
10206.163   0.986309
10206.182   0.987835
10206.201   0.989142
10206.220   0.989836
10206.239   0.989888
10206.257   0.989578
10206.276   0.989238
10206.295   0.989105
10206.314   0.989122
10206.333   0.989191
10206.352   0.989219
10206.371   0.989330
10206.390   0.989638
10206.408   0.990241
10206.427   0.990992
10206.446   0.991679
10206.465   0.992074
10206.484   0.992143
10206.503   0.992004
10206.522   0.991845
10206.541   0.991834
10206.560   0.991994
10206.578   0.992248
10206.597   0.992432
10206.616   0.992403
10206.635   0.992146
10206.654   0.991732
10206.673   0.991362
10206.692   0.991200
10206.711   0.991354
10206.729   0.991771
10206.748   0.992296
10206.767   0.992801
10206.786   0.993239
10206.805   0.993721
10206.824   0.994330
10206.843   0.995105
10206.862   0.995886
10206.881   0.996475
10206.899   0.996689
10206.918   0.996496
10206.937   0.995994
10206.956   0.995329
10206.975   0.994657
10206.994   0.994050
10207.013   0.993592
10207.032   0.993302
10207.050   0.993213
10207.069   0.993291
10207.088   0.993486
10207.107   0.993730
10207.126   0.993979
10207.145   0.994240
10207.164   0.994557
10207.183   0.994955
10207.201   0.995411
10207.220   0.995800
10207.239   0.995961
10207.258   0.995743
10207.277   0.995138
10207.296   0.994285
10207.315   0.993433
10207.334   0.992783
10207.353   0.992422
10207.371   0.992261
10207.390   0.992155
10207.409   0.991930
10207.428   0.991521
10207.447   0.990964
10207.466   0.990383
10207.485   0.989982
10207.504   0.989915
10207.522   0.990289
10207.541   0.990982
10207.560   0.991793
10207.579   0.992407
10207.598   0.992658
10207.617   0.992523
10207.636   0.992177
10207.655   0.991868
10207.674   0.991775
10207.692   0.991964
10207.711   0.992330
10207.730   0.992729
10207.749   0.992991
10207.768   0.993038
10207.787   0.992870
10207.806   0.992567
10207.825   0.992260
10207.843   0.992048
10207.862   0.991976
10207.881   0.991967
10207.900   0.991914
10207.919   0.991704
10207.938   0.991346
10207.957   0.990951
10207.976   0.990710
10207.995   0.990764
10208.013   0.991114
10208.032   0.991645
10208.051   0.992148
10208.070   0.992525
10208.089   0.992754
10208.108   0.992956
10208.127   0.993235
10208.146   0.993642
10208.164   0.994130
10208.183   0.994591
10208.202   0.994970
10208.221   0.995277
10208.240   0.995599
10208.259   0.996012
10208.278   0.996518
10208.297   0.997023
10208.315   0.997380
10208.334   0.997477
10208.353   0.997247
10208.372   0.996703
10208.391   0.995880
10208.410   0.994857
10208.429   0.993759
10208.448   0.992782
10208.467   0.992157
10208.485   0.992042
10208.504   0.992462
10208.523   0.993275
10208.542   0.994221
10208.561   0.995017
10208.580   0.995514
10208.599   0.995724
10208.618   0.995820
10208.636   0.995940
10208.655   0.996122
10208.674   0.996215
10208.693   0.996006
10208.712   0.995412
10208.731   0.994538
10208.750   0.993677
10208.769   0.993090
10208.788   0.992896
10208.806   0.992972
10208.825   0.993062
10208.844   0.992959
10208.863   0.992611
10208.882   0.992180
10208.901   0.991899
10208.920   0.991962
10208.939   0.992355
10208.957   0.992885
10208.976   0.993265
10208.995   0.993282
10209.014   0.992919
10209.033   0.992350
10209.052   0.991845
10209.071   0.991606
10209.090   0.991703
10209.108   0.992073
10209.127   0.992553
10209.146   0.992974
10209.165   0.993166
10209.184   0.993038
10209.203   0.992600
10209.222   0.991968
10209.241   0.991354
10209.260   0.990921
10209.278   0.990784
10209.297   0.990927
10209.316   0.991323
10209.335   0.991934
10209.354   0.992787
10209.373   0.993915
10209.392   0.995237
10209.411   0.996527
10209.429   0.997351
10209.448   0.997328
10209.467   0.996291
10209.486   0.994502
10209.505   0.992542
10209.524   0.991047
10209.543   0.990430
10209.562   0.990676
10209.581   0.991488
10209.599   0.992479
10209.618   0.993407
10209.637   0.994202
10209.656   0.994913
10209.675   0.995548
10209.694   0.996066
10209.713   0.996357
10209.732   0.996390
10209.750   0.996158
10209.769   0.995751
10209.788   0.995238
10209.807   0.994664
10209.826   0.994075
10209.845   0.993480
10209.864   0.992939
10209.883   0.992443
10209.902   0.991969
10209.920   0.991408
10209.939   0.990678
10209.958   0.989764
10209.977   0.988737
10209.996   0.987766
10210.015   0.986987
10210.034   0.986509
10210.053   0.986338
10210.071   0.986498
10210.090   0.987019
10210.109   0.987913
10210.128   0.989132
10210.147   0.990442
10210.166   0.991582
10210.185   0.992301
10210.204   0.992549
10210.222   0.992426
10210.241   0.992154
10210.260   0.991943
10210.279   0.991897
10210.298   0.992030
10210.317   0.992290
10210.336   0.992650
10210.355   0.993121
10210.374   0.993754
10210.392   0.994565
10210.411   0.995461
10210.430   0.996248
10210.449   0.996665
10210.468   0.996511
10210.487   0.995738
10210.506   0.994516
10210.525   0.993147
10210.543   0.991973
10210.562   0.991251
10210.581   0.991090
10210.600   0.991461
10210.619   0.992205
10210.638   0.993143
10210.657   0.994068
10210.676   0.994821
10210.695   0.995258
10210.713   0.995276
10210.732   0.994842
10210.751   0.994026
10210.770   0.993034
10210.789   0.992153
10210.808   0.991617
10210.827   0.991504
10210.846   0.991676
10210.864   0.991895
10210.883   0.992009
10210.902   0.992021
10210.921   0.992122
10210.940   0.992456
10210.959   0.993053
10210.978   0.993750
10210.997   0.994337
10211.016   0.994670
10211.034   0.994746
10211.053   0.994664
10211.072   0.994547
10211.091   0.994496
10211.110   0.994526
10211.129   0.994594
10211.148   0.994558
10211.167   0.994282
10211.185   0.993652
10211.204   0.992687
10211.223   0.991538
10211.242   0.990457
10211.261   0.989697
10211.280   0.989428
10211.299   0.989652
10211.318   0.990200
10211.336   0.990778
10211.355   0.991113
10211.374   0.991082
10211.393   0.990768
10211.412   0.990406
10211.431   0.990206
10211.450   0.990204
10211.469   0.990249
10211.488   0.990073
10211.506   0.989537
10211.525   0.988673
10211.544   0.987729
10211.563   0.986975
10211.582   0.986580
10211.601   0.986532
10211.620   0.986672
10211.639   0.986868
10211.657   0.987023
10211.676   0.987193
10211.695   0.987406
10211.714   0.987709
10211.733   0.988047
10211.752   0.988353
10211.771   0.988565
10211.790   0.988669
10211.809   0.988670
10211.827   0.988533
10211.846   0.988185
10211.865   0.987559
10211.884   0.986670
10211.903   0.985681
10211.922   0.984849
10211.941   0.984418
10211.960   0.984508
10211.978   0.985076
10211.997   0.985994
10212.016   0.987101
10212.035   0.988265
10212.054   0.989365
10212.073   0.990244
10212.092   0.990797
10212.111   0.990966
10212.129   0.990870
10212.148   0.990723
10212.167   0.990792
10212.186   0.991244
10212.205   0.992076
10212.224   0.993140
10212.243   0.994220
10212.262   0.995133
10212.281   0.995754
10212.299   0.996047
10212.318   0.996018
10212.337   0.995723
10212.356   0.995270
10212.375   0.994817
10212.394   0.994517
10212.413   0.994455
10212.432   0.994621
10212.450   0.994894
10212.469   0.995114
10212.488   0.995143
10212.507   0.994945
10212.526   0.994595
10212.545   0.994221
10212.564   0.993926
10212.583   0.993688
10212.602   0.993398
10212.620   0.992903
10212.639   0.992147
10212.658   0.991238
10212.677   0.990418
10212.696   0.989974
10212.715   0.990070
10212.734   0.990668
10212.753   0.991544
10212.771   0.992373
10212.790   0.992908
10212.809   0.993035
10212.828   0.992840
10212.847   0.992490
10212.866   0.992188
10212.885   0.992039
10212.904   0.992018
10212.923   0.991987
10212.941   0.991785
10212.960   0.991391
10212.979   0.990976
10212.998   0.990899
10213.017   0.991429
10213.036   0.992603
10213.055   0.994047
10213.074   0.995212
10213.092   0.995555
10213.111   0.994903
10213.130   0.993541
10213.149   0.992072
10213.168   0.991083
10213.187   0.990804
10213.206   0.991067
10213.225   0.991406
10213.243   0.991485
10213.262   0.991243
10213.281   0.990961
10213.300   0.990950
10213.319   0.991341
10213.338   0.991925
10213.357   0.992310
10213.376   0.992120
10213.395   0.991237
10213.413   0.989819
10213.432   0.988195
10213.451   0.986665
10213.470   0.985411
10213.489   0.984498
10213.508   0.983969
10213.527   0.983890
10213.546   0.984348
10213.564   0.985293
10213.583   0.986525
10213.602   0.987760
10213.621   0.988779
10213.640   0.989586
10213.659   0.990326
10213.678   0.991221
10213.697   0.992308
10213.716   0.993501
10213.734   0.994596
10213.753   0.995436
10213.772   0.995983
10213.791   0.996269
10213.810   0.996411
10213.829   0.996492
10213.848   0.996632
10213.867   0.996870
10213.885   0.997194
10213.904   0.997462
10213.923   0.997520
10213.942   0.997251
10213.961   0.996712
10213.980   0.996128
10213.999   0.995795
10214.018   0.995920
10214.036   0.996495
10214.055   0.997272
10214.074   0.997876
10214.093   0.997957
10214.112   0.997327
10214.131   0.996018
10214.150   0.994215
10214.169   0.992240
10214.188   0.990385
10214.206   0.988891
10214.225   0.987790
10214.244   0.986880
10214.263   0.985775
10214.282   0.984067
10214.301   0.981602
10214.320   0.978571
10214.339   0.975484
10214.357   0.972935
10214.376   0.971303
10214.395   0.970743
10214.414   0.971149
10214.433   0.972376
10214.452   0.974202
10214.471   0.976349
10214.490   0.978468
10214.509   0.980189
10214.527   0.981369
10214.546   0.982036
10214.565   0.982408
10214.584   0.982597
10214.603   0.982550
10214.622   0.982044
10214.641   0.980904
10214.660   0.979187
10214.678   0.977185
10214.697   0.975323
10214.716   0.973951
10214.735   0.973302
10214.754   0.973418
10214.773   0.974221
10214.792   0.975544
10214.811   0.977204
10214.830   0.979059
10214.848   0.981027
10214.867   0.983067
10214.886   0.985108
10214.905   0.987018
10214.924   0.988659
10214.943   0.989922
10214.962   0.990827
10214.981   0.991418
10214.999   0.991801
10215.018   0.991988
10215.037   0.992010
10215.056   0.991830
10215.075   0.991468
10215.094   0.990969
10215.113   0.990464
10215.132   0.990197
10215.150   0.990422
10215.169   0.991333
10215.188   0.992837
10215.207   0.994576
10215.226   0.996008
10215.245   0.996695
10215.264   0.996502
10215.283   0.995659
10215.302   0.994617
10215.320   0.993836
10215.339   0.993583
10215.358   0.993838
10215.377   0.994416
10215.396   0.995047
10215.415   0.995528
10215.434   0.995716
10215.453   0.995588
10215.471   0.995200
10215.490   0.994703
10215.509   0.994272
10215.528   0.994010
10215.547   0.993894
10215.566   0.993751
10215.585   0.993399
10215.604   0.992758
10215.623   0.992008
10215.641   0.991477
10215.660   0.991557
10215.679   0.992415
10215.698   0.993943
10215.717   0.995735
10215.736   0.997284
10215.755   0.998194
10215.774   0.998299
10215.792   0.997741
10215.811   0.996805
10215.830   0.995821
10215.849   0.995029
10215.868   0.994550
10215.887   0.994432
10215.906   0.994607
10215.925   0.994963
10215.944   0.995308
10215.962   0.995472
10215.981   0.995399
10216.000   0.995142
10216.019   0.994840
10216.038   0.994600
10216.057   0.994440
10216.076   0.994334
10216.095   0.994236
10216.113   0.994154
10216.132   0.994098
10216.151   0.994058
10216.170   0.994000
10216.189   0.993837
10216.208   0.993503
10216.227   0.992968
10216.246   0.992302
10216.264   0.991634
10216.283   0.991107
10216.302   0.990818
10216.321   0.990793
10216.340   0.991001
10216.359   0.991349
10216.378   0.991756
10216.397   0.992090
10216.416   0.992246
10216.434   0.992122
10216.453   0.991734
10216.472   0.991212
10216.491   0.990778
10216.510   0.990634
10216.529   0.990818
10216.548   0.991222
10216.567   0.991619
10216.585   0.991836
10216.604   0.991834
10216.623   0.991672
10216.642   0.991425
10216.661   0.991060
10216.680   0.990451
10216.699   0.989439
10216.718   0.987981
10216.737   0.986188
10216.755   0.984349
10216.774   0.982789
10216.793   0.981764
10216.812   0.981432
10216.831   0.981777
10216.850   0.982767
10216.869   0.984269
10216.888   0.986109
10216.906   0.988026
10216.925   0.989744
10216.944   0.991036
10216.963   0.991803
10216.982   0.992108
10217.001   0.992103
10217.020   0.991975
10217.039   0.991843
10217.057   0.991758
10217.076   0.991652
10217.095   0.991437
10217.114   0.990969
10217.133   0.990196
10217.152   0.989150
10217.171   0.988041
10217.190   0.987153
10217.209   0.986647
10217.227   0.986515
10217.246   0.986486
10217.265   0.986355
10217.284   0.986059
10217.303   0.985794
10217.322   0.985826
10217.341   0.986231
10217.360   0.986884
10217.378   0.987488
10217.397   0.987838
10217.416   0.987902
10217.435   0.987835
10217.454   0.987872
10217.473   0.988157
10217.492   0.988719
10217.511   0.989439
10217.530   0.990152
10217.548   0.990734
10217.567   0.991112
10217.586   0.991356
10217.605   0.991563
10217.624   0.991868
10217.643   0.992323
10217.662   0.992880
10217.681   0.993447
10217.699   0.993993
10217.718   0.994574
10217.737   0.995282
10217.756   0.996008
10217.775   0.996432
10217.794   0.996084
10217.813   0.994729
10217.832   0.992665
10217.851   0.990636
10217.869   0.989559
10217.888   0.989827
10217.907   0.991265
10217.926   0.993148
10217.945   0.994755
10217.964   0.995643
10217.983   0.995749
10218.002   0.995284
10218.020   0.994571
10218.039   0.993967
10218.058   0.993756
10218.077   0.994081
10218.096   0.994793
10218.115   0.995571
10218.134   0.996020
10218.153   0.996000
10218.171   0.995616
10218.190   0.995102
10218.209   0.994645
10218.228   0.994200
10218.247   0.993736
10218.266   0.993282
10218.285   0.993116
10218.304   0.993522
10218.323   0.994584
10218.341   0.996079
10218.360   0.997522
10218.379   0.998462
10218.398   0.998618
10218.417   0.998012
10218.436   0.996861
10218.455   0.995490
10218.474   0.994238
10218.492   0.993392
10218.511   0.993109
10218.530   0.993348
10218.549   0.993809
10218.568   0.994056
10218.587   0.993662
10218.606   0.992499
10218.625   0.990818
10218.644   0.989194
10218.662   0.988247
10218.681   0.988316
10218.700   0.989322
10218.719   0.990839
10218.738   0.992322
10218.757   0.993368
10218.776   0.993803
10218.795   0.993660
10218.813   0.993069
10218.832   0.992210
10218.851   0.991286
10218.870   0.990468
10218.889   0.989921
10218.908   0.989684
10218.927   0.989695
10218.946   0.989722
10218.965   0.989533
10218.983   0.988959
10219.002   0.988098
10219.021   0.987233
10219.040   0.986722
10219.059   0.986753
10219.078   0.987240
10219.097   0.987969
10219.116   0.988638
10219.134   0.989141
10219.153   0.989451
10219.172   0.989668
10219.191   0.989920
10219.210   0.990263
10219.229   0.990774
10219.248   0.991334
10219.267   0.991867
10219.285   0.992266
10219.304   0.992587
10219.323   0.993002
10219.342   0.993618
10219.361   0.994407
10219.380   0.995029
10219.399   0.995129
10219.418   0.994452
10219.437   0.993155
10219.455   0.991656
10219.474   0.990523
10219.493   0.990087
10219.512   0.990371
10219.531   0.991093
10219.550   0.991871
10219.569   0.992426
10219.588   0.992695
10219.606   0.992783
10219.625   0.992844
10219.644   0.992924
10219.663   0.993014
10219.682   0.993073
10219.701   0.993149
10219.720   0.993334
10219.739   0.993623
10219.758   0.993866
10219.776   0.993793
10219.795   0.993265
10219.814   0.992413
10219.833   0.991631
10219.852   0.991327
10219.871   0.991665
10219.890   0.992469
10219.909   0.993388
10219.927   0.994120
10219.946   0.994600
10219.965   0.994898
10219.984   0.995108
10220.003   0.995221
10220.022   0.995172
10220.041   0.994975
10220.060   0.994735
10220.078   0.994674
10220.097   0.994872
10220.116   0.995302
10220.135   0.995781
10220.154   0.996152
10220.173   0.996369
10220.192   0.996483
10220.211   0.996575
10220.230   0.996623
10220.248   0.996520
10220.267   0.996147
10220.286   0.995487
10220.305   0.994689
10220.324   0.993985
10220.343   0.993563
10220.362   0.993488
10220.381   0.993669
10220.399   0.993987
10220.418   0.994303
10220.437   0.994590
10220.456   0.994839
10220.475   0.995103
10220.494   0.995388
10220.513   0.995697
10220.532   0.995953
10220.551   0.996008
10220.569   0.995712
10220.588   0.994940
10220.607   0.993740
10220.626   0.992313
10220.645   0.991023
10220.664   0.990237
10220.683   0.990128
10220.702   0.990546
10220.720   0.991059
10220.739   0.991171
10220.758   0.990647
10220.777   0.989592
10220.796   0.988368
10220.815   0.987379
10220.834   0.986837
10220.853   0.986783
10220.872   0.987098
10220.890   0.987658
10220.909   0.988335
10220.928   0.988988
10220.947   0.989545
10220.966   0.989962
10220.985   0.990311
10221.004   0.990575
10221.023   0.990648
10221.041   0.990322
10221.060   0.989471
10221.079   0.988218
10221.098   0.986897
10221.117   0.985943
10221.136   0.985592
10221.155   0.985847
10221.174   0.986410
10221.192   0.986969
10221.211   0.987268
10221.230   0.987285
10221.249   0.987204
10221.268   0.987278
10221.287   0.987784
10221.306   0.988757
10221.325   0.990044
10221.344   0.991256
10221.362   0.991938
10221.381   0.991849
10221.400   0.991038
10221.419   0.989945
10221.438   0.989091
10221.457   0.988834
10221.476   0.989155
10221.495   0.989714
10221.513   0.990182
10221.532   0.990454
10221.551   0.990696
10221.570   0.991126
10221.589   0.991777
10221.608   0.992418
10221.627   0.992699
10221.646   0.992414
10221.665   0.991662
10221.683   0.990820
10221.702   0.990299
10221.721   0.990343
10221.740   0.990864
10221.759   0.991571
10221.778   0.992127
10221.797   0.992388
10221.816   0.992403
10221.834   0.992291
10221.853   0.992148
10221.872   0.991945
10221.891   0.991672
10221.910   0.991325
10221.929   0.990983
10221.948   0.990648
10221.967   0.990236
10221.986   0.989602
10222.004   0.988746
10222.023   0.987886
10222.042   0.987435
10222.061   0.987742
10222.080   0.988856
10222.099   0.990443
10222.118   0.991965
10222.137   0.992963
10222.155   0.993274
10222.174   0.993067
10222.193   0.992682
10222.212   0.992410
10222.231   0.992434
10222.250   0.992770
10222.269   0.993362
10222.288   0.994050
10222.306   0.994591
10222.325   0.994717
10222.344   0.994241
10222.363   0.993262
10222.382   0.992102
10222.401   0.991265
10222.420   0.991074
10222.439   0.991582
10222.458   0.992488
10222.476   0.993352
10222.495   0.993828
10222.514   0.993816
10222.533   0.993482
10222.552   0.993097
10222.571   0.992867
10222.590   0.992836
10222.609   0.992891
10222.627   0.992894
10222.646   0.992764
10222.665   0.992566
10222.684   0.992464
10222.703   0.992634
10222.722   0.993166
10222.741   0.993962
10222.760   0.994782
10222.779   0.995353
10222.797   0.995527
10222.816   0.995411
10222.835   0.995238
10222.854   0.995170
10222.873   0.995097
10222.892   0.994622
10222.911   0.993405
10222.930   0.991464
10222.948   0.989304
10222.967   0.987714
10222.986   0.987144
10223.005   0.987646
10223.024   0.988704
10223.043   0.989764
10223.062   0.990451
10223.081   0.990728
10223.099   0.990796
10223.118   0.990862
10223.137   0.991168
10223.156   0.991816
10223.175   0.992835
10223.194   0.994007
10223.213   0.994982
10223.232   0.995341
10223.251   0.994903
10223.269   0.993844
10223.288   0.992611
10223.307   0.991713
10223.326   0.991393
10223.345   0.991627
10223.364   0.992147
10223.383   0.992662
10223.402   0.992944
10223.420   0.992884
10223.439   0.992474
10223.458   0.991813
10223.477   0.991100
10223.496   0.990560
10223.515   0.990359
10223.534   0.990485
10223.553   0.990793
10223.572   0.991020
10223.590   0.990976
10223.609   0.990577
10223.628   0.989951
10223.647   0.989284
10223.666   0.988857
10223.685   0.988819
10223.704   0.989270
10223.723   0.990069
10223.741   0.990957
10223.760   0.991616
10223.779   0.991770
10223.798   0.991424
10223.817   0.990738
10223.836   0.990058
10223.855   0.989598
10223.874   0.989458
10223.893   0.989550
10223.911   0.989764
10223.930   0.990011
10223.949   0.990229
10223.968   0.990326
10223.987   0.990196
10224.006   0.989789
10224.025   0.989197
10224.044   0.988702
10224.062   0.988583
10224.081   0.989002
10224.100   0.989780
10224.119   0.990560
10224.138   0.990942
10224.157   0.990769
10224.176   0.990223
10224.195   0.989584
10224.213   0.989141
10224.232   0.988904
10224.251   0.988838
10224.270   0.988878
10224.289   0.989173
10224.308   0.989901
10224.327   0.991120
10224.346   0.992656
10224.365   0.994099
10224.383   0.995096
10224.402   0.995449
10224.421   0.995266
10224.440   0.994796
10224.459   0.994235
10224.478   0.993646
10224.497   0.992905
10224.516   0.992020
10224.534   0.991146
10224.553   0.990684
10224.572   0.990972
10224.591   0.992108
10224.610   0.993823
10224.629   0.995545
10224.648   0.996779
10224.667   0.997178
10224.686   0.996811
10224.704   0.995958
10224.723   0.995007
10224.742   0.994282
10224.761   0.993945
10224.780   0.994045
10224.799   0.994510
10224.818   0.995178
10224.837   0.995913
10224.855   0.996530
10224.874   0.996990
10224.893   0.997265
10224.912   0.997357
10224.931   0.997286
10224.950   0.996958
10224.969   0.996418
10224.988   0.995614
10225.006   0.994706
10225.025   0.993818
10225.044   0.993123
10225.063   0.992796
10225.082   0.992917
10225.101   0.993522
10225.120   0.994446
10225.139   0.995464
10225.158   0.996289
10225.176   0.996720
10225.195   0.996725
10225.214   0.996397
10225.233   0.995919
10225.252   0.995427
10225.271   0.995049
10225.290   0.994830
10225.309   0.994852
10225.327   0.995185
10225.346   0.995864
10225.365   0.996855
10225.384   0.997884
10225.403   0.998682
10225.422   0.998961
10225.441   0.998715
10225.460   0.998152
10225.479   0.997562
10225.497   0.997215
10225.516   0.997144
10225.535   0.997309
10225.554   0.997626
10225.573   0.998055
10225.592   0.998559
10225.611   0.998997
10225.630   0.999147
10225.648   0.998816
10225.667   0.997971
10225.686   0.996844
10225.705   0.995807
10225.724   0.995202
10225.743   0.995102
10225.762   0.995373
10225.781   0.995772
10225.800   0.996180
10225.818   0.996658
10225.837   0.997238
10225.856   0.997896
10225.875   0.998381
10225.894   0.998552
10225.913   0.998372
10225.932   0.998038
10225.951   0.997763
10225.969   0.997608
10225.988   0.997530
10226.007   0.997451
10226.026   0.997483
10226.045   0.997898
10226.064   0.998900
10226.083   1.000299
10226.102   1.001226
10226.120   1.000572
10226.139   0.997530
10226.158   0.992424
10226.177   0.986775
10226.196   0.982515
10226.215   0.981155
10226.234   0.982627
10226.253   0.985879
10226.272   0.989198
10226.290   0.991500
10226.309   0.992471
10226.328   0.992346
10226.347   0.991574
10226.366   0.990352
10226.385   0.988849
10226.404   0.987046
10226.423   0.984903
10226.441   0.982314
10226.460   0.979181
10226.479   0.975518
10226.498   0.971392
10226.517   0.966823
10226.536   0.961703
10226.555   0.955860
10226.574   0.949416
10226.593   0.942959
10226.611   0.937511
10226.630   0.934122
10226.649   0.933342
10226.668   0.935067
10226.687   0.938589
10226.706   0.943164
10226.725   0.948288
10226.744   0.953789
10226.762   0.959594
10226.781   0.965424
10226.800   0.970851
10226.819   0.975339
10226.838   0.978628
10226.857   0.980836
10226.876   0.982316
10226.895   0.983538
10226.914   0.984758
10226.932   0.986050
10226.951   0.987305
10226.970   0.988414
10226.989   0.989411
10227.008   0.990348
10227.027   0.991326
10227.046   0.992258
10227.065   0.992984
10227.083   0.993360
10227.102   0.993356
10227.121   0.993194
10227.140   0.993100
10227.159   0.993258
10227.178   0.993580
10227.197   0.993872
