 9561.377   0.996516
 9561.395   0.998736
 9561.412   1.000973
 9561.430   1.003101
 9561.447   1.005121
 9561.465   1.007080
 9561.483   1.009019
 9561.500   1.010909
 9561.518   1.012657
 9561.535   1.014098
 9561.553   1.015070
 9561.571   1.015445
 9561.588   1.015163
 9561.606   1.014264
 9561.623   1.012878
 9561.641   1.011257
 9561.658   1.009701
 9561.676   1.008472
 9561.694   1.007724
 9561.711   1.007443
 9561.729   1.007473
 9561.746   1.007597
 9561.764   1.007619
 9561.781   1.007418
 9561.799   1.006932
 9561.817   1.006121
 9561.834   1.004888
 9561.852   1.003110
 9561.869   1.000636
 9561.887   0.997394
 9561.905   0.993353
 9561.922   0.988543
 9561.940   0.982946
 9561.957   0.976457
 9561.975   0.968869
 9561.992   0.959952
 9562.010   0.949614
 9562.028   0.937935
 9562.045   0.925233
 9562.063   0.911959
 9562.080   0.898577
 9562.098   0.885436
 9562.115   0.872702
 9562.133   0.860319
 9562.151   0.848038
 9562.168   0.835518
 9562.186   0.822347
 9562.203   0.808083
 9562.221   0.792156
 9562.239   0.773856
 9562.256   0.752333
 9562.274   0.726638
 9562.291   0.695883
 9562.309   0.659516
 9562.326   0.617610
 9562.344   0.571077
 9562.362   0.521937
 9562.379   0.472984
 9562.397   0.427391
 9562.414   0.388391
 9562.432   0.358557
 9562.449   0.339262
 9562.467   0.330491
 9562.485   0.330910
 9562.502   0.337909
 9562.520   0.348089
 9562.537   0.357769
 9562.555   0.363588
 9562.573   0.362982
 9562.590   0.354606
 9562.608   0.338364
 9562.625   0.315402
 9562.643   0.287758
 9562.660   0.258218
 9562.678   0.229922
 9562.696   0.206054
 9562.713   0.189513
 9562.731   0.182656
 9562.748   0.187026
 9562.766   0.203248
 9562.783   0.231046
 9562.801   0.269295
 9562.819   0.316159
 9562.836   0.369247
 9562.854   0.425948
 9562.871   0.483703
 9562.889   0.540180
 9562.907   0.593624
 9562.924   0.642964
 9562.942   0.687715
 9562.959   0.728000
 9562.977   0.764337
 9562.994   0.797296
 9563.012   0.827442
 9563.030   0.855243
 9563.047   0.880880
 9563.065   0.904381
 9563.082   0.925721
 9563.100   0.944884
 9563.118   0.961940
 9563.135   0.977036
 9563.153   0.990385
 9563.170   1.002102
 9563.188   1.012251
 9563.205   1.020776
 9563.223   1.027645
 9563.241   1.032890
 9563.258   1.036619
 9563.276   1.039035
 9563.293   1.040305
 9563.311   1.040571
 9563.328   1.039825
 9563.346   1.038010
 9563.364   1.035003
 9563.381   1.030748
 9563.399   1.025227
 9563.416   1.018478
 9563.434   1.010556
 9563.452   1.001452
 9563.469   0.991058
 9563.487   0.979125
 9563.504   0.965342
 9563.522   0.949356
 9563.539   0.930845
 9563.557   0.909603
 9563.575   0.885500
 9563.592   0.858338
 9563.610   0.827803
 9563.627   0.793480
 9563.645   0.754807
 9563.662   0.711330
 9563.680   0.662932
 9563.698   0.609840
 9563.715   0.552887
 9563.733   0.493516
 9563.750   0.433599
 9563.768   0.375304
 9563.786   0.321155
 9563.803   0.273659
 9563.821   0.235071
 9563.838   0.207144
 9563.856   0.190981
 9563.873   0.187015
 9563.891   0.195015
 9563.909   0.214140
 9563.926   0.242990
 9563.944   0.279757
 9563.961   0.322503
 9563.979   0.369370
 9563.996   0.418810
 9564.014   0.469723
 9564.032   0.521445
 9564.049   0.573490
 9564.067   0.625421
 9564.084   0.676655
 9564.102   0.726386
 9564.120   0.773692
 9564.137   0.817613
 9564.155   0.857326
 9564.172   0.892293
 9564.190   0.922241
 9564.207   0.947272
 9564.225   0.967812
 9564.243   0.984473
 9564.260   0.997904
 9564.278   1.008668
 9564.295   1.017136
 9564.313   1.023429
 9564.330   1.027609
 9564.348   1.029726
 9564.366   1.029972
 9564.383   1.028699
 9564.401   1.026332
 9564.418   1.023286
 9564.436   1.019814
 9564.454   1.015983
 9564.471   1.011626
 9564.489   1.006435
 9564.506   1.000062
 9564.524   0.992139
 9564.541   0.982392
 9564.559   0.970652
 9564.577   0.956850
 9564.594   0.940964
 9564.612   0.922971
 9564.629   0.902808
 9564.647   0.880336
 9564.664   0.855460
 9564.682   0.828106
 9564.700   0.798198
 9564.717   0.765627
 9564.735   0.730243
 9564.752   0.691869
 9564.770   0.650305
 9564.788   0.605441
 9564.805   0.557406
 9564.823   0.506718
 9564.840   0.454081
 9564.858   0.400515
 9564.875   0.347337
 9564.893   0.295954
 9564.911   0.247719
 9564.928   0.203916
 9564.946   0.165681
 9564.963   0.133832
 9564.981   0.108837
 9564.998   0.090783
 9565.016   0.079479
 9565.034   0.074590
 9565.051   0.075803
 9565.069   0.082951
 9565.086   0.096039
 9565.104   0.115230
 9565.122   0.140660
 9565.139   0.172357
 9565.157   0.210151
 9565.174   0.253538
 9565.192   0.301542
 9565.209   0.352940
 9565.227   0.406334
 9565.245   0.460243
 9565.262   0.513415
 9565.280   0.564902
 9565.297   0.613920
 9565.315   0.659876
 9565.332   0.702355
 9565.350   0.741060
 9565.368   0.775921
 9565.385   0.807068
 9565.403   0.834826
 9565.420   0.859712
 9565.438   0.882342
 9565.456   0.903265
 9565.473   0.922880
 9565.491   0.941322
 9565.508   0.958484
 9565.526   0.974137
 9565.543   0.988048
 9565.561   1.000081
 9565.579   1.010234
 9565.596   1.018632
 9565.614   1.025427
 9565.631   1.030799
 9565.649   1.034950
 9565.666   1.038088
 9565.684   1.040438
 9565.702   1.042192
 9565.719   1.043457
 9565.737   1.044239
 9565.754   1.044387
 9565.772   1.043667
 9565.790   1.041832
 9565.807   1.038733
 9565.825   1.034366
 9565.842   1.028836
 9565.860   1.022338
 9565.877   1.015011
 9565.895   1.006923
 9565.913   0.998005
 9565.930   0.988162
 9565.948   0.977311
 9565.965   0.965450
 9565.983   0.952666
 9566.000   0.939053
 9566.018   0.924693
 9566.036   0.909562
 9566.053   0.893551
 9566.071   0.876497
 9566.088   0.858228
 9566.106   0.838640
 9566.124   0.817749
 9566.141   0.795633
 9566.159   0.772254
 9566.176   0.747491
 9566.194   0.721096
 9566.211   0.692748
 9566.229   0.662117
 9566.247   0.628971
 9566.264   0.593232
 9566.282   0.554993
 9566.299   0.514485
 9566.317   0.472012
 9566.334   0.428002
 9566.352   0.382977
 9566.370   0.337596
 9566.387   0.292638
 9566.405   0.249006
 9566.422   0.207674
 9566.440   0.169592
 9566.458   0.135533
 9566.475   0.106061
 9566.493   0.081485
 9566.510   0.061867
 9566.528   0.047050
 9566.545   0.036693
 9566.563   0.030235
 9566.581   0.026996
 9566.598   0.026267
 9566.616   0.027432
 9566.633   0.030031
 9566.651   0.033782
 9566.668   0.038580
 9566.686   0.044479
 9566.704   0.051750
 9566.721   0.060941
 9566.739   0.072846
 9566.756   0.088422
 9566.774   0.108583
 9566.792   0.134076
 9566.809   0.165181
 9566.827   0.201705
 9566.844   0.243050
 9566.862   0.288323
 9566.879   0.336354
 9566.897   0.385822
 9566.915   0.435409
 9566.932   0.483926
 9566.950   0.530433
 9566.967   0.574298
 9566.985   0.615178
 9567.002   0.652909
 9567.020   0.687445
 9567.038   0.718921
 9567.055   0.747569
 9567.073   0.773691
 9567.090   0.797620
 9567.108   0.819683
 9567.126   0.840058
 9567.143   0.858781
 9567.161   0.875824
 9567.178   0.891150
 9567.196   0.904794
 9567.213   0.916944
 9567.231   0.927837
 9567.249   0.937727
 9567.266   0.946738
 9567.284   0.954923
 9567.301   0.962256
 9567.319   0.968737
 9567.336   0.974428
 9567.354   0.979503
 9567.372   0.984199
 9567.389   0.988731
 9567.407   0.993244
 9567.424   0.997749
 9567.442   1.002138
 9567.460   1.006252
 9567.477   1.009935
 9567.495   1.013080
 9567.512   1.015673
 9567.530   1.017771
 9567.547   1.019507
 9567.565   1.020989
 9567.583   1.022355
 9567.600   1.023637
 9567.618   1.024848
 9567.635   1.025912
 9567.653   1.026753
 9567.670   1.027295
 9567.688   1.027437
 9567.706   1.027102
 9567.723   1.026195
 9567.741   1.024685
 9567.758   1.022602
 9567.776   1.020088
 9567.794   1.017383
 9567.811   1.014802
 9567.829   1.012692
 9567.846   1.011325
 9567.864   1.010871
 9567.881   1.011325
 9567.899   1.012543
 9567.917   1.014259
 9567.934   1.016184
 9567.952   1.018069
 9567.969   1.019747
 9567.987   1.021140
 9568.004   1.022208
 9568.022   1.022913
 9568.040   1.023178
 9568.057   1.022872
 9568.075   1.021876
 9568.092   1.020113
 9568.110   1.017608
 9568.128   1.014452
 9568.145   1.010825
 9568.163   1.006897
 9568.180   1.002827
 9568.198   0.998679
 9568.215   0.994460
 9568.233   0.990105
 9568.251   0.985519
 9568.268   0.980617
 9568.286   0.975339
 9568.303   0.969649
 9568.321   0.963531
 9568.338   0.956963
 9568.356   0.949865
 9568.374   0.942026
 9568.391   0.933118
 9568.409   0.922595
 9568.426   0.909705
 9568.444   0.893437
 9568.462   0.872630
 9568.479   0.846115
 9568.497   0.813008
 9568.514   0.773009
 9568.532   0.726831
 9568.549   0.676295
 9568.567   0.624051
 9568.585   0.573197
 9568.602   0.526500
 9568.620   0.485781
 9568.637   0.451490
 9568.655   0.422774
 9568.672   0.397997
 9568.690   0.375561
 9568.708   0.354557
 9568.725   0.335185
 9568.743   0.318516
 9568.760   0.305950
 9568.778   0.298296
 9568.796   0.295257
 9568.813   0.295275
 9568.831   0.295856
 9568.848   0.294331
 9568.866   0.288557
 9568.883   0.277630
 9568.901   0.262093
 9568.919   0.244001
 9568.936   0.226630
 9568.954   0.214009
 9568.971   0.210110
 9568.989   0.218051
 9569.006   0.239271
 9569.024   0.273532
 9569.042   0.318994
 9569.059   0.372869
 9569.077   0.431922
 9569.094   0.493135
 9569.112   0.553815
 9569.130   0.611637
 9569.147   0.664923
 9569.165   0.712685
 9569.182   0.754612
 9569.200   0.790939
 9569.217   0.822171
 9569.235   0.848950
 9569.253   0.871923
 9569.270   0.891632
 9569.288   0.908583
 9569.305   0.923305
 9569.323   0.936274
 9569.340   0.947876
 9569.358   0.958351
 9569.376   0.967758
 9569.393   0.976069
 9569.411   0.983270
 9569.428   0.989403
 9569.446   0.994619
 9569.464   0.999115
 9569.481   1.003097
 9569.499   1.006710
 9569.516   1.010056
 9569.534   1.013173
 9569.551   1.016070
 9569.569   1.018715
 9569.587   1.021075
 9569.604   1.023094
 9569.622   1.024756
 9569.639   1.026049
 9569.657   1.027022
 9569.675   1.027738
 9569.692   1.028292
 9569.710   1.028767
 9569.727   1.029219
 9569.745   1.029631
 9569.762   1.029894
 9569.780   1.029851
 9569.798   1.029338
 9569.815   1.028251
 9569.833   1.026590
 9569.850   1.024458
 9569.868   1.022015
 9569.885   1.019387
 9569.903   1.016618
 9569.921   1.013619
 9569.938   1.010213
 9569.956   1.006180
 9569.973   1.001278
 9569.991   0.995291
 9570.009   0.987996
 9570.026   0.979139
 9570.044   0.968415
 9570.061   0.955511
 9570.079   0.940113
 9570.096   0.921991
 9570.114   0.901033
 9570.132   0.877162
 9570.149   0.850341
 9570.167   0.820424
 9570.184   0.787247
 9570.202   0.750782
 9570.219   0.711484
 9570.237   0.670467
 9570.255   0.629672
 9570.272   0.591911
 9570.290   0.560449
 9570.307   0.538508
 9570.325   0.528721
 9570.343   0.532493
 9570.360   0.549781
 9570.378   0.578975
 9570.395   0.617211
 9570.413   0.660884
 9570.430   0.706287
 9570.448   0.750170
 9570.466   0.790034
 9570.483   0.824299
 9570.501   0.852378
 9570.518   0.874356
 9570.536   0.890773
 9570.553   0.902397
 9570.571   0.909976
 9570.589   0.914072
 9570.606   0.915093
 9570.624   0.913275
 9570.641   0.908744
 9570.659   0.901530
 9570.677   0.891581
 9570.694   0.878744
 9570.712   0.862678
 9570.729   0.842915
 9570.747   0.818934
 9570.764   0.790354
 9570.782   0.757206
 9570.800   0.720205
 9570.817   0.680883
 9570.835   0.641619
 9570.852   0.605238
 9570.870   0.574531
 9570.887   0.551763
 9570.905   0.538236
 9570.923   0.534059
 9570.940   0.538212
 9570.958   0.548794
 9570.975   0.563334
 9570.993   0.579157
 9571.011   0.593718
 9571.028   0.604835
 9571.046   0.610723
 9571.063   0.610028
 9571.081   0.601888
 9571.098   0.585857
 9571.116   0.561889
 9571.134   0.530324
 9571.151   0.491980
 9571.169   0.448064
 9571.186   0.400184
 9571.204   0.350591
 9571.221   0.301874
 9571.239   0.256672
 9571.257   0.217476
 9571.274   0.186377
 9571.292   0.165025
 9571.309   0.154649
 9571.327   0.155991
 9571.345   0.169186
 9571.362   0.193608
 9571.380   0.227954
 9571.397   0.270292
 9571.415   0.318411
 9571.432   0.370081
 9571.450   0.423335
 9571.468   0.476483
 9571.485   0.528212
 9571.503   0.577587
 9571.520   0.623970
 9571.538   0.667066
 9571.555   0.706752
 9571.573   0.742979
 9571.591   0.775823
 9571.608   0.805376
 9571.626   0.831691
 9571.643   0.854897
 9571.661   0.875159
 9571.679   0.892670
 9571.696   0.907710
 9571.714   0.920650
 9571.731   0.931864
 9571.749   0.941690
 9571.766   0.950364
 9571.784   0.957947
 9571.802   0.964400
 9571.819   0.969657
 9571.837   0.973768
 9571.854   0.976957
 9571.872   0.979599
 9571.889   0.982130
 9571.907   0.984922
 9571.925   0.988142
 9571.942   0.991726
 9571.960   0.995442
 9571.977   0.999002
 9571.995   1.002153
 9572.013   1.004772
 9572.030   1.006871
 9572.048   1.008549
 9572.065   1.009932
 9572.083   1.011105
 9572.100   1.012102
 9572.118   1.012905
 9572.136   1.013480
 9572.153   1.013788
 9572.171   1.013820
 9572.188   1.013585
 9572.206   1.013089
 9572.223   1.012333
 9572.241   1.011326
 9572.259   1.010088
 9572.276   1.008618
 9572.294   1.006857
 9572.311   1.004621
 9572.329   1.001596
 9572.347   0.997386
 9572.364   0.991640
 9572.382   0.984216
 9572.399   0.975292
 9572.417   0.965376
 9572.434   0.955261
 9572.452   0.945849
 9572.470   0.938005
 9572.487   0.932319
 9572.505   0.929017
 9572.522   0.927896
 9572.540   0.928343
 9572.557   0.929481
 9572.575   0.930316
 9572.593   0.929838
 9572.610   0.927052
 9572.628   0.920964
 9572.645   0.910649
 9572.663   0.895416
 9572.681   0.875027
 9572.698   0.849964
 9572.716   0.821599
 9572.733   0.792178
 9572.751   0.764531
 9572.768   0.741792
 9572.786   0.726821
 9572.804   0.721762
 9572.821   0.727378
 9572.839   0.742986
 9572.856   0.766406
 9572.874   0.794658
 9572.891   0.824664
 9572.909   0.853864
 9572.927   0.880466
 9572.944   0.903617
 9572.962   0.923178
 9572.979   0.939427
 9572.997   0.952745
 9573.015   0.963511
 9573.032   0.972037
 9573.050   0.978593
 9573.067   0.983480
 9573.085   0.987039
 9573.102   0.989661
 9573.120   0.991703
 9573.138   0.993445
 9573.155   0.995052
 9573.173   0.996584
 9573.190   0.998022
 9573.208   0.999297
 9573.225   1.000324
 9573.243   1.001055
 9573.261   1.001479
 9573.278   1.001647
 9573.296   1.001617
 9573.313   1.001472
 9573.331   1.001264
 9573.349   1.001019
 9573.366   1.000760
 9573.384   1.000534
 9573.401   1.000404
 9573.419   1.000411
 9573.436   1.000517
 9573.454   1.000614
 9573.472   1.000531
 9573.489   1.000117
 9573.507   0.999310
 9573.524   0.998155
 9573.542   0.996763
 9573.559   0.995253
 9573.577   0.993715
 9573.595   0.992211
 9573.612   0.990837
 9573.630   0.989750
 9573.647   0.989146
 9573.665   0.989174
 9573.683   0.989862
 9573.700   0.991050
 9573.718   0.992444
 9573.735   0.993716
 9573.753   0.994619
 9573.770   0.995071
 9573.788   0.995136
 9573.806   0.994945
 9573.823   0.994583
 9573.841   0.994053
 9573.858   0.993274
 9573.876   0.992165
 9573.893   0.990707
 9573.911   0.988982
 9573.929   0.987175
 9573.946   0.985480
 9573.964   0.984053
 9573.981   0.982912
 9573.999   0.981986
 9574.017   0.981090
 9574.034   0.980002
 9574.052   0.978504
 9574.069   0.976412
 9574.087   0.973642
 9574.104   0.970163
 9574.122   0.966055
 9574.140   0.961463
 9574.157   0.956580
 9574.175   0.951661
 9574.192   0.946963
 9574.210   0.942765
 9574.227   0.939271
 9574.245   0.936604
 9574.263   0.934740
 9574.280   0.933555
 9574.298   0.932873
 9574.315   0.932517
 9574.333   0.932369
 9574.351   0.932366
 9574.368   0.932533
 9574.386   0.932940
 9574.403   0.933753
 9574.421   0.935177
 9574.438   0.937446
 9574.456   0.940724
 9574.474   0.945042
 9574.491   0.950212
 9574.509   0.955875
 9574.526   0.961562
 9574.544   0.966804
 9574.561   0.971257
 9574.579   0.974738
 9574.597   0.977294
 9574.614   0.979085
 9574.632   0.980421
 9574.649   0.981619
 9574.667   0.982925
 9574.685   0.984438
 9574.702   0.986061
 9574.720   0.987607
 9574.737   0.988841
 9574.755   0.989676
 9574.772   0.990169
 9574.790   0.990548
 9574.808   0.991046
 9574.825   0.991820
 9574.843   0.992849
 9574.860   0.993983
 9574.878   0.994975
 9574.895   0.995611
 9574.913   0.995756
 9574.931   0.995421
 9574.948   0.994741
 9574.966   0.993927
 9574.983   0.993206
 9575.001   0.992755
 9575.019   0.992597
 9575.036   0.992645
 9575.054   0.992660
 9575.071   0.992440
 9575.089   0.991839
 9575.106   0.990883
 9575.124   0.989693
 9575.142   0.988415
 9575.159   0.987149
 9575.177   0.985851
 9575.194   0.984419
 9575.212   0.982685
 9575.229   0.980559
 9575.247   0.977994
 9575.265   0.975033
 9575.282   0.971731
 9575.300   0.968129
 9575.317   0.964213
 9575.335   0.959903
 9575.353   0.955071
 9575.370   0.949558
 9575.388   0.943221
 9575.405   0.935910
 9575.423   0.927525
 9575.440   0.917944
 9575.458   0.906944
 9575.476   0.894159
 9575.493   0.879089
 9575.511   0.861103
 9575.528   0.839656
 9575.546   0.814517
 9575.563   0.785948
 9575.581   0.754840
 9575.599   0.722989
 9575.616   0.692956
 9575.634   0.667733
 9575.651   0.650225
 9575.669   0.642544
 9575.687   0.645592
 9575.704   0.658994
 9575.722   0.681281
 9575.739   0.710145
 9575.757   0.742814
 9575.774   0.776583
 9575.792   0.809253
 9575.810   0.839177
 9575.827   0.865553
 9575.845   0.888185
 9575.862   0.907208
 9575.880   0.922935
 9575.897   0.935691
 9575.915   0.945819
 9575.933   0.953697
 9575.950   0.959751
 9575.968   0.964408
 9575.985   0.968042
 9576.003   0.970933
 9576.021   0.973216
 9576.038   0.974983
 9576.056   0.976281
 9576.073   0.977199
 9576.091   0.977850
 9576.108   0.978328
 9576.126   0.978678
 9576.144   0.978866
 9576.161   0.978828
 9576.179   0.978496
 9576.196   0.977866
 9576.214   0.977035
 9576.232   0.976157
 9576.249   0.975429
 9576.267   0.974993
 9576.284   0.974931
 9576.302   0.975194
 9576.319   0.975658
 9576.337   0.976118
 9576.355   0.976393
 9576.372   0.976367
 9576.390   0.976012
 9576.407   0.975390
 9576.425   0.974570
 9576.442   0.973606
 9576.460   0.972455
 9576.478   0.971027
 9576.495   0.969187
 9576.513   0.966840
 9576.530   0.963951
 9576.548   0.960548
 9576.566   0.956686
 9576.583   0.952378
 9576.601   0.947577
 9576.618   0.942144
 9576.636   0.935905
 9576.653   0.928690
 9576.671   0.920377
 9576.689   0.910950
 9576.706   0.900428
 9576.724   0.888818
 9576.741   0.876088
 9576.759   0.862085
 9576.776   0.846495
 9576.794   0.828881
 9576.812   0.808631
 9576.829   0.784999
 9576.847   0.757200
 9576.864   0.724485
 9576.882   0.686377
 9576.900   0.642901
 9576.917   0.594789
 9576.935   0.543803
 9576.952   0.492961
 9576.970   0.445986
 9576.987   0.406794
 9577.005   0.379013
 9577.023   0.365377
 9577.040   0.367224
 9577.058   0.384471
 9577.075   0.415572
 9577.093   0.457632
 9577.110   0.506913
 9577.128   0.559549
 9577.146   0.612160
 9577.163   0.662012
 9577.181   0.707381
 9577.198   0.747434
 9577.216   0.782038
 9577.234   0.811506
 9577.251   0.836364
 9577.269   0.857189
 9577.286   0.874556
 9577.304   0.889046
 9577.321   0.901205
 9577.339   0.911579
 9577.357   0.920608
 9577.374   0.928559
 9577.392   0.935574
 9577.409   0.941694
 9577.427   0.946948
 9577.444   0.951407
 9577.462   0.955194
 9577.480   0.958422
 9577.497   0.961142
 9577.515   0.963372
 9577.532   0.965039
 9577.550   0.966147
 9577.568   0.966748
 9577.585   0.967033
 9577.603   0.967257
 9577.620   0.967664
 9577.638   0.968438
 9577.655   0.969632
 9577.673   0.971219
 9577.691   0.973105
 9577.708   0.975230
 9577.726   0.977542
 9577.743   0.979994
 9577.761   0.982532
 9577.778   0.985060
 9577.796   0.987500
 9577.814   0.989780
 9577.831   0.991883
 9577.849   0.993791
 9577.866   0.995488
 9577.884   0.996937
 9577.902   0.998064
 9577.919   0.998861
 9577.937   0.999354
 9577.954   0.999661
 9577.972   0.999945
 9577.989   1.000364
 9578.007   1.001056
 9578.025   1.002068
 9578.042   1.003382
 9578.060   1.004892
 9578.077   1.006413
 9578.095   1.007744
 9578.112   1.008682
 9578.130   1.009135
 9578.148   1.009148
 9578.165   1.008915
 9578.183   1.008710
 9578.200   1.008781
 9578.218   1.009260
 9578.236   1.010120
 9578.253   1.011188
 9578.271   1.012246
 9578.288   1.013099
 9578.306   1.013683
 9578.323   1.014044
 9578.341   1.014341
 9578.359   1.014768
 9578.376   1.015471
 9578.394   1.016503
 9578.411   1.017785
 9578.429   1.019175
 9578.446   1.020521
 9578.464   1.021733
 9578.482   1.022806
 9578.499   1.023818
 9578.517   1.024860
 9578.534   1.025982
 9578.552   1.027156
 9578.570   1.028268
 9578.587   1.029193
 9578.605   1.029841
 9578.622   1.030221
 9578.640   1.030402
 9578.657   1.030472
 9578.675   1.030434
 9578.693   1.030170
 9578.710   1.029453
 9578.728   1.028035
 9578.745   1.025750
 9578.763   1.022653
 9578.780   1.019007
 9578.798   1.015257
 9578.816   1.011854
 9578.833   1.009139
 9578.851   1.007239
 9578.868   1.006053
 9578.886   1.005314
 9578.904   1.004676
 9578.921   1.003805
 9578.939   1.002426
 9578.956   1.000354
 9578.974   0.997483
 9578.991   0.993785
 9579.009   0.989238
 9579.027   0.983767
 9579.044   0.977111
 9579.062   0.968711
 9579.079   0.957692
 9579.097   0.942907
 9579.114   0.923042
 9579.132   0.896995
 9579.150   0.864179
 9579.167   0.824760
 9579.185   0.780182
 9579.202   0.733197
 9579.220   0.687764
 9579.238   0.648410
 9579.255   0.619607
 9579.273   0.604536
 9579.290   0.604445
 9579.308   0.618432
 9579.325   0.643710
 9579.343   0.676278
 9579.361   0.711616
 9579.378   0.745728
 9579.396   0.775609
 9579.413   0.799614
 9579.431   0.817346
 9579.448   0.829441
 9579.466   0.836834
 9579.484   0.840410
 9579.501   0.840510
 9579.519   0.836872
 9579.536   0.828683
 9579.554   0.814951
 9579.572   0.794752
 9579.589   0.767499
 9579.607   0.733177
 9579.624   0.692290
 9579.642   0.645772
 9579.659   0.594900
 9579.677   0.541117
 9579.695   0.485714
 9579.712   0.429992
 9579.730   0.375148
 9579.747   0.322264
 9579.765   0.272508
 9579.782   0.227071
 9579.800   0.187127
 9579.818   0.154013
 9579.835   0.129048
 9579.853   0.113297
 9579.870   0.107422
 9579.888   0.111307
 9579.906   0.123759
 9579.923   0.142591
 9579.941   0.164917
 9579.958   0.187559
 9579.976   0.207367
 9579.993   0.221585
 9580.011   0.228382
 9580.029   0.227293
 9580.046   0.219323
 9580.064   0.206946
 9580.081   0.193549
 9580.099   0.182998
 9580.116   0.178872
 9580.134   0.184109
 9580.152   0.200580
 9580.169   0.228898
 9580.187   0.268317
 9580.204   0.316961
 9580.222   0.372174
 9580.240   0.430934
 9580.257   0.490451
 9580.275   0.548563
 9580.292   0.603608
 9580.310   0.654687
 9580.327   0.701465
 9580.345   0.743814
 9580.363   0.781713
 9580.380   0.815115
 9580.398   0.843771
 9580.415   0.867357
 9580.433   0.885757
 9580.450   0.899256
 9580.468   0.908602
 9580.486   0.914967
 9580.503   0.919630
 9580.521   0.923779
 9580.538   0.928112
 9580.556   0.932721
 9580.574   0.937058
 9580.591   0.940202
 9580.609   0.941019
 9580.626   0.938484
 9580.644   0.931843
 9580.661   0.920721
 9580.679   0.905076
 9580.697   0.885149
 9580.714   0.861406
 9580.732   0.834374
 9580.749   0.804527
 9580.767   0.772191
 9580.784   0.737388
 9580.802   0.700003
 9580.820   0.659846
 9580.837   0.616579
 9580.855   0.570026
 9580.872   0.520324
 9580.890   0.467878
 9580.908   0.413481
 9580.925   0.358411
 9580.943   0.304152
 9580.960   0.252335
 9580.978   0.204621
 9580.995   0.162399
 9581.013   0.126689
 9581.031   0.098055
 9581.048   0.076543
 9581.066   0.061719
 9581.083   0.052921
 9581.101   0.049477
 9581.118   0.050956
 9581.136   0.057251
 9581.154   0.068583
 9581.171   0.085334
 9581.189   0.107989
 9581.206   0.136872
 9581.224   0.171874
 9581.242   0.212470
 9581.259   0.257851
 9581.277   0.306766
 9581.294   0.357657
 9581.312   0.409012
 9581.329   0.459350
 9581.347   0.507307
 9581.365   0.551870
 9581.382   0.592305
 9581.400   0.628073
 9581.417   0.658846
 9581.435   0.684354
 9581.452   0.704416
 9581.470   0.718992
 9581.488   0.728062
 9581.505   0.731634
 9581.523   0.729718
 9581.540   0.722257
 9581.558   0.709050
 9581.576   0.689691
 9581.593   0.663699
 9581.611   0.630750
 9581.628   0.590827
 9581.646   0.544506
 9581.663   0.493167
 9581.681   0.438923
 9581.699   0.384575
 9581.716   0.333359
 9581.734   0.288813
 9581.751   0.254369
 9581.769   0.232670
 9581.786   0.225385
 9581.804   0.233076
 9581.822   0.255346
 9581.839   0.290917
 9581.857   0.337656
 9581.874   0.392853
 9581.892   0.453334
 9581.910   0.515832
 9581.927   0.577507
 9581.945   0.636247
 9581.962   0.690545
 9581.980   0.739451
 9581.997   0.782666
 9582.015   0.820203
 9582.033   0.852321
 9582.050   0.879409
 9582.068   0.901872
 9582.085   0.920138
 9582.103   0.934637
 9582.120   0.945746
 9582.138   0.953820
 9582.156   0.959173
 9582.173   0.962060
 9582.191   0.962739
 9582.208   0.961572
 9582.226   0.959072
 9582.244   0.955963
 9582.261   0.953091
 9582.279   0.951337
 9582.296   0.951460
 9582.314   0.953936
 9582.331   0.958908
 9582.349   0.966124
 9582.367   0.975027
 9582.384   0.984849
 9582.402   0.994786
 9582.419   1.004145
 9582.437   1.012430
 9582.454   1.019401
 9582.472   1.025034
 9582.490   1.029417
 9582.507   1.032696
 9582.525   1.034995
 9582.542   1.036396
 9582.560   1.036963
 9582.578   1.036788
 9582.595   1.036009
 9582.613   1.034788
 9582.630   1.033296
 9582.648   1.031634
 9582.665   1.029824
 9582.683   1.027808
 9582.701   1.025484
 9582.718   1.022785
 9582.736   1.019751
 9582.753   1.016543
 9582.771   1.013412
 9582.788   1.010634
 9582.806   1.008455
 9582.824   1.006993
 9582.841   1.006236
 9582.859   1.006071
 9582.876   1.006329
 9582.894   1.006866
 9582.912   1.007571
 9582.929   1.008393
 9582.947   1.009277
 9582.964   1.010124
 9582.982   1.010781
 9582.999   1.011059
 9583.017   1.010891
 9583.035   1.010350
 9583.052   1.009699
 9583.070   1.009240
 9583.087   1.009163
 9583.105   1.009439
 9583.123   1.009788
 9583.140   1.009847
 9583.158   1.009317
 9583.175   1.008124
 9583.193   1.006430
 9583.210   1.004491
 9583.228   1.002565
 9583.246   1.000714
 9583.263   0.998861
 9583.281   0.996789
 9583.298   0.994289
 9583.316   0.991210
 9583.333   0.987466
 9583.351   0.982991
 9583.369   0.977655
 9583.386   0.971177
 9583.404   0.963069
 9583.421   0.952725
 9583.439   0.939458
 9583.457   0.922674
 9583.474   0.902254
 9583.492   0.878738
 9583.509   0.853507
 9583.527   0.828698
 9583.544   0.806972
 9583.562   0.790906
 9583.580   0.782512
 9583.597   0.782749
 9583.615   0.791431
 9583.632   0.807115
 9583.650   0.827603
 9583.667   0.850344
 9583.685   0.872922
 9583.703   0.893599
 9583.720   0.911435
 9583.738   0.926259
 9583.755   0.938368
 9583.773   0.948254
 9583.791   0.956293
 9583.808   0.962665
 9583.826   0.967445
 9583.843   0.970671
 9583.861   0.972457
 9583.878   0.973014
 9583.896   0.972639
 9583.914   0.971655
 9583.931   0.970377
 9583.949   0.969064
 9583.966   0.967924
 9583.984   0.967095
 9584.001   0.966657
 9584.019   0.966597
 9584.037   0.966798
 9584.054   0.967031
 9584.072   0.967012
 9584.089   0.966445
 9584.107   0.965133
 9584.125   0.963028
 9584.142   0.960300
 9584.160   0.957307
 9584.177   0.954527
 9584.195   0.952426
 9584.212   0.951368
 9584.230   0.951519
 9584.248   0.952825
 9584.265   0.955046
 9584.283   0.957805
 9584.300   0.960700
 9584.318   0.963381
 9584.335   0.965633
 9584.353   0.967368
 9584.371   0.968586
 9584.388   0.969317
 9584.406   0.969543
 9584.423   0.969162
 9584.441   0.968015
 9584.459   0.965911
 9584.476   0.962628
 9584.494   0.957922
 9584.511   0.951451
 9584.529   0.942898
 9584.546   0.931998
 9584.564   0.918719
 9584.582   0.903405
 9584.599   0.886797
 9584.617   0.869973
 9584.634   0.854138
 9584.652   0.840385
 9584.669   0.829566
 9584.687   0.822213
 9584.705   0.818519
 9584.722   0.818471
 9584.740   0.821930
 9584.757   0.828724
 9584.775   0.838628
 9584.793   0.851308
 9584.810   0.866266
 9584.828   0.882779
 9584.845   0.899955
 9584.863   0.916816
 9584.880   0.932483
 9584.898   0.946281
 9584.916   0.957866
 9584.933   0.967216
 9584.951   0.974562
 9584.968   0.980266
 9584.986   0.984707
 9585.003   0.988196
 9585.021   0.990978
 9585.039   0.993233
 9585.056   0.995093
 9585.074   0.996683
 9585.091   0.998094
 9585.109   0.999372
 9585.127   1.000510
 9585.144   1.001453
 9585.162   1.002135
 9585.179   1.002487
 9585.197   1.002478
 9585.214   1.002084
 9585.232   1.001315
 9585.250   1.000209
 9585.267   0.998826
 9585.285   0.997259
 9585.302   0.995576
 9585.320   0.993799
 9585.337   0.991832
 9585.355   0.989488
 9585.373   0.986566
 9585.390   0.982896
 9585.408   0.978430
 9585.425   0.973148
 9585.443   0.966972
 9585.461   0.959618
 9585.478   0.950567
 9585.496   0.939198
 9585.513   0.924935
 9585.531   0.907592
 9585.548   0.887525
 9585.566   0.865777
 9585.584   0.843893
 9585.601   0.823613
 9585.619   0.806628
 9585.636   0.794103
 9585.654   0.786477
 9585.671   0.783353
 9585.689   0.783565
 9585.707   0.785251
 9585.724   0.786137
 9585.742   0.783738
 9585.759   0.775778
 9585.777   0.760537
 9585.795   0.737173
 9585.812   0.705919
 9585.830   0.668272
 9585.847   0.626884
 9585.865   0.585413
 9585.882   0.548114
 9585.900   0.519355
 9585.918   0.502726
 9585.935   0.500505
 9585.953   0.513143
 9585.970   0.539407
 9585.988   0.576457
 9586.005   0.620631
 9586.023   0.668089
 9586.041   0.715314
 9586.058   0.759595
 9586.076   0.799154
 9586.093   0.833134
 9586.111   0.861417
 9586.129   0.884338
 9586.146   0.902390
 9586.164   0.916142
 9586.181   0.926077
 9586.199   0.932581
 9586.216   0.935862
 9586.234   0.936038
 9586.252   0.933231
 9586.269   0.927695
 9586.287   0.920026
 9586.304   0.911170
 9586.322   0.902419
 9586.339   0.895182
 9586.357   0.890764
 9586.375   0.890079
 9586.392   0.893498
 9586.410   0.900800
 9586.427   0.911295
 9586.445   0.923976
 9586.463   0.937635
 9586.480   0.951074
 9586.498   0.963256
 9586.515   0.973449
 9586.533   0.981335
 9586.550   0.986978
 9586.568   0.990742
 9586.586   0.993104
 9586.603   0.994446
 9586.621   0.994938
 9586.638   0.994548
 9586.656   0.993127
 9586.673   0.990582
 9586.691   0.986895
 9586.709   0.982157
 9586.726   0.976448
 9586.744   0.969777
 9586.761   0.962034
 9586.779   0.953016
 9586.797   0.942475
 9586.814   0.930188
 9586.832   0.915939
 9586.849   0.899494
 9586.867   0.880473
 9586.884   0.858314
 9586.902   0.832236
 9586.920   0.801424
 9586.937   0.765099
 9586.955   0.722784
 9586.972   0.674474
 9586.990   0.620819
 9587.007   0.563192
 9587.025   0.503951
 9587.043   0.446157
 9587.060   0.393410
 9587.078   0.349497
 9587.095   0.317879
 9587.113   0.301241
 9587.131   0.301146
 9587.148   0.317708
 9587.166   0.349604
 9587.183   0.394105
 9587.201   0.447774
 9587.218   0.506823
 9587.236   0.567504
 9587.254   0.626580
 9587.271   0.681612
 9587.289   0.730907
 9587.306   0.773571
 9587.324   0.809591
 9587.341   0.839524
 9587.359   0.864269
 9587.377   0.884855
 9587.394   0.902261
 9587.412   0.917304
 9587.429   0.930670
 9587.447   0.942917
 9587.465   0.954471
 9587.482   0.965599
 9587.500   0.976438
 9587.517   0.986937
 9587.535   0.996935
 9587.552   1.006228
 9587.570   1.014648
 9587.588   1.022108
 9587.605   1.028562
 9587.623   1.034032
 9587.640   1.038577
 9587.658   1.042293
 9587.675   1.045343
 9587.693   1.047884
 9587.711   1.050074
 9587.728   1.051933
 9587.746   1.053391
 9587.763   1.054310
 9587.781   1.054605
 9587.799   1.054330
 9587.816   1.053680
 9587.834   1.052918
 9587.851   1.052253
 9587.869   1.051719
 9587.886   1.051207
 9587.904   1.050463
 9587.922   1.049249
 9587.939   1.047358
 9587.957   1.044677
 9587.974   1.041161
 9587.992   1.036741
 9588.009   1.031338
 9588.027   1.024812
 9588.045   1.017008
 9588.062   1.007763
 9588.080   0.996914
 9588.097   0.984345
 9588.115   0.969822
 9588.133   0.953049
 9588.150   0.933546
 9588.168   0.910698
 9588.185   0.883728
 9588.203   0.851831
 9588.220   0.814303
 9588.238   0.770659
 9588.256   0.720863
 9588.273   0.665699
 9588.291   0.607000
 9588.308   0.547582
 9588.326   0.490955
 9588.343   0.440753
 9588.361   0.400179
 9588.379   0.371361
 9588.396   0.355039
 9588.414   0.350319
 9588.431   0.354656
 9588.449   0.364114
 9588.467   0.373961
 9588.484   0.379684
 9588.502   0.377842
 9588.519   0.366730
 9588.537   0.346550
 9588.554   0.319282
 9588.572   0.288423
 9588.590   0.258469
 9588.607   0.234253
 9588.625   0.219909
 9588.642   0.218135
 9588.660   0.229874
 9588.677   0.254264
 9588.695   0.288949
 9588.713   0.330377
 9588.730   0.374481
 9588.748   0.417116
 9588.765   0.454667
 9588.783   0.484323
 9588.801   0.504370
 9588.818   0.513899
 9588.836   0.512690
 9588.853   0.501030
 9588.871   0.479657
 9588.888   0.449693
 9588.906   0.412621
 9588.924   0.370209
 9588.941   0.324541
 9588.959   0.277865
 9588.976   0.232400
 9588.994   0.190175
 9589.011   0.152904
 9589.029   0.121956
 9589.047   0.098463
 9589.064   0.083203
 9589.082   0.076607
 9589.099   0.078811
 9589.117   0.089748
 9589.135   0.109201
 9589.152   0.136810
 9589.170   0.172018
 9589.187   0.214018
 9589.205   0.261534
 9589.222   0.312770
 9589.240   0.365757
 9589.258   0.418469
 9589.275   0.468902
 9589.293   0.515219
 9589.310   0.555904
 9589.328   0.589593
 9589.345   0.615091
 9589.363   0.631438
 9589.381   0.638030
 9589.398   0.634673
 9589.416   0.621731
 9589.433   0.600370
 9589.451   0.572619
 9589.469   0.541427
 9589.486   0.510566
 9589.504   0.484235
 9589.521   0.466450
 9589.539   0.460281
 9589.556   0.467399
 9589.574   0.487827
 9589.592   0.520282
 9589.609   0.562481
 9589.627   0.611526
 9589.644   0.664157
 9589.662   0.717105
 9589.680   0.767672
 9589.697   0.813928
 9589.715   0.854662
 9589.732   0.889360
 9589.750   0.918002
 9589.767   0.940723
 9589.785   0.957709
 9589.803   0.969183
 9589.820   0.975390
 9589.838   0.976635
 9589.855   0.973336
 9589.873   0.965953
 9589.890   0.954811
 9589.908   0.939982
 9589.926   0.921164
 9589.943   0.897738
 9589.961   0.868855
 9589.978   0.833582
 9589.996   0.791014
 9590.014   0.740642
 9590.031   0.682665
 9590.049   0.617937
 9590.066   0.548134
 9590.084   0.475728
 9590.101   0.403734
 9590.119   0.335483
 9590.137   0.274530
 9590.154   0.224248
 9590.172   0.187438
 9590.189   0.165911
 9590.207   0.160566
 9590.224   0.171355
 9590.242   0.197508
 9590.260   0.237625
 9590.277   0.289739
 9590.295   0.351368
 9590.312   0.419849
 9590.330   0.492204
 9590.348   0.565225
 9590.365   0.636150
 9590.383   0.702864
 9590.400   0.763794
 9590.418   0.818071
 9590.435   0.865406
 9590.453   0.905962
 9590.471   0.940196
 9590.488   0.968822
 9590.506   0.992654
 9590.523   1.012514
 9590.541   1.029112
 9590.558   1.043028
 9590.576   1.054633
 9590.594   1.064158
 9590.611   1.071763
 9590.629   1.077668
 9590.646   1.082142
 9590.664   1.085480
 9590.682   1.087932
 9590.699   1.089594
 9590.717   1.090396
 9590.734   1.090112
 9590.752   1.088454
 9590.769   1.085172
 9590.787   1.080112
 9590.805   1.073260
 9590.822   1.064630
 9590.840   1.054272
 9590.857   1.042173
 9590.875   1.028248
 9590.892   1.012346
 9590.910   0.994317
 9590.928   0.973878
 9590.945   0.950588
 9590.963   0.923887
 9590.980   0.893016
 9590.998   0.857039
 9591.016   0.815120
 9591.033   0.766674
 9591.051   0.711454
 9591.068   0.649772
 9591.086   0.582742
 9591.103   0.512214
 9591.121   0.440641
 9591.139   0.371041
 9591.156   0.306810
 9591.174   0.251411
 9591.191   0.208040
 9591.209   0.179279
 9591.226   0.166863
 9591.244   0.171518
 9591.262   0.192820
 9591.279   0.229222
 9591.297   0.278290
 9591.314   0.337083
 9591.332   0.402195
 9591.350   0.470083
 9591.367   0.537504
 9591.385   0.601597
 9591.402   0.660005
 9591.420   0.711157
 9591.437   0.754348
 9591.455   0.789700
 9591.473   0.817786
 9591.490   0.839559
 9591.508   0.856231
 9591.525   0.869009
 9591.543   0.878824
 9591.560   0.886218
 9591.578   0.891227
 9591.596   0.893523
 9591.613   0.892672
 9591.631   0.888358
 9591.648   0.880513
 9591.666   0.869235
 9591.684   0.854615
 9591.701   0.836580
 9591.719   0.814736
 9591.736   0.788403
 9591.754   0.756712
 9591.771   0.718826
 9591.789   0.674265
 9591.807   0.623230
 9591.824   0.566801
 9591.842   0.507259
 9591.859   0.448006
 9591.877   0.393154
 9591.894   0.346963
 9591.912   0.313416
 9591.930   0.295496
 9591.947   0.294782
 9591.965   0.311141
 9591.982   0.342772
 9592.000   0.386411
 9592.018   0.437945
 9592.035   0.493057
 9592.053   0.547849
 9592.070   0.599135
 9592.088   0.644497
 9592.105   0.682291
 9592.123   0.711713
 9592.141   0.732549
 9592.158   0.745044
 9592.176   0.749657
 9592.193   0.746963
 9592.211   0.737437
 9592.228   0.721398
 9592.246   0.698920
 9592.264   0.670032
 9592.281   0.634797
 9592.299   0.593414
 9592.316   0.546385
 9592.334   0.494550
 9592.352   0.439134
 9592.369   0.381778
 9592.387   0.324421
 9592.404   0.269238
 9592.422   0.218585
 9592.439   0.174586
 9592.457   0.138856
 9592.475   0.112551
 9592.492   0.096411
 9592.510   0.090716
 9592.527   0.095506
 9592.545   0.110655
 9592.562   0.135886
 9592.580   0.170562
 9592.598   0.213681
 9592.615   0.263952
 9592.633   0.319730
 9592.650   0.379105
 9592.668   0.440143
 9592.686   0.500927
 9592.703   0.559707
 9592.721   0.615039
 9592.738   0.665964
 9592.756   0.711973
 9592.773   0.752985
 9592.791   0.789118
 9592.809   0.820703
 9592.826   0.848173
 9592.844   0.871914
 9592.861   0.892311
 9592.879   0.909747
 9592.896   0.924535
 9592.914   0.937025
 9592.932   0.947639
 9592.949   0.956828
 9592.967   0.965086
 9592.984   0.972867
 9593.002   0.980419
 9593.020   0.987725
 9593.037   0.994466
 9593.055   1.000272
 9593.072   1.004826
 9593.090   1.008116
 9593.107   1.010420
 9593.125   1.012160
 9593.143   1.013802
 9593.160   1.015534
 9593.178   1.017443
 9593.195   1.019463
 9593.213   1.021591
 9593.230   1.023917
 9593.248   1.026516
 9593.266   1.029387
 9593.283   1.032276
 9593.301   1.034800
 9593.318   1.036575
 9593.336   1.037385
 9593.354   1.037321
 9593.371   1.036657
 9593.389   1.035767
 9593.406   1.034897
 9593.424   1.034175
 9593.441   1.033629
 9593.459   1.033273
 9593.477   1.033157
 9593.494   1.033286
 9593.512   1.033545
 9593.529   1.033650
 9593.547   1.033220
 9593.564   1.031918
 9593.582   1.029594
 9593.600   1.026276
 9593.617   1.022143
 9593.635   1.017396
 9593.652   1.012194
 9593.670   1.006628
 9593.688   1.000735
 9593.705   0.994562
 9593.723   0.988172
 9593.740   0.981577
 9593.758   0.974669
 9593.775   0.967163
 9593.793   0.958604
 9593.811   0.948409
 9593.828   0.936086
 9593.846   0.921324
 9593.863   0.904065
 9593.881   0.884489
 9593.898   0.862888
 9593.916   0.839312
 9593.934   0.813418
 9593.951   0.784509
 9593.969   0.751519
 9593.986   0.713294
 9594.004   0.668868
 9594.022   0.617973
 9594.039   0.561325
 9594.057   0.500753
 9594.074   0.439131
 9594.092   0.380375
 9594.109   0.328848
 9594.127   0.288542
 9594.145   0.262765
 9594.162   0.253582
 9594.180   0.261577
 9594.197   0.285720
 9594.215   0.323687
 9594.232   0.372136
 9594.250   0.427299
 9594.268   0.485408
 9594.285   0.543132
 9594.303   0.597707
 9594.320   0.647180
 9594.338   0.690207
 9594.356   0.726086
 9594.373   0.754807
 9594.391   0.776769
 9594.408   0.792453
 9594.426   0.802299
 9594.443   0.806571
 9594.461   0.805292
 9594.479   0.798253
 9594.496   0.785087
 9594.514   0.765463
 9594.531   0.739168
 9594.549   0.706285
 9594.566   0.667383
 9594.584   0.623540
 9594.602   0.576366
 9594.619   0.528125
 9594.637   0.481505
 9594.654   0.439501
 9594.672   0.404973
 9594.690   0.380183
 9594.707   0.366271
 9594.725   0.363109
 9594.742   0.369046
 9594.760   0.381300
 9594.777   0.396425
 9594.795   0.411247
 9594.813   0.423602
 9594.830   0.432941
 9594.848   0.440415
 9594.865   0.448543
 9594.883   0.460348
 9594.900   0.478564
 9594.918   0.505008
 9594.936   0.539956
 9594.953   0.582268
 9594.971   0.629461
 9594.988   0.678521
 9595.006   0.726514
 9595.024   0.770965
 9595.041   0.810197
 9595.059   0.843498
 9595.076   0.870756
 9595.094   0.892232
 9595.111   0.908454
 9595.129   0.920051
 9595.147   0.927621
 9595.164   0.931841
 9595.182   0.933525
 9595.199   0.933667
 9595.217   0.933336
 9595.234   0.933513
 9595.252   0.934881
 9595.270   0.937728
 9595.287   0.941893
 9595.305   0.946901
 9595.322   0.952113
 9595.340   0.956898
 9595.358   0.960808
 9595.375   0.963666
 9595.393   0.965619
 9595.410   0.967076
 9595.428   0.968621
 9595.445   0.970775
 9595.463   0.973833
 9595.481   0.977724
 9595.498   0.982132
 9595.516   0.986601
 9595.533   0.990774
 9595.551   0.994513
 9595.568   0.997833
 9595.586   1.000858
 9595.604   1.003661
 9595.621   1.006268
 9595.639   1.008661
 9595.656   1.010820
 9595.674   1.012774
 9595.692   1.014571
 9595.709   1.016223
 9595.727   1.017693
 9595.744   1.018852
 9595.762   1.019572
 9595.779   1.019765
 9595.797   1.019459
 9595.815   1.018760
 9595.832   1.017776
 9595.850   1.016563
 9595.867   1.015099
 9595.885   1.013362
 9595.902   1.011422
 9595.920   1.009434
 9595.938   1.007630
 9595.955   1.006164
 9595.973   1.005038
 9595.990   1.004041
 9596.008   1.002829
 9596.026   1.001037
 9596.043   0.998376
 9596.061   0.994653
 9596.078   0.989802
 9596.096   0.983755
 9596.113   0.976407
 9596.131   0.967563
 9596.149   0.956941
 9596.166   0.944183
 9596.184   0.928867
 9596.201   0.910665
 9596.219   0.889356
 9596.237   0.864879
 9596.254   0.837408
 9596.272   0.807481
 9596.289   0.776069
 9596.307   0.744424
 9596.324   0.714076
 9596.342   0.686636
 9596.360   0.663456
 9596.377   0.645541
 9596.395   0.633598
 9596.412   0.628118
 9596.430   0.629448
 9596.447   0.637743
 9596.465   0.652882
 9596.483   0.674202
 9596.500   0.700513
 9596.518   0.730083
 9596.535   0.760990
 9596.553   0.791409
 9596.571   0.819957
 9596.588   0.845791
 9596.606   0.868469
 9596.623   0.887893
 9596.641   0.904030
 9596.658   0.916930
 9596.676   0.926812
 9596.694   0.934062
 9596.711   0.939281
 9596.729   0.943239
 9596.746   0.946802
 9596.764   0.950723
 9596.781   0.955537
 9596.799   0.961514
 9596.817   0.968597
 9596.834   0.976515
 9596.852   0.984825
 9596.869   0.993044
 9596.887   1.000689
 9596.905   1.007425
 9596.922   1.013063
 9596.940   1.017633
 9596.957   1.021236
 9596.975   1.024047
 9596.992   1.026191
 9597.010   1.027782
 9597.028   1.028897
 9597.045   1.029643
 9597.063   1.030148
 9597.080   1.030512
 9597.098   1.030732
 9597.115   1.030669
 9597.133   1.030063
 9597.151   1.028674
 9597.168   1.026409
 9597.186   1.023338
 9597.203   1.019674
 9597.221   1.015531
 9597.239   1.010849
 9597.256   1.005325
 9597.274   0.998560
 9597.291   0.990186
 9597.309   0.979944
 9597.326   0.967692
 9597.344   0.953224
 9597.362   0.936063
 9597.379   0.915376
 9597.397   0.890056
 9597.414   0.858759
 9597.432   0.820264
 9597.449   0.773767
 9597.467   0.719057
 9597.485   0.656782
 9597.502   0.588730
 9597.520   0.518107
 9597.537   0.449295
 9597.555   0.387597
 9597.573   0.338314
 9597.590   0.306019
 9597.608   0.293527
 9597.625   0.301472
 9597.643   0.328072
 9597.660   0.369648
 9597.678   0.421226
 9597.696   0.477186
 9597.713   0.531984
 9597.731   0.581051
 9597.748   0.621006
 9597.766   0.649608
 9597.783   0.665812
 9597.801   0.669438
 9597.819   0.660855
 9597.836   0.640910
 9597.854   0.611003
 9597.871   0.573199
 9597.889   0.530472
 9597.907   0.486716
 9597.924   0.446285
 9597.942   0.413648
 9597.959   0.392856
 9597.977   0.386850
 9597.994   0.396995
 9598.012   0.422845
 9598.030   0.462283
 9598.047   0.511950
 9598.065   0.567876
 9598.082   0.626058
 9598.100   0.683126
 9598.117   0.736520
 9598.135   0.784610
 9598.153   0.826567
 9598.170   0.862263
 9598.188   0.892120
 9598.205   0.916747
 9598.223   0.936770
 9598.241   0.952843
 9598.258   0.965593
 9598.276   0.975589
 9598.293   0.983374
 9598.311   0.989468
 9598.328   0.994155
 9598.346   0.997515
 9598.364   0.999436
 9598.381   0.999751
 9598.399   0.998388
 9598.416   0.995422
 9598.434   0.991080
 9598.451   0.985532
 9598.469   0.978773
 9598.487   0.970539
 9598.504   0.960369
 9598.522   0.947806
 9598.539   0.932491
 9598.557   0.914230
 9598.575   0.892923
 9598.592   0.868368
 9598.610   0.840118
 9598.627   0.807527
 9598.645   0.770000
 9598.662   0.726967
 9598.680   0.678186
 9598.698   0.623967
 9598.715   0.565131
 9598.733   0.502917
 9598.750   0.439253
 9598.768   0.376588
 9598.785   0.317603
 9598.803   0.265097
 9598.821   0.221777
 9598.838   0.190074
 9598.856   0.171808
 9598.873   0.167959
 9598.891   0.178650
 9598.909   0.203134
 9598.926   0.239983
 9598.944   0.287134
 9598.961   0.341961
 9598.979   0.401715
 9598.996   0.463787
 9599.014   0.525614
 9599.032   0.585054
 9599.049   0.640587
 9599.067   0.691183
 9599.084   0.736244
 9599.102   0.775641
 9599.119   0.809480
 9599.137   0.837992
 9599.155   0.861485
 9599.172   0.880363
 9599.190   0.895082
 9599.207   0.906102
 9599.225   0.913892
 9599.243   0.918963
 9599.260   0.921759
 9599.278   0.922538
 9599.295   0.921334
 9599.313   0.917937
 9599.330   0.911925
 9599.348   0.902800
 9599.366   0.890154
 9599.383   0.873983
 9599.401   0.854843
 9599.418   0.834084
 9599.436   0.813694
 9599.453   0.795994
 9599.471   0.783241
 9599.489   0.777223
 9599.506   0.779051
 9599.524   0.788913
 9599.541   0.806043
 9599.559   0.828756
 9599.577   0.854653
 9599.594   0.881140
 9599.612   0.906014
 9599.629   0.927642
 9599.647   0.945106
 9599.664   0.958181
 9599.682   0.967153
 9599.700   0.972569
 9599.717   0.975125
 9599.735   0.975569
 9599.752   0.974680
 9599.770   0.973270
 9599.787   0.972143
 9599.805   0.972057
 9599.823   0.973607
 9599.840   0.977131
 9599.858   0.982631
 9599.875   0.989707
 9599.893   0.997663
 9599.911   1.005665
 9599.928   1.013017
 9599.946   1.019282
 9599.963   1.024290
 9599.981   1.028077
 9599.998   1.030763
 9600.016   1.032464
 9600.034   1.033267
 9600.051   1.033208
 9600.069   1.032292
 9600.086   1.030509
 9600.104   1.027868
 9600.121   1.024350
 9600.139   1.019896
 9600.157   1.014364
 9600.174   1.007538
 9600.192   0.999151
 9600.209   0.988995
 9600.227   0.976958
 9600.245   0.963087
 9600.262   0.947740
 9600.280   0.931573
 9600.297   0.915544
 9600.315   0.900745
 9600.332   0.888218
 9600.350   0.878672
 9600.368   0.872387
 9600.385   0.868997
 9600.403   0.867488
 9600.420   0.866333
 9600.438   0.863886
 9600.455   0.858880
 9600.473   0.850745
 9600.491   0.839774
 9600.508   0.827006
 9600.526   0.814082
 9600.543   0.803034
 9600.561   0.795929
 9600.579   0.794529
 9600.596   0.799734
 9600.614   0.811411
 9600.631   0.828414
 9600.649   0.848998
 9600.666   0.871184
 9600.684   0.893139
 9600.702   0.913341
 9600.719   0.930773
 9600.737   0.944962
 9600.754   0.955922
 9600.772   0.964006
 9600.789   0.969708
 9600.807   0.973492
 9600.825   0.975677
 9600.842   0.976401
 9600.860   0.975659
 9600.877   0.973338
 9600.895   0.969270
 9600.913   0.963253
 9600.930   0.955048
 9600.948   0.944338
 9600.965   0.930567
 9600.983   0.912858
 9601.000   0.889997
 9601.018   0.860720
 9601.036   0.824241
 9601.053   0.780748
 9601.071   0.731806
 9601.088   0.680377
 9601.106   0.630499
 9601.123   0.586694
 9601.141   0.553796
 9601.159   0.535924
 9601.176   0.535683
 9601.194   0.553207
 9601.211   0.586284
 9601.229   0.630585
 9601.247   0.680940
 9601.264   0.732366
 9601.282   0.780805
 9601.299   0.823411
 9601.317   0.858640
 9601.334   0.886230
 9601.352   0.906817
 9601.370   0.921508
 9601.387   0.931574
 9601.405   0.938294
 9601.422   0.942737
 9601.440   0.945769
 9601.457   0.947922
 9601.475   0.949500
 9601.493   0.950622
 9601.510   0.951361
 9601.528   0.951816
 9601.545   0.952134
 9601.563   0.952478
 9601.581   0.953019
 9601.598   0.953923
 9601.616   0.955364
 9601.633   0.957496
 9601.651   0.960401
 9601.668   0.964058
 9601.686   0.968267
 9601.704   0.972675
 9601.721   0.976803
 9601.739   0.980256
 9601.756   0.982812
 9601.774   0.984524
 9601.791   0.985635
 9601.809   0.986442
 9601.827   0.987123
 9601.844   0.987719
 9601.862   0.988193
 9601.879   0.988539
 9601.897   0.988818
 9601.915   0.989134
 9601.932   0.989538
 9601.950   0.990003
 9601.967   0.990453
 9601.985   0.990859
 9602.002   0.991281
 9602.020   0.991848
 9602.038   0.992633
 9602.055   0.993635
 9602.073   0.994732
 9602.090   0.995777
 9602.108   0.996665
 9602.125   0.997315
 9602.143   0.997718
 9602.161   0.997850
 9602.178   0.997731
 9602.196   0.997397
 9602.213   0.996897
 9602.231   0.996309
 9602.249   0.995678
 9602.266   0.995056
 9602.284   0.994458
 9602.301   0.993863
 9602.319   0.993200
 9602.336   0.992359
 9602.354   0.991317
 9602.372   0.990174
 9602.389   0.989200
 9602.407   0.988715
 9602.424   0.988914
 9602.442   0.989785
 9602.459   0.991073
 9602.477   0.992492
 9602.495   0.993797
 9602.512   0.994909
 9602.530   0.995860
 9602.547   0.996722
 9602.565   0.997566
 9602.583   0.998406
 9602.600   0.999252
 9602.618   1.000051
 9602.635   1.000728
 9602.653   1.001216
 9602.670   1.001473
 9602.688   1.001559
 9602.706   1.001583
 9602.723   1.001703
 9602.741   1.002035
 9602.758   1.002652
 9602.776   1.003518
 9602.793   1.004524
 9602.811   1.005468
 9602.829   1.006116
 9602.846   1.006273
 9602.864   1.005862
 9602.881   1.004987
 9602.899   1.003810
 9602.917   1.002513
 9602.934   1.001076
 9602.952   0.999392
 9602.969   0.997248
 9602.987   0.994502
 9603.004   0.991062
 9603.022   0.986851
 9603.040   0.981705
 9603.057   0.975320
 9603.075   0.967327
 9603.092   0.957358
 9603.110   0.945173
 9603.128   0.930830
 9603.145   0.914761
 9603.163   0.897906
 9603.180   0.881613
 9603.198   0.867439
 9603.215   0.856815
 9603.233   0.850662
 9603.251   0.849165
 9603.268   0.851493
 9603.286   0.856008
 9603.303   0.860470
 9603.321   0.862560
 9603.338   0.860256
 9603.356   0.852202
 9603.374   0.837866
 9603.391   0.817737
 9603.409   0.793376
 9603.426   0.767435
 9603.444   0.743391
 9603.462   0.725041
 9603.479   0.715697
 9603.497   0.717542
 9603.514   0.731088
 9603.532   0.755077
 9603.549   0.786700
 9603.567   0.822327
 9603.585   0.858368
 9603.602   0.891940
 9603.620   0.921285
 9603.637   0.945639
 9603.655   0.965068
 9603.672   0.980048
 9603.690   0.991316
 9603.708   0.999671
 9603.725   1.005930
 9603.743   1.010781
 9603.760   1.014616
 9603.778   1.017618
 9603.796   1.019794
 9603.813   1.021205
 9603.831   1.022035
 9603.848   1.022562
 9603.866   1.023043
 9603.883   1.023542
 9603.901   1.023954
 9603.919   1.024075
 9603.936   1.023755
 9603.954   1.022972
 9603.971   1.021814
 9603.989   1.020385
 9604.006   1.018747
 9604.024   1.016863
 9604.042   1.014625
 9604.059   1.011943
 9604.077   1.008742
 9604.094   1.005060
 9604.112   1.000946
 9604.130   0.996438
 9604.147   0.991485
 9604.165   0.985921
 9604.182   0.979533
 9604.200   0.972023
 9604.217   0.963138
 9604.235   0.952638
 9604.253   0.940286
 9604.270   0.925691
 9604.288   0.908299
 9604.305   0.887397
 9604.323   0.862282
 9604.340   0.832344
 9604.358   0.797144
 9604.376   0.756475
 9604.393   0.710310
 9604.411   0.658862
 9604.428   0.602890
 9604.446   0.543770
 9604.464   0.483600
 9604.481   0.425135
 9604.499   0.371657
 9604.516   0.326417
 9604.534   0.292342
 9604.551   0.271783
 9604.569   0.266212
 9604.587   0.275787
 9604.604   0.299342
 9604.622   0.334428
 9604.639   0.377660
 9604.657   0.425343
 9604.674   0.473955
 9604.692   0.520474
 9604.710   0.562551
 9604.727   0.598603
 9604.745   0.627639
 9604.762   0.649092
 9604.780   0.662798
 9604.798   0.668859
 9604.815   0.667543
 9604.833   0.659163
 9604.850   0.644077
 9604.868   0.622624
 9604.885   0.595130
 9604.903   0.561885
 9604.921   0.523236
 9604.938   0.479731
 9604.956   0.432136
 9604.973   0.381713
 9604.991   0.330043
 9605.008   0.278923
 9605.026   0.230187
 9605.044   0.185541
 9605.061   0.146348
 9605.079   0.113529
 9605.096   0.087691
 9605.114   0.069144
 9605.132   0.057947
 9605.149   0.054043
 9605.167   0.057391
 9605.184   0.067942
 9605.202   0.085636
 9605.219   0.110310
 9605.237   0.141603
 9605.255   0.179007
 9605.272   0.221884
 9605.290   0.269384
 9605.307   0.320373
 9605.325   0.373546
 9605.342   0.427558
 9605.360   0.481146
 9605.378   0.533163
 9605.395   0.582826
 9605.413   0.629706
 9605.430   0.673577
 9605.448   0.714326
 9605.466   0.752026
 9605.483   0.786694
 9605.501   0.818210
 9605.518   0.846416
 9605.536   0.871146
 9605.553   0.892330
 9605.571   0.910109
 9605.589   0.924952
 9605.606   0.937450
 9605.624   0.948169
 9605.641   0.957487
 9605.659   0.965535
 9605.676   0.972264
 9605.694   0.977490
 9605.712   0.981102
 9605.729   0.983079
 9605.747   0.983515
 9605.764   0.982528
 9605.782   0.980153
 9605.800   0.976295
 9605.817   0.970644
 9605.835   0.962762
 9605.852   0.952137
 9605.870   0.938360
 9605.887   0.921112
 9605.905   0.900216
 9605.923   0.875467
 9605.940   0.846556
 9605.958   0.812952
 9605.975   0.774001
 9605.993   0.729174
 9606.010   0.678352
 9606.028   0.621977
 9606.046   0.561308
 9606.063   0.498399
 9606.081   0.435937
 9606.098   0.377187
 9606.116   0.325869
 9606.134   0.285558
 9606.151   0.259262
 9606.169   0.249066
 9606.186   0.255844
 9606.204   0.278935
 9606.221   0.316413
 9606.239   0.365302
 9606.257   0.422088
 9606.274   0.483074
 9606.292   0.544831
 9606.309   0.604487
 9606.327   0.659999
 9606.344   0.710364
 9606.362   0.755304
 9606.380   0.794924
 9606.397   0.829498
 9606.415   0.859373
 9606.432   0.884873
 9606.450   0.906364
 9606.468   0.924352
 9606.485   0.939180
 9606.503   0.950965
 9606.520   0.959568
 9606.538   0.964724
 9606.555   0.966254
 9606.573   0.964342
 9606.591   0.959614
 9606.608   0.953066
 9606.626   0.945860
 9606.643   0.939167
 9606.661   0.934000
 9606.678   0.931166
 9606.696   0.931242
 9606.714   0.934429
 9606.731   0.940563
 9606.749   0.949085
 9606.766   0.959186
 9606.784   0.969986
 9606.802   0.980623
 9606.819   0.990489
 9606.837   0.999216
 9606.854   1.006708
 9606.872   1.013050
 9606.889   1.018369
 9606.907   1.022782
 9606.925   1.026259
 9606.942   1.028782
 9606.960   1.030373
 9606.977   1.031217
 9606.995   1.031583
 9607.012   1.031714
 9607.030   1.031740
 9607.048   1.031637
 9607.065   1.031335
 9607.083   1.030732
 9607.100   1.029825
 9607.118   1.028520
 9607.136   1.026726
 9607.153   1.024289
 9607.171   1.021175
 9607.188   1.017557
 9607.206   1.013916
 9607.223   1.010852
 9607.241   1.008947
 9607.259   1.008454
 9607.276   1.009255
 9607.294   1.010930
 9607.311   1.012949
 9607.329   1.014896
 9607.346   1.016586
 9607.364   1.018031
 9607.382   1.019353
 9607.399   1.020582
 9607.417   1.021561
 9607.434   1.021955
 9607.452   1.021402
 9607.470   1.019654
 9607.487   1.016683
 9607.505   1.012604
 9607.522   1.007592
 9607.540   1.001717
 9607.557   0.994910
 9607.575   0.986891
 9607.593   0.977135
 9607.610   0.964949
 9607.628   0.949628
 9607.645   0.930615
 9607.663   0.907649
 9607.680   0.880769
 9607.698   0.850242
 9607.716   0.816324
 9607.733   0.779421
 9607.751   0.740101
 9607.768   0.699188
 9607.786   0.657962
 9607.804   0.618077
 9607.821   0.581434
 9607.839   0.550030
 9607.856   0.525858
 9607.874   0.510382
 9607.891   0.504307
 9607.909   0.507279
 9607.927   0.517953
 9607.944   0.534123
 9607.962   0.553198
 9607.979   0.572681
 9607.997   0.590466
 9608.014   0.605056
 9608.032   0.615419
 9608.050   0.620823
 9608.067   0.620590
 9608.085   0.614096
 9608.102   0.600910
 9608.120   0.581201
 9608.138   0.556192
 9608.155   0.528333
 9608.173   0.501271
 9608.190   0.479168
 9608.208   0.465978
 9608.225   0.464662
 9608.243   0.476425
 9608.261   0.500595
 9608.278   0.534702
 9608.296   0.575211
 9608.313   0.618214
 9608.331   0.660408
 9608.348   0.699495
 9608.366   0.734309
 9608.384   0.764790
 9608.401   0.791775
 9608.419   0.816388
 9608.436   0.839670
 9608.454   0.862281
 9608.472   0.884267
 9608.489   0.905224
 9608.507   0.924561
 9608.524   0.941858
 9608.542   0.956876
 9608.559   0.969570
 9608.577   0.980008
 9608.595   0.988334
 9608.612   0.994762
 9608.630   0.999553
 9608.647   1.003035
 9608.665   1.005435
 9608.682   1.006872
 9608.700   1.007277
 9608.718   1.006561
 9608.735   1.004607
 9608.753   1.001396
 9608.770   0.997009
 9608.788   0.991636
 9608.806   0.985591
 9608.823   0.979285
 9608.841   0.973185
 9608.858   0.967766
 9608.876   0.963469
 9608.893   0.960702
 9608.911   0.959827
 9608.929   0.961103
 9608.946   0.964588
 9608.964   0.970057
 9608.981   0.976961
 9608.999   0.984549
 9609.016   0.992095
 9609.034   0.999035
 9609.052   1.005072
 9609.069   1.010075
 9609.087   1.013982
 9609.104   1.016692
 9609.122   1.018124
 9609.140   1.018344
 9609.157   1.017580
 9609.175   1.016199
 9609.192   1.014468
 9609.210   1.012438
 9609.227   1.009862
 9609.245   1.006379
 9609.263   1.001726
 9609.280   0.995867
 9609.298   0.989015
 9609.315   0.981432
 9609.333   0.973206
 9609.350   0.964344
 9609.368   0.954881
 9609.386   0.945188
 9609.403   0.936071
 9609.421   0.928641
 9609.438   0.923927
 9609.456   0.922385
 9609.474   0.923733
 9609.491   0.927081
 9609.509   0.931266
 9609.526   0.935307
 9609.544   0.938527
 9609.561   0.940559
 9609.579   0.941187
 9609.597   0.940185
 9609.614   0.937325
 9609.632   0.932390
 9609.649   0.925294
 9609.667   0.916119
 9609.685   0.904938
 9609.702   0.891730
 9609.720   0.876211
 9609.737   0.857942
 9609.755   0.836328
 9609.772   0.810833
 9609.790   0.781130
 9609.808   0.746913
 9609.825   0.707863
 9609.843   0.663568
 9609.860   0.613954
 9609.878   0.559483
 9609.895   0.501209
 9609.913   0.440945
 9609.931   0.380957
 9609.948   0.323552
 9609.966   0.271006
 9609.983   0.225755
 9610.001   0.190016
 9610.019   0.165631
 9610.036   0.153979
 9610.054   0.155765
 9610.071   0.170757
 9610.089   0.197964
 9610.106   0.235735
 9610.124   0.281936
 9610.142   0.334347
 9610.159   0.390652
 9610.177   0.448435
 9610.194   0.505527
 9610.212   0.560259
 9610.229   0.611256
 9610.247   0.657501
 9610.265   0.698585
 9610.282   0.734442
 9610.300   0.765121
 9610.317   0.790809
 9610.335   0.811848
 9610.353   0.828477
 9610.370   0.840889
 9610.388   0.849286
 9610.405   0.853814
 9610.423   0.854663
 9610.440   0.851965
 9610.458   0.845857
 9610.476   0.836356
 9610.493   0.823524
 9610.511   0.807577
 9610.528   0.789115
 9610.546   0.769245
 9610.563   0.749553
 9610.581   0.731783
 9610.599   0.717708
 9610.616   0.708978
 9610.634   0.706918
 9610.651   0.712454
 9610.669   0.725844
 9610.687   0.746480
 9610.704   0.772785
 9610.722   0.802435
 9610.739   0.832802
 9610.757   0.861618
 9610.774   0.887347
 9610.792   0.909182
 9610.810   0.926894
 9610.827   0.940726
 9610.845   0.951223
 9610.862   0.959163
 9610.880   0.965466
 9610.897   0.971001
 9610.915   0.976349
 9610.933   0.981608
 9610.950   0.986510
 9610.968   0.990587
 9610.985   0.993549
 9611.003   0.995456
 9611.021   0.996742
 9611.038   0.997886
 9611.056   0.999173
 9611.073   1.000587
 9611.091   1.001867
 9611.108   1.002765
 9611.126   1.003082
 9611.144   1.002831
 9611.161   1.002088
 9611.179   1.001064
 9611.196   0.999944
 9611.214   0.998876
 9611.231   0.997869
 9611.249   0.996850
 9611.267   0.995768
 9611.284   0.994713
 9611.302   0.993917
 9611.319   0.993648
 9611.337   0.994001
 9611.355   0.994860
 9611.372   0.995903
 9611.390   0.996811
 9611.407   0.997371
 9611.425   0.997575
 9611.442   0.997541
 9611.460   0.997438
 9611.478   0.997281
 9611.495   0.996922
 9611.513   0.995943
 9611.530   0.993945
 9611.548   0.990711
 9611.565   0.986501
 9611.583   0.981985
 9611.601   0.977996
 9611.618   0.975269
 9611.636   0.974125
 9611.653   0.974545
 9611.671   0.976265
 9611.689   0.978945
 9611.706   0.982265
 9611.724   0.985892
 9611.741   0.989471
 9611.759   0.992600
 9611.776   0.994936
 9611.794   0.996296
 9611.812   0.996801
 9611.829   0.996813
 9611.847   0.996800
 9611.864   0.997075
 9611.882   0.997672
 9611.899   0.998424
 9611.917   0.999030
 9611.935   0.999283
 9611.952   0.999009
 9611.970   0.998125
 9611.987   0.996607
 9612.005   0.994545
 9612.023   0.992202
 9612.040   0.989917
 9612.058   0.988020
 9612.075   0.986647
 9612.093   0.985734
 9612.110   0.985111
 9612.128   0.984644
 9612.146   0.984362
 9612.163   0.984420
 9612.181   0.985002
 9612.198   0.986175
 9612.216   0.987782
 9612.233   0.989440
 9612.251   0.990645
 9612.269   0.990943
 9612.286   0.990096
 9612.304   0.988194
 9612.321   0.985528
 9612.339   0.982455
 9612.357   0.979114
 9612.374   0.975350
 9612.392   0.970788
 9612.409   0.965046
 9612.427   0.958068
 9612.444   0.950176
 9612.462   0.942035
 9612.480   0.934511
 9612.497   0.928394
 9612.515   0.924285
 9612.532   0.922531
 9612.550   0.923319
 9612.567   0.926683
 9612.585   0.932447
 9612.603   0.940172
 9612.620   0.949053
 9612.638   0.958115
 9612.655   0.966439
 9612.673   0.973380
 9612.691   0.978793
 9612.708   0.982828
 9612.726   0.985879
 9612.743   0.988314
 9612.761   0.990393
 9612.778   0.992287
 9612.796   0.993989
 9612.814   0.995526
 9612.831   0.996869
 9612.849   0.998015
 9612.866   0.998941
 9612.884   0.999603
 9612.901   1.000016
 9612.919   1.000158
 9612.937   1.000059
 9612.954   0.999671
 9612.972   0.999037
 9612.989   0.998280
 9613.007   0.997605
 9613.025   0.997207
 9613.042   0.997109
 9613.060   0.997153
 9613.077   0.997092
 9613.095   0.996774
 9613.112   0.996232
 9613.130   0.995705
 9613.148   0.995498
 9613.165   0.995809
 9613.183   0.996705
 9613.200   0.998025
 9613.218   0.999551
 9613.235   1.001029
 9613.253   1.002285
 9613.271   1.003277
 9613.288   1.004025
 9613.306   1.004568
 9613.323   1.004872
 9613.341   1.004854
 9613.359   1.004444
 9613.376   1.003717
 9613.394   1.002873
 9613.411   1.002289
 9613.429   1.002229
 9613.446   1.002811
 9613.464   1.003851
 9613.482   1.005025
 9613.499   1.006026
 9613.517   1.006652
 9613.534   1.006908
 9613.552   1.006870
 9613.569   1.006613
 9613.587   1.006136
 9613.605   1.005298
 9613.622   1.003919
 9613.640   1.001874
 9613.657   0.999117
 9613.675   0.995760
 9613.693   0.991832
 9613.710   0.987266
 9613.728   0.981837
 9613.745   0.975155
 9613.763   0.966793
 9613.780   0.956286
 9613.798   0.943133
 9613.816   0.926729
 9613.833   0.906244
 9613.851   0.880929
 9613.868   0.850147
 9613.886   0.813486
 9613.903   0.770997
 9613.921   0.723407
 9613.939   0.672188
 9613.956   0.619621
 9613.974   0.568980
 9613.991   0.524397
 9614.009   0.490010
 9614.027   0.469625
 9614.044   0.465786
 9614.062   0.479294
 9614.079   0.508629
 9614.097   0.550435
 9614.114   0.599985
 9614.132   0.652652
 9614.150   0.704459
 9614.167   0.752417
 9614.185   0.794613
 9614.202   0.830389
 9614.220   0.859847
 9614.237   0.883495
 9614.255   0.902142
 9614.273   0.916726
 9614.290   0.928228
 9614.308   0.937623
 9614.325   0.945805
 9614.343   0.953317
 9614.361   0.960324
 9614.378   0.966681
 9614.396   0.972253
 9614.413   0.977003
 9614.431   0.980922
 9614.448   0.983953
 9614.466   0.985840
 9614.484   0.986240
 9614.501   0.984938
 9614.519   0.981975
 9614.536   0.977658
 9614.554   0.972339
 9614.571   0.966253
 9614.589   0.959358
 9614.607   0.951421
 9614.624   0.942038
 9614.642   0.930674
 9614.659   0.916719
 9614.677   0.899543
 9614.695   0.878429
 9614.712   0.852623
 9614.730   0.821414
 9614.747   0.784137
 9614.765   0.740159
 9614.782   0.689239
 9614.800   0.631800
 9614.818   0.568818
 9614.835   0.502038
 9614.853   0.434118
 9614.870   0.368075
 9614.888   0.306864
 9614.905   0.253072
 9614.923   0.208697
 9614.941   0.174729
 9614.958   0.151256
 9614.976   0.137982
 9614.993   0.134439
 9615.011   0.140317
 9615.029   0.155487
 9615.046   0.179895
 9615.064   0.213283
 9615.081   0.254949
 9615.099   0.303372
 9615.116   0.356112
 9615.134   0.410271
 9615.152   0.462797
 9615.169   0.510700
 9615.187   0.551381
 9615.204   0.582972
 9615.222   0.604097
 9615.239   0.613827
 9615.257   0.611655
 9615.275   0.597482
 9615.292   0.571765
 9615.310   0.535603
 9615.327   0.490834
 9615.345   0.440093
 9615.363   0.387023
