10290.000   0.995189
10290.020   0.995768
10290.039   0.996007
10290.059   0.995669
10290.078   0.994757
10290.098   0.993511
10290.117   0.992299
10290.137   0.991496
10290.156   0.991304
10290.176   0.991682
10290.195   0.992371
10290.215   0.993011
10290.234   0.993301
10290.254   0.993067
10290.274   0.992361
10290.293   0.991371
10290.313   0.990417
10290.332   0.989770
10290.352   0.989640
10290.371   0.990022
10290.391   0.990803
10290.410   0.991714
10290.430   0.992529
10290.449   0.993074
10290.469   0.993355
10290.488   0.993456
10290.508   0.993519
10290.528   0.993585
10290.547   0.993621
10290.567   0.993499
10290.586   0.993172
10290.606   0.992704
10290.625   0.992329
10290.645   0.992305
10290.664   0.992794
10290.684   0.993728
10290.703   0.994839
10290.723   0.995749
10290.742   0.996155
10290.762   0.995969
10290.782   0.995303
10290.801   0.994405
10290.821   0.993500
10290.840   0.992747
10290.860   0.992181
10290.879   0.991766
10290.899   0.991404
10290.918   0.991020
10290.938   0.990560
10290.957   0.990029
10290.977   0.989504
10290.996   0.989127
10291.016   0.989048
10291.035   0.989324
10291.055   0.989915
10291.075   0.990651
10291.094   0.991327
10291.114   0.991751
10291.133   0.991843
10291.153   0.991616
10291.172   0.991169
10291.192   0.990607
10291.211   0.990043
10291.231   0.989559
10291.250   0.989243
10291.270   0.989122
10291.289   0.989176
10291.309   0.989298
10291.329   0.989348
10291.348   0.989207
10291.368   0.988876
10291.387   0.988510
10291.407   0.988348
10291.426   0.988609
10291.446   0.989344
10291.465   0.990410
10291.485   0.991502
10291.504   0.992307
10291.524   0.992617
10291.543   0.992441
10291.563   0.991955
10291.583   0.991375
10291.602   0.990872
10291.622   0.990485
10291.641   0.990185
10291.661   0.989886
10291.680   0.989563
10291.700   0.989248
10291.719   0.989071
10291.739   0.989159
10291.758   0.989602
10291.778   0.990368
10291.797   0.991316
10291.817   0.992224
10291.837   0.992875
10291.856   0.993132
10291.876   0.992990
10291.895   0.992558
10291.915   0.992010
10291.934   0.991488
10291.954   0.991067
10291.973   0.990729
10291.993   0.990438
10292.012   0.990168
10292.032   0.989965
10292.051   0.989918
10292.071   0.990131
10292.091   0.990632
10292.110   0.991340
10292.130   0.992063
10292.149   0.992578
10292.169   0.992730
10292.188   0.992491
10292.208   0.992001
10292.227   0.991494
10292.247   0.991225
10292.266   0.991339
10292.286   0.991819
10292.305   0.992430
10292.325   0.992858
10292.345   0.992802
10292.364   0.992197
10292.384   0.991188
10292.403   0.990160
10292.423   0.989492
10292.442   0.989477
10292.462   0.990113
10292.481   0.991203
10292.501   0.992387
10292.520   0.993400
10292.540   0.994107
10292.559   0.994553
10292.579   0.994818
10292.599   0.994970
10292.618   0.994982
10292.638   0.994794
10292.657   0.994346
10292.677   0.993669
10292.696   0.992885
10292.716   0.992179
10292.735   0.991678
10292.755   0.991415
10292.774   0.991298
10292.794   0.991187
10292.813   0.990962
10292.833   0.990602
10292.852   0.990178
10292.872   0.989829
10292.892   0.989693
10292.911   0.989867
10292.931   0.990373
10292.950   0.991168
10292.970   0.992135
10292.989   0.993117
10293.009   0.993946
10293.028   0.994492
10293.048   0.994675
10293.067   0.994513
10293.087   0.994117
10293.106   0.993670
10293.126   0.993376
10293.146   0.993374
10293.165   0.993713
10293.185   0.994325
10293.204   0.995102
10293.224   0.995918
10293.243   0.996668
10293.263   0.997276
10293.282   0.997686
10293.302   0.997861
10293.321   0.997729
10293.341   0.997267
10293.360   0.996480
10293.380   0.995509
10293.400   0.994520
10293.419   0.993749
10293.439   0.993341
10293.458   0.993384
10293.478   0.993838
10293.497   0.994595
10293.517   0.995493
10293.536   0.996382
10293.556   0.997137
10293.575   0.997667
10293.595   0.997911
10293.614   0.997841
10293.634   0.997470
10293.654   0.996858
10293.673   0.996090
10293.693   0.995263
10293.712   0.994481
10293.732   0.993865
10293.751   0.993526
10293.771   0.993571
10293.790   0.994040
10293.810   0.994889
10293.829   0.995931
10293.849   0.996912
10293.868   0.997536
10293.888   0.997604
10293.908   0.997070
10293.927   0.996085
10293.947   0.994909
10293.966   0.993855
10293.986   0.993161
10294.005   0.992937
10294.025   0.993138
10294.044   0.993637
10294.064   0.994279
10294.083   0.994961
10294.103   0.995650
10294.122   0.996353
10294.142   0.997055
10294.162   0.997659
10294.181   0.997998
10294.201   0.997877
10294.220   0.997166
10294.240   0.995877
10294.259   0.994189
10294.279   0.992393
10294.298   0.990792
10294.318   0.989599
10294.337   0.988860
10294.357   0.988475
10294.376   0.988290
10294.396   0.988219
10294.415   0.988315
10294.435   0.988753
10294.455   0.989719
10294.474   0.991240
10294.494   0.993097
10294.513   0.994860
10294.533   0.996069
10294.552   0.996444
10294.572   0.996062
10294.591   0.995303
10294.611   0.994664
10294.630   0.994487
10294.650   0.994825
10294.669   0.995441
10294.689   0.995967
10294.709   0.996121
10294.728   0.995884
10294.748   0.995494
10294.767   0.995318
10294.787   0.995608
10294.806   0.996345
10294.826   0.997225
10294.845   0.997843
10294.865   0.997878
10294.884   0.997262
10294.904   0.996181
10294.923   0.995015
10294.943   0.994101
10294.963   0.993624
10294.982   0.993518
10295.002   0.993590
10295.021   0.993624
10295.041   0.993540
10295.060   0.993356
10295.080   0.993144
10295.099   0.992925
10295.119   0.992642
10295.138   0.992161
10295.158   0.991370
10295.177   0.990266
10295.197   0.989001
10295.217   0.987831
10295.236   0.987027
10295.256   0.986769
10295.275   0.987041
10295.295   0.987674
10295.314   0.988400
10295.334   0.988984
10295.353   0.989284
10295.373   0.989318
10295.392   0.989185
10295.412   0.989039
10295.431   0.988997
10295.451   0.989134
10295.471   0.989469
10295.490   0.990005
10295.510   0.990714
10295.529   0.991535
10295.549   0.992332
10295.568   0.992937
10295.588   0.993158
10295.607   0.992921
10295.627   0.992276
10295.646   0.991477
10295.666   0.990860
10295.685   0.990780
10295.705   0.991421
10295.725   0.992732
10295.744   0.994390
10295.764   0.995923
10295.783   0.996868
10295.803   0.996936
10295.822   0.996115
10295.842   0.994606
10295.861   0.992767
10295.881   0.990932
10295.900   0.989378
10295.920   0.988241
10295.939   0.987570
10295.959   0.987331
10295.979   0.987477
10295.998   0.987960
10296.018   0.988751
10296.037   0.989835
10296.057   0.991165
10296.076   0.992610
10296.096   0.993919
10296.115   0.994799
10296.135   0.995012
10296.154   0.994500
10296.174   0.993420
10296.193   0.992090
10296.213   0.990868
10296.232   0.990019
10296.252   0.989650
10296.272   0.989677
10296.291   0.989916
10296.311   0.990145
10296.330   0.990176
10296.350   0.989875
10296.369   0.989173
10296.389   0.988106
10296.408   0.986794
10296.428   0.985482
10296.447   0.984444
10296.467   0.983968
10296.486   0.984204
10296.506   0.985144
10296.526   0.986562
10296.545   0.988128
10296.565   0.989451
10296.584   0.990246
10296.604   0.990382
10296.623   0.989942
10296.643   0.989160
10296.662   0.988356
10296.682   0.987804
10296.701   0.987669
10296.721   0.987937
10296.740   0.988482
10296.760   0.989092
10296.780   0.989606
10296.799   0.989920
10296.819   0.990053
10296.838   0.990070
10296.858   0.990072
10296.877   0.990111
10296.897   0.990184
10296.916   0.990240
10296.936   0.990234
10296.955   0.990168
10296.975   0.990089
10296.994   0.990067
10297.014   0.990155
10297.034   0.990354
10297.053   0.990618
10297.073   0.990868
10297.092   0.991029
10297.112   0.991050
10297.131   0.990912
10297.151   0.990607
10297.170   0.990140
10297.190   0.989544
10297.209   0.988891
10297.229   0.988300
10297.248   0.987901
10297.268   0.987798
10297.288   0.988022
10297.307   0.988519
10297.327   0.989158
10297.346   0.989782
10297.366   0.990261
10297.385   0.990521
10297.405   0.990556
10297.424   0.990410
10297.444   0.990179
10297.463   0.989976
10297.483   0.989886
10297.502   0.989946
10297.522   0.990140
10297.542   0.990423
10297.561   0.990740
10297.581   0.991069
10297.600   0.991395
10297.620   0.991720
10297.639   0.992018
10297.659   0.992262
10297.678   0.992401
10297.698   0.992423
10297.717   0.992348
10297.737   0.992261
10297.756   0.992259
10297.776   0.992442
10297.796   0.992819
10297.815   0.993328
10297.835   0.993839
10297.854   0.994246
10297.874   0.994484
10297.893   0.994568
10297.913   0.994548
10297.932   0.994460
10297.952   0.994272
10297.971   0.993908
10297.991   0.993314
10298.010   0.992494
10298.030   0.991576
10298.049   0.990748
10298.069   0.990251
10298.089   0.990238
10298.108   0.990749
10298.128   0.991629
10298.147   0.992627
10298.167   0.993460
10298.186   0.993952
10298.206   0.994098
10298.225   0.994059
10298.245   0.994088
10298.264   0.994401
10298.284   0.995098
10298.303   0.996102
10298.323   0.997227
10298.343   0.998237
10298.362   0.998966
10298.382   0.999338
10298.401   0.999384
10298.421   0.999173
10298.440   0.998767
10298.460   0.998187
10298.479   0.997455
10298.499   0.996628
10298.518   0.995840
10298.538   0.995253
10298.557   0.995037
10298.577   0.995265
10298.597   0.995898
10298.616   0.996770
10298.636   0.997666
10298.655   0.998377
10298.675   0.998775
10298.694   0.998823
10298.714   0.998566
10298.733   0.998092
10298.753   0.997493
10298.772   0.996854
10298.792   0.996230
10298.811   0.995665
10298.831   0.995162
10298.851   0.994716
10298.870   0.994320
10298.890   0.994018
10298.909   0.993898
10298.929   0.994112
10298.948   0.994769
10298.968   0.995840
10298.987   0.997068
10299.007   0.998035
10299.026   0.998331
10299.046   0.997744
10299.065   0.996426
10299.085   0.994811
10299.105   0.993473
10299.124   0.992777
10299.144   0.992779
10299.163   0.993157
10299.183   0.993499
10299.202   0.993475
10299.222   0.993058
10299.241   0.992446
10299.261   0.991989
10299.280   0.991943
10299.300   0.992397
10299.319   0.993173
10299.339   0.993975
10299.359   0.994472
10299.378   0.994486
10299.398   0.993999
10299.417   0.993179
10299.437   0.992308
10299.456   0.991685
10299.476   0.991531
10299.495   0.991907
10299.515   0.992693
10299.534   0.993625
10299.554   0.994415
10299.573   0.994831
10299.593   0.994778
10299.613   0.994304
10299.632   0.993570
10299.652   0.992768
10299.671   0.992063
10299.691   0.991558
10299.710   0.991288
10299.730   0.991248
10299.749   0.991389
10299.769   0.991643
10299.788   0.991902
10299.808   0.992040
10299.827   0.991934
10299.847   0.991536
10299.866   0.990902
10299.886   0.990249
10299.906   0.989856
10299.925   0.990005
10299.945   0.990789
10299.964   0.992090
10299.984   0.993513
10300.003   0.994590
10300.023   0.994902
10300.042   0.994351
10300.062   0.993121
10300.081   0.991634
10300.101   0.990284
10300.120   0.989309
10300.140   0.988668
10300.160   0.988164
10300.179   0.987536
10300.199   0.986652
10300.218   0.985543
10300.238   0.984402
10300.257   0.983464
10300.277   0.982930
10300.296   0.982907
10300.316   0.983395
10300.335   0.984322
10300.355   0.985549
10300.374   0.986919
10300.394   0.988244
10300.414   0.989361
10300.433   0.990170
10300.453   0.990682
10300.472   0.990987
10300.492   0.991224
10300.511   0.991485
10300.531   0.991788
10300.550   0.992044
10300.570   0.992143
10300.589   0.991993
10300.609   0.991624
10300.628   0.991149
10300.648   0.990783
10300.668   0.990727
10300.687   0.991117
10300.707   0.991935
10300.726   0.993025
10300.746   0.994127
10300.765   0.994986
10300.785   0.995438
10300.804   0.995474
10300.824   0.995219
10300.843   0.994864
10300.863   0.994568
10300.882   0.994400
10300.902   0.994318
10300.922   0.994233
10300.941   0.994074
10300.961   0.993844
10300.980   0.993597
10301.000   0.993402
10301.019   0.993273
10301.039   0.993168
10301.058   0.993016
10301.078   0.992792
10301.097   0.992547
10301.117   0.992412
10301.136   0.992553
10301.156   0.993081
10301.176   0.993990
10301.195   0.995087
10301.215   0.996060
10301.234   0.996563
10301.254   0.996423
10301.273   0.995699
10301.293   0.994729
10301.312   0.993920
10301.332   0.993597
10301.351   0.993831
10301.371   0.994469
10301.390   0.995223
10301.410   0.995835
10301.430   0.996182
10301.449   0.996281
10301.469   0.996223
10301.488   0.996077
10301.508   0.995836
10301.527   0.995430
10301.547   0.994794
10301.566   0.993934
10301.586   0.992983
10301.605   0.992154
10301.625   0.991702
10301.644   0.991782
10301.664   0.992438
10301.683   0.993499
10301.703   0.994723
10301.723   0.995800
10301.742   0.996554
10301.762   0.996884
10301.781   0.996819
10301.801   0.996370
10301.820   0.995574
10301.840   0.994495
10301.859   0.993315
10301.879   0.992328
10301.898   0.991834
10301.918   0.991996
10301.937   0.992702
10301.957   0.993588
10301.977   0.994188
10301.996   0.994193
10302.016   0.993621
10302.035   0.992799
10302.055   0.992194
10302.074   0.992114
10302.094   0.992582
10302.113   0.993304
10302.133   0.993891
10302.152   0.994036
10302.172   0.993702
10302.191   0.993093
10302.211   0.992533
10302.231   0.992257
10302.250   0.992297
10302.270   0.992513
10302.289   0.992702
10302.309   0.992755
10302.328   0.992700
10302.348   0.992678
10302.367   0.992811
10302.387   0.993152
10302.406   0.993615
10302.426   0.994052
10302.445   0.994286
10302.465   0.994218
10302.485   0.993824
10302.504   0.993200
10302.524   0.992502
10302.543   0.991918
10302.563   0.991601
10302.582   0.991639
10302.602   0.992041
10302.621   0.992726
10302.641   0.993568
10302.660   0.994397
10302.680   0.995043
10302.699   0.995359
10302.719   0.995262
10302.739   0.994774
10302.758   0.994012
10302.778   0.993171
10302.797   0.992427
10302.817   0.991916
10302.836   0.991670
10302.856   0.991657
10302.875   0.991768
10302.895   0.991907
10302.914   0.991975
10302.934   0.991947
10302.953   0.991826
10302.973   0.991709
10302.993   0.991687
10303.012   0.991870
10303.032   0.992288
10303.051   0.992901
10303.071   0.993569
10303.090   0.994129
10303.110   0.994443
10303.129   0.994462
10303.149   0.994226
10303.168   0.993814
10303.188   0.993316
10303.207   0.992803
10303.227   0.992344
10303.246   0.992026
10303.266   0.991964
10303.286   0.992248
10303.305   0.992885
10303.325   0.993749
10303.344   0.994610
10303.364   0.995231
10303.383   0.995467
10303.403   0.995330
10303.422   0.995005
10303.442   0.994731
10303.461   0.994673
10303.481   0.994829
10303.500   0.995030
10303.520   0.995056
10303.540   0.994765
10303.559   0.994217
10303.579   0.993616
10303.598   0.993238
10303.618   0.993243
10303.637   0.993628
10303.657   0.994196
10303.676   0.994687
10303.696   0.994885
10303.715   0.994736
10303.735   0.994349
10303.754   0.993921
10303.774   0.993647
10303.794   0.993636
10303.813   0.993918
10303.833   0.994441
10303.852   0.995113
10303.872   0.995810
10303.891   0.996413
10303.911   0.996799
10303.930   0.996914
10303.950   0.996761
10303.969   0.996431
10303.989   0.996029
10304.008   0.995656
10304.028   0.995331
10304.048   0.995019
10304.067   0.994634
10304.087   0.994128
10304.106   0.993517
10304.126   0.992937
10304.145   0.992590
10304.165   0.992683
10304.184   0.993310
10304.204   0.994361
10304.223   0.995531
10304.243   0.996403
10304.262   0.996650
10304.282   0.996176
10304.302   0.995180
10304.321   0.994074
10304.341   0.993270
10304.360   0.993001
10304.380   0.993211
10304.399   0.993651
10304.419   0.994003
10304.438   0.994084
10304.458   0.993890
10304.477   0.993610
10304.497   0.993469
10304.516   0.993639
10304.536   0.994115
10304.556   0.994774
10304.575   0.995441
10304.595   0.995994
10304.614   0.996419
10304.634   0.996723
10304.653   0.996911
10304.673   0.996881
10304.692   0.996550
10304.712   0.995871
10304.731   0.994980
10304.751   0.994132
10304.770   0.993627
10304.790   0.993649
10304.810   0.994192
10304.829   0.995048
10304.849   0.995909
10304.868   0.996485
10304.888   0.996620
10304.907   0.996321
10304.927   0.995740
10304.946   0.995102
10304.966   0.994628
10304.985   0.994472
10305.005   0.994679
10305.024   0.995186
10305.044   0.995823
10305.063   0.996387
10305.083   0.996703
10305.103   0.996742
10305.122   0.996587
10305.142   0.996428
10305.161   0.996403
10305.181   0.996565
10305.200   0.996818
10305.220   0.997018
10305.239   0.997028
10305.259   0.996805
10305.278   0.996394
10305.298   0.995885
10305.317   0.995364
10305.337   0.994883
10305.357   0.994489
10305.376   0.994215
10305.396   0.994081
10305.415   0.994057
10305.435   0.994040
10305.454   0.993875
10305.474   0.993420
10305.493   0.992666
10305.513   0.991781
10305.532   0.991087
10305.552   0.990908
10305.571   0.991408
10305.591   0.992470
10305.611   0.993737
10305.630   0.994761
10305.650   0.995222
10305.669   0.995052
10305.689   0.994428
10305.708   0.993642
10305.728   0.992948
10305.747   0.992488
10305.767   0.992277
10305.786   0.992274
10305.806   0.992424
10305.825   0.992678
10305.845   0.992985
10305.865   0.993275
10305.884   0.993479
10305.904   0.993544
10305.923   0.993469
10305.943   0.993291
10305.962   0.993078
10305.982   0.992851
10306.001   0.992604
10306.021   0.992298
10306.040   0.991927
10306.060   0.991518
10306.079   0.991161
10306.099   0.990952
10306.119   0.990983
10306.138   0.991282
10306.158   0.991837
10306.177   0.992564
10306.197   0.993347
10306.216   0.994021
10306.236   0.994399
10306.255   0.994291
10306.275   0.993574
10306.294   0.992269
10306.314   0.990595
10306.333   0.988927
10306.353   0.987697
10306.373   0.987214
10306.392   0.987576
10306.412   0.988592
10306.431   0.989922
10306.451   0.991159
10306.470   0.992014
10306.490   0.992344
10306.509   0.992187
10306.529   0.991687
10306.548   0.991049
10306.568   0.990441
10306.587   0.989994
10306.607   0.989749
10306.627   0.989699
10306.646   0.989768
10306.666   0.989870
10306.685   0.989917
10306.705   0.989881
10306.724   0.989818
10306.744   0.989860
10306.763   0.990162
10306.783   0.990793
10306.802   0.991699
10306.822   0.992667
10306.841   0.993461
10306.861   0.993895
10306.880   0.993984
10306.900   0.993902
10306.920   0.993931
10306.939   0.994270
10306.959   0.994956
10306.978   0.995802
10306.998   0.996537
10307.017   0.996889
10307.037   0.996755
10307.056   0.996168
10307.076   0.995288
10307.095   0.994275
10307.115   0.993289
10307.134   0.992472
10307.154   0.991985
10307.174   0.991957
10307.193   0.992435
10307.213   0.993307
10307.232   0.994331
10307.252   0.995214
10307.271   0.995770
10307.291   0.996014
10307.310   0.996171
10307.330   0.996531
10307.349   0.997282
10307.369   0.998367
10307.388   0.999505
10307.408   1.000308
10307.428   1.000492
10307.447   0.999983
10307.467   0.998938
10307.486   0.997638
10307.506   0.996355
10307.525   0.995266
10307.545   0.994426
10307.564   0.993821
10307.584   0.993389
10307.603   0.993104
10307.623   0.992990
10307.642   0.993124
10307.662   0.993570
10307.682   0.994341
10307.701   0.995370
10307.721   0.996520
10307.740   0.997591
10307.760   0.998250
10307.779   0.998089
10307.799   0.996635
10307.818   0.993734
10307.838   0.989628
10307.857   0.985327
10307.877   0.982088
10307.896   0.981125
10307.916   0.982735
10307.936   0.986344
10307.955   0.990535
10307.975   0.993918
10307.994   0.995655
10308.014   0.995758
10308.033   0.994860
10308.053   0.993772
10308.072   0.993089
10308.092   0.992939
10308.111   0.993150
10308.131   0.993413
10308.150   0.993546
10308.170   0.993517
10308.190   0.993434
10308.209   0.993424
10308.229   0.993543
10308.248   0.993757
10308.268   0.993963
10308.287   0.994108
10308.307   0.994185
10308.326   0.994276
10308.346   0.994413
10308.365   0.994577
10308.385   0.994638
10308.404   0.994472
10308.424   0.994013
10308.444   0.993326
10308.463   0.992572
10308.483   0.991934
10308.502   0.991564
10308.522   0.991527
10308.541   0.991823
10308.561   0.992353
10308.580   0.992983
10308.600   0.993533
10308.619   0.993853
10308.639   0.993818
10308.658   0.993407
10308.678   0.992693
10308.697   0.991866
10308.717   0.991179
10308.737   0.990887
10308.756   0.991147
10308.776   0.991930
10308.795   0.993025
10308.815   0.994073
10308.834   0.994753
10308.854   0.994881
10308.873   0.994557
10308.893   0.994056
10308.912   0.993742
10308.932   0.993863
10308.951   0.994493
10308.971   0.995500
10308.991   0.996638
10309.010   0.997645
10309.030   0.998316
10309.049   0.998518
10309.069   0.998161
10309.088   0.997201
10309.108   0.995694
10309.127   0.993846
10309.147   0.992045
10309.166   0.990696
10309.186   0.990104
10309.205   0.990281
10309.225   0.990995
10309.245   0.991829
10309.264   0.992430
10309.284   0.992607
10309.303   0.992413
10309.323   0.992025
10309.342   0.991632
10309.362   0.991321
10309.381   0.991076
10309.401   0.990844
10309.420   0.990585
10309.440   0.990329
10309.459   0.990150
10309.479   0.990128
10309.499   0.990285
10309.518   0.990574
10309.538   0.990894
10309.557   0.991110
10309.577   0.991117
10309.596   0.990856
10309.616   0.990362
10309.635   0.989743
10309.655   0.989186
10309.674   0.988872
10309.694   0.988914
10309.713   0.989301
10309.733   0.989897
10309.753   0.990524
10309.772   0.991024
10309.792   0.991360
10309.811   0.991583
10309.831   0.991820
10309.850   0.992149
10309.870   0.992534
10309.889   0.992709
10309.909   0.992169
10309.928   0.990173
10309.948   0.986026
10309.967   0.979425
10309.987   0.970970
10310.007   0.962178
10310.026   0.955311
10310.046   0.952304
10310.065   0.954046
10310.085   0.959835
10310.104   0.967939
10310.124   0.976343
10310.143   0.983529
10310.163   0.988828
10310.182   0.992324
10310.202   0.994481
10310.221   0.995797
10310.241   0.996604
10310.261   0.997025
10310.280   0.997052
10310.300   0.996681
10310.319   0.995983
10310.339   0.995165
10310.358   0.994498
10310.378   0.994184
10310.397   0.994245
10310.417   0.994511
10310.436   0.994762
10310.456   0.994881
10310.475   0.994898
10310.495   0.994938
10310.514   0.995089
10310.534   0.995351
10310.554   0.995642
10310.573   0.995890
10310.593   0.996068
10310.612   0.996204
10310.632   0.996307
10310.651   0.996327
10310.671   0.996158
10310.690   0.995725
10310.710   0.995065
10310.729   0.994344
10310.749   0.993811
10310.768   0.993652
10310.788   0.993885
10310.808   0.994319
10310.827   0.994662
10310.847   0.994669
10310.866   0.994268
10310.886   0.993581
10310.905   0.992867
10310.925   0.992371
10310.944   0.992212
10310.964   0.992341
10310.983   0.992578
10311.003   0.992732
10311.022   0.992696
10311.042   0.992515
10311.062   0.992328
10311.081   0.992304
10311.101   0.992498
10311.120   0.992838
10311.140   0.993137
10311.159   0.993208
10311.179   0.992947
10311.198   0.992378
10311.218   0.991626
10311.237   0.990855
10311.257   0.990252
10311.276   0.989963
10311.296   0.990107
10311.316   0.990733
10311.335   0.991793
10311.355   0.993114
10311.374   0.994416
10311.394   0.995424
10311.413   0.995946
10311.433   0.995963
10311.452   0.995612
10311.472   0.995138
10311.491   0.994795
10311.511   0.994766
10311.530   0.995094
10311.550   0.995706
10311.570   0.996424
10311.589   0.997081
10311.609   0.997527
10311.628   0.997724
10311.648   0.997687
10311.667   0.997500
10311.687   0.997233
10311.706   0.996939
10311.726   0.996629
10311.745   0.996290
10311.765   0.995923
10311.784   0.995545
10311.804   0.995203
10311.824   0.994948
10311.843   0.994818
10311.863   0.994845
10311.882   0.995016
10311.902   0.995292
10311.921   0.995562
10311.941   0.995707
10311.960   0.995637
10311.980   0.995368
10311.999   0.995011
10312.019   0.994740
10312.038   0.994688
10312.058   0.994870
10312.077   0.995184
10312.097   0.995470
10312.117   0.995603
10312.136   0.995538
10312.156   0.995308
10312.175   0.994971
10312.195   0.994596
10312.214   0.994289
10312.234   0.994211
10312.253   0.994539
10312.273   0.995343
10312.292   0.996461
10312.312   0.997452
10312.331   0.997748
10312.351   0.996987
10312.371   0.995232
10312.390   0.993135
10312.410   0.991544
10312.429   0.991142
10312.449   0.991924
10312.468   0.993255
10312.488   0.994128
10312.507   0.993770
10312.527   0.992111
10312.546   0.989764
10312.566   0.987713
10312.585   0.986660
10312.605   0.986791
10312.625   0.987745
10312.644   0.989020
10312.664   0.990312
10312.683   0.991575
10312.703   0.992947
10312.722   0.994385
10312.742   0.995726
10312.761   0.996629
10312.781   0.996950
10312.800   0.996712
10312.820   0.996211
10312.839   0.995764
10312.859   0.995625
10312.879   0.995837
10312.898   0.996263
10312.918   0.996653
10312.937   0.996755
10312.957   0.996458
10312.976   0.995802
10312.996   0.995000
10313.015   0.994276
10313.035   0.993817
10313.054   0.993649
10313.074   0.993687
10313.093   0.993765
10313.113   0.993714
10313.133   0.993426
10313.152   0.992863
10313.172   0.992095
10313.191   0.991254
10313.211   0.990518
10313.230   0.990025
10313.250   0.989800
10313.269   0.989773
10313.289   0.989789
10313.308   0.989757
10313.328   0.989664
10313.347   0.989631
10313.367   0.989798
10313.387   0.990280
10313.406   0.991080
10313.426   0.992089
10313.445   0.993115
10313.465   0.993952
10313.484   0.994451
10313.504   0.994553
10313.523   0.994311
10313.543   0.993889
10313.562   0.993535
10313.582   0.993509
10313.601   0.993973
10313.621   0.994887
10313.641   0.995976
10313.660   0.996856
10313.680   0.997182
10313.699   0.996891
10313.719   0.996197
10313.738   0.995545
10313.758   0.995294
10313.777   0.995594
10313.797   0.996276
10313.816   0.997019
10313.836   0.997506
10313.855   0.997573
10313.875   0.997233
10313.894   0.996575
10313.914   0.995733
10313.934   0.994837
10313.953   0.994035
10313.973   0.993494
10313.992   0.993317
10314.012   0.993505
10314.031   0.993843
10314.051   0.994043
10314.070   0.993787
10314.090   0.992995
10314.109   0.991790
10314.129   0.990554
10314.148   0.989681
10314.168   0.989448
10314.188   0.989887
10314.207   0.990799
10314.227   0.991879
10314.246   0.992815
10314.266   0.993432
10314.285   0.993650
10314.305   0.993535
10314.324   0.993175
10314.344   0.992699
10314.363   0.992181
10314.383   0.991667
10314.402   0.991132
10314.422   0.990502
10314.442   0.989697
10314.461   0.988661
10314.481   0.987435
10314.500   0.986125
10314.520   0.984906
10314.539   0.983905
10314.559   0.983168
10314.578   0.982615
10314.598   0.982110
10314.617   0.981500
10314.637   0.980720
10314.656   0.979811
10314.676   0.978906
10314.696   0.978171
10314.715   0.977733
10314.735   0.977656
10314.754   0.977934
10314.774   0.978536
10314.793   0.979416
10314.813   0.980512
10314.832   0.981714
10314.852   0.982864
10314.871   0.983778
10314.891   0.984335
10314.910   0.984527
10314.930   0.984514
10314.950   0.984583
10314.969   0.985081
10314.989   0.986272
10315.008   0.988231
10315.028   0.990767
10315.047   0.993449
10315.067   0.995755
10315.086   0.997249
10315.106   0.997733
10315.125   0.997293
10315.145   0.996255
10315.164   0.995038
10315.184   0.994004
10315.204   0.993365
10315.223   0.993154
10315.243   0.993291
10315.262   0.993646
10315.282   0.994116
10315.301   0.994631
10315.321   0.995169
10315.340   0.995701
10315.360   0.996216
10315.379   0.996687
10315.399   0.997088
10315.418   0.997358
10315.438   0.997433
10315.458   0.997278
10315.477   0.996944
10315.497   0.996598
10315.516   0.996459
10315.536   0.996679
10315.555   0.997239
10315.575   0.997974
10315.594   0.998643
10315.614   0.999074
10315.633   0.999227
10315.653   0.999177
10315.672   0.999046
10315.692   0.998909
10315.711   0.998780
10315.731   0.998621
10315.751   0.998407
10315.770   0.998152
10315.790   0.997913
10315.809   0.997765
10315.829   0.997750
10315.848   0.997842
10315.868   0.997938
10315.887   0.997892
10315.907   0.997578
10315.926   0.996969
10315.946   0.996197
10315.965   0.995513
10315.985   0.995182
10316.005   0.995355
10316.024   0.995978
10316.044   0.996822
10316.063   0.997567
10316.083   0.997984
10316.102   0.998011
10316.122   0.997740
10316.141   0.997307
10316.161   0.996781
10316.180   0.996141
10316.200   0.995347
10316.219   0.994430
10316.239   0.993555
10316.259   0.992924
10316.278   0.992719
10316.298   0.992961
10316.317   0.993550
10316.337   0.994265
10316.356   0.994918
10316.376   0.995379
10316.395   0.995654
10316.415   0.995799
10316.434   0.995869
10316.454   0.995839
10316.473   0.995631
10316.493   0.995185
10316.513   0.994543
10316.532   0.993870
10316.552   0.993387
10316.571   0.993266
10316.591   0.993544
10316.610   0.994107
10316.630   0.994756
10316.649   0.995285
10316.669   0.995577
10316.688   0.995592
10316.708   0.995370
10316.727   0.994945
10316.747   0.994365
10316.767   0.993692
10316.786   0.993035
10316.806   0.992536
10316.825   0.992320
10316.845   0.992440
10316.864   0.992814
10316.884   0.993247
10316.903   0.993513
10316.923   0.993465
10316.942   0.993123
10316.962   0.992669
10316.981   0.992384
10317.001   0.992460
10317.021   0.992899
10317.040   0.993468
10317.060   0.993840
10317.079   0.993728
10317.099   0.993070
10317.118   0.992053
10317.138   0.991060
10317.157   0.990481
10317.177   0.990554
10317.196   0.991274
10317.216   0.992397
10317.235   0.993580
10317.255   0.994479
10317.275   0.994896
10317.294   0.994779
10317.314   0.994272
10317.333   0.993615
10317.353   0.993101
10317.372   0.992977
10317.392   0.993376
10317.411   0.994261
10317.431   0.995425
10317.450   0.996550
10317.470   0.997314
10317.489   0.997509
10317.509   0.997117
10317.528   0.996305
10317.548   0.995353
10317.568   0.994513
10317.587   0.993925
10317.607   0.993593
10317.626   0.993433
10317.646   0.993380
10317.665   0.993413
10317.685   0.993559
10317.704   0.993806
10317.724   0.994065
10317.743   0.994164
10317.763   0.993944
10317.782   0.993383
10317.802   0.992627
10317.822   0.992000
10317.841   0.991849
10317.861   0.992432
10317.880   0.993750
10317.900   0.995550
10317.919   0.997389
10317.939   0.998796
10317.958   0.999478
10317.978   0.999412
10317.997   0.998853
10318.017   0.998182
10318.036   0.997720
10318.056   0.997604
10318.076   0.997746
10318.095   0.997972
10318.115   0.998102
10318.134   0.998107
10318.154   0.998031
10318.173   0.997970
10318.193   0.997889
10318.212   0.997669
10318.232   0.997101
10318.251   0.996103
10318.271   0.994762
10318.290   0.993410
10318.310   0.992439
10318.330   0.992128
10318.349   0.992470
10318.369   0.993156
10318.388   0.993768
10318.408   0.993978
10318.427   0.993751
10318.447   0.993249
10318.466   0.992750
10318.486   0.992445
10318.505   0.992412
10318.525   0.992622
10318.544   0.993025
10318.564   0.993549
10318.584   0.994116
10318.603   0.994619
10318.623   0.994959
10318.642   0.995055
10318.662   0.994894
10318.681   0.994516
10318.701   0.994026
10318.720   0.993553
10318.740   0.993242
10318.759   0.993201
10318.779   0.993471
10318.798   0.993996
10318.818   0.994630
10318.838   0.995197
10318.857   0.995568
10318.877   0.995722
10318.896   0.995751
10318.916   0.995800
10318.935   0.995966
10318.955   0.996245
10318.974   0.996516
10318.994   0.996628
10319.013   0.996453
10319.033   0.995972
10319.052   0.995256
10319.072   0.994457
10319.092   0.993720
10319.111   0.993161
10319.131   0.992830
10319.150   0.992721
10319.170   0.992786
10319.189   0.992920
10319.209   0.993014
10319.228   0.992924
10319.248   0.992584
10319.267   0.991997
10319.287   0.991323
10319.306   0.990789
10319.326   0.990622
10319.345   0.990904
10319.365   0.991533
10319.385   0.992269
10319.404   0.992872
10319.424   0.993221
10319.443   0.993350
10319.463   0.993371
10319.482   0.993368
10319.502   0.993309
10319.521   0.993083
10319.541   0.992581
10319.560   0.991814
10319.580   0.990966
10319.599   0.990328
10319.619   0.990166
10319.639   0.990580
10319.658   0.991449
10319.678   0.992463
10319.697   0.993277
10319.717   0.993640
10319.736   0.993498
10319.756   0.992970
10319.775   0.992271
10319.795   0.991608
10319.814   0.991107
10319.834   0.990809
10319.853   0.990688
10319.873   0.990701
10319.893   0.990835
10319.912   0.991099
10319.932   0.991520
10319.951   0.992113
10319.971   0.992824
10319.990   0.993555
10320.010   0.994150
10320.029   0.994502
10320.049   0.994554
10320.068   0.994361
10320.088   0.994015
10320.107   0.993633
10320.127   0.993301
10320.147   0.993061
10320.166   0.992941
10320.186   0.992934
10320.205   0.993043
10320.225   0.993214
10320.244   0.993403
10320.264   0.993558
10320.283   0.993685
10320.303   0.993818
10320.322   0.994000
10320.342   0.994245
10320.361   0.994481
10320.381   0.994606
10320.401   0.994519
10320.420   0.994220
10320.440   0.993817
10320.459   0.993469
10320.479   0.993322
10320.498   0.993402
10320.518   0.993645
10320.537   0.993895
10320.557   0.994042
10320.576   0.994035
10320.596   0.993936
10320.615   0.993854
10320.635   0.993895
10320.655   0.994117
10320.674   0.994512
10320.694   0.995003
10320.713   0.995447
10320.733   0.995678
10320.752   0.995552
10320.772   0.995025
10320.791   0.994213
10320.811   0.993340
10320.830   0.992652
10320.850   0.992278
10320.869   0.992230
10320.889   0.992378
10320.908   0.992591
10320.928   0.992760
10320.948   0.992868
10320.967   0.992896
10320.987   0.992853
10321.006   0.992742
10321.026   0.992635
10321.045   0.992684
10321.065   0.993079
10321.084   0.993903
10321.104   0.995061
10321.123   0.996255
10321.143   0.997131
10321.162   0.997444
10321.182   0.997224
10321.202   0.996738
10321.221   0.996335
10321.241   0.996239
10321.260   0.996436
10321.280   0.996714
10321.299   0.996804
10321.319   0.996540
10321.338   0.995934
10321.358   0.995135
10321.377   0.994342
10321.397   0.993699
10321.416   0.993268
10321.436   0.993025
10321.456   0.992942
10321.475   0.993001
10321.495   0.993235
10321.514   0.993671
10321.534   0.994285
10321.553   0.994942
10321.573   0.995434
10321.592   0.995583
10321.612   0.995372
10321.631   0.994981
10321.651   0.994712
10321.670   0.994804
10321.690   0.995306
10321.710   0.996030
10321.729   0.996658
10321.749   0.996906
10321.768   0.996663
10321.788   0.996034
10321.807   0.995256
10321.827   0.994578
10321.846   0.994104
10321.866   0.993818
10321.885   0.993622
10321.905   0.993448
10321.924   0.993309
10321.944   0.993244
10321.964   0.993301
10321.983   0.993410
10322.003   0.993525
10322.022   0.993581
10322.042   0.993649
10322.061   0.993824
10322.081   0.994219
10322.100   0.994854
10322.120   0.995618
10322.139   0.996331
10322.159   0.996757
10322.178   0.996764
10322.198   0.996319
10322.218   0.995592
10322.237   0.994892
10322.257   0.994579
10322.276   0.994925
10322.296   0.995892
10322.315   0.997199
10322.335   0.998318
10322.354   0.998843
10322.374   0.998585
10322.393   0.997769
10322.413   0.996809
10322.432   0.996129
10322.452   0.995912
10322.472   0.996055
10322.491   0.996282
10322.511   0.996281
10322.530   0.995928
10322.550   0.995256
10322.569   0.994498
10322.589   0.993873
10322.608   0.993556
10322.628   0.993557
10322.647   0.993759
10322.667   0.993979
10322.686   0.994035
10322.706   0.993866
10322.725   0.993490
10322.745   0.993064
10322.765   0.992766
10322.784   0.992771
10322.804   0.993175
10322.823   0.993919
10322.843   0.994840
10322.862   0.995652
10322.882   0.996163
10322.901   0.996261
10322.921   0.996064
10322.940   0.995760
10322.960   0.995575
10322.979   0.995581
10322.999   0.995713
10323.019   0.995784
10323.038   0.995651
10323.058   0.995297
10323.077   0.994857
10323.097   0.994522
10323.116   0.994431
10323.136   0.994551
10323.155   0.994715
10323.175   0.994734
10323.194   0.994524
10323.214   0.994201
10323.233   0.993994
10323.253   0.994153
10323.273   0.994775
10323.292   0.995738
10323.312   0.996781
10323.331   0.997589
10323.351   0.998014
10323.370   0.998043
10323.390   0.997846
10323.409   0.997589
10323.429   0.997409
10323.448   0.997304
10323.468   0.997223
10323.487   0.997085
10323.507   0.996852
10323.527   0.996512
10323.546   0.996078
10323.566   0.995563
10323.585   0.995006
10323.605   0.994472
10323.624   0.994061
10323.644   0.993858
10323.663   0.993910
10323.683   0.994201
10323.702   0.994657
10323.722   0.995188
10323.741   0.995685
10323.761   0.996089
10323.781   0.996386
10323.800   0.996639
10323.820   0.996912
10323.839   0.997232
10323.859   0.997513
10323.878   0.997581
10323.898   0.997249
10323.917   0.996444
10323.937   0.995285
10323.956   0.994077
10323.976   0.993219
10323.995   0.993019
10324.015   0.993552
10324.035   0.994591
10324.054   0.995716
10324.074   0.996479
10324.093   0.996638
10324.113   0.996241
10324.132   0.995571
10324.152   0.994986
10324.171   0.994735
10324.191   0.994873
10324.210   0.995261
10324.230   0.995679
10324.249   0.995905
10324.269   0.995824
10324.289   0.995460
10324.308   0.994950
10324.328   0.994483
10324.347   0.994229
10324.367   0.994280
10324.386   0.994621
10324.406   0.995140
10324.425   0.995680
10324.445   0.996095
10324.464   0.996309
10324.484   0.996349
10324.503   0.996294
10324.523   0.996233
10324.542   0.996196
10324.562   0.996198
10324.582   0.996241
10324.601   0.996376
10324.621   0.996663
10324.640   0.997122
10324.660   0.997674
10324.679   0.998149
10324.699   0.998364
10324.718   0.998221
10324.738   0.997771
10324.757   0.997178
10324.777   0.996617
10324.796   0.996199
10324.816   0.995935
10324.836   0.995777
10324.855   0.995638
10324.875   0.995432
10324.894   0.995067
10324.914   0.994501
10324.933   0.993785
10324.953   0.993116
10324.972   0.992787
10324.992   0.993039
10325.011   0.993955
10325.031   0.995341
10325.050   0.996828
10325.070   0.997987
10325.090   0.998539
10325.109   0.998417
10325.129   0.997751
10325.148   0.996775
10325.168   0.995716
10325.187   0.994760
10325.207   0.994033
10325.226   0.993638
10325.246   0.993639
10325.265   0.994062
10325.285   0.994834
10325.304   0.995775
10325.324   0.996620
10325.344   0.997109
10325.363   0.997091
10325.383   0.996583
10325.402   0.995743
10325.422   0.994793
10325.441   0.993970
10325.461   0.993448
10325.480   0.993353
10325.500   0.993692
10325.519   0.994339
10325.539   0.995006
10325.558   0.995343
10325.578   0.995129
10325.598   0.994362
10325.617   0.993388
10325.637   0.992678
10325.656   0.992689
10325.676   0.993479
10325.695   0.994754
10325.715   0.995911
10325.734   0.996435
10325.754   0.996143
10325.773   0.995248
10325.793   0.994239
10325.812   0.993519
10325.832   0.993305
10325.852   0.993477
10325.871   0.993800
10325.891   0.994043
10325.910   0.994153
10325.930   0.994224
10325.949   0.994369
10325.969   0.994631
10325.988   0.994867
10326.008   0.994901
10326.027   0.994573
10326.047   0.993943
10326.066   0.993208
10326.086   0.992661
10326.106   0.992473
10326.125   0.992672
10326.145   0.993129
10326.164   0.993672
10326.184   0.994152
10326.203   0.994420
10326.223   0.994355
10326.242   0.993855
10326.262   0.992985
10326.281   0.991967
10326.301   0.991179
10326.320   0.990937
10326.340   0.991344
10326.359   0.992252
10326.379   0.993321
10326.399   0.994259
10326.418   0.994883
10326.438   0.995213
10326.457   0.995317
10326.477   0.995279
10326.496   0.995119
10326.516   0.994887
10326.535   0.994682
10326.555   0.994614
10326.574   0.994715
10326.594   0.994868
10326.613   0.994845
10326.633   0.994440
10326.653   0.993605
10326.672   0.992529
10326.692   0.991515
10326.711   0.990849
10326.731   0.990592
10326.750   0.990592
10326.770   0.990557
10326.789   0.990288
10326.809   0.989789
10326.828   0.989288
10326.848   0.989103
10326.867   0.989453
10326.887   0.990320
10326.907   0.991473
10326.926   0.992554
10326.946   0.993271
10326.965   0.993437
10326.985   0.993084
10327.004   0.992373
10327.024   0.991608
10327.043   0.991092
10327.063   0.991032
10327.082   0.991456
10327.102   0.992198
10327.121   0.993039
10327.141   0.993774
10327.161   0.994312
10327.180   0.994629
10327.200   0.994713
10327.219   0.994572
10327.239   0.994229
10327.258   0.993823
10327.278   0.993520
10327.297   0.993471
10327.317   0.993641
10327.336   0.993835
10327.356   0.993819
10327.375   0.993498
10327.395   0.993049
10327.415   0.992788
10327.434   0.993015
10327.454   0.993693
10327.473   0.994493
10327.493   0.994907
10327.512   0.994649
10327.532   0.993808
10327.551   0.992878
10327.571   0.992448
10327.590   0.992850
10327.610   0.993958
10327.629   0.995244
10327.649   0.996130
10327.669   0.996262
10327.688   0.995733
10327.708   0.994930
10327.727   0.994291
10327.747   0.994027
10327.766   0.994038
10327.786   0.994056
10327.805   0.993863
10327.825   0.993472
10327.844   0.993115
10327.864   0.993087
10327.883   0.993573
10327.903   0.994522
10327.923   0.995698
10327.942   0.996796
10327.962   0.997582
10327.981   0.997963
10328.001   0.997976
10328.020   0.997738
10328.040   0.997383
10328.059   0.997031
10328.079   0.996752
10328.098   0.996582
10328.118   0.996530
10328.137   0.996640
10328.157   0.996940
10328.176   0.997454
10328.196   0.998117
10328.216   0.998786
10328.235   0.999240
10328.255   0.999299
10328.274   0.998896
10328.294   0.998117
10328.313   0.997126
10328.333   0.996089
10328.352   0.995134
10328.372   0.994382
10328.391   0.994001
10328.411   0.994146
10328.430   0.994878
10328.450   0.996010
10328.470   0.997194
10328.489   0.997971
10328.509   0.998058
10328.528   0.997422
10328.548   0.996347
10328.567   0.995287
10328.587   0.994649
10328.606   0.994619
10328.626   0.995058
10328.645   0.995609
10328.665   0.995867
10328.684   0.995574
10328.704   0.994756
10328.724   0.993645
10328.743   0.992592
10328.763   0.991865
10328.782   0.991570
10328.802   0.991601
10328.821   0.991731
10328.841   0.991713
10328.860   0.991396
10328.880   0.990789
10328.899   0.990050
10328.919   0.989413
10328.938   0.989084
10328.958   0.989145
10328.978   0.989522
10328.997   0.990022
10329.017   0.990469
10329.036   0.990776
10329.056   0.990998
10329.075   0.991219
10329.095   0.991551
10329.114   0.991987
10329.134   0.992491
10329.153   0.992919
10329.173   0.993180
10329.192   0.993204
10329.212   0.993075
10329.232   0.992944
10329.251   0.993017
10329.271   0.993402
10329.290   0.994067
10329.310   0.994817
10329.329   0.995386
10329.349   0.995578
10329.368   0.995331
10329.388   0.994759
10329.407   0.994046
10329.427   0.993402
10329.446   0.992927
10329.466   0.992643
10329.486   0.992466
10329.505   0.992339
10329.525   0.992224
10329.544   0.992170
10329.564   0.992225
10329.583   0.992394
10329.603   0.992567
10329.622   0.992548
10329.642   0.992185
10329.661   0.991465
10329.681   0.990600
10329.700   0.989932
10329.720   0.989845
10329.739   0.990560
10329.759   0.992081
10329.779   0.994087
10329.798   0.996104
10329.818   0.997598
10329.837   0.998282
10329.857   0.998154
10329.876   0.997541
10329.896   0.996860
10329.915   0.996393
10329.935   0.996181
10329.954   0.996035
10329.974   0.995777
10329.993   0.995326
10330.013   0.994790
10330.033   0.994305
10330.052   0.993963
10330.072   0.993692
10330.091   0.993400
10330.111   0.993021
10330.130   0.992675
10330.150   0.992560
10330.169   0.992883
10330.189   0.993681
10330.208   0.994761
10330.228   0.995778
10330.247   0.996287
10330.267   0.996042
10330.287   0.995020
10330.306   0.993596
10330.326   0.992302
10330.345   0.991678
10330.365   0.991947
10330.384   0.992926
10330.404   0.994148
10330.423   0.995090
10330.443   0.995520
10330.462   0.995424
10330.482   0.995036
10330.501   0.994511
10330.521   0.993957
10330.541   0.993341
10330.560   0.992675
10330.580   0.992025
10330.599   0.991522
10330.619   0.991287
10330.638   0.991365
10330.658   0.991720
10330.677   0.992246
10330.697   0.992819
10330.716   0.993329
10330.736   0.993703
10330.755   0.993914
10330.775   0.993953
10330.795   0.993873
10330.814   0.993727
10330.834   0.993572
10330.853   0.993421
10330.873   0.993237
10330.892   0.992974
10330.912   0.992593
10330.931   0.992112
10330.951   0.991510
10330.970   0.990694
10330.990   0.989476
10331.009   0.987663
10331.029   0.985247
10331.049   0.982445
10331.068   0.979733
10331.088   0.977567
10331.107   0.976261
10331.127   0.975793
10331.146   0.975872
10331.166   0.976002
10331.185   0.975633
10331.205   0.974406
10331.224   0.972229
10331.244   0.969476
10331.263   0.966757
10331.283   0.964767
10331.303   0.963909
10331.322   0.964254
10331.342   0.965573
10331.361   0.967566
10331.381   0.969955
10331.400   0.972527
10331.420   0.975107
10331.439   0.977553
10331.459   0.979799
10331.478   0.981862
10331.498   0.983794
10331.517   0.985630
10331.537   0.987324
10331.556   0.988784
10331.576   0.989925
10331.596   0.990735
10331.615   0.991321
10331.635   0.991836
10331.654   0.992429
10331.674   0.993092
10331.693   0.993692
10331.713   0.994002
10331.732   0.993917
10331.752   0.993507
10331.771   0.993041
10331.791   0.992815
10331.810   0.992965
10331.830   0.993408
10331.850   0.993882
10331.869   0.994151
10331.889   0.994081
10331.908   0.993709
10331.928   0.993138
10331.947   0.992491
10331.967   0.991860
10331.986   0.991349
10332.006   0.991034
10332.025   0.990970
10332.045   0.991095
10332.064   0.991286
10332.084   0.991373
10332.104   0.991296
10332.123   0.991123
10332.143   0.991022
10332.162   0.991137
10332.182   0.991461
10332.201   0.991881
10332.221   0.992246
10332.240   0.992509
10332.260   0.992724
10332.279   0.992967
10332.299   0.993220
10332.318   0.993342
10332.338   0.993180
10332.358   0.992687
10332.377   0.992008
10332.397   0.991418
10332.416   0.991185
10332.436   0.991420
10332.455   0.992048
10332.475   0.992851
10332.494   0.993592
10332.514   0.994111
10332.533   0.994317
10332.553   0.994194
10332.572   0.993716
10332.592   0.992937
10332.612   0.992014
10332.631   0.991288
10332.651   0.991170
10332.670   0.991889
10332.690   0.993393
10332.709   0.995213
10332.729   0.996792
10332.748   0.997633
10332.768   0.997615
10332.787   0.996909
10332.807   0.995913
10332.826   0.995049
10332.846   0.994587
10332.866   0.994620
10332.885   0.994993
10332.905   0.995479
10332.924   0.995799
10332.944   0.995825
10332.963   0.995570
10332.983   0.995181
10333.002   0.994838
10333.022   0.994657
10333.041   0.994665
10333.061   0.994796
10333.080   0.994948
10333.100   0.995040
10333.120   0.995037
10333.139   0.995000
10333.159   0.995051
10333.178   0.995306
10333.198   0.995787
10333.217   0.996390
10333.237   0.996920
10333.256   0.997208
10333.276   0.997211
10333.295   0.997072
10333.315   0.996996
10333.334   0.997108
10333.354   0.997329
10333.373   0.997429
10333.393   0.997200
10333.413   0.996615
10333.432   0.995914
10333.452   0.995395
10333.471   0.995267
10333.491   0.995426
10333.510   0.995648
10333.530   0.995690
10333.549   0.995528
10333.569   0.995260
10333.588   0.995007
10333.608   0.994760
10333.627   0.994393
10333.647   0.993775
10333.667   0.992848
10333.686   0.991656
10333.706   0.990255
10333.725   0.988707
10333.745   0.987111
10333.764   0.985690
10333.784   0.984767
10333.803   0.984607
10333.823   0.985191
10333.842   0.986170
10333.862   0.986979
10333.881   0.987229
10333.901   0.986866
10333.921   0.986288
10333.940   0.986010
10333.960   0.986428
10333.979   0.987574
10333.999   0.989197
10334.018   0.990901
10334.038   0.992378
10334.057   0.993455
10334.077   0.994138
10334.096   0.994463
10334.116   0.994512
10334.135   0.994316
10334.155   0.993925
10334.175   0.993425
10334.194   0.992939
10334.214   0.992636
10334.233   0.992598
10334.253   0.992820
10334.272   0.993140
10334.292   0.993365
10334.311   0.993399
10334.331   0.993306
10334.350   0.993356
10334.370   0.993745
10334.389   0.994557
10334.409   0.995513
10334.429   0.996262
10334.448   0.996457
10334.468   0.996141
10334.487   0.995697
10334.507   0.995664
10334.526   0.996390
10334.546   0.997682
10334.565   0.998925
10334.585   0.999286
10334.604   0.998314
10334.624   0.996117
10334.643   0.993432
10334.663   0.991227
10334.683   0.990280
10334.702   0.990903
10334.722   0.992826
10334.741   0.995303
10334.761   0.997346
10334.780   0.998029
10334.800   0.996941
10334.819   0.994333
10334.839   0.991187
10334.858   0.988674
10334.878   0.987616
10334.897   0.988071
10334.917   0.989385
10334.937   0.990697
10334.956   0.991400
10334.976   0.991519
10334.995   0.991467
10335.015   0.991736
10335.034   0.992458
10335.054   0.993348
10335.073   0.993890
10335.093   0.993686
10335.112   0.992761
10335.132   0.991561
10335.151   0.990705
10335.171   0.990585
10335.190   0.991106
10335.210   0.991768
10335.230   0.991968
10335.249   0.991443
10335.269   0.990460
10335.288   0.989644
10335.308   0.989598
10335.327   0.990425
10335.347   0.991771
10335.366   0.992953
10335.386   0.993540
10335.405   0.993505
10335.425   0.993268
10335.444   0.993240
10335.464   0.993528
10335.484   0.993803
10335.503   0.993556
10335.523   0.992528
10335.542   0.990882
10335.562   0.989238
10335.581   0.988180
10335.601   0.988024
10335.620   0.988551
10335.640   0.989312
10335.659   0.989861
10335.679   0.990058
10335.698   0.990043
10335.718   0.990087
10335.738   0.990373
10335.757   0.990872
10335.777   0.991416
10335.796   0.991782
10335.816   0.991881
10335.835   0.991761
10335.855   0.991653
10335.874   0.991756
10335.894   0.992164
10335.913   0.992713
10335.933   0.993112
10335.952   0.993079
10335.972   0.992544
10335.992   0.991737
10336.011   0.991014
10336.031   0.990705
10336.050   0.990885
10336.070   0.991453
10336.089   0.992155
10336.109   0.992760
10336.128   0.993074
10336.148   0.992996
10336.167   0.992533
10336.187   0.991817
10336.206   0.991114
10336.226   0.990707
10336.246   0.990769
10336.265   0.991234
10336.285   0.991828
10336.304   0.992227
10336.324   0.992228
10336.343   0.991884
10336.363   0.991413
10336.382   0.991061
10336.402   0.990948
10336.421   0.991068
10336.441   0.991320
10336.460   0.991643
10336.480   0.991973
10336.500   0.992260
10336.519   0.992371
10336.539   0.992160
10336.558   0.991545
10336.578   0.990617
10336.597   0.989653
10336.617   0.988967
10336.636   0.988695
10336.656   0.988697
10336.675   0.988587
10336.695   0.988069
10336.714   0.987052
10336.734   0.985818
10336.754   0.984760
10336.773   0.984179
10336.793   0.984102
10336.812   0.984269
10336.832   0.984356
10336.851   0.984121
10336.871   0.983605
10336.890   0.983013
10336.910   0.982618
10336.929   0.982534
10336.949   0.982723
10336.968   0.983028
10336.988   0.983373
10337.007   0.983804
10337.027   0.984465
10337.047   0.985465
10337.066   0.986735
10337.086   0.988085
10337.105   0.989206
10337.125   0.989906
10337.144   0.990087
10337.164   0.989895
10337.183   0.989554
10337.203   0.989381
10337.222   0.989583
10337.242   0.990187
10337.261   0.991007
10337.281   0.991727
10337.301   0.992113
10337.320   0.992088
10337.340   0.991849
10337.359   0.991653
10337.379   0.991721
10337.398   0.992040
10337.418   0.992510
10337.437   0.993014
10337.457   0.993554
10337.476   0.994158
10337.496   0.994731
10337.515   0.995072
10337.535   0.994923
10337.555   0.994201
10337.574   0.993038
10337.594   0.991766
10337.613   0.990735
10337.633   0.990167
10337.652   0.990157
10337.672   0.990648
10337.691   0.991555
10337.711   0.992677
10337.730   0.993766
10337.750   0.994547
10337.769   0.994846
10337.789   0.994710
10337.809   0.994292
10337.828   0.993849
10337.848   0.993488
10337.867   0.993242
10337.887   0.993022
10337.906   0.992796
10337.926   0.992562
10337.945   0.992397
10337.965   0.992369
10337.984   0.992541
10338.004   0.992918
10338.023   0.993456
10338.043   0.994091
10338.063   0.994727
10338.082   0.995355
10338.102   0.995957
10338.121   0.996638
10338.141   0.997410
10338.160   0.998280
10338.180   0.999124
10338.199   0.999818
10338.219   1.000216
10338.238   1.000229
10338.258   0.999794
10338.277   0.998981
10338.297   0.997940
10338.317   0.996969
10338.336   0.996271
10338.356   0.995923
10338.375   0.995851
10338.395   0.995950
10338.414   0.996188
10338.434   0.996513
10338.453   0.996786
10338.473   0.996826
10338.492   0.996503
10338.512   0.995957
10338.531   0.995442
10338.551   0.995228
10338.570   0.995337
10338.590   0.995577
10338.610   0.995725
10338.629   0.995631
10338.649   0.995396
10338.668   0.995165
10338.688   0.995116
10338.707   0.995307
10338.727   0.995695
10338.746   0.996185
10338.766   0.996611
10338.785   0.996837
10338.805   0.996724
10338.824   0.996222
10338.844   0.995420
10338.864   0.994486
10338.883   0.993682
10338.903   0.993206
10338.922   0.993188
10338.942   0.993529
10338.961   0.994006
10338.981   0.994265
10339.000   0.994135
10339.020   0.993641
10339.039   0.993119
10339.059   0.992904
10339.078   0.993150
10339.098   0.993698
10339.118   0.994134
10339.137   0.994078
10339.157   0.993349
10339.176   0.992169
10339.196   0.991013
10339.215   0.990435
10339.235   0.990777
10339.254   0.992088
10339.274   0.994079
10339.293   0.996275
10339.313   0.998123
10339.332   0.999198
10339.352   0.999249
10339.372   0.998345
10339.391   0.996812
10339.411   0.995151
10339.430   0.993853
10339.450   0.993197
10339.469   0.993066
10339.489   0.993058
10339.508   0.992671
10339.528   0.991747
10339.547   0.990507
10339.567   0.989598
10339.586   0.989583
10339.606   0.990693
10339.626   0.992533
10339.645   0.994369
10339.665   0.995498
10339.684   0.995652
10339.704   0.995114
10339.723   0.994398
10339.743   0.993980
10339.762   0.993933
10339.782   0.994100
10339.801   0.994143
10339.821   0.993922
10339.840   0.993437
10339.860   0.992927
10339.880   0.992571
10339.899   0.992450
10339.919   0.992432
10339.938   0.992345
10339.958   0.992141
10339.977   0.991915
10339.997   0.991913
10340.016   0.992210
10340.036   0.992751
10340.055   0.993249
10340.075   0.993475
10340.094   0.993352
10340.114   0.992939
10340.134   0.992414
10340.153   0.991826
10340.173   0.991250
10340.192   0.990662
10340.212   0.990186
10340.231   0.989949
10340.251   0.990068
10340.270   0.990521
10340.290   0.991111
10340.309   0.991642
10340.329   0.992005
10340.348   0.992212
10340.368   0.992245
10340.387   0.991923
10340.407   0.991103
10340.427   0.989842
10340.446   0.988656
10340.466   0.988230
10340.485   0.989002
10340.505   0.990796
10340.524   0.992802
10340.544   0.994129
10340.563   0.994255
10340.583   0.993425
10340.602   0.992302
10340.622   0.991551
10340.641   0.991401
10340.661   0.991623
10340.681   0.991849
10340.700   0.991851
10340.720   0.991688
10340.739   0.991594
10340.759   0.991735
10340.778   0.992165
10340.798   0.992748
10340.817   0.993362
10340.837   0.993880
10340.856   0.994246
10340.876   0.994376
10340.895   0.994197
10340.915   0.993675
10340.935   0.992867
10340.954   0.991968
10340.974   0.991180
10340.993   0.990684
10341.013   0.990461
10341.032   0.990381
10341.052   0.990190
10341.071   0.989742
10341.091   0.989007
10341.110   0.988215
10341.130   0.987683
10341.149   0.987803
10341.169   0.988665
10341.189   0.990038
10341.208   0.991308
10341.228   0.991898
10341.247   0.991582
10341.267   0.990621
10341.286   0.989570
10341.306   0.988794
10341.325   0.988358
10341.345   0.987954
10341.364   0.987342
10341.384   0.986428
10341.403   0.985421
10341.423   0.984598
10341.443   0.984201
10341.462   0.984310
10341.482   0.984844
10341.501   0.985623
10341.521   0.986399
10341.540   0.986975
10341.560   0.987235
10341.579   0.987220
10341.599   0.987083
10341.618   0.987020
10341.638   0.987109
10341.657   0.987286
10341.677   0.987336
10341.697   0.987121
10341.716   0.986623
10341.736   0.986086
10341.755   0.985803
10341.775   0.986024
10341.794   0.986748
10341.814   0.987776
10341.833   0.988806
10341.853   0.989595
10341.872   0.990120
10341.892   0.990445
10341.911   0.990677
10341.931   0.990729
10341.951   0.990529
10341.970   0.990098
10341.990   0.989684
10342.009   0.989679
10342.029   0.990248
10342.048   0.991319
10342.068   0.992426
10342.087   0.993096
10342.107   0.993003
10342.126   0.992191
10342.146   0.991065
10342.165   0.990188
10342.185   0.990050
10342.204   0.990751
10342.224   0.991964
10342.244   0.993101
10342.263   0.993630
10342.283   0.993409
10342.302   0.992651
10342.322   0.991837
10342.341   0.991311
10342.361   0.991194
10342.380   0.991341
10342.400   0.991558
10342.419   0.991797
10342.439   0.992125
10342.458   0.992741
10342.478   0.993620
10342.498   0.994535
10342.517   0.995039
10342.537   0.994796
10342.556   0.993849
10342.576   0.992596
10342.595   0.991632
10342.615   0.991241
10342.634   0.991361
10342.654   0.991597
10342.673   0.991686
10342.693   0.991673
10342.712   0.991864
10342.732   0.992504
10342.752   0.993460
10342.771   0.994280
10342.791   0.994449
10342.810   0.993804
10342.830   0.992599
10342.849   0.991413
10342.869   0.990705
10342.888   0.990666
10342.908   0.991138
10342.927   0.991898
10342.947   0.992804
10342.966   0.993825
10342.986   0.994940
10343.006   0.995981
10343.025   0.996632
10343.045   0.996579
10343.064   0.995714
10343.084   0.994257
10343.103   0.992698
10343.123   0.991595
10343.142   0.991314
10343.162   0.991892
10343.181   0.992973
10343.201   0.994118
10343.220   0.994875
10343.240   0.995132
10343.260   0.994925
10343.279   0.994517
10343.299   0.994170
10343.318   0.994112
10343.338   0.994458
10343.357   0.995100
10343.377   0.995705
10343.396   0.995856
10343.416   0.995251
10343.435   0.994007
10343.455   0.992521
10343.474   0.991394
10343.494   0.991010
10343.514   0.991491
10343.533   0.992480
10343.553   0.993470
10343.572   0.994004
10343.592   0.994011
10343.611   0.993794
10343.631   0.993728
10343.650   0.994038
10343.670   0.994506
10343.689   0.994789
10343.709   0.994505
10343.728   0.993600
10343.748   0.992194
10343.768   0.990599
10343.787   0.989130
10343.807   0.988028
10343.826   0.987434
10343.846   0.987345
10343.865   0.987680
10343.885   0.988226
10343.904   0.988713
10343.924   0.988895
10343.943   0.988720
10343.963   0.988463
10343.982   0.988578
10344.002   0.989421
10344.021   0.990965
10344.041   0.992759
10344.061   0.994122
10344.080   0.994542
10344.100   0.993919
10344.119   0.992671
10344.139   0.991434
10344.158   0.990841
10344.178   0.991137
10344.197   0.992070
10344.217   0.993057
10344.236   0.993460
10344.256   0.993014
10344.275   0.991785
10344.295   0.990161
10344.315   0.988584
10344.334   0.987404
10344.354   0.986851
10344.373   0.986997
10344.393   0.987741
10344.412   0.988801
10344.432   0.989774
10344.451   0.990367
10344.471   0.990465
10344.490   0.990234
10344.510   0.989896
10344.529   0.989640
10344.549   0.989472
10344.569   0.989268
10344.588   0.988894
10344.608   0.988269
10344.627   0.987501
10344.647   0.986788
10344.666   0.986458
10344.686   0.986691
10344.705   0.987488
10344.725   0.988515
10344.744   0.989277
10344.764   0.989339
10344.783   0.988553
10344.803   0.987194
10344.823   0.985777
10344.842   0.984855
10344.862   0.984648
10344.881   0.985018
10344.901   0.985522
10344.920   0.985776
10344.940   0.985640
10344.959   0.985323
10344.979   0.985213
10344.998   0.985617
10345.018   0.986611
10345.037   0.988049
10345.057   0.989585
10345.077   0.990847
10345.096   0.991449
10345.116   0.991284
10345.135   0.990531
10345.155   0.989813
10345.174   0.989805
10345.194   0.990937
10345.213   0.993102
10345.233   0.995774
10345.252   0.998370
10345.272   1.000448
10345.291   1.001834
10345.311   1.002366
10345.331   1.002031
10345.350   1.000913
10345.370   0.999321
10345.389   0.997614
10345.409   0.995918
10345.428   0.994210
10345.448   0.992353
10345.467   0.990501
10345.487   0.988985
10345.506   0.988163
10345.526   0.988143
10345.545   0.988641
10345.565   0.989174
10345.585   0.989293
10345.604   0.988883
10345.624   0.988207
10345.643   0.987797
10345.663   0.988112
10345.682   0.989330
10345.702   0.991194
10345.721   0.993143
10345.741   0.994569
10345.760   0.995091
10345.780   0.994740
10345.799   0.993817
10345.819   0.992661
10345.838   0.991431
10345.858   0.990188
10345.878   0.989061
10345.897   0.988277
10345.917   0.988023
10345.936   0.988188
10345.956   0.988447
10345.975   0.988443
10345.995   0.988114
10346.014   0.987668
10346.034   0.987341
10346.053   0.987226
10346.073   0.987151
10346.092   0.987023
10346.112   0.986831
10346.132   0.986819
10346.151   0.987126
10346.171   0.987792
10346.190   0.988545
10346.210   0.989024
10346.229   0.988841
10346.249   0.987890
10346.268   0.986461
10346.288   0.985268
10346.307   0.985097
10346.327   0.986336
10346.346   0.988750
10346.366   0.991534
10346.386   0.993876
10346.405   0.995259
10346.425   0.995824
10346.444   0.995882
10346.464   0.995805
10346.483   0.995566
10346.503   0.995045
10346.522   0.994153
10346.542   0.993010
10346.561   0.991903
10346.581   0.990940
10346.600   0.990107
10346.620   0.989163
10346.640   0.987974
10346.659   0.986550
10346.679   0.985172
10346.698   0.984325
10346.718   0.984520
10346.737   0.986025
10346.757   0.988476
10346.776   0.991017
10346.796   0.992506
10346.815   0.992445
10346.835   0.991054
10346.854   0.989428
10346.874   0.988571
10346.894   0.988942
10346.913   0.990111
10346.933   0.991177
10346.952   0.991431
10346.972   0.990635
10346.991   0.989290
10347.011   0.988087
10347.030   0.987674
10347.050   0.988061
10347.069   0.988783
10347.089   0.989086
10347.108   0.988653
10347.128   0.987762
10347.148   0.987146
10347.167   0.987343
10347.187   0.988263
10347.206   0.989332
10347.226   0.989841
10347.245   0.989562
10347.265   0.988658
10347.284   0.987651
10347.304   0.986917
10347.323   0.986628
10347.343   0.986651
10347.362   0.986758
10347.382   0.986849
10347.401   0.987014
10347.421   0.987489
10347.441   0.988420
10347.460   0.989638
10347.480   0.990759
10347.499   0.991286
10347.519   0.991054
10347.538   0.990155
10347.558   0.988968
10347.577   0.987814
10347.597   0.986947
10347.616   0.986435
10347.636   0.986347
10347.655   0.986698
10347.675   0.987421
10347.695   0.988426
10347.714   0.989374
10347.734   0.990110
10347.753   0.990366
10347.773   0.990240
10347.792   0.989800
10347.812   0.989255
10347.831   0.988817
10347.851   0.988569
10347.870   0.988619
10347.890   0.988809
10347.909   0.989070
10347.929   0.989258
10347.949   0.989433
10347.968   0.989633
10347.988   0.989819
10348.007   0.989822
10348.027   0.989488
10348.046   0.988874
10348.066   0.988185
10348.085   0.987694
10348.105   0.987543
10348.124   0.987809
10348.144   0.988636
10348.163   0.990117
10348.183   0.992211
10348.203   0.994312
10348.222   0.995661
10348.242   0.995547
10348.261   0.994112
10348.281   0.992180
10348.300   0.990852
10348.320   0.990728
10348.339   0.991487
10348.359   0.992311
10348.378   0.992357
10348.398   0.991507
10348.417   0.990121
10348.437   0.988894
10348.457   0.988268
10348.476   0.988360
10348.496   0.988970
10348.515   0.989729
10348.535   0.990385
10348.554   0.990791
10348.574   0.991020
10348.593   0.991100
10348.613   0.991009
10348.632   0.990621
10348.652   0.989949
10348.671   0.989221
10348.691   0.988860
10348.711   0.989219
10348.730   0.990239
10348.750   0.991462
10348.769   0.992179
10348.789   0.991967
10348.808   0.990829
10348.828   0.989251
10348.847   0.987899
10348.867   0.987241
10348.886   0.987444
10348.906   0.988276
10348.925   0.989420
10348.945   0.990558
10348.965   0.991578
10348.984   0.992460
10349.004   0.993154
10349.023   0.993536
10349.043   0.993337
10349.062   0.992485
10349.082   0.991085
10349.101   0.989636
10349.121   0.988668
10349.140   0.988524
10349.160   0.989097
10349.179   0.989862
10349.199   0.990330
10349.218   0.990296
10349.238   0.990080
10349.258   0.990189
10349.277   0.990970
10349.297   0.992241
10349.316   0.993414
10349.336   0.993850
10349.355   0.993435
10349.375   0.992622
10349.394   0.992124
10349.414   0.992316
10349.433   0.992935
10349.453   0.993345
10349.472   0.993015
10349.492   0.991984
10349.512   0.990787
10349.531   0.990169
10349.551   0.990564
10349.570   0.991940
10349.590   0.993715
10349.609   0.995178
10349.629   0.995786
10349.648   0.995513
10349.668   0.994822
10349.687   0.994247
10349.707   0.994043
10349.726   0.993863
10349.746   0.993096
10349.766   0.991359
10349.785   0.988992
10349.805   0.986933
10349.824   0.986090
10349.844   0.986648
10349.863   0.988018
10349.883   0.989341
10349.902   0.990127
10349.922   0.990448
10349.941   0.990661
10349.961   0.991024
10349.980   0.991682
10350.000   0.992703
