10470.131   0.989569
10470.151   0.989749
10470.172   0.990078
10470.192   0.990441
10470.213   0.990705
10470.233   0.990778
10470.254   0.990641
10470.274   0.990348
10470.295   0.990035
10470.315   0.989857
10470.336   0.989957
10470.356   0.990373
10470.377   0.991033
10470.397   0.991735
10470.418   0.992263
10470.438   0.992437
10470.459   0.992246
10470.479   0.991806
10470.500   0.991349
10470.521   0.991107
10470.541   0.991243
10470.562   0.991739
10470.582   0.992415
10470.603   0.992983
10470.623   0.993187
10470.644   0.992903
10470.664   0.992225
10470.685   0.991433
10470.705   0.990901
10470.726   0.990957
10470.746   0.991743
10470.767   0.993146
10470.787   0.994844
10470.808   0.996405
10470.828   0.997430
10470.849   0.997697
10470.869   0.997244
10470.890   0.996324
10470.910   0.995286
10470.931   0.994417
10470.951   0.993873
10470.972   0.993648
10470.992   0.993615
10471.013   0.993592
10471.033   0.993441
10471.054   0.993128
10471.074   0.992740
10471.095   0.992434
10471.115   0.992359
10471.136   0.992534
10471.156   0.992861
10471.177   0.993162
10471.197   0.993312
10471.218   0.993295
10471.238   0.993253
10471.259   0.993369
10471.279   0.993776
10471.300   0.994384
10471.320   0.994957
10471.341   0.995168
10471.361   0.994819
10471.382   0.993898
10471.402   0.992654
10471.423   0.991456
10471.443   0.990706
10471.464   0.990602
10471.484   0.991111
10471.505   0.991943
10471.525   0.992744
10471.546   0.993192
10471.566   0.993171
10471.587   0.992750
10471.607   0.992174
10471.628   0.991670
10471.649   0.991389
10471.669   0.991295
10471.690   0.991274
10471.710   0.991186
10471.731   0.990981
10471.751   0.990670
10471.772   0.990305
10471.792   0.989903
10471.813   0.989411
10471.833   0.988709
10471.854   0.987694
10471.874   0.986386
10471.895   0.984950
10471.915   0.983697
10471.936   0.982930
10471.956   0.982862
10471.977   0.983481
10471.997   0.984579
10472.018   0.985779
10472.038   0.986703
10472.059   0.987088
10472.079   0.986907
10472.100   0.986340
10472.120   0.985706
10472.141   0.985313
10472.161   0.985340
10472.182   0.985768
10472.202   0.986389
10472.223   0.986930
10472.243   0.987190
10472.264   0.987131
10472.284   0.986889
10472.305   0.986682
10472.325   0.986685
10472.346   0.986937
10472.366   0.987345
10472.387   0.987739
10472.407   0.987973
10472.428   0.988008
10472.448   0.987944
10472.469   0.987937
10472.489   0.988112
10472.510   0.988474
10472.530   0.988915
10472.551   0.989250
10472.571   0.989311
10472.592   0.989028
10472.612   0.988510
10472.633   0.987977
10472.653   0.987703
10472.674   0.987852
10472.694   0.988458
10472.715   0.989371
10472.735   0.990391
10472.756   0.991330
10472.776   0.992143
10472.797   0.992873
10472.818   0.993637
10472.838   0.994477
10472.859   0.995375
10472.879   0.996212
10472.900   0.996859
10472.920   0.997174
10472.941   0.997064
10472.961   0.996482
10472.982   0.995491
10473.002   0.994243
10473.023   0.992991
10473.043   0.991994
10473.064   0.991446
10473.084   0.991366
10473.105   0.991637
10473.125   0.992015
10473.146   0.992295
10473.166   0.992304
10473.187   0.991986
10473.207   0.991325
10473.228   0.990381
10473.248   0.989235
10473.269   0.988058
10473.289   0.987045
10473.310   0.986399
10473.330   0.986244
10473.351   0.986597
10473.371   0.987354
10473.392   0.988361
10473.412   0.989473
10473.433   0.990584
10473.453   0.991583
10473.474   0.992352
10473.494   0.992764
10473.515   0.992745
10473.535   0.992287
10473.556   0.991475
10473.576   0.990482
10473.597   0.989513
10473.617   0.988739
10473.638   0.988265
10473.658   0.988122
10473.679   0.988299
10473.699   0.988731
10473.720   0.989318
10473.740   0.989932
10473.761   0.990451
10473.781   0.990779
10473.802   0.990901
10473.822   0.990880
10473.843   0.990828
10473.863   0.990869
10473.884   0.991085
10473.904   0.991481
10473.925   0.991982
10473.946   0.992477
10473.966   0.992856
10473.987   0.993070
10474.007   0.993123
10474.028   0.993051
10474.048   0.992873
10474.069   0.992570
10474.089   0.992122
10474.110   0.991541
10474.130   0.990922
10474.151   0.990411
10474.171   0.990184
10474.192   0.990357
10474.212   0.990928
10474.233   0.991732
10474.253   0.992501
10474.274   0.992961
10474.294   0.992960
10474.315   0.992539
10474.335   0.991908
10474.356   0.991349
10474.376   0.991084
10474.397   0.991196
10474.417   0.991624
10474.438   0.992226
10474.458   0.992850
10474.479   0.993380
10474.499   0.993743
10474.520   0.993897
10474.540   0.993853
10474.561   0.993678
10474.581   0.993487
10474.602   0.993426
10474.622   0.993598
10474.643   0.994005
10474.663   0.994519
10474.684   0.994949
10474.704   0.995154
10474.725   0.995129
10474.745   0.995026
10474.766   0.995062
10474.786   0.995395
10474.807   0.996016
10474.827   0.996737
10474.848   0.997270
10474.868   0.997383
10474.889   0.996991
10474.909   0.996201
10474.930   0.995227
10474.950   0.994345
10474.971   0.993773
10474.991   0.993651
10475.012   0.993927
10475.032   0.994435
10475.053   0.994881
10475.073   0.995004
10475.094   0.994638
10475.115   0.993861
10475.135   0.992897
10475.156   0.992032
10475.176   0.991461
10475.197   0.991241
10475.217   0.991312
10475.238   0.991582
10475.258   0.992016
10475.279   0.992622
10475.299   0.993405
10475.320   0.994290
10475.340   0.995115
10475.361   0.995692
10475.381   0.995882
10475.402   0.995672
10475.422   0.995192
10475.443   0.994677
10475.463   0.994343
10475.484   0.994326
10475.504   0.994615
10475.525   0.995139
10475.545   0.995784
10475.566   0.996456
10475.586   0.997071
10475.607   0.997559
10475.627   0.997838
10475.648   0.997845
10475.668   0.997571
10475.689   0.997054
10475.709   0.996390
10475.730   0.995688
10475.750   0.995058
10475.771   0.994601
10475.791   0.994379
10475.812   0.994385
10475.832   0.994537
10475.853   0.994707
10475.873   0.994756
10475.894   0.994602
10475.914   0.994256
10475.935   0.993823
10475.955   0.993462
10475.976   0.993324
10475.996   0.993492
10476.017   0.993948
10476.037   0.994580
10476.058   0.995227
10476.078   0.995759
10476.099   0.996125
10476.119   0.996348
10476.140   0.996459
10476.160   0.996427
10476.181   0.996155
10476.201   0.995568
10476.222   0.994698
10476.243   0.993732
10476.263   0.992954
10476.284   0.992599
10476.304   0.992747
10476.325   0.993279
10476.345   0.993958
10476.366   0.994534
10476.386   0.994845
10476.407   0.994822
10476.427   0.994446
10476.448   0.993741
10476.468   0.992800
10476.489   0.991810
10476.509   0.991043
10476.530   0.990761
10476.550   0.991109
10476.571   0.991983
10476.591   0.993043
10476.612   0.993811
10476.632   0.993912
10476.653   0.993201
10476.673   0.991885
10476.694   0.990392
10476.714   0.989254
10476.735   0.988849
10476.755   0.989314
10476.776   0.990430
10476.796   0.991798
10476.817   0.992951
10476.837   0.993601
10476.858   0.993645
10476.878   0.993198
10476.899   0.992477
10476.919   0.991716
10476.940   0.991061
10476.960   0.990576
10476.981   0.990273
10477.001   0.990156
10477.022   0.990249
10477.042   0.990556
10477.063   0.991054
10477.083   0.991625
10477.104   0.992089
10477.124   0.992223
10477.145   0.991896
10477.165   0.991122
10477.186   0.990102
10477.206   0.989146
10477.227   0.988562
10477.247   0.988527
10477.268   0.989012
10477.288   0.989799
10477.309   0.990610
10477.329   0.991230
10477.350   0.991586
10477.370   0.991744
10477.391   0.991837
10477.412   0.991965
10477.432   0.992131
10477.453   0.992243
10477.473   0.992186
10477.494   0.991898
10477.514   0.991448
10477.535   0.990998
10477.555   0.990728
10477.576   0.990740
10477.596   0.991018
10477.617   0.991449
10477.637   0.991874
10477.658   0.992174
10477.678   0.992312
10477.699   0.992352
10477.719   0.992403
10477.740   0.992560
10477.760   0.992845
10477.781   0.993198
10477.801   0.993494
10477.822   0.993598
10477.842   0.993434
10477.863   0.993037
10477.883   0.992536
10477.904   0.992101
10477.924   0.991859
10477.945   0.991842
10477.965   0.991981
10477.986   0.992180
10478.006   0.992338
10478.027   0.992425
10478.047   0.992438
10478.068   0.992429
10478.088   0.992425
10478.109   0.992462
10478.129   0.992543
10478.150   0.992679
10478.170   0.992844
10478.191   0.993000
10478.211   0.993070
10478.232   0.992982
10478.252   0.992694
10478.273   0.992241
10478.293   0.991723
10478.314   0.991273
10478.334   0.990996
10478.355   0.990914
10478.375   0.990971
10478.396   0.991072
10478.416   0.991183
10478.437   0.991332
10478.457   0.991616
10478.478   0.992092
10478.498   0.992731
10478.519   0.993345
10478.540   0.993718
10478.560   0.993677
10478.581   0.993271
10478.601   0.992714
10478.622   0.992326
10478.642   0.992331
10478.663   0.992761
10478.683   0.993406
10478.704   0.993938
10478.724   0.994088
10478.745   0.993769
10478.765   0.993124
10478.786   0.992403
10478.806   0.991877
10478.827   0.991682
10478.847   0.991845
10478.868   0.992231
10478.888   0.992697
10478.909   0.993088
10478.929   0.993373
10478.950   0.993556
10478.970   0.993717
10478.991   0.993892
10479.011   0.994078
10479.032   0.994192
10479.052   0.994150
10479.073   0.993909
10479.093   0.993530
10479.114   0.993150
10479.134   0.992933
10479.155   0.992969
10479.175   0.993220
10479.196   0.993547
10479.216   0.993803
10479.237   0.993928
10479.257   0.993976
10479.278   0.994071
10479.298   0.994310
10479.319   0.994691
10479.339   0.995095
10479.360   0.995361
10479.380   0.995353
10479.401   0.995065
10479.421   0.994623
10479.442   0.994255
10479.462   0.994187
10479.483   0.994550
10479.503   0.995298
10479.524   0.996212
10479.544   0.996953
10479.565   0.997204
10479.585   0.996797
10479.606   0.995791
10479.626   0.994440
10479.647   0.993088
10479.667   0.992023
10479.688   0.991395
10479.709   0.991187
10479.729   0.991270
10479.750   0.991492
10479.770   0.991738
10479.791   0.991974
10479.811   0.992191
10479.832   0.992399
10479.852   0.992556
10479.873   0.992646
10479.893   0.992648
10479.914   0.992596
10479.934   0.992520
10479.955   0.992446
10479.975   0.992370
10479.996   0.992290
10480.016   0.992198
10480.037   0.992087
10480.057   0.991962
10480.078   0.991860
10480.098   0.991860
10480.119   0.992059
10480.139   0.992536
10480.160   0.993282
10480.180   0.994161
10480.201   0.994937
10480.221   0.995350
10480.242   0.995258
10480.262   0.994711
10480.283   0.993977
10480.303   0.993405
10480.324   0.993278
10480.344   0.993624
10480.365   0.994225
10480.385   0.994715
10480.406   0.994800
10480.426   0.994388
10480.447   0.993662
10480.467   0.992952
10480.488   0.992564
10480.508   0.992608
10480.529   0.992988
10480.549   0.993482
10480.570   0.993901
10480.590   0.994172
10480.611   0.994326
10480.631   0.994436
10480.652   0.994522
10480.672   0.994568
10480.693   0.994519
10480.713   0.994366
10480.734   0.994128
10480.754   0.993879
10480.775   0.993668
10480.795   0.993532
10480.816   0.993451
10480.837   0.993394
10480.857   0.993314
10480.878   0.993200
10480.898   0.993113
10480.919   0.993199
10480.939   0.993631
10480.960   0.994498
10480.980   0.995677
10481.001   0.996810
10481.021   0.997448
10481.042   0.997274
10481.062   0.996309
10481.083   0.994926
10481.103   0.993642
10481.124   0.992881
10481.144   0.992837
10481.165   0.993448
10481.185   0.994468
10481.206   0.995555
10481.226   0.996368
10481.247   0.996656
10481.267   0.996346
10481.288   0.995597
10481.308   0.994726
10481.329   0.994077
10481.349   0.993800
10481.370   0.993864
10481.390   0.994069
10481.411   0.994249
10481.431   0.994305
10481.452   0.994268
10481.472   0.994184
10481.493   0.994085
10481.513   0.993936
10481.534   0.993703
10481.554   0.993391
10481.575   0.993091
10481.595   0.992917
10481.616   0.992956
10481.636   0.993198
10481.657   0.993544
10481.677   0.993867
10481.698   0.994084
10481.718   0.994203
10481.739   0.994303
10481.759   0.994480
10481.780   0.994757
10481.800   0.995092
10481.821   0.995380
10481.841   0.995544
10481.862   0.995523
10481.882   0.995317
10481.903   0.994897
10481.923   0.994258
10481.944   0.993395
10481.964   0.992424
10481.985   0.991569
10482.006   0.991135
10482.026   0.991334
10482.047   0.992146
10482.067   0.993267
10482.088   0.994220
10482.108   0.994576
10482.129   0.994124
10482.149   0.992993
10482.170   0.991548
10482.190   0.990265
10482.211   0.989468
10482.231   0.989276
10482.252   0.989519
10482.272   0.989944
10482.293   0.990283
10482.313   0.990426
10482.334   0.990381
10482.354   0.990297
10482.375   0.990312
10482.395   0.990514
10482.416   0.990873
10482.436   0.991293
10482.457   0.991647
10482.477   0.991822
10482.498   0.991766
10482.518   0.991470
10482.539   0.990996
10482.559   0.990442
10482.580   0.989961
10482.600   0.989689
10482.621   0.989711
10482.641   0.990001
10482.662   0.990457
10482.682   0.990934
10482.703   0.991336
10482.723   0.991660
10482.744   0.991971
10482.764   0.992353
10482.785   0.992815
10482.805   0.993292
10482.826   0.993631
10482.846   0.993711
10482.867   0.993473
10482.887   0.992999
10482.908   0.992437
10482.928   0.991965
10482.949   0.991641
10482.969   0.991445
10482.990   0.991271
10483.010   0.991066
10483.031   0.990828
10483.051   0.990647
10483.072   0.990592
10483.092   0.990678
10483.113   0.990809
10483.134   0.990860
10483.154   0.990725
10483.175   0.990394
10483.195   0.989939
10483.216   0.989501
10483.236   0.989217
10483.257   0.989176
10483.277   0.989377
10483.298   0.989727
10483.318   0.990063
10483.339   0.990213
10483.359   0.990061
10483.380   0.989619
10483.400   0.989014
10483.421   0.988470
10483.441   0.988202
10483.462   0.988354
10483.482   0.988912
10483.503   0.989745
10483.523   0.990623
10483.544   0.991328
10483.564   0.991714
10483.585   0.991785
10483.605   0.991663
10483.626   0.991534
10483.646   0.991540
10483.667   0.991734
10483.687   0.992027
10483.708   0.992264
10483.728   0.992261
10483.749   0.991918
10483.769   0.991218
10483.790   0.990284
10483.810   0.989308
10483.831   0.988548
10483.851   0.988168
10483.872   0.988222
10483.892   0.988570
10483.913   0.989013
10483.933   0.989339
10483.954   0.989467
10483.974   0.989432
10483.995   0.989374
10484.015   0.989437
10484.036   0.989704
10484.056   0.990142
10484.077   0.990637
10484.097   0.991046
10484.118   0.991288
10484.138   0.991405
10484.159   0.991556
10484.179   0.991952
10484.200   0.992731
10484.220   0.993840
10484.241   0.995018
10484.261   0.995902
10484.282   0.996209
10484.303   0.995880
10484.323   0.995136
10484.344   0.994371
10484.364   0.993971
10484.385   0.994153
10484.405   0.994895
10484.426   0.995979
10484.446   0.997076
10484.467   0.997854
10484.487   0.998077
10484.508   0.997677
10484.528   0.996788
10484.549   0.995686
10484.569   0.994694
10484.590   0.994060
10484.610   0.993883
10484.631   0.994113
10484.651   0.994616
10484.672   0.995246
10484.692   0.995883
10484.713   0.996415
10484.733   0.996713
10484.754   0.996660
10484.774   0.996182
10484.795   0.995329
10484.815   0.994271
10484.836   0.993251
10484.856   0.992499
10484.877   0.992153
10484.897   0.992231
10484.918   0.992667
10484.938   0.993366
10484.959   0.994199
10484.979   0.995030
10485.000   0.995680
10485.020   0.995991
10485.041   0.995837
10485.061   0.995229
10485.082   0.994302
10485.102   0.993333
10485.123   0.992642
10485.143   0.992524
10485.164   0.993085
10485.184   0.994231
10485.205   0.995632
10485.225   0.996873
10485.246   0.997555
10485.266   0.997533
10485.287   0.996890
10485.307   0.995975
10485.328   0.995159
10485.348   0.994771
10485.369   0.994897
10485.389   0.995476
10485.410   0.996283
10485.431   0.997114
10485.451   0.997769
10485.472   0.998134
10485.492   0.998161
10485.513   0.997892
10485.533   0.997435
10485.554   0.996914
10485.574   0.996430
10485.595   0.996015
10485.615   0.995664
10485.636   0.995363
10485.656   0.995148
10485.677   0.995074
10485.697   0.995185
10485.718   0.995440
10485.738   0.995719
10485.759   0.995863
10485.779   0.995773
10485.800   0.995470
10485.820   0.995092
10485.841   0.994842
10485.861   0.994891
10485.882   0.995327
10485.902   0.996107
10485.923   0.997084
10485.943   0.998004
10485.964   0.998593
10485.984   0.998627
10486.005   0.998053
10486.025   0.997024
10486.046   0.995899
10486.066   0.995074
10486.087   0.994826
10486.107   0.995182
10486.128   0.995939
10486.148   0.996764
10486.169   0.997353
10486.189   0.997539
10486.210   0.997303
10486.230   0.996744
10486.251   0.995981
10486.271   0.995149
10486.292   0.994355
10486.312   0.993730
10486.333   0.993363
10486.353   0.993317
10486.374   0.993555
10486.394   0.994003
10486.415   0.994529
10486.435   0.995029
10486.456   0.995404
10486.476   0.995614
10486.497   0.995650
10486.517   0.995574
10486.538   0.995464
10486.558   0.995414
10486.579   0.995475
10486.600   0.995641
10486.620   0.995833
10486.641   0.995927
10486.661   0.995802
10486.682   0.995412
10486.702   0.994838
10486.723   0.994289
10486.743   0.994023
10486.764   0.994231
10486.784   0.994933
10486.805   0.995958
10486.825   0.996997
10486.846   0.997735
10486.866   0.997958
10486.887   0.997669
10486.907   0.997048
10486.928   0.996405
10486.948   0.996012
10486.969   0.996014
10486.989   0.996339
10487.010   0.996772
10487.030   0.997052
10487.051   0.997021
10487.071   0.996670
10487.092   0.996142
10487.112   0.995594
10487.133   0.995122
10487.153   0.994732
10487.174   0.994410
10487.194   0.994186
10487.215   0.994159
10487.235   0.994439
10487.256   0.995060
10487.276   0.995928
10487.297   0.996846
10487.317   0.997586
10487.338   0.997980
10487.358   0.997958
10487.379   0.997565
10487.399   0.996932
10487.420   0.996263
10487.440   0.995769
10487.461   0.995617
10487.481   0.995854
10487.502   0.996381
10487.522   0.996963
10487.543   0.997373
10487.563   0.997476
10487.584   0.997324
10487.604   0.997073
10487.625   0.996913
10487.645   0.996902
10487.666   0.996989
10487.686   0.997038
10487.707   0.996953
10487.728   0.996719
10487.748   0.996400
10487.769   0.996057
10487.789   0.995699
10487.810   0.995303
10487.830   0.994842
10487.851   0.994336
10487.871   0.993837
10487.892   0.993428
10487.912   0.993166
10487.933   0.993099
10487.953   0.993212
10487.974   0.993457
10487.994   0.993728
10488.015   0.993927
10488.035   0.993973
10488.056   0.993892
10488.076   0.993774
10488.097   0.993751
10488.117   0.993876
10488.138   0.994110
10488.158   0.994303
10488.179   0.994338
10488.199   0.994184
10488.220   0.993980
10488.240   0.993905
10488.261   0.994109
10488.281   0.994577
10488.302   0.995165
10488.322   0.995632
10488.343   0.995782
10488.363   0.995528
10488.384   0.994959
10488.404   0.994277
10488.425   0.993728
10488.445   0.993469
10488.466   0.993545
10488.486   0.993867
10488.507   0.994325
10488.527   0.994833
10488.548   0.995349
10488.568   0.995821
10488.589   0.996118
10488.609   0.996078
10488.630   0.995578
10488.650   0.994677
10488.671   0.993612
10488.691   0.992764
10488.712   0.992434
10488.732   0.992743
10488.753   0.993557
10488.773   0.994599
10488.794   0.995564
10488.814   0.996224
10488.835   0.996466
10488.855   0.996293
10488.876   0.995807
10488.897   0.995174
10488.917   0.994589
10488.938   0.994216
10488.958   0.994129
10488.979   0.994293
10488.999   0.994590
10489.020   0.994882
10489.040   0.995075
10489.061   0.995147
10489.081   0.995146
10489.102   0.995165
10489.122   0.995284
10489.143   0.995533
10489.163   0.995861
10489.184   0.996156
10489.204   0.996284
10489.225   0.996194
10489.245   0.995930
10489.266   0.995632
10489.286   0.995436
10489.307   0.995427
10489.327   0.995579
10489.348   0.995793
10489.368   0.995948
10489.389   0.995955
10489.409   0.995796
10489.430   0.995501
10489.450   0.995131
10489.471   0.994731
10489.491   0.994327
10489.512   0.993938
10489.532   0.993608
10489.553   0.993405
10489.573   0.993404
10489.594   0.993671
10489.614   0.994200
10489.635   0.994903
10489.655   0.995595
10489.676   0.996086
10489.696   0.996252
10489.717   0.996098
10489.737   0.995757
10489.758   0.995417
10489.778   0.995233
10489.799   0.995253
10489.819   0.995411
10489.840   0.995579
10489.860   0.995652
10489.881   0.995592
10489.901   0.995426
10489.922   0.995208
10489.942   0.994948
10489.963   0.994603
10489.983   0.994077
10490.004   0.993316
10490.025   0.992380
10490.045   0.991498
10490.066   0.990994
10490.086   0.991137
10490.107   0.991982
10490.127   0.993299
10490.148   0.994674
10490.168   0.995681
10490.189   0.996080
10490.209   0.995874
10490.230   0.995274
10490.250   0.994543
10490.271   0.993894
10490.291   0.993435
10490.312   0.993201
10490.332   0.993182
10490.353   0.993360
10490.373   0.993720
10490.394   0.994232
10490.414   0.994832
10490.435   0.995418
10490.455   0.995855
10490.476   0.996015
10490.496   0.995834
10490.517   0.995379
10490.537   0.994843
10490.558   0.994493
10490.578   0.994551
10490.599   0.995086
10490.619   0.995963
10490.640   0.996870
10490.660   0.997471
10490.681   0.997501
10490.701   0.996883
10490.722   0.995715
10490.742   0.994274
10490.763   0.992908
10490.783   0.991960
10490.804   0.991649
10490.824   0.992013
10490.845   0.992884
10490.865   0.993957
10490.886   0.994909
10490.906   0.995512
10490.927   0.995719
10490.947   0.995626
10490.968   0.995415
10490.988   0.995257
10491.009   0.995267
10491.029   0.995467
10491.050   0.995790
10491.070   0.996109
10491.091   0.996273
10491.111   0.996179
10491.132   0.995802
10491.152   0.995250
10491.173   0.994683
10491.194   0.994294
10491.214   0.994183
10491.235   0.994354
10491.255   0.994669
10491.276   0.994947
10491.296   0.995013
10491.317   0.994802
10491.337   0.994344
10491.358   0.993745
10491.378   0.993123
10491.399   0.992605
10491.419   0.992315
10491.440   0.992407
10491.460   0.992973
10491.481   0.993972
10491.501   0.995124
10491.522   0.996000
10491.542   0.996208
10491.563   0.995639
10491.583   0.994546
10491.604   0.993422
10491.624   0.992702
10491.645   0.992525
10491.665   0.992731
10491.686   0.993026
10491.706   0.993207
10491.727   0.993234
10491.747   0.993192
10491.768   0.993146
10491.788   0.993070
10491.809   0.992869
10491.829   0.992475
10491.850   0.991922
10491.870   0.991347
10491.891   0.990937
10491.911   0.990841
10491.932   0.991136
10491.952   0.991806
10491.973   0.992782
10491.993   0.993927
10492.014   0.995053
10492.034   0.995942
10492.055   0.996398
10492.075   0.996316
10492.096   0.995707
10492.116   0.994713
10492.137   0.993525
10492.157   0.992343
10492.178   0.991293
10492.198   0.990449
10492.219   0.989835
10492.239   0.989482
10492.260   0.989425
10492.280   0.989682
10492.301   0.990248
10492.322   0.991064
10492.342   0.992053
10492.363   0.993104
10492.383   0.994101
10492.404   0.994862
10492.424   0.995193
10492.445   0.994950
10492.465   0.994170
10492.486   0.993144
10492.506   0.992304
10492.527   0.992052
10492.547   0.992511
10492.568   0.993503
10492.588   0.994606
10492.609   0.995427
10492.629   0.995699
10492.650   0.995392
10492.670   0.994620
10492.691   0.993600
10492.711   0.992588
10492.732   0.991812
10492.752   0.991440
10492.773   0.991501
10492.793   0.991894
10492.814   0.992413
10492.834   0.992866
10492.855   0.993131
10492.875   0.993235
10492.896   0.993301
10492.916   0.993474
10492.937   0.993806
10492.957   0.994177
10492.978   0.994343
10492.998   0.994051
10493.019   0.993249
10493.039   0.992089
10493.060   0.990940
10493.080   0.990140
10493.101   0.989907
10493.121   0.990157
10493.142   0.990652
10493.162   0.991073
10493.183   0.991233
10493.203   0.991073
10493.224   0.990700
10493.244   0.990271
10493.265   0.989924
10493.285   0.989718
10493.306   0.989631
10493.326   0.989609
10493.347   0.989624
10493.367   0.989739
10493.388   0.990049
10493.408   0.990626
10493.429   0.991411
10493.449   0.992242
10493.470   0.992913
10493.491   0.993337
10493.511   0.993575
10493.532   0.993803
10493.552   0.994161
10493.573   0.994651
10493.593   0.995146
10493.614   0.995464
10493.634   0.995514
10493.655   0.995340
10493.675   0.995096
10493.696   0.994920
10493.716   0.994887
10493.737   0.994989
10493.757   0.995207
10493.778   0.995534
10493.798   0.995974
10493.819   0.996467
10493.839   0.996888
10493.860   0.997084
10493.880   0.997012
10493.901   0.996781
10493.921   0.996625
10493.942   0.996744
10493.962   0.997165
10493.983   0.997711
10494.003   0.998082
10494.024   0.998019
10494.044   0.997425
10494.065   0.996407
10494.085   0.995225
10494.106   0.994175
10494.126   0.993470
10494.147   0.993195
10494.167   0.993311
10494.188   0.993699
10494.208   0.994198
10494.229   0.994611
10494.249   0.994748
10494.270   0.994447
10494.290   0.993714
10494.311   0.992698
10494.331   0.991736
10494.352   0.991142
10494.372   0.991155
10494.393   0.991770
10494.413   0.992844
10494.434   0.994115
10494.454   0.995362
10494.475   0.996416
10494.495   0.997202
10494.516   0.997702
10494.536   0.997935
10494.557   0.997934
10494.577   0.997750
10494.598   0.997458
10494.619   0.997164
10494.639   0.996976
10494.660   0.996956
10494.680   0.997081
10494.701   0.997237
10494.721   0.997261
10494.742   0.997057
10494.762   0.996685
10494.783   0.996349
10494.803   0.996320
10494.824   0.996759
10494.844   0.997618
10494.865   0.998612
10494.885   0.999370
10494.906   0.999589
10494.926   0.999210
10494.947   0.998369
10494.967   0.997330
10494.988   0.996327
10495.008   0.995537
10495.029   0.995060
10495.049   0.994982
10495.070   0.995331
10495.090   0.996020
10495.111   0.996803
10495.131   0.997312
10495.152   0.997227
10495.172   0.996416
10495.193   0.995078
10495.213   0.993592
10495.234   0.992373
10495.254   0.991613
10495.275   0.991300
10495.295   0.991235
10495.316   0.991234
10495.336   0.991189
10495.357   0.991109
10495.377   0.991045
10495.398   0.991049
10495.418   0.991149
10495.439   0.991359
10495.459   0.991703
10495.480   0.992189
10495.500   0.992792
10495.521   0.993414
10495.541   0.993928
10495.562   0.994232
10495.582   0.994334
10495.603   0.994329
10495.623   0.994346
10495.644   0.994442
10495.664   0.994555
10495.685   0.994558
10495.705   0.994357
10495.726   0.993963
10495.746   0.993489
10495.767   0.993080
10495.788   0.992833
10495.808   0.992744
10495.829   0.992760
10495.849   0.992809
10495.870   0.992875
10495.890   0.992976
10495.911   0.993148
10495.931   0.993391
10495.952   0.993662
10495.972   0.993892
10495.993   0.994003
10496.013   0.993967
10496.034   0.993802
10496.054   0.993592
10496.075   0.993429
10496.095   0.993391
10496.116   0.993484
10496.136   0.993649
10496.157   0.993769
10496.177   0.993737
10496.198   0.993491
10496.218   0.993062
10496.239   0.992534
10496.259   0.992002
10496.280   0.991528
10496.300   0.991148
10496.321   0.990880
10496.341   0.990761
10496.362   0.990815
10496.382   0.991030
10496.403   0.991328
10496.423   0.991583
10496.444   0.991667
10496.464   0.991513
10496.485   0.991150
10496.505   0.990679
10496.526   0.990213
10496.546   0.989804
10496.567   0.989414
10496.587   0.988954
10496.608   0.988371
10496.628   0.987740
10496.649   0.987258
10496.669   0.987171
10496.690   0.987652
10496.710   0.988698
10496.731   0.990139
10496.751   0.991683
10496.772   0.993028
10496.792   0.993904
10496.813   0.994172
10496.833   0.993839
10496.854   0.993120
10496.874   0.992353
10496.895   0.991898
10496.916   0.991967
10496.936   0.992532
10496.957   0.993352
10496.977   0.994095
10496.998   0.994536
10497.018   0.994645
10497.039   0.994599
10497.059   0.994603
10497.080   0.994786
10497.100   0.995083
10497.121   0.995323
10497.141   0.995297
10497.162   0.994934
10497.182   0.994303
10497.203   0.993603
10497.223   0.993015
10497.244   0.992633
10497.264   0.992401
10497.285   0.992198
10497.305   0.991907
10497.326   0.991544
10497.346   0.991218
10497.367   0.991095
10497.387   0.991273
10497.408   0.991741
10497.428   0.992345
10497.449   0.992884
10497.469   0.993186
10497.490   0.993173
10497.510   0.992855
10497.531   0.992305
10497.551   0.991632
10497.572   0.990969
10497.592   0.990482
10497.613   0.990313
10497.633   0.990493
10497.654   0.990840
10497.674   0.990996
10497.695   0.990589
10497.715   0.989455
10497.736   0.987774
10497.756   0.986029
10497.777   0.984775
10497.797   0.984357
10497.818   0.984738
10497.838   0.985537
10497.859   0.986268
10497.879   0.986619
10497.900   0.986625
10497.920   0.986599
10497.941   0.986926
10497.961   0.987771
10497.982   0.989002
10498.002   0.990229
10498.023   0.991086
10498.043   0.991393
10498.064   0.991282
10498.085   0.991024
10498.105   0.990902
10498.126   0.991037
10498.146   0.991399
10498.167   0.991841
10498.187   0.992217
10498.208   0.992413
10498.228   0.992390
10498.249   0.992125
10498.269   0.991626
10498.290   0.990874
10498.310   0.989897
10498.331   0.988774
10498.351   0.987701
10498.372   0.986953
10498.392   0.986804
10498.413   0.987387
10498.433   0.988555
10498.454   0.989926
10498.474   0.990991
10498.495   0.991413
10498.515   0.991113
10498.536   0.990376
10498.556   0.989605
10498.577   0.989185
10498.597   0.989264
10498.618   0.989780
10498.638   0.990502
10498.659   0.991203
10498.679   0.991733
10498.700   0.992068
10498.720   0.992256
10498.741   0.992375
10498.761   0.992503
10498.782   0.992714
10498.802   0.993086
10498.823   0.993656
10498.843   0.994383
10498.864   0.995120
10498.884   0.995689
10498.905   0.996008
10498.925   0.996161
10498.946   0.996369
10498.966   0.996815
10498.987   0.997476
10499.007   0.998044
10499.028   0.998100
10499.048   0.997362
10499.069   0.995947
10499.089   0.994342
10499.110   0.993220
10499.130   0.993026
10499.151   0.993780
10499.171   0.995022
10499.192   0.996174
10499.213   0.996822
10499.233   0.997007
10499.254   0.997051
10499.274   0.997337
10499.295   0.997954
10499.315   0.998686
10499.336   0.999130
10499.356   0.998995
10499.377   0.998261
10499.397   0.997159
10499.418   0.996018
10499.438   0.995075
10499.459   0.994430
10499.479   0.994067
10499.500   0.993920
10499.520   0.993887
10499.541   0.993820
10499.561   0.993544
10499.582   0.992892
10499.602   0.991808
10499.623   0.990365
10499.643   0.988771
10499.664   0.987259
10499.684   0.986035
10499.705   0.985239
10499.725   0.984923
10499.746   0.985047
10499.766   0.985437
10499.787   0.985832
10499.807   0.985943
10499.828   0.985621
10499.848   0.984911
10499.869   0.984038
10499.889   0.983247
10499.910   0.982707
10499.930   0.982451
10499.951   0.982473
10499.971   0.982731
10499.992   0.983204
10500.012   0.983769
10500.033   0.984245
10500.053   0.984399
10500.074   0.984169
10500.094   0.983653
10500.115   0.983133
10500.135   0.982864
10500.156   0.982995
10500.176   0.983474
10500.197   0.984164
10500.217   0.984876
10500.238   0.985444
10500.258   0.985709
10500.279   0.985589
10500.299   0.985112
10500.320   0.984477
10500.340   0.983976
10500.361   0.983862
10500.382   0.984211
10500.402   0.984876
10500.423   0.985572
10500.443   0.986025
10500.464   0.986114
10500.484   0.985907
10500.505   0.985596
10500.525   0.985388
10500.546   0.985346
10500.566   0.985367
10500.587   0.985232
10500.607   0.984808
10500.628   0.984132
10500.648   0.983497
10500.669   0.983241
10500.689   0.983608
10500.710   0.984513
10500.730   0.985654
10500.751   0.986622
10500.771   0.987160
10500.792   0.987234
10500.812   0.987027
10500.833   0.986823
10500.853   0.986886
10500.874   0.987418
10500.894   0.988477
10500.915   0.989959
10500.935   0.991546
10500.956   0.992803
10500.976   0.993331
10500.997   0.992988
10501.017   0.992032
10501.038   0.990986
10501.058   0.990397
10501.079   0.990482
10501.099   0.991092
10501.120   0.991820
10501.140   0.992344
10501.161   0.992597
10501.181   0.992726
10501.202   0.992934
10501.222   0.993270
10501.243   0.993659
10501.263   0.993937
10501.284   0.994042
10501.304   0.994001
10501.325   0.993940
10501.345   0.993943
10501.366   0.994037
10501.386   0.994186
10501.407   0.994350
10501.427   0.994499
10501.448   0.994605
10501.468   0.994627
10501.489   0.994522
10501.510   0.994291
10501.530   0.993992
10501.551   0.993715
10501.571   0.993522
10501.592   0.993413
10501.612   0.993345
10501.633   0.993293
10501.653   0.993323
10501.674   0.993545
10501.694   0.994039
10501.715   0.994729
10501.735   0.995399
10501.756   0.995758
10501.776   0.995631
10501.797   0.995045
10501.817   0.994251
10501.838   0.993568
10501.858   0.993245
10501.879   0.993358
10501.899   0.993836
10501.920   0.994510
10501.940   0.995157
10501.961   0.995500
10501.981   0.995278
10502.002   0.994324
10502.022   0.992740
10502.043   0.990861
10502.063   0.989200
10502.084   0.988113
10502.104   0.987695
10502.125   0.987685
10502.145   0.987725
10502.166   0.987517
10502.186   0.987005
10502.207   0.986300
10502.227   0.985602
10502.248   0.985037
10502.268   0.984659
10502.289   0.984427
10502.309   0.984258
10502.330   0.984010
10502.350   0.983560
10502.371   0.982818
10502.391   0.981807
10502.412   0.980643
10502.432   0.979496
10502.453   0.978505
10502.473   0.977763
10502.494   0.977336
10502.514   0.977294
10502.535   0.977706
10502.555   0.978573
10502.576   0.979809
10502.596   0.981221
10502.617   0.982621
10502.637   0.983889
10502.658   0.985073
10502.679   0.986314
10502.699   0.987782
10502.720   0.989489
10502.740   0.991270
10502.761   0.992810
10502.781   0.993824
10502.802   0.994192
10502.822   0.994000
10502.843   0.993477
10502.863   0.992846
10502.884   0.992301
10502.904   0.991952
10502.925   0.991885
10502.945   0.992105
10502.966   0.992521
10502.986   0.992956
10503.007   0.993230
10503.027   0.993293
10503.048   0.993237
10503.068   0.993282
10503.089   0.993574
10503.109   0.994125
10503.130   0.994733
10503.150   0.995147
10503.171   0.995155
10503.191   0.994741
10503.212   0.994040
10503.232   0.993299
10503.253   0.992755
10503.273   0.992586
10503.294   0.992868
10503.314   0.993556
10503.335   0.994501
10503.355   0.995498
10503.376   0.996352
10503.396   0.996917
10503.417   0.997106
10503.437   0.996853
10503.458   0.996193
10503.478   0.995246
10503.499   0.994291
10503.519   0.993608
10503.540   0.993410
10503.560   0.993658
10503.581   0.994176
10503.601   0.994717
10503.622   0.995157
10503.642   0.995468
10503.663   0.995633
10503.683   0.995578
10503.704   0.995204
10503.724   0.994542
10503.745   0.993799
10503.765   0.993277
10503.786   0.993198
10503.807   0.993510
10503.827   0.993973
10503.848   0.994246
10503.868   0.994184
10503.889   0.993792
10503.909   0.993301
10503.930   0.992923
10503.950   0.992832
10503.971   0.993027
10503.991   0.993409
10504.012   0.993774
10504.032   0.993907
10504.053   0.993681
10504.073   0.993122
10504.094   0.992418
10504.114   0.991804
10504.135   0.991461
10504.155   0.991405
10504.176   0.991525
10504.196   0.991680
10504.217   0.991807
10504.237   0.991942
10504.258   0.992129
10504.278   0.992344
10504.299   0.992473
10504.319   0.992415
10504.340   0.992176
10504.360   0.991902
10504.381   0.991801
10504.401   0.992014
10504.422   0.992547
10504.442   0.993279
10504.463   0.994048
10504.483   0.994713
10504.504   0.995150
10504.524   0.995279
10504.545   0.995036
10504.565   0.994491
10504.586   0.993776
10504.606   0.993127
10504.627   0.992717
10504.647   0.992656
10504.668   0.992924
10504.688   0.993450
10504.709   0.994112
10504.729   0.994784
10504.750   0.995338
10504.770   0.995664
10504.791   0.995704
10504.811   0.995448
10504.832   0.994924
10504.852   0.994153
10504.873   0.993215
10504.893   0.992260
10504.914   0.991572
10504.934   0.991374
10504.955   0.991765
10504.976   0.992504
10504.996   0.993223
10505.017   0.993539
10505.037   0.993365
10505.058   0.992870
10505.078   0.992424
10505.099   0.992299
10505.119   0.992570
10505.140   0.993059
10505.160   0.993512
10505.181   0.993744
10505.201   0.993741
10505.222   0.993613
10505.242   0.993495
10505.263   0.993450
10505.283   0.993465
10505.304   0.993495
10505.324   0.993541
10505.345   0.993632
10505.365   0.993802
10505.386   0.994021
10505.406   0.994236
10505.427   0.994380
10505.447   0.994478
10505.468   0.994604
10505.488   0.994877
10505.509   0.995313
10505.529   0.995851
10505.550   0.996293
10505.570   0.996511
10505.591   0.996452
10505.611   0.996266
10505.632   0.996093
10505.652   0.996020
10505.673   0.995933
10505.693   0.995644
10505.714   0.995060
10505.734   0.994279
10505.755   0.993598
10505.775   0.993255
10505.796   0.993341
10505.816   0.993675
10505.837   0.994014
10505.857   0.994139
10505.878   0.993982
10505.898   0.993571
10505.919   0.992972
10505.939   0.992342
10505.960   0.991876
10505.980   0.991870
10506.001   0.992480
10506.021   0.993675
10506.042   0.995105
10506.062   0.996319
10506.083   0.996945
10506.104   0.996924
10506.124   0.996461
10506.145   0.995876
10506.165   0.995385
10506.186   0.995018
10506.206   0.994680
10506.227   0.994302
10506.247   0.993923
10506.268   0.993681
10506.288   0.993704
10506.309   0.994013
10506.329   0.994486
10506.350   0.994934
10506.370   0.995184
10506.391   0.995204
10506.411   0.995087
10506.432   0.995022
10506.452   0.995122
10506.473   0.995396
10506.493   0.995695
10506.514   0.995883
10506.534   0.995886
10506.555   0.995791
10506.575   0.995756
10506.596   0.995956
10506.616   0.996486
10506.637   0.997334
10506.657   0.998396
10506.678   0.999462
10506.698   1.000251
10506.719   1.000458
10506.739   0.999929
10506.760   0.998770
10506.780   0.997360
10506.801   0.996164
10506.821   0.995502
10506.842   0.995410
10506.862   0.995717
10506.883   0.996200
10506.903   0.996729
10506.924   0.997248
10506.944   0.997699
10506.965   0.997934
10506.985   0.997840
10507.006   0.997429
10507.026   0.996956
10507.047   0.996729
10507.067   0.996977
10507.088   0.997602
10507.108   0.998258
10507.129   0.998487
10507.149   0.997997
10507.170   0.996808
10507.190   0.995213
10507.211   0.993666
10507.231   0.992531
10507.252   0.992030
10507.273   0.992131
10507.293   0.992683
10507.314   0.993392
10507.334   0.994000
10507.355   0.994294
10507.375   0.994251
10507.396   0.993983
10507.416   0.993688
10507.437   0.993462
10507.457   0.993237
10507.478   0.992802
10507.498   0.992004
10507.519   0.990887
10507.539   0.989783
10507.560   0.989117
10507.580   0.989199
10507.601   0.989955
10507.621   0.991002
10507.642   0.991825
10507.662   0.992147
10507.683   0.992038
10507.703   0.991890
10507.724   0.992071
10507.744   0.992680
10507.765   0.993435
10507.785   0.993902
10507.806   0.993762
10507.826   0.993044
10507.847   0.992047
10507.867   0.991145
10507.888   0.990561
10507.908   0.990317
10507.929   0.990309
10507.949   0.990431
10507.970   0.990597
10507.990   0.990695
10508.011   0.990581
10508.031   0.990155
10508.052   0.989480
10508.072   0.988825
10508.093   0.988517
10508.113   0.988761
10508.134   0.989444
10508.154   0.990229
10508.175   0.990706
10508.195   0.990714
10508.216   0.990366
10508.236   0.990027
10508.257   0.989974
10508.277   0.990283
10508.298   0.990741
10508.318   0.991075
10508.339   0.991118
10508.359   0.990938
10508.380   0.990763
10508.401   0.990801
10508.421   0.991110
10508.442   0.991523
10508.462   0.991786
10508.483   0.991696
10508.503   0.991295
10508.524   0.990813
10508.544   0.990598
10508.565   0.990856
10508.585   0.991566
10508.606   0.992434
10508.626   0.993076
10508.647   0.993164
10508.667   0.992613
10508.688   0.991565
10508.708   0.990362
10508.729   0.989367
10508.749   0.988888
10508.770   0.989019
10508.790   0.989646
10508.811   0.990466
10508.831   0.991210
10508.852   0.991730
10508.872   0.992095
10508.893   0.992398
10508.913   0.992691
10508.934   0.992861
10508.954   0.992802
10508.975   0.992513
10508.995   0.992205
10509.016   0.992160
10509.036   0.992553
10509.057   0.993345
10509.077   0.994279
10509.098   0.995073
10509.118   0.995480
10509.139   0.995431
10509.159   0.994932
10509.180   0.994103
10509.200   0.993134
10509.221   0.992317
10509.241   0.991944
10509.262   0.992161
10509.282   0.992897
10509.303   0.993870
10509.323   0.994768
10509.344   0.995387
10509.364   0.995741
10509.385   0.995934
10509.405   0.996059
10509.426   0.996087
10509.446   0.995931
10509.467   0.995539
10509.487   0.995022
10509.508   0.994616
10509.528   0.994550
10509.549   0.994873
10509.570   0.995385
10509.590   0.995758
10509.611   0.995745
10509.631   0.995373
10509.652   0.994928
10509.672   0.994771
10509.693   0.995102
10509.713   0.995829
10509.734   0.996638
10509.754   0.997198
10509.775   0.997358
10509.795   0.997180
10509.816   0.996850
10509.836   0.996511
10509.857   0.996227
10509.877   0.996006
10509.898   0.995892
10509.918   0.995963
10509.939   0.996247
10509.959   0.996671
10509.980   0.997035
10510.000   0.997139
10510.021   0.996847
10510.041   0.996198
10510.062   0.995334
10510.082   0.994483
10510.103   0.993832
10510.123   0.993541
10510.144   0.993660
10510.164   0.994141
10510.185   0.994767
10510.205   0.995258
10510.226   0.995322
10510.246   0.994870
10510.267   0.994034
10510.287   0.993146
10510.308   0.992534
10510.328   0.992400
10510.349   0.992747
10510.369   0.993421
10510.390   0.994221
10510.410   0.994968
10510.431   0.995553
10510.451   0.995960
10510.472   0.996198
10510.492   0.996314
10510.513   0.996309
10510.533   0.996265
10510.554   0.996275
10510.574   0.996527
10510.595   0.997075
10510.615   0.997806
10510.636   0.998310
10510.656   0.998151
10510.677   0.997101
10510.698   0.995412
10510.718   0.993675
10510.739   0.992516
10510.759   0.992271
10510.780   0.992820
10510.800   0.993769
10510.821   0.994629
10510.841   0.995073
10510.862   0.994934
10510.882   0.994268
10510.903   0.993275
10510.923   0.992311
10510.944   0.991728
10510.964   0.991736
10510.985   0.992216
10511.005   0.992787
10511.026   0.993019
10511.046   0.992702
10511.067   0.991957
10511.087   0.991150
10511.108   0.990659
10511.128   0.990672
10511.149   0.991132
10511.169   0.991831
10511.190   0.992567
10511.210   0.993234
10511.231   0.993813
10511.251   0.994298
10511.272   0.994602
10511.292   0.994600
10511.313   0.994149
10511.333   0.993262
10511.354   0.992072
10511.374   0.990885
10511.395   0.990016
10511.415   0.989728
10511.436   0.990076
10511.456   0.990913
10511.477   0.991904
10511.497   0.992658
10511.518   0.992909
10511.538   0.992596
10511.559   0.991917
10511.579   0.991161
10511.600   0.990613
10511.620   0.990358
10511.641   0.990312
10511.661   0.990259
10511.682   0.990033
10511.702   0.989655
10511.723   0.989318
10511.743   0.989345
10511.764   0.989861
10511.784   0.990777
10511.805   0.991618
10511.825   0.991951
10511.846   0.991495
10511.867   0.990474
10511.887   0.989357
10511.908   0.988688
10511.928   0.988710
10511.949   0.989312
10511.969   0.990121
10511.990   0.990736
10512.010   0.990905
10512.031   0.990633
10512.051   0.990073
10512.072   0.989502
10512.092   0.989100
10512.113   0.989024
10512.133   0.989201
10512.154   0.989522
10512.174   0.989713
10512.195   0.989629
10512.215   0.989155
10512.236   0.988374
10512.256   0.987408
10512.277   0.986444
10512.297   0.985684
10512.318   0.985316
10512.338   0.985519
10512.359   0.986330
10512.379   0.987644
10512.400   0.989141
10512.420   0.990437
10512.441   0.991244
10512.461   0.991504
10512.482   0.991398
10512.502   0.991196
10512.523   0.991141
10512.543   0.991337
10512.564   0.991767
10512.584   0.992309
10512.605   0.992761
10512.625   0.992933
10512.646   0.992709
10512.666   0.992216
10512.687   0.991746
10512.707   0.991704
10512.728   0.992251
10512.748   0.993278
10512.769   0.994316
10512.789   0.994917
10512.810   0.994797
10512.830   0.994115
10512.851   0.993254
10512.871   0.992690
10512.892   0.992680
10512.912   0.993241
10512.933   0.994158
10512.953   0.995157
10512.974   0.996001
10512.995   0.996587
10513.015   0.996943
10513.036   0.997186
10513.056   0.997395
10513.077   0.997559
10513.097   0.997569
10513.118   0.997337
10513.138   0.996924
10513.159   0.996524
10513.179   0.996373
10513.200   0.996531
10513.220   0.996843
10513.241   0.996981
10513.261   0.996677
10513.282   0.995874
10513.302   0.994749
10513.323   0.993612
10513.343   0.992780
10513.364   0.992476
10513.384   0.992798
10513.405   0.993718
10513.425   0.995071
10513.446   0.996549
10513.466   0.997765
10513.487   0.998362
10513.507   0.998164
10513.528   0.997223
10513.548   0.995830
10513.569   0.994379
10513.589   0.993253
10513.610   0.992667
10513.630   0.992629
10513.651   0.992984
10513.671   0.993490
10513.692   0.993978
10513.712   0.994301
10513.733   0.994393
10513.753   0.994150
10513.774   0.993603
10513.794   0.992880
10513.815   0.992290
10513.835   0.992047
10513.856   0.992180
10513.876   0.992398
10513.897   0.992386
10513.917   0.991955
10513.938   0.991373
10513.958   0.991046
10513.979   0.991390
10513.999   0.992325
10514.020   0.993460
10514.040   0.994164
10514.061   0.994057
10514.081   0.993102
10514.102   0.991585
10514.122   0.989923
10514.143   0.988467
10514.164   0.987497
10514.184   0.987162
10514.205   0.987513
10514.225   0.988405
10514.246   0.989483
10514.266   0.990356
10514.287   0.990774
10514.307   0.990865
10514.328   0.990971
10514.348   0.991447
10514.369   0.992279
10514.389   0.993131
10514.410   0.993513
10514.430   0.993226
10514.451   0.992479
10514.471   0.991839
10514.492   0.991765
10514.512   0.992350
10514.533   0.993183
10514.553   0.993685
10514.574   0.993450
10514.594   0.992524
10514.615   0.991384
10514.635   0.990608
10514.656   0.990599
10514.676   0.991309
10514.697   0.992359
10514.717   0.993221
10514.738   0.993516
10514.758   0.993161
10514.779   0.992324
10514.799   0.991350
10514.820   0.990555
10514.840   0.990188
10514.861   0.990301
10514.881   0.990778
10514.902   0.991390
10514.922   0.991900
10514.943   0.992213
10514.963   0.992363
10514.984   0.992503
10515.004   0.992739
10515.025   0.993076
10515.045   0.993382
10515.066   0.993492
10515.086   0.993341
10515.107   0.993029
10515.127   0.992775
10515.148   0.992734
10515.168   0.992882
10515.189   0.992953
10515.209   0.992689
10515.230   0.991989
10515.250   0.991122
10515.271   0.990499
10515.292   0.990522
10515.312   0.991238
10515.333   0.992425
10515.353   0.993713
10515.374   0.994904
10515.394   0.996005
10515.415   0.997070
10515.435   0.998009
10515.456   0.998511
10515.476   0.998273
10515.497   0.997205
10515.517   0.995546
10515.538   0.993755
10515.558   0.992238
10515.579   0.991229
10515.599   0.990666
10515.620   0.990442
10515.640   0.990452
10515.661   0.990769
10515.681   0.991423
10515.702   0.992363
10515.722   0.993292
10515.743   0.993882
10515.763   0.993917
10515.784   0.993407
10515.804   0.992517
10515.825   0.991495
10515.845   0.990631
10515.866   0.990283
10515.886   0.990690
10515.907   0.991880
10515.927   0.993405
10515.948   0.994647
10515.968   0.994987
10515.989   0.994324
10516.009   0.992970
10516.030   0.991580
10516.050   0.990733
10516.071   0.990754
10516.091   0.991597
10516.112   0.992912
10516.132   0.994146
10516.153   0.994756
10516.173   0.994378
10516.194   0.993090
10516.214   0.991301
10516.235   0.989656
10516.255   0.988574
10516.276   0.988176
10516.296   0.988189
10516.317   0.988312
10516.337   0.988394
10516.358   0.988547
10516.378   0.988961
10516.399   0.989705
10516.419   0.990684
10516.440   0.991722
10516.461   0.992749
10516.481   0.993767
10516.502   0.994775
10516.522   0.995642
10516.543   0.996140
10516.563   0.996122
10516.584   0.995566
10516.604   0.994648
10516.625   0.993562
10516.645   0.992595
10516.666   0.992030
10516.686   0.992186
10516.707   0.993183
10516.727   0.994826
10516.748   0.996570
10516.768   0.997780
10516.789   0.998044
10516.809   0.997378
10516.830   0.996157
10516.850   0.994867
10516.871   0.993838
10516.891   0.993243
10516.912   0.993085
10516.932   0.993366
10516.953   0.994009
10516.973   0.994941
10516.994   0.995952
10517.014   0.996824
10517.035   0.997307
10517.055   0.997299
10517.076   0.996865
10517.096   0.996280
10517.117   0.995845
10517.137   0.995706
10517.158   0.995800
10517.178   0.995924
10517.199   0.995972
10517.219   0.995958
10517.240   0.995989
10517.260   0.996087
10517.281   0.996170
10517.301   0.996143
10517.322   0.996008
10517.342   0.995923
10517.363   0.996010
10517.383   0.996271
10517.404   0.996482
10517.424   0.996436
10517.445   0.996065
10517.465   0.995599
10517.486   0.995359
10517.506   0.995553
10517.527   0.996082
10517.547   0.996572
10517.568   0.996646
10517.589   0.996121
10517.609   0.995180
10517.630   0.994214
10517.650   0.993660
10517.671   0.993729
10517.691   0.994365
10517.712   0.995262
10517.732   0.995988
10517.753   0.996197
10517.773   0.995782
10517.794   0.994998
10517.814   0.994322
10517.835   0.994186
10517.855   0.994701
10517.876   0.995523
10517.896   0.996168
10517.917   0.996280
10517.937   0.995968
10517.958   0.995554
10517.978   0.995366
10517.999   0.995434
10518.019   0.995584
10518.040   0.995680
10518.060   0.995718
10518.081   0.995835
10518.101   0.996018
10518.122   0.996168
10518.142   0.996120
10518.163   0.995911
10518.183   0.995731
10518.204   0.995724
10518.224   0.995831
10518.245   0.995746
10518.265   0.995233
10518.286   0.994258
10518.306   0.993122
10518.327   0.992179
10518.347   0.991701
10518.368   0.991718
10518.388   0.992110
10518.409   0.992686
10518.429   0.993192
10518.450   0.993333
10518.470   0.992829
10518.491   0.991605
10518.511   0.990000
10518.532   0.988600
10518.552   0.988023
10518.573   0.988363
10518.593   0.989292
10518.614   0.990115
10518.634   0.990389
10518.655   0.990040
10518.675   0.989427
10518.696   0.988966
10518.716   0.988901
10518.737   0.989222
10518.758   0.989785
10518.778   0.990461
10518.799   0.991171
10518.819   0.991829
10518.840   0.992334
10518.860   0.992541
10518.881   0.992426
10518.901   0.992043
10518.922   0.991568
10518.942   0.991045
10518.963   0.990445
10518.983   0.989670
10519.004   0.988828
10519.024   0.988232
10519.045   0.988287
10519.065   0.989169
10519.086   0.990604
10519.106   0.992000
10519.127   0.992724
10519.147   0.992558
10519.168   0.991724
10519.188   0.990785
10519.209   0.990180
10519.229   0.990055
10519.250   0.990209
10519.270   0.990391
10519.291   0.990468
10519.311   0.990505
10519.332   0.990596
10519.352   0.990743
10519.373   0.990859
10519.393   0.990870
10519.414   0.990825
10519.434   0.990841
10519.455   0.990983
10519.475   0.991157
10519.496   0.991126
10519.516   0.990680
10519.537   0.989798
10519.557   0.988734
10519.578   0.987967
10519.598   0.987904
10519.619   0.988689
10519.639   0.990004
10519.660   0.991396
10519.680   0.992481
10519.701   0.993265
10519.721   0.993874
10519.742   0.994403
10519.762   0.994641
10519.783   0.994365
10519.803   0.993514
10519.824   0.992459
10519.844   0.991749
10519.865   0.991851
10519.886   0.992773
10519.906   0.994119
10519.927   0.995274
10519.947   0.995722
10519.968   0.995276
10519.988   0.994127
10520.009   0.992752
10520.029   0.991658
10520.050   0.991124
10520.070   0.991137
10520.091   0.991473
10520.111   0.991958
10520.132   0.992516
10520.152   0.993162
10520.173   0.993853
10520.193   0.994472
10520.214   0.994947
10520.234   0.995326
10520.255   0.995791
10520.275   0.996377
10520.296   0.996877
10520.316   0.996856
10520.337   0.995996
10520.357   0.994381
10520.378   0.992588
10520.398   0.991403
10520.419   0.991385
10520.439   0.992538
10520.460   0.994324
10520.480   0.996005
10520.501   0.997048
10520.521   0.997371
10520.542   0.997220
10520.562   0.996900
10520.583   0.996518
10520.603   0.996005
10520.624   0.995267
10520.644   0.994308
10520.665   0.993238
10520.685   0.992152
10520.706   0.991134
10520.726   0.990297
10520.747   0.989860
10520.767   0.990041
10520.788   0.990868
10520.808   0.992041
10520.829   0.993007
10520.849   0.993258
10520.870   0.992625
10520.890   0.991356
10520.911   0.989950
10520.931   0.988854
10520.952   0.988239
10520.972   0.988017
10520.993   0.988025
10521.013   0.988196
10521.034   0.988601
10521.055   0.989262
10521.075   0.990126
10521.096   0.990948
10521.116   0.991567
10521.137   0.991821
10521.157   0.991804
10521.178   0.991544
10521.198   0.991158
10521.219   0.990629
10521.239   0.990106
10521.260   0.989792
10521.280   0.989920
10521.301   0.990519
10521.321   0.991349
10521.342   0.992095
10521.362   0.992532
10521.383   0.992682
10521.403   0.992658
10521.424   0.992589
10521.444   0.992495
10521.465   0.992419
10521.485   0.992441
10521.506   0.992688
10521.526   0.993153
10521.547   0.993682
10521.567   0.994076
10521.588   0.994202
10521.608   0.994096
10521.629   0.993787
10521.649   0.993296
10521.670   0.992557
10521.690   0.991636
10521.711   0.990725
10521.731   0.990151
10521.752   0.990173
10521.772   0.990886
10521.793   0.992159
10521.813   0.993705
10521.834   0.995133
10521.854   0.996077
10521.875   0.996183
10521.895   0.995317
10521.916   0.993577
10521.936   0.991471
10521.957   0.989681
10521.977   0.988950
10521.998   0.989647
10522.018   0.991685
10522.039   0.994389
10522.059   0.996800
10522.080   0.997990
10522.100   0.997557
10522.121   0.995774
10522.141   0.993511
10522.162   0.991653
10522.183   0.990714
10522.203   0.990588
10522.224   0.990933
10522.244   0.991410
10522.265   0.992030
10522.285   0.992901
10522.306   0.994083
10522.326   0.995264
10522.347   0.995972
10522.367   0.995821
10522.388   0.994871
10522.408   0.993547
10522.429   0.992358
10522.449   0.991602
10522.470   0.991257
10522.490   0.991236
10522.511   0.991500
10522.531   0.992113
10522.552   0.992989
10522.572   0.993777
10522.593   0.993993
10522.613   0.993343
10522.634   0.992135
10522.654   0.991070
10522.675   0.990947
10522.695   0.991905
10522.716   0.993455
10522.736   0.994690
10522.757   0.995076
10522.777   0.994666
10522.798   0.993965
10522.818   0.993359
10522.839   0.992831
10522.859   0.992107
10522.880   0.991076
10522.900   0.990064
10522.921   0.989630
10522.941   0.990170
10522.962   0.991622
10522.982   0.993544
10523.003   0.995389
10523.023   0.996696
10523.044   0.997166
10523.064   0.996601
10523.085   0.995064
10523.105   0.992960
10523.126   0.991033
10523.146   0.989978
10523.167   0.990042
10523.187   0.990911
10523.208   0.991973
10523.228   0.992815
10523.249   0.993430
10523.269   0.994035
10523.290   0.994702
10523.310   0.995121
10523.331   0.994829
10523.352   0.993568
10523.372   0.991663
10523.393   0.989804
10523.413   0.988706
10523.434   0.988670
10523.454   0.989572
10523.475   0.991046
10523.495   0.992694
10523.516   0.994197
10523.536   0.995231
10523.557   0.995594
10523.577   0.995229
10523.598   0.994368
10523.618   0.993358
10523.639   0.992495
10523.659   0.991876
10523.680   0.991379
10523.700   0.990986
10523.721   0.990872
10523.741   0.991446
10523.762   0.992878
10523.782   0.994816
10523.803   0.996444
10523.823   0.996864
10523.844   0.995826
10523.864   0.993759
10523.885   0.991775
10523.905   0.990729
10523.926   0.991021
10523.946   0.992165
10523.967   0.993445
10523.987   0.994158
10524.008   0.994183
10524.028   0.993785
10524.049   0.993441
10524.069   0.993407
10524.090   0.993589
10524.110   0.993678
10524.131   0.993421
10524.151   0.992944
10524.172   0.992627
10524.192   0.992894
10524.213   0.993783
10524.233   0.994945
10524.254   0.995778
10524.274   0.995887
10524.295   0.995259
10524.315   0.994315
10524.336   0.993552
10524.356   0.993326
10524.377   0.993604
10524.397   0.994136
10524.418   0.994534
10524.438   0.994567
10524.459   0.994179
10524.480   0.993558
10524.500   0.993012
10524.521   0.992848
10524.541   0.993168
10524.562   0.993787
10524.582   0.994305
10524.603   0.994338
10524.623   0.993756
10524.644   0.992783
10524.664   0.991890
10524.685   0.991548
10524.705   0.991941
10524.726   0.992884
10524.746   0.993879
10524.767   0.994503
10524.787   0.994565
10524.808   0.994326
10524.828   0.994150
10524.849   0.994332
10524.869   0.994788
10524.890   0.995271
10524.910   0.995525
10524.931   0.995512
10524.951   0.995331
10524.972   0.995135
10524.992   0.995016
10525.013   0.995023
10525.033   0.995142
10525.054   0.995287
10525.074   0.995336
10525.095   0.995120
10525.115   0.994564
10525.136   0.993664
10525.156   0.992612
10525.177   0.991712
10525.197   0.991318
10525.218   0.991621
10525.238   0.992485
10525.259   0.993438
10525.279   0.993890
10525.300   0.993512
10525.320   0.992535
10525.341   0.991587
10525.361   0.991310
10525.382   0.991767
10525.402   0.992566
10525.423   0.993103
10525.443   0.993207
10525.464   0.993049
10525.484   0.992905
10525.505   0.992719
10525.525   0.992208
10525.546   0.991186
10525.566   0.989825
10525.587   0.988588
10525.607   0.987798
10525.628   0.987487
10525.649   0.987436
10525.669   0.987629
10525.690   0.988294
10525.710   0.989809
10525.731   0.992119
10525.751   0.994491
10525.772   0.995802
10525.792   0.995209
10525.813   0.992826
10525.833   0.989579
10525.854   0.986735
10525.874   0.985117
10525.895   0.984955
10525.915   0.985938
10525.936   0.987539
10525.956   0.989172
10525.977   0.990274
10525.997   0.990509
10526.018   0.989917
10526.038   0.988965
10526.059   0.988257
10526.079   0.988198
10526.100   0.988728
10526.120   0.989415
10526.141   0.989758
10526.161   0.989527
10526.182   0.988931
10526.202   0.988446
10526.223   0.988540
10526.243   0.989289
10526.264   0.990388
10526.284   0.991343
10526.305   0.991929
10526.325   0.992246
10526.346   0.992581
10526.366   0.993001
10526.387   0.993215
10526.407   0.992842
10526.428   0.991779
10526.448   0.990541
10526.469   0.989894
10526.489   0.990470
10526.510   0.992191
10526.530   0.994377
10526.551   0.996047
10526.571   0.996501
10526.592   0.995656
10526.612   0.994053
10526.633   0.992572
10526.653   0.991947
10526.674   0.992456
10526.694   0.993798
10526.715   0.995293
10526.735   0.996296
10526.756   0.996546
10526.777   0.996292
10526.797   0.995947
10526.818   0.995761
10526.838   0.995564
10526.859   0.995149
10526.879   0.994529
10526.900   0.994048
10526.920   0.993927
10526.941   0.993953
10526.961   0.993563
10526.982   0.992430
10527.002   0.990931
10527.023   0.990008
10527.043   0.990418
10527.064   0.992137
10527.084   0.994297
10527.105   0.995862
10527.125   0.996287
10527.146   0.995733
10527.166   0.994772
10527.187   0.993808
10527.207   0.992974
10527.228   0.992086
10527.248   0.991088
10527.269   0.990045
10527.289   0.989238
10527.310   0.988952
10527.330   0.989422
10527.351   0.990735
10527.371   0.992673
10527.392   0.994688
10527.412   0.996009
10527.433   0.996099
10527.453   0.994965
10527.474   0.993271
10527.494   0.991875
10527.515   0.991393
10527.535   0.991819
10527.556   0.992750
10527.576   0.993607
10527.597   0.994085
10527.617   0.994105
10527.638   0.993850
10527.658   0.993503
10527.679   0.993234
10527.699   0.993124
10527.720   0.993188
10527.740   0.993273
10527.761   0.993158
10527.781   0.992645
10527.802   0.991816
10527.822   0.990969
10527.843   0.990537
10527.863   0.990755
10527.884   0.991566
10527.904   0.992590
10527.925   0.993397
10527.946   0.993619
10527.966   0.993230
10527.987   0.992418
10528.007   0.991562
10528.028   0.990904
10528.048   0.990479
10528.069   0.990165
10528.089   0.989865
10528.110   0.989707
10528.130   0.989862
10528.151   0.990436
10528.171   0.991197
10528.192   0.991762
10528.212   0.991834
10528.233   0.991509
10528.253   0.991178
10528.274   0.991168
10528.294   0.991511
10528.315   0.991955
10528.335   0.992320
10528.356   0.992607
10528.376   0.993050
10528.397   0.993778
10528.417   0.994686
10528.438   0.995395
10528.458   0.995543
10528.479   0.994944
10528.499   0.993676
10528.520   0.991955
10528.540   0.990135
10528.561   0.988633
10528.581   0.987916
10528.602   0.988274
10528.622   0.989649
10528.643   0.991567
10528.663   0.993351
10528.684   0.994478
10528.704   0.994865
10528.725   0.994801
10528.745   0.994675
10528.766   0.994587
10528.786   0.994283
10528.807   0.993488
10528.827   0.992257
10528.848   0.991204
10528.868   0.991027
10528.889   0.991994
10528.909   0.993577
10528.930   0.994808
10528.950   0.995033
10528.971   0.994314
10528.991   0.993397
10529.012   0.992915
10529.032   0.993038
10529.053   0.993421
10529.074   0.993715
10529.094   0.993989
10529.115   0.994526
10529.135   0.995631
10529.156   0.997073
10529.176   0.998331
10529.197   0.998706
10529.217   0.997870
10529.238   0.996004
10529.258   0.993740
10529.279   0.991917
10529.299   0.991103
10529.320   0.991454
10529.340   0.992583
10529.361   0.993906
10529.381   0.994881
10529.402   0.995257
10529.422   0.995103
10529.443   0.994679
10529.463   0.994371
10529.484   0.994405
10529.504   0.994870
10529.525   0.995513
10529.545   0.996073
10529.566   0.996250
10529.586   0.996001
10529.607   0.995355
10529.627   0.994494
10529.648   0.993600
10529.668   0.992896
10529.689   0.992523
10529.709   0.992431
10529.730   0.992342
10529.750   0.991976
10529.771   0.991302
10529.791   0.990687
10529.812   0.990604
10529.832   0.991265
10529.853   0.992408
10529.873   0.993434
10529.894   0.993796
10529.914   0.993274
10529.935   0.992121
10529.955   0.990927
10529.976   0.990399
10529.996   0.991022
10530.017   0.992714
10530.037   0.994793
10530.058   0.996328
10530.078   0.996696
10530.099   0.996015
10530.119   0.994881
10530.140   0.993976
10530.160   0.993469
10530.181   0.993171
10530.201   0.992748
10530.222   0.992162
10530.243   0.991657
10530.263   0.991498
10530.284   0.991823
10530.304   0.992557
10530.325   0.993622
10530.345   0.994941
10530.366   0.996269
10530.386   0.997289
10530.407   0.997563
10530.427   0.997126
10530.448   0.996233
10530.468   0.995468
10530.489   0.995019
10530.509   0.994758
10530.530   0.994279
10530.550   0.993438
10530.571   0.992538
10530.591   0.992068
10530.612   0.992283
10530.632   0.992929
10530.653   0.993403
10530.673   0.993239
10530.694   0.992402
10530.714   0.991358
10530.735   0.990640
10530.755   0.990535
10530.776   0.990906
10530.796   0.991461
10530.817   0.991972
10530.837   0.992352
10530.858   0.992546
10530.878   0.992382
10530.899   0.991811
10530.919   0.990957
10530.940   0.990322
10530.960   0.990330
10530.981   0.991151
10531.001   0.992434
10531.022   0.993656
10531.042   0.994406
10531.063   0.994584
10531.083   0.994310
10531.104   0.993745
10531.124   0.993018
10531.145   0.992259
10531.165   0.991678
10531.186   0.991455
10531.206   0.991684
10531.227   0.992168
10531.247   0.992607
10531.268   0.992600
10531.288   0.991944
10531.309   0.990548
10531.329   0.988572
10531.350   0.986348
10531.371   0.984446
10531.391   0.983523
10531.412   0.984132
10531.432   0.986333
10531.453   0.989615
10531.473   0.992854
10531.494   0.994978
10531.514   0.995327
10531.535   0.994085
10531.555   0.992003
10531.576   0.990031
10531.596   0.988944
10531.617   0.989065
10531.637   0.990251
10531.658   0.991961
10531.678   0.993526
10531.699   0.994472
10531.719   0.994719
10531.740   0.994492
10531.760   0.993936
10531.781   0.992843
10531.801   0.990946
10531.822   0.988300
10531.842   0.985768
10531.863   0.984454
10531.883   0.985133
10531.904   0.987507
10531.924   0.990497
10531.945   0.992932
10531.965   0.994151
10531.986   0.994257
10532.006   0.993576
10532.027   0.992548
10532.047   0.991458
10532.068   0.990652
10532.088   0.990406
10532.109   0.990753
10532.129   0.991480
10532.150   0.992264
10532.170   0.992926
10532.191   0.993485
10532.211   0.993946
10532.232   0.994181
10532.252   0.993932
10532.273   0.993165
10532.293   0.992234
10532.314   0.991757
10532.334   0.992139
10532.355   0.993194
10532.375   0.994308
10532.396   0.994839
10532.416   0.994742
10532.437   0.994385
10532.457   0.994368
10532.478   0.994827
10532.498   0.995460
10532.519   0.995668
10532.540   0.995048
10532.560   0.993709
10532.581   0.992169
10532.601   0.991071
10532.622   0.990726
10532.642   0.991077
10532.663   0.991803
10532.683   0.992649
10532.704   0.993473
10532.724   0.994224
10532.745   0.994828
10532.765   0.995243
10532.786   0.995592
10532.806   0.996016
10532.827   0.996593
10532.847   0.996976
10532.868   0.996801
10532.888   0.995782
10532.909   0.994277
10532.929   0.992917
10532.950   0.992408
10532.970   0.992962
10532.991   0.994309
10533.011   0.995785
10533.032   0.996735
10533.052   0.996675
10533.073   0.995594
10533.093   0.993815
10533.114   0.991992
