10111.228   0.995685
10111.247   0.995828
10111.266   0.995827
10111.285   0.995605
10111.304   0.995138
10111.323   0.994485
10111.341   0.993763
10111.360   0.993127
10111.379   0.992700
10111.398   0.992537
10111.417   0.992602
10111.436   0.992803
10111.455   0.993052
10111.474   0.993312
10111.492   0.993608
10111.511   0.993987
10111.530   0.994477
10111.549   0.995050
10111.568   0.995629
10111.587   0.996125
10111.606   0.996465
10111.625   0.996598
10111.644   0.996520
10111.662   0.996254
10111.681   0.995855
10111.700   0.995370
10111.719   0.994838
10111.738   0.994263
10111.757   0.993668
10111.776   0.993091
10111.795   0.992625
10111.813   0.992355
10111.832   0.992321
10111.851   0.992441
10111.870   0.992550
10111.889   0.992458
10111.908   0.992071
10111.927   0.991410
10111.946   0.990634
10111.965   0.989923
10111.983   0.989435
10112.002   0.989218
10112.021   0.989267
10112.040   0.989531
10112.059   0.989969
10112.078   0.990521
10112.097   0.991104
10112.116   0.991606
10112.134   0.991935
10112.153   0.992050
10112.172   0.991998
10112.191   0.991879
10112.210   0.991796
10112.229   0.991781
10112.248   0.991781
10112.267   0.991667
10112.286   0.991333
10112.304   0.990777
10112.323   0.990120
10112.342   0.989570
10112.361   0.989323
10112.380   0.989484
10112.399   0.990005
10112.418   0.990716
10112.437   0.991382
10112.455   0.991800
10112.474   0.991889
10112.493   0.991689
10112.512   0.991344
10112.531   0.991004
10112.550   0.990807
10112.569   0.990782
10112.588   0.990897
10112.606   0.991046
10112.625   0.991176
10112.644   0.991269
10112.663   0.991411
10112.682   0.991702
10112.701   0.992225
10112.720   0.992963
10112.739   0.993799
10112.758   0.994551
10112.776   0.995031
10112.795   0.995152
10112.814   0.994925
10112.833   0.994490
10112.852   0.994003
10112.871   0.993624
10112.890   0.993406
10112.909   0.993347
10112.927   0.993371
10112.946   0.993401
10112.965   0.993378
10112.984   0.993265
10113.003   0.993027
10113.022   0.992619
10113.041   0.992007
10113.060   0.991206
10113.079   0.990306
10113.097   0.989488
10113.116   0.988945
10113.135   0.988817
10113.154   0.989048
10113.173   0.989440
10113.192   0.989718
10113.211   0.989678
10113.230   0.989270
10113.248   0.988603
10113.267   0.987871
10113.286   0.987238
10113.305   0.986782
10113.324   0.986463
10113.343   0.986209
10113.362   0.985950
10113.381   0.985673
10113.400   0.985405
10113.418   0.985184
10113.437   0.985047
10113.456   0.985006
10113.475   0.985047
10113.494   0.985127
10113.513   0.985202
10113.532   0.985229
10113.551   0.985197
10113.569   0.985096
10113.588   0.984926
10113.607   0.984693
10113.626   0.984423
10113.645   0.984183
10113.664   0.984050
10113.683   0.984087
10113.702   0.984296
10113.720   0.984633
10113.739   0.985001
10113.758   0.985345
10113.777   0.985644
10113.796   0.985953
10113.815   0.986317
10113.834   0.986777
10113.853   0.987283
10113.872   0.987760
10113.890   0.988105
10113.909   0.988289
10113.928   0.988323
10113.947   0.988312
10113.966   0.988343
10113.985   0.988506
10114.004   0.988828
10114.023   0.989304
10114.041   0.989844
10114.060   0.990328
10114.079   0.990604
10114.098   0.990554
10114.117   0.990137
10114.136   0.989431
10114.155   0.988620
10114.174   0.987963
10114.193   0.987686
10114.211   0.987906
10114.230   0.988561
10114.249   0.989476
10114.268   0.990416
10114.287   0.991181
10114.306   0.991642
10114.325   0.991742
10114.344   0.991446
10114.362   0.990780
10114.381   0.989842
10114.400   0.988871
10114.419   0.988147
10114.438   0.987951
10114.457   0.988384
10114.476   0.989356
10114.495   0.990560
10114.513   0.991627
10114.532   0.992281
10114.551   0.992423
10114.570   0.992194
10114.589   0.991822
10114.608   0.991569
10114.627   0.991557
10114.646   0.991797
10114.665   0.992156
10114.683   0.992494
10114.702   0.992681
10114.721   0.992698
10114.740   0.992601
10114.759   0.992527
10114.778   0.992596
10114.797   0.992894
10114.816   0.993399
10114.834   0.993977
10114.853   0.994426
10114.872   0.994545
10114.891   0.994236
10114.910   0.993526
10114.929   0.992595
10114.948   0.991712
10114.967   0.991173
10114.986   0.991206
10115.004   0.991900
10115.023   0.993163
10115.042   0.994707
10115.061   0.996136
10115.080   0.997006
10115.099   0.996961
10115.118   0.995830
10115.137   0.993678
10115.155   0.990757
10115.174   0.987401
10115.193   0.983936
10115.212   0.980615
10115.231   0.977637
10115.250   0.975169
10115.269   0.973360
10115.288   0.972328
10115.307   0.972134
10115.325   0.972746
10115.344   0.974054
10115.363   0.975851
10115.382   0.977896
10115.401   0.979930
10115.420   0.981766
10115.439   0.983303
10115.458   0.984536
10115.476   0.985494
10115.495   0.986182
10115.514   0.986587
10115.533   0.986713
10115.552   0.986619
10115.571   0.986437
10115.590   0.986331
10115.609   0.986427
10115.627   0.986732
10115.646   0.987148
10115.665   0.987521
10115.684   0.987744
10115.703   0.987805
10115.722   0.987776
10115.741   0.987763
10115.760   0.987841
10115.779   0.988040
10115.797   0.988377
10115.816   0.988887
10115.835   0.989632
10115.854   0.990637
10115.873   0.991828
10115.892   0.992978
10115.911   0.993784
10115.930   0.993977
10115.948   0.993459
10115.967   0.992390
10115.986   0.991094
10116.005   0.989957
10116.024   0.989237
10116.043   0.989038
10116.062   0.989280
10116.081   0.989792
10116.100   0.990354
10116.118   0.990797
10116.137   0.991000
10116.156   0.990933
10116.175   0.990638
10116.194   0.990227
10116.213   0.989854
10116.232   0.989662
10116.251   0.989708
10116.269   0.989948
10116.288   0.990233
10116.307   0.990417
10116.326   0.990394
10116.345   0.990197
10116.364   0.989922
10116.383   0.989726
10116.402   0.989673
10116.421   0.989744
10116.439   0.989791
10116.458   0.989661
10116.477   0.989228
10116.496   0.988514
10116.515   0.987649
10116.534   0.986855
10116.553   0.986329
10116.572   0.986184
10116.590   0.986412
10116.609   0.986864
10116.628   0.987335
10116.647   0.987612
10116.666   0.987589
10116.685   0.987304
10116.704   0.986949
10116.723   0.986797
10116.741   0.987068
10116.760   0.987885
10116.779   0.989175
10116.798   0.990757
10116.817   0.992353
10116.836   0.993730
10116.855   0.994710
10116.874   0.995224
10116.893   0.995283
10116.911   0.994958
10116.930   0.994388
10116.949   0.993744
10116.968   0.993203
10116.987   0.992873
10117.006   0.992800
10117.025   0.992950
10117.044   0.993265
10117.062   0.993688
10117.081   0.994165
10117.100   0.994640
10117.119   0.995012
10117.138   0.995171
10117.157   0.995030
10117.176   0.994616
10117.195   0.994069
10117.214   0.993595
10117.232   0.993338
10117.251   0.993304
10117.270   0.993338
10117.289   0.993211
10117.308   0.992748
10117.327   0.991952
10117.346   0.991011
10117.365   0.990249
10117.383   0.989934
10117.402   0.990164
10117.421   0.990818
10117.440   0.991653
10117.459   0.992434
10117.478   0.993022
10117.497   0.993390
10117.516   0.993539
10117.534   0.993436
10117.553   0.992994
10117.572   0.992181
10117.591   0.991115
10117.610   0.990078
10117.629   0.989423
10117.648   0.989401
10117.667   0.990040
10117.686   0.991131
10117.704   0.992334
10117.723   0.993346
10117.742   0.994008
10117.761   0.994371
10117.780   0.994595
10117.799   0.994863
10117.818   0.995251
10117.837   0.995710
10117.855   0.996055
10117.874   0.996077
10117.893   0.995624
10117.912   0.994714
10117.931   0.993563
10117.950   0.992496
10117.969   0.991847
10117.988   0.991787
10118.007   0.992307
10118.025   0.993169
10118.044   0.994085
10118.063   0.994782
10118.082   0.995145
10118.101   0.995195
10118.120   0.995072
10118.139   0.994960
10118.158   0.995051
10118.176   0.995459
10118.195   0.996196
10118.214   0.997156
10118.233   0.998158
10118.252   0.999021
10118.271   0.999620
10118.290   0.999952
10118.309   1.000072
10118.328   1.000067
10118.346   0.999933
10118.365   0.999634
10118.384   0.999074
10118.403   0.998224
10118.422   0.997120
10118.441   0.995899
10118.460   0.994744
10118.479   0.993836
10118.497   0.993286
10118.516   0.993101
10118.535   0.993216
10118.554   0.993492
10118.573   0.993764
10118.592   0.993849
10118.611   0.993600
10118.630   0.992943
10118.648   0.991892
10118.667   0.990558
10118.686   0.989096
10118.705   0.987671
10118.724   0.986386
10118.743   0.985231
10118.762   0.984035
10118.781   0.982500
10118.800   0.980240
10118.818   0.976868
10118.837   0.972105
10118.856   0.965896
10118.875   0.958491
10118.894   0.950443
10118.913   0.942559
10118.932   0.935670
10118.951   0.930476
10118.969   0.927372
10118.988   0.926481
10119.007   0.927638
10119.026   0.930594
10119.045   0.935026
10119.064   0.940615
10119.083   0.946981
10119.102   0.953713
10119.121   0.960358
10119.139   0.966528
10119.158   0.971917
10119.177   0.976362
10119.196   0.979833
10119.215   0.982413
10119.234   0.984261
10119.253   0.985568
10119.272   0.986510
10119.290   0.987234
10119.309   0.987845
10119.328   0.988398
10119.347   0.988904
10119.366   0.989358
10119.385   0.989745
10119.404   0.990067
10119.423   0.990341
10119.442   0.990598
10119.460   0.990863
10119.479   0.991153
10119.498   0.991476
10119.517   0.991826
10119.536   0.992188
10119.555   0.992504
10119.574   0.992712
10119.593   0.992739
10119.611   0.992568
10119.630   0.992219
10119.649   0.991775
10119.668   0.991338
10119.687   0.991028
10119.706   0.990959
10119.725   0.991228
10119.744   0.991895
10119.762   0.992940
10119.781   0.994246
10119.800   0.995604
10119.819   0.996765
10119.838   0.997548
10119.857   0.997885
10119.876   0.997843
10119.895   0.997566
10119.914   0.997208
10119.932   0.996881
10119.951   0.996636
10119.970   0.996480
10119.989   0.996392
10120.008   0.996364
10120.027   0.996385
10120.046   0.996446
10120.065   0.996530
10120.083   0.996628
10120.102   0.996739
10120.121   0.996882
10120.140   0.997061
10120.159   0.997252
10120.178   0.997387
10120.197   0.997383
10120.216   0.997157
10120.235   0.996690
10120.253   0.996052
10120.272   0.995413
10120.291   0.994960
10120.310   0.994848
10120.329   0.995098
10120.348   0.995627
10120.367   0.996281
10120.386   0.996916
10120.404   0.997452
10120.423   0.997866
10120.442   0.998175
10120.461   0.998370
10120.480   0.998430
10120.499   0.998296
10120.518   0.997951
10120.537   0.997411
10120.555   0.996753
10120.574   0.996055
10120.593   0.995385
10120.612   0.994754
10120.631   0.994155
10120.650   0.993596
10120.669   0.993128
10120.688   0.992840
10120.707   0.992802
10120.725   0.993021
10120.744   0.993408
10120.763   0.993797
10120.782   0.994027
10120.801   0.994008
10120.820   0.993785
10120.839   0.993485
10120.858   0.993273
10120.876   0.993226
10120.895   0.993315
10120.914   0.993414
10120.933   0.993389
10120.952   0.993150
10120.971   0.992700
10120.990   0.992131
10121.009   0.991572
10121.028   0.991151
10121.046   0.990926
10121.065   0.990879
10121.084   0.990897
10121.103   0.990876
10121.122   0.990741
10121.141   0.990534
10121.160   0.990351
10121.179   0.990334
10121.197   0.990544
10121.216   0.990953
10121.235   0.991413
10121.254   0.991727
10121.273   0.991727
10121.292   0.991350
10121.311   0.990674
10121.330   0.989918
10121.349   0.989354
10121.367   0.989200
10121.386   0.989498
10121.405   0.990087
10121.424   0.990638
10121.443   0.990826
10121.462   0.990473
10121.481   0.989670
10121.500   0.988733
10121.518   0.988071
10121.537   0.987973
10121.556   0.988470
10121.575   0.989293
10121.594   0.990014
10121.613   0.990264
10121.632   0.989910
10121.651   0.989137
10121.669   0.988321
10121.688   0.987884
10121.707   0.988050
10121.726   0.988795
10121.745   0.989802
10121.764   0.990677
10121.783   0.991090
10121.802   0.990961
10121.821   0.990443
10121.839   0.989829
10121.858   0.989399
10121.877   0.989246
10121.896   0.989298
10121.915   0.989317
10121.934   0.989107
10121.953   0.988536
10121.972   0.987671
10121.990   0.986641
10122.009   0.985650
10122.028   0.984841
10122.047   0.984327
10122.066   0.984135
10122.085   0.984256
10122.104   0.984629
10122.123   0.985151
10122.142   0.985702
10122.160   0.986173
10122.179   0.986513
10122.198   0.986735
10122.217   0.986908
10122.236   0.987077
10122.255   0.987266
10122.274   0.987435
10122.293   0.987538
10122.311   0.987525
10122.330   0.987390
10122.349   0.987137
10122.368   0.986781
10122.387   0.986314
10122.406   0.985727
10122.425   0.985073
10122.444   0.984474
10122.462   0.984158
10122.481   0.984325
10122.500   0.985074
10122.519   0.986251
10122.538   0.987516
10122.557   0.988454
10122.576   0.988761
10122.595   0.988373
10122.614   0.987483
10122.632   0.986440
10122.651   0.985536
10122.670   0.984949
10122.689   0.984700
10122.708   0.984743
10122.727   0.985037
10122.746   0.985563
10122.765   0.986283
10122.783   0.987070
10122.802   0.987726
10122.821   0.988061
10122.840   0.987995
10122.859   0.987625
10122.878   0.987181
10122.897   0.986930
10122.916   0.987024
10122.935   0.987447
10122.953   0.988013
10122.972   0.988489
10122.991   0.988688
10123.010   0.988581
10123.029   0.988264
10123.048   0.987907
10123.067   0.987693
10123.086   0.987742
10123.104   0.988108
10123.123   0.988746
10123.142   0.989561
10123.161   0.990403
10123.180   0.991142
10123.199   0.991664
10123.218   0.991925
10123.237   0.991933
10123.256   0.991742
10123.274   0.991429
10123.293   0.991062
10123.312   0.990687
10123.331   0.990299
10123.350   0.989874
10123.369   0.989387
10123.388   0.988879
10123.407   0.988462
10123.425   0.988299
10123.444   0.988516
10123.463   0.989097
10123.482   0.989829
10123.501   0.990348
10123.520   0.990302
10123.539   0.989527
10123.558   0.988164
10123.576   0.986627
10123.595   0.985419
10123.614   0.984958
10123.633   0.985406
10123.652   0.986693
10123.671   0.988568
10123.690   0.990703
10123.709   0.992763
10123.728   0.994438
10123.746   0.995505
10123.765   0.995875
10123.784   0.995663
10123.803   0.995188
10123.822   0.994858
10123.841   0.995011
10123.860   0.995769
10123.879   0.997029
10123.897   0.998523
10123.916   0.999938
10123.935   1.001025
10123.954   1.001639
10123.973   1.001722
10123.992   1.001284
10124.011   1.000404
10124.030   0.999235
10124.049   0.997972
10124.067   0.996817
10124.086   0.995871
10124.105   0.995125
10124.124   0.994456
10124.143   0.993757
10124.162   0.992993
10124.181   0.992209
10124.200   0.991515
10124.218   0.990979
10124.237   0.990617
10124.256   0.990386
10124.275   0.990229
10124.294   0.990077
10124.313   0.989865
10124.332   0.989561
10124.351   0.989132
10124.370   0.988605
10124.388   0.988025
10124.407   0.987465
10124.426   0.986967
10124.445   0.986544
10124.464   0.986172
10124.483   0.985807
10124.502   0.985436
10124.521   0.985065
10124.539   0.984753
10124.558   0.984521
10124.577   0.984364
10124.596   0.984200
10124.615   0.983913
10124.634   0.983416
10124.653   0.982650
10124.672   0.981611
10124.690   0.980297
10124.709   0.978731
10124.728   0.976967
10124.747   0.975138
10124.766   0.973494
10124.785   0.972333
10124.804   0.971914
10124.823   0.972300
10124.842   0.973328
10124.860   0.974613
10124.879   0.975741
10124.898   0.976427
10124.917   0.976648
10124.936   0.976595
10124.955   0.976579
10124.974   0.976857
10124.993   0.977555
10125.011   0.978644
10125.030   0.979991
10125.049   0.981420
10125.068   0.982736
10125.087   0.983770
10125.106   0.984401
10125.125   0.984607
10125.144   0.984468
10125.163   0.984146
10125.181   0.983827
10125.200   0.983654
10125.219   0.983692
10125.238   0.983933
10125.257   0.984341
10125.276   0.984873
10125.295   0.985486
10125.314   0.986115
10125.332   0.986681
10125.351   0.987094
10125.370   0.987323
10125.389   0.987392
10125.408   0.987430
10125.427   0.987570
10125.446   0.987941
10125.465   0.988551
10125.483   0.989327
10125.502   0.990122
10125.521   0.990819
10125.540   0.991354
10125.559   0.991757
10125.578   0.992095
10125.597   0.992439
10125.616   0.992820
10125.635   0.993255
10125.653   0.993747
10125.672   0.994312
10125.691   0.994921
10125.710   0.995490
10125.729   0.995841
10125.748   0.995788
10125.767   0.995214
10125.786   0.994169
10125.804   0.992886
10125.823   0.991681
10125.842   0.990850
10125.861   0.990537
10125.880   0.990742
10125.899   0.991326
10125.918   0.992132
10125.937   0.992990
10125.956   0.993750
10125.974   0.994281
10125.993   0.994485
10126.012   0.994343
10126.031   0.993943
10126.050   0.993461
10126.069   0.993083
10126.088   0.992941
10126.107   0.993068
10126.125   0.993402
10126.144   0.993825
10126.163   0.994210
10126.182   0.994460
10126.201   0.994523
10126.220   0.994420
10126.239   0.994206
10126.258   0.993953
10126.277   0.993694
10126.295   0.993421
10126.314   0.993092
10126.333   0.992680
10126.352   0.992253
10126.371   0.991936
10126.390   0.991899
10126.409   0.992220
10126.428   0.992879
10126.446   0.993686
10126.465   0.994423
10126.484   0.994899
10126.503   0.995092
10126.522   0.995117
10126.541   0.995179
10126.560   0.995430
10126.579   0.995875
10126.597   0.996374
10126.616   0.996696
10126.635   0.996671
10126.654   0.996258
10126.673   0.995615
10126.692   0.994986
10126.711   0.994620
10126.730   0.994630
10126.749   0.994957
10126.767   0.995395
10126.786   0.995721
10126.805   0.995780
10126.824   0.995577
10126.843   0.995253
10126.862   0.995045
10126.881   0.995137
10126.900   0.995614
10126.918   0.996412
10126.937   0.997380
10126.956   0.998312
10126.975   0.999040
10126.994   0.999430
10127.013   0.999400
10127.032   0.998939
10127.051   0.998081
10127.070   0.996933
10127.088   0.995630
10127.107   0.994366
10127.126   0.993334
10127.145   0.992732
10127.164   0.992690
10127.183   0.993220
10127.202   0.994182
10127.221   0.995336
10127.239   0.996401
10127.258   0.997172
10127.277   0.997527
10127.296   0.997455
10127.315   0.996983
10127.334   0.996182
10127.353   0.995149
10127.372   0.994041
10127.391   0.993071
10127.409   0.992442
10127.428   0.992278
10127.447   0.992536
10127.466   0.993029
10127.485   0.993494
10127.504   0.993729
10127.523   0.993698
10127.542   0.993531
10127.560   0.993463
10127.579   0.993674
10127.598   0.994204
10127.617   0.994888
10127.636   0.995472
10127.655   0.995682
10127.674   0.995428
10127.693   0.994782
10127.711   0.993994
10127.730   0.993321
10127.749   0.992952
10127.768   0.992922
10127.787   0.993135
10127.806   0.993444
10127.825   0.993700
10127.844   0.993829
10127.863   0.993799
10127.881   0.993638
10127.900   0.993364
10127.919   0.993006
10127.938   0.992582
10127.957   0.992130
10127.976   0.991702
10127.995   0.991368
10128.014   0.991186
10128.032   0.991166
10128.051   0.991274
10128.070   0.991417
10128.089   0.991506
10128.108   0.991464
10128.127   0.991296
10128.146   0.991043
10128.165   0.990789
10128.184   0.990588
10128.202   0.990475
10128.221   0.990450
10128.240   0.990512
10128.259   0.990654
10128.278   0.990859
10128.297   0.991062
10128.316   0.991163
10128.335   0.991046
10128.353   0.990631
10128.372   0.989943
10128.391   0.989105
10128.410   0.988326
10128.429   0.987819
10128.448   0.987737
10128.467   0.988121
10128.486   0.988864
10128.504   0.989770
10128.523   0.990581
10128.542   0.991088
10128.561   0.991159
10128.580   0.990819
10128.599   0.990181
10128.618   0.989415
10128.637   0.988676
10128.656   0.988086
10128.674   0.987707
10128.693   0.987577
10128.712   0.987704
10128.731   0.988086
10128.750   0.988677
10128.769   0.989385
10128.788   0.990069
10128.807   0.990568
10128.825   0.990749
10128.844   0.990546
10128.863   0.989973
10128.882   0.989136
10128.901   0.988190
10128.920   0.987311
10128.939   0.986623
10128.958   0.986194
10128.977   0.985989
10128.995   0.985921
10129.014   0.985857
10129.033   0.985695
10129.052   0.985376
10129.071   0.984884
10129.090   0.984238
10129.109   0.983474
10129.128   0.982609
10129.146   0.981638
10129.165   0.980487
10129.184   0.979057
10129.203   0.977227
10129.222   0.974952
10129.241   0.972252
10129.260   0.969297
10129.279   0.966332
10129.298   0.963677
10129.316   0.961615
10129.335   0.960354
10129.354   0.960003
10129.373   0.960561
10129.392   0.961967
10129.411   0.964078
10129.430   0.966728
10129.449   0.969716
10129.467   0.972834
10129.486   0.975843
10129.505   0.978538
10129.524   0.980757
10129.543   0.982459
10129.562   0.983679
10129.581   0.984546
10129.600   0.985210
10129.618   0.985819
10129.637   0.986471
10129.656   0.987196
10129.675   0.987966
10129.694   0.988691
10129.713   0.989291
10129.732   0.989732
10129.751   0.990075
10129.770   0.990438
10129.788   0.990959
10129.807   0.991695
10129.826   0.992581
10129.845   0.993440
10129.864   0.994055
10129.883   0.994314
10129.902   0.994226
10129.921   0.993955
10129.939   0.993704
10129.958   0.993658
10129.977   0.993895
10129.996   0.994394
10130.015   0.995066
10130.034   0.995786
10130.053   0.996452
10130.072   0.996987
10130.091   0.997351
10130.109   0.997513
10130.128   0.997464
10130.147   0.997219
10130.166   0.996853
10130.185   0.996480
10130.204   0.996261
10130.223   0.996276
10130.242   0.996518
10130.260   0.996822
10130.279   0.996949
10130.298   0.996637
10130.317   0.995660
10130.336   0.993870
10130.355   0.991177
10130.374   0.987673
10130.393   0.983706
10130.411   0.979957
10130.430   0.977308
10130.449   0.976455
10130.468   0.977675
10130.487   0.980508
10130.506   0.984143
10130.525   0.987690
10130.544   0.990628
10130.563   0.992862
10130.581   0.994656
10130.600   0.996344
10130.619   0.998088
10130.638   0.999760
10130.657   1.000982
10130.676   1.001354
10130.695   1.000666
10130.714   0.999040
10130.732   0.996908
10130.751   0.994831
10130.770   0.993273
10130.789   0.992436
10130.808   0.992250
10130.827   0.992437
10130.846   0.992696
10130.865   0.992793
10130.884   0.992644
10130.902   0.992271
10130.921   0.991794
10130.940   0.991330
10130.959   0.990969
10130.978   0.990730
10130.997   0.990570
10131.016   0.990405
10131.035   0.990153
10131.053   0.989789
10131.072   0.989355
10131.091   0.988969
10131.110   0.988760
10131.129   0.988829
10131.148   0.989175
10131.167   0.989714
10131.186   0.990303
10131.205   0.990843
10131.223   0.991302
10131.242   0.991752
10131.261   0.992278
10131.280   0.992888
10131.299   0.993478
10131.318   0.993852
10131.337   0.993886
10131.356   0.993545
10131.374   0.993009
10131.393   0.992497
10131.412   0.992212
10131.431   0.992195
10131.450   0.992380
10131.469   0.992615
10131.488   0.992763
10131.507   0.992774
10131.525   0.992653
10131.544   0.992455
10131.563   0.992247
10131.582   0.992106
10131.601   0.992109
10131.620   0.992327
10131.639   0.992807
10131.658   0.993528
10131.677   0.994393
10131.695   0.995240
10131.714   0.995861
10131.733   0.996091
10131.752   0.995834
10131.771   0.995134
10131.790   0.994209
10131.809   0.993372
10131.828   0.992950
10131.846   0.993073
10131.865   0.993651
10131.884   0.994338
10131.903   0.994751
10131.922   0.994643
10131.941   0.994039
10131.960   0.993240
10131.979   0.992611
10131.998   0.992454
10132.016   0.992823
10132.035   0.993595
10132.054   0.994495
10132.073   0.995226
10132.092   0.995544
10132.111   0.995321
10132.130   0.994589
10132.149   0.993466
10132.167   0.992178
10132.186   0.990898
10132.205   0.989777
10132.224   0.988854
10132.243   0.988186
10132.262   0.987782
10132.281   0.987690
10132.300   0.987900
10132.319   0.988342
10132.337   0.988860
10132.356   0.989281
10132.375   0.989497
10132.394   0.989490
10132.413   0.989360
10132.432   0.989210
10132.451   0.989137
10132.470   0.989147
10132.488   0.989194
10132.507   0.989173
10132.526   0.989013
10132.545   0.988711
10132.564   0.988355
10132.583   0.988085
10132.602   0.988018
10132.621   0.988189
10132.639   0.988508
10132.658   0.988824
10132.677   0.988983
10132.696   0.988933
10132.715   0.988722
10132.734   0.988488
10132.753   0.988359
10132.772   0.988404
10132.791   0.988616
10132.809   0.988967
10132.828   0.989435
10132.847   0.990013
10132.866   0.990676
10132.885   0.991356
10132.904   0.991939
10132.923   0.992304
10132.942   0.992396
10132.960   0.992275
10132.979   0.992094
10132.998   0.992035
10133.017   0.992215
10133.036   0.992633
10133.055   0.993158
10133.074   0.993607
10133.093   0.993807
10133.112   0.993679
10133.130   0.993248
10133.149   0.992647
10133.168   0.992047
10133.187   0.991629
10133.206   0.991503
10133.225   0.991696
10133.244   0.992140
10133.263   0.992703
10133.281   0.993247
10133.300   0.993646
10133.319   0.993825
10133.338   0.993715
10133.357   0.993300
10133.376   0.992586
10133.395   0.991666
10133.414   0.990692
10133.432   0.989901
10133.451   0.989525
10133.470   0.989704
10133.489   0.990433
10133.508   0.991515
10133.527   0.992675
10133.546   0.993624
10133.565   0.994194
10133.584   0.994382
10133.602   0.994315
10133.621   0.994200
10133.640   0.994187
10133.659   0.994368
10133.678   0.994718
10133.697   0.995166
10133.716   0.995596
10133.735   0.995923
10133.753   0.996105
10133.772   0.996128
10133.791   0.996004
10133.810   0.995727
10133.829   0.995300
10133.848   0.994694
10133.867   0.993939
10133.886   0.993094
10133.905   0.992274
10133.923   0.991576
10133.942   0.991057
10133.961   0.990681
10133.980   0.990358
10133.999   0.990027
10134.018   0.989723
10134.037   0.989606
10134.056   0.989866
10134.074   0.990608
10134.093   0.991751
10134.112   0.993021
10134.131   0.994063
10134.150   0.994576
10134.169   0.994438
10134.188   0.993741
10134.207   0.992714
10134.226   0.991636
10134.244   0.990728
10134.263   0.990125
10134.282   0.989855
10134.301   0.989888
10134.320   0.990160
10134.339   0.990612
10134.358   0.991202
10134.377   0.991893
10134.395   0.992653
10134.414   0.993419
10134.433   0.994107
10134.452   0.994624
10134.471   0.994930
10134.490   0.995029
10134.509   0.994961
10134.528   0.994764
10134.546   0.994468
10134.565   0.994093
10134.584   0.993684
10134.603   0.993294
10134.622   0.992994
10134.641   0.992818
10134.660   0.992767
10134.679   0.992793
10134.698   0.992851
10134.716   0.992943
10134.735   0.993140
10134.754   0.993532
10134.773   0.994133
10134.792   0.994800
10134.811   0.995256
10134.830   0.995184
10134.849   0.994437
10134.867   0.993154
10134.886   0.991751
10134.905   0.990735
10134.924   0.990459
10134.943   0.990997
10134.962   0.992105
10134.981   0.993422
10135.000   0.994599
10135.019   0.995429
10135.037   0.995844
10135.056   0.995890
10135.075   0.995646
10135.094   0.995211
10135.113   0.994665
10135.132   0.994111
10135.151   0.993619
10135.170   0.993277
10135.188   0.993129
10135.207   0.993202
10135.226   0.993451
10135.245   0.993788
10135.264   0.994078
10135.283   0.994191
10135.302   0.994081
10135.321   0.993819
10135.340   0.993569
10135.358   0.993501
10135.377   0.993685
10135.396   0.994052
10135.415   0.994401
10135.434   0.994529
10135.453   0.994332
10135.472   0.993877
10135.491   0.993369
10135.509   0.993027
10135.528   0.992983
10135.547   0.993186
10135.566   0.993481
10135.585   0.993683
10135.604   0.993704
10135.623   0.993569
10135.642   0.993353
10135.660   0.993115
10135.679   0.992838
10135.698   0.992487
10135.717   0.992057
10135.736   0.991627
10135.755   0.991307
10135.774   0.991181
10135.793   0.991236
10135.812   0.991403
10135.830   0.991598
10135.849   0.991798
10135.868   0.992059
10135.887   0.992451
10135.906   0.992996
10135.925   0.993585
10135.944   0.994019
10135.963   0.994074
10135.981   0.993643
10136.000   0.992841
10136.019   0.991963
10136.038   0.991387
10136.057   0.991357
10136.076   0.991903
10136.095   0.992811
10136.114   0.993791
10136.133   0.994625
10136.151   0.995240
10136.170   0.995647
10136.189   0.995859
10136.208   0.995823
10136.227   0.995491
10136.246   0.994871
10136.265   0.994133
10136.284   0.993477
10136.302   0.993091
10136.321   0.993007
10136.340   0.993175
10136.359   0.993488
10136.378   0.993902
10136.397   0.994390
10136.416   0.994938
10136.435   0.995460
10136.453   0.995825
10136.472   0.995894
10136.491   0.995609
10136.510   0.995018
10136.529   0.994271
10136.548   0.993548
10136.567   0.992991
10136.586   0.992651
10136.605   0.992513
10136.623   0.992527
10136.642   0.992655
10136.661   0.992868
10136.680   0.993102
10136.699   0.993272
10136.718   0.993256
10136.737   0.992996
10136.756   0.992537
10136.774   0.992067
10136.793   0.991811
10136.812   0.991921
10136.831   0.992403
10136.850   0.993074
10136.869   0.993692
10136.888   0.994038
10136.907   0.994057
10136.926   0.993808
10136.944   0.993461
10136.963   0.993178
10136.982   0.993090
10137.001   0.993245
10137.020   0.993639
10137.039   0.994192
10137.058   0.994764
10137.077   0.995197
10137.095   0.995377
10137.114   0.995342
10137.133   0.995244
10137.152   0.995335
10137.171   0.995750
10137.190   0.996482
10137.209   0.997269
10137.228   0.997795
10137.247   0.997783
10137.265   0.997187
10137.284   0.996184
10137.303   0.995092
10137.322   0.994223
10137.341   0.993731
10137.360   0.993602
10137.379   0.993666
10137.398   0.993728
10137.416   0.993642
10137.435   0.993365
10137.454   0.992948
10137.473   0.992491
10137.492   0.992089
10137.511   0.991787
10137.530   0.991606
10137.549   0.991545
10137.567   0.991629
10137.586   0.991911
10137.605   0.992477
10137.624   0.993369
10137.643   0.994544
10137.662   0.995802
10137.681   0.996837
10137.700   0.997310
10137.719   0.997034
10137.737   0.996098
10137.756   0.994877
10137.775   0.993897
10137.794   0.993534
10137.813   0.993869
10137.832   0.994550
10137.851   0.995040
10137.870   0.994833
10137.888   0.993805
10137.907   0.992215
10137.926   0.990626
10137.945   0.989597
10137.964   0.989412
10137.983   0.989965
10138.002   0.990836
10138.021   0.991561
10138.040   0.991849
10138.058   0.991715
10138.077   0.991451
10138.096   0.991402
10138.115   0.991831
10138.134   0.992738
10138.153   0.993911
10138.172   0.995053
10138.191   0.995971
10138.209   0.996676
10138.228   0.997335
10138.247   0.998110
10138.266   0.998990
10138.285   0.999765
10138.304   1.000181
10138.323   1.000087
10138.342   0.999536
10138.361   0.998748
10138.379   0.997924
10138.398   0.997187
10138.417   0.996504
10138.436   0.995864
10138.455   0.995264
10138.474   0.994817
10138.493   0.994602
10138.512   0.994633
10138.530   0.994809
10138.549   0.994986
10138.568   0.995062
10138.587   0.995014
10138.606   0.994908
10138.625   0.994790
10138.644   0.994668
10138.663   0.994467
10138.681   0.994112
10138.700   0.993567
10138.719   0.992882
10138.738   0.992165
10138.757   0.991535
10138.776   0.991079
10138.795   0.990821
10138.814   0.990752
10138.833   0.990803
10138.851   0.990896
10138.870   0.990937
10138.889   0.990898
10138.908   0.990796
10138.927   0.990735
10138.946   0.990844
10138.965   0.991225
10138.984   0.991877
10139.002   0.992606
10139.021   0.993110
10139.040   0.993003
10139.059   0.992124
10139.078   0.990595
10139.097   0.988936
10139.116   0.987794
10139.135   0.987633
10139.154   0.988531
10139.172   0.990052
10139.191   0.991613
10139.210   0.992655
10139.229   0.993031
10139.248   0.992831
10139.267   0.992369
10139.286   0.991852
10139.305   0.991401
10139.323   0.991065
10139.342   0.990949
10139.361   0.991225
10139.380   0.991979
10139.399   0.993121
10139.418   0.994314
10139.437   0.995156
10139.456   0.995363
10139.474   0.994952
10139.493   0.994210
10139.512   0.993519
10139.531   0.993153
10139.550   0.993157
10139.569   0.993386
10139.588   0.993645
10139.607   0.993777
10139.626   0.993732
10139.644   0.993466
10139.663   0.992965
10139.682   0.992197
10139.701   0.991248
10139.720   0.990291
10139.739   0.989612
10139.758   0.989431
10139.777   0.989808
10139.795   0.990563
10139.814   0.991377
10139.833   0.991937
10139.852   0.992089
10139.871   0.991886
10139.890   0.991534
10139.909   0.991275
10139.928   0.991277
10139.947   0.991587
10139.965   0.992162
10139.984   0.992884
10140.003   0.993599
10140.022   0.994139
10140.041   0.994391
10140.060   0.994329
10140.079   0.994048
10140.098   0.993720
10140.116   0.993500
10140.135   0.993448
10140.154   0.993500
10140.173   0.993539
10140.192   0.993477
10140.211   0.993314
10140.230   0.993144
10140.249   0.993047
10140.268   0.993048
10140.286   0.993060
10140.305   0.992972
10140.324   0.992700
10140.343   0.992264
10140.362   0.991768
10140.381   0.991341
10140.400   0.991071
10140.419   0.990971
10140.437   0.990973
10140.456   0.990978
10140.475   0.990866
10140.494   0.990543
10140.513   0.989928
10140.532   0.988980
10140.551   0.987713
10140.570   0.986249
10140.588   0.984851
10140.607   0.983839
10140.626   0.983490
10140.645   0.983877
10140.664   0.984854
10140.683   0.986107
10140.702   0.987341
10140.721   0.988391
10140.740   0.989298
10140.758   0.990162
10140.777   0.991034
10140.796   0.991775
10140.815   0.992166
10140.834   0.992013
10140.853   0.991316
10140.872   0.990246
10140.891   0.989035
10140.909   0.987794
10140.928   0.986451
10140.947   0.984842
10140.966   0.982865
10140.985   0.980613
10141.004   0.978379
10141.023   0.976544
10141.042   0.975395
10141.061   0.975075
10141.079   0.975556
10141.098   0.976702
10141.117   0.978338
10141.136   0.980274
10141.155   0.982345
10141.174   0.984390
10141.193   0.986292
10141.212   0.987966
10141.230   0.989381
10141.249   0.990561
10141.268   0.991537
10141.287   0.992318
10141.306   0.992874
10141.325   0.993192
10141.344   0.993289
10141.363   0.993252
10141.381   0.993191
10141.400   0.993177
10141.419   0.993197
10141.438   0.993175
10141.457   0.993034
10141.476   0.992773
10141.495   0.992483
10141.514   0.992311
10141.533   0.992382
10141.551   0.992726
10141.570   0.993285
10141.589   0.993942
10141.608   0.994585
10141.627   0.995128
10141.646   0.995542
10141.665   0.995836
10141.684   0.996062
10141.702   0.996259
10141.721   0.996439
10141.740   0.996497
10141.759   0.996292
10141.778   0.995688
10141.797   0.994673
10141.816   0.993375
10141.835   0.992052
10141.854   0.990972
10141.872   0.990275
10141.891   0.989917
10141.910   0.989662
10141.929   0.989231
10141.948   0.988426
10141.967   0.987233
10141.986   0.985819
10142.005   0.984356
10142.023   0.982968
10142.042   0.981661
10142.061   0.980480
10142.080   0.979555
10142.099   0.979140
10142.118   0.979502
10142.137   0.980694
10142.156   0.982557
10142.175   0.984669
10142.193   0.986616
10142.212   0.988065
10142.231   0.988933
10142.250   0.989316
10142.269   0.989447
10142.288   0.989639
10142.307   0.990186
10142.326   0.991310
10142.344   0.993029
10142.363   0.995069
10142.382   0.996944
10142.401   0.998119
10142.420   0.998329
10142.439   0.997668
10142.458   0.996585
10142.477   0.995607
10142.495   0.995107
10142.514   0.995162
10142.533   0.995584
10142.552   0.996101
10142.571   0.996468
10142.590   0.996598
10142.609   0.996514
10142.628   0.996351
10142.647   0.996220
10142.665   0.996210
10142.684   0.996306
10142.703   0.996452
10142.722   0.996558
10142.741   0.996597
10142.760   0.996621
10142.779   0.996754
10142.798   0.997084
10142.816   0.997576
10142.835   0.998061
10142.854   0.998308
10142.873   0.998145
10142.892   0.997562
10142.911   0.996708
10142.930   0.995796
10142.949   0.995035
10142.968   0.994546
10142.986   0.994371
10143.005   0.994469
10143.024   0.994738
10143.043   0.995049
10143.062   0.995262
10143.081   0.995359
10143.100   0.995381
10143.119   0.995498
10143.137   0.995812
10143.156   0.996324
10143.175   0.996839
10143.194   0.997066
10143.213   0.996784
10143.232   0.995976
10143.251   0.994938
10143.270   0.994092
10143.289   0.993844
10143.307   0.994290
10143.326   0.995274
10143.345   0.996399
10143.364   0.997323
10143.383   0.997820
10143.402   0.997885
10143.421   0.997592
10143.440   0.997061
10143.458   0.996386
10143.477   0.995673
10143.496   0.995066
10143.515   0.994706
10143.534   0.994672
10143.553   0.994907
10143.572   0.995257
10143.591   0.995542
10143.609   0.995673
10143.628   0.995665
10143.647   0.995608
10143.666   0.995588
10143.685   0.995639
10143.704   0.995730
10143.723   0.995808
10143.742   0.995826
10143.761   0.995768
10143.779   0.995687
10143.798   0.995651
10143.817   0.995798
10143.836   0.996213
10143.855   0.996938
10143.874   0.997826
10143.893   0.998592
10143.912   0.998891
10143.930   0.998468
10143.949   0.997361
10143.968   0.995852
10143.987   0.994422
10144.006   0.993471
10144.025   0.993223
10144.044   0.993652
10144.063   0.994556
10144.082   0.995695
10144.100   0.996843
10144.119   0.997826
10144.138   0.998513
10144.157   0.998846
10144.176   0.998837
10144.195   0.998567
10144.214   0.998149
10144.233   0.997664
10144.251   0.997146
10144.270   0.996571
10144.289   0.995927
10144.308   0.995225
10144.327   0.994548
10144.346   0.994002
10144.365   0.993719
10144.384   0.993784
10144.402   0.994201
10144.421   0.994890
10144.440   0.995681
10144.459   0.996382
10144.478   0.996776
10144.497   0.996705
10144.516   0.996055
10144.535   0.994825
10144.554   0.993127
10144.572   0.991184
10144.591   0.989267
10144.610   0.987611
10144.629   0.986357
10144.648   0.985556
10144.667   0.985199
10144.686   0.985282
10144.705   0.985787
10144.723   0.986631
10144.742   0.987642
10144.761   0.988566
10144.780   0.989169
10144.799   0.989299
10144.818   0.988985
10144.837   0.988359
10144.856   0.987592
10144.875   0.986769
10144.893   0.985852
10144.912   0.984681
10144.931   0.983066
10144.950   0.980906
10144.969   0.978239
10144.988   0.975253
10145.007   0.972237
10145.026   0.969548
10145.044   0.967532
10145.063   0.966525
10145.082   0.966765
10145.101   0.968326
10145.120   0.971025
10145.139   0.974419
10145.158   0.977929
10145.177   0.981022
10145.196   0.983386
10145.214   0.984971
10145.233   0.985935
10145.252   0.986510
10145.271   0.986900
10145.290   0.987260
10145.309   0.987690
10145.328   0.988229
10145.347   0.988842
10145.365   0.989390
10145.384   0.989715
10145.403   0.989716
10145.422   0.989460
10145.441   0.989127
10145.460   0.988969
10145.479   0.989150
10145.498   0.989679
10145.516   0.990429
10145.535   0.991204
10145.554   0.991852
10145.573   0.992254
10145.592   0.992380
10145.611   0.992187
10145.630   0.991706
10145.649   0.991001
10145.668   0.990256
10145.686   0.989666
10145.705   0.989407
10145.724   0.989501
10145.743   0.989834
10145.762   0.990238
10145.781   0.990594
10145.800   0.990877
10145.819   0.991145
10145.837   0.991459
10145.856   0.991821
10145.875   0.992156
10145.894   0.992323
10145.913   0.992218
10145.932   0.991815
10145.951   0.991273
10145.970   0.990806
10145.989   0.990615
10146.007   0.990745
10146.026   0.991074
10146.045   0.991461
10146.064   0.991843
10146.083   0.992309
10146.102   0.992940
10146.121   0.993663
10146.140   0.994242
10146.158   0.994385
10146.177   0.994002
10146.196   0.993276
10146.215   0.992633
10146.234   0.992467
10146.253   0.992942
10146.272   0.993895
10146.291   0.994970
10146.310   0.995739
10146.328   0.995932
10146.347   0.995488
10146.366   0.994565
10146.385   0.993448
10146.404   0.992435
10146.423   0.991752
10146.442   0.991443
10146.461   0.991432
10146.479   0.991534
10146.498   0.991609
10146.517   0.991595
10146.536   0.991543
10146.555   0.991553
10146.574   0.991687
10146.593   0.991933
10146.612   0.992185
10146.630   0.992382
10146.649   0.992536
10146.668   0.992804
10146.687   0.993363
10146.706   0.994270
10146.725   0.995351
10146.744   0.996171
10146.763   0.996320
10146.782   0.995552
10146.800   0.994109
10146.819   0.992474
10146.838   0.991243
10146.857   0.990738
10146.876   0.990953
10146.895   0.991603
10146.914   0.992339
10146.933   0.992935
10146.951   0.993309
10146.970   0.993500
10146.989   0.993540
10147.008   0.993431
10147.027   0.993155
10147.046   0.992747
10147.065   0.992333
10147.084   0.992066
10147.103   0.992048
10147.121   0.992228
10147.140   0.992429
10147.159   0.992447
10147.178   0.992170
10147.197   0.991650
10147.216   0.991038
10147.235   0.990518
10147.254   0.990170
10147.272   0.989988
10147.291   0.989894
10147.310   0.989828
10147.329   0.989799
10147.348   0.989845
10147.367   0.990057
10147.386   0.990451
10147.405   0.991028
10147.423   0.991695
10147.442   0.992386
10147.461   0.993001
10147.480   0.993498
10147.499   0.993851
10147.518   0.994088
10147.537   0.994245
10147.556   0.994346
10147.575   0.994395
10147.593   0.994324
10147.612   0.994045
10147.631   0.993488
10147.650   0.992691
10147.669   0.991804
10147.688   0.991054
10147.707   0.990609
10147.726   0.990518
10147.744   0.990644
10147.763   0.990815
10147.782   0.990872
10147.801   0.990822
10147.820   0.990754
10147.839   0.990743
10147.858   0.990728
10147.877   0.990541
10147.896   0.990036
10147.914   0.989298
10147.933   0.988645
10147.952   0.988478
10147.971   0.988947
10147.990   0.989847
10148.009   0.990721
10148.028   0.991159
10148.047   0.991141
10148.065   0.990952
10148.084   0.991024
10148.103   0.991543
10148.122   0.992377
10148.141   0.993176
10148.160   0.993584
10148.179   0.993511
10148.198   0.993068
10148.217   0.992525
10148.235   0.992038
10148.254   0.991664
10148.273   0.991340
10148.292   0.991042
10148.311   0.990814
10148.330   0.990765
10148.349   0.990942
10148.368   0.991280
10148.386   0.991651
10148.405   0.991876
10148.424   0.991866
10148.443   0.991599
10148.462   0.991172
10148.481   0.990726
10148.500   0.990431
10148.519   0.990415
10148.537   0.990690
10148.556   0.991156
10148.575   0.991612
10148.594   0.991882
10148.613   0.991915
10148.632   0.991790
10148.651   0.991685
10148.670   0.991712
10148.689   0.991890
10148.707   0.992055
10148.726   0.992064
10148.745   0.991833
10148.764   0.991497
10148.783   0.991255
10148.802   0.991324
10148.821   0.991747
10148.840   0.992429
10148.858   0.993194
10148.877   0.993842
10148.896   0.994242
10148.915   0.994267
10148.934   0.993898
10148.953   0.993178
10148.972   0.992360
10148.991   0.991789
10149.010   0.991823
10149.028   0.992604
10149.047   0.993984
10149.066   0.995518
10149.085   0.996726
10149.104   0.997318
10149.123   0.997331
10149.142   0.997051
10149.161   0.996828
10149.179   0.996864
10149.198   0.997142
10149.217   0.997491
10149.236   0.997732
10149.255   0.997800
10149.274   0.997709
10149.293   0.997523
10149.312   0.997284
10149.330   0.997008
10149.349   0.996769
10149.368   0.996635
10149.387   0.996686
10149.406   0.996852
10149.425   0.996947
10149.444   0.996782
10149.463   0.996251
10149.482   0.995518
10149.500   0.994807
10149.519   0.994421
10149.538   0.994388
10149.557   0.994568
10149.576   0.994649
10149.595   0.994404
10149.614   0.993835
10149.633   0.993109
10149.651   0.992563
10149.670   0.992329
10149.689   0.992433
10149.708   0.992645
10149.727   0.992755
10149.746   0.992635
10149.765   0.992315
10149.784   0.991988
10149.803   0.991809
10149.821   0.991921
10149.840   0.992276
10149.859   0.992706
10149.878   0.992910
10149.897   0.992579
10149.916   0.991592
10149.935   0.990090
10149.954   0.988478
10149.972   0.987192
10149.991   0.986535
10150.010   0.986526
10150.029   0.986947
10150.048   0.987514
10150.067   0.988024
10150.086   0.988440
10150.105   0.988838
10150.124   0.989289
10150.142   0.989786
10150.161   0.990218
10150.180   0.990495
10150.199   0.990629
10150.218   0.990755
10150.237   0.991003
10150.256   0.991374
10150.275   0.991711
10150.293   0.991823
10150.312   0.991619
10150.331   0.991261
10150.350   0.990989
10150.369   0.991024
10150.388   0.991364
10150.407   0.991845
10150.426   0.992257
10150.444   0.992476
10150.463   0.992594
10150.482   0.992765
10150.501   0.993159
10150.520   0.993713
10150.539   0.994244
10150.558   0.994476
10150.577   0.994280
10150.596   0.993727
10150.614   0.993070
10150.633   0.992612
10150.652   0.992477
10150.671   0.992635
10150.690   0.992821
10150.709   0.992810
10150.728   0.992444
10150.747   0.991815
10150.765   0.991131
10150.784   0.990665
10150.803   0.990636
10150.822   0.991158
10150.841   0.992240
10150.860   0.993744
10150.879   0.995404
10150.898   0.996839
10150.917   0.997712
10150.935   0.997820
10150.954   0.997266
10150.973   0.996404
10150.992   0.995726
10151.011   0.995583
10151.030   0.996050
10151.049   0.996919
10151.068   0.997855
10151.086   0.998600
10151.105   0.999076
10151.124   0.999340
10151.143   0.999434
10151.162   0.999377
10151.181   0.999157
10151.200   0.998843
10151.219   0.998527
10151.238   0.998205
10151.256   0.997732
10151.275   0.996867
10151.294   0.995549
10151.313   0.993986
10151.332   0.992610
10151.351   0.991870
10151.370   0.991878
10151.389   0.992448
10151.407   0.993106
10151.426   0.993496
10151.445   0.993473
10151.464   0.993224
10151.483   0.993060
10151.502   0.993162
10151.521   0.993501
10151.540   0.993783
10151.558   0.993741
10151.577   0.993221
10151.596   0.992357
10151.615   0.991432
10151.634   0.990717
10151.653   0.990377
10151.672   0.990388
10151.691   0.990705
10151.710   0.991243
10151.728   0.991970
10151.747   0.992822
10151.766   0.993695
10151.785   0.994464
10151.804   0.994992
10151.823   0.995217
10151.842   0.995104
10151.861   0.994724
10151.879   0.994151
10151.898   0.993525
10151.917   0.992941
10151.936   0.992512
10151.955   0.992332
10151.974   0.992480
10151.993   0.993012
10152.012   0.993854
10152.031   0.994809
10152.049   0.995539
10152.068   0.995737
10152.087   0.995275
10152.106   0.994343
10152.125   0.993391
10152.144   0.992911
10152.163   0.993190
10152.182   0.994080
10152.200   0.995156
10152.219   0.995823
10152.238   0.995801
10152.257   0.995122
10152.276   0.994235
10152.295   0.993637
10152.314   0.993624
10152.333   0.994154
10152.351   0.994819
10152.370   0.995227
10152.389   0.995062
10152.408   0.994413
10152.427   0.993564
10152.446   0.992973
10152.465   0.992969
10152.484   0.993628
10152.503   0.994769
10152.521   0.995970
10152.540   0.996856
10152.559   0.997146
10152.578   0.996847
10152.597   0.996085
10152.616   0.995068
10152.635   0.993992
10152.654   0.993030
10152.672   0.992401
10152.691   0.992282
10152.710   0.992740
10152.729   0.993573
10152.748   0.994351
10152.767   0.994577
10152.786   0.993939
10152.805   0.992481
10152.824   0.990610
10152.842   0.988834
10152.861   0.987466
10152.880   0.986441
10152.899   0.985295
10152.918   0.983433
10152.937   0.980285
10152.956   0.975632
10152.975   0.969598
10152.993   0.962688
10153.012   0.955608
10153.031   0.949156
10153.050   0.944030
10153.069   0.940719
10153.088   0.939533
10153.107   0.940568
10153.126   0.943728
10153.145   0.948582
10153.163   0.954484
10153.182   0.960588
10153.201   0.966262
10153.220   0.971208
10153.239   0.975568
10153.258   0.979624
10153.277   0.983510
10153.296   0.987048
10153.314   0.989835
10153.333   0.991629
10153.352   0.992520
10153.371   0.992943
10153.390   0.993363
10153.409   0.993958
10153.428   0.994587
10153.447   0.994966
10153.465   0.995006
10153.484   0.994891
10153.503   0.994959
10153.522   0.995424
10153.541   0.996193
10153.560   0.996979
10153.579   0.997470
10153.598   0.997579
10153.617   0.997377
10153.635   0.997033
10153.654   0.996630
10153.673   0.996209
10153.692   0.995785
10153.711   0.995435
10153.730   0.995223
10153.749   0.995131
10153.768   0.995049
10153.786   0.994844
10153.805   0.994507
10153.824   0.994156
10153.843   0.994009
10153.862   0.994141
10153.881   0.994477
10153.900   0.994725
10153.919   0.994593
10153.938   0.993903
10153.956   0.992768
10153.975   0.991542
10153.994   0.990715
10154.013   0.990612
10154.032   0.991259
10154.051   0.992310
10154.070   0.993275
10154.089   0.993727
10154.107   0.993477
10154.126   0.992660
10154.145   0.991595
10154.164   0.990717
10154.183   0.990370
10154.202   0.990779
10154.221   0.991927
10154.240   0.993566
10154.259   0.995292
10154.277   0.996666
10154.296   0.997389
10154.315   0.997359
10154.334   0.996695
10154.353   0.995577
10154.372   0.994263
10154.391   0.992993
10154.410   0.992029
10154.428   0.991585
10154.447   0.991731
10154.466   0.992314
10154.485   0.992966
10154.504   0.993346
10154.523   0.993279
10154.542   0.992908
10154.561   0.992521
10154.579   0.992335
10154.598   0.992366
10154.617   0.992406
10154.636   0.992275
10154.655   0.991905
10154.674   0.991464
10154.693   0.991163
10154.712   0.991147
10154.731   0.991399
10154.749   0.991795
10154.768   0.992276
10154.787   0.992848
10154.806   0.993588
10154.825   0.994436
10154.844   0.995193
10154.863   0.995620
10154.882   0.995641
10154.900   0.995464
10154.919   0.995414
10154.938   0.995729
10154.957   0.996359
10154.976   0.997020
10154.995   0.997461
10155.014   0.997551
10155.033   0.997368
10155.052   0.996977
10155.070   0.996375
10155.089   0.995494
10155.108   0.994325
10155.127   0.993109
10155.146   0.992206
10155.165   0.992019
10155.184   0.992642
10155.203   0.993883
10155.221   0.995252
10155.240   0.996250
10155.259   0.996595
10155.278   0.996297
10155.297   0.995655
10155.316   0.994996
10155.335   0.994610
10155.354   0.994551
10155.372   0.994775
10155.391   0.995136
10155.410   0.995532
10155.429   0.995900
10155.448   0.996181
10155.467   0.996311
10155.486   0.996167
10155.505   0.995650
10155.524   0.994747
10155.542   0.993603
10155.561   0.992490
10155.580   0.991719
10155.599   0.991499
10155.618   0.991856
10155.637   0.992612
10155.656   0.993505
10155.675   0.994284
10155.693   0.994790
10155.712   0.994959
10155.731   0.994800
10155.750   0.994392
10155.769   0.993855
10155.788   0.993371
10155.807   0.993045
10155.826   0.992976
10155.845   0.993094
10155.863   0.993339
10155.882   0.993568
10155.901   0.993728
10155.920   0.993794
10155.939   0.993825
10155.958   0.993951
10155.977   0.994268
10155.996   0.994807
10156.014   0.995432
10156.033   0.995931
10156.052   0.996126
10156.071   0.995992
10156.090   0.995695
10156.109   0.995469
10156.128   0.995483
10156.147   0.995705
10156.166   0.995960
10156.184   0.996058
10156.203   0.995865
10156.222   0.995391
10156.241   0.994702
10156.260   0.993950
10156.279   0.993242
10156.298   0.992704
10156.317   0.992405
10156.335   0.992377
10156.354   0.992597
10156.373   0.992959
10156.392   0.993344
10156.411   0.993602
10156.430   0.993685
10156.449   0.993622
10156.468   0.993558
10156.486   0.993585
10156.505   0.993733
10156.524   0.993856
10156.543   0.993814
10156.562   0.993483
10156.581   0.992943
10156.600   0.992395
10156.619   0.992102
10156.638   0.992229
10156.656   0.992709
10156.675   0.993313
10156.694   0.993676
10156.713   0.993596
10156.732   0.993076
10156.751   0.992409
10156.770   0.991977
10156.789   0.992013
10156.807   0.992503
10156.826   0.993135
10156.845   0.993613
10156.864   0.993793
10156.883   0.993800
10156.902   0.993899
10156.921   0.994224
10156.940   0.994719
10156.959   0.995087
10156.977   0.995098
10156.996   0.994684
10157.015   0.994057
10157.034   0.993468
10157.053   0.993051
10157.072   0.992741
10157.091   0.992369
10157.110   0.991885
10157.128   0.991361
10157.147   0.990995
10157.166   0.990886
10157.185   0.991023
10157.204   0.991281
10157.223   0.991534
10157.242   0.991717
10157.261   0.991777
10157.280   0.991725
10157.298   0.991554
10157.317   0.991347
10157.336   0.991230
10157.355   0.991311
10157.374   0.991620
10157.393   0.991998
10157.412   0.992260
10157.431   0.992224
10157.449   0.991924
10157.468   0.991565
10157.487   0.991435
10157.506   0.991724
10157.525   0.992369
10157.544   0.993127
10157.563   0.993641
10157.582   0.993701
10157.600   0.993293
10157.619   0.992649
10157.638   0.992074
10157.657   0.991823
10157.676   0.992010
10157.695   0.992560
10157.714   0.993282
10157.733   0.993926
10157.752   0.994308
10157.770   0.994340
10157.789   0.994061
10157.808   0.993602
10157.827   0.993080
10157.846   0.992558
10157.865   0.992032
10157.884   0.991532
10157.903   0.991118
10157.921   0.990921
10157.940   0.990967
10157.959   0.991194
10157.978   0.991379
10157.997   0.991354
10158.016   0.991117
10158.035   0.990806
10158.054   0.990664
10158.073   0.990742
10158.091   0.990940
10158.110   0.991004
10158.129   0.990746
10158.148   0.990216
10158.167   0.989627
10158.186   0.989282
10158.205   0.989267
10158.224   0.989437
10158.242   0.989537
10158.261   0.989459
10158.280   0.989397
10158.299   0.989759
10158.318   0.990814
10158.337   0.992414
10158.356   0.993975
10158.375   0.994759
10158.393   0.994391
10158.412   0.993053
10158.431   0.991481
10158.450   0.990430
10158.469   0.990365
10158.488   0.991178
10158.507   0.992405
10158.526   0.993517
10158.545   0.994206
10158.563   0.994495
10158.582   0.994505
10158.601   0.994349
10158.620   0.993982
10158.639   0.993345
10158.658   0.992503
10158.677   0.991656
10158.696   0.991149
10158.714   0.991191
10158.733   0.991848
10158.752   0.992938
10158.771   0.994172
10158.790   0.995256
10158.809   0.995954
10158.828   0.996207
10158.847   0.995981
10158.866   0.995411
10158.884   0.994592
10158.903   0.993712
10158.922   0.992841
10158.941   0.992020
10158.960   0.991246
10158.979   0.990564
10158.998   0.990159
10159.017   0.990222
10159.035   0.990863
10159.054   0.991906
10159.073   0.992996
10159.092   0.993714
10159.111   0.993854
10159.130   0.993462
10159.149   0.992800
10159.168   0.992152
10159.187   0.991705
10159.205   0.991451
10159.224   0.991266
10159.243   0.991000
10159.262   0.990642
10159.281   0.990398
10159.300   0.990564
10159.319   0.991373
10159.338   0.992635
10159.356   0.993854
10159.375   0.994345
10159.394   0.993829
10159.413   0.992594
10159.432   0.991383
10159.451   0.990909
10159.470   0.991276
10159.489   0.992056
10159.507   0.992507
10159.526   0.992278
10159.545   0.991525
10159.564   0.990794
10159.583   0.990526
10159.602   0.990779
10159.621   0.991287
10159.640   0.991737
10159.659   0.992005
10159.677   0.992148
10159.696   0.992277
10159.715   0.992477
10159.734   0.992854
10159.753   0.993537
10159.772   0.994659
10159.791   0.996034
10159.810   0.997230
10159.828   0.997587
10159.847   0.996762
10159.866   0.994904
10159.885   0.992715
10159.904   0.991071
10159.923   0.990523
10159.942   0.991103
10159.961   0.992325
10159.980   0.993549
10159.998   0.994248
10160.017   0.994274
10160.036   0.993714
10160.055   0.992896
10160.074   0.992068
10160.093   0.991455
10160.112   0.991081
10160.131   0.990872
10160.149   0.990648
10160.168   0.990213
10160.187   0.989537
10160.206   0.988739
10160.225   0.988145
10160.244   0.988000
10160.263   0.988421
10160.282   0.989253
10160.300   0.990179
10160.319   0.990851
10160.338   0.990983
10160.357   0.990520
10160.376   0.989621
10160.395   0.988589
10160.414   0.987697
10160.433   0.987020
10160.452   0.986430
10160.470   0.985697
10160.489   0.984751
10160.508   0.983810
10160.527   0.983310
10160.546   0.983666
10160.565   0.984914
10160.584   0.986670
10160.603   0.988210
10160.621   0.988920
10160.640   0.988583
10160.659   0.987433
10160.678   0.985987
10160.697   0.984684
10160.716   0.983811
10160.735   0.983372
10160.754   0.983340
10160.773   0.983608
10160.791   0.984139
10160.810   0.984809
10160.829   0.985449
10160.848   0.985842
10160.867   0.985775
10160.886   0.985209
10160.905   0.984261
10160.924   0.983322
10160.942   0.982834
10160.961   0.983149
10160.980   0.984321
10160.999   0.986040
10161.018   0.987826
10161.037   0.989194
10161.056   0.989934
10161.075   0.990066
10161.094   0.989844
10161.112   0.989510
10161.131   0.989230
10161.150   0.989046
10161.169   0.988887
10161.188   0.988796
10161.207   0.988826
10161.226   0.989139
10161.245   0.989809
10161.263   0.990740
10161.282   0.991789
10161.301   0.992694
10161.320   0.993418
10161.339   0.993952
10161.358   0.994384
10161.377   0.994820
10161.396   0.995156
10161.414   0.995325
10161.433   0.995097
10161.452   0.994530
10161.471   0.993799
10161.490   0.993284
10161.509   0.993281
10161.528   0.993752
10161.547   0.994261
10161.566   0.994109
10161.584   0.992896
10161.603   0.990752
10161.622   0.988556
10161.641   0.987282
10161.660   0.987592
10161.679   0.989298
10161.698   0.991608
10161.717   0.993643
10161.735   0.994758
10161.754   0.994900
10161.773   0.994295
10161.792   0.993385
10161.811   0.992577
10161.830   0.992145
10161.849   0.992181
10161.868   0.992508
10161.887   0.992836
10161.905   0.992844
10161.924   0.992380
10161.943   0.991557
10161.962   0.990680
10161.981   0.990125
10162.000   0.990089
10162.019   0.990539
10162.038   0.991218
10162.056   0.991810
10162.075   0.992119
10162.094   0.992068
10162.113   0.991683
10162.132   0.991035
10162.151   0.990252
10162.170   0.989634
10162.189   0.989550
10162.208   0.990331
10162.226   0.991945
10162.245   0.993977
10162.264   0.995750
10162.283   0.996664
10162.302   0.996500
10162.321   0.995472
10162.340   0.994080
10162.359   0.992841
10162.377   0.992094
10162.396   0.991920
10162.415   0.992201
10162.434   0.992668
10162.453   0.993051
10162.472   0.993149
10162.491   0.992888
10162.510   0.992355
10162.528   0.991712
10162.547   0.991162
10162.566   0.990817
10162.585   0.990661
10162.604   0.990625
10162.623   0.990593
10162.642   0.990541
10162.661   0.990477
10162.680   0.990464
10162.698   0.990589
10162.717   0.990878
10162.736   0.991288
10162.755   0.991623
10162.774   0.991640
10162.793   0.991194
10162.812   0.990377
10162.831   0.989496
10162.849   0.988911
10162.868   0.988820
10162.887   0.989170
10162.906   0.989704
10162.925   0.990116
10162.944   0.990218
10162.963   0.990048
10162.982   0.989766
10163.001   0.989653
10163.019   0.989807
10163.038   0.990242
10163.057   0.990770
10163.076   0.991273
10163.095   0.991676
10163.114   0.992032
10163.133   0.992468
10163.152   0.993029
10163.170   0.993749
10163.189   0.994409
10163.208   0.994779
10163.227   0.994580
10163.246   0.993808
10163.265   0.992757
10163.284   0.991839
10163.303   0.991434
10163.321   0.991523
10163.340   0.991876
10163.359   0.992184
10163.378   0.992349
10163.397   0.992561
10163.416   0.992959
10163.435   0.993561
10163.454   0.993971
10163.473   0.993795
10163.491   0.992814
10163.510   0.991301
10163.529   0.989916
10163.548   0.989311
10163.567   0.989851
10163.586   0.991246
10163.605   0.992873
10163.624   0.994033
10163.642   0.994454
10163.661   0.994287
10163.680   0.993892
10163.699   0.993545
10163.718   0.993259
10163.737   0.992963
10163.756   0.992664
10163.775   0.992518
10163.794   0.992743
10163.812   0.993306
10163.831   0.993958
10163.850   0.994267
10163.869   0.993930
10163.888   0.993002
10163.907   0.991948
10163.926   0.991459
10163.945   0.991988
10163.963   0.993475
10163.982   0.995255
10164.001   0.996417
10164.020   0.996291
10164.039   0.994876
10164.058   0.992861
10164.077   0.991260
10164.096   0.990843
10164.115   0.991794
10164.133   0.993548
10164.152   0.995279
10164.171   0.996268
10164.190   0.996392
10164.209   0.995970
10164.228   0.995528
10164.247   0.995340
10164.266   0.995292
10164.284   0.995057
10164.303   0.994412
10164.322   0.993430
10164.341   0.992412
10164.360   0.991724
10164.379   0.991510
10164.398   0.991728
10164.417   0.992136
10164.435   0.992507
10164.454   0.992762
10164.473   0.992906
10164.492   0.993114
10164.511   0.993365
10164.530   0.993529
10164.549   0.993311
10164.568   0.992508
10164.587   0.991323
10164.605   0.990169
10164.624   0.989551
10164.643   0.989598
10164.662   0.990048
10164.681   0.990488
10164.700   0.990593
10164.719   0.990415
10164.738   0.990112
10164.756   0.989827
10164.775   0.989512
10164.794   0.989013
10164.813   0.988306
10164.832   0.987563
10164.851   0.987185
10164.870   0.987516
10164.889   0.988604
10164.908   0.990143
10164.926   0.991536
10164.945   0.992311
10164.964   0.992250
10164.983   0.991589
10165.002   0.990757
10165.021   0.990192
10165.040   0.990098
10165.059   0.990445
10165.077   0.991027
10165.096   0.991554
10165.115   0.991772
10165.134   0.991488
10165.153   0.990679
10165.172   0.989544
10165.191   0.988468
10165.210   0.987913
10165.229   0.988101
10165.247   0.988902
10165.266   0.989785
10165.285   0.990169
10165.304   0.989751
10165.323   0.988618
10165.342   0.987117
10165.361   0.985470
10165.380   0.983690
10165.398   0.981617
10165.417   0.979226
10165.436   0.976694
10165.455   0.974317
10165.474   0.972291
10165.493   0.970639
10165.512   0.969347
10165.531   0.968549
10165.549   0.968544
10165.568   0.969595
10165.587   0.971622
10165.606   0.974160
10165.625   0.976592
10165.644   0.978515
10165.663   0.980066
10165.682   0.981661
10165.701   0.983694
10165.719   0.986034
10165.738   0.988224
10165.757   0.989700
10165.776   0.990280
10165.795   0.990219
10165.814   0.989957
10165.833   0.989817
10165.852   0.989687
10165.870   0.989328
10165.889   0.988548
10165.908   0.987637
10165.927   0.987127
10165.946   0.987519
10165.965   0.988849
10165.984   0.990646
10166.003   0.992280
10166.022   0.993359
10166.040   0.993918
10166.059   0.994291
10166.078   0.994720
10166.097   0.995281
10166.116   0.995769
10166.135   0.996031
10166.154   0.995971
10166.173   0.995612
10166.191   0.995019
10166.210   0.994150
10166.229   0.993008
10166.248   0.991657
10166.267   0.990447
10166.286   0.989837
10166.305   0.990166
10166.324   0.991391
10166.342   0.992994
10166.361   0.994241
10166.380   0.994667
10166.399   0.994281
10166.418   0.993553
10166.437   0.993000
10166.456   0.992827
10166.475   0.992885
10166.494   0.992784
10166.512   0.992394
10166.531   0.991910
10166.550   0.991772
10166.569   0.992301
10166.588   0.993352
10166.607   0.994404
10166.626   0.994870
10166.645   0.994526
10166.663   0.993595
10166.682   0.992479
10166.701   0.991382
10166.720   0.990233
10166.739   0.988879
10166.758   0.987411
10166.777   0.986220
10166.796   0.985586
10166.815   0.985422
10166.833   0.985123
10166.852   0.984127
10166.871   0.982314
10166.890   0.980267
10166.909   0.978916
10166.928   0.978944
10166.947   0.980453
10166.966   0.982874
10166.984   0.985468
10167.003   0.987577
10167.022   0.989054
10167.041   0.990083
10167.060   0.991049
10167.079   0.992219
10167.098   0.993571
10167.117   0.994921
10167.136   0.996016
10167.154   0.996810
10167.173   0.997384
10167.192   0.997965
10167.211   0.998607
10167.230   0.999267
10167.249   0.999747
10167.268   0.999855
10167.287   0.999575
10167.305   0.998944
10167.324   0.998224
10167.343   0.997595
10167.362   0.997186
10167.381   0.996922
10167.400   0.996509
10167.419   0.995740
10167.438   0.994575
10167.456   0.993391
10167.475   0.992693
10167.494   0.992866
10167.513   0.993834
10167.532   0.995013
10167.551   0.995663
10167.570   0.995205
10167.589   0.993683
10167.608   0.991633
10167.626   0.989884
10167.645   0.989093
10167.664   0.989416
10167.683   0.990494
10167.702   0.991697
10167.721   0.992505
10167.740   0.992763
10167.759   0.992720
10167.777   0.992763
10167.796   0.993201
10167.815   0.993976
10167.834   0.994842
10167.853   0.995497
10167.872   0.995769
10167.891   0.995701
10167.910   0.995340
10167.929   0.994786
10167.947   0.994099
10167.966   0.993427
10167.985   0.993093
10168.004   0.993424
10168.023   0.994625
10168.042   0.996462
10168.061   0.998343
10168.080   0.999517
10168.098   0.999463
10168.117   0.998202
10168.136   0.996309
10168.155   0.994662
10168.174   0.993907
10168.193   0.994239
10168.212   0.995207
10168.231   0.996177
10168.249   0.996608
10168.268   0.996431
10168.287   0.995946
10168.306   0.995502
10168.325   0.995333
10168.344   0.995307
10168.363   0.995301
10168.382   0.995177
10168.401   0.995086
10168.419   0.995212
10168.438   0.995661
10168.457   0.996297
10168.476   0.996720
10168.495   0.996576
10168.514   0.995781
10168.533   0.994721
10168.552   0.994022
10168.570   0.994110
10168.589   0.994951
10168.608   0.996023
10168.627   0.996720
10168.646   0.996744
10168.665   0.996200
10168.684   0.995430
10168.703   0.994668
10168.722   0.994072
10168.740   0.993647
10168.759   0.993458
10168.778   0.993456
10168.797   0.993558
10168.816   0.993546
10168.835   0.993293
10168.854   0.992784
10168.873   0.992125
10168.891   0.991505
10168.910   0.991017
10168.929   0.990701
10168.948   0.990466
10168.967   0.990139
10168.986   0.989603
10169.005   0.988856
10169.024   0.988226
10169.043   0.988120
10169.061   0.988730
10169.080   0.989842
10169.099   0.990806
10169.118   0.991135
10169.137   0.990696
10169.156   0.989849
10169.175   0.989066
10169.194   0.988520
10169.212   0.988159
