9615.363 9615.708
9617.761 9618.658
9619.745 9620.314
9620.832 9621.608
9622.247 9623.023
9624.300 9624.714
9625.111 9625.473
9625.525 9626.715
9627.958 9628.303
9628.475 9628.855
9635.618 9637.965
9638.344 9638.534
9639.949 9640.915
9642.934 9643.279
9644.676 9645.936
9646.160 9646.764
9648.472 9648.852
9649.369 9649.611
9651.785 9652.095
9652.613 9653.062
9654.425 9654.873
9656.081 9656.322
9657.099 9657.582
9659.514 9659.928
9660.636 9661.136
9661.930 9662.689
9663.103 9663.414
9664.380 9664.932
9666.864 9667.468
