9618.000 9618.345
9620.399 9621.296
9622.384 9622.953
9623.471 9624.247
9624.886 9625.663
9626.940 9627.354
9627.751 9628.113
9628.165 9629.356
9630.599 9630.944
9631.116 9631.496
9638.261 9640.608
9640.988 9641.178
9642.593 9643.559
9645.579 9645.924
9647.322 9648.582
9648.806 9649.410
9651.119 9651.498
9652.016 9652.258
9654.432 9654.743
9655.261 9655.709
9657.073 9657.521
9658.729 9658.971
9659.748 9660.231
9662.164 9662.578
9663.286 9663.786
9664.580 9665.339
9665.754 9666.064
9667.031 9667.583
9669.516 9670.120
