10994.000
10994.022
10994.045
10994.067
10994.090
10994.112
10994.135
10994.157
10994.180
10994.202
10994.225
10994.247
10994.270
10994.292
10994.315
10994.337
10994.359
10994.382
10994.404
10994.427
10994.449
10994.472
10994.494
10994.517
10994.539
10994.562
10994.584
10994.607
10994.629
10994.652
10994.674
10994.697
10994.719
10994.741
10994.764
10994.786
10994.809
10994.831
10994.854
10994.876
10994.899
10994.921
10994.944
10994.966
10994.989
10995.011
10995.034
10995.056
10995.078
10995.101
10995.123
10995.146
10995.168
10995.191
10995.213
10995.236
10995.258
10995.281
10995.303
10995.326
10995.348
10995.371
10995.393
10995.415
10995.438
10995.460
10995.483
10995.505
10995.528
10995.550
10995.573
10995.595
10995.618
10995.640
10995.663
10995.685
10995.708
10995.730
10995.753
10995.775
10995.797
10995.820
10995.842
10995.865
10995.887
10995.910
10995.932
10995.955
10995.977
10996.000
10996.022
10996.045
10996.067
10996.090
10996.112
10996.134
10996.157
10996.179
10996.202
10996.224
10996.247
10996.269
10996.292
10996.314
10996.337
10996.359
10996.382
10996.404
10996.427
10996.449
10996.472
10996.494
10996.516
10996.539
10996.561
10996.584
10996.606
10996.629
10996.651
10996.674
10996.696
10996.719
10996.741
10996.764
10996.786
10996.809
10996.831
10996.853
10996.876
10996.898
10996.921
10996.943
10996.966
10996.988
10997.011
10997.033
10997.056
10997.078
10997.101
10997.123
10997.146
10997.168
10997.190
10997.213
10997.235
10997.258
10997.280
10997.303
10997.325
10997.348
10997.370
10997.393
10997.415
10997.438
10997.460
10997.483
10997.505
10997.528
10997.550
10997.572
10997.595
10997.617
10997.640
10997.662
10997.685
10997.707
10997.730
10997.752
10997.775
10997.797
10997.820
10997.842
10997.865
10997.887
10997.909
10997.932
10997.954
10997.977
10997.999
10998.022
10998.044
10998.067
10998.089
10998.112
10998.134
10998.157
10998.179
10998.202
10998.224
10998.246
10998.269
10998.291
10998.314
10998.336
10998.359
10998.381
10998.404
10998.426
10998.449
10998.471
10998.494
10998.516
10998.539
10998.561
10998.584
10998.606
10998.628
10998.651
10998.673
10998.696
10998.718
10998.741
10998.763
10998.786
10998.808
10998.831
10998.853
10998.876
10998.898
10998.921
10998.943
10998.965
10998.988
10999.010
10999.033
10999.055
10999.078
10999.100
10999.123
10999.145
10999.168
10999.190
10999.213
10999.235
10999.258
10999.280
10999.303
10999.325
10999.347
10999.370
10999.392
10999.415
10999.437
10999.460
10999.482
10999.505
10999.527
10999.550
10999.572
10999.595
10999.617
10999.640
10999.662
10999.684
10999.707
10999.729
10999.752
10999.774
10999.797
10999.819
10999.842
10999.864
10999.887
10999.909
10999.932
10999.954
10999.977
10999.999
11000.021
11000.044
11000.066
11000.089
11000.111
11000.134
11000.156
11000.179
11000.201
11000.224
11000.246
11000.269
11000.291
11000.314
11000.336
11000.359
11000.381
11000.403
11000.426
11000.448
11000.471
11000.493
11000.516
11000.538
11000.561
11000.583
11000.606
11000.628
11000.651
11000.673
11000.696
11000.718
11000.740
11000.763
11000.785
11000.808
11000.830
11000.853
11000.875
11000.898
11000.920
11000.943
11000.965
11000.988
11001.010
11001.033
11001.055
11001.077
11001.100
11001.122
11001.145
11001.167
11001.190
11001.212
11001.235
11001.257
11001.280
11001.302
11001.325
11001.347
11001.370
11001.392
11001.415
11001.437
11001.459
11001.482
11001.504
11001.527
11001.549
11001.572
11001.594
11001.617
11001.639
11001.662
11001.684
11001.707
11001.729
11001.752
11001.774
11001.796
11001.819
11001.841
11001.864
11001.886
11001.909
11001.931
11001.954
11001.976
11001.999
11002.021
11002.044
11002.066
11002.089
11002.111
11002.134
11002.156
11002.178
11002.201
11002.223
11002.246
11002.268
11002.291
11002.313
11002.336
11002.358
11002.381
11002.403
11002.426
11002.448
11002.471
11002.493
11002.515
11002.538
11002.560
11002.583
11002.605
11002.628
11002.650
11002.673
11002.695
11002.718
11002.740
11002.763
11002.785
11002.808
11002.830
11002.852
11002.875
11002.897
11002.920
11002.942
11002.965
11002.987
11003.010
11003.032
11003.055
11003.077
11003.100
11003.122
11003.145
11003.167
11003.190
11003.212
11003.234
11003.257
11003.279
11003.302
11003.324
11003.347
11003.369
11003.392
11003.414
11003.437
11003.459
11003.482
11003.504
11003.527
11003.549
11003.571
11003.594
11003.616
11003.639
11003.661
11003.684
11003.706
11003.729
11003.751
11003.774
11003.796
11003.819
11003.841
11003.864
11003.886
11003.908
11003.931
11003.953
11003.976
11003.998
11004.021
11004.043
11004.066
11004.088
11004.111
11004.133
11004.156
11004.178
11004.201
11004.223
11004.246
11004.268
11004.290
11004.313
11004.335
11004.358
11004.380
11004.403
11004.425
11004.448
11004.470
11004.493
11004.515
11004.538
11004.560
11004.583
11004.605
11004.627
11004.650
11004.672
11004.695
11004.717
11004.740
11004.762
11004.785
11004.807
11004.830
11004.852
11004.875
11004.897
11004.920
11004.942
11004.965
11004.987
11005.009
11005.032
11005.054
11005.077
11005.099
11005.122
11005.144
11005.167
11005.189
11005.212
11005.234
11005.257
11005.279
11005.302
11005.324
11005.346
11005.369
11005.391
11005.414
11005.436
11005.459
11005.481
11005.504
11005.526
11005.549
11005.571
11005.594
11005.616
11005.639
11005.661
11005.683
11005.706
11005.728
11005.751
11005.773
11005.796
11005.818
11005.841
11005.863
11005.886
11005.908
11005.931
11005.953
11005.976
11005.998
11006.021
11006.043
11006.065
11006.088
11006.110
11006.133
11006.155
11006.178
11006.200
11006.223
11006.245
11006.268
11006.290
11006.313
11006.335
11006.358
11006.380
11006.402
11006.425
11006.447
11006.470
11006.492
11006.515
11006.537
11006.560
11006.582
11006.605
11006.627
11006.650
11006.672
11006.695
11006.717
11006.739
11006.762
11006.784
11006.807
11006.829
11006.852
11006.874
11006.897
11006.919
11006.942
11006.964
11006.987
11007.009
11007.032
11007.054
11007.077
11007.099
11007.121
11007.144
11007.166
11007.189
11007.211
11007.234
11007.256
11007.279
11007.301
11007.324
11007.346
11007.369
11007.391
11007.414
11007.436
11007.458
11007.481
11007.503
11007.526
11007.548
11007.571
11007.593
11007.616
11007.638
11007.661
11007.683
11007.706
11007.728
11007.751
11007.773
11007.796
11007.818
11007.840
11007.863
11007.885
11007.908
11007.930
11007.953
11007.975
11007.998
11008.020
11008.043
11008.065
11008.088
11008.110
11008.133
11008.155
11008.177
11008.200
11008.222
11008.245
11008.267
11008.290
11008.312
11008.335
11008.357
11008.380
11008.402
11008.425
11008.447
11008.470
11008.492
11008.514
11008.537
11008.559
11008.582
11008.604
11008.627
11008.649
11008.672
11008.694
11008.717
11008.739
11008.762
11008.784
11008.807
11008.829
11008.852
11008.874
11008.896
11008.919
11008.941
11008.964
11008.986
11009.009
11009.031
11009.054
11009.076
11009.099
11009.121
11009.144
11009.166
11009.189
11009.211
11009.233
11009.256
11009.278
11009.301
11009.323
11009.346
11009.368
11009.391
11009.413
11009.436
11009.458
11009.481
11009.503
11009.526
11009.548
11009.570
11009.593
11009.615
11009.638
11009.660
11009.683
11009.705
11009.728
11009.750
11009.773
11009.795
11009.818
11009.840
11009.863
11009.885
11009.908
11009.930
11009.952
11009.975
11009.997
11010.020
11010.042
11010.065
11010.087
11010.110
11010.132
11010.155
11010.177
11010.200
11010.222
11010.245
11010.267
11010.289
11010.312
11010.334
11010.357
11010.379
11010.402
11010.424
11010.447
11010.469
11010.492
11010.514
11010.537
11010.559
11010.582
11010.604
11010.627
11010.649
11010.671
11010.694
11010.716
11010.739
11010.761
11010.784
11010.806
11010.829
11010.851
11010.874
11010.896
11010.919
11010.941
11010.964
11010.986
11011.008
11011.031
11011.053
11011.076
11011.098
11011.121
11011.143
11011.166
11011.188
11011.211
11011.233
11011.256
11011.278
11011.301
11011.323
11011.345
11011.368
11011.390
11011.413
11011.435
11011.458
11011.480
11011.503
11011.525
11011.548
11011.570
11011.593
11011.615
11011.638
11011.660
11011.683
11011.705
11011.727
11011.750
11011.772
11011.795
11011.817
11011.840
11011.862
11011.885
11011.907
11011.930
11011.952
11011.975
11011.997
11012.020
11012.042
11012.064
11012.087
11012.109
11012.132
11012.154
11012.177
11012.199
11012.222
11012.244
11012.267
11012.289
11012.312
11012.334
11012.357
11012.379
11012.401
11012.424
11012.446
11012.469
11012.491
11012.514
11012.536
11012.559
11012.581
11012.604
11012.626
11012.649
11012.671
11012.694
11012.716
11012.739
11012.761
11012.783
11012.806
11012.828
11012.851
11012.873
11012.896
11012.918
11012.941
11012.963
11012.986
11013.008
11013.031
11013.053
11013.076
11013.098
11013.120
11013.143
11013.165
11013.188
11013.210
11013.233
11013.255
11013.278
11013.300
11013.323
11013.345
11013.368
11013.390
11013.413
11013.435
11013.458
11013.480
11013.502
11013.525
11013.547
11013.570
11013.592
11013.615
11013.637
11013.660
11013.682
11013.705
11013.727
11013.750
11013.772
11013.795
11013.817
11013.839
11013.862
11013.884
11013.907
11013.929
11013.952
11013.974
11013.997
11014.019
11014.042
11014.064
11014.087
11014.109
11014.132
11014.154
11014.176
11014.199
11014.221
11014.244
11014.266
11014.289
11014.311
11014.334
11014.356
11014.379
11014.401
11014.424
11014.446
11014.469
11014.491
11014.514
11014.536
11014.558
11014.581
11014.603
11014.626
11014.648
11014.671
11014.693
11014.716
11014.738
11014.761
11014.783
11014.806
11014.828
11014.851
11014.873
11014.895
11014.918
11014.940
11014.963
11014.985
11015.008
11015.030
11015.053
11015.075
11015.098
11015.120
11015.143
11015.165
11015.188
11015.210
11015.232
11015.255
11015.277
11015.300
11015.322
11015.345
11015.367
11015.390
11015.412
11015.435
11015.457
11015.480
11015.502
11015.525
11015.547
11015.570
11015.592
11015.614
11015.637
11015.659
11015.682
11015.704
11015.727
11015.749
11015.772
11015.794
11015.817
11015.839
11015.862
11015.884
11015.907
11015.929
11015.951
11015.974
11015.996
11016.019
11016.041
11016.064
11016.086
11016.109
11016.131
11016.154
11016.176
11016.199
11016.221
11016.244
11016.266
11016.289
11016.311
11016.333
11016.356
11016.378
11016.401
11016.423
11016.446
11016.468
11016.491
11016.513
11016.536
11016.558
11016.581
11016.603
11016.626
11016.648
11016.670
11016.693
11016.715
11016.738
11016.760
11016.783
11016.805
11016.828
11016.850
11016.873
11016.895
11016.918
11016.940
11016.963
11016.985
11017.007
11017.030
11017.052
11017.075
11017.097
11017.120
11017.142
11017.165
11017.187
11017.210
11017.232
11017.255
11017.277
11017.300
11017.322
11017.345
11017.367
11017.389
11017.412
11017.434
11017.457
11017.479
11017.502
11017.524
11017.547
11017.569
11017.592
11017.614
11017.637
11017.659
11017.682
11017.704
11017.726
11017.749
11017.771
11017.794
11017.816
11017.839
11017.861
11017.884
11017.906
11017.929
11017.951
11017.974
11017.996
11018.019
11018.041
11018.063
11018.086
11018.108
11018.131
11018.153
11018.176
11018.198
11018.221
11018.243
11018.266
11018.288
11018.311
11018.333
11018.356
11018.378
11018.401
11018.423
11018.445
11018.468
11018.490
11018.513
11018.535
11018.558
11018.580
11018.603
11018.625
11018.648
11018.670
11018.693
11018.715
11018.738
11018.760
11018.782
11018.805
11018.827
11018.850
11018.872
11018.895
11018.917
11018.940
11018.962
11018.985
11019.007
11019.030
11019.052
11019.075
11019.097
11019.120
11019.142
11019.164
11019.187
11019.209
11019.232
11019.254
11019.277
11019.299
11019.322
11019.344
11019.367
11019.389
11019.412
11019.434
11019.457
11019.479
11019.501
11019.524
11019.546
11019.569
11019.591
11019.614
11019.636
11019.659
11019.681
11019.704
11019.726
11019.749
11019.771
11019.794
11019.816
11019.838
11019.861
11019.883
11019.906
11019.928
11019.951
11019.973
11019.996
11020.018
11020.041
11020.063
11020.086
11020.108
11020.131
11020.153
11020.176
11020.198
11020.220
11020.243
11020.265
11020.288
11020.310
11020.333
11020.355
11020.378
11020.400
11020.423
11020.445
11020.468
11020.490
11020.513
11020.535
11020.557
11020.580
11020.602
11020.625
11020.647
11020.670
11020.692
11020.715
11020.737
11020.760
11020.782
11020.805
11020.827
11020.850
11020.872
11020.894
11020.917
11020.939
11020.962
11020.984
11021.007
11021.029
11021.052
11021.074
11021.097
11021.119
11021.142
11021.164
11021.187
11021.209
11021.232
11021.254
11021.276
11021.299
11021.321
11021.344
11021.366
11021.389
11021.411
11021.434
11021.456
11021.479
11021.501
11021.524
11021.546
11021.569
11021.591
11021.613
11021.636
11021.658
11021.681
11021.703
11021.726
11021.748
11021.771
11021.793
11021.816
11021.838
11021.861
11021.883
11021.906
11021.928
11021.951
11021.973
11021.995
11022.018
11022.040
11022.063
11022.085
11022.108
11022.130
11022.153
11022.175
11022.198
11022.220
11022.243
11022.265
11022.288
11022.310
11022.332
11022.355
11022.377
11022.400
11022.422
11022.445
11022.467
11022.490
11022.512
11022.535
11022.557
11022.580
11022.602
11022.625
11022.647
11022.669
11022.692
11022.714
11022.737
11022.759
11022.782
11022.804
11022.827
11022.849
11022.872
11022.894
11022.917
11022.939
11022.962
11022.984
11023.007
11023.029
11023.051
11023.074
11023.096
11023.119
11023.141
11023.164
11023.186
11023.209
11023.231
11023.254
11023.276
11023.299
11023.321
11023.344
11023.366
11023.388
11023.411
11023.433
11023.456
11023.478
11023.501
11023.523
11023.546
11023.568
11023.591
11023.613
11023.636
11023.658
11023.681
11023.703
11023.725
11023.748
11023.770
11023.793
11023.815
11023.838
11023.860
11023.883
11023.905
11023.928
11023.950
11023.973
11023.995
11024.018
11024.040
11024.063
11024.085
11024.107
11024.130
11024.152
11024.175
11024.197
11024.220
11024.242
11024.265
11024.287
11024.310
11024.332
11024.355
11024.377
11024.400
11024.422
11024.444
11024.467
11024.489
11024.512
11024.534
11024.557
11024.579
11024.602
11024.624
11024.647
11024.669
11024.692
11024.714
11024.737
11024.759
11024.782
11024.804
11024.826
11024.849
11024.871
11024.894
11024.916
11024.939
11024.961
11024.984
11025.006
11025.029
11025.051
11025.074
11025.096
11025.119
11025.141
11025.163
11025.186
11025.208
11025.231
11025.253
11025.276
11025.298
11025.321
11025.343
11025.366
11025.388
11025.411
11025.433
11025.456
11025.478
11025.500
11025.523
11025.545
11025.568
11025.590
11025.613
11025.635
11025.658
11025.680
11025.703
11025.725
11025.748
11025.770
11025.793
11025.815
11025.838
11025.860
11025.882
11025.905
11025.927
11025.950
11025.972
11025.995
11026.017
11026.040
11026.062
11026.085
11026.107
11026.130
11026.152
11026.175
11026.197
11026.219
11026.242
11026.264
11026.287
11026.309
11026.332
11026.354
11026.377
11026.399
11026.422
11026.444
11026.467
11026.489
11026.512
11026.534
11026.556
11026.579
11026.601
11026.624
11026.646
11026.669
11026.691
11026.714
11026.736
11026.759
11026.781
11026.804
11026.826
11026.849
11026.871
11026.894
11026.916
11026.938
11026.961
11026.983
11027.006
11027.028
11027.051
11027.073
11027.096
11027.118
11027.141
11027.163
11027.186
11027.208
11027.231
11027.253
11027.275
11027.298
11027.320
11027.343
11027.365
11027.388
11027.410
11027.433
11027.455
11027.478
11027.500
11027.523
11027.545
11027.568
11027.590
11027.613
11027.635
11027.657
11027.680
11027.702
11027.725
11027.747
11027.770
11027.792
11027.815
11027.837
11027.860
11027.882
11027.905
11027.927
11027.950
11027.972
11027.994
11028.017
11028.039
11028.062
11028.084
11028.107
11028.129
11028.152
11028.174
11028.197
11028.219
11028.242
11028.264
11028.287
11028.309
11028.331
11028.354
11028.376
11028.399
11028.421
11028.444
11028.466
11028.489
11028.511
11028.534
11028.556
11028.579
11028.601
11028.624
11028.646
11028.669
11028.691
11028.713
11028.736
11028.758
11028.781
11028.803
11028.826
11028.848
11028.871
11028.893
11028.916
11028.938
11028.961
11028.983
11029.006
11029.028
11029.050
11029.073
11029.095
11029.118
11029.140
11029.163
11029.185
11029.208
11029.230
11029.253
11029.275
11029.298
11029.320
11029.343
11029.365
11029.387
11029.410
11029.432
11029.455
11029.477
11029.500
11029.522
11029.545
11029.567
11029.590
11029.612
11029.635
11029.657
11029.680
11029.702
11029.725
11029.747
11029.769
11029.792
11029.814
11029.837
11029.859
11029.882
11029.904
11029.927
11029.949
11029.972
11029.994
11030.017
11030.039
11030.062
11030.084
11030.106
11030.129
11030.151
11030.174
11030.196
11030.219
11030.241
11030.264
11030.286
11030.309
11030.331
11030.354
11030.376
11030.399
11030.421
11030.444
11030.466
11030.488
11030.511
11030.533
11030.556
11030.578
11030.601
11030.623
11030.646
11030.668
11030.691
11030.713
11030.736
11030.758
11030.781
11030.803
11030.825
11030.848
11030.870
11030.893
11030.915
11030.938
11030.960
11030.983
11031.005
11031.028
11031.050
11031.073
11031.095
11031.118
11031.140
11031.162
11031.185
11031.207
11031.230
11031.252
11031.275
11031.297
11031.320
11031.342
11031.365
11031.387
11031.410
11031.432
11031.455
11031.477
11031.500
11031.522
11031.544
11031.567
11031.589
11031.612
11031.634
11031.657
11031.679
11031.702
11031.724
11031.747
11031.769
11031.792
11031.814
11031.837
11031.859
11031.881
11031.904
11031.926
11031.949
11031.971
11031.994
11032.016
11032.039
11032.061
11032.084
11032.106
11032.129
11032.151
11032.174
11032.196
11032.218
11032.241
11032.263
11032.286
11032.308
11032.331
11032.353
11032.376
11032.398
11032.421
11032.443
11032.466
11032.488
11032.511
11032.533
11032.556
11032.578
11032.600
11032.623
11032.645
11032.668
11032.690
11032.713
11032.735
11032.758
11032.780
11032.803
11032.825
11032.848
11032.870
11032.893
11032.915
11032.937
11032.960
11032.982
11033.005
11033.027
11033.050
11033.072
11033.095
11033.117
11033.140
11033.162
11033.185
11033.207
11033.230
11033.252
11033.275
11033.297
11033.319
11033.342
11033.364
11033.387
11033.409
11033.432
11033.454
11033.477
11033.499
11033.522
11033.544
11033.567
11033.589
11033.612
11033.634
11033.656
11033.679
11033.701
11033.724
11033.746
11033.769
11033.791
11033.814
11033.836
11033.859
11033.881
11033.904
11033.926
11033.949
11033.971
11033.993
11034.016
11034.038
11034.061
11034.083
11034.106
11034.128
11034.151
11034.173
11034.196
11034.218
11034.241
11034.263
11034.286
11034.308
11034.331
11034.353
11034.375
11034.398
11034.420
11034.443
11034.465
11034.488
11034.510
11034.533
11034.555
11034.578
11034.600
11034.623
11034.645
11034.668
11034.690
11034.712
11034.735
11034.757
11034.780
11034.802
11034.825
11034.847
11034.870
11034.892
11034.915
11034.937
11034.960
11034.982
11035.005
11035.027
11035.049
11035.072
11035.094
11035.117
11035.139
11035.162
11035.184
11035.207
11035.229
11035.252
11035.274
11035.297
11035.319
11035.342
11035.364
11035.387
11035.409
11035.431
11035.454
11035.476
11035.499
11035.521
11035.544
11035.566
11035.589
11035.611
11035.634
11035.656
11035.679
11035.701
11035.724
11035.746
11035.768
11035.791
11035.813
11035.836
11035.858
11035.881
11035.903
11035.926
11035.948
11035.971
11035.993
11036.016
11036.038
11036.061
11036.083
11036.106
11036.128
11036.150
11036.173
11036.195
11036.218
11036.240
11036.263
11036.285
11036.308
11036.330
11036.353
11036.375
11036.398
11036.420
11036.443
11036.465
11036.487
11036.510
11036.532
11036.555
11036.577
11036.600
11036.622
11036.645
11036.667
11036.690
11036.712
11036.735
11036.757
11036.780
11036.802
11036.824
11036.847
11036.869
11036.892
11036.914
11036.937
11036.959
11036.982
11037.004
11037.027
11037.049
11037.072
11037.094
11037.117
11037.139
11037.162
11037.184
11037.206
11037.229
11037.251
11037.274
11037.296
11037.319
11037.341
11037.364
11037.386
11037.409
11037.431
11037.454
11037.476
11037.499
11037.521
11037.543
11037.566
11037.588
11037.611
11037.633
11037.656
11037.678
11037.701
11037.723
11037.746
11037.768
11037.791
11037.813
11037.836
11037.858
11037.880
11037.903
11037.925
11037.948
11037.970
11037.993
11038.015
11038.038
11038.060
11038.083
11038.105
11038.128
11038.150
11038.173
11038.195
11038.218
11038.240
11038.262
11038.285
11038.307
11038.330
11038.352
11038.375
11038.397
11038.420
11038.442
11038.465
11038.487
11038.510
11038.532
11038.555
11038.577
11038.599
11038.622
11038.644
11038.667
11038.689
11038.712
11038.734
11038.757
11038.779
11038.802
11038.824
11038.847
11038.869
11038.892
11038.914
11038.937
11038.959
11038.981
11039.004
11039.026
11039.049
11039.071
11039.094
11039.116
11039.139
11039.161
11039.184
11039.206
11039.229
11039.251
11039.274
11039.296
11039.318
11039.341
11039.363
11039.386
11039.408
11039.431
11039.453
11039.476
11039.498
11039.521
11039.543
11039.566
11039.588
11039.611
11039.633
11039.655
11039.678
11039.700
11039.723
11039.745
11039.768
11039.790
11039.813
11039.835
11039.858
11039.880
11039.903
11039.925
11039.948
11039.970
11039.993
11040.015
11040.037
11040.060
11040.082
11040.105
11040.127
11040.150
11040.172
11040.195
11040.217
11040.240
11040.262
11040.285
11040.307
11040.330
11040.352
11040.374
11040.397
11040.419
11040.442
11040.464
11040.487
11040.509
11040.532
11040.554
11040.577
11040.599
11040.622
11040.644
11040.667
11040.689
11040.711
11040.734
11040.756
11040.779
11040.801
11040.824
11040.846
11040.869
11040.891
11040.914
11040.936
11040.959
11040.981
11041.004
11041.026
11041.049
11041.071
11041.093
11041.116
11041.138
11041.161
11041.183
11041.206
11041.228
11041.251
11041.273
11041.296
11041.318
11041.341
11041.363
11041.386
11041.408
11041.430
11041.453
11041.475
11041.498
11041.520
11041.543
11041.565
11041.588
11041.610
11041.633
11041.655
11041.678
11041.700
11041.723
11041.745
11041.768
11041.790
11041.812
11041.835
11041.857
11041.880
11041.902
11041.925
11041.947
11041.970
11041.992
11042.015
11042.037
11042.060
11042.082
11042.105
11042.127
11042.149
11042.172
11042.194
11042.217
11042.239
11042.262
11042.284
11042.307
11042.329
11042.352
11042.374
11042.397
11042.419
11042.442
11042.464
11042.486
11042.509
11042.531
11042.554
11042.576
11042.599
11042.621
11042.644
11042.666
11042.689
11042.711
11042.734
11042.756
11042.779
11042.801
11042.824
11042.846
11042.868
11042.891
11042.913
11042.936
11042.958
11042.981
11043.003
11043.026
11043.048
11043.071
11043.093
11043.116
11043.138
11043.161
11043.183
11043.205
11043.228
11043.250
11043.273
11043.295
11043.318
11043.340
11043.363
11043.385
11043.408
11043.430
11043.453
11043.475
11043.498
11043.520
11043.542
11043.565
11043.587
11043.610
11043.632
11043.655
11043.677
11043.700
11043.722
11043.745
11043.767
11043.790
11043.812
11043.835
11043.857
11043.880
11043.902
11043.924
11043.947
11043.969
11043.992
11044.014
11044.037
11044.059
11044.082
11044.104
11044.127
11044.149
11044.172
11044.194
11044.217
11044.239
11044.261
11044.284
11044.306
11044.329
11044.351
11044.374
11044.396
11044.419
11044.441
11044.464
11044.486
11044.509
11044.531
11044.554
11044.576
11044.599
11044.621
11044.643
11044.666
11044.688
11044.711
11044.733
11044.756
11044.778
11044.801
11044.823
11044.846
11044.868
11044.891
11044.913
11044.936
11044.958
11044.980
11045.003
11045.025
11045.048
11045.070
11045.093
11045.115
11045.138
11045.160
11045.183
11045.205
11045.228
11045.250
11045.273
11045.295
11045.317
11045.340
11045.362
11045.385
11045.407
11045.430
11045.452
11045.475
11045.497
11045.520
11045.542
11045.565
11045.587
11045.610
11045.632
11045.655
11045.677
11045.699
11045.722
11045.744
11045.767
11045.789
11045.812
11045.834
11045.857
11045.879
11045.902
11045.924
11045.947
11045.969
11045.992
11046.014
11046.036
11046.059
11046.081
11046.104
11046.126
11046.149
11046.171
11046.194
11046.216
11046.239
11046.261
11046.284
11046.306
11046.329
11046.351
11046.373
11046.396
11046.418
11046.441
11046.463
11046.486
11046.508
11046.531
11046.553
11046.576
11046.598
11046.621
11046.643
11046.666
11046.688
11046.711
11046.733
11046.755
11046.778
11046.800
11046.823
11046.845
11046.868
11046.890
11046.913
11046.935
11046.958
11046.980
11047.003
11047.025
11047.048
11047.070
11047.092
11047.115
11047.137
11047.160
11047.182
11047.205
11047.227
11047.250
11047.272
11047.295
11047.317
11047.340
11047.362
11047.385
11047.407
11047.430
11047.452
11047.474
11047.497
11047.519
11047.542
11047.564
11047.587
11047.609
11047.632
11047.654
11047.677
11047.699
11047.722
11047.744
11047.767
11047.789
11047.811
11047.834
11047.856
11047.879
11047.901
11047.924
11047.946
11047.969
11047.991
11048.014
11048.036
11048.059
11048.081
11048.104
11048.126
11048.148
11048.171
11048.193
11048.216
11048.238
11048.261
11048.283
11048.306
11048.328
11048.351
11048.373
11048.396
11048.418
11048.441
11048.463
11048.486
11048.508
11048.530
11048.553
11048.575
11048.598
11048.620
11048.643
11048.665
11048.688
11048.710
11048.733
11048.755
11048.778
11048.800
11048.823
11048.845
11048.867
11048.890
11048.912
11048.935
11048.957
11048.980
11049.002
11049.025
11049.047
11049.070
11049.092
11049.115
11049.137
11049.160
11049.182
11049.204
11049.227
11049.249
11049.272
11049.294
11049.317
11049.339
11049.362
11049.384
11049.407
11049.429
11049.452
11049.474
11049.497
11049.519
11049.542
11049.564
11049.586
11049.609
11049.631
11049.654
11049.676
11049.699
11049.721
11049.744
11049.766
11049.789
11049.811
11049.834
11049.856
11049.879
11049.901
11049.923
11049.946
11049.968
11049.991
11050.013
11050.036
11050.058
11050.081
11050.103
11050.126
11050.148
11050.171
11050.193
11050.216
11050.238
11050.261
11050.283
11050.305
11050.328
11050.350
11050.373
11050.395
11050.418
11050.440
11050.463
11050.485
11050.508
11050.530
11050.553
11050.575
11050.598
11050.620
11050.642
11050.665
11050.687
11050.710
11050.732
11050.755
11050.777
11050.800
11050.822
11050.845
11050.867
11050.890
11050.912
11050.935
11050.957
11050.979
11051.002
11051.024
11051.047
11051.069
11051.092
11051.114
11051.137
11051.159
11051.182
11051.204
11051.227
11051.249
11051.272
11051.294
11051.317
11051.339
11051.361
11051.384
11051.406
11051.429
11051.451
11051.474
11051.496
11051.519
11051.541
11051.564
11051.586
11051.609
11051.631
11051.654
11051.676
11051.698
11051.721
11051.743
11051.766
11051.788
11051.811
11051.833
11051.856
11051.878
11051.901
11051.923
11051.946
11051.968
11051.991
11052.013
11052.035
11052.058
11052.080
11052.103
11052.125
11052.148
11052.170
11052.193
11052.215
11052.238
11052.260
11052.283
11052.305
11052.328
11052.350
11052.373
11052.395
11052.417
11052.440
11052.462
11052.485
11052.507
11052.530
11052.552
11052.575
11052.597
11052.620
11052.642
11052.665
11052.687
11052.710
11052.732
11052.754
11052.777
11052.799
11052.822
11052.844
11052.867
11052.889
11052.912
11052.934
11052.957
11052.979
11053.002
11053.024
11053.047
11053.069
11053.092
11053.114
11053.136
11053.159
11053.181
11053.204
11053.226
11053.249
11053.271
11053.294
11053.316
11053.339
11053.361
11053.384
11053.406
11053.429
11053.451
11053.473
11053.496
11053.518
11053.541
11053.563
11053.586
11053.608
11053.631
11053.653
11053.676
11053.698
11053.721
11053.743
11053.766
11053.788
11053.810
11053.833
11053.855
11053.878
11053.900
11053.923
11053.945
11053.968
11053.990
11054.013
11054.035
11054.058
11054.080
11054.103
11054.125
11054.148
11054.170
11054.192
11054.215
11054.237
11054.260
11054.282
11054.305
11054.327
11054.350
11054.372
11054.395
11054.417
11054.440
11054.462
11054.485
11054.507
11054.529
11054.552
11054.574
11054.597
11054.619
11054.642
11054.664
11054.687
11054.709
11054.732
11054.754
11054.777
11054.799
11054.822
11054.844
11054.866
11054.889
11054.911
11054.934
11054.956
11054.979
11055.001
11055.024
11055.046
11055.069
11055.091
11055.114
11055.136
11055.159
11055.181
11055.204
11055.226
11055.248
11055.271
11055.293
11055.316
11055.338
11055.361
11055.383
11055.406
11055.428
11055.451
11055.473
11055.496
11055.518
11055.541
11055.563
11055.585
11055.608
11055.630
11055.653
11055.675
11055.698
11055.720
11055.743
11055.765
11055.788
11055.810
11055.833
11055.855
11055.878
11055.900
11055.923
11055.945
11055.967
11055.990
11056.012
11056.035
11056.057
11056.080
11056.102
11056.125
11056.147
11056.170
11056.192
11056.215
11056.237
11056.260
11056.282
11056.304
11056.327
11056.349
11056.372
11056.394
11056.417
11056.439
11056.462
11056.484
11056.507
11056.529
11056.552
11056.574
11056.597
11056.619
11056.641
11056.664
11056.686
11056.709
11056.731
11056.754
11056.776
11056.799
11056.821
11056.844
11056.866
11056.889
11056.911
11056.934
11056.956
11056.979
11057.001
11057.023
11057.046
11057.068
11057.091
11057.113
11057.136
11057.158
11057.181
11057.203
11057.226
11057.248
11057.271
11057.293
11057.316
11057.338
11057.360
11057.383
11057.405
11057.428
11057.450
11057.473
11057.495
11057.518
11057.540
11057.563
11057.585
11057.608
11057.630
11057.653
11057.675
11057.697
11057.720
11057.742
11057.765
11057.787
11057.810
11057.832
11057.855
11057.877
11057.900
11057.922
11057.945
11057.967
11057.990
11058.012
11058.035
11058.057
11058.079
11058.102
11058.124
11058.147
11058.169
11058.192
11058.214
11058.237
11058.259
11058.282
11058.304
11058.327
11058.349
11058.372
11058.394
11058.416
11058.439
11058.461
11058.484
11058.506
11058.529
11058.551
11058.574
11058.596
11058.619
11058.641
11058.664
11058.686
11058.709
11058.731
11058.754
11058.776
11058.798
11058.821
11058.843
11058.866
11058.888
11058.911
11058.933
11058.956
11058.978
11059.001
11059.023
11059.046
11059.068
11059.091
11059.113
11059.135
11059.158
11059.180
11059.203
11059.225
11059.248
11059.270
11059.293
11059.315
11059.338
11059.360
11059.383
11059.405
11059.428
11059.450
11059.472
11059.495
11059.517
11059.540
11059.562
11059.585
11059.607
11059.630
11059.652
11059.675
11059.697
11059.720
11059.742
11059.765
11059.787
11059.810
11059.832
11059.854
11059.877
11059.899
11059.922
11059.944
11059.967
11059.989
11060.012
11060.034
11060.057
11060.079
11060.102
11060.124
11060.147
11060.169
11060.191
11060.214
11060.236
11060.259
11060.281
11060.304
11060.326
11060.349
11060.371
11060.394
11060.416
11060.439
11060.461
11060.484
11060.506
11060.528
11060.551
11060.573
11060.596
11060.618
11060.641
11060.663
11060.686
11060.708
11060.731
11060.753
11060.776
11060.798
11060.821
11060.843
11060.866
11060.888
11060.910
11060.933
11060.955
11060.978
11061.000
11061.023
11061.045
11061.068
11061.090
11061.113
11061.135
11061.158
11061.180
11061.203
11061.225
11061.247
11061.270
11061.292
11061.315
11061.337
11061.360
11061.382
11061.405
11061.427
11061.450
11061.472
11061.495
11061.517
11061.540
11061.562
11061.585
11061.607
11061.629
11061.652
11061.674
11061.697
11061.719
11061.742
11061.764
11061.787
11061.809
11061.832
11061.854
11061.877
11061.899
11061.922
11061.944
11061.966
11061.989
11062.011
11062.034
11062.056
11062.079
11062.101
11062.124
11062.146
11062.169
11062.191
11062.214
11062.236
11062.259
11062.281
11062.303
11062.326
11062.348
11062.371
11062.393
11062.416
11062.438
11062.461
11062.483
11062.506
11062.528
11062.551
11062.573
11062.596
11062.618
11062.641
11062.663
11062.685
11062.708
11062.730
11062.753
11062.775
11062.798
11062.820
11062.843
11062.865
11062.888
11062.910
11062.933
11062.955
11062.978
11063.000
