10470.131
10470.151
10470.172
10470.192
10470.213
10470.233
10470.254
10470.274
10470.295
10470.315
10470.336
10470.356
10470.377
10470.397
10470.418
10470.438
10470.459
10470.479
10470.500
10470.521
10470.541
10470.562
10470.582
10470.603
10470.623
10470.644
10470.664
10470.685
10470.705
10470.726
10470.746
10470.767
10470.787
10470.808
10470.828
10470.849
10470.869
10470.890
10470.910
10470.931
10470.951
10470.972
10470.992
10471.013
10471.033
10471.054
10471.074
10471.095
10471.115
10471.136
10471.156
10471.177
10471.197
10471.218
10471.238
10471.259
10471.279
10471.300
10471.320
10471.341
10471.361
10471.382
10471.402
10471.423
10471.443
10471.464
10471.484
10471.505
10471.525
10471.546
10471.566
10471.587
10471.607
10471.628
10471.649
10471.669
10471.690
10471.710
10471.731
10471.751
10471.772
10471.792
10471.813
10471.833
10471.854
10471.874
10471.895
10471.915
10471.936
10471.956
10471.977
10471.997
10472.018
10472.038
10472.059
10472.079
10472.100
10472.120
10472.141
10472.161
10472.182
10472.202
10472.223
10472.243
10472.264
10472.284
10472.305
10472.325
10472.346
10472.366
10472.387
10472.407
10472.428
10472.448
10472.469
10472.489
10472.510
10472.530
10472.551
10472.571
10472.592
10472.612
10472.633
10472.653
10472.674
10472.694
10472.715
10472.735
10472.756
10472.776
10472.797
10472.818
10472.838
10472.859
10472.879
10472.900
10472.920
10472.941
10472.961
10472.982
10473.002
10473.023
10473.043
10473.064
10473.084
10473.105
10473.125
10473.146
10473.166
10473.187
10473.207
10473.228
10473.248
10473.269
10473.289
10473.310
10473.330
10473.351
10473.371
10473.392
10473.412
10473.433
10473.453
10473.474
10473.494
10473.515
10473.535
10473.556
10473.576
10473.597
10473.617
10473.638
10473.658
10473.679
10473.699
10473.720
10473.740
10473.761
10473.781
10473.802
10473.822
10473.843
10473.863
10473.884
10473.904
10473.925
10473.946
10473.966
10473.987
10474.007
10474.028
10474.048
10474.069
10474.089
10474.110
10474.130
10474.151
10474.171
10474.192
10474.212
10474.233
10474.253
10474.274
10474.294
10474.315
10474.335
10474.356
10474.376
10474.397
10474.417
10474.438
10474.458
10474.479
10474.499
10474.520
10474.540
10474.561
10474.581
10474.602
10474.622
10474.643
10474.663
10474.684
10474.704
10474.725
10474.745
10474.766
10474.786
10474.807
10474.827
10474.848
10474.868
10474.889
10474.909
10474.930
10474.950
10474.971
10474.991
10475.012
10475.032
10475.053
10475.073
10475.094
10475.115
10475.135
10475.156
10475.176
10475.197
10475.217
10475.238
10475.258
10475.279
10475.299
10475.320
10475.340
10475.361
10475.381
10475.402
10475.422
10475.443
10475.463
10475.484
10475.504
10475.525
10475.545
10475.566
10475.586
10475.607
10475.627
10475.648
10475.668
10475.689
10475.709
10475.730
10475.750
10475.771
10475.791
10475.812
10475.832
10475.853
10475.873
10475.894
10475.914
10475.935
10475.955
10475.976
10475.996
10476.017
10476.037
10476.058
10476.078
10476.099
10476.119
10476.140
10476.160
10476.181
10476.201
10476.222
10476.243
10476.263
10476.284
10476.304
10476.325
10476.345
10476.366
10476.386
10476.407
10476.427
10476.448
10476.468
10476.489
10476.509
10476.530
10476.550
10476.571
10476.591
10476.612
10476.632
10476.653
10476.673
10476.694
10476.714
10476.735
10476.755
10476.776
10476.796
10476.817
10476.837
10476.858
10476.878
10476.899
10476.919
10476.940
10476.960
10476.981
10477.001
10477.022
10477.042
10477.063
10477.083
10477.104
10477.124
10477.145
10477.165
10477.186
10477.206
10477.227
10477.247
10477.268
10477.288
10477.309
10477.329
10477.350
10477.370
10477.391
10477.412
10477.432
10477.453
10477.473
10477.494
10477.514
10477.535
10477.555
10477.576
10477.596
10477.617
10477.637
10477.658
10477.678
10477.699
10477.719
10477.740
10477.760
10477.781
10477.801
10477.822
10477.842
10477.863
10477.883
10477.904
10477.924
10477.945
10477.965
10477.986
10478.006
10478.027
10478.047
10478.068
10478.088
10478.109
10478.129
10478.150
10478.170
10478.191
10478.211
10478.232
10478.252
10478.273
10478.293
10478.314
10478.334
10478.355
10478.375
10478.396
10478.416
10478.437
10478.457
10478.478
10478.498
10478.519
10478.540
10478.560
10478.581
10478.601
10478.622
10478.642
10478.663
10478.683
10478.704
10478.724
10478.745
10478.765
10478.786
10478.806
10478.827
10478.847
10478.868
10478.888
10478.909
10478.929
10478.950
10478.970
10478.991
10479.011
10479.032
10479.052
10479.073
10479.093
10479.114
10479.134
10479.155
10479.175
10479.196
10479.216
10479.237
10479.257
10479.278
10479.298
10479.319
10479.339
10479.360
10479.380
10479.401
10479.421
10479.442
10479.462
10479.483
10479.503
10479.524
10479.544
10479.565
10479.585
10479.606
10479.626
10479.647
10479.667
10479.688
10479.709
10479.729
10479.750
10479.770
10479.791
10479.811
10479.832
10479.852
10479.873
10479.893
10479.914
10479.934
10479.955
10479.975
10479.996
10480.016
10480.037
10480.057
10480.078
10480.098
10480.119
10480.139
10480.160
10480.180
10480.201
10480.221
10480.242
10480.262
10480.283
10480.303
10480.324
10480.344
10480.365
10480.385
10480.406
10480.426
10480.447
10480.467
10480.488
10480.508
10480.529
10480.549
10480.570
10480.590
10480.611
10480.631
10480.652
10480.672
10480.693
10480.713
10480.734
10480.754
10480.775
10480.795
10480.816
10480.837
10480.857
10480.878
10480.898
10480.919
10480.939
10480.960
10480.980
10481.001
10481.021
10481.042
10481.062
10481.083
10481.103
10481.124
10481.144
10481.165
10481.185
10481.206
10481.226
10481.247
10481.267
10481.288
10481.308
10481.329
10481.349
10481.370
10481.390
10481.411
10481.431
10481.452
10481.472
10481.493
10481.513
10481.534
10481.554
10481.575
10481.595
10481.616
10481.636
10481.657
10481.677
10481.698
10481.718
10481.739
10481.759
10481.780
10481.800
10481.821
10481.841
10481.862
10481.882
10481.903
10481.923
10481.944
10481.964
10481.985
10482.006
10482.026
10482.047
10482.067
10482.088
10482.108
10482.129
10482.149
10482.170
10482.190
10482.211
10482.231
10482.252
10482.272
10482.293
10482.313
10482.334
10482.354
10482.375
10482.395
10482.416
10482.436
10482.457
10482.477
10482.498
10482.518
10482.539
10482.559
10482.580
10482.600
10482.621
10482.641
10482.662
10482.682
10482.703
10482.723
10482.744
10482.764
10482.785
10482.805
10482.826
10482.846
10482.867
10482.887
10482.908
10482.928
10482.949
10482.969
10482.990
10483.010
10483.031
10483.051
10483.072
10483.092
10483.113
10483.134
10483.154
10483.175
10483.195
10483.216
10483.236
10483.257
10483.277
10483.298
10483.318
10483.339
10483.359
10483.380
10483.400
10483.421
10483.441
10483.462
10483.482
10483.503
10483.523
10483.544
10483.564
10483.585
10483.605
10483.626
10483.646
10483.667
10483.687
10483.708
10483.728
10483.749
10483.769
10483.790
10483.810
10483.831
10483.851
10483.872
10483.892
10483.913
10483.933
10483.954
10483.974
10483.995
10484.015
10484.036
10484.056
10484.077
10484.097
10484.118
10484.138
10484.159
10484.179
10484.200
10484.220
10484.241
10484.261
10484.282
10484.303
10484.323
10484.344
10484.364
10484.385
10484.405
10484.426
10484.446
10484.467
10484.487
10484.508
10484.528
10484.549
10484.569
10484.590
10484.610
10484.631
10484.651
10484.672
10484.692
10484.713
10484.733
10484.754
10484.774
10484.795
10484.815
10484.836
10484.856
10484.877
10484.897
10484.918
10484.938
10484.959
10484.979
10485.000
10485.020
10485.041
10485.061
10485.082
10485.102
10485.123
10485.143
10485.164
10485.184
10485.205
10485.225
10485.246
10485.266
10485.287
10485.307
10485.328
10485.348
10485.369
10485.389
10485.410
10485.431
10485.451
10485.472
10485.492
10485.513
10485.533
10485.554
10485.574
10485.595
10485.615
10485.636
10485.656
10485.677
10485.697
10485.718
10485.738
10485.759
10485.779
10485.800
10485.820
10485.841
10485.861
10485.882
10485.902
10485.923
10485.943
10485.964
10485.984
10486.005
10486.025
10486.046
10486.066
10486.087
10486.107
10486.128
10486.148
10486.169
10486.189
10486.210
10486.230
10486.251
10486.271
10486.292
10486.312
10486.333
10486.353
10486.374
10486.394
10486.415
10486.435
10486.456
10486.476
10486.497
10486.517
10486.538
10486.558
10486.579
10486.600
10486.620
10486.641
10486.661
10486.682
10486.702
10486.723
10486.743
10486.764
10486.784
10486.805
10486.825
10486.846
10486.866
10486.887
10486.907
10486.928
10486.948
10486.969
10486.989
10487.010
10487.030
10487.051
10487.071
10487.092
10487.112
10487.133
10487.153
10487.174
10487.194
10487.215
10487.235
10487.256
10487.276
10487.297
10487.317
10487.338
10487.358
10487.379
10487.399
10487.420
10487.440
10487.461
10487.481
10487.502
10487.522
10487.543
10487.563
10487.584
10487.604
10487.625
10487.645
10487.666
10487.686
10487.707
10487.728
10487.748
10487.769
10487.789
10487.810
10487.830
10487.851
10487.871
10487.892
10487.912
10487.933
10487.953
10487.974
10487.994
10488.015
10488.035
10488.056
10488.076
10488.097
10488.117
10488.138
10488.158
10488.179
10488.199
10488.220
10488.240
10488.261
10488.281
10488.302
10488.322
10488.343
10488.363
10488.384
10488.404
10488.425
10488.445
10488.466
10488.486
10488.507
10488.527
10488.548
10488.568
10488.589
10488.609
10488.630
10488.650
10488.671
10488.691
10488.712
10488.732
10488.753
10488.773
10488.794
10488.814
10488.835
10488.855
10488.876
10488.897
10488.917
10488.938
10488.958
10488.979
10488.999
10489.020
10489.040
10489.061
10489.081
10489.102
10489.122
10489.143
10489.163
10489.184
10489.204
10489.225
10489.245
10489.266
10489.286
10489.307
10489.327
10489.348
10489.368
10489.389
10489.409
10489.430
10489.450
10489.471
10489.491
10489.512
10489.532
10489.553
10489.573
10489.594
10489.614
10489.635
10489.655
10489.676
10489.696
10489.717
10489.737
10489.758
10489.778
10489.799
10489.819
10489.840
10489.860
10489.881
10489.901
10489.922
10489.942
10489.963
10489.983
10490.004
10490.025
10490.045
10490.066
10490.086
10490.107
10490.127
10490.148
10490.168
10490.189
10490.209
10490.230
10490.250
10490.271
10490.291
10490.312
10490.332
10490.353
10490.373
10490.394
10490.414
10490.435
10490.455
10490.476
10490.496
10490.517
10490.537
10490.558
10490.578
10490.599
10490.619
10490.640
10490.660
10490.681
10490.701
10490.722
10490.742
10490.763
10490.783
10490.804
10490.824
10490.845
10490.865
10490.886
10490.906
10490.927
10490.947
10490.968
10490.988
10491.009
10491.029
10491.050
10491.070
10491.091
10491.111
10491.132
10491.152
10491.173
10491.194
10491.214
10491.235
10491.255
10491.276
10491.296
10491.317
10491.337
10491.358
10491.378
10491.399
10491.419
10491.440
10491.460
10491.481
10491.501
10491.522
10491.542
10491.563
10491.583
10491.604
10491.624
10491.645
10491.665
10491.686
10491.706
10491.727
10491.747
10491.768
10491.788
10491.809
10491.829
10491.850
10491.870
10491.891
10491.911
10491.932
10491.952
10491.973
10491.993
10492.014
10492.034
10492.055
10492.075
10492.096
10492.116
10492.137
10492.157
10492.178
10492.198
10492.219
10492.239
10492.260
10492.280
10492.301
10492.322
10492.342
10492.363
10492.383
10492.404
10492.424
10492.445
10492.465
10492.486
10492.506
10492.527
10492.547
10492.568
10492.588
10492.609
10492.629
10492.650
10492.670
10492.691
10492.711
10492.732
10492.752
10492.773
10492.793
10492.814
10492.834
10492.855
10492.875
10492.896
10492.916
10492.937
10492.957
10492.978
10492.998
10493.019
10493.039
10493.060
10493.080
10493.101
10493.121
10493.142
10493.162
10493.183
10493.203
10493.224
10493.244
10493.265
10493.285
10493.306
10493.326
10493.347
10493.367
10493.388
10493.408
10493.429
10493.449
10493.470
10493.491
10493.511
10493.532
10493.552
10493.573
10493.593
10493.614
10493.634
10493.655
10493.675
10493.696
10493.716
10493.737
10493.757
10493.778
10493.798
10493.819
10493.839
10493.860
10493.880
10493.901
10493.921
10493.942
10493.962
10493.983
10494.003
10494.024
10494.044
10494.065
10494.085
10494.106
10494.126
10494.147
10494.167
10494.188
10494.208
10494.229
10494.249
10494.270
10494.290
10494.311
10494.331
10494.352
10494.372
10494.393
10494.413
10494.434
10494.454
10494.475
10494.495
10494.516
10494.536
10494.557
10494.577
10494.598
10494.619
10494.639
10494.660
10494.680
10494.701
10494.721
10494.742
10494.762
10494.783
10494.803
10494.824
10494.844
10494.865
10494.885
10494.906
10494.926
10494.947
10494.967
10494.988
10495.008
10495.029
10495.049
10495.070
10495.090
10495.111
10495.131
10495.152
10495.172
10495.193
10495.213
10495.234
10495.254
10495.275
10495.295
10495.316
10495.336
10495.357
10495.377
10495.398
10495.418
10495.439
10495.459
10495.480
10495.500
10495.521
10495.541
10495.562
10495.582
10495.603
10495.623
10495.644
10495.664
10495.685
10495.705
10495.726
10495.746
10495.767
10495.788
10495.808
10495.829
10495.849
10495.870
10495.890
10495.911
10495.931
10495.952
10495.972
10495.993
10496.013
10496.034
10496.054
10496.075
10496.095
10496.116
10496.136
10496.157
10496.177
10496.198
10496.218
10496.239
10496.259
10496.280
10496.300
10496.321
10496.341
10496.362
10496.382
10496.403
10496.423
10496.444
10496.464
10496.485
10496.505
10496.526
10496.546
10496.567
10496.587
10496.608
10496.628
10496.649
10496.669
10496.690
10496.710
10496.731
10496.751
10496.772
10496.792
10496.813
10496.833
10496.854
10496.874
10496.895
10496.916
10496.936
10496.957
10496.977
10496.998
10497.018
10497.039
10497.059
10497.080
10497.100
10497.121
10497.141
10497.162
10497.182
10497.203
10497.223
10497.244
10497.264
10497.285
10497.305
10497.326
10497.346
10497.367
10497.387
10497.408
10497.428
10497.449
10497.469
10497.490
10497.510
10497.531
10497.551
10497.572
10497.592
10497.613
10497.633
10497.654
10497.674
10497.695
10497.715
10497.736
10497.756
10497.777
10497.797
10497.818
10497.838
10497.859
10497.879
10497.900
10497.920
10497.941
10497.961
10497.982
10498.002
10498.023
10498.043
10498.064
10498.085
10498.105
10498.126
10498.146
10498.167
10498.187
10498.208
10498.228
10498.249
10498.269
10498.290
10498.310
10498.331
10498.351
10498.372
10498.392
10498.413
10498.433
10498.454
10498.474
10498.495
10498.515
10498.536
10498.556
10498.577
10498.597
10498.618
10498.638
10498.659
10498.679
10498.700
10498.720
10498.741
10498.761
10498.782
10498.802
10498.823
10498.843
10498.864
10498.884
10498.905
10498.925
10498.946
10498.966
10498.987
10499.007
10499.028
10499.048
10499.069
10499.089
10499.110
10499.130
10499.151
10499.171
10499.192
10499.213
10499.233
10499.254
10499.274
10499.295
10499.315
10499.336
10499.356
10499.377
10499.397
10499.418
10499.438
10499.459
10499.479
10499.500
10499.520
10499.541
10499.561
10499.582
10499.602
10499.623
10499.643
10499.664
10499.684
10499.705
10499.725
10499.746
10499.766
10499.787
10499.807
10499.828
10499.848
10499.869
10499.889
10499.910
10499.930
10499.951
10499.971
10499.992
10500.012
10500.033
10500.053
10500.074
10500.094
10500.115
10500.135
10500.156
10500.176
10500.197
10500.217
10500.238
10500.258
10500.279
10500.299
10500.320
10500.340
10500.361
10500.382
10500.402
10500.423
10500.443
10500.464
10500.484
10500.505
10500.525
10500.546
10500.566
10500.587
10500.607
10500.628
10500.648
10500.669
10500.689
10500.710
10500.730
10500.751
10500.771
10500.792
10500.812
10500.833
10500.853
10500.874
10500.894
10500.915
10500.935
10500.956
10500.976
10500.997
10501.017
10501.038
10501.058
10501.079
10501.099
10501.120
10501.140
10501.161
10501.181
10501.202
10501.222
10501.243
10501.263
10501.284
10501.304
10501.325
10501.345
10501.366
10501.386
10501.407
10501.427
10501.448
10501.468
10501.489
10501.510
10501.530
10501.551
10501.571
10501.592
10501.612
10501.633
10501.653
10501.674
10501.694
10501.715
10501.735
10501.756
10501.776
10501.797
10501.817
10501.838
10501.858
10501.879
10501.899
10501.920
10501.940
10501.961
10501.981
10502.002
10502.022
10502.043
10502.063
10502.084
10502.104
10502.125
10502.145
10502.166
10502.186
10502.207
10502.227
10502.248
10502.268
10502.289
10502.309
10502.330
10502.350
10502.371
10502.391
10502.412
10502.432
10502.453
10502.473
10502.494
10502.514
10502.535
10502.555
10502.576
10502.596
10502.617
10502.637
10502.658
10502.679
10502.699
10502.720
10502.740
10502.761
10502.781
10502.802
10502.822
10502.843
10502.863
10502.884
10502.904
10502.925
10502.945
10502.966
10502.986
10503.007
10503.027
10503.048
10503.068
10503.089
10503.109
10503.130
10503.150
10503.171
10503.191
10503.212
10503.232
10503.253
10503.273
10503.294
10503.314
10503.335
10503.355
10503.376
10503.396
10503.417
10503.437
10503.458
10503.478
10503.499
10503.519
10503.540
10503.560
10503.581
10503.601
10503.622
10503.642
10503.663
10503.683
10503.704
10503.724
10503.745
10503.765
10503.786
10503.807
10503.827
10503.848
10503.868
10503.889
10503.909
10503.930
10503.950
10503.971
10503.991
10504.012
10504.032
10504.053
10504.073
10504.094
10504.114
10504.135
10504.155
10504.176
10504.196
10504.217
10504.237
10504.258
10504.278
10504.299
10504.319
10504.340
10504.360
10504.381
10504.401
10504.422
10504.442
10504.463
10504.483
10504.504
10504.524
10504.545
10504.565
10504.586
10504.606
10504.627
10504.647
10504.668
10504.688
10504.709
10504.729
10504.750
10504.770
10504.791
10504.811
10504.832
10504.852
10504.873
10504.893
10504.914
10504.934
10504.955
10504.976
10504.996
10505.017
10505.037
10505.058
10505.078
10505.099
10505.119
10505.140
10505.160
10505.181
10505.201
10505.222
10505.242
10505.263
10505.283
10505.304
10505.324
10505.345
10505.365
10505.386
10505.406
10505.427
10505.447
10505.468
10505.488
10505.509
10505.529
10505.550
10505.570
10505.591
10505.611
10505.632
10505.652
10505.673
10505.693
10505.714
10505.734
10505.755
10505.775
10505.796
10505.816
10505.837
10505.857
10505.878
10505.898
10505.919
10505.939
10505.960
10505.980
10506.001
10506.021
10506.042
10506.062
10506.083
10506.104
10506.124
10506.145
10506.165
10506.186
10506.206
10506.227
10506.247
10506.268
10506.288
10506.309
10506.329
10506.350
10506.370
10506.391
10506.411
10506.432
10506.452
10506.473
10506.493
10506.514
10506.534
10506.555
10506.575
10506.596
10506.616
10506.637
10506.657
10506.678
10506.698
10506.719
10506.739
10506.760
10506.780
10506.801
10506.821
10506.842
10506.862
10506.883
10506.903
10506.924
10506.944
10506.965
10506.985
10507.006
10507.026
10507.047
10507.067
10507.088
10507.108
10507.129
10507.149
10507.170
10507.190
10507.211
10507.231
10507.252
10507.273
10507.293
10507.314
10507.334
10507.355
10507.375
10507.396
10507.416
10507.437
10507.457
10507.478
10507.498
10507.519
10507.539
10507.560
10507.580
10507.601
10507.621
10507.642
10507.662
10507.683
10507.703
10507.724
10507.744
10507.765
10507.785
10507.806
10507.826
10507.847
10507.867
10507.888
10507.908
10507.929
10507.949
10507.970
10507.990
10508.011
10508.031
10508.052
10508.072
10508.093
10508.113
10508.134
10508.154
10508.175
10508.195
10508.216
10508.236
10508.257
10508.277
10508.298
10508.318
10508.339
10508.359
10508.380
10508.401
10508.421
10508.442
10508.462
10508.483
10508.503
10508.524
10508.544
10508.565
10508.585
10508.606
10508.626
10508.647
10508.667
10508.688
10508.708
10508.729
10508.749
10508.770
10508.790
10508.811
10508.831
10508.852
10508.872
10508.893
10508.913
10508.934
10508.954
10508.975
10508.995
10509.016
10509.036
10509.057
10509.077
10509.098
10509.118
10509.139
10509.159
10509.180
10509.200
10509.221
10509.241
10509.262
10509.282
10509.303
10509.323
10509.344
10509.364
10509.385
10509.405
10509.426
10509.446
10509.467
10509.487
10509.508
10509.528
10509.549
10509.570
10509.590
10509.611
10509.631
10509.652
10509.672
10509.693
10509.713
10509.734
10509.754
10509.775
10509.795
10509.816
10509.836
10509.857
10509.877
10509.898
10509.918
10509.939
10509.959
10509.980
10510.000
10510.021
10510.041
10510.062
10510.082
10510.103
10510.123
10510.144
10510.164
10510.185
10510.205
10510.226
10510.246
10510.267
10510.287
10510.308
10510.328
10510.349
10510.369
10510.390
10510.410
10510.431
10510.451
10510.472
10510.492
10510.513
10510.533
10510.554
10510.574
10510.595
10510.615
10510.636
10510.656
10510.677
10510.698
10510.718
10510.739
10510.759
10510.780
10510.800
10510.821
10510.841
10510.862
10510.882
10510.903
10510.923
10510.944
10510.964
10510.985
10511.005
10511.026
10511.046
10511.067
10511.087
10511.108
10511.128
10511.149
10511.169
10511.190
10511.210
10511.231
10511.251
10511.272
10511.292
10511.313
10511.333
10511.354
10511.374
10511.395
10511.415
10511.436
10511.456
10511.477
10511.497
10511.518
10511.538
10511.559
10511.579
10511.600
10511.620
10511.641
10511.661
10511.682
10511.702
10511.723
10511.743
10511.764
10511.784
10511.805
10511.825
10511.846
10511.867
10511.887
10511.908
10511.928
10511.949
10511.969
10511.990
10512.010
10512.031
10512.051
10512.072
10512.092
10512.113
10512.133
10512.154
10512.174
10512.195
10512.215
10512.236
10512.256
10512.277
10512.297
10512.318
10512.338
10512.359
10512.379
10512.400
10512.420
10512.441
10512.461
10512.482
10512.502
10512.523
10512.543
10512.564
10512.584
10512.605
10512.625
10512.646
10512.666
10512.687
10512.707
10512.728
10512.748
10512.769
10512.789
10512.810
10512.830
10512.851
10512.871
10512.892
10512.912
10512.933
10512.953
10512.974
10512.995
10513.015
10513.036
10513.056
10513.077
10513.097
10513.118
10513.138
10513.159
10513.179
10513.200
10513.220
10513.241
10513.261
10513.282
10513.302
10513.323
10513.343
10513.364
10513.384
10513.405
10513.425
10513.446
10513.466
10513.487
10513.507
10513.528
10513.548
10513.569
10513.589
10513.610
10513.630
10513.651
10513.671
10513.692
10513.712
10513.733
10513.753
10513.774
10513.794
10513.815
10513.835
10513.856
10513.876
10513.897
10513.917
10513.938
10513.958
10513.979
10513.999
10514.020
10514.040
10514.061
10514.081
10514.102
10514.122
10514.143
10514.164
10514.184
10514.205
10514.225
10514.246
10514.266
10514.287
10514.307
10514.328
10514.348
10514.369
10514.389
10514.410
10514.430
10514.451
10514.471
10514.492
10514.512
10514.533
10514.553
10514.574
10514.594
10514.615
10514.635
10514.656
10514.676
10514.697
10514.717
10514.738
10514.758
10514.779
10514.799
10514.820
10514.840
10514.861
10514.881
10514.902
10514.922
10514.943
10514.963
10514.984
10515.004
10515.025
10515.045
10515.066
10515.086
10515.107
10515.127
10515.148
10515.168
10515.189
10515.209
10515.230
10515.250
10515.271
10515.292
10515.312
10515.333
10515.353
10515.374
10515.394
10515.415
10515.435
10515.456
10515.476
10515.497
10515.517
10515.538
10515.558
10515.579
10515.599
10515.620
10515.640
10515.661
10515.681
10515.702
10515.722
10515.743
10515.763
10515.784
10515.804
10515.825
10515.845
10515.866
10515.886
10515.907
10515.927
10515.948
10515.968
10515.989
10516.009
10516.030
10516.050
10516.071
10516.091
10516.112
10516.132
10516.153
10516.173
10516.194
10516.214
10516.235
10516.255
10516.276
10516.296
10516.317
10516.337
10516.358
10516.378
10516.399
10516.419
10516.440
10516.461
10516.481
10516.502
10516.522
10516.543
10516.563
10516.584
10516.604
10516.625
10516.645
10516.666
10516.686
10516.707
10516.727
10516.748
10516.768
10516.789
10516.809
10516.830
10516.850
10516.871
10516.891
10516.912
10516.932
10516.953
10516.973
10516.994
10517.014
10517.035
10517.055
10517.076
10517.096
10517.117
10517.137
10517.158
10517.178
10517.199
10517.219
10517.240
10517.260
10517.281
10517.301
10517.322
10517.342
10517.363
10517.383
10517.404
10517.424
10517.445
10517.465
10517.486
10517.506
10517.527
10517.547
10517.568
10517.589
10517.609
10517.630
10517.650
10517.671
10517.691
10517.712
10517.732
10517.753
10517.773
10517.794
10517.814
10517.835
10517.855
10517.876
10517.896
10517.917
10517.937
10517.958
10517.978
10517.999
10518.019
10518.040
10518.060
10518.081
10518.101
10518.122
10518.142
10518.163
10518.183
10518.204
10518.224
10518.245
10518.265
10518.286
10518.306
10518.327
10518.347
10518.368
10518.388
10518.409
10518.429
10518.450
10518.470
10518.491
10518.511
10518.532
10518.552
10518.573
10518.593
10518.614
10518.634
10518.655
10518.675
10518.696
10518.716
10518.737
10518.758
10518.778
10518.799
10518.819
10518.840
10518.860
10518.881
10518.901
10518.922
10518.942
10518.963
10518.983
10519.004
10519.024
10519.045
10519.065
10519.086
10519.106
10519.127
10519.147
10519.168
10519.188
10519.209
10519.229
10519.250
10519.270
10519.291
10519.311
10519.332
10519.352
10519.373
10519.393
10519.414
10519.434
10519.455
10519.475
10519.496
10519.516
10519.537
10519.557
10519.578
10519.598
10519.619
10519.639
10519.660
10519.680
10519.701
10519.721
10519.742
10519.762
10519.783
10519.803
10519.824
10519.844
10519.865
10519.886
10519.906
10519.927
10519.947
10519.968
10519.988
10520.009
10520.029
10520.050
10520.070
10520.091
10520.111
10520.132
10520.152
10520.173
10520.193
10520.214
10520.234
10520.255
10520.275
10520.296
10520.316
10520.337
10520.357
10520.378
10520.398
10520.419
10520.439
10520.460
10520.480
10520.501
10520.521
10520.542
10520.562
10520.583
10520.603
10520.624
10520.644
10520.665
10520.685
10520.706
10520.726
10520.747
10520.767
10520.788
10520.808
10520.829
10520.849
10520.870
10520.890
10520.911
10520.931
10520.952
10520.972
10520.993
10521.013
10521.034
10521.055
10521.075
10521.096
10521.116
10521.137
10521.157
10521.178
10521.198
10521.219
10521.239
10521.260
10521.280
10521.301
10521.321
10521.342
10521.362
10521.383
10521.403
10521.424
10521.444
10521.465
10521.485
10521.506
10521.526
10521.547
10521.567
10521.588
10521.608
10521.629
10521.649
10521.670
10521.690
10521.711
10521.731
10521.752
10521.772
10521.793
10521.813
10521.834
10521.854
10521.875
10521.895
10521.916
10521.936
10521.957
10521.977
10521.998
10522.018
10522.039
10522.059
10522.080
10522.100
10522.121
10522.141
10522.162
10522.183
10522.203
10522.224
10522.244
10522.265
10522.285
10522.306
10522.326
10522.347
10522.367
10522.388
10522.408
10522.429
10522.449
10522.470
10522.490
10522.511
10522.531
10522.552
10522.572
10522.593
10522.613
10522.634
10522.654
10522.675
10522.695
10522.716
10522.736
10522.757
10522.777
10522.798
10522.818
10522.839
10522.859
10522.880
10522.900
10522.921
10522.941
10522.962
10522.982
10523.003
10523.023
10523.044
10523.064
10523.085
10523.105
10523.126
10523.146
10523.167
10523.187
10523.208
10523.228
10523.249
10523.269
10523.290
10523.310
10523.331
10523.352
10523.372
10523.393
10523.413
10523.434
10523.454
10523.475
10523.495
10523.516
10523.536
10523.557
10523.577
10523.598
10523.618
10523.639
10523.659
10523.680
10523.700
10523.721
10523.741
10523.762
10523.782
10523.803
10523.823
10523.844
10523.864
10523.885
10523.905
10523.926
10523.946
10523.967
10523.987
10524.008
10524.028
10524.049
10524.069
10524.090
10524.110
10524.131
10524.151
10524.172
10524.192
10524.213
10524.233
10524.254
10524.274
10524.295
10524.315
10524.336
10524.356
10524.377
10524.397
10524.418
10524.438
10524.459
10524.480
10524.500
10524.521
10524.541
10524.562
10524.582
10524.603
10524.623
10524.644
10524.664
10524.685
10524.705
10524.726
10524.746
10524.767
10524.787
10524.808
10524.828
10524.849
10524.869
10524.890
10524.910
10524.931
10524.951
10524.972
10524.992
10525.013
10525.033
10525.054
10525.074
10525.095
10525.115
10525.136
10525.156
10525.177
10525.197
10525.218
10525.238
10525.259
10525.279
10525.300
10525.320
10525.341
10525.361
10525.382
10525.402
10525.423
10525.443
10525.464
10525.484
10525.505
10525.525
10525.546
10525.566
10525.587
10525.607
10525.628
10525.649
10525.669
10525.690
10525.710
10525.731
10525.751
10525.772
10525.792
10525.813
10525.833
10525.854
10525.874
10525.895
10525.915
10525.936
10525.956
10525.977
10525.997
10526.018
10526.038
10526.059
10526.079
10526.100
10526.120
10526.141
10526.161
10526.182
10526.202
10526.223
10526.243
10526.264
10526.284
10526.305
10526.325
10526.346
10526.366
10526.387
10526.407
10526.428
10526.448
10526.469
10526.489
10526.510
10526.530
10526.551
10526.571
10526.592
10526.612
10526.633
10526.653
10526.674
10526.694
10526.715
10526.735
10526.756
10526.777
10526.797
10526.818
10526.838
10526.859
10526.879
10526.900
10526.920
10526.941
10526.961
10526.982
10527.002
10527.023
10527.043
10527.064
10527.084
10527.105
10527.125
10527.146
10527.166
10527.187
10527.207
10527.228
10527.248
10527.269
10527.289
10527.310
10527.330
10527.351
10527.371
10527.392
10527.412
10527.433
10527.453
10527.474
10527.494
10527.515
10527.535
10527.556
10527.576
10527.597
10527.617
10527.638
10527.658
10527.679
10527.699
10527.720
10527.740
10527.761
10527.781
10527.802
10527.822
10527.843
10527.863
10527.884
10527.904
10527.925
10527.946
10527.966
10527.987
10528.007
10528.028
10528.048
10528.069
10528.089
10528.110
10528.130
10528.151
10528.171
10528.192
10528.212
10528.233
10528.253
10528.274
10528.294
10528.315
10528.335
10528.356
10528.376
10528.397
10528.417
10528.438
10528.458
10528.479
10528.499
10528.520
10528.540
10528.561
10528.581
10528.602
10528.622
10528.643
10528.663
10528.684
10528.704
10528.725
10528.745
10528.766
10528.786
10528.807
10528.827
10528.848
10528.868
10528.889
10528.909
10528.930
10528.950
10528.971
10528.991
10529.012
10529.032
10529.053
10529.074
10529.094
10529.115
10529.135
10529.156
10529.176
10529.197
10529.217
10529.238
10529.258
10529.279
10529.299
10529.320
10529.340
10529.361
10529.381
10529.402
10529.422
10529.443
10529.463
10529.484
10529.504
10529.525
10529.545
10529.566
10529.586
10529.607
10529.627
10529.648
10529.668
10529.689
10529.709
10529.730
10529.750
10529.771
10529.791
10529.812
10529.832
10529.853
10529.873
10529.894
10529.914
10529.935
10529.955
10529.976
10529.996
10530.017
10530.037
10530.058
10530.078
10530.099
10530.119
10530.140
10530.160
10530.181
10530.201
10530.222
10530.243
10530.263
10530.284
10530.304
10530.325
10530.345
10530.366
10530.386
10530.407
10530.427
10530.448
10530.468
10530.489
10530.509
10530.530
10530.550
10530.571
10530.591
10530.612
10530.632
10530.653
10530.673
10530.694
10530.714
10530.735
10530.755
10530.776
10530.796
10530.817
10530.837
10530.858
10530.878
10530.899
10530.919
10530.940
10530.960
10530.981
10531.001
10531.022
10531.042
10531.063
10531.083
10531.104
10531.124
10531.145
10531.165
10531.186
10531.206
10531.227
10531.247
10531.268
10531.288
10531.309
10531.329
10531.350
10531.371
10531.391
10531.412
10531.432
10531.453
10531.473
10531.494
10531.514
10531.535
10531.555
10531.576
10531.596
10531.617
10531.637
10531.658
10531.678
10531.699
10531.719
10531.740
10531.760
10531.781
10531.801
10531.822
10531.842
10531.863
10531.883
10531.904
10531.924
10531.945
10531.965
10531.986
10532.006
10532.027
10532.047
10532.068
10532.088
10532.109
10532.129
10532.150
10532.170
10532.191
10532.211
10532.232
10532.252
10532.273
10532.293
10532.314
10532.334
10532.355
10532.375
10532.396
10532.416
10532.437
10532.457
10532.478
10532.498
10532.519
10532.540
10532.560
10532.581
10532.601
10532.622
10532.642
10532.663
10532.683
10532.704
10532.724
10532.745
10532.765
10532.786
10532.806
10532.827
10532.847
10532.868
10532.888
10532.909
10532.929
10532.950
10532.970
10532.991
10533.011
10533.032
10533.052
10533.073
10533.093
10533.114
