 9999.000
 9999.019
 9999.037
 9999.056
 9999.074
 9999.093
 9999.111
 9999.130
 9999.148
 9999.167
 9999.186
 9999.204
 9999.223
 9999.241
 9999.260
 9999.278
 9999.297
 9999.316
 9999.334
 9999.353
 9999.371
 9999.390
 9999.408
 9999.427
 9999.445
 9999.464
 9999.483
 9999.501
 9999.520
 9999.538
 9999.557
 9999.575
 9999.594
 9999.613
 9999.631
 9999.650
 9999.668
 9999.687
 9999.705
 9999.724
 9999.742
 9999.761
 9999.780
 9999.798
 9999.817
 9999.835
 9999.854
 9999.872
 9999.891
 9999.909
 9999.928
 9999.947
 9999.965
 9999.984
10000.002
10000.021
10000.039
10000.058
10000.077
10000.095
10000.114
10000.132
10000.151
10000.169
10000.188
10000.206
10000.225
10000.244
10000.262
10000.281
10000.299
10000.318
10000.336
10000.355
10000.373
10000.392
10000.411
10000.429
10000.448
10000.466
10000.485
10000.503
10000.522
10000.541
10000.559
10000.578
10000.596
10000.615
10000.633
10000.652
10000.670
10000.689
10000.708
10000.726
10000.745
10000.763
10000.782
10000.800
10000.819
10000.838
10000.856
10000.875
10000.893
10000.912
10000.930
10000.949
10000.967
10000.986
10001.005
10001.023
10001.042
10001.060
10001.079
10001.097
10001.116
10001.134
10001.153
10001.172
10001.190
10001.209
10001.227
10001.246
10001.264
10001.283
10001.302
10001.320
10001.339
10001.357
10001.376
10001.394
10001.413
10001.431
10001.450
10001.469
10001.487
10001.506
10001.524
10001.543
10001.561
10001.580
10001.599
10001.617
10001.636
10001.654
10001.673
10001.691
10001.710
10001.728
10001.747
10001.766
10001.784
10001.803
10001.821
10001.840
10001.858
10001.877
10001.895
10001.914
10001.933
10001.951
10001.970
10001.988
10002.007
10002.025
10002.044
10002.063
10002.081
10002.100
10002.118
10002.137
10002.155
10002.174
10002.192
10002.211
10002.230
10002.248
10002.267
10002.285
10002.304
10002.322
10002.341
10002.359
10002.378
10002.397
10002.415
10002.434
10002.452
10002.471
10002.489
10002.508
10002.527
10002.545
10002.564
10002.582
10002.601
10002.619
10002.638
10002.656
10002.675
10002.694
10002.712
10002.731
10002.749
10002.768
10002.786
10002.805
10002.824
10002.842
10002.861
10002.879
10002.898
10002.916
10002.935
10002.953
10002.972
10002.991
10003.009
10003.028
10003.046
10003.065
10003.083
10003.102
10003.120
10003.139
10003.158
10003.176
10003.195
10003.213
10003.232
10003.250
10003.269
10003.288
10003.306
10003.325
10003.343
10003.362
10003.380
10003.399
10003.417
10003.436
10003.455
10003.473
10003.492
10003.510
10003.529
10003.547
10003.566
10003.585
10003.603
10003.622
10003.640
10003.659
10003.677
10003.696
10003.714
10003.733
10003.752
10003.770
10003.789
10003.807
10003.826
10003.844
10003.863
10003.881
10003.900
10003.919
10003.937
10003.956
10003.974
10003.993
10004.011
10004.030
10004.049
10004.067
10004.086
10004.104
10004.123
10004.141
10004.160
10004.178
10004.197
10004.216
10004.234
10004.253
10004.271
10004.290
10004.308
10004.327
10004.345
10004.364
10004.383
10004.401
10004.420
10004.438
10004.457
10004.475
10004.494
10004.513
10004.531
10004.550
10004.568
10004.587
10004.605
10004.624
10004.642
10004.661
10004.680
10004.698
10004.717
10004.735
10004.754
10004.772
10004.791
10004.810
10004.828
10004.847
10004.865
10004.884
10004.902
10004.921
10004.939
10004.958
10004.977
10004.995
10005.014
10005.032
10005.051
10005.069
10005.088
10005.106
10005.125
10005.144
10005.162
10005.181
10005.199
10005.218
10005.236
10005.255
10005.274
10005.292
10005.311
10005.329
10005.348
10005.366
10005.385
10005.403
10005.422
10005.441
10005.459
10005.478
10005.496
10005.515
10005.533
10005.552
10005.570
10005.589
10005.608
10005.626
10005.645
10005.663
10005.682
10005.700
10005.719
10005.738
10005.756
10005.775
10005.793
10005.812
10005.830
10005.849
10005.867
10005.886
10005.905
10005.923
10005.942
10005.960
10005.979
10005.997
10006.016
10006.035
10006.053
10006.072
10006.090
10006.109
10006.127
10006.146
10006.164
10006.183
10006.202
10006.220
10006.239
10006.257
10006.276
10006.294
10006.313
10006.331
10006.350
10006.369
10006.387
10006.406
10006.424
10006.443
10006.461
10006.480
10006.499
10006.517
10006.536
10006.554
10006.573
10006.591
10006.610
10006.628
10006.647
10006.666
10006.684
10006.703
10006.721
10006.740
10006.758
10006.777
10006.796
10006.814
10006.833
10006.851
10006.870
10006.888
10006.907
10006.925
10006.944
10006.963
10006.981
10007.000
10007.018
10007.037
10007.055
10007.074
10007.092
10007.111
10007.130
10007.148
10007.167
10007.185
10007.204
10007.222
10007.241
10007.260
10007.278
10007.297
10007.315
10007.334
10007.352
10007.371
10007.389
10007.408
10007.427
10007.445
10007.464
10007.482
10007.501
10007.519
10007.538
10007.556
10007.575
10007.594
10007.612
10007.631
10007.649
10007.668
10007.686
10007.705
10007.724
10007.742
10007.761
10007.779
10007.798
10007.816
10007.835
10007.853
10007.872
10007.891
10007.909
10007.928
10007.946
10007.965
10007.983
10008.002
10008.021
10008.039
10008.058
10008.076
10008.095
10008.113
10008.132
10008.150
10008.169
10008.188
10008.206
10008.225
10008.243
10008.262
10008.280
10008.299
10008.317
10008.336
10008.355
10008.373
10008.392
10008.410
10008.429
10008.447
10008.466
10008.485
10008.503
10008.522
10008.540
10008.559
10008.577
10008.596
10008.614
10008.633
10008.652
10008.670
10008.689
10008.707
10008.726
10008.744
10008.763
10008.782
10008.800
10008.819
10008.837
10008.856
10008.874
10008.893
10008.911
10008.930
10008.949
10008.967
10008.986
10009.004
10009.023
10009.041
10009.060
10009.078
10009.097
10009.116
10009.134
10009.153
10009.171
10009.190
10009.208
10009.227
10009.246
10009.264
10009.283
10009.301
10009.320
10009.338
10009.357
10009.375
10009.394
10009.413
10009.431
10009.450
10009.468
10009.487
10009.505
10009.524
10009.542
10009.561
10009.580
10009.598
10009.617
10009.635
10009.654
10009.672
10009.691
10009.710
10009.728
10009.747
10009.765
10009.784
10009.802
10009.821
10009.839
10009.858
10009.877
10009.895
10009.914
10009.932
10009.951
10009.969
10009.988
10010.007
10010.025
10010.044
10010.062
10010.081
10010.099
10010.118
10010.136
10010.155
10010.174
10010.192
10010.211
10010.229
10010.248
10010.266
10010.285
10010.303
10010.322
10010.341
10010.359
10010.378
10010.396
10010.415
10010.433
10010.452
10010.471
10010.489
10010.508
10010.526
10010.545
10010.563
10010.582
10010.600
10010.619
10010.638
10010.656
10010.675
10010.693
10010.712
10010.730
10010.749
10010.768
10010.786
10010.805
10010.823
10010.842
10010.860
10010.879
10010.897
10010.916
10010.935
10010.953
10010.972
10010.990
10011.009
10011.027
10011.046
10011.064
10011.083
10011.102
10011.120
10011.139
10011.157
10011.176
10011.194
10011.213
10011.232
10011.250
10011.269
10011.287
10011.306
10011.324
10011.343
10011.361
10011.380
10011.399
10011.417
10011.436
10011.454
10011.473
10011.491
10011.510
10011.528
10011.547
10011.566
10011.584
10011.603
10011.621
10011.640
10011.658
10011.677
10011.696
10011.714
10011.733
10011.751
10011.770
10011.788
10011.807
10011.825
10011.844
10011.863
10011.881
10011.900
10011.918
10011.937
10011.955
10011.974
10011.993
10012.011
10012.030
10012.048
10012.067
10012.085
10012.104
10012.122
10012.141
10012.160
10012.178
10012.197
10012.215
10012.234
10012.252
10012.271
10012.289
10012.308
10012.327
10012.345
10012.364
10012.382
10012.401
10012.419
10012.438
10012.457
10012.475
10012.494
10012.512
10012.531
10012.549
10012.568
10012.586
10012.605
10012.624
10012.642
10012.661
10012.679
10012.698
10012.716
10012.735
10012.754
10012.772
10012.791
10012.809
10012.828
10012.846
10012.865
10012.883
10012.902
10012.921
10012.939
10012.958
10012.976
10012.995
10013.013
10013.032
10013.050
10013.069
10013.088
10013.106
10013.125
10013.143
10013.162
10013.180
10013.199
10013.218
10013.236
10013.255
10013.273
10013.292
10013.310
10013.329
10013.347
10013.366
10013.385
10013.403
10013.422
10013.440
10013.459
10013.477
10013.496
10013.514
10013.533
10013.552
10013.570
10013.589
10013.607
10013.626
10013.644
10013.663
10013.682
10013.700
10013.719
10013.737
10013.756
10013.774
10013.793
10013.811
10013.830
10013.849
10013.867
10013.886
10013.904
10013.923
10013.941
10013.960
10013.979
10013.997
10014.016
10014.034
10014.053
10014.071
10014.090
10014.108
10014.127
10014.146
10014.164
10014.183
10014.201
10014.220
10014.238
10014.257
10014.275
10014.294
10014.313
10014.331
10014.350
10014.368
10014.387
10014.405
10014.424
10014.443
10014.461
10014.480
10014.498
10014.517
10014.535
10014.554
10014.572
10014.591
10014.610
10014.628
10014.647
10014.665
10014.684
10014.702
10014.721
10014.739
10014.758
10014.777
10014.795
10014.814
10014.832
10014.851
10014.869
10014.888
10014.907
10014.925
10014.944
10014.962
10014.981
10014.999
10015.018
10015.036
10015.055
10015.074
10015.092
10015.111
10015.129
10015.148
10015.166
10015.185
10015.204
10015.222
10015.241
10015.259
10015.278
10015.296
10015.315
10015.333
10015.352
10015.371
10015.389
10015.408
10015.426
10015.445
10015.463
10015.482
10015.500
10015.519
10015.538
10015.556
10015.575
10015.593
10015.612
10015.630
10015.649
10015.668
10015.686
10015.705
10015.723
10015.742
10015.760
10015.779
10015.797
10015.816
10015.835
10015.853
10015.872
10015.890
10015.909
10015.927
10015.946
10015.965
10015.983
10016.002
10016.020
10016.039
10016.057
10016.076
10016.094
10016.113
10016.132
10016.150
10016.169
10016.187
10016.206
10016.224
10016.243
10016.261
10016.280
10016.299
10016.317
10016.336
10016.354
10016.373
10016.391
10016.410
10016.429
10016.447
10016.466
10016.484
10016.503
10016.521
10016.540
10016.558
10016.577
10016.596
10016.614
10016.633
10016.651
10016.670
10016.688
10016.707
10016.725
10016.744
10016.763
10016.781
10016.800
10016.818
10016.837
10016.855
10016.874
10016.893
10016.911
10016.930
10016.948
10016.967
10016.985
10017.004
10017.022
10017.041
10017.060
10017.078
10017.097
10017.115
10017.134
10017.152
10017.171
10017.190
10017.208
10017.227
10017.245
10017.264
10017.282
10017.301
10017.319
10017.338
10017.357
10017.375
10017.394
10017.412
10017.431
10017.449
10017.468
10017.486
10017.505
10017.524
10017.542
10017.561
10017.579
10017.598
10017.616
10017.635
10017.654
10017.672
10017.691
10017.709
10017.728
10017.746
10017.765
10017.783
10017.802
10017.821
10017.839
10017.858
10017.876
10017.895
10017.913
10017.932
10017.951
10017.969
10017.988
10018.006
10018.025
10018.043
10018.062
10018.080
10018.099
10018.118
10018.136
10018.155
10018.173
10018.192
10018.210
10018.229
10018.247
10018.266
10018.285
10018.303
10018.322
10018.340
10018.359
10018.377
10018.396
10018.415
10018.433
10018.452
10018.470
10018.489
10018.507
10018.526
10018.544
10018.563
10018.582
10018.600
10018.619
10018.637
10018.656
10018.674
10018.693
10018.711
10018.730
10018.749
10018.767
10018.786
10018.804
10018.823
10018.841
10018.860
10018.879
10018.897
10018.916
10018.934
10018.953
10018.971
10018.990
10019.008
10019.027
10019.046
10019.064
10019.083
10019.101
10019.120
10019.138
10019.157
10019.176
10019.194
10019.213
10019.231
10019.250
10019.268
10019.287
10019.305
10019.324
10019.343
10019.361
10019.380
10019.398
10019.417
10019.435
10019.454
10019.472
10019.491
10019.510
10019.528
10019.547
10019.565
10019.584
10019.602
10019.621
10019.640
10019.658
10019.677
10019.695
10019.714
10019.732
10019.751
10019.769
10019.788
10019.807
10019.825
10019.844
10019.862
10019.881
10019.899
10019.918
10019.937
10019.955
10019.974
10019.992
10020.011
10020.029
10020.048
10020.066
10020.085
10020.104
10020.122
10020.141
10020.159
10020.178
10020.196
10020.215
10020.233
10020.252
10020.271
10020.289
10020.308
10020.326
10020.345
10020.363
10020.382
10020.401
10020.419
10020.438
10020.456
10020.475
10020.493
10020.512
10020.530
10020.549
10020.568
10020.586
10020.605
10020.623
10020.642
10020.660
10020.679
10020.697
10020.716
10020.735
10020.753
10020.772
10020.790
10020.809
10020.827
10020.846
10020.865
10020.883
10020.902
10020.920
10020.939
10020.957
10020.976
10020.994
10021.013
10021.032
10021.050
10021.069
10021.087
10021.106
10021.124
10021.143
10021.162
10021.180
10021.199
10021.217
10021.236
10021.254
10021.273
10021.291
10021.310
10021.329
10021.347
10021.366
10021.384
10021.403
10021.421
10021.440
10021.458
10021.477
10021.496
10021.514
10021.533
10021.551
10021.570
10021.588
10021.607
10021.626
10021.644
10021.663
10021.681
10021.700
10021.718
10021.737
10021.755
10021.774
10021.793
10021.811
10021.830
10021.848
10021.867
10021.885
10021.904
10021.923
10021.941
10021.960
10021.978
10021.997
10022.015
10022.034
10022.052
10022.071
10022.090
10022.108
10022.127
10022.145
10022.164
10022.182
10022.201
10022.219
10022.238
10022.257
10022.275
10022.294
10022.312
10022.331
10022.349
10022.368
10022.387
10022.405
10022.424
10022.442
10022.461
10022.479
10022.498
10022.516
10022.535
10022.554
10022.572
10022.591
10022.609
10022.628
10022.646
10022.665
10022.683
10022.702
10022.721
10022.739
10022.758
10022.776
10022.795
10022.813
10022.832
10022.851
10022.869
10022.888
10022.906
10022.925
10022.943
10022.962
10022.980
10022.999
10023.018
10023.036
10023.055
10023.073
10023.092
10023.110
10023.129
10023.148
10023.166
10023.185
10023.203
10023.222
10023.240
10023.259
10023.277
10023.296
10023.315
10023.333
10023.352
10023.370
10023.389
10023.407
10023.426
10023.444
10023.463
10023.482
10023.500
10023.519
10023.537
10023.556
10023.574
10023.593
10023.612
10023.630
10023.649
10023.667
10023.686
10023.704
10023.723
10023.741
10023.760
10023.779
10023.797
10023.816
10023.834
10023.853
10023.871
10023.890
10023.908
10023.927
10023.946
10023.964
10023.983
10024.001
10024.020
10024.038
10024.057
10024.076
10024.094
10024.113
10024.131
10024.150
10024.168
10024.187
10024.205
10024.224
10024.243
10024.261
10024.280
10024.298
10024.317
10024.335
10024.354
10024.373
10024.391
10024.410
10024.428
10024.447
10024.465
10024.484
10024.502
10024.521
10024.540
10024.558
10024.577
10024.595
10024.614
10024.632
10024.651
10024.669
10024.688
10024.707
10024.725
10024.744
10024.762
10024.781
10024.799
10024.818
10024.837
10024.855
10024.874
10024.892
10024.911
10024.929
10024.948
10024.966
10024.985
10025.004
10025.022
10025.041
10025.059
10025.078
10025.096
10025.115
10025.134
10025.152
10025.171
10025.189
10025.208
10025.226
10025.245
10025.263
10025.282
10025.301
10025.319
10025.338
10025.356
10025.375
10025.393
10025.412
10025.430
10025.449
10025.468
10025.486
10025.505
10025.523
10025.542
10025.560
10025.579
10025.598
10025.616
10025.635
10025.653
10025.672
10025.690
10025.709
10025.727
10025.746
10025.765
10025.783
10025.802
10025.820
10025.839
10025.857
10025.876
10025.894
10025.913
10025.932
10025.950
10025.969
10025.987
10026.006
10026.024
10026.043
10026.062
10026.080
10026.099
10026.117
10026.136
10026.154
10026.173
10026.191
10026.210
10026.229
10026.247
10026.266
10026.284
10026.303
10026.321
10026.340
10026.359
10026.377
10026.396
10026.414
10026.433
10026.451
10026.470
10026.488
10026.507
10026.526
10026.544
10026.563
10026.581
10026.600
10026.618
10026.637
10026.655
10026.674
10026.693
10026.711
10026.730
10026.748
10026.767
10026.785
10026.804
10026.823
10026.841
10026.860
10026.878
10026.897
10026.915
10026.934
10026.952
10026.971
10026.990
10027.008
10027.027
10027.045
10027.064
10027.082
10027.101
10027.120
10027.138
10027.157
10027.175
10027.194
10027.212
10027.231
10027.249
10027.268
10027.287
10027.305
10027.324
10027.342
10027.361
10027.379
10027.398
10027.416
10027.435
10027.454
10027.472
10027.491
10027.509
10027.528
10027.546
10027.565
10027.584
10027.602
10027.621
10027.639
10027.658
10027.676
10027.695
10027.713
10027.732
10027.751
10027.769
10027.788
10027.806
10027.825
10027.843
10027.862
10027.880
10027.899
10027.918
10027.936
10027.955
10027.973
10027.992
10028.010
10028.029
10028.048
10028.066
10028.085
10028.103
10028.122
10028.140
10028.159
10028.177
10028.196
10028.215
10028.233
10028.252
10028.270
10028.289
10028.307
10028.326
10028.345
10028.363
10028.382
10028.400
10028.419
10028.437
10028.456
10028.474
10028.493
10028.512
10028.530
10028.549
10028.567
10028.586
10028.604
10028.623
10028.641
10028.660
10028.679
10028.697
10028.716
10028.734
10028.753
10028.771
10028.790
10028.809
10028.827
10028.846
10028.864
10028.883
10028.901
10028.920
10028.938
10028.957
10028.976
10028.994
10029.013
10029.031
10029.050
10029.068
10029.087
10029.106
10029.124
10029.143
10029.161
10029.180
10029.198
10029.217
10029.235
10029.254
10029.273
10029.291
10029.310
10029.328
10029.347
10029.365
10029.384
10029.402
10029.421
10029.440
10029.458
10029.477
10029.495
10029.514
10029.532
10029.551
10029.570
10029.588
10029.607
10029.625
10029.644
10029.662
10029.681
10029.699
10029.718
10029.737
10029.755
10029.774
10029.792
10029.811
10029.829
10029.848
10029.866
10029.885
10029.904
10029.922
10029.941
10029.959
10029.978
10029.996
10030.015
10030.034
10030.052
10030.071
10030.089
10030.108
10030.126
10030.145
10030.163
10030.182
10030.201
10030.219
10030.238
10030.256
10030.275
10030.293
10030.312
10030.331
10030.349
10030.368
10030.386
10030.405
10030.423
10030.442
10030.460
10030.479
10030.498
10030.516
10030.535
10030.553
10030.572
10030.590
10030.609
10030.627
10030.646
10030.665
10030.683
10030.702
10030.720
10030.739
10030.757
10030.776
10030.795
10030.813
10030.832
10030.850
10030.869
10030.887
10030.906
10030.924
10030.943
10030.962
10030.980
10030.999
10031.017
10031.036
10031.054
10031.073
10031.092
10031.110
10031.129
10031.147
10031.166
10031.184
10031.203
10031.221
10031.240
10031.259
10031.277
10031.296
10031.314
10031.333
10031.351
10031.370
10031.388
10031.407
10031.426
10031.444
10031.463
10031.481
10031.500
10031.518
10031.537
10031.556
10031.574
10031.593
10031.611
10031.630
10031.648
10031.667
10031.685
10031.704
10031.723
10031.741
10031.760
10031.778
10031.797
10031.815
10031.834
10031.852
10031.871
10031.890
10031.908
10031.927
10031.945
10031.964
10031.982
10032.001
10032.020
10032.038
10032.057
10032.075
10032.094
10032.112
10032.131
10032.149
10032.168
10032.187
10032.205
10032.224
10032.242
10032.261
10032.279
10032.298
10032.317
10032.335
10032.354
10032.372
10032.391
10032.409
10032.428
10032.446
10032.465
10032.484
10032.502
10032.521
10032.539
10032.558
10032.576
10032.595
10032.613
10032.632
10032.651
10032.669
10032.688
10032.706
10032.725
10032.743
10032.762
10032.781
10032.799
10032.818
10032.836
10032.855
10032.873
10032.892
10032.910
10032.929
10032.948
10032.966
10032.985
10033.003
10033.022
10033.040
10033.059
10033.077
10033.096
10033.115
10033.133
10033.152
10033.170
10033.189
10033.207
10033.226
10033.245
10033.263
10033.282
10033.300
10033.319
10033.337
10033.356
10033.374
10033.393
10033.412
10033.430
10033.449
10033.467
10033.486
10033.504
10033.523
10033.542
10033.560
10033.579
10033.597
10033.616
10033.634
10033.653
10033.671
10033.690
10033.709
10033.727
10033.746
10033.764
10033.783
10033.801
10033.820
10033.838
10033.857
10033.876
10033.894
10033.913
10033.931
10033.950
10033.968
10033.987
10034.006
10034.024
10034.043
10034.061
10034.080
10034.098
10034.117
10034.135
10034.154
10034.173
10034.191
10034.210
10034.228
10034.247
10034.265
10034.284
10034.303
10034.321
10034.340
10034.358
10034.377
10034.395
10034.414
10034.432
10034.451
10034.470
10034.488
10034.507
10034.525
10034.544
10034.562
10034.581
10034.599
10034.618
10034.637
10034.655
10034.674
10034.692
10034.711
10034.729
10034.748
10034.767
10034.785
10034.804
10034.822
10034.841
10034.859
10034.878
10034.896
10034.915
10034.934
10034.952
10034.971
10034.989
10035.008
10035.026
10035.045
10035.063
10035.082
10035.101
10035.119
10035.138
10035.156
10035.175
10035.193
10035.212
10035.231
10035.249
10035.268
10035.286
10035.305
10035.323
10035.342
10035.360
10035.379
10035.398
10035.416
10035.435
10035.453
10035.472
10035.490
10035.509
10035.528
10035.546
10035.565
10035.583
10035.602
10035.620
10035.639
10035.657
10035.676
10035.695
10035.713
10035.732
10035.750
10035.769
10035.787
10035.806
10035.824
10035.843
10035.862
10035.880
10035.899
10035.917
10035.936
10035.954
10035.973
10035.992
10036.010
10036.029
10036.047
10036.066
10036.084
10036.103
10036.121
10036.140
10036.159
10036.177
10036.196
10036.214
10036.233
10036.251
10036.270
10036.289
10036.307
10036.326
10036.344
10036.363
10036.381
10036.400
10036.418
10036.437
10036.456
10036.474
10036.493
10036.511
10036.530
10036.548
10036.567
10036.585
10036.604
10036.623
10036.641
10036.660
10036.678
10036.697
10036.715
10036.734
10036.753
10036.771
10036.790
10036.808
10036.827
10036.845
10036.864
10036.882
10036.901
10036.920
10036.938
10036.957
10036.975
10036.994
10037.012
10037.031
10037.049
10037.068
10037.087
10037.105
10037.124
10037.142
10037.161
10037.179
10037.198
10037.217
10037.235
10037.254
10037.272
10037.291
10037.309
10037.328
10037.346
10037.365
10037.384
10037.402
10037.421
10037.439
10037.458
10037.476
10037.495
10037.514
10037.532
10037.551
10037.569
10037.588
10037.606
10037.625
10037.643
10037.662
10037.681
10037.699
10037.718
10037.736
10037.755
10037.773
10037.792
10037.810
10037.829
10037.848
10037.866
10037.885
10037.903
10037.922
10037.940
10037.959
10037.978
10037.996
10038.015
10038.033
10038.052
10038.070
10038.089
10038.107
10038.126
10038.145
10038.163
10038.182
10038.200
10038.219
10038.237
10038.256
10038.275
10038.293
10038.312
10038.330
10038.349
10038.367
10038.386
10038.404
10038.423
10038.442
10038.460
10038.479
10038.497
10038.516
10038.534
10038.553
10038.571
10038.590
10038.609
10038.627
10038.646
10038.664
10038.683
10038.701
10038.720
10038.739
10038.757
10038.776
10038.794
10038.813
10038.831
10038.850
10038.868
10038.887
10038.906
10038.924
10038.943
10038.961
10038.980
10038.998
10039.017
10039.035
10039.054
10039.073
10039.091
10039.110
10039.128
10039.147
10039.165
10039.184
10039.203
10039.221
10039.240
10039.258
10039.277
10039.295
10039.314
10039.332
10039.351
10039.370
10039.388
10039.407
10039.425
10039.444
10039.462
10039.481
10039.500
10039.518
10039.537
10039.555
10039.574
10039.592
10039.611
10039.629
10039.648
10039.667
10039.685
10039.704
10039.722
10039.741
10039.759
10039.778
10039.796
10039.815
10039.834
10039.852
10039.871
10039.889
10039.908
10039.926
10039.945
10039.964
10039.982
10040.001
10040.019
10040.038
10040.056
10040.075
10040.093
10040.112
10040.131
10040.149
10040.168
10040.186
10040.205
10040.223
10040.242
10040.261
10040.279
10040.298
10040.316
10040.335
10040.353
10040.372
10040.390
10040.409
10040.428
10040.446
10040.465
10040.483
10040.502
10040.520
10040.539
10040.557
10040.576
10040.595
10040.613
10040.632
10040.650
10040.669
10040.687
10040.706
10040.725
10040.743
10040.762
10040.780
10040.799
10040.817
10040.836
10040.854
10040.873
10040.892
10040.910
10040.929
10040.947
10040.966
10040.984
10041.003
10041.021
10041.040
10041.059
10041.077
10041.096
10041.114
10041.133
10041.151
10041.170
10041.189
10041.207
10041.226
10041.244
10041.263
10041.281
10041.300
10041.318
10041.337
10041.356
10041.374
10041.393
10041.411
10041.430
10041.448
10041.467
10041.486
10041.504
10041.523
10041.541
10041.560
10041.578
10041.597
10041.615
10041.634
10041.653
10041.671
10041.690
10041.708
10041.727
10041.745
10041.764
10041.782
10041.801
10041.820
10041.838
10041.857
10041.875
10041.894
10041.912
10041.931
10041.950
10041.968
10041.987
10042.005
10042.024
10042.042
10042.061
10042.079
10042.098
10042.117
10042.135
10042.154
10042.172
10042.191
10042.209
10042.228
10042.246
10042.265
10042.284
10042.302
10042.321
10042.339
10042.358
10042.376
10042.395
10042.414
10042.432
10042.451
10042.469
10042.488
10042.506
10042.525
10042.543
10042.562
10042.581
10042.599
10042.618
10042.636
10042.655
10042.673
10042.692
10042.711
10042.729
10042.748
10042.766
10042.785
10042.803
10042.822
10042.840
10042.859
10042.878
10042.896
10042.915
10042.933
10042.952
10042.970
10042.989
10043.007
10043.026
10043.045
10043.063
10043.082
10043.100
10043.119
10043.137
10043.156
10043.175
10043.193
10043.212
10043.230
10043.249
10043.267
10043.286
10043.304
10043.323
10043.342
10043.360
10043.379
10043.397
10043.416
10043.434
10043.453
10043.472
10043.490
10043.509
10043.527
10043.546
10043.564
10043.583
10043.601
10043.620
10043.639
10043.657
10043.676
10043.694
10043.713
10043.731
10043.750
10043.768
10043.787
10043.806
10043.824
10043.843
10043.861
10043.880
10043.898
10043.917
10043.936
10043.954
10043.973
10043.991
10044.010
10044.028
10044.047
10044.065
10044.084
10044.103
10044.121
10044.140
10044.158
10044.177
10044.195
10044.214
10044.232
10044.251
10044.270
10044.288
10044.307
10044.325
10044.344
10044.362
10044.381
10044.400
10044.418
10044.437
10044.455
10044.474
10044.492
10044.511
10044.529
10044.548
10044.567
10044.585
10044.604
10044.622
10044.641
10044.659
10044.678
10044.697
10044.715
10044.734
10044.752
10044.771
10044.789
10044.808
10044.826
10044.845
10044.864
10044.882
10044.901
10044.919
10044.938
10044.956
10044.975
10044.993
10045.012
10045.031
10045.049
10045.068
10045.086
10045.105
10045.123
10045.142
10045.161
10045.179
10045.198
10045.216
10045.235
10045.253
10045.272
10045.290
10045.309
10045.328
10045.346
10045.365
10045.383
10045.402
10045.420
10045.439
10045.458
10045.476
10045.495
10045.513
10045.532
10045.550
10045.569
10045.587
10045.606
10045.625
10045.643
10045.662
10045.680
10045.699
10045.717
10045.736
10045.754
10045.773
10045.792
10045.810
10045.829
10045.847
10045.866
10045.884
10045.903
10045.922
10045.940
10045.959
10045.977
10045.996
10046.014
10046.033
10046.051
10046.070
10046.089
10046.107
10046.126
10046.144
10046.163
10046.181
10046.200
10046.218
10046.237
10046.256
10046.274
10046.293
10046.311
10046.330
10046.348
10046.367
10046.386
10046.404
10046.423
10046.441
10046.460
10046.478
10046.497
10046.515
10046.534
10046.553
10046.571
10046.590
10046.608
10046.627
10046.645
10046.664
10046.683
10046.701
10046.720
10046.738
10046.757
10046.775
10046.794
10046.812
10046.831
10046.850
10046.868
10046.887
10046.905
10046.924
10046.942
10046.961
10046.979
10046.998
10047.017
10047.035
10047.054
10047.072
10047.091
10047.109
10047.128
10047.147
10047.165
10047.184
10047.202
10047.221
10047.239
10047.258
10047.276
10047.295
10047.314
10047.332
10047.351
10047.369
10047.388
10047.406
10047.425
10047.444
10047.462
10047.481
10047.499
10047.518
10047.536
10047.555
10047.573
10047.592
10047.611
10047.629
10047.648
10047.666
10047.685
10047.703
10047.722
10047.740
10047.759
10047.778
10047.796
10047.815
10047.833
10047.852
10047.870
10047.889
10047.908
10047.926
10047.945
10047.963
10047.982
10048.000
10048.019
10048.037
10048.056
10048.075
10048.093
10048.112
10048.130
10048.149
10048.167
10048.186
10048.204
10048.223
10048.242
10048.260
10048.279
10048.297
10048.316
10048.334
10048.353
10048.372
10048.390
10048.409
10048.427
10048.446
10048.464
10048.483
10048.501
10048.520
10048.539
10048.557
10048.576
10048.594
10048.613
10048.631
10048.650
10048.669
10048.687
10048.706
10048.724
10048.743
10048.761
10048.780
10048.798
10048.817
10048.836
10048.854
10048.873
10048.891
10048.910
10048.928
10048.947
10048.965
10048.984
10049.003
10049.021
10049.040
10049.058
10049.077
10049.095
10049.114
10049.133
10049.151
10049.170
10049.188
10049.207
10049.225
10049.244
10049.262
10049.281
10049.300
10049.318
10049.337
10049.355
10049.374
10049.392
10049.411
10049.430
10049.448
10049.467
10049.485
10049.504
10049.522
10049.541
10049.559
10049.578
10049.597
10049.615
10049.634
10049.652
10049.671
10049.689
10049.708
10049.726
10049.745
10049.764
10049.782
10049.801
10049.819
10049.838
10049.856
10049.875
10049.894
10049.912
10049.931
10049.949
10049.968
10049.986
10050.005
10050.023
10050.042
10050.061
10050.079
10050.098
10050.116
10050.135
10050.153
10050.172
10050.190
10050.209
10050.228
10050.246
10050.265
10050.283
10050.302
10050.320
10050.339
10050.358
10050.376
10050.395
10050.413
10050.432
10050.450
10050.469
10050.487
10050.506
10050.525
10050.543
10050.562
10050.580
10050.599
10050.617
10050.636
10050.655
10050.673
10050.692
10050.710
10050.729
10050.747
10050.766
10050.784
10050.803
10050.822
10050.840
10050.859
10050.877
10050.896
10050.914
10050.933
10050.951
10050.970
10050.989
10051.007
10051.026
10051.044
10051.063
10051.081
10051.100
10051.119
10051.137
10051.156
10051.174
10051.193
10051.211
10051.230
10051.248
10051.267
10051.286
10051.304
10051.323
10051.341
10051.360
10051.378
10051.397
10051.415
10051.434
10051.453
10051.471
10051.490
10051.508
10051.527
10051.545
10051.564
10051.583
10051.601
10051.620
10051.638
10051.657
10051.675
10051.694
10051.712
10051.731
10051.750
10051.768
10051.787
10051.805
10051.824
10051.842
10051.861
10051.880
10051.898
10051.917
10051.935
10051.954
10051.972
10051.991
10052.009
10052.028
10052.047
10052.065
10052.084
10052.102
10052.121
10052.139
10052.158
10052.176
10052.195
10052.214
10052.232
10052.251
10052.269
10052.288
10052.306
10052.325
10052.344
10052.362
10052.381
10052.399
10052.418
10052.436
10052.455
10052.473
10052.492
10052.511
10052.529
10052.548
10052.566
10052.585
10052.603
10052.622
10052.641
10052.659
10052.678
10052.696
10052.715
10052.733
10052.752
10052.770
10052.789
10052.808
10052.826
10052.845
10052.863
10052.882
10052.900
10052.919
10052.937
10052.956
10052.975
10052.993
10053.012
10053.030
10053.049
10053.067
10053.086
10053.105
10053.123
10053.142
10053.160
10053.179
10053.197
10053.216
10053.234
10053.253
10053.272
10053.290
10053.309
10053.327
10053.346
10053.364
10053.383
10053.401
10053.420
10053.439
10053.457
10053.476
10053.494
10053.513
10053.531
10053.550
10053.569
10053.587
10053.606
10053.624
10053.643
10053.661
10053.680
10053.698
10053.717
10053.736
10053.754
10053.773
10053.791
10053.810
10053.828
10053.847
10053.866
10053.884
10053.903
10053.921
10053.940
10053.958
10053.977
10053.995
10054.014
10054.033
10054.051
10054.070
10054.088
10054.107
10054.125
10054.144
10054.162
10054.181
10054.200
10054.218
10054.237
10054.255
10054.274
10054.292
10054.311
10054.330
10054.348
10054.367
10054.385
10054.404
10054.422
10054.441
10054.459
10054.478
10054.497
10054.515
10054.534
10054.552
10054.571
10054.589
10054.608
10054.627
10054.645
10054.664
10054.682
10054.701
10054.719
10054.738
10054.756
10054.775
10054.794
10054.812
10054.831
10054.849
10054.868
10054.886
10054.905
10054.923
10054.942
10054.961
10054.979
10054.998
10055.016
10055.035
10055.053
10055.072
10055.091
10055.109
10055.128
10055.146
10055.165
10055.183
10055.202
10055.220
10055.239
10055.258
10055.276
10055.295
10055.313
10055.332
10055.350
10055.369
10055.387
10055.406
10055.425
10055.443
10055.462
10055.480
10055.499
10055.517
10055.536
10055.555
10055.573
10055.592
10055.610
10055.629
10055.647
10055.666
10055.684
10055.703
10055.722
10055.740
10055.759
10055.777
10055.796
10055.814
10055.833
10055.852
10055.870
10055.889
10055.907
10055.926
10055.944
10055.963
10055.981
10056.000
