10287.180
10287.200
10287.220
10287.239
10287.259
10287.278
10287.298
10287.317
10287.337
10287.356
10287.376
10287.395
10287.415
10287.434
10287.454
10287.473
10287.493
10287.513
10287.532
10287.552
10287.571
10287.591
10287.610
10287.630
10287.649
10287.669
10287.688
10287.708
10287.727
10287.747
10287.766
10287.786
10287.805
10287.825
10287.845
10287.864
10287.884
10287.903
10287.923
10287.942
10287.962
10287.981
10288.001
10288.020
10288.040
10288.059
10288.079
10288.098
10288.118
10288.138
10288.157
10288.177
10288.196
10288.216
10288.235
10288.255
10288.274
10288.294
10288.313
10288.333
10288.352
10288.372
10288.391
10288.411
10288.431
10288.450
10288.470
10288.489
10288.509
10288.528
10288.548
10288.567
10288.587
10288.606
10288.626
10288.645
10288.665
10288.684
10288.704
10288.724
10288.743
10288.763
10288.782
10288.802
10288.821
10288.841
10288.860
10288.880
10288.899
10288.919
10288.938
10288.958
10288.977
10288.997
10289.016
10289.036
10289.056
10289.075
10289.095
10289.114
10289.134
10289.153
10289.173
10289.192
10289.212
10289.231
10289.251
10289.270
10289.290
10289.309
10289.329
10289.349
10289.368
10289.388
10289.407
10289.427
10289.446
10289.466
10289.485
10289.505
10289.524
10289.544
10289.563
10289.583
10289.602
10289.622
10289.642
10289.661
10289.681
10289.700
10289.720
10289.739
10289.759
10289.778
10289.798
10289.817
10289.837
10289.856
10289.876
10289.895
10289.915
10289.935
10289.954
10289.974
10289.993
10290.013
10290.032
10290.052
10290.071
10290.091
10290.110
10290.130
10290.149
10290.169
10290.188
10290.208
10290.227
10290.247
10290.267
10290.286
10290.306
10290.325
10290.345
10290.364
10290.384
10290.403
10290.423
10290.442
10290.462
10290.481
10290.501
10290.520
10290.540
10290.560
10290.579
10290.599
10290.618
10290.638
10290.657
10290.677
10290.696
10290.716
10290.735
10290.755
10290.774
10290.794
10290.813
10290.833
10290.853
10290.872
10290.892
10290.911
10290.931
10290.950
10290.970
10290.989
10291.009
10291.028
10291.048
10291.067
10291.087
10291.106
10291.126
10291.146
10291.165
10291.185
10291.204
10291.224
10291.243
10291.263
10291.282
10291.302
10291.321
10291.341
10291.360
10291.380
10291.399
10291.419
10291.439
10291.458
10291.478
10291.497
10291.517
10291.536
10291.556
10291.575
10291.595
10291.614
10291.634
10291.653
10291.673
10291.692
10291.712
10291.731
10291.751
10291.771
10291.790
10291.810
10291.829
10291.849
10291.868
10291.888
10291.907
10291.927
10291.946
10291.966
10291.985
10292.005
10292.024
10292.044
10292.064
10292.083
10292.103
10292.122
10292.142
10292.161
10292.181
10292.200
10292.220
10292.239
10292.259
10292.278
10292.298
10292.317
10292.337
10292.357
10292.376
10292.396
10292.415
10292.435
10292.454
10292.474
10292.493
10292.513
10292.532
10292.552
10292.571
10292.591
10292.610
10292.630
10292.650
10292.669
10292.689
10292.708
10292.728
10292.747
10292.767
10292.786
10292.806
10292.825
10292.845
10292.864
10292.884
10292.903
10292.923
10292.942
10292.962
10292.982
10293.001
10293.021
10293.040
10293.060
10293.079
10293.099
10293.118
10293.138
10293.157
10293.177
10293.196
10293.216
10293.235
10293.255
10293.275
10293.294
10293.314
10293.333
10293.353
10293.372
10293.392
10293.411
10293.431
10293.450
10293.470
10293.489
10293.509
10293.528
10293.548
10293.568
10293.587
10293.607
10293.626
10293.646
10293.665
10293.685
10293.704
10293.724
10293.743
10293.763
10293.782
10293.802
10293.821
10293.841
10293.861
10293.880
10293.900
10293.919
10293.939
10293.958
10293.978
10293.997
10294.017
10294.036
10294.056
10294.075
10294.095
10294.114
10294.134
10294.153
10294.173
10294.193
10294.212
10294.232
10294.251
10294.271
10294.290
10294.310
10294.329
10294.349
10294.368
10294.388
10294.407
10294.427
10294.446
10294.466
10294.486
10294.505
10294.525
10294.544
10294.564
10294.583
10294.603
10294.622
10294.642
10294.661
10294.681
10294.700
10294.720
10294.739
10294.759
10294.779
10294.798
10294.818
10294.837
10294.857
10294.876
10294.896
10294.915
10294.935
10294.954
10294.974
10294.993
10295.013
10295.032
10295.052
10295.072
10295.091
10295.111
10295.130
10295.150
10295.169
10295.189
10295.208
10295.228
10295.247
10295.267
10295.286
10295.306
10295.325
10295.345
10295.364
10295.384
10295.404
10295.423
10295.443
10295.462
10295.482
10295.501
10295.521
10295.540
10295.560
10295.579
10295.599
10295.618
10295.638
10295.657
10295.677
10295.697
10295.716
10295.736
10295.755
10295.775
10295.794
10295.814
10295.833
10295.853
10295.872
10295.892
10295.911
10295.931
10295.950
10295.970
10295.990
10296.009
10296.029
10296.048
10296.068
10296.087
10296.107
10296.126
10296.146
10296.165
10296.185
10296.204
10296.224
10296.243
10296.263
10296.283
10296.302
10296.322
10296.341
10296.361
10296.380
10296.400
10296.419
10296.439
10296.458
10296.478
10296.497
10296.517
10296.536
10296.556
10296.576
10296.595
10296.615
10296.634
10296.654
10296.673
10296.693
10296.712
10296.732
10296.751
10296.771
10296.790
10296.810
10296.829
10296.849
10296.868
10296.888
10296.908
10296.927
10296.947
10296.966
10296.986
10297.005
10297.025
10297.044
10297.064
10297.083
10297.103
10297.122
10297.142
10297.161
10297.181
10297.201
10297.220
10297.240
10297.259
10297.279
10297.298
10297.318
10297.337
10297.357
10297.376
10297.396
10297.415
10297.435
10297.454
10297.474
10297.494
10297.513
10297.533
10297.552
10297.572
10297.591
10297.611
10297.630
10297.650
10297.669
10297.689
10297.708
10297.728
10297.747
10297.767
10297.787
10297.806
10297.826
10297.845
10297.865
10297.884
10297.904
10297.923
10297.943
10297.962
10297.982
10298.001
10298.021
10298.040
10298.060
10298.079
10298.099
10298.119
10298.138
10298.158
10298.177
10298.197
10298.216
10298.236
10298.255
10298.275
10298.294
10298.314
10298.333
10298.353
10298.372
10298.392
10298.412
10298.431
10298.451
10298.470
10298.490
10298.509
10298.529
10298.548
10298.568
10298.587
10298.607
10298.626
10298.646
10298.665
10298.685
10298.705
10298.724
10298.744
10298.763
10298.783
10298.802
10298.822
10298.841
10298.861
10298.880
10298.900
10298.919
10298.939
10298.958
10298.978
10298.998
10299.017
10299.037
10299.056
10299.076
10299.095
10299.115
10299.134
10299.154
10299.173
10299.193
10299.212
10299.232
10299.251
10299.271
10299.290
10299.310
10299.330
10299.349
10299.369
10299.388
10299.408
10299.427
10299.447
10299.466
10299.486
10299.505
10299.525
10299.544
10299.564
10299.583
10299.603
10299.623
10299.642
10299.662
10299.681
10299.701
10299.720
10299.740
10299.759
10299.779
10299.798
10299.818
10299.837
10299.857
10299.876
10299.896
10299.916
10299.935
10299.955
10299.974
10299.994
10300.013
10300.033
10300.052
10300.072
10300.091
10300.111
10300.130
10300.150
10300.169
10300.189
10300.209
10300.228
10300.248
10300.267
10300.287
10300.306
10300.326
10300.345
10300.365
10300.384
10300.404
10300.423
10300.443
10300.462
10300.482
10300.501
10300.521
10300.541
10300.560
10300.580
10300.599
10300.619
10300.638
10300.658
10300.677
10300.697
10300.716
10300.736
10300.755
10300.775
10300.794
10300.814
10300.834
10300.853
10300.873
10300.892
10300.912
10300.931
10300.951
10300.970
10300.990
10301.009
10301.029
10301.048
10301.068
10301.087
10301.107
10301.127
10301.146
10301.166
10301.185
10301.205
10301.224
10301.244
10301.263
10301.283
10301.302
10301.322
10301.341
10301.361
10301.380
10301.400
10301.420
10301.439
10301.459
10301.478
10301.498
10301.517
10301.537
10301.556
10301.576
10301.595
10301.615
10301.634
10301.654
10301.673
10301.693
10301.712
10301.732
10301.752
10301.771
10301.791
10301.810
10301.830
10301.849
10301.869
10301.888
10301.908
10301.927
10301.947
10301.966
10301.986
10302.005
10302.025
10302.045
10302.064
10302.084
10302.103
10302.123
10302.142
10302.162
10302.181
10302.201
10302.220
10302.240
10302.259
10302.279
10302.298
10302.318
10302.338
10302.357
10302.377
10302.396
10302.416
10302.435
10302.455
10302.474
10302.494
10302.513
10302.533
10302.552
10302.572
10302.591
10302.611
10302.631
10302.650
10302.670
10302.689
10302.709
10302.728
10302.748
10302.767
10302.787
10302.806
10302.826
10302.845
10302.865
10302.884
10302.904
10302.924
10302.943
10302.963
10302.982
10303.002
10303.021
10303.041
10303.060
10303.080
10303.099
10303.119
10303.138
10303.158
10303.177
10303.197
10303.216
10303.236
10303.256
10303.275
10303.295
10303.314
10303.334
10303.353
10303.373
10303.392
10303.412
10303.431
10303.451
10303.470
10303.490
10303.509
10303.529
10303.549
10303.568
10303.588
10303.607
10303.627
10303.646
10303.666
10303.685
10303.705
10303.724
10303.744
10303.763
10303.783
10303.802
10303.822
10303.842
10303.861
10303.881
10303.900
10303.920
10303.939
10303.959
10303.978
10303.998
10304.017
10304.037
10304.056
10304.076
10304.095
10304.115
10304.135
10304.154
10304.174
10304.193
10304.213
10304.232
10304.252
10304.271
10304.291
10304.310
10304.330
10304.349
10304.369
10304.388
10304.408
10304.427
10304.447
10304.467
10304.486
10304.506
10304.525
10304.545
10304.564
10304.584
10304.603
10304.623
10304.642
10304.662
10304.681
10304.701
10304.720
10304.740
10304.760
10304.779
10304.799
10304.818
10304.838
10304.857
10304.877
10304.896
10304.916
10304.935
10304.955
10304.974
10304.994
10305.013
10305.033
10305.053
10305.072
10305.092
10305.111
10305.131
10305.150
10305.170
10305.189
10305.209
10305.228
10305.248
10305.267
10305.287
10305.306
10305.326
10305.346
10305.365
10305.385
10305.404
10305.424
10305.443
10305.463
10305.482
10305.502
10305.521
10305.541
10305.560
10305.580
10305.599
10305.619
10305.638
10305.658
10305.678
10305.697
10305.717
10305.736
10305.756
10305.775
10305.795
10305.814
10305.834
10305.853
10305.873
10305.892
10305.912
10305.931
10305.951
10305.971
10305.990
10306.010
10306.029
10306.049
10306.068
10306.088
10306.107
10306.127
10306.146
10306.166
10306.185
10306.205
10306.224
10306.244
10306.264
10306.283
10306.303
10306.322
10306.342
10306.361
10306.381
10306.400
10306.420
10306.439
10306.459
10306.478
10306.498
10306.517
10306.537
10306.557
10306.576
10306.596
10306.615
10306.635
10306.654
10306.674
10306.693
10306.713
10306.732
10306.752
10306.771
10306.791
10306.810
10306.830
10306.849
10306.869
10306.889
10306.908
10306.928
10306.947
10306.967
10306.986
10307.006
10307.025
10307.045
10307.064
10307.084
10307.103
10307.123
10307.142
10307.162
10307.182
10307.201
10307.221
10307.240
10307.260
10307.279
10307.299
10307.318
10307.338
10307.357
10307.377
10307.396
10307.416
10307.435
10307.455
10307.475
10307.494
10307.514
10307.533
10307.553
10307.572
10307.592
10307.611
10307.631
10307.650
10307.670
10307.689
10307.709
10307.728
10307.748
10307.768
10307.787
10307.807
10307.826
10307.846
10307.865
10307.885
10307.904
10307.924
10307.943
10307.963
10307.982
10308.002
10308.021
10308.041
10308.061
10308.080
10308.100
10308.119
10308.139
10308.158
10308.178
10308.197
10308.217
10308.236
10308.256
10308.275
10308.295
10308.314
10308.334
10308.353
10308.373
10308.393
10308.412
10308.432
10308.451
10308.471
10308.490
10308.510
10308.529
10308.549
10308.568
10308.588
10308.607
10308.627
10308.646
10308.666
10308.686
10308.705
10308.725
10308.744
10308.764
10308.783
10308.803
10308.822
10308.842
10308.861
10308.881
10308.900
10308.920
10308.939
10308.959
10308.979
10308.998
10309.018
10309.037
10309.057
10309.076
10309.096
10309.115
10309.135
10309.154
10309.174
10309.193
10309.213
10309.232
10309.252
10309.272
10309.291
10309.311
10309.330
10309.350
10309.369
10309.389
10309.408
10309.428
10309.447
10309.467
10309.486
10309.506
10309.525
10309.545
10309.564
10309.584
10309.604
10309.623
10309.643
10309.662
10309.682
10309.701
10309.721
10309.740
10309.760
10309.779
10309.799
10309.818
10309.838
10309.857
10309.877
10309.897
10309.916
10309.936
10309.955
10309.975
10309.994
10310.014
10310.033
10310.053
10310.072
10310.092
10310.111
10310.131
10310.150
10310.170
10310.190
10310.209
10310.229
10310.248
10310.268
10310.287
10310.307
10310.326
10310.346
10310.365
10310.385
10310.404
10310.424
10310.443
10310.463
10310.483
10310.502
10310.522
10310.541
10310.561
10310.580
10310.600
10310.619
10310.639
10310.658
10310.678
10310.697
10310.717
10310.736
10310.756
10310.775
10310.795
10310.815
10310.834
10310.854
10310.873
10310.893
10310.912
10310.932
10310.951
10310.971
10310.990
10311.010
10311.029
10311.049
10311.068
10311.088
10311.108
10311.127
10311.147
10311.166
10311.186
10311.205
10311.225
10311.244
10311.264
10311.283
10311.303
10311.322
10311.342
10311.361
10311.381
10311.401
10311.420
10311.440
10311.459
10311.479
10311.498
10311.518
10311.537
10311.557
10311.576
10311.596
10311.615
10311.635
10311.654
10311.674
10311.694
10311.713
10311.733
10311.752
10311.772
10311.791
10311.811
10311.830
10311.850
10311.869
10311.889
10311.908
10311.928
10311.947
10311.967
10311.986
10312.006
10312.026
10312.045
10312.065
10312.084
10312.104
10312.123
10312.143
10312.162
10312.182
10312.201
10312.221
10312.240
10312.260
10312.279
10312.299
10312.319
10312.338
10312.358
10312.377
10312.397
10312.416
10312.436
10312.455
10312.475
10312.494
10312.514
10312.533
10312.553
10312.572
10312.592
10312.612
10312.631
10312.651
10312.670
10312.690
10312.709
10312.729
10312.748
10312.768
10312.787
10312.807
10312.826
10312.846
10312.865
10312.885
10312.905
10312.924
10312.944
10312.963
10312.983
10313.002
10313.022
10313.041
10313.061
10313.080
10313.100
10313.119
10313.139
10313.158
10313.178
10313.198
10313.217
10313.237
10313.256
10313.276
10313.295
10313.315
10313.334
10313.354
10313.373
10313.393
10313.412
10313.432
10313.451
10313.471
10313.490
10313.510
10313.530
10313.549
10313.569
10313.588
10313.608
10313.627
10313.647
10313.666
10313.686
10313.705
10313.725
10313.744
10313.764
10313.783
10313.803
10313.823
10313.842
10313.862
10313.881
10313.901
10313.920
10313.940
10313.959
10313.979
10313.998
10314.018
10314.037
10314.057
10314.076
10314.096
10314.116
10314.135
10314.155
10314.174
10314.194
10314.213
10314.233
10314.252
10314.272
10314.291
10314.311
10314.330
10314.350
10314.369
10314.389
10314.409
10314.428
10314.448
10314.467
10314.487
10314.506
10314.526
10314.545
10314.565
10314.584
10314.604
10314.623
10314.643
10314.662
10314.682
10314.701
10314.721
10314.741
10314.760
10314.780
10314.799
10314.819
10314.838
10314.858
10314.877
10314.897
10314.916
10314.936
10314.955
10314.975
10314.994
10315.014
10315.034
10315.053
10315.073
10315.092
10315.112
10315.131
10315.151
10315.170
10315.190
10315.209
10315.229
10315.248
10315.268
10315.287
10315.307
10315.327
10315.346
10315.366
10315.385
10315.405
10315.424
10315.444
10315.463
10315.483
10315.502
10315.522
10315.541
10315.561
10315.580
10315.600
10315.620
10315.639
10315.659
10315.678
10315.698
10315.717
10315.737
10315.756
10315.776
10315.795
10315.815
10315.834
10315.854
10315.873
10315.893
10315.912
10315.932
10315.952
10315.971
10315.991
10316.010
10316.030
10316.049
10316.069
10316.088
10316.108
10316.127
10316.147
10316.166
10316.186
10316.205
10316.225
10316.245
10316.264
10316.284
10316.303
10316.323
10316.342
10316.362
10316.381
10316.401
10316.420
10316.440
10316.459
10316.479
10316.498
10316.518
10316.538
10316.557
10316.577
10316.596
10316.616
10316.635
10316.655
10316.674
10316.694
10316.713
10316.733
10316.752
10316.772
10316.791
10316.811
10316.831
10316.850
10316.870
10316.889
10316.909
10316.928
10316.948
10316.967
10316.987
10317.006
10317.026
10317.045
10317.065
10317.084
10317.104
10317.123
10317.143
10317.163
10317.182
10317.202
10317.221
10317.241
10317.260
10317.280
10317.299
10317.319
10317.338
10317.358
10317.377
10317.397
10317.416
10317.436
10317.456
10317.475
10317.495
10317.514
10317.534
10317.553
10317.573
10317.592
10317.612
10317.631
10317.651
10317.670
10317.690
10317.709
10317.729
10317.749
10317.768
10317.788
10317.807
10317.827
10317.846
10317.866
10317.885
10317.905
10317.924
10317.944
10317.963
10317.983
10318.002
10318.022
10318.042
10318.061
10318.081
10318.100
10318.120
10318.139
10318.159
10318.178
10318.198
10318.217
10318.237
10318.256
10318.276
10318.295
10318.315
10318.334
10318.354
10318.374
10318.393
10318.413
10318.432
10318.452
10318.471
10318.491
10318.510
10318.530
10318.549
10318.569
10318.588
10318.608
10318.627
10318.647
10318.667
10318.686
10318.706
10318.725
10318.745
10318.764
10318.784
10318.803
10318.823
10318.842
10318.862
10318.881
10318.901
10318.920
10318.940
10318.960
10318.979
10318.999
10319.018
10319.038
10319.057
10319.077
10319.096
10319.116
10319.135
10319.155
10319.174
10319.194
10319.213
10319.233
10319.253
10319.272
10319.292
10319.311
10319.331
10319.350
10319.370
10319.389
10319.409
10319.428
10319.448
10319.467
10319.487
10319.506
10319.526
10319.546
10319.565
10319.585
10319.604
10319.624
10319.643
10319.663
10319.682
10319.702
10319.721
10319.741
10319.760
10319.780
10319.799
10319.819
10319.838
10319.858
10319.878
10319.897
10319.917
10319.936
10319.956
10319.975
10319.995
10320.014
10320.034
10320.053
10320.073
10320.092
10320.112
10320.131
10320.151
10320.171
10320.190
10320.210
10320.229
10320.249
10320.268
10320.288
10320.307
10320.327
10320.346
10320.366
10320.385
10320.405
10320.424
10320.444
10320.464
10320.483
10320.503
10320.522
10320.542
10320.561
10320.581
10320.600
10320.620
10320.639
10320.659
10320.678
10320.698
10320.717
10320.737
10320.757
10320.776
10320.796
10320.815
10320.835
10320.854
10320.874
10320.893
10320.913
10320.932
10320.952
10320.971
10320.991
10321.010
10321.030
10321.049
10321.069
10321.089
10321.108
10321.128
10321.147
10321.167
10321.186
10321.206
10321.225
10321.245
10321.264
10321.284
10321.303
10321.323
10321.342
10321.362
10321.382
10321.401
10321.421
10321.440
10321.460
10321.479
10321.499
10321.518
10321.538
10321.557
10321.577
10321.596
10321.616
10321.635
10321.655
10321.675
10321.694
10321.714
10321.733
10321.753
10321.772
10321.792
10321.811
10321.831
10321.850
10321.870
10321.889
10321.909
10321.928
10321.948
10321.968
10321.987
10322.007
10322.026
10322.046
10322.065
10322.085
10322.104
10322.124
10322.143
10322.163
10322.182
10322.202
10322.221
10322.241
10322.260
10322.280
10322.300
10322.319
10322.339
10322.358
10322.378
10322.397
10322.417
10322.436
10322.456
10322.475
10322.495
10322.514
10322.534
10322.553
10322.573
10322.593
10322.612
10322.632
10322.651
10322.671
10322.690
10322.710
10322.729
10322.749
10322.768
10322.788
10322.807
10322.827
10322.846
10322.866
10322.886
10322.905
10322.925
10322.944
10322.964
10322.983
10323.003
10323.022
10323.042
10323.061
10323.081
10323.100
10323.120
10323.139
10323.159
10323.179
10323.198
10323.218
10323.237
10323.257
10323.276
10323.296
10323.315
10323.335
10323.354
10323.374
10323.393
10323.413
10323.432
10323.452
10323.471
10323.491
10323.511
10323.530
10323.550
10323.569
10323.589
10323.608
10323.628
10323.647
10323.667
10323.686
10323.706
10323.725
10323.745
10323.764
10323.784
10323.804
10323.823
10323.843
10323.862
10323.882
10323.901
10323.921
10323.940
10323.960
10323.979
10323.999
10324.018
10324.038
10324.057
10324.077
10324.097
10324.116
10324.136
10324.155
10324.175
10324.194
10324.214
10324.233
10324.253
10324.272
10324.292
10324.311
10324.331
10324.350
10324.370
10324.390
10324.409
10324.429
10324.448
10324.468
10324.487
10324.507
10324.526
10324.546
10324.565
10324.585
10324.604
10324.624
10324.643
10324.663
10324.683
10324.702
10324.722
10324.741
10324.761
10324.780
10324.800
10324.819
10324.839
10324.858
10324.878
10324.897
10324.917
10324.936
10324.956
10324.975
10324.995
10325.015
10325.034
10325.054
10325.073
10325.093
10325.112
10325.132
10325.151
10325.171
10325.190
10325.210
10325.229
10325.249
10325.268
10325.288
10325.308
10325.327
10325.347
10325.366
10325.386
10325.405
10325.425
10325.444
10325.464
10325.483
10325.503
10325.522
10325.542
10325.561
10325.581
10325.601
10325.620
10325.640
10325.659
10325.679
10325.698
10325.718
10325.737
10325.757
10325.776
10325.796
10325.815
10325.835
10325.854
10325.874
10325.894
10325.913
10325.933
10325.952
10325.972
10325.991
10326.011
10326.030
10326.050
10326.069
10326.089
10326.108
10326.128
10326.147
10326.167
10326.186
10326.206
10326.226
10326.245
10326.265
10326.284
10326.304
10326.323
10326.343
10326.362
10326.382
10326.401
10326.421
10326.440
10326.460
10326.479
10326.499
10326.519
10326.538
10326.558
10326.577
10326.597
10326.616
10326.636
10326.655
10326.675
10326.694
10326.714
10326.733
10326.753
10326.772
10326.792
10326.812
10326.831
10326.851
10326.870
10326.890
10326.909
10326.929
10326.948
10326.968
10326.987
10327.007
10327.026
10327.046
10327.065
10327.085
10327.105
10327.124
10327.144
10327.163
10327.183
10327.202
10327.222
10327.241
10327.261
10327.280
10327.300
10327.319
10327.339
10327.358
10327.378
10327.397
10327.417
10327.437
10327.456
10327.476
10327.495
10327.515
10327.534
10327.554
10327.573
10327.593
10327.612
10327.632
10327.651
10327.671
10327.690
10327.710
10327.730
10327.749
10327.769
10327.788
10327.808
10327.827
10327.847
10327.866
10327.886
10327.905
10327.925
10327.944
10327.964
10327.983
10328.003
10328.023
10328.042
10328.062
10328.081
10328.101
10328.120
10328.140
10328.159
10328.179
10328.198
10328.218
10328.237
10328.257
10328.276
10328.296
10328.316
10328.335
10328.355
10328.374
10328.394
10328.413
10328.433
10328.452
10328.472
10328.491
10328.511
10328.530
10328.550
10328.569
10328.589
10328.608
10328.628
10328.648
10328.667
10328.687
10328.706
10328.726
10328.745
10328.765
10328.784
10328.804
10328.823
10328.843
10328.862
10328.882
10328.901
10328.921
10328.941
10328.960
10328.980
10328.999
10329.019
10329.038
10329.058
10329.077
10329.097
10329.116
10329.136
10329.155
10329.175
10329.194
10329.214
10329.234
10329.253
10329.273
10329.292
10329.312
10329.331
10329.351
10329.370
10329.390
10329.409
10329.429
10329.448
10329.468
10329.487
10329.507
10329.527
10329.546
10329.566
10329.585
10329.605
10329.624
10329.644
10329.663
10329.683
10329.702
10329.722
10329.741
10329.761
10329.780
10329.800
10329.819
10329.839
10329.859
10329.878
10329.898
10329.917
10329.937
10329.956
10329.976
10329.995
10330.015
10330.034
10330.054
10330.073
10330.093
10330.112
10330.132
10330.152
10330.171
10330.191
10330.210
10330.230
10330.249
10330.269
10330.288
10330.308
10330.327
10330.347
10330.366
10330.386
10330.405
10330.425
10330.445
10330.464
10330.484
10330.503
10330.523
10330.542
10330.562
10330.581
10330.601
10330.620
10330.640
10330.659
10330.679
10330.698
10330.718
10330.738
10330.757
10330.777
10330.796
10330.816
10330.835
10330.855
10330.874
10330.894
10330.913
10330.933
10330.952
10330.972
10330.991
10331.011
10331.031
10331.050
10331.070
10331.089
10331.109
10331.128
10331.148
10331.167
10331.187
10331.206
10331.226
10331.245
10331.265
10331.284
10331.304
10331.323
10331.343
10331.363
10331.382
10331.402
10331.421
10331.441
10331.460
10331.480
10331.499
10331.519
10331.538
10331.558
10331.577
10331.597
10331.616
10331.636
10331.656
10331.675
10331.695
10331.714
10331.734
10331.753
10331.773
10331.792
10331.812
10331.831
10331.851
10331.870
10331.890
10331.909
10331.929
10331.949
10331.968
10331.988
10332.007
10332.027
10332.046
10332.066
10332.085
10332.105
10332.124
10332.144
10332.163
10332.183
10332.202
10332.222
10332.242
10332.261
10332.281
10332.300
10332.320
10332.339
10332.359
10332.378
10332.398
10332.417
10332.437
10332.456
10332.476
10332.495
10332.515
10332.534
10332.554
10332.574
10332.593
10332.613
10332.632
10332.652
10332.671
10332.691
10332.710
10332.730
10332.749
10332.769
10332.788
10332.808
10332.827
10332.847
10332.867
10332.886
10332.906
10332.925
10332.945
10332.964
10332.984
10333.003
10333.023
10333.042
10333.062
10333.081
10333.101
10333.120
10333.140
10333.160
10333.179
10333.199
10333.218
10333.238
10333.257
10333.277
10333.296
10333.316
10333.335
10333.355
10333.374
10333.394
10333.413
10333.433
10333.453
10333.472
10333.492
10333.511
10333.531
10333.550
10333.570
10333.589
10333.609
10333.628
10333.648
10333.667
10333.687
10333.706
10333.726
10333.745
10333.765
10333.785
10333.804
10333.824
10333.843
10333.863
10333.882
10333.902
10333.921
10333.941
10333.960
10333.980
10333.999
10334.019
10334.038
10334.058
10334.078
10334.097
10334.117
10334.136
10334.156
10334.175
10334.195
10334.214
10334.234
10334.253
10334.273
10334.292
10334.312
10334.331
10334.351
10334.371
10334.390
10334.410
10334.429
10334.449
10334.468
10334.488
10334.507
10334.527
10334.546
10334.566
10334.585
10334.605
10334.624
10334.644
10334.664
10334.683
10334.703
10334.722
10334.742
10334.761
10334.781
10334.800
10334.820
10334.839
10334.859
10334.878
10334.898
10334.917
10334.937
10334.956
10334.976
10334.996
10335.015
10335.035
10335.054
10335.074
10335.093
10335.113
10335.132
10335.152
10335.171
10335.191
10335.210
10335.230
10335.249
10335.269
10335.289
10335.308
10335.328
10335.347
10335.367
10335.386
10335.406
10335.425
10335.445
10335.464
10335.484
10335.503
10335.523
10335.542
10335.562
10335.582
10335.601
10335.621
10335.640
10335.660
10335.679
10335.699
10335.718
10335.738
10335.757
10335.777
10335.796
10335.816
10335.835
10335.855
10335.875
10335.894
10335.914
10335.933
10335.953
10335.972
10335.992
10336.011
10336.031
10336.050
10336.070
10336.089
10336.109
10336.128
10336.148
10336.168
10336.187
10336.207
10336.226
10336.246
10336.265
10336.285
10336.304
10336.324
10336.343
10336.363
10336.382
10336.402
10336.421
10336.441
10336.460
10336.480
10336.500
10336.519
10336.539
10336.558
10336.578
10336.597
10336.617
10336.636
10336.656
10336.675
10336.695
10336.714
10336.734
10336.753
10336.773
10336.793
10336.812
10336.832
10336.851
10336.871
10336.890
10336.910
10336.929
10336.949
10336.968
10336.988
10337.007
10337.027
10337.046
10337.066
10337.086
10337.105
10337.125
10337.144
10337.164
10337.183
10337.203
10337.222
10337.242
10337.261
10337.281
10337.300
10337.320
10337.339
10337.359
10337.379
10337.398
10337.418
10337.437
10337.457
10337.476
10337.496
10337.515
10337.535
10337.554
10337.574
10337.593
10337.613
10337.632
10337.652
10337.671
10337.691
10337.711
10337.730
10337.750
10337.769
10337.789
10337.808
10337.828
10337.847
10337.867
10337.886
10337.906
10337.925
10337.945
10337.964
10337.984
10338.004
10338.023
10338.043
10338.062
10338.082
10338.101
10338.121
10338.140
10338.160
10338.179
10338.199
10338.218
10338.238
10338.257
10338.277
10338.297
10338.316
10338.336
10338.355
10338.375
10338.394
10338.414
10338.433
10338.453
10338.472
10338.492
10338.511
10338.531
10338.550
10338.570
10338.590
10338.609
10338.629
10338.648
10338.668
10338.687
10338.707
10338.726
10338.746
10338.765
10338.785
10338.804
10338.824
10338.843
10338.863
10338.882
10338.902
10338.922
10338.941
10338.961
10338.980
10339.000
10339.019
10339.039
10339.058
10339.078
10339.097
10339.117
10339.136
10339.156
10339.175
10339.195
10339.215
10339.234
10339.254
10339.273
10339.293
10339.312
10339.332
10339.351
10339.371
10339.390
10339.410
10339.429
10339.449
10339.468
10339.488
10339.508
10339.527
10339.547
10339.566
10339.586
10339.605
10339.625
10339.644
10339.664
10339.683
10339.703
10339.722
10339.742
10339.761
10339.781
10339.801
10339.820
10339.840
10339.859
10339.879
10339.898
10339.918
10339.937
10339.957
10339.976
10339.996
10340.015
10340.035
10340.054
10340.074
10340.093
10340.113
10340.133
10340.152
10340.172
10340.191
10340.211
10340.230
10340.250
10340.269
10340.289
10340.308
10340.328
10340.347
10340.367
10340.386
10340.406
10340.426
10340.445
10340.465
10340.484
10340.504
10340.523
10340.543
10340.562
10340.582
10340.601
10340.621
10340.640
10340.660
10340.679
10340.699
10340.719
10340.738
10340.758
10340.777
10340.797
10340.816
10340.836
10340.855
10340.875
10340.894
10340.914
10340.933
10340.953
10340.972
10340.992
10341.012
10341.031
10341.051
10341.070
10341.090
10341.109
10341.129
10341.148
10341.168
10341.187
10341.207
10341.226
10341.246
10341.265
10341.285
10341.304
10341.324
10341.344
10341.363
10341.383
10341.402
10341.422
10341.441
10341.461
10341.480
10341.500
10341.519
10341.539
10341.558
10341.578
10341.597
10341.617
10341.637
10341.656
10341.676
10341.695
10341.715
10341.734
10341.754
10341.773
10341.793
10341.812
10341.832
10341.851
10341.871
10341.890
10341.910
10341.930
10341.949
10341.969
10341.988
10342.008
10342.027
10342.047
10342.066
10342.086
10342.105
10342.125
10342.144
10342.164
10342.183
10342.203
10342.223
10342.242
10342.262
10342.281
10342.301
10342.320
10342.340
10342.359
10342.379
10342.398
10342.418
10342.437
10342.457
10342.476
10342.496
10342.516
10342.535
10342.555
10342.574
10342.594
10342.613
10342.633
10342.652
10342.672
10342.691
10342.711
10342.730
10342.750
10342.769
10342.789
10342.808
10342.828
10342.848
10342.867
10342.887
10342.906
10342.926
10342.945
10342.965
10342.984
10343.004
10343.023
10343.043
10343.062
10343.082
10343.101
10343.121
10343.141
10343.160
10343.180
10343.199
10343.219
10343.238
10343.258
10343.277
10343.297
10343.316
10343.336
10343.355
10343.375
10343.394
10343.414
10343.434
10343.453
10343.473
10343.492
10343.512
10343.531
10343.551
10343.570
10343.590
10343.609
10343.629
10343.648
10343.668
10343.687
10343.707
10343.727
10343.746
10343.766
10343.785
10343.805
10343.824
10343.844
10343.863
10343.883
10343.902
10343.922
10343.941
10343.961
10343.980
10344.000
10344.019
10344.039
10344.059
10344.078
10344.098
10344.117
10344.137
10344.156
10344.176
10344.195
10344.215
10344.234
10344.254
10344.273
10344.293
10344.312
10344.332
10344.352
10344.371
10344.391
10344.410
10344.430
10344.449
10344.469
10344.488
10344.508
10344.527
10344.547
10344.566
10344.586
10344.605
10344.625
10344.645
10344.664
10344.684
10344.703
10344.723
10344.742
10344.762
10344.781
10344.801
10344.820
10344.840
10344.859
10344.879
10344.898
10344.918
10344.938
10344.957
10344.977
10344.996
10345.016
10345.035
10345.055
10345.074
10345.094
10345.113
10345.133
10345.152
10345.172
10345.191
10345.211
10345.230
10345.250
10345.270
10345.289
10345.309
10345.328
10345.348
10345.367
10345.387
10345.406
10345.426
10345.445
10345.465
10345.484
10345.504
10345.523
10345.543
10345.563
10345.582
10345.602
10345.621
10345.641
10345.660
10345.680
10345.699
10345.719
10345.738
10345.758
10345.777
10345.797
10345.816
10345.836
10345.856
10345.875
10345.895
10345.914
10345.934
10345.953
10345.973
10345.992
10346.012
10346.031
10346.051
10346.070
10346.090
10346.109
10346.129
10346.149
10346.168
10346.188
10346.207
10346.227
10346.246
10346.266
10346.285
10346.305
10346.324
10346.344
10346.363
10346.383
10346.402
10346.422
10346.441
10346.461
10346.481
10346.500
10346.520
10346.539
10346.559
10346.578
10346.598
10346.617
10346.637
10346.656
10346.676
10346.695
10346.715
10346.734
10346.754
10346.774
10346.793
10346.813
10346.832
10346.852
10346.871
10346.891
10346.910
10346.930
10346.949
10346.969
10346.988
10347.008
10347.027
10347.047
10347.067
10347.086
10347.106
10347.125
10347.145
10347.164
