 9671.000
 9671.017
 9671.035
 9671.052
 9671.069
 9671.086
 9671.104
 9671.121
 9671.138
 9671.155
 9671.173
 9671.190
 9671.207
 9671.224
 9671.242
 9671.259
 9671.276
 9671.293
 9671.311
 9671.328
 9671.345
 9671.362
 9671.380
 9671.397
 9671.414
 9671.431
 9671.449
 9671.466
 9671.483
 9671.500
 9671.518
 9671.535
 9671.552
 9671.570
 9671.587
 9671.604
 9671.621
 9671.639
 9671.656
 9671.673
 9671.690
 9671.708
 9671.725
 9671.742
 9671.759
 9671.777
 9671.794
 9671.811
 9671.828
 9671.846
 9671.863
 9671.880
 9671.897
 9671.915
 9671.932
 9671.949
 9671.966
 9671.984
 9672.001
 9672.018
 9672.035
 9672.053
 9672.070
 9672.087
 9672.105
 9672.122
 9672.139
 9672.156
 9672.174
 9672.191
 9672.208
 9672.225
 9672.243
 9672.260
 9672.277
 9672.294
 9672.312
 9672.329
 9672.346
 9672.363
 9672.381
 9672.398
 9672.415
 9672.432
 9672.450
 9672.467
 9672.484
 9672.501
 9672.519
 9672.536
 9672.553
 9672.570
 9672.588
 9672.605
 9672.622
 9672.640
 9672.657
 9672.674
 9672.691
 9672.709
 9672.726
 9672.743
 9672.760
 9672.778
 9672.795
 9672.812
 9672.829
 9672.847
 9672.864
 9672.881
 9672.898
 9672.916
 9672.933
 9672.950
 9672.967
 9672.985
 9673.002
 9673.019
 9673.036
 9673.054
 9673.071
 9673.088
 9673.106
 9673.123
 9673.140
 9673.157
 9673.175
 9673.192
 9673.209
 9673.226
 9673.244
 9673.261
 9673.278
 9673.295
 9673.313
 9673.330
 9673.347
 9673.364
 9673.382
 9673.399
 9673.416
 9673.433
 9673.451
 9673.468
 9673.485
 9673.502
 9673.520
 9673.537
 9673.554
 9673.571
 9673.589
 9673.606
 9673.623
 9673.641
 9673.658
 9673.675
 9673.692
 9673.710
 9673.727
 9673.744
 9673.761
 9673.779
 9673.796
 9673.813
 9673.830
 9673.848
 9673.865
 9673.882
 9673.899
 9673.917
 9673.934
 9673.951
 9673.968
 9673.986
 9674.003
 9674.020
 9674.037
 9674.055
 9674.072
 9674.089
 9674.106
 9674.124
 9674.141
 9674.158
 9674.176
 9674.193
 9674.210
 9674.227
 9674.245
 9674.262
 9674.279
 9674.296
 9674.314
 9674.331
 9674.348
 9674.365
 9674.383
 9674.400
 9674.417
 9674.434
 9674.452
 9674.469
 9674.486
 9674.503
 9674.521
 9674.538
 9674.555
 9674.572
 9674.590
 9674.607
 9674.624
 9674.641
 9674.659
 9674.676
 9674.693
 9674.711
 9674.728
 9674.745
 9674.762
 9674.780
 9674.797
 9674.814
 9674.831
 9674.849
 9674.866
 9674.883
 9674.900
 9674.918
 9674.935
 9674.952
 9674.969
 9674.987
 9675.004
 9675.021
 9675.038
 9675.056
 9675.073
 9675.090
 9675.107
 9675.125
 9675.142
 9675.159
 9675.176
 9675.194
 9675.211
 9675.228
 9675.246
 9675.263
 9675.280
 9675.297
 9675.315
 9675.332
 9675.349
 9675.366
 9675.384
 9675.401
 9675.418
 9675.435
 9675.453
 9675.470
 9675.487
 9675.504
 9675.522
 9675.539
 9675.556
 9675.573
 9675.591
 9675.608
 9675.625
 9675.642
 9675.660
 9675.677
 9675.694
 9675.711
 9675.729
 9675.746
 9675.763
 9675.781
 9675.798
 9675.815
 9675.832
 9675.850
 9675.867
 9675.884
 9675.901
 9675.919
 9675.936
 9675.953
 9675.970
 9675.988
 9676.005
 9676.022
 9676.039
 9676.057
 9676.074
 9676.091
 9676.108
 9676.126
 9676.143
 9676.160
 9676.177
 9676.195
 9676.212
 9676.229
 9676.246
 9676.264
 9676.281
 9676.298
 9676.316
 9676.333
 9676.350
 9676.367
 9676.385
 9676.402
 9676.419
 9676.436
 9676.454
 9676.471
 9676.488
 9676.505
 9676.523
 9676.540
 9676.557
 9676.574
 9676.592
 9676.609
 9676.626
 9676.643
 9676.661
 9676.678
 9676.695
 9676.712
 9676.730
 9676.747
 9676.764
 9676.782
 9676.799
 9676.816
 9676.833
 9676.851
 9676.868
 9676.885
 9676.902
 9676.920
 9676.937
 9676.954
 9676.971
 9676.989
 9677.006
 9677.023
 9677.040
 9677.058
 9677.075
 9677.092
 9677.109
 9677.127
 9677.144
 9677.161
 9677.178
 9677.196
 9677.213
 9677.230
 9677.247
 9677.265
 9677.282
 9677.299
 9677.317
 9677.334
 9677.351
 9677.368
 9677.386
 9677.403
 9677.420
 9677.437
 9677.455
 9677.472
 9677.489
 9677.506
 9677.524
 9677.541
 9677.558
 9677.575
 9677.593
 9677.610
 9677.627
 9677.644
 9677.662
 9677.679
 9677.696
 9677.713
 9677.731
 9677.748
 9677.765
 9677.782
 9677.800
 9677.817
 9677.834
 9677.852
 9677.869
 9677.886
 9677.903
 9677.921
 9677.938
 9677.955
 9677.972
 9677.990
 9678.007
 9678.024
 9678.041
 9678.059
 9678.076
 9678.093
 9678.110
 9678.128
 9678.145
 9678.162
 9678.179
 9678.197
 9678.214
 9678.231
 9678.248
 9678.266
 9678.283
 9678.300
 9678.317
 9678.335
 9678.352
 9678.369
 9678.387
 9678.404
 9678.421
 9678.438
 9678.456
 9678.473
 9678.490
 9678.507
 9678.525
 9678.542
 9678.559
 9678.576
 9678.594
 9678.611
 9678.628
 9678.645
 9678.663
 9678.680
 9678.697
 9678.714
 9678.732
 9678.749
 9678.766
 9678.783
 9678.801
 9678.818
 9678.835
 9678.852
 9678.870
 9678.887
 9678.904
 9678.922
 9678.939
 9678.956
 9678.973
 9678.991
 9679.008
 9679.025
 9679.042
 9679.060
 9679.077
 9679.094
 9679.111
 9679.129
 9679.146
 9679.163
 9679.180
 9679.198
 9679.215
 9679.232
 9679.249
 9679.267
 9679.284
 9679.301
 9679.318
 9679.336
 9679.353
 9679.370
 9679.387
 9679.405
 9679.422
 9679.439
 9679.457
 9679.474
 9679.491
 9679.508
 9679.526
 9679.543
 9679.560
 9679.577
 9679.595
 9679.612
 9679.629
 9679.646
 9679.664
 9679.681
 9679.698
 9679.715
 9679.733
 9679.750
 9679.767
 9679.784
 9679.802
 9679.819
 9679.836
 9679.853
 9679.871
 9679.888
 9679.905
 9679.923
 9679.940
 9679.957
 9679.974
 9679.992
 9680.009
 9680.026
 9680.043
 9680.061
 9680.078
 9680.095
 9680.112
 9680.130
 9680.147
 9680.164
 9680.181
 9680.199
 9680.216
 9680.233
 9680.250
 9680.268
 9680.285
 9680.302
 9680.319
 9680.337
 9680.354
 9680.371
 9680.388
 9680.406
 9680.423
 9680.440
 9680.458
 9680.475
 9680.492
 9680.509
 9680.527
 9680.544
 9680.561
 9680.578
 9680.596
 9680.613
 9680.630
 9680.647
 9680.665
 9680.682
 9680.699
 9680.716
 9680.734
 9680.751
 9680.768
 9680.785
 9680.803
 9680.820
 9680.837
 9680.854
 9680.872
 9680.889
 9680.906
 9680.923
 9680.941
 9680.958
 9680.975
 9680.993
 9681.010
 9681.027
 9681.044
 9681.062
 9681.079
 9681.096
 9681.113
 9681.131
 9681.148
 9681.165
 9681.182
 9681.200
 9681.217
 9681.234
 9681.251
 9681.269
 9681.286
 9681.303
 9681.320
 9681.338
 9681.355
 9681.372
 9681.389
 9681.407
 9681.424
 9681.441
 9681.458
 9681.476
 9681.493
 9681.510
 9681.528
 9681.545
 9681.562
 9681.579
 9681.597
 9681.614
 9681.631
 9681.648
 9681.666
 9681.683
 9681.700
 9681.717
 9681.735
 9681.752
 9681.769
 9681.786
 9681.804
 9681.821
 9681.838
 9681.855
 9681.873
 9681.890
 9681.907
 9681.924
 9681.942
 9681.959
 9681.976
 9681.993
 9682.011
 9682.028
 9682.045
 9682.063
 9682.080
 9682.097
 9682.114
 9682.132
 9682.149
 9682.166
 9682.183
 9682.201
 9682.218
 9682.235
 9682.252
 9682.270
 9682.287
 9682.304
 9682.321
 9682.339
 9682.356
 9682.373
 9682.390
 9682.408
 9682.425
 9682.442
 9682.459
 9682.477
 9682.494
 9682.511
 9682.528
 9682.546
 9682.563
 9682.580
 9682.598
 9682.615
 9682.632
 9682.649
 9682.667
 9682.684
 9682.701
 9682.718
 9682.736
 9682.753
 9682.770
 9682.787
 9682.805
 9682.822
 9682.839
 9682.856
 9682.874
 9682.891
 9682.908
 9682.925
 9682.943
 9682.960
 9682.977
 9682.994
 9683.012
 9683.029
 9683.046
 9683.063
 9683.081
 9683.098
 9683.115
 9683.133
 9683.150
 9683.167
 9683.184
 9683.202
 9683.219
 9683.236
 9683.253
 9683.271
 9683.288
 9683.305
 9683.322
 9683.340
 9683.357
 9683.374
 9683.391
 9683.409
 9683.426
 9683.443
 9683.460
 9683.478
 9683.495
 9683.512
 9683.529
 9683.547
 9683.564
 9683.581
 9683.599
 9683.616
 9683.633
 9683.650
 9683.668
 9683.685
 9683.702
 9683.719
 9683.737
 9683.754
 9683.771
 9683.788
 9683.806
 9683.823
 9683.840
 9683.857
 9683.875
 9683.892
 9683.909
 9683.926
 9683.944
 9683.961
 9683.978
 9683.995
 9684.013
 9684.030
 9684.047
 9684.064
 9684.082
 9684.099
 9684.116
 9684.134
 9684.151
 9684.168
 9684.185
 9684.203
 9684.220
 9684.237
 9684.254
 9684.272
 9684.289
 9684.306
 9684.323
 9684.341
 9684.358
 9684.375
 9684.392
 9684.410
 9684.427
 9684.444
 9684.461
 9684.479
 9684.496
 9684.513
 9684.530
 9684.548
 9684.565
 9684.582
 9684.599
 9684.617
 9684.634
 9684.651
 9684.669
 9684.686
 9684.703
 9684.720
 9684.738
 9684.755
 9684.772
 9684.789
 9684.807
 9684.824
 9684.841
 9684.858
 9684.876
 9684.893
 9684.910
 9684.927
 9684.945
 9684.962
 9684.979
 9684.996
 9685.014
 9685.031
 9685.048
 9685.065
 9685.083
 9685.100
 9685.117
 9685.134
 9685.152
 9685.169
 9685.186
 9685.204
 9685.221
 9685.238
 9685.255
 9685.273
 9685.290
 9685.307
 9685.324
 9685.342
 9685.359
 9685.376
 9685.393
 9685.411
 9685.428
 9685.445
 9685.462
 9685.480
 9685.497
 9685.514
 9685.531
 9685.549
 9685.566
 9685.583
 9685.600
 9685.618
 9685.635
 9685.652
 9685.669
 9685.687
 9685.704
 9685.721
 9685.739
 9685.756
 9685.773
 9685.790
 9685.808
 9685.825
 9685.842
 9685.859
 9685.877
 9685.894
 9685.911
 9685.928
 9685.946
 9685.963
 9685.980
 9685.997
 9686.015
 9686.032
 9686.049
 9686.066
 9686.084
 9686.101
 9686.118
 9686.135
 9686.153
 9686.170
 9686.187
 9686.204
 9686.222
 9686.239
 9686.256
 9686.274
 9686.291
 9686.308
 9686.325
 9686.343
 9686.360
 9686.377
 9686.394
 9686.412
 9686.429
 9686.446
 9686.463
 9686.481
 9686.498
 9686.515
 9686.532
 9686.550
 9686.567
 9686.584
 9686.601
 9686.619
 9686.636
 9686.653
 9686.670
 9686.688
 9686.705
 9686.722
 9686.739
 9686.757
 9686.774
 9686.791
 9686.809
 9686.826
 9686.843
 9686.860
 9686.878
 9686.895
 9686.912
 9686.929
 9686.947
 9686.964
 9686.981
 9686.998
 9687.016
 9687.033
 9687.050
 9687.067
 9687.085
 9687.102
 9687.119
 9687.136
 9687.154
 9687.171
 9687.188
 9687.205
 9687.223
 9687.240
 9687.257
 9687.275
 9687.292
 9687.309
 9687.326
 9687.344
 9687.361
 9687.378
 9687.395
 9687.413
 9687.430
 9687.447
 9687.464
 9687.482
 9687.499
 9687.516
 9687.533
 9687.551
 9687.568
 9687.585
 9687.602
 9687.620
 9687.637
 9687.654
 9687.671
 9687.689
 9687.706
 9687.723
 9687.740
 9687.758
 9687.775
 9687.792
 9687.810
 9687.827
 9687.844
 9687.861
 9687.879
 9687.896
 9687.913
 9687.930
 9687.948
 9687.965
 9687.982
 9687.999
 9688.017
 9688.034
 9688.051
 9688.068
 9688.086
 9688.103
 9688.120
 9688.137
 9688.155
 9688.172
 9688.189
 9688.206
 9688.224
 9688.241
 9688.258
 9688.275
 9688.293
 9688.310
 9688.327
 9688.345
 9688.362
 9688.379
 9688.396
 9688.414
 9688.431
 9688.448
 9688.465
 9688.483
 9688.500
 9688.517
 9688.534
 9688.552
 9688.569
 9688.586
 9688.603
 9688.621
 9688.638
 9688.655
 9688.672
 9688.690
 9688.707
 9688.724
 9688.741
 9688.759
 9688.776
 9688.793
 9688.810
 9688.828
 9688.845
 9688.862
 9688.880
 9688.897
 9688.914
 9688.931
 9688.949
 9688.966
 9688.983
 9689.000
 9689.018
 9689.035
 9689.052
 9689.069
 9689.087
 9689.104
 9689.121
 9689.138
 9689.156
 9689.173
 9689.190
 9689.207
 9689.225
 9689.242
 9689.259
 9689.276
 9689.294
 9689.311
 9689.328
 9689.345
 9689.363
 9689.380
 9689.397
 9689.415
 9689.432
 9689.449
 9689.466
 9689.484
 9689.501
 9689.518
 9689.535
 9689.553
 9689.570
 9689.587
 9689.604
 9689.622
 9689.639
 9689.656
 9689.673
 9689.691
 9689.708
 9689.725
 9689.742
 9689.760
 9689.777
 9689.794
 9689.811
 9689.829
 9689.846
 9689.863
 9689.880
 9689.898
 9689.915
 9689.932
 9689.950
 9689.967
 9689.984
 9690.001
 9690.019
 9690.036
 9690.053
 9690.070
 9690.088
 9690.105
 9690.122
 9690.139
 9690.157
 9690.174
 9690.191
 9690.208
 9690.226
 9690.243
 9690.260
 9690.277
 9690.295
 9690.312
 9690.329
 9690.346
 9690.364
 9690.381
 9690.398
 9690.415
 9690.433
 9690.450
 9690.467
 9690.485
 9690.502
 9690.519
 9690.536
 9690.554
 9690.571
 9690.588
 9690.605
 9690.623
 9690.640
 9690.657
 9690.674
 9690.692
 9690.709
 9690.726
 9690.743
 9690.761
 9690.778
 9690.795
 9690.812
 9690.830
 9690.847
 9690.864
 9690.881
 9690.899
 9690.916
 9690.933
 9690.951
 9690.968
 9690.985
 9691.002
 9691.020
 9691.037
 9691.054
 9691.071
 9691.089
 9691.106
 9691.123
 9691.140
 9691.158
 9691.175
 9691.192
 9691.209
 9691.227
 9691.244
 9691.261
 9691.278
 9691.296
 9691.313
 9691.330
 9691.347
 9691.365
 9691.382
 9691.399
 9691.416
 9691.434
 9691.451
 9691.468
 9691.486
 9691.503
 9691.520
 9691.537
 9691.555
 9691.572
 9691.589
 9691.606
 9691.624
 9691.641
 9691.658
 9691.675
 9691.693
 9691.710
 9691.727
 9691.744
 9691.762
 9691.779
 9691.796
 9691.813
 9691.831
 9691.848
 9691.865
 9691.882
 9691.900
 9691.917
 9691.934
 9691.951
 9691.969
 9691.986
 9692.003
 9692.021
 9692.038
 9692.055
 9692.072
 9692.090
 9692.107
 9692.124
 9692.141
 9692.159
 9692.176
 9692.193
 9692.210
 9692.228
 9692.245
 9692.262
 9692.279
 9692.297
 9692.314
 9692.331
 9692.348
 9692.366
 9692.383
 9692.400
 9692.417
 9692.435
 9692.452
 9692.469
 9692.486
 9692.504
 9692.521
 9692.538
 9692.556
 9692.573
 9692.590
 9692.607
 9692.625
 9692.642
 9692.659
 9692.676
 9692.694
 9692.711
 9692.728
 9692.745
 9692.763
 9692.780
 9692.797
 9692.814
 9692.832
 9692.849
 9692.866
 9692.883
 9692.901
 9692.918
 9692.935
 9692.952
 9692.970
 9692.987
 9693.004
 9693.021
 9693.039
 9693.056
 9693.073
 9693.091
 9693.108
 9693.125
 9693.142
 9693.160
 9693.177
 9693.194
 9693.211
 9693.229
 9693.246
 9693.263
 9693.280
 9693.298
 9693.315
 9693.332
 9693.349
 9693.367
 9693.384
 9693.401
 9693.418
 9693.436
 9693.453
 9693.470
 9693.487
 9693.505
 9693.522
 9693.539
 9693.556
 9693.574
 9693.591
 9693.608
 9693.626
 9693.643
 9693.660
 9693.677
 9693.695
 9693.712
 9693.729
 9693.746
 9693.764
 9693.781
 9693.798
 9693.815
 9693.833
 9693.850
 9693.867
 9693.884
 9693.902
 9693.919
 9693.936
 9693.953
 9693.971
 9693.988
 9694.005
 9694.022
 9694.040
 9694.057
 9694.074
 9694.092
 9694.109
 9694.126
 9694.143
 9694.161
 9694.178
 9694.195
 9694.212
 9694.230
 9694.247
 9694.264
 9694.281
 9694.299
 9694.316
 9694.333
 9694.350
 9694.368
 9694.385
 9694.402
 9694.419
 9694.437
 9694.454
 9694.471
 9694.488
 9694.506
 9694.523
 9694.540
 9694.557
 9694.575
 9694.592
 9694.609
 9694.627
 9694.644
 9694.661
 9694.678
 9694.696
 9694.713
 9694.730
 9694.747
 9694.765
 9694.782
 9694.799
 9694.816
 9694.834
 9694.851
 9694.868
 9694.885
 9694.903
 9694.920
 9694.937
 9694.954
 9694.972
 9694.989
 9695.006
 9695.023
 9695.041
 9695.058
 9695.075
 9695.092
 9695.110
 9695.127
 9695.144
 9695.162
 9695.179
 9695.196
 9695.213
 9695.231
 9695.248
 9695.265
 9695.282
 9695.300
 9695.317
 9695.334
 9695.351
 9695.369
 9695.386
 9695.403
 9695.420
 9695.438
 9695.455
 9695.472
 9695.489
 9695.507
 9695.524
 9695.541
 9695.558
 9695.576
 9695.593
 9695.610
 9695.627
 9695.645
 9695.662
 9695.679
 9695.697
 9695.714
 9695.731
 9695.748
 9695.766
 9695.783
 9695.800
 9695.817
 9695.835
 9695.852
 9695.869
 9695.886
 9695.904
 9695.921
 9695.938
 9695.955
 9695.973
 9695.990
 9696.007
 9696.024
 9696.042
 9696.059
 9696.076
 9696.093
 9696.111
 9696.128
 9696.145
 9696.162
 9696.180
 9696.197
 9696.214
 9696.232
 9696.249
 9696.266
 9696.283
 9696.301
 9696.318
 9696.335
 9696.352
 9696.370
 9696.387
 9696.404
 9696.421
 9696.439
 9696.456
 9696.473
 9696.490
 9696.508
 9696.525
 9696.542
 9696.559
 9696.577
 9696.594
 9696.611
 9696.628
 9696.646
 9696.663
 9696.680
 9696.697
 9696.715
 9696.732
 9696.749
 9696.767
 9696.784
 9696.801
 9696.818
 9696.836
 9696.853
 9696.870
 9696.887
 9696.905
 9696.922
 9696.939
 9696.956
 9696.974
 9696.991
 9697.008
 9697.025
 9697.043
 9697.060
 9697.077
 9697.094
 9697.112
 9697.129
 9697.146
 9697.163
 9697.181
 9697.198
 9697.215
 9697.232
 9697.250
 9697.267
 9697.284
 9697.302
 9697.319
 9697.336
 9697.353
 9697.371
 9697.388
 9697.405
 9697.422
 9697.440
 9697.457
 9697.474
 9697.491
 9697.509
 9697.526
 9697.543
 9697.560
 9697.578
 9697.595
 9697.612
 9697.629
 9697.647
 9697.664
 9697.681
 9697.698
 9697.716
 9697.733
 9697.750
 9697.768
 9697.785
 9697.802
 9697.819
 9697.837
 9697.854
 9697.871
 9697.888
 9697.906
 9697.923
 9697.940
 9697.957
 9697.975
 9697.992
 9698.009
 9698.026
 9698.044
 9698.061
 9698.078
 9698.095
 9698.113
 9698.130
 9698.147
 9698.164
 9698.182
 9698.199
 9698.216
 9698.233
 9698.251
 9698.268
 9698.285
 9698.303
 9698.320
 9698.337
 9698.354
 9698.372
 9698.389
 9698.406
 9698.423
 9698.441
 9698.458
 9698.475
 9698.492
 9698.510
 9698.527
 9698.544
 9698.561
 9698.579
 9698.596
 9698.613
 9698.630
 9698.648
 9698.665
 9698.682
 9698.699
 9698.717
 9698.734
 9698.751
 9698.768
 9698.786
 9698.803
 9698.820
 9698.838
 9698.855
 9698.872
 9698.889
 9698.907
 9698.924
 9698.941
 9698.958
 9698.976
 9698.993
 9699.010
 9699.027
 9699.045
 9699.062
 9699.079
 9699.096
 9699.114
 9699.131
 9699.148
 9699.165
 9699.183
 9699.200
 9699.217
 9699.234
 9699.252
 9699.269
 9699.286
 9699.303
 9699.321
 9699.338
 9699.355
 9699.373
 9699.390
 9699.407
 9699.424
 9699.442
 9699.459
 9699.476
 9699.493
 9699.511
 9699.528
 9699.545
 9699.562
 9699.580
 9699.597
 9699.614
 9699.631
 9699.649
 9699.666
 9699.683
 9699.700
 9699.718
 9699.735
 9699.752
 9699.769
 9699.787
 9699.804
 9699.821
 9699.838
 9699.856
 9699.873
 9699.890
 9699.908
 9699.925
 9699.942
 9699.959
 9699.977
 9699.994
 9700.011
 9700.028
 9700.046
 9700.063
 9700.080
 9700.097
 9700.115
 9700.132
 9700.149
 9700.166
 9700.184
 9700.201
 9700.218
 9700.235
 9700.253
 9700.270
 9700.287
 9700.304
 9700.322
 9700.339
 9700.356
 9700.373
 9700.391
 9700.408
 9700.425
 9700.443
 9700.460
 9700.477
 9700.494
 9700.512
 9700.529
 9700.546
 9700.563
 9700.581
 9700.598
 9700.615
 9700.632
 9700.650
 9700.667
 9700.684
 9700.701
 9700.719
 9700.736
 9700.753
 9700.770
 9700.788
 9700.805
 9700.822
 9700.839
 9700.857
 9700.874
 9700.891
 9700.908
 9700.926
 9700.943
 9700.960
 9700.978
 9700.995
 9701.012
 9701.029
 9701.047
 9701.064
 9701.081
 9701.098
 9701.116
 9701.133
 9701.150
 9701.167
 9701.185
 9701.202
 9701.219
 9701.236
 9701.254
 9701.271
 9701.288
 9701.305
 9701.323
 9701.340
 9701.357
 9701.374
 9701.392
 9701.409
 9701.426
 9701.444
 9701.461
 9701.478
 9701.495
 9701.513
 9701.530
 9701.547
 9701.564
 9701.582
 9701.599
 9701.616
 9701.633
 9701.651
 9701.668
 9701.685
 9701.702
 9701.720
 9701.737
 9701.754
 9701.771
 9701.789
 9701.806
 9701.823
 9701.840
 9701.858
 9701.875
 9701.892
 9701.909
 9701.927
 9701.944
 9701.961
 9701.979
 9701.996
 9702.013
 9702.030
 9702.048
 9702.065
 9702.082
 9702.099
 9702.117
 9702.134
 9702.151
 9702.168
 9702.186
 9702.203
 9702.220
 9702.237
 9702.255
 9702.272
 9702.289
 9702.306
 9702.324
 9702.341
 9702.358
 9702.375
 9702.393
 9702.410
 9702.427
 9702.444
 9702.462
 9702.479
 9702.496
 9702.514
 9702.531
 9702.548
 9702.565
 9702.583
 9702.600
 9702.617
 9702.634
 9702.652
 9702.669
 9702.686
 9702.703
 9702.721
 9702.738
 9702.755
 9702.772
 9702.790
 9702.807
 9702.824
 9702.841
 9702.859
 9702.876
 9702.893
 9702.910
 9702.928
 9702.945
 9702.962
 9702.979
 9702.997
 9703.014
 9703.031
 9703.049
 9703.066
 9703.083
 9703.100
 9703.118
 9703.135
 9703.152
 9703.169
 9703.187
 9703.204
 9703.221
 9703.238
 9703.256
 9703.273
 9703.290
 9703.307
 9703.325
 9703.342
 9703.359
 9703.376
 9703.394
 9703.411
 9703.428
 9703.445
 9703.463
 9703.480
 9703.497
 9703.514
 9703.532
 9703.549
 9703.566
 9703.584
 9703.601
 9703.618
 9703.635
 9703.653
 9703.670
 9703.687
 9703.704
 9703.722
 9703.739
 9703.756
 9703.773
 9703.791
 9703.808
 9703.825
 9703.842
 9703.860
 9703.877
 9703.894
 9703.911
 9703.929
 9703.946
 9703.963
 9703.980
 9703.998
 9704.015
 9704.032
 9704.049
 9704.067
 9704.084
 9704.101
 9704.119
 9704.136
 9704.153
 9704.170
 9704.188
 9704.205
 9704.222
 9704.239
 9704.257
 9704.274
 9704.291
 9704.308
 9704.326
 9704.343
 9704.360
 9704.377
 9704.395
 9704.412
 9704.429
 9704.446
 9704.464
 9704.481
 9704.498
 9704.515
 9704.533
 9704.550
 9704.567
 9704.585
 9704.602
 9704.619
 9704.636
 9704.654
 9704.671
 9704.688
 9704.705
 9704.723
 9704.740
 9704.757
 9704.774
 9704.792
 9704.809
 9704.826
 9704.843
 9704.861
 9704.878
 9704.895
 9704.912
 9704.930
 9704.947
 9704.964
 9704.981
 9704.999
 9705.016
 9705.033
 9705.050
 9705.068
 9705.085
 9705.102
 9705.120
 9705.137
 9705.154
 9705.171
 9705.189
 9705.206
 9705.223
 9705.240
 9705.258
 9705.275
 9705.292
 9705.309
 9705.327
 9705.344
 9705.361
 9705.378
 9705.396
 9705.413
 9705.430
 9705.447
 9705.465
 9705.482
 9705.499
 9705.516
 9705.534
 9705.551
 9705.568
 9705.585
 9705.603
 9705.620
 9705.637
 9705.655
 9705.672
 9705.689
 9705.706
 9705.724
 9705.741
 9705.758
 9705.775
 9705.793
 9705.810
 9705.827
 9705.844
 9705.862
 9705.879
 9705.896
 9705.913
 9705.931
 9705.948
 9705.965
 9705.982
 9706.000
 9706.017
 9706.034
 9706.051
 9706.069
 9706.086
 9706.103
 9706.120
 9706.138
 9706.155
 9706.172
 9706.190
 9706.207
 9706.224
 9706.241
 9706.259
 9706.276
 9706.293
 9706.310
 9706.328
 9706.345
 9706.362
 9706.379
 9706.397
 9706.414
 9706.431
 9706.448
 9706.466
 9706.483
 9706.500
 9706.517
 9706.535
 9706.552
 9706.569
 9706.586
 9706.604
 9706.621
 9706.638
 9706.655
 9706.673
 9706.690
 9706.707
 9706.725
 9706.742
 9706.759
 9706.776
 9706.794
 9706.811
 9706.828
 9706.845
 9706.863
 9706.880
 9706.897
 9706.914
 9706.932
 9706.949
 9706.966
 9706.983
 9707.001
 9707.018
 9707.035
 9707.052
 9707.070
 9707.087
 9707.104
 9707.121
 9707.139
 9707.156
 9707.173
 9707.190
 9707.208
 9707.225
 9707.242
 9707.260
 9707.277
 9707.294
 9707.311
 9707.329
 9707.346
 9707.363
 9707.380
 9707.398
 9707.415
 9707.432
 9707.449
 9707.467
 9707.484
 9707.501
 9707.518
 9707.536
 9707.553
 9707.570
 9707.587
 9707.605
 9707.622
 9707.639
 9707.656
 9707.674
 9707.691
 9707.708
 9707.725
 9707.743
 9707.760
 9707.777
 9707.795
 9707.812
 9707.829
 9707.846
 9707.864
 9707.881
 9707.898
 9707.915
 9707.933
 9707.950
 9707.967
 9707.984
 9708.002
 9708.019
 9708.036
 9708.053
 9708.071
 9708.088
 9708.105
 9708.122
 9708.140
 9708.157
 9708.174
 9708.191
 9708.209
 9708.226
 9708.243
 9708.261
 9708.278
 9708.295
 9708.312
 9708.330
 9708.347
 9708.364
 9708.381
 9708.399
 9708.416
 9708.433
 9708.450
 9708.468
 9708.485
 9708.502
 9708.519
 9708.537
 9708.554
 9708.571
 9708.588
 9708.606
 9708.623
 9708.640
 9708.657
 9708.675
 9708.692
 9708.709
 9708.726
 9708.744
 9708.761
 9708.778
 9708.796
 9708.813
 9708.830
 9708.847
 9708.865
 9708.882
 9708.899
 9708.916
 9708.934
 9708.951
 9708.968
 9708.985
 9709.003
 9709.020
 9709.037
 9709.054
 9709.072
 9709.089
 9709.106
 9709.123
 9709.141
 9709.158
 9709.175
 9709.192
 9709.210
 9709.227
 9709.244
 9709.261
 9709.279
 9709.296
 9709.313
 9709.331
 9709.348
 9709.365
 9709.382
 9709.400
 9709.417
 9709.434
 9709.451
 9709.469
 9709.486
 9709.503
 9709.520
 9709.538
 9709.555
 9709.572
 9709.589
 9709.607
 9709.624
 9709.641
 9709.658
 9709.676
 9709.693
 9709.710
 9709.727
 9709.745
 9709.762
 9709.779
 9709.796
 9709.814
 9709.831
 9709.848
 9709.866
 9709.883
 9709.900
 9709.917
 9709.935
 9709.952
 9709.969
 9709.986
 9710.004
 9710.021
 9710.038
 9710.055
 9710.073
 9710.090
 9710.107
 9710.124
 9710.142
 9710.159
 9710.176
 9710.193
 9710.211
 9710.228
 9710.245
 9710.262
 9710.280
 9710.297
 9710.314
 9710.331
 9710.349
 9710.366
 9710.383
 9710.401
 9710.418
 9710.435
 9710.452
 9710.470
 9710.487
 9710.504
 9710.521
 9710.539
 9710.556
 9710.573
 9710.590
 9710.608
 9710.625
 9710.642
 9710.659
 9710.677
 9710.694
 9710.711
 9710.728
 9710.746
 9710.763
 9710.780
 9710.797
 9710.815
 9710.832
 9710.849
 9710.866
 9710.884
 9710.901
 9710.918
 9710.936
 9710.953
 9710.970
 9710.987
 9711.005
 9711.022
 9711.039
 9711.056
 9711.074
 9711.091
 9711.108
 9711.125
 9711.143
 9711.160
 9711.177
 9711.194
 9711.212
 9711.229
 9711.246
 9711.263
 9711.281
 9711.298
 9711.315
 9711.332
 9711.350
 9711.367
 9711.384
 9711.401
 9711.419
 9711.436
 9711.453
 9711.471
 9711.488
 9711.505
 9711.522
 9711.540
 9711.557
 9711.574
 9711.591
 9711.609
 9711.626
 9711.643
 9711.660
 9711.678
 9711.695
 9711.712
 9711.729
 9711.747
 9711.764
 9711.781
 9711.798
 9711.816
 9711.833
 9711.850
 9711.867
 9711.885
 9711.902
 9711.919
 9711.937
 9711.954
 9711.971
 9711.988
 9712.006
 9712.023
 9712.040
 9712.057
 9712.075
 9712.092
 9712.109
 9712.126
 9712.144
 9712.161
 9712.178
 9712.195
 9712.213
 9712.230
 9712.247
 9712.264
 9712.282
 9712.299
 9712.316
 9712.333
 9712.351
 9712.368
 9712.385
 9712.402
 9712.420
 9712.437
 9712.454
 9712.472
 9712.489
 9712.506
 9712.523
 9712.541
 9712.558
 9712.575
 9712.592
 9712.610
 9712.627
 9712.644
 9712.661
 9712.679
 9712.696
 9712.713
 9712.730
 9712.748
 9712.765
 9712.782
 9712.799
 9712.817
 9712.834
 9712.851
 9712.868
 9712.886
 9712.903
 9712.920
 9712.937
 9712.955
 9712.972
 9712.989
 9713.007
 9713.024
 9713.041
 9713.058
 9713.076
 9713.093
 9713.110
 9713.127
 9713.145
 9713.162
 9713.179
 9713.196
 9713.214
 9713.231
 9713.248
 9713.265
 9713.283
 9713.300
 9713.317
 9713.334
 9713.352
 9713.369
 9713.386
 9713.403
 9713.421
 9713.438
 9713.455
 9713.472
 9713.490
 9713.507
 9713.524
 9713.542
 9713.559
 9713.576
 9713.593
 9713.611
 9713.628
 9713.645
 9713.662
 9713.680
 9713.697
 9713.714
 9713.731
 9713.749
 9713.766
 9713.783
 9713.800
 9713.818
 9713.835
 9713.852
 9713.869
 9713.887
 9713.904
 9713.921
 9713.938
 9713.956
 9713.973
 9713.990
 9714.007
 9714.025
 9714.042
 9714.059
 9714.077
 9714.094
 9714.111
 9714.128
 9714.146
 9714.163
 9714.180
 9714.197
 9714.215
 9714.232
 9714.249
 9714.266
 9714.284
 9714.301
 9714.318
 9714.335
 9714.353
 9714.370
 9714.387
 9714.404
 9714.422
 9714.439
 9714.456
 9714.473
 9714.491
 9714.508
 9714.525
 9714.542
 9714.560
 9714.577
 9714.594
 9714.612
 9714.629
 9714.646
 9714.663
 9714.681
 9714.698
 9714.715
 9714.732
 9714.750
 9714.767
 9714.784
 9714.801
 9714.819
 9714.836
 9714.853
 9714.870
 9714.888
 9714.905
 9714.922
 9714.939
 9714.957
 9714.974
 9714.991
 9715.008
 9715.026
 9715.043
 9715.060
 9715.077
 9715.095
 9715.112
 9715.129
 9715.147
 9715.164
 9715.181
 9715.198
 9715.216
 9715.233
 9715.250
 9715.267
 9715.285
 9715.302
 9715.319
 9715.336
 9715.354
 9715.371
 9715.388
 9715.405
 9715.423
 9715.440
 9715.457
 9715.474
 9715.492
 9715.509
 9715.526
 9715.543
 9715.561
 9715.578
 9715.595
 9715.613
 9715.630
 9715.647
 9715.664
 9715.682
 9715.699
 9715.716
 9715.733
 9715.751
 9715.768
 9715.785
 9715.802
 9715.820
 9715.837
 9715.854
 9715.871
 9715.889
 9715.906
 9715.923
 9715.940
 9715.958
 9715.975
 9715.992
 9716.009
 9716.027
 9716.044
 9716.061
 9716.078
 9716.096
 9716.113
 9716.130
 9716.148
 9716.165
 9716.182
 9716.199
 9716.217
 9716.234
 9716.251
 9716.268
 9716.286
 9716.303
 9716.320
 9716.337
 9716.355
 9716.372
 9716.389
 9716.406
 9716.424
 9716.441
 9716.458
 9716.475
 9716.493
 9716.510
 9716.527
 9716.544
 9716.562
 9716.579
 9716.596
 9716.613
 9716.631
 9716.648
 9716.665
 9716.683
 9716.700
 9716.717
 9716.734
 9716.752
 9716.769
 9716.786
 9716.803
 9716.821
 9716.838
 9716.855
 9716.872
 9716.890
 9716.907
 9716.924
 9716.941
 9716.959
 9716.976
 9716.993
 9717.010
 9717.028
 9717.045
 9717.062
 9717.079
 9717.097
 9717.114
 9717.131
 9717.148
 9717.166
 9717.183
 9717.200
 9717.218
 9717.235
 9717.252
 9717.269
 9717.287
 9717.304
 9717.321
 9717.338
 9717.356
 9717.373
 9717.390
 9717.407
 9717.425
 9717.442
 9717.459
 9717.476
 9717.494
 9717.511
 9717.528
 9717.545
 9717.563
 9717.580
 9717.597
 9717.614
 9717.632
 9717.649
 9717.666
 9717.683
 9717.701
 9717.718
 9717.735
 9717.753
 9717.770
 9717.787
 9717.804
 9717.822
 9717.839
 9717.856
 9717.873
 9717.891
 9717.908
 9717.925
 9717.942
 9717.960
 9717.977
 9717.994
 9718.011
 9718.029
 9718.046
 9718.063
 9718.080
 9718.098
 9718.115
 9718.132
 9718.149
 9718.167
 9718.184
 9718.201
 9718.218
 9718.236
 9718.253
 9718.270
 9718.288
 9718.305
 9718.322
 9718.339
 9718.357
 9718.374
 9718.391
 9718.408
 9718.426
 9718.443
 9718.460
 9718.477
 9718.495
 9718.512
 9718.529
 9718.546
 9718.564
 9718.581
 9718.598
 9718.615
 9718.633
 9718.650
 9718.667
 9718.684
 9718.702
 9718.719
 9718.736
 9718.754
 9718.771
 9718.788
 9718.805
 9718.823
 9718.840
 9718.857
 9718.874
 9718.892
 9718.909
 9718.926
 9718.943
 9718.961
 9718.978
 9718.995
 9719.012
 9719.030
 9719.047
 9719.064
 9719.081
 9719.099
 9719.116
 9719.133
 9719.150
 9719.168
 9719.185
 9719.202
 9719.219
 9719.237
 9719.254
 9719.271
 9719.289
 9719.306
 9719.323
 9719.340
 9719.358
 9719.375
 9719.392
 9719.409
 9719.427
 9719.444
 9719.461
 9719.478
 9719.496
 9719.513
 9719.530
 9719.547
 9719.565
 9719.582
 9719.599
 9719.616
 9719.634
 9719.651
 9719.668
 9719.685
 9719.703
 9719.720
 9719.737
 9719.754
 9719.772
 9719.789
 9719.806
 9719.824
 9719.841
 9719.858
 9719.875
 9719.893
 9719.910
 9719.927
 9719.944
 9719.962
 9719.979
 9719.996
 9720.013
 9720.031
 9720.048
 9720.065
 9720.082
 9720.100
 9720.117
 9720.134
 9720.151
 9720.169
 9720.186
 9720.203
 9720.220
 9720.238
 9720.255
 9720.272
 9720.289
 9720.307
 9720.324
 9720.341
 9720.359
 9720.376
 9720.393
 9720.410
 9720.428
 9720.445
 9720.462
 9720.479
 9720.497
 9720.514
 9720.531
 9720.548
 9720.566
 9720.583
 9720.600
 9720.617
 9720.635
 9720.652
 9720.669
 9720.686
 9720.704
 9720.721
 9720.738
 9720.755
 9720.773
 9720.790
 9720.807
 9720.824
 9720.842
 9720.859
 9720.876
 9720.894
 9720.911
 9720.928
 9720.945
 9720.963
 9720.980
 9720.997
 9721.014
 9721.032
 9721.049
 9721.066
 9721.083
 9721.101
 9721.118
 9721.135
 9721.152
 9721.170
 9721.187
 9721.204
 9721.221
 9721.239
 9721.256
 9721.273
 9721.290
 9721.308
 9721.325
 9721.342
 9721.359
 9721.377
 9721.394
 9721.411
 9721.429
 9721.446
 9721.463
 9721.480
 9721.498
 9721.515
 9721.532
 9721.549
 9721.567
 9721.584
 9721.601
 9721.618
 9721.636
 9721.653
 9721.670
 9721.687
 9721.705
 9721.722
 9721.739
 9721.756
 9721.774
 9721.791
 9721.808
 9721.825
 9721.843
 9721.860
 9721.877
 9721.894
 9721.912
 9721.929
 9721.946
 9721.964
 9721.981
 9721.998
 9722.015
 9722.033
 9722.050
 9722.067
 9722.084
 9722.102
 9722.119
 9722.136
 9722.153
 9722.171
 9722.188
 9722.205
 9722.222
 9722.240
 9722.257
 9722.274
 9722.291
 9722.309
 9722.326
 9722.343
 9722.360
 9722.378
 9722.395
 9722.412
 9722.430
 9722.447
 9722.464
 9722.481
 9722.499
 9722.516
 9722.533
 9722.550
 9722.568
 9722.585
 9722.602
 9722.619
 9722.637
 9722.654
 9722.671
 9722.688
 9722.706
 9722.723
 9722.740
 9722.757
 9722.775
 9722.792
 9722.809
 9722.826
 9722.844
 9722.861
 9722.878
 9722.895
 9722.913
 9722.930
 9722.947
 9722.965
 9722.982
 9722.999
 9723.016
 9723.034
 9723.051
 9723.068
 9723.085
 9723.103
 9723.120
 9723.137
 9723.154
 9723.172
 9723.189
 9723.206
 9723.223
 9723.241
 9723.258
 9723.275
 9723.292
 9723.310
 9723.327
 9723.344
 9723.361
 9723.379
 9723.396
 9723.413
 9723.430
 9723.448
 9723.465
 9723.482
 9723.500
 9723.517
 9723.534
 9723.551
 9723.569
 9723.586
 9723.603
 9723.620
 9723.638
 9723.655
 9723.672
 9723.689
 9723.707
 9723.724
 9723.741
 9723.758
 9723.776
 9723.793
 9723.810
 9723.827
 9723.845
 9723.862
 9723.879
 9723.896
 9723.914
 9723.931
 9723.948
 9723.965
 9723.983
 9724.000
