10473.000
10473.021
10473.041
10473.062
10473.082
10473.103
10473.123
10473.144
10473.164
10473.185
10473.205
10473.226
10473.246
10473.267
10473.287
10473.308
10473.328
10473.349
10473.369
10473.390
10473.410
10473.431
10473.451
10473.472
10473.492
10473.513
10473.533
10473.554
10473.574
10473.595
10473.615
10473.636
10473.656
10473.677
10473.697
10473.718
10473.739
10473.759
10473.780
10473.800
10473.821
10473.841
10473.862
10473.882
10473.903
10473.923
10473.944
10473.964
10473.985
10474.005
10474.026
10474.046
10474.067
10474.087
10474.108
10474.128
10474.149
10474.169
10474.190
10474.210
10474.231
10474.251
10474.272
10474.292
10474.313
10474.333
10474.354
10474.374
10474.395
10474.415
10474.436
10474.457
10474.477
10474.498
10474.518
10474.539
10474.559
10474.580
10474.600
10474.621
10474.641
10474.662
10474.682
10474.703
10474.723
10474.744
10474.764
10474.785
10474.805
10474.826
10474.846
10474.867
10474.887
10474.908
10474.928
10474.949
10474.969
10474.990
10475.010
10475.031
10475.051
10475.072
10475.092
10475.113
10475.134
10475.154
10475.175
10475.195
10475.216
10475.236
10475.257
10475.277
10475.298
10475.318
10475.339
10475.359
10475.380
10475.400
10475.421
10475.441
10475.462
10475.482
10475.503
10475.523
10475.544
10475.564
10475.585
10475.605
10475.626
10475.646
10475.667
10475.687
10475.708
10475.728
10475.749
10475.769
10475.790
10475.810
10475.831
10475.852
10475.872
10475.893
10475.913
10475.934
10475.954
10475.975
10475.995
10476.016
10476.036
10476.057
10476.077
10476.098
10476.118
10476.139
10476.159
10476.180
10476.200
10476.221
10476.241
10476.262
10476.282
10476.303
10476.323
10476.344
10476.364
10476.385
10476.405
10476.426
10476.446
10476.467
10476.487
10476.508
10476.528
10476.549
10476.570
10476.590
10476.611
10476.631
10476.652
10476.672
10476.693
10476.713
10476.734
10476.754
10476.775
10476.795
10476.816
10476.836
10476.857
10476.877
10476.898
10476.918
10476.939
10476.959
10476.980
10477.000
10477.021
10477.041
10477.062
10477.082
10477.103
10477.123
10477.144
10477.164
10477.185
10477.205
10477.226
10477.246
10477.267
10477.288
10477.308
10477.329
10477.349
10477.370
10477.390
10477.411
10477.431
10477.452
10477.472
10477.493
10477.513
10477.534
10477.554
10477.575
10477.595
10477.616
10477.636
10477.657
10477.677
10477.698
10477.718
10477.739
10477.759
10477.780
10477.800
10477.821
10477.841
10477.862
10477.882
10477.903
10477.923
10477.944
10477.965
10477.985
10478.006
10478.026
10478.047
10478.067
10478.088
10478.108
10478.129
10478.149
10478.170
10478.190
10478.211
10478.231
10478.252
10478.272
10478.293
10478.313
10478.334
10478.354
10478.375
10478.395
10478.416
10478.436
10478.457
10478.477
10478.498
10478.518
10478.539
10478.559
10478.580
10478.600
10478.621
10478.641
10478.662
10478.683
10478.703
10478.724
10478.744
10478.765
10478.785
10478.806
10478.826
10478.847
10478.867
10478.888
10478.908
10478.929
10478.949
10478.970
10478.990
10479.011
10479.031
10479.052
10479.072
10479.093
10479.113
10479.134
10479.154
10479.175
10479.195
10479.216
10479.236
10479.257
10479.277
10479.298
10479.318
10479.339
10479.359
10479.380
10479.401
10479.421
10479.442
10479.462
10479.483
10479.503
10479.524
10479.544
10479.565
10479.585
10479.606
10479.626
10479.647
10479.667
10479.688
10479.708
10479.729
10479.749
10479.770
10479.790
10479.811
10479.831
10479.852
10479.872
10479.893
10479.913
10479.934
10479.954
10479.975
10479.995
10480.016
10480.036
10480.057
10480.077
10480.098
10480.119
10480.139
10480.160
10480.180
10480.201
10480.221
10480.242
10480.262
10480.283
10480.303
10480.324
10480.344
10480.365
10480.385
10480.406
10480.426
10480.447
10480.467
10480.488
10480.508
10480.529
10480.549
10480.570
10480.590
10480.611
10480.631
10480.652
10480.672
10480.693
10480.713
10480.734
10480.754
10480.775
10480.796
10480.816
10480.837
10480.857
10480.878
10480.898
10480.919
10480.939
10480.960
10480.980
10481.001
10481.021
10481.042
10481.062
10481.083
10481.103
10481.124
10481.144
10481.165
10481.185
10481.206
10481.226
10481.247
10481.267
10481.288
10481.308
10481.329
10481.349
10481.370
10481.390
10481.411
10481.431
10481.452
10481.472
10481.493
10481.514
10481.534
10481.555
10481.575
10481.596
10481.616
10481.637
10481.657
10481.678
10481.698
10481.719
10481.739
10481.760
10481.780
10481.801
10481.821
10481.842
10481.862
10481.883
10481.903
10481.924
10481.944
10481.965
10481.985
10482.006
10482.026
10482.047
10482.067
10482.088
10482.108
10482.129
10482.149
10482.170
10482.190
10482.211
10482.232
10482.252
10482.273
10482.293
10482.314
10482.334
10482.355
10482.375
10482.396
10482.416
10482.437
10482.457
10482.478
10482.498
10482.519
10482.539
10482.560
10482.580
10482.601
10482.621
10482.642
10482.662
10482.683
10482.703
10482.724
10482.744
10482.765
10482.785
10482.806
10482.826
10482.847
10482.867
10482.888
10482.908
10482.929
10482.950
10482.970
10482.991
10483.011
10483.032
10483.052
10483.073
10483.093
10483.114
10483.134
10483.155
10483.175
10483.196
10483.216
10483.237
10483.257
10483.278
10483.298
10483.319
10483.339
10483.360
10483.380
10483.401
10483.421
10483.442
10483.462
10483.483
10483.503
10483.524
10483.544
10483.565
10483.585
10483.606
10483.627
10483.647
10483.668
10483.688
10483.709
10483.729
10483.750
10483.770
10483.791
10483.811
10483.832
10483.852
10483.873
10483.893
10483.914
10483.934
10483.955
10483.975
10483.996
10484.016
10484.037
10484.057
10484.078
10484.098
10484.119
10484.139
10484.160
10484.180
10484.201
10484.221
10484.242
10484.262
10484.283
10484.303
10484.324
10484.345
10484.365
10484.386
10484.406
10484.427
10484.447
10484.468
10484.488
10484.509
10484.529
10484.550
10484.570
10484.591
10484.611
10484.632
10484.652
10484.673
10484.693
10484.714
10484.734
10484.755
10484.775
10484.796
10484.816
10484.837
10484.857
10484.878
10484.898
10484.919
10484.939
10484.960
10484.980
10485.001
10485.021
10485.042
10485.063
10485.083
10485.104
10485.124
10485.145
10485.165
10485.186
10485.206
10485.227
10485.247
10485.268
10485.288
10485.309
10485.329
10485.350
10485.370
10485.391
10485.411
10485.432
10485.452
10485.473
10485.493
10485.514
10485.534
10485.555
10485.575
10485.596
10485.616
10485.637
10485.657
10485.678
10485.698
10485.719
10485.739
10485.760
10485.781
10485.801
10485.822
10485.842
10485.863
10485.883
10485.904
10485.924
10485.945
10485.965
10485.986
10486.006
10486.027
10486.047
10486.068
10486.088
10486.109
10486.129
10486.150
10486.170
10486.191
10486.211
10486.232
10486.252
10486.273
10486.293
10486.314
10486.334
10486.355
10486.375
10486.396
10486.416
10486.437
10486.458
10486.478
10486.499
10486.519
10486.540
10486.560
10486.581
10486.601
10486.622
10486.642
10486.663
10486.683
10486.704
10486.724
10486.745
10486.765
10486.786
10486.806
10486.827
10486.847
10486.868
10486.888
10486.909
10486.929
10486.950
10486.970
10486.991
10487.011
10487.032
10487.052
10487.073
10487.093
10487.114
10487.134
10487.155
10487.176
10487.196
10487.217
10487.237
10487.258
10487.278
10487.299
10487.319
10487.340
10487.360
10487.381
10487.401
10487.422
10487.442
10487.463
10487.483
10487.504
10487.524
10487.545
10487.565
10487.586
10487.606
10487.627
10487.647
10487.668
10487.688
10487.709
10487.729
10487.750
10487.770
10487.791
10487.811
10487.832
10487.852
10487.873
10487.894
10487.914
10487.935
10487.955
10487.976
10487.996
10488.017
10488.037
10488.058
10488.078
10488.099
10488.119
10488.140
10488.160
10488.181
10488.201
10488.222
10488.242
10488.263
10488.283
10488.304
10488.324
10488.345
10488.365
10488.386
10488.406
10488.427
10488.447
10488.468
10488.488
10488.509
10488.529
10488.550
10488.570
10488.591
10488.612
10488.632
10488.653
10488.673
10488.694
10488.714
10488.735
10488.755
10488.776
10488.796
10488.817
10488.837
10488.858
10488.878
10488.899
10488.919
10488.940
10488.960
10488.981
10489.001
10489.022
10489.042
10489.063
10489.083
10489.104
10489.124
10489.145
10489.165
10489.186
10489.206
10489.227
10489.247
10489.268
10489.289
10489.309
10489.330
10489.350
10489.371
10489.391
10489.412
10489.432
10489.453
10489.473
10489.494
10489.514
10489.535
10489.555
10489.576
10489.596
10489.617
10489.637
10489.658
10489.678
10489.699
10489.719
10489.740
10489.760
10489.781
10489.801
10489.822
10489.842
10489.863
10489.883
10489.904
10489.924
10489.945
10489.965
10489.986
10490.007
10490.027
10490.048
10490.068
10490.089
10490.109
10490.130
10490.150
10490.171
10490.191
10490.212
10490.232
10490.253
10490.273
10490.294
10490.314
10490.335
10490.355
10490.376
10490.396
10490.417
10490.437
10490.458
10490.478
10490.499
10490.519
10490.540
10490.560
10490.581
10490.601
10490.622
10490.642
10490.663
10490.683
10490.704
10490.725
10490.745
10490.766
10490.786
10490.807
10490.827
10490.848
10490.868
10490.889
10490.909
10490.930
10490.950
10490.971
10490.991
10491.012
10491.032
10491.053
10491.073
10491.094
10491.114
10491.135
10491.155
10491.176
10491.196
10491.217
10491.237
10491.258
10491.278
10491.299
10491.319
10491.340
10491.360
10491.381
10491.401
10491.422
10491.443
10491.463
10491.484
10491.504
10491.525
10491.545
10491.566
10491.586
10491.607
10491.627
10491.648
10491.668
10491.689
10491.709
10491.730
10491.750
10491.771
10491.791
10491.812
10491.832
10491.853
10491.873
10491.894
10491.914
10491.935
10491.955
10491.976
10491.996
10492.017
10492.037
10492.058
10492.078
10492.099
10492.120
10492.140
10492.161
10492.181
10492.202
10492.222
10492.243
10492.263
10492.284
10492.304
10492.325
10492.345
10492.366
10492.386
10492.407
10492.427
10492.448
10492.468
10492.489
10492.509
10492.530
10492.550
10492.571
10492.591
10492.612
10492.632
10492.653
10492.673
10492.694
10492.714
10492.735
10492.755
10492.776
10492.796
10492.817
10492.838
10492.858
10492.879
10492.899
10492.920
10492.940
10492.961
10492.981
10493.002
10493.022
10493.043
10493.063
10493.084
10493.104
10493.125
10493.145
10493.166
10493.186
10493.207
10493.227
10493.248
10493.268
10493.289
10493.309
10493.330
10493.350
10493.371
10493.391
10493.412
10493.432
10493.453
10493.473
10493.494
10493.514
10493.535
10493.556
10493.576
10493.597
10493.617
10493.638
10493.658
10493.679
10493.699
10493.720
10493.740
10493.761
10493.781
10493.802
10493.822
10493.843
10493.863
10493.884
10493.904
10493.925
10493.945
10493.966
10493.986
10494.007
10494.027
10494.048
10494.068
10494.089
10494.109
10494.130
10494.150
10494.171
10494.191
10494.212
10494.232
10494.253
10494.274
10494.294
10494.315
10494.335
10494.356
10494.376
10494.397
10494.417
10494.438
10494.458
10494.479
10494.499
10494.520
10494.540
10494.561
10494.581
10494.602
10494.622
10494.643
10494.663
10494.684
10494.704
10494.725
10494.745
10494.766
10494.786
10494.807
10494.827
10494.848
10494.868
10494.889
10494.909
10494.930
10494.951
10494.971
10494.992
10495.012
10495.033
10495.053
10495.074
10495.094
10495.115
10495.135
10495.156
10495.176
10495.197
10495.217
10495.238
10495.258
10495.279
10495.299
10495.320
10495.340
10495.361
10495.381
10495.402
10495.422
10495.443
10495.463
10495.484
10495.504
10495.525
10495.545
10495.566
10495.586
10495.607
10495.627
10495.648
10495.669
10495.689
10495.710
10495.730
10495.751
10495.771
10495.792
10495.812
10495.833
10495.853
10495.874
10495.894
10495.915
10495.935
10495.956
10495.976
10495.997
10496.017
10496.038
10496.058
10496.079
10496.099
10496.120
10496.140
10496.161
10496.181
10496.202
10496.222
10496.243
10496.263
10496.284
10496.304
10496.325
10496.345
10496.366
10496.387
10496.407
10496.428
10496.448
10496.469
10496.489
10496.510
10496.530
10496.551
10496.571
10496.592
10496.612
10496.633
10496.653
10496.674
10496.694
10496.715
10496.735
10496.756
10496.776
10496.797
10496.817
10496.838
10496.858
10496.879
10496.899
10496.920
10496.940
10496.961
10496.981
10497.002
10497.022
10497.043
10497.063
10497.084
10497.105
10497.125
10497.146
10497.166
10497.187
10497.207
10497.228
10497.248
10497.269
10497.289
10497.310
10497.330
10497.351
10497.371
10497.392
10497.412
10497.433
10497.453
10497.474
10497.494
10497.515
10497.535
10497.556
10497.576
10497.597
10497.617
10497.638
10497.658
10497.679
10497.699
10497.720
10497.740
10497.761
10497.782
10497.802
10497.823
10497.843
10497.864
10497.884
10497.905
10497.925
10497.946
10497.966
10497.987
10498.007
10498.028
10498.048
10498.069
10498.089
10498.110
10498.130
10498.151
10498.171
10498.192
10498.212
10498.233
10498.253
10498.274
10498.294
10498.315
10498.335
10498.356
10498.376
10498.397
10498.417
10498.438
10498.458
10498.479
10498.500
10498.520
10498.541
10498.561
10498.582
10498.602
10498.623
10498.643
10498.664
10498.684
10498.705
10498.725
10498.746
10498.766
10498.787
10498.807
10498.828
10498.848
10498.869
10498.889
10498.910
10498.930
10498.951
10498.971
10498.992
10499.012
10499.033
10499.053
10499.074
10499.094
10499.115
10499.135
10499.156
10499.176
10499.197
10499.218
10499.238
10499.259
10499.279
10499.300
10499.320
10499.341
10499.361
10499.382
10499.402
10499.423
10499.443
10499.464
10499.484
10499.505
10499.525
10499.546
10499.566
10499.587
10499.607
10499.628
10499.648
10499.669
10499.689
10499.710
10499.730
10499.751
10499.771
10499.792
10499.812
10499.833
10499.853
10499.874
10499.894
10499.915
10499.936
10499.956
10499.977
10499.997
10500.018
10500.038
10500.059
10500.079
10500.100
10500.120
10500.141
10500.161
10500.182
10500.202
10500.223
10500.243
10500.264
10500.284
10500.305
10500.325
10500.346
10500.366
10500.387
10500.407
10500.428
10500.448
10500.469
10500.489
10500.510
10500.530
10500.551
10500.571
10500.592
10500.613
10500.633
10500.654
10500.674
10500.695
10500.715
10500.736
10500.756
10500.777
10500.797
10500.818
10500.838
10500.859
10500.879
10500.900
10500.920
10500.941
10500.961
10500.982
10501.002
10501.023
10501.043
10501.064
10501.084
10501.105
10501.125
10501.146
10501.166
10501.187
10501.207
10501.228
10501.248
10501.269
10501.289
10501.310
10501.331
10501.351
10501.372
10501.392
10501.413
10501.433
10501.454
10501.474
10501.495
10501.515
10501.536
10501.556
10501.577
10501.597
10501.618
10501.638
10501.659
10501.679
10501.700
10501.720
10501.741
10501.761
10501.782
10501.802
10501.823
10501.843
10501.864
10501.884
10501.905
10501.925
10501.946
10501.966
10501.987
10502.007
10502.028
10502.049
10502.069
10502.090
10502.110
10502.131
10502.151
10502.172
10502.192
10502.213
10502.233
10502.254
10502.274
10502.295
10502.315
10502.336
10502.356
10502.377
10502.397
10502.418
10502.438
10502.459
10502.479
10502.500
10502.520
10502.541
10502.561
10502.582
10502.602
10502.623
10502.643
10502.664
10502.684
10502.705
10502.725
10502.746
10502.767
10502.787
10502.808
10502.828
10502.849
10502.869
10502.890
10502.910
10502.931
10502.951
10502.972
10502.992
10503.013
10503.033
10503.054
10503.074
10503.095
10503.115
10503.136
10503.156
10503.177
10503.197
10503.218
10503.238
10503.259
10503.279
10503.300
10503.320
10503.341
10503.361
10503.382
10503.402
10503.423
10503.444
10503.464
10503.485
10503.505
10503.526
10503.546
10503.567
10503.587
10503.608
10503.628
10503.649
10503.669
10503.690
10503.710
10503.731
10503.751
10503.772
10503.792
10503.813
10503.833
10503.854
10503.874
10503.895
10503.915
10503.936
10503.956
10503.977
10503.997
10504.018
10504.038
10504.059
10504.079
10504.100
10504.120
10504.141
10504.162
10504.182
10504.203
10504.223
10504.244
10504.264
10504.285
10504.305
10504.326
10504.346
10504.367
10504.387
10504.408
10504.428
10504.449
10504.469
10504.490
10504.510
10504.531
10504.551
10504.572
10504.592
10504.613
10504.633
10504.654
10504.674
10504.695
10504.715
10504.736
10504.756
10504.777
10504.797
10504.818
10504.838
10504.859
10504.880
10504.900
10504.921
10504.941
10504.962
10504.982
10505.003
10505.023
10505.044
10505.064
10505.085
10505.105
10505.126
10505.146
10505.167
10505.187
10505.208
10505.228
10505.249
10505.269
10505.290
10505.310
10505.331
10505.351
10505.372
10505.392
10505.413
10505.433
10505.454
10505.474
10505.495
10505.515
10505.536
10505.556
10505.577
10505.598
10505.618
10505.639
10505.659
10505.680
10505.700
10505.721
10505.741
10505.762
10505.782
10505.803
10505.823
10505.844
10505.864
10505.885
10505.905
10505.926
10505.946
10505.967
10505.987
10506.008
10506.028
10506.049
10506.069
10506.090
10506.110
10506.131
10506.151
10506.172
10506.192
10506.213
10506.233
10506.254
10506.275
10506.295
10506.316
10506.336
10506.357
10506.377
10506.398
10506.418
10506.439
10506.459
10506.480
10506.500
10506.521
10506.541
10506.562
10506.582
10506.603
10506.623
10506.644
10506.664
10506.685
10506.705
10506.726
10506.746
10506.767
10506.787
10506.808
10506.828
10506.849
10506.869
10506.890
10506.910
10506.931
10506.951
10506.972
10506.993
10507.013
10507.034
10507.054
10507.075
10507.095
10507.116
10507.136
10507.157
10507.177
10507.198
10507.218
10507.239
10507.259
10507.280
10507.300
10507.321
10507.341
10507.362
10507.382
10507.403
10507.423
10507.444
10507.464
10507.485
10507.505
10507.526
10507.546
10507.567
10507.587
10507.608
10507.628
10507.649
10507.669
10507.690
10507.711
10507.731
10507.752
10507.772
10507.793
10507.813
10507.834
10507.854
10507.875
10507.895
10507.916
10507.936
10507.957
10507.977
10507.998
10508.018
10508.039
10508.059
10508.080
10508.100
10508.121
10508.141
10508.162
10508.182
10508.203
10508.223
10508.244
10508.264
10508.285
10508.305
10508.326
10508.346
10508.367
10508.387
10508.408
10508.429
10508.449
10508.470
10508.490
10508.511
10508.531
10508.552
10508.572
10508.593
10508.613
10508.634
10508.654
10508.675
10508.695
10508.716
10508.736
10508.757
10508.777
10508.798
10508.818
10508.839
10508.859
10508.880
10508.900
10508.921
10508.941
10508.962
10508.982
10509.003
10509.023
10509.044
10509.064
10509.085
10509.106
10509.126
10509.147
10509.167
10509.188
10509.208
10509.229
10509.249
10509.270
10509.290
10509.311
10509.331
10509.352
10509.372
10509.393
10509.413
10509.434
10509.454
10509.475
10509.495
10509.516
10509.536
10509.557
10509.577
10509.598
10509.618
10509.639
10509.659
10509.680
10509.700
10509.721
10509.741
10509.762
10509.782
10509.803
10509.824
10509.844
10509.865
10509.885
10509.906
10509.926
10509.947
10509.967
10509.988
10510.008
10510.029
10510.049
10510.070
10510.090
10510.111
10510.131
10510.152
10510.172
10510.193
10510.213
10510.234
10510.254
10510.275
10510.295
10510.316
10510.336
10510.357
10510.377
10510.398
10510.418
10510.439
10510.459
10510.480
10510.500
10510.521
10510.542
10510.562
10510.583
10510.603
10510.624
10510.644
10510.665
10510.685
10510.706
10510.726
10510.747
10510.767
10510.788
10510.808
10510.829
10510.849
10510.870
10510.890
10510.911
10510.931
10510.952
10510.972
10510.993
10511.013
10511.034
10511.054
10511.075
10511.095
10511.116
10511.136
10511.157
10511.177
10511.198
10511.218
10511.239
10511.260
10511.280
10511.301
10511.321
10511.342
10511.362
10511.383
10511.403
10511.424
10511.444
10511.465
10511.485
10511.506
10511.526
10511.547
10511.567
10511.588
10511.608
10511.629
10511.649
10511.670
10511.690
10511.711
10511.731
10511.752
10511.772
10511.793
10511.813
10511.834
10511.854
10511.875
10511.895
10511.916
10511.937
10511.957
10511.978
10511.998
10512.019
10512.039
10512.060
10512.080
10512.101
10512.121
10512.142
10512.162
10512.183
10512.203
10512.224
10512.244
10512.265
10512.285
10512.306
10512.326
10512.347
10512.367
10512.388
10512.408
10512.429
10512.449
10512.470
10512.490
10512.511
10512.531
10512.552
10512.572
10512.593
10512.613
10512.634
10512.655
10512.675
10512.696
10512.716
10512.737
10512.757
10512.778
10512.798
10512.819
10512.839
10512.860
10512.880
10512.901
10512.921
10512.942
10512.962
10512.983
10513.003
10513.024
10513.044
10513.065
10513.085
10513.106
10513.126
10513.147
10513.167
10513.188
10513.208
10513.229
10513.249
10513.270
10513.290
10513.311
10513.331
10513.352
10513.373
10513.393
10513.414
10513.434
10513.455
10513.475
10513.496
10513.516
10513.537
10513.557
10513.578
10513.598
10513.619
10513.639
10513.660
10513.680
10513.701
10513.721
10513.742
10513.762
10513.783
10513.803
10513.824
10513.844
10513.865
10513.885
10513.906
10513.926
10513.947
10513.967
10513.988
10514.008
10514.029
10514.049
10514.070
10514.091
10514.111
10514.132
10514.152
10514.173
10514.193
10514.214
10514.234
10514.255
10514.275
10514.296
10514.316
10514.337
10514.357
10514.378
10514.398
10514.419
10514.439
10514.460
10514.480
10514.501
10514.521
10514.542
10514.562
10514.583
10514.603
10514.624
10514.644
10514.665
10514.685
10514.706
10514.726
10514.747
10514.768
10514.788
10514.809
10514.829
10514.850
10514.870
10514.891
10514.911
10514.932
10514.952
10514.973
10514.993
10515.014
10515.034
10515.055
10515.075
10515.096
10515.116
10515.137
10515.157
10515.178
10515.198
10515.219
10515.239
10515.260
10515.280
10515.301
10515.321
10515.342
10515.362
10515.383
10515.403
10515.424
10515.444
10515.465
10515.486
10515.506
10515.527
10515.547
10515.568
10515.588
10515.609
10515.629
10515.650
10515.670
10515.691
10515.711
10515.732
10515.752
10515.773
10515.793
10515.814
10515.834
10515.855
10515.875
10515.896
10515.916
10515.937
10515.957
10515.978
10515.998
10516.019
10516.039
10516.060
10516.080
10516.101
10516.121
10516.142
10516.162
10516.183
10516.204
10516.224
10516.245
10516.265
10516.286
10516.306
10516.327
10516.347
10516.368
10516.388
10516.409
10516.429
10516.450
10516.470
10516.491
10516.511
10516.532
10516.552
10516.573
10516.593
10516.614
10516.634
10516.655
10516.675
10516.696
10516.716
10516.737
10516.757
10516.778
10516.798
10516.819
10516.839
10516.860
10516.880
10516.901
10516.922
10516.942
10516.963
10516.983
10517.004
10517.024
10517.045
10517.065
10517.086
10517.106
10517.127
10517.147
10517.168
10517.188
10517.209
10517.229
10517.250
10517.270
10517.291
10517.311
10517.332
10517.352
10517.373
10517.393
10517.414
10517.434
10517.455
10517.475
10517.496
10517.516
10517.537
10517.557
10517.578
10517.599
10517.619
10517.640
10517.660
10517.681
10517.701
10517.722
10517.742
10517.763
10517.783
10517.804
10517.824
10517.845
10517.865
10517.886
10517.906
10517.927
10517.947
10517.968
10517.988
10518.009
10518.029
10518.050
10518.070
10518.091
10518.111
10518.132
10518.152
10518.173
10518.193
10518.214
10518.234
10518.255
10518.275
10518.296
10518.317
10518.337
10518.358
10518.378
10518.399
10518.419
10518.440
10518.460
10518.481
10518.501
10518.522
10518.542
10518.563
10518.583
10518.604
10518.624
10518.645
10518.665
10518.686
10518.706
10518.727
10518.747
10518.768
10518.788
10518.809
10518.829
10518.850
10518.870
10518.891
10518.911
10518.932
10518.952
10518.973
10518.993
10519.014
10519.035
10519.055
10519.076
10519.096
10519.117
10519.137
10519.158
10519.178
10519.199
10519.219
10519.240
10519.260
10519.281
10519.301
10519.322
10519.342
10519.363
10519.383
10519.404
10519.424
10519.445
10519.465
10519.486
10519.506
10519.527
10519.547
10519.568
10519.588
10519.609
10519.629
10519.650
10519.670
10519.691
10519.711
10519.732
10519.753
10519.773
10519.794
10519.814
10519.835
10519.855
10519.876
10519.896
10519.917
10519.937
10519.958
10519.978
10519.999
10520.019
10520.040
10520.060
10520.081
10520.101
10520.122
10520.142
10520.163
10520.183
10520.204
10520.224
10520.245
10520.265
10520.286
10520.306
10520.327
10520.347
10520.368
10520.388
10520.409
10520.430
10520.450
10520.471
10520.491
10520.512
10520.532
10520.553
10520.573
10520.594
10520.614
10520.635
10520.655
10520.676
10520.696
10520.717
10520.737
10520.758
10520.778
10520.799
10520.819
10520.840
10520.860
10520.881
10520.901
10520.922
10520.942
10520.963
10520.983
10521.004
10521.024
10521.045
10521.065
10521.086
10521.106
10521.127
10521.148
10521.168
10521.189
10521.209
10521.230
10521.250
10521.271
10521.291
10521.312
10521.332
10521.353
10521.373
10521.394
10521.414
10521.435
10521.455
10521.476
10521.496
10521.517
10521.537
10521.558
10521.578
10521.599
10521.619
10521.640
10521.660
10521.681
10521.701
10521.722
10521.742
10521.763
10521.783
10521.804
10521.824
10521.845
10521.866
10521.886
10521.907
10521.927
10521.948
10521.968
10521.989
10522.009
10522.030
10522.050
10522.071
10522.091
10522.112
10522.132
10522.153
10522.173
10522.194
10522.214
10522.235
10522.255
10522.276
10522.296
10522.317
10522.337
10522.358
10522.378
10522.399
10522.419
10522.440
10522.460
10522.481
10522.501
10522.522
10522.542
10522.563
10522.584
10522.604
10522.625
10522.645
10522.666
10522.686
10522.707
10522.727
10522.748
10522.768
10522.789
10522.809
10522.830
10522.850
10522.871
10522.891
10522.912
10522.932
10522.953
10522.973
10522.994
10523.014
10523.035
10523.055
10523.076
10523.096
10523.117
10523.137
10523.158
10523.178
10523.199
10523.219
10523.240
10523.261
10523.281
10523.302
10523.322
10523.343
10523.363
10523.384
10523.404
10523.425
10523.445
10523.466
10523.486
10523.507
10523.527
10523.548
10523.568
10523.589
10523.609
10523.630
10523.650
10523.671
10523.691
10523.712
10523.732
10523.753
10523.773
10523.794
10523.814
10523.835
10523.855
10523.876
10523.896
10523.917
10523.937
10523.958
10523.979
10523.999
10524.020
10524.040
10524.061
10524.081
10524.102
10524.122
10524.143
10524.163
10524.184
10524.204
10524.225
10524.245
10524.266
10524.286
10524.307
10524.327
10524.348
10524.368
10524.389
10524.409
10524.430
10524.450
10524.471
10524.491
10524.512
10524.532
10524.553
10524.573
10524.594
10524.614
10524.635
10524.655
10524.676
10524.697
10524.717
10524.738
10524.758
10524.779
10524.799
10524.820
10524.840
10524.861
10524.881
10524.902
10524.922
10524.943
10524.963
10524.984
10525.004
10525.025
10525.045
10525.066
10525.086
10525.107
10525.127
10525.148
10525.168
10525.189
10525.209
10525.230
10525.250
10525.271
10525.291
10525.312
10525.332
10525.353
10525.373
10525.394
10525.415
10525.435
10525.456
10525.476
10525.497
10525.517
10525.538
10525.558
10525.579
10525.599
10525.620
10525.640
10525.661
10525.681
10525.702
10525.722
10525.743
10525.763
10525.784
10525.804
10525.825
10525.845
10525.866
10525.886
10525.907
10525.927
10525.948
10525.968
10525.989
10526.009
10526.030
10526.050
10526.071
10526.092
10526.112
10526.133
10526.153
10526.174
10526.194
10526.215
10526.235
10526.256
10526.276
10526.297
10526.317
10526.338
10526.358
10526.379
10526.399
10526.420
10526.440
10526.461
10526.481
10526.502
10526.522
10526.543
10526.563
10526.584
10526.604
10526.625
10526.645
10526.666
10526.686
10526.707
10526.727
10526.748
10526.768
10526.789
10526.810
10526.830
10526.851
10526.871
10526.892
10526.912
10526.933
10526.953
10526.974
10526.994
10527.015
10527.035
10527.056
10527.076
10527.097
10527.117
10527.138
10527.158
10527.179
10527.199
10527.220
10527.240
10527.261
10527.281
10527.302
10527.322
10527.343
10527.363
10527.384
10527.404
10527.425
10527.445
10527.466
10527.486
10527.507
10527.528
10527.548
10527.569
10527.589
10527.610
10527.630
10527.651
10527.671
10527.692
10527.712
10527.733
10527.753
10527.774
10527.794
10527.815
10527.835
10527.856
10527.876
10527.897
10527.917
10527.938
10527.958
10527.979
10527.999
10528.020
10528.040
10528.061
10528.081
10528.102
10528.122
10528.143
10528.163
10528.184
10528.204
10528.225
10528.246
10528.266
10528.287
10528.307
10528.328
10528.348
10528.369
10528.389
10528.410
10528.430
10528.451
10528.471
10528.492
10528.512
10528.533
10528.553
10528.574
10528.594
10528.615
10528.635
10528.656
10528.676
10528.697
10528.717
10528.738
10528.758
10528.779
10528.799
10528.820
10528.840
10528.861
10528.881
10528.902
10528.923
10528.943
10528.964
10528.984
10529.005
10529.025
10529.046
10529.066
10529.087
10529.107
10529.128
10529.148
10529.169
10529.189
10529.210
10529.230
10529.251
10529.271
10529.292
10529.312
10529.333
10529.353
10529.374
10529.394
10529.415
10529.435
10529.456
10529.476
10529.497
10529.517
10529.538
10529.558
10529.579
10529.599
10529.620
10529.641
10529.661
10529.682
10529.702
10529.723
10529.743
10529.764
10529.784
10529.805
10529.825
10529.846
10529.866
10529.887
10529.907
10529.928
10529.948
10529.969
10529.989
10530.010
10530.030
10530.051
10530.071
10530.092
10530.112
10530.133
10530.153
10530.174
10530.194
10530.215
10530.235
10530.256
10530.276
10530.297
10530.317
10530.338
10530.359
10530.379
10530.400
10530.420
10530.441
10530.461
10530.482
10530.502
10530.523
10530.543
10530.564
10530.584
10530.605
10530.625
10530.646
10530.666
10530.687
10530.707
10530.728
10530.748
10530.769
10530.789
10530.810
10530.830
10530.851
10530.871
10530.892
10530.912
10530.933
10530.953
10530.974
10530.994
10531.015
10531.035
10531.056
10531.077
10531.097
10531.118
10531.138
10531.159
10531.179
10531.200
10531.220
10531.241
10531.261
10531.282
10531.302
10531.323
10531.343
10531.364
10531.384
10531.405
10531.425
10531.446
10531.466
10531.487
10531.507
10531.528
10531.548
10531.569
10531.589
10531.610
10531.630
10531.651
10531.671
10531.692
10531.712
10531.733
10531.754
10531.774
10531.795
10531.815
10531.836
10531.856
10531.877
10531.897
10531.918
10531.938
10531.959
10531.979
10532.000
10532.020
10532.041
10532.061
10532.082
10532.102
10532.123
10532.143
10532.164
10532.184
10532.205
10532.225
10532.246
10532.266
10532.287
10532.307
10532.328
10532.348
10532.369
10532.389
10532.410
10532.430
10532.451
10532.472
10532.492
10532.513
10532.533
10532.554
10532.574
10532.595
10532.615
10532.636
10532.656
10532.677
10532.697
10532.718
10532.738
10532.759
10532.779
10532.800
10532.820
10532.841
10532.861
10532.882
10532.902
10532.923
10532.943
10532.964
10532.984
10533.005
10533.025
10533.046
10533.066
10533.087
10533.107
10533.128
10533.148
10533.169
10533.190
10533.210
10533.231
10533.251
10533.272
10533.292
10533.313
10533.333
10533.354
10533.374
10533.395
10533.415
10533.436
10533.456
10533.477
10533.497
10533.518
10533.538
10533.559
10533.579
10533.600
10533.620
10533.641
10533.661
10533.682
10533.702
10533.723
10533.743
10533.764
10533.784
10533.805
10533.825
10533.846
10533.866
10533.887
10533.908
10533.928
10533.949
10533.969
10533.990
10534.010
10534.031
10534.051
10534.072
10534.092
10534.113
10534.133
10534.154
10534.174
10534.195
10534.215
10534.236
10534.256
10534.277
10534.297
10534.318
10534.338
10534.359
10534.379
10534.400
10534.420
10534.441
10534.461
10534.482
10534.502
10534.523
10534.543
10534.564
10534.585
10534.605
10534.626
10534.646
10534.667
10534.687
10534.708
10534.728
10534.749
10534.769
10534.790
10534.810
10534.831
10534.851
10534.872
10534.892
10534.913
10534.933
10534.954
10534.974
10534.995
10535.015
10535.036
10535.056
10535.077
10535.097
10535.118
10535.138
10535.159
10535.179
10535.200
10535.220
10535.241
10535.261
10535.282
10535.303
10535.323
10535.344
10535.364
10535.385
10535.405
10535.426
10535.446
10535.467
10535.487
10535.508
10535.528
10535.549
10535.569
10535.590
10535.610
10535.631
10535.651
10535.672
10535.692
10535.713
10535.733
10535.754
10535.774
10535.795
10535.815
10535.836
10535.856
10535.877
10535.897
10535.918
10535.938
10535.959
10535.979
10536.000
