10227.197
10227.216
10227.236
10227.255
10227.275
10227.294
10227.314
10227.333
10227.353
10227.373
10227.392
10227.412
10227.431
10227.451
10227.470
10227.490
10227.509
10227.529
10227.548
10227.568
10227.587
10227.607
10227.626
10227.646
10227.665
10227.685
10227.705
10227.724
10227.744
10227.763
10227.783
10227.802
10227.822
10227.841
10227.861
10227.880
10227.900
10227.919
10227.939
10227.958
10227.978
10227.998
10228.017
10228.037
10228.056
10228.076
10228.095
10228.115
10228.134
10228.154
10228.173
10228.193
10228.212
10228.232
10228.251
10228.271
10228.291
10228.310
10228.330
10228.349
10228.369
10228.388
10228.408
10228.427
10228.447
10228.466
10228.486
10228.505
10228.525
10228.544
10228.564
10228.584
10228.603
10228.623
10228.642
10228.662
10228.681
10228.701
10228.720
10228.740
10228.759
10228.779
10228.798
10228.818
10228.837
10228.857
10228.877
10228.896
10228.916
10228.935
10228.955
10228.974
10228.994
10229.013
10229.033
10229.052
10229.072
10229.091
10229.111
10229.130
10229.150
10229.169
10229.189
10229.209
10229.228
10229.248
10229.267
10229.287
10229.306
10229.326
10229.345
10229.365
10229.384
10229.404
10229.423
10229.443
10229.462
10229.482
10229.502
10229.521
10229.541
10229.560
10229.580
10229.599
10229.619
10229.638
10229.658
10229.677
10229.697
10229.716
10229.736
10229.755
10229.775
10229.795
10229.814
10229.834
10229.853
10229.873
10229.892
10229.912
10229.931
10229.951
10229.970
10229.990
10230.009
10230.029
10230.048
10230.068
10230.088
10230.107
10230.127
10230.146
10230.166
10230.185
10230.205
10230.224
10230.244
10230.263
10230.283
10230.302
10230.322
10230.341
10230.361
10230.380
10230.400
10230.420
10230.439
10230.459
10230.478
10230.498
10230.517
10230.537
10230.556
10230.576
10230.595
10230.615
10230.634
10230.654
10230.673
10230.693
10230.713
10230.732
10230.752
10230.771
10230.791
10230.810
10230.830
10230.849
10230.869
10230.888
10230.908
10230.927
10230.947
10230.966
10230.986
10231.006
10231.025
10231.045
10231.064
10231.084
10231.103
10231.123
10231.142
10231.162
10231.181
10231.201
10231.220
10231.240
10231.259
10231.279
10231.299
10231.318
10231.338
10231.357
10231.377
10231.396
10231.416
10231.435
10231.455
10231.474
10231.494
10231.513
10231.533
10231.552
10231.572
10231.591
10231.611
10231.631
10231.650
10231.670
10231.689
10231.709
10231.728
10231.748
10231.767
10231.787
10231.806
10231.826
10231.845
10231.865
10231.884
10231.904
10231.924
10231.943
10231.963
10231.982
10232.002
10232.021
10232.041
10232.060
10232.080
10232.099
10232.119
10232.138
10232.158
10232.177
10232.197
10232.217
10232.236
10232.256
10232.275
10232.295
10232.314
10232.334
10232.353
10232.373
10232.392
10232.412
10232.431
10232.451
10232.470
10232.490
10232.510
10232.529
10232.549
10232.568
10232.588
10232.607
10232.627
10232.646
10232.666
10232.685
10232.705
10232.724
10232.744
10232.763
10232.783
10232.802
10232.822
10232.842
10232.861
10232.881
10232.900
10232.920
10232.939
10232.959
10232.978
10232.998
10233.017
10233.037
10233.056
10233.076
10233.095
10233.115
10233.135
10233.154
10233.174
10233.193
10233.213
10233.232
10233.252
10233.271
10233.291
10233.310
10233.330
10233.349
10233.369
10233.388
10233.408
10233.428
10233.447
10233.467
10233.486
10233.506
10233.525
10233.545
10233.564
10233.584
10233.603
10233.623
10233.642
10233.662
10233.681
10233.701
10233.721
10233.740
10233.760
10233.779
10233.799
10233.818
10233.838
10233.857
10233.877
10233.896
10233.916
10233.935
10233.955
10233.974
10233.994
10234.013
10234.033
10234.053
10234.072
10234.092
10234.111
10234.131
10234.150
10234.170
10234.189
10234.209
10234.228
10234.248
10234.267
10234.287
10234.306
10234.326
10234.346
10234.365
10234.385
10234.404
10234.424
10234.443
10234.463
10234.482
10234.502
10234.521
10234.541
10234.560
10234.580
10234.599
10234.619
10234.639
10234.658
10234.678
10234.697
10234.717
10234.736
10234.756
10234.775
10234.795
10234.814
10234.834
10234.853
10234.873
10234.892
10234.912
10234.932
10234.951
10234.971
10234.990
10235.010
10235.029
10235.049
10235.068
10235.088
10235.107
10235.127
10235.146
10235.166
10235.185
10235.205
10235.225
10235.244
10235.264
10235.283
10235.303
10235.322
10235.342
10235.361
10235.381
10235.400
10235.420
10235.439
10235.459
10235.478
10235.498
10235.517
10235.537
10235.557
10235.576
10235.596
10235.615
10235.635
10235.654
10235.674
10235.693
10235.713
10235.732
10235.752
10235.771
10235.791
10235.810
10235.830
10235.850
10235.869
10235.889
10235.908
10235.928
10235.947
10235.967
10235.986
10236.006
10236.025
10236.045
10236.064
10236.084
10236.103
10236.123
10236.143
10236.162
10236.182
10236.201
10236.221
10236.240
10236.260
10236.279
10236.299
10236.318
10236.338
10236.357
10236.377
10236.396
10236.416
10236.436
10236.455
10236.475
10236.494
10236.514
10236.533
10236.553
10236.572
10236.592
10236.611
10236.631
10236.650
10236.670
10236.689
10236.709
10236.728
10236.748
10236.768
10236.787
10236.807
10236.826
10236.846
10236.865
10236.885
10236.904
10236.924
10236.943
10236.963
10236.982
10237.002
10237.021
10237.041
10237.061
10237.080
10237.100
10237.119
10237.139
10237.158
10237.178
10237.197
10237.217
10237.236
10237.256
10237.275
10237.295
10237.314
10237.334
10237.354
10237.373
10237.393
10237.412
10237.432
10237.451
10237.471
10237.490
10237.510
10237.529
10237.549
10237.568
10237.588
10237.607
10237.627
10237.647
10237.666
10237.686
10237.705
10237.725
10237.744
10237.764
10237.783
10237.803
10237.822
10237.842
10237.861
10237.881
10237.900
10237.920
10237.939
10237.959
10237.979
10237.998
10238.018
10238.037
10238.057
10238.076
10238.096
10238.115
10238.135
10238.154
10238.174
10238.193
10238.213
10238.232
10238.252
10238.272
10238.291
10238.311
10238.330
10238.350
10238.369
10238.389
10238.408
10238.428
10238.447
10238.467
10238.486
10238.506
10238.525
10238.545
10238.565
10238.584
10238.604
10238.623
10238.643
10238.662
10238.682
10238.701
10238.721
10238.740
10238.760
10238.779
10238.799
10238.818
10238.838
10238.858
10238.877
10238.897
10238.916
10238.936
10238.955
10238.975
10238.994
10239.014
10239.033
10239.053
10239.072
10239.092
10239.111
10239.131
10239.150
10239.170
10239.190
10239.209
10239.229
10239.248
10239.268
10239.287
10239.307
10239.326
10239.346
10239.365
10239.385
10239.404
10239.424
10239.443
10239.463
10239.483
10239.502
10239.522
10239.541
10239.561
10239.580
10239.600
10239.619
10239.639
10239.658
10239.678
10239.697
10239.717
10239.736
10239.756
10239.776
10239.795
10239.815
10239.834
10239.854
10239.873
10239.893
10239.912
10239.932
10239.951
10239.971
10239.990
10240.010
10240.029
10240.049
10240.069
10240.088
10240.108
10240.127
10240.147
10240.166
10240.186
10240.205
10240.225
10240.244
10240.264
10240.283
10240.303
10240.322
10240.342
10240.362
10240.381
10240.401
10240.420
10240.440
10240.459
10240.479
10240.498
10240.518
10240.537
10240.557
10240.576
10240.596
10240.615
10240.635
10240.654
10240.674
10240.694
10240.713
10240.733
10240.752
10240.772
10240.791
10240.811
10240.830
10240.850
10240.869
10240.889
10240.908
10240.928
10240.947
10240.967
10240.987
10241.006
10241.026
10241.045
10241.065
10241.084
10241.104
10241.123
10241.143
10241.162
10241.182
10241.201
10241.221
10241.240
10241.260
10241.280
10241.299
10241.319
10241.338
10241.358
10241.377
10241.397
10241.416
10241.436
10241.455
10241.475
10241.494
10241.514
10241.533
10241.553
10241.573
10241.592
10241.612
10241.631
10241.651
10241.670
10241.690
10241.709
10241.729
10241.748
10241.768
10241.787
10241.807
10241.826
10241.846
10241.865
10241.885
10241.905
10241.924
10241.944
10241.963
10241.983
10242.002
10242.022
10242.041
10242.061
10242.080
10242.100
10242.119
10242.139
10242.158
10242.178
10242.198
10242.217
10242.237
10242.256
10242.276
10242.295
10242.315
10242.334
10242.354
10242.373
10242.393
10242.412
10242.432
10242.451
10242.471
10242.491
10242.510
10242.530
10242.549
10242.569
10242.588
10242.608
10242.627
10242.647
10242.666
10242.686
10242.705
10242.725
10242.744
10242.764
10242.784
10242.803
10242.823
10242.842
10242.862
10242.881
10242.901
10242.920
10242.940
10242.959
10242.979
10242.998
10243.018
10243.037
10243.057
10243.076
10243.096
10243.116
10243.135
10243.155
10243.174
10243.194
10243.213
10243.233
10243.252
10243.272
10243.291
10243.311
10243.330
10243.350
10243.369
10243.389
10243.409
10243.428
10243.448
10243.467
10243.487
10243.506
10243.526
10243.545
10243.565
10243.584
10243.604
10243.623
10243.643
10243.662
10243.682
10243.702
10243.721
10243.741
10243.760
10243.780
10243.799
10243.819
10243.838
10243.858
10243.877
10243.897
10243.916
10243.936
10243.955
10243.975
10243.995
10244.014
10244.034
10244.053
10244.073
10244.092
10244.112
10244.131
10244.151
10244.170
10244.190
10244.209
10244.229
10244.248
10244.268
10244.287
10244.307
10244.327
10244.346
10244.366
10244.385
10244.405
10244.424
10244.444
10244.463
10244.483
10244.502
10244.522
10244.541
10244.561
10244.580
10244.600
10244.620
10244.639
10244.659
10244.678
10244.698
10244.717
10244.737
10244.756
10244.776
10244.795
10244.815
10244.834
10244.854
10244.873
10244.893
10244.913
10244.932
10244.952
10244.971
10244.991
10245.010
10245.030
10245.049
10245.069
10245.088
10245.108
10245.127
10245.147
10245.166
10245.186
10245.206
10245.225
10245.245
10245.264
10245.284
10245.303
10245.323
10245.342
10245.362
10245.381
10245.401
10245.420
10245.440
10245.459
10245.479
10245.499
10245.518
10245.538
10245.557
10245.577
10245.596
10245.616
10245.635
10245.655
10245.674
10245.694
10245.713
10245.733
10245.752
10245.772
10245.791
10245.811
10245.831
10245.850
10245.870
10245.889
10245.909
10245.928
10245.948
10245.967
10245.987
10246.006
10246.026
10246.045
10246.065
10246.084
10246.104
10246.124
10246.143
10246.163
10246.182
10246.202
10246.221
10246.241
10246.260
10246.280
10246.299
10246.319
10246.338
10246.358
10246.377
10246.397
10246.417
10246.436
10246.456
10246.475
10246.495
10246.514
10246.534
10246.553
10246.573
10246.592
10246.612
10246.631
10246.651
10246.670
10246.690
10246.710
10246.729
10246.749
10246.768
10246.788
10246.807
10246.827
10246.846
10246.866
10246.885
10246.905
10246.924
10246.944
10246.963
10246.983
10247.002
10247.022
10247.042
10247.061
10247.081
10247.100
10247.120
10247.139
10247.159
10247.178
10247.198
10247.217
10247.237
10247.256
10247.276
10247.295
10247.315
10247.335
10247.354
10247.374
10247.393
10247.413
10247.432
10247.452
10247.471
10247.491
10247.510
10247.530
10247.549
10247.569
10247.588
10247.608
10247.628
10247.647
10247.667
10247.686
10247.706
10247.725
10247.745
10247.764
10247.784
10247.803
10247.823
10247.842
10247.862
10247.881
10247.901
10247.921
10247.940
10247.960
10247.979
10247.999
10248.018
10248.038
10248.057
10248.077
10248.096
10248.116
10248.135
10248.155
10248.174
10248.194
10248.213
10248.233
10248.253
10248.272
10248.292
10248.311
10248.331
10248.350
10248.370
10248.389
10248.409
10248.428
10248.448
10248.467
10248.487
10248.506
10248.526
10248.546
10248.565
10248.585
10248.604
10248.624
10248.643
10248.663
10248.682
10248.702
10248.721
10248.741
10248.760
10248.780
10248.799
10248.819
10248.839
10248.858
10248.878
10248.897
10248.917
10248.936
10248.956
10248.975
10248.995
10249.014
10249.034
10249.053
10249.073
10249.092
10249.112
10249.132
10249.151
10249.171
10249.190
10249.210
10249.229
10249.249
10249.268
10249.288
10249.307
10249.327
10249.346
10249.366
10249.385
10249.405
10249.424
10249.444
10249.464
10249.483
10249.503
10249.522
10249.542
10249.561
10249.581
10249.600
10249.620
10249.639
10249.659
10249.678
10249.698
10249.717
10249.737
10249.757
10249.776
10249.796
10249.815
10249.835
10249.854
10249.874
10249.893
10249.913
10249.932
10249.952
10249.971
10249.991
10250.010
10250.030
10250.050
10250.069
10250.089
10250.108
10250.128
10250.147
10250.167
10250.186
10250.206
10250.225
10250.245
10250.264
10250.284
10250.303
10250.323
10250.343
10250.362
10250.382
10250.401
10250.421
10250.440
10250.460
10250.479
10250.499
10250.518
10250.538
10250.557
10250.577
10250.596
10250.616
10250.635
10250.655
10250.675
10250.694
10250.714
10250.733
10250.753
10250.772
10250.792
10250.811
10250.831
10250.850
10250.870
10250.889
10250.909
10250.928
10250.948
10250.968
10250.987
10251.007
10251.026
10251.046
10251.065
10251.085
10251.104
10251.124
10251.143
10251.163
10251.182
10251.202
10251.221
10251.241
10251.261
10251.280
10251.300
10251.319
10251.339
10251.358
10251.378
10251.397
10251.417
10251.436
10251.456
10251.475
10251.495
10251.514
10251.534
10251.554
10251.573
10251.593
10251.612
10251.632
10251.651
10251.671
10251.690
10251.710
10251.729
10251.749
10251.768
10251.788
10251.807
10251.827
10251.847
10251.866
10251.886
10251.905
10251.925
10251.944
10251.964
10251.983
10252.003
10252.022
10252.042
10252.061
10252.081
10252.100
10252.120
10252.139
10252.159
10252.179
10252.198
10252.218
10252.237
10252.257
10252.276
10252.296
10252.315
10252.335
10252.354
10252.374
10252.393
10252.413
10252.432
10252.452
10252.472
10252.491
10252.511
10252.530
10252.550
10252.569
10252.589
10252.608
10252.628
10252.647
10252.667
10252.686
10252.706
10252.725
10252.745
10252.765
10252.784
10252.804
10252.823
10252.843
10252.862
10252.882
10252.901
10252.921
10252.940
10252.960
10252.979
10252.999
10253.018
10253.038
10253.058
10253.077
10253.097
10253.116
10253.136
10253.155
10253.175
10253.194
10253.214
10253.233
10253.253
10253.272
10253.292
10253.311
10253.331
10253.350
10253.370
10253.390
10253.409
10253.429
10253.448
10253.468
10253.487
10253.507
10253.526
10253.546
10253.565
10253.585
10253.604
10253.624
10253.643
10253.663
10253.683
10253.702
10253.722
10253.741
10253.761
10253.780
10253.800
10253.819
10253.839
10253.858
10253.878
10253.897
10253.917
10253.936
10253.956
10253.976
10253.995
10254.015
10254.034
10254.054
10254.073
10254.093
10254.112
10254.132
10254.151
10254.171
10254.190
10254.210
10254.229
10254.249
10254.269
10254.288
10254.308
10254.327
10254.347
10254.366
10254.386
10254.405
10254.425
10254.444
10254.464
10254.483
10254.503
10254.522
10254.542
10254.561
10254.581
10254.601
10254.620
10254.640
10254.659
10254.679
10254.698
10254.718
10254.737
10254.757
10254.776
10254.796
10254.815
10254.835
10254.854
10254.874
10254.894
10254.913
10254.933
10254.952
10254.972
10254.991
10255.011
10255.030
10255.050
10255.069
10255.089
10255.108
10255.128
10255.147
10255.167
10255.187
10255.206
10255.226
10255.245
10255.265
10255.284
10255.304
10255.323
10255.343
10255.362
10255.382
10255.401
10255.421
10255.440
10255.460
10255.480
10255.499
10255.519
10255.538
10255.558
10255.577
10255.597
10255.616
10255.636
10255.655
10255.675
10255.694
10255.714
10255.733
10255.753
10255.772
10255.792
10255.812
10255.831
10255.851
10255.870
10255.890
10255.909
10255.929
10255.948
10255.968
10255.987
10256.007
10256.026
10256.046
10256.065
10256.085
10256.105
10256.124
10256.144
10256.163
10256.183
10256.202
10256.222
10256.241
10256.261
10256.280
10256.300
10256.319
10256.339
10256.358
10256.378
10256.398
10256.417
10256.437
10256.456
10256.476
10256.495
10256.515
10256.534
10256.554
10256.573
10256.593
10256.612
10256.632
10256.651
10256.671
10256.691
10256.710
10256.730
10256.749
10256.769
10256.788
10256.808
10256.827
10256.847
10256.866
10256.886
10256.905
10256.925
10256.944
10256.964
10256.984
10257.003
10257.023
10257.042
10257.062
10257.081
10257.101
10257.120
10257.140
10257.159
10257.179
10257.198
10257.218
10257.237
10257.257
10257.276
10257.296
10257.316
10257.335
10257.355
10257.374
10257.394
10257.413
10257.433
10257.452
10257.472
10257.491
10257.511
10257.530
10257.550
10257.569
10257.589
10257.609
10257.628
10257.648
10257.667
10257.687
10257.706
10257.726
10257.745
10257.765
10257.784
10257.804
10257.823
10257.843
10257.862
10257.882
10257.902
10257.921
10257.941
10257.960
10257.980
10257.999
10258.019
10258.038
10258.058
10258.077
10258.097
10258.116
10258.136
10258.155
10258.175
10258.195
10258.214
10258.234
10258.253
10258.273
10258.292
10258.312
10258.331
10258.351
10258.370
10258.390
10258.409
10258.429
10258.448
10258.468
10258.487
10258.507
10258.527
10258.546
10258.566
10258.585
10258.605
10258.624
10258.644
10258.663
10258.683
10258.702
10258.722
10258.741
10258.761
10258.780
10258.800
10258.820
10258.839
10258.859
10258.878
10258.898
10258.917
10258.937
10258.956
10258.976
10258.995
10259.015
10259.034
10259.054
10259.073
10259.093
10259.113
10259.132
10259.152
10259.171
10259.191
10259.210
10259.230
10259.249
10259.269
10259.288
10259.308
10259.327
10259.347
10259.366
10259.386
10259.406
10259.425
10259.445
10259.464
10259.484
10259.503
10259.523
10259.542
10259.562
10259.581
10259.601
10259.620
10259.640
10259.659
10259.679
10259.698
10259.718
10259.738
10259.757
10259.777
10259.796
10259.816
10259.835
10259.855
10259.874
10259.894
10259.913
10259.933
10259.952
10259.972
10259.991
10260.011
10260.031
10260.050
10260.070
10260.089
10260.109
10260.128
10260.148
10260.167
10260.187
10260.206
10260.226
10260.245
10260.265
10260.284
10260.304
10260.324
10260.343
10260.363
10260.382
10260.402
10260.421
10260.441
10260.460
10260.480
10260.499
10260.519
10260.538
10260.558
10260.577
10260.597
10260.617
10260.636
10260.656
10260.675
10260.695
10260.714
10260.734
10260.753
10260.773
10260.792
10260.812
10260.831
10260.851
10260.870
10260.890
10260.909
10260.929
10260.949
10260.968
10260.988
10261.007
10261.027
10261.046
10261.066
10261.085
10261.105
10261.124
10261.144
10261.163
10261.183
10261.202
10261.222
10261.242
10261.261
10261.281
10261.300
10261.320
10261.339
10261.359
10261.378
10261.398
10261.417
10261.437
10261.456
10261.476
10261.495
10261.515
10261.535
10261.554
10261.574
10261.593
10261.613
10261.632
10261.652
10261.671
10261.691
10261.710
10261.730
10261.749
10261.769
10261.788
10261.808
10261.828
10261.847
10261.867
10261.886
10261.906
10261.925
10261.945
10261.964
10261.984
10262.003
10262.023
10262.042
10262.062
10262.081
10262.101
10262.120
10262.140
10262.160
10262.179
10262.199
10262.218
10262.238
10262.257
10262.277
10262.296
10262.316
10262.335
10262.355
10262.374
10262.394
10262.413
10262.433
10262.453
10262.472
10262.492
10262.511
10262.531
10262.550
10262.570
10262.589
10262.609
10262.628
10262.648
10262.667
10262.687
10262.706
10262.726
10262.746
10262.765
10262.785
10262.804
10262.824
10262.843
10262.863
10262.882
10262.902
10262.921
10262.941
10262.960
10262.980
10262.999
10263.019
10263.039
10263.058
10263.078
10263.097
10263.117
10263.136
10263.156
10263.175
10263.195
10263.214
10263.234
10263.253
10263.273
10263.292
10263.312
10263.332
10263.351
10263.371
10263.390
10263.410
10263.429
10263.449
10263.468
10263.488
10263.507
10263.527
10263.546
10263.566
10263.585
10263.605
10263.624
10263.644
10263.664
10263.683
10263.703
10263.722
10263.742
10263.761
10263.781
10263.800
10263.820
10263.839
10263.859
10263.878
10263.898
10263.917
10263.937
10263.957
10263.976
10263.996
10264.015
10264.035
10264.054
10264.074
10264.093
10264.113
10264.132
10264.152
10264.171
10264.191
10264.210
10264.230
10264.250
10264.269
10264.289
10264.308
10264.328
10264.347
10264.367
10264.386
10264.406
10264.425
10264.445
10264.464
10264.484
10264.503
10264.523
10264.543
10264.562
10264.582
10264.601
10264.621
10264.640
10264.660
10264.679
10264.699
10264.718
10264.738
10264.757
10264.777
10264.796
10264.816
10264.835
10264.855
10264.875
10264.894
10264.914
10264.933
10264.953
10264.972
10264.992
10265.011
10265.031
10265.050
10265.070
10265.089
10265.109
10265.128
10265.148
10265.168
10265.187
10265.207
10265.226
10265.246
10265.265
10265.285
10265.304
10265.324
10265.343
10265.363
10265.382
10265.402
10265.421
10265.441
10265.461
10265.480
10265.500
10265.519
10265.539
10265.558
10265.578
10265.597
10265.617
10265.636
10265.656
10265.675
10265.695
10265.714
10265.734
10265.754
10265.773
10265.793
10265.812
10265.832
10265.851
10265.871
10265.890
10265.910
10265.929
10265.949
10265.968
10265.988
10266.007
10266.027
10266.046
10266.066
10266.086
10266.105
10266.125
10266.144
10266.164
10266.183
10266.203
10266.222
10266.242
10266.261
10266.281
10266.300
10266.320
10266.339
10266.359
10266.379
10266.398
10266.418
10266.437
10266.457
10266.476
10266.496
10266.515
10266.535
10266.554
10266.574
10266.593
10266.613
10266.632
10266.652
10266.672
10266.691
10266.711
10266.730
10266.750
10266.769
10266.789
10266.808
10266.828
10266.847
10266.867
10266.886
10266.906
10266.925
10266.945
10266.965
10266.984
10267.004
10267.023
10267.043
10267.062
10267.082
10267.101
10267.121
10267.140
10267.160
10267.179
10267.199
10267.218
10267.238
10267.257
10267.277
10267.297
10267.316
10267.336
10267.355
10267.375
10267.394
10267.414
10267.433
10267.453
10267.472
10267.492
10267.511
10267.531
10267.550
10267.570
10267.590
10267.609
10267.629
10267.648
10267.668
10267.687
10267.707
10267.726
10267.746
10267.765
10267.785
10267.804
10267.824
10267.843
10267.863
10267.883
10267.902
10267.922
10267.941
10267.961
10267.980
10268.000
10268.019
10268.039
10268.058
10268.078
10268.097
10268.117
10268.136
10268.156
10268.176
10268.195
10268.215
10268.234
10268.254
10268.273
10268.293
10268.312
10268.332
10268.351
10268.371
10268.390
10268.410
10268.429
10268.449
10268.469
10268.488
10268.508
10268.527
10268.547
10268.566
10268.586
10268.605
10268.625
10268.644
10268.664
10268.683
10268.703
10268.722
10268.742
10268.761
10268.781
10268.801
10268.820
10268.840
10268.859
10268.879
10268.898
10268.918
10268.937
10268.957
10268.976
10268.996
10269.015
10269.035
10269.054
10269.074
10269.094
10269.113
10269.133
10269.152
10269.172
10269.191
10269.211
10269.230
10269.250
10269.269
10269.289
10269.308
10269.328
10269.347
10269.367
10269.387
10269.406
10269.426
10269.445
10269.465
10269.484
10269.504
10269.523
10269.543
10269.562
10269.582
10269.601
10269.621
10269.640
10269.660
10269.680
10269.699
10269.719
10269.738
10269.758
10269.777
10269.797
10269.816
10269.836
10269.855
10269.875
10269.894
10269.914
10269.933
10269.953
10269.972
10269.992
10270.012
10270.031
10270.051
10270.070
10270.090
10270.109
10270.129
10270.148
10270.168
10270.187
10270.207
10270.226
10270.246
10270.265
10270.285
10270.305
10270.324
10270.344
10270.363
10270.383
10270.402
10270.422
10270.441
10270.461
10270.480
10270.500
10270.519
10270.539
10270.558
10270.578
10270.598
10270.617
10270.637
10270.656
10270.676
10270.695
10270.715
10270.734
10270.754
10270.773
10270.793
10270.812
10270.832
10270.851
10270.871
10270.891
10270.910
10270.930
10270.949
10270.969
10270.988
10271.008
10271.027
10271.047
10271.066
10271.086
10271.105
10271.125
10271.144
10271.164
10271.183
10271.203
10271.223
10271.242
10271.262
10271.281
10271.301
10271.320
10271.340
10271.359
10271.379
10271.398
10271.418
10271.437
10271.457
10271.476
10271.496
10271.516
10271.535
10271.555
10271.574
10271.594
10271.613
10271.633
10271.652
10271.672
10271.691
10271.711
10271.730
10271.750
10271.769
10271.789
10271.809
10271.828
10271.848
10271.867
10271.887
10271.906
10271.926
10271.945
10271.965
10271.984
10272.004
10272.023
10272.043
10272.062
10272.082
10272.102
10272.121
10272.141
10272.160
10272.180
10272.199
10272.219
10272.238
10272.258
10272.277
10272.297
10272.316
10272.336
10272.355
10272.375
10272.394
10272.414
10272.434
10272.453
10272.473
10272.492
10272.512
10272.531
10272.551
10272.570
10272.590
10272.609
10272.629
10272.648
10272.668
10272.687
10272.707
10272.727
10272.746
10272.766
10272.785
10272.805
10272.824
10272.844
10272.863
10272.883
10272.902
10272.922
10272.941
10272.961
10272.980
10273.000
10273.020
10273.039
10273.059
10273.078
10273.098
10273.117
10273.137
10273.156
10273.176
10273.195
10273.215
10273.234
10273.254
10273.273
10273.293
10273.313
10273.332
10273.352
10273.371
10273.391
10273.410
10273.430
10273.449
10273.469
10273.488
10273.508
10273.527
10273.547
10273.566
10273.586
10273.606
10273.625
10273.645
10273.664
10273.684
10273.703
10273.723
10273.742
10273.762
10273.781
10273.801
10273.820
10273.840
10273.859
10273.879
10273.898
10273.918
10273.938
10273.957
10273.977
10273.996
10274.016
10274.035
10274.055
10274.074
10274.094
10274.113
10274.133
10274.152
10274.172
10274.191
10274.211
10274.231
10274.250
10274.270
10274.289
10274.309
10274.328
10274.348
10274.367
10274.387
10274.406
10274.426
10274.445
10274.465
10274.484
10274.504
10274.524
10274.543
10274.563
10274.582
10274.602
10274.621
10274.641
10274.660
10274.680
10274.699
10274.719
10274.738
10274.758
10274.777
10274.797
10274.817
10274.836
10274.856
10274.875
10274.895
10274.914
10274.934
10274.953
10274.973
10274.992
10275.012
10275.031
10275.051
10275.070
10275.090
10275.109
10275.129
10275.149
10275.168
10275.188
10275.207
10275.227
10275.246
10275.266
10275.285
10275.305
10275.324
10275.344
10275.363
10275.383
10275.402
10275.422
10275.442
10275.461
10275.481
10275.500
10275.520
10275.539
10275.559
10275.578
10275.598
10275.617
10275.637
10275.656
10275.676
10275.695
10275.715
10275.735
10275.754
10275.774
10275.793
10275.813
10275.832
10275.852
10275.871
10275.891
10275.910
10275.930
10275.949
10275.969
10275.988
10276.008
10276.028
10276.047
10276.067
10276.086
10276.106
10276.125
10276.145
10276.164
10276.184
10276.203
10276.223
10276.242
10276.262
10276.281
10276.301
10276.320
10276.340
10276.360
10276.379
10276.399
10276.418
10276.438
10276.457
10276.477
10276.496
10276.516
10276.535
10276.555
10276.574
10276.594
10276.613
10276.633
10276.653
10276.672
10276.692
10276.711
10276.731
10276.750
10276.770
10276.789
10276.809
10276.828
10276.848
10276.867
10276.887
10276.906
10276.926
10276.946
10276.965
10276.985
10277.004
10277.024
10277.043
10277.063
10277.082
10277.102
10277.121
10277.141
10277.160
10277.180
10277.199
10277.219
10277.239
10277.258
10277.278
10277.297
10277.317
10277.336
10277.356
10277.375
10277.395
10277.414
10277.434
10277.453
10277.473
10277.492
10277.512
10277.531
10277.551
10277.571
10277.590
10277.610
10277.629
10277.649
10277.668
10277.688
10277.707
10277.727
10277.746
10277.766
10277.785
10277.805
10277.824
10277.844
10277.864
10277.883
10277.903
10277.922
10277.942
10277.961
10277.981
10278.000
10278.020
10278.039
10278.059
10278.078
10278.098
10278.117
10278.137
10278.157
10278.176
10278.196
10278.215
10278.235
10278.254
10278.274
10278.293
10278.313
10278.332
10278.352
10278.371
10278.391
10278.410
10278.430
10278.450
10278.469
10278.489
10278.508
10278.528
10278.547
10278.567
10278.586
10278.606
10278.625
10278.645
10278.664
10278.684
10278.703
10278.723
10278.742
10278.762
10278.782
10278.801
10278.821
10278.840
10278.860
10278.879
10278.899
10278.918
10278.938
10278.957
10278.977
10278.996
10279.016
10279.035
10279.055
10279.075
10279.094
10279.114
10279.133
10279.153
10279.172
10279.192
10279.211
10279.231
10279.250
10279.270
10279.289
10279.309
10279.328
10279.348
10279.368
10279.387
10279.407
10279.426
10279.446
10279.465
10279.485
10279.504
10279.524
10279.543
10279.563
10279.582
10279.602
10279.621
10279.641
10279.661
10279.680
10279.700
10279.719
10279.739
10279.758
10279.778
10279.797
10279.817
10279.836
10279.856
10279.875
10279.895
10279.914
10279.934
10279.954
10279.973
10279.993
10280.012
10280.032
10280.051
10280.071
10280.090
10280.110
10280.129
10280.149
10280.168
10280.188
10280.207
10280.227
10280.246
10280.266
10280.286
10280.305
10280.325
10280.344
10280.364
10280.383
10280.403
10280.422
10280.442
10280.461
10280.481
10280.500
10280.520
10280.539
10280.559
10280.579
10280.598
10280.618
10280.637
10280.657
10280.676
10280.696
10280.715
10280.735
10280.754
10280.774
10280.793
10280.813
10280.832
10280.852
10280.872
10280.891
10280.911
10280.930
10280.950
10280.969
10280.989
10281.008
10281.028
10281.047
10281.067
10281.086
10281.106
10281.125
10281.145
10281.165
10281.184
10281.204
10281.223
10281.243
10281.262
10281.282
10281.301
10281.321
10281.340
10281.360
10281.379
10281.399
10281.418
10281.438
10281.457
10281.477
10281.497
10281.516
10281.536
10281.555
10281.575
10281.594
10281.614
10281.633
10281.653
10281.672
10281.692
10281.711
10281.731
10281.750
10281.770
10281.790
10281.809
10281.829
10281.848
10281.868
10281.887
10281.907
10281.926
10281.946
10281.965
10281.985
10282.004
10282.024
10282.043
10282.063
10282.083
10282.102
10282.122
10282.141
10282.161
10282.180
10282.200
10282.219
10282.239
10282.258
10282.278
10282.297
10282.317
10282.336
10282.356
10282.376
10282.395
10282.415
10282.434
10282.454
10282.473
10282.493
10282.512
10282.532
10282.551
10282.571
10282.590
10282.610
10282.629
10282.649
10282.668
10282.688
10282.708
10282.727
10282.747
10282.766
10282.786
10282.805
10282.825
10282.844
10282.864
10282.883
10282.903
10282.922
10282.942
10282.961
10282.981
10283.001
10283.020
10283.040
10283.059
10283.079
10283.098
10283.118
10283.137
10283.157
10283.176
10283.196
10283.215
10283.235
10283.254
10283.274
10283.294
10283.313
10283.333
10283.352
10283.372
10283.391
10283.411
10283.430
10283.450
10283.469
10283.489
10283.508
10283.528
10283.547
10283.567
10283.587
10283.606
10283.626
10283.645
10283.665
10283.684
10283.704
10283.723
10283.743
10283.762
10283.782
10283.801
10283.821
10283.840
10283.860
10283.879
10283.899
10283.919
10283.938
10283.958
10283.977
10283.997
10284.016
10284.036
10284.055
10284.075
10284.094
10284.114
10284.133
10284.153
10284.172
10284.192
10284.212
10284.231
10284.251
10284.270
10284.290
10284.309
10284.329
10284.348
10284.368
10284.387
10284.407
10284.426
10284.446
10284.465
10284.485
10284.505
10284.524
10284.544
10284.563
10284.583
10284.602
10284.622
10284.641
10284.661
10284.680
10284.700
10284.719
10284.739
10284.758
10284.778
10284.798
10284.817
10284.837
10284.856
10284.876
10284.895
10284.915
10284.934
10284.954
10284.973
10284.993
10285.012
10285.032
10285.051
10285.071
10285.091
10285.110
10285.130
10285.149
10285.169
10285.188
10285.208
10285.227
10285.247
10285.266
10285.286
10285.305
10285.325
10285.344
10285.364
10285.383
10285.403
10285.423
10285.442
10285.462
10285.481
10285.501
10285.520
10285.540
10285.559
10285.579
10285.598
10285.618
10285.637
10285.657
10285.676
10285.696
10285.716
10285.735
10285.755
10285.774
10285.794
10285.813
10285.833
10285.852
10285.872
10285.891
10285.911
10285.930
10285.950
10285.969
10285.989
10286.009
10286.028
10286.048
10286.067
10286.087
10286.106
10286.126
10286.145
10286.165
10286.184
10286.204
10286.223
10286.243
10286.262
10286.282
10286.302
10286.321
10286.341
10286.360
10286.380
10286.399
10286.419
10286.438
10286.458
10286.477
10286.497
10286.516
10286.536
10286.555
10286.575
10286.594
10286.614
10286.634
10286.653
10286.673
10286.692
10286.712
10286.731
10286.751
10286.770
10286.790
10286.809
10286.829
10286.848
10286.868
10286.887
10286.907
10286.927
10286.946
10286.966
10286.985
10287.005
10287.024
10287.044
10287.063
10287.083
10287.102
10287.122
10287.141
10287.161
10287.180
