 9887.000
 9887.018
 9887.036
 9887.055
 9887.073
 9887.091
 9887.109
 9887.128
 9887.146
 9887.164
 9887.182
 9887.201
 9887.219
 9887.237
 9887.255
 9887.274
 9887.292
 9887.310
 9887.328
 9887.346
 9887.365
 9887.383
 9887.401
 9887.419
 9887.438
 9887.456
 9887.474
 9887.492
 9887.511
 9887.529
 9887.547
 9887.565
 9887.584
 9887.602
 9887.620
 9887.638
 9887.656
 9887.675
 9887.693
 9887.711
 9887.729
 9887.748
 9887.766
 9887.784
 9887.802
 9887.821
 9887.839
 9887.857
 9887.875
 9887.894
 9887.912
 9887.930
 9887.948
 9887.966
 9887.985
 9888.003
 9888.021
 9888.039
 9888.058
 9888.076
 9888.094
 9888.112
 9888.131
 9888.149
 9888.167
 9888.185
 9888.204
 9888.222
 9888.240
 9888.258
 9888.276
 9888.295
 9888.313
 9888.331
 9888.349
 9888.368
 9888.386
 9888.404
 9888.422
 9888.441
 9888.459
 9888.477
 9888.495
 9888.514
 9888.532
 9888.550
 9888.568
 9888.586
 9888.605
 9888.623
 9888.641
 9888.659
 9888.678
 9888.696
 9888.714
 9888.732
 9888.751
 9888.769
 9888.787
 9888.805
 9888.824
 9888.842
 9888.860
 9888.878
 9888.896
 9888.915
 9888.933
 9888.951
 9888.969
 9888.988
 9889.006
 9889.024
 9889.042
 9889.061
 9889.079
 9889.097
 9889.115
 9889.134
 9889.152
 9889.170
 9889.188
 9889.206
 9889.225
 9889.243
 9889.261
 9889.279
 9889.298
 9889.316
 9889.334
 9889.352
 9889.371
 9889.389
 9889.407
 9889.425
 9889.444
 9889.462
 9889.480
 9889.498
 9889.516
 9889.535
 9889.553
 9889.571
 9889.589
 9889.608
 9889.626
 9889.644
 9889.662
 9889.681
 9889.699
 9889.717
 9889.735
 9889.754
 9889.772
 9889.790
 9889.808
 9889.826
 9889.845
 9889.863
 9889.881
 9889.899
 9889.918
 9889.936
 9889.954
 9889.972
 9889.991
 9890.009
 9890.027
 9890.045
 9890.063
 9890.082
 9890.100
 9890.118
 9890.136
 9890.155
 9890.173
 9890.191
 9890.209
 9890.228
 9890.246
 9890.264
 9890.282
 9890.301
 9890.319
 9890.337
 9890.355
 9890.373
 9890.392
 9890.410
 9890.428
 9890.446
 9890.465
 9890.483
 9890.501
 9890.519
 9890.538
 9890.556
 9890.574
 9890.592
 9890.611
 9890.629
 9890.647
 9890.665
 9890.683
 9890.702
 9890.720
 9890.738
 9890.756
 9890.775
 9890.793
 9890.811
 9890.829
 9890.848
 9890.866
 9890.884
 9890.902
 9890.921
 9890.939
 9890.957
 9890.975
 9890.993
 9891.012
 9891.030
 9891.048
 9891.066
 9891.085
 9891.103
 9891.121
 9891.139
 9891.158
 9891.176
 9891.194
 9891.212
 9891.231
 9891.249
 9891.267
 9891.285
 9891.303
 9891.322
 9891.340
 9891.358
 9891.376
 9891.395
 9891.413
 9891.431
 9891.449
 9891.468
 9891.486
 9891.504
 9891.522
 9891.541
 9891.559
 9891.577
 9891.595
 9891.613
 9891.632
 9891.650
 9891.668
 9891.686
 9891.705
 9891.723
 9891.741
 9891.759
 9891.778
 9891.796
 9891.814
 9891.832
 9891.851
 9891.869
 9891.887
 9891.905
 9891.923
 9891.942
 9891.960
 9891.978
 9891.996
 9892.015
 9892.033
 9892.051
 9892.069
 9892.088
 9892.106
 9892.124
 9892.142
 9892.161
 9892.179
 9892.197
 9892.215
 9892.233
 9892.252
 9892.270
 9892.288
 9892.306
 9892.325
 9892.343
 9892.361
 9892.379
 9892.398
 9892.416
 9892.434
 9892.452
 9892.471
 9892.489
 9892.507
 9892.525
 9892.543
 9892.562
 9892.580
 9892.598
 9892.616
 9892.635
 9892.653
 9892.671
 9892.689
 9892.708
 9892.726
 9892.744
 9892.762
 9892.781
 9892.799
 9892.817
 9892.835
 9892.853
 9892.872
 9892.890
 9892.908
 9892.926
 9892.945
 9892.963
 9892.981
 9892.999
 9893.018
 9893.036
 9893.054
 9893.072
 9893.091
 9893.109
 9893.127
 9893.145
 9893.163
 9893.182
 9893.200
 9893.218
 9893.236
 9893.255
 9893.273
 9893.291
 9893.309
 9893.328
 9893.346
 9893.364
 9893.382
 9893.401
 9893.419
 9893.437
 9893.455
 9893.473
 9893.492
 9893.510
 9893.528
 9893.546
 9893.565
 9893.583
 9893.601
 9893.619
 9893.638
 9893.656
 9893.674
 9893.692
 9893.711
 9893.729
 9893.747
 9893.765
 9893.783
 9893.802
 9893.820
 9893.838
 9893.856
 9893.875
 9893.893
 9893.911
 9893.929
 9893.948
 9893.966
 9893.984
 9894.002
 9894.021
 9894.039
 9894.057
 9894.075
 9894.093
 9894.112
 9894.130
 9894.148
 9894.166
 9894.185
 9894.203
 9894.221
 9894.239
 9894.258
 9894.276
 9894.294
 9894.312
 9894.331
 9894.349
 9894.367
 9894.385
 9894.403
 9894.422
 9894.440
 9894.458
 9894.476
 9894.495
 9894.513
 9894.531
 9894.549
 9894.568
 9894.586
 9894.604
 9894.622
 9894.641
 9894.659
 9894.677
 9894.695
 9894.713
 9894.732
 9894.750
 9894.768
 9894.786
 9894.805
 9894.823
 9894.841
 9894.859
 9894.878
 9894.896
 9894.914
 9894.932
 9894.951
 9894.969
 9894.987
 9895.005
 9895.023
 9895.042
 9895.060
 9895.078
 9895.096
 9895.115
 9895.133
 9895.151
 9895.169
 9895.188
 9895.206
 9895.224
 9895.242
 9895.261
 9895.279
 9895.297
 9895.315
 9895.333
 9895.352
 9895.370
 9895.388
 9895.406
 9895.425
 9895.443
 9895.461
 9895.479
 9895.498
 9895.516
 9895.534
 9895.552
 9895.570
 9895.589
 9895.607
 9895.625
 9895.643
 9895.662
 9895.680
 9895.698
 9895.716
 9895.735
 9895.753
 9895.771
 9895.789
 9895.808
 9895.826
 9895.844
 9895.862
 9895.880
 9895.899
 9895.917
 9895.935
 9895.953
 9895.972
 9895.990
 9896.008
 9896.026
 9896.045
 9896.063
 9896.081
 9896.099
 9896.118
 9896.136
 9896.154
 9896.172
 9896.190
 9896.209
 9896.227
 9896.245
 9896.263
 9896.282
 9896.300
 9896.318
 9896.336
 9896.355
 9896.373
 9896.391
 9896.409
 9896.428
 9896.446
 9896.464
 9896.482
 9896.500
 9896.519
 9896.537
 9896.555
 9896.573
 9896.592
 9896.610
 9896.628
 9896.646
 9896.665
 9896.683
 9896.701
 9896.719
 9896.738
 9896.756
 9896.774
 9896.792
 9896.810
 9896.829
 9896.847
 9896.865
 9896.883
 9896.902
 9896.920
 9896.938
 9896.956
 9896.975
 9896.993
 9897.011
 9897.029
 9897.048
 9897.066
 9897.084
 9897.102
 9897.120
 9897.139
 9897.157
 9897.175
 9897.193
 9897.212
 9897.230
 9897.248
 9897.266
 9897.285
 9897.303
 9897.321
 9897.339
 9897.358
 9897.376
 9897.394
 9897.412
 9897.430
 9897.449
 9897.467
 9897.485
 9897.503
 9897.522
 9897.540
 9897.558
 9897.576
 9897.595
 9897.613
 9897.631
 9897.649
 9897.668
 9897.686
 9897.704
 9897.722
 9897.740
 9897.759
 9897.777
 9897.795
 9897.813
 9897.832
 9897.850
 9897.868
 9897.886
 9897.905
 9897.923
 9897.941
 9897.959
 9897.978
 9897.996
 9898.014
 9898.032
 9898.050
 9898.069
 9898.087
 9898.105
 9898.123
 9898.142
 9898.160
 9898.178
 9898.196
 9898.215
 9898.233
 9898.251
 9898.269
 9898.288
 9898.306
 9898.324
 9898.342
 9898.360
 9898.379
 9898.397
 9898.415
 9898.433
 9898.452
 9898.470
 9898.488
 9898.506
 9898.525
 9898.543
 9898.561
 9898.579
 9898.598
 9898.616
 9898.634
 9898.652
 9898.670
 9898.689
 9898.707
 9898.725
 9898.743
 9898.762
 9898.780
 9898.798
 9898.816
 9898.835
 9898.853
 9898.871
 9898.889
 9898.908
 9898.926
 9898.944
 9898.962
 9898.980
 9898.999
 9899.017
 9899.035
 9899.053
 9899.072
 9899.090
 9899.108
 9899.126
 9899.145
 9899.163
 9899.181
 9899.199
 9899.218
 9899.236
 9899.254
 9899.272
 9899.290
 9899.309
 9899.327
 9899.345
 9899.363
 9899.382
 9899.400
 9899.418
 9899.436
 9899.455
 9899.473
 9899.491
 9899.509
 9899.528
 9899.546
 9899.564
 9899.582
 9899.600
 9899.619
 9899.637
 9899.655
 9899.673
 9899.692
 9899.710
 9899.728
 9899.746
 9899.765
 9899.783
 9899.801
 9899.819
 9899.838
 9899.856
 9899.874
 9899.892
 9899.910
 9899.929
 9899.947
 9899.965
 9899.983
 9900.002
 9900.020
 9900.038
 9900.056
 9900.075
 9900.093
 9900.111
 9900.129
 9900.148
 9900.166
 9900.184
 9900.202
 9900.220
 9900.239
 9900.257
 9900.275
 9900.293
 9900.312
 9900.330
 9900.348
 9900.366
 9900.385
 9900.403
 9900.421
 9900.439
 9900.458
 9900.476
 9900.494
 9900.512
 9900.530
 9900.549
 9900.567
 9900.585
 9900.603
 9900.622
 9900.640
 9900.658
 9900.676
 9900.695
 9900.713
 9900.731
 9900.749
 9900.768
 9900.786
 9900.804
 9900.822
 9900.840
 9900.859
 9900.877
 9900.895
 9900.913
 9900.932
 9900.950
 9900.968
 9900.986
 9901.005
 9901.023
 9901.041
 9901.059
 9901.077
 9901.096
 9901.114
 9901.132
 9901.150
 9901.169
 9901.187
 9901.205
 9901.223
 9901.242
 9901.260
 9901.278
 9901.296
 9901.315
 9901.333
 9901.351
 9901.369
 9901.387
 9901.406
 9901.424
 9901.442
 9901.460
 9901.479
 9901.497
 9901.515
 9901.533
 9901.552
 9901.570
 9901.588
 9901.606
 9901.625
 9901.643
 9901.661
 9901.679
 9901.697
 9901.716
 9901.734
 9901.752
 9901.770
 9901.789
 9901.807
 9901.825
 9901.843
 9901.862
 9901.880
 9901.898
 9901.916
 9901.935
 9901.953
 9901.971
 9901.989
 9902.007
 9902.026
 9902.044
 9902.062
 9902.080
 9902.099
 9902.117
 9902.135
 9902.153
 9902.172
 9902.190
 9902.208
 9902.226
 9902.245
 9902.263
 9902.281
 9902.299
 9902.317
 9902.336
 9902.354
 9902.372
 9902.390
 9902.409
 9902.427
 9902.445
 9902.463
 9902.482
 9902.500
 9902.518
 9902.536
 9902.555
 9902.573
 9902.591
 9902.609
 9902.627
 9902.646
 9902.664
 9902.682
 9902.700
 9902.719
 9902.737
 9902.755
 9902.773
 9902.792
 9902.810
 9902.828
 9902.846
 9902.865
 9902.883
 9902.901
 9902.919
 9902.937
 9902.956
 9902.974
 9902.992
 9903.010
 9903.029
 9903.047
 9903.065
 9903.083
 9903.102
 9903.120
 9903.138
 9903.156
 9903.175
 9903.193
 9903.211
 9903.229
 9903.247
 9903.266
 9903.284
 9903.302
 9903.320
 9903.339
 9903.357
 9903.375
 9903.393
 9903.412
 9903.430
 9903.448
 9903.466
 9903.485
 9903.503
 9903.521
 9903.539
 9903.557
 9903.576
 9903.594
 9903.612
 9903.630
 9903.649
 9903.667
 9903.685
 9903.703
 9903.722
 9903.740
 9903.758
 9903.776
 9903.795
 9903.813
 9903.831
 9903.849
 9903.867
 9903.886
 9903.904
 9903.922
 9903.940
 9903.959
 9903.977
 9903.995
 9904.013
 9904.032
 9904.050
 9904.068
 9904.086
 9904.105
 9904.123
 9904.141
 9904.159
 9904.177
 9904.196
 9904.214
 9904.232
 9904.250
 9904.269
 9904.287
 9904.305
 9904.323
 9904.342
 9904.360
 9904.378
 9904.396
 9904.415
 9904.433
 9904.451
 9904.469
 9904.487
 9904.506
 9904.524
 9904.542
 9904.560
 9904.579
 9904.597
 9904.615
 9904.633
 9904.652
 9904.670
 9904.688
 9904.706
 9904.725
 9904.743
 9904.761
 9904.779
 9904.797
 9904.816
 9904.834
 9904.852
 9904.870
 9904.889
 9904.907
 9904.925
 9904.943
 9904.962
 9904.980
 9904.998
 9905.016
 9905.035
 9905.053
 9905.071
 9905.089
 9905.107
 9905.126
 9905.144
 9905.162
 9905.180
 9905.199
 9905.217
 9905.235
 9905.253
 9905.272
 9905.290
 9905.308
 9905.326
 9905.345
 9905.363
 9905.381
 9905.399
 9905.417
 9905.436
 9905.454
 9905.472
 9905.490
 9905.509
 9905.527
 9905.545
 9905.563
 9905.582
 9905.600
 9905.618
 9905.636
 9905.655
 9905.673
 9905.691
 9905.709
 9905.727
 9905.746
 9905.764
 9905.782
 9905.800
 9905.819
 9905.837
 9905.855
 9905.873
 9905.892
 9905.910
 9905.928
 9905.946
 9905.965
 9905.983
 9906.001
 9906.019
 9906.037
 9906.056
 9906.074
 9906.092
 9906.110
 9906.129
 9906.147
 9906.165
 9906.183
 9906.202
 9906.220
 9906.238
 9906.256
 9906.275
 9906.293
 9906.311
 9906.329
 9906.347
 9906.366
 9906.384
 9906.402
 9906.420
 9906.439
 9906.457
 9906.475
 9906.493
 9906.512
 9906.530
 9906.548
 9906.566
 9906.585
 9906.603
 9906.621
 9906.639
 9906.657
 9906.676
 9906.694
 9906.712
 9906.730
 9906.749
 9906.767
 9906.785
 9906.803
 9906.822
 9906.840
 9906.858
 9906.876
 9906.894
 9906.913
 9906.931
 9906.949
 9906.967
 9906.986
 9907.004
 9907.022
 9907.040
 9907.059
 9907.077
 9907.095
 9907.113
 9907.132
 9907.150
 9907.168
 9907.186
 9907.204
 9907.223
 9907.241
 9907.259
 9907.277
 9907.296
 9907.314
 9907.332
 9907.350
 9907.369
 9907.387
 9907.405
 9907.423
 9907.442
 9907.460
 9907.478
 9907.496
 9907.514
 9907.533
 9907.551
 9907.569
 9907.587
 9907.606
 9907.624
 9907.642
 9907.660
 9907.679
 9907.697
 9907.715
 9907.733
 9907.752
 9907.770
 9907.788
 9907.806
 9907.824
 9907.843
 9907.861
 9907.879
 9907.897
 9907.916
 9907.934
 9907.952
 9907.970
 9907.989
 9908.007
 9908.025
 9908.043
 9908.062
 9908.080
 9908.098
 9908.116
 9908.134
 9908.153
 9908.171
 9908.189
 9908.207
 9908.226
 9908.244
 9908.262
 9908.280
 9908.299
 9908.317
 9908.335
 9908.353
 9908.372
 9908.390
 9908.408
 9908.426
 9908.444
 9908.463
 9908.481
 9908.499
 9908.517
 9908.536
 9908.554
 9908.572
 9908.590
 9908.609
 9908.627
 9908.645
 9908.663
 9908.682
 9908.700
 9908.718
 9908.736
 9908.754
 9908.773
 9908.791
 9908.809
 9908.827
 9908.846
 9908.864
 9908.882
 9908.900
 9908.919
 9908.937
 9908.955
 9908.973
 9908.992
 9909.010
 9909.028
 9909.046
 9909.064
 9909.083
 9909.101
 9909.119
 9909.137
 9909.156
 9909.174
 9909.192
 9909.210
 9909.229
 9909.247
 9909.265
 9909.283
 9909.302
 9909.320
 9909.338
 9909.356
 9909.374
 9909.393
 9909.411
 9909.429
 9909.447
 9909.466
 9909.484
 9909.502
 9909.520
 9909.539
 9909.557
 9909.575
 9909.593
 9909.612
 9909.630
 9909.648
 9909.666
 9909.684
 9909.703
 9909.721
 9909.739
 9909.757
 9909.776
 9909.794
 9909.812
 9909.830
 9909.849
 9909.867
 9909.885
 9909.903
 9909.922
 9909.940
 9909.958
 9909.976
 9909.994
 9910.013
 9910.031
 9910.049
 9910.067
 9910.086
 9910.104
 9910.122
 9910.140
 9910.159
 9910.177
 9910.195
 9910.213
 9910.232
 9910.250
 9910.268
 9910.286
 9910.304
 9910.323
 9910.341
 9910.359
 9910.377
 9910.396
 9910.414
 9910.432
 9910.450
 9910.469
 9910.487
 9910.505
 9910.523
 9910.542
 9910.560
 9910.578
 9910.596
 9910.614
 9910.633
 9910.651
 9910.669
 9910.687
 9910.706
 9910.724
 9910.742
 9910.760
 9910.779
 9910.797
 9910.815
 9910.833
 9910.852
 9910.870
 9910.888
 9910.906
 9910.924
 9910.943
 9910.961
 9910.979
 9910.997
 9911.016
 9911.034
 9911.052
 9911.070
 9911.089
 9911.107
 9911.125
 9911.143
 9911.162
 9911.180
 9911.198
 9911.216
 9911.234
 9911.253
 9911.271
 9911.289
 9911.307
 9911.326
 9911.344
 9911.362
 9911.380
 9911.399
 9911.417
 9911.435
 9911.453
 9911.472
 9911.490
 9911.508
 9911.526
 9911.544
 9911.563
 9911.581
 9911.599
 9911.617
 9911.636
 9911.654
 9911.672
 9911.690
 9911.709
 9911.727
 9911.745
 9911.763
 9911.782
 9911.800
 9911.818
 9911.836
 9911.854
 9911.873
 9911.891
 9911.909
 9911.927
 9911.946
 9911.964
 9911.982
 9912.000
 9912.019
 9912.037
 9912.055
 9912.073
 9912.092
 9912.110
 9912.128
 9912.146
 9912.164
 9912.183
 9912.201
 9912.219
 9912.237
 9912.256
 9912.274
 9912.292
 9912.310
 9912.329
 9912.347
 9912.365
 9912.383
 9912.401
 9912.420
 9912.438
 9912.456
 9912.474
 9912.493
 9912.511
 9912.529
 9912.547
 9912.566
 9912.584
 9912.602
 9912.620
 9912.639
 9912.657
 9912.675
 9912.693
 9912.711
 9912.730
 9912.748
 9912.766
 9912.784
 9912.803
 9912.821
 9912.839
 9912.857
 9912.876
 9912.894
 9912.912
 9912.930
 9912.949
 9912.967
 9912.985
 9913.003
 9913.021
 9913.040
 9913.058
 9913.076
 9913.094
 9913.113
 9913.131
 9913.149
 9913.167
 9913.186
 9913.204
 9913.222
 9913.240
 9913.259
 9913.277
 9913.295
 9913.313
 9913.331
 9913.350
 9913.368
 9913.386
 9913.404
 9913.423
 9913.441
 9913.459
 9913.477
 9913.496
 9913.514
 9913.532
 9913.550
 9913.569
 9913.587
 9913.605
 9913.623
 9913.641
 9913.660
 9913.678
 9913.696
 9913.714
 9913.733
 9913.751
 9913.769
 9913.787
 9913.806
 9913.824
 9913.842
 9913.860
 9913.879
 9913.897
 9913.915
 9913.933
 9913.951
 9913.970
 9913.988
 9914.006
 9914.024
 9914.043
 9914.061
 9914.079
 9914.097
 9914.116
 9914.134
 9914.152
 9914.170
 9914.189
 9914.207
 9914.225
 9914.243
 9914.261
 9914.280
 9914.298
 9914.316
 9914.334
 9914.353
 9914.371
 9914.389
 9914.407
 9914.426
 9914.444
 9914.462
 9914.480
 9914.499
 9914.517
 9914.535
 9914.553
 9914.571
 9914.590
 9914.608
 9914.626
 9914.644
 9914.663
 9914.681
 9914.699
 9914.717
 9914.736
 9914.754
 9914.772
 9914.790
 9914.809
 9914.827
 9914.845
 9914.863
 9914.881
 9914.900
 9914.918
 9914.936
 9914.954
 9914.973
 9914.991
 9915.009
 9915.027
 9915.046
 9915.064
 9915.082
 9915.100
 9915.119
 9915.137
 9915.155
 9915.173
 9915.191
 9915.210
 9915.228
 9915.246
 9915.264
 9915.283
 9915.301
 9915.319
 9915.337
 9915.356
 9915.374
 9915.392
 9915.410
 9915.429
 9915.447
 9915.465
 9915.483
 9915.501
 9915.520
 9915.538
 9915.556
 9915.574
 9915.593
 9915.611
 9915.629
 9915.647
 9915.666
 9915.684
 9915.702
 9915.720
 9915.739
 9915.757
 9915.775
 9915.793
 9915.811
 9915.830
 9915.848
 9915.866
 9915.884
 9915.903
 9915.921
 9915.939
 9915.957
 9915.976
 9915.994
 9916.012
 9916.030
 9916.049
 9916.067
 9916.085
 9916.103
 9916.121
 9916.140
 9916.158
 9916.176
 9916.194
 9916.213
 9916.231
 9916.249
 9916.267
 9916.286
 9916.304
 9916.322
 9916.340
 9916.359
 9916.377
 9916.395
 9916.413
 9916.431
 9916.450
 9916.468
 9916.486
 9916.504
 9916.523
 9916.541
 9916.559
 9916.577
 9916.596
 9916.614
 9916.632
 9916.650
 9916.669
 9916.687
 9916.705
 9916.723
 9916.741
 9916.760
 9916.778
 9916.796
 9916.814
 9916.833
 9916.851
 9916.869
 9916.887
 9916.906
 9916.924
 9916.942
 9916.960
 9916.979
 9916.997
 9917.015
 9917.033
 9917.051
 9917.070
 9917.088
 9917.106
 9917.124
 9917.143
 9917.161
 9917.179
 9917.197
 9917.216
 9917.234
 9917.252
 9917.270
 9917.289
 9917.307
 9917.325
 9917.343
 9917.361
 9917.380
 9917.398
 9917.416
 9917.434
 9917.453
 9917.471
 9917.489
 9917.507
 9917.526
 9917.544
 9917.562
 9917.580
 9917.599
 9917.617
 9917.635
 9917.653
 9917.671
 9917.690
 9917.708
 9917.726
 9917.744
 9917.763
 9917.781
 9917.799
 9917.817
 9917.836
 9917.854
 9917.872
 9917.890
 9917.908
 9917.927
 9917.945
 9917.963
 9917.981
 9918.000
 9918.018
 9918.036
 9918.054
 9918.073
 9918.091
 9918.109
 9918.127
 9918.146
 9918.164
 9918.182
 9918.200
 9918.218
 9918.237
 9918.255
 9918.273
 9918.291
 9918.310
 9918.328
 9918.346
 9918.364
 9918.383
 9918.401
 9918.419
 9918.437
 9918.456
 9918.474
 9918.492
 9918.510
 9918.528
 9918.547
 9918.565
 9918.583
 9918.601
 9918.620
 9918.638
 9918.656
 9918.674
 9918.693
 9918.711
 9918.729
 9918.747
 9918.766
 9918.784
 9918.802
 9918.820
 9918.838
 9918.857
 9918.875
 9918.893
 9918.911
 9918.930
 9918.948
 9918.966
 9918.984
 9919.003
 9919.021
 9919.039
 9919.057
 9919.076
 9919.094
 9919.112
 9919.130
 9919.148
 9919.167
 9919.185
 9919.203
 9919.221
 9919.240
 9919.258
 9919.276
 9919.294
 9919.313
 9919.331
 9919.349
 9919.367
 9919.386
 9919.404
 9919.422
 9919.440
 9919.458
 9919.477
 9919.495
 9919.513
 9919.531
 9919.550
 9919.568
 9919.586
 9919.604
 9919.623
 9919.641
 9919.659
 9919.677
 9919.696
 9919.714
 9919.732
 9919.750
 9919.768
 9919.787
 9919.805
 9919.823
 9919.841
 9919.860
 9919.878
 9919.896
 9919.914
 9919.933
 9919.951
 9919.969
 9919.987
 9920.006
 9920.024
 9920.042
 9920.060
 9920.078
 9920.097
 9920.115
 9920.133
 9920.151
 9920.170
 9920.188
 9920.206
 9920.224
 9920.243
 9920.261
 9920.279
 9920.297
 9920.316
 9920.334
 9920.352
 9920.370
 9920.388
 9920.407
 9920.425
 9920.443
 9920.461
 9920.480
 9920.498
 9920.516
 9920.534
 9920.553
 9920.571
 9920.589
 9920.607
 9920.626
 9920.644
 9920.662
 9920.680
 9920.698
 9920.717
 9920.735
 9920.753
 9920.771
 9920.790
 9920.808
 9920.826
 9920.844
 9920.863
 9920.881
 9920.899
 9920.917
 9920.936
 9920.954
 9920.972
 9920.990
 9921.008
 9921.027
 9921.045
 9921.063
 9921.081
 9921.100
 9921.118
 9921.136
 9921.154
 9921.173
 9921.191
 9921.209
 9921.227
 9921.246
 9921.264
 9921.282
 9921.300
 9921.318
 9921.337
 9921.355
 9921.373
 9921.391
 9921.410
 9921.428
 9921.446
 9921.464
 9921.483
 9921.501
 9921.519
 9921.537
 9921.556
 9921.574
 9921.592
 9921.610
 9921.628
 9921.647
 9921.665
 9921.683
 9921.701
 9921.720
 9921.738
 9921.756
 9921.774
 9921.793
 9921.811
 9921.829
 9921.847
 9921.866
 9921.884
 9921.902
 9921.920
 9921.938
 9921.957
 9921.975
 9921.993
 9922.011
 9922.030
 9922.048
 9922.066
 9922.084
 9922.103
 9922.121
 9922.139
 9922.157
 9922.176
 9922.194
 9922.212
 9922.230
 9922.248
 9922.267
 9922.285
 9922.303
 9922.321
 9922.340
 9922.358
 9922.376
 9922.394
 9922.413
 9922.431
 9922.449
 9922.467
 9922.486
 9922.504
 9922.522
 9922.540
 9922.558
 9922.577
 9922.595
 9922.613
 9922.631
 9922.650
 9922.668
 9922.686
 9922.704
 9922.723
 9922.741
 9922.759
 9922.777
 9922.796
 9922.814
 9922.832
 9922.850
 9922.868
 9922.887
 9922.905
 9922.923
 9922.941
 9922.960
 9922.978
 9922.996
 9923.014
 9923.033
 9923.051
 9923.069
 9923.087
 9923.106
 9923.124
 9923.142
 9923.160
 9923.178
 9923.197
 9923.215
 9923.233
 9923.251
 9923.270
 9923.288
 9923.306
 9923.324
 9923.343
 9923.361
 9923.379
 9923.397
 9923.415
 9923.434
 9923.452
 9923.470
 9923.488
 9923.507
 9923.525
 9923.543
 9923.561
 9923.580
 9923.598
 9923.616
 9923.634
 9923.653
 9923.671
 9923.689
 9923.707
 9923.725
 9923.744
 9923.762
 9923.780
 9923.798
 9923.817
 9923.835
 9923.853
 9923.871
 9923.890
 9923.908
 9923.926
 9923.944
 9923.963
 9923.981
 9923.999
 9924.017
 9924.035
 9924.054
 9924.072
 9924.090
 9924.108
 9924.127
 9924.145
 9924.163
 9924.181
 9924.200
 9924.218
 9924.236
 9924.254
 9924.273
 9924.291
 9924.309
 9924.327
 9924.345
 9924.364
 9924.382
 9924.400
 9924.418
 9924.437
 9924.455
 9924.473
 9924.491
 9924.510
 9924.528
 9924.546
 9924.564
 9924.583
 9924.601
 9924.619
 9924.637
 9924.655
 9924.674
 9924.692
 9924.710
 9924.728
 9924.747
 9924.765
 9924.783
 9924.801
 9924.820
 9924.838
 9924.856
 9924.874
 9924.893
 9924.911
 9924.929
 9924.947
 9924.965
 9924.984
 9925.002
 9925.020
 9925.038
 9925.057
 9925.075
 9925.093
 9925.111
 9925.130
 9925.148
 9925.166
 9925.184
 9925.203
 9925.221
 9925.239
 9925.257
 9925.275
 9925.294
 9925.312
 9925.330
 9925.348
 9925.367
 9925.385
 9925.403
 9925.421
 9925.440
 9925.458
 9925.476
 9925.494
 9925.513
 9925.531
 9925.549
 9925.567
 9925.585
 9925.604
 9925.622
 9925.640
 9925.658
 9925.677
 9925.695
 9925.713
 9925.731
 9925.750
 9925.768
 9925.786
 9925.804
 9925.823
 9925.841
 9925.859
 9925.877
 9925.895
 9925.914
 9925.932
 9925.950
 9925.968
 9925.987
 9926.005
 9926.023
 9926.041
 9926.060
 9926.078
 9926.096
 9926.114
 9926.133
 9926.151
 9926.169
 9926.187
 9926.205
 9926.224
 9926.242
 9926.260
 9926.278
 9926.297
 9926.315
 9926.333
 9926.351
 9926.370
 9926.388
 9926.406
 9926.424
 9926.443
 9926.461
 9926.479
 9926.497
 9926.515
 9926.534
 9926.552
 9926.570
 9926.588
 9926.607
 9926.625
 9926.643
 9926.661
 9926.680
 9926.698
 9926.716
 9926.734
 9926.753
 9926.771
 9926.789
 9926.807
 9926.825
 9926.844
 9926.862
 9926.880
 9926.898
 9926.917
 9926.935
 9926.953
 9926.971
 9926.990
 9927.008
 9927.026
 9927.044
 9927.063
 9927.081
 9927.099
 9927.117
 9927.135
 9927.154
 9927.172
 9927.190
 9927.208
 9927.227
 9927.245
 9927.263
 9927.281
 9927.300
 9927.318
 9927.336
 9927.354
 9927.373
 9927.391
 9927.409
 9927.427
 9927.445
 9927.464
 9927.482
 9927.500
 9927.518
 9927.537
 9927.555
 9927.573
 9927.591
 9927.610
 9927.628
 9927.646
 9927.664
 9927.683
 9927.701
 9927.719
 9927.737
 9927.755
 9927.774
 9927.792
 9927.810
 9927.828
 9927.847
 9927.865
 9927.883
 9927.901
 9927.920
 9927.938
 9927.956
 9927.974
 9927.993
 9928.011
 9928.029
 9928.047
 9928.065
 9928.084
 9928.102
 9928.120
 9928.138
 9928.157
 9928.175
 9928.193
 9928.211
 9928.230
 9928.248
 9928.266
 9928.284
 9928.303
 9928.321
 9928.339
 9928.357
 9928.375
 9928.394
 9928.412
 9928.430
 9928.448
 9928.467
 9928.485
 9928.503
 9928.521
 9928.540
 9928.558
 9928.576
 9928.594
 9928.613
 9928.631
 9928.649
 9928.667
 9928.685
 9928.704
 9928.722
 9928.740
 9928.758
 9928.777
 9928.795
 9928.813
 9928.831
 9928.850
 9928.868
 9928.886
 9928.904
 9928.923
 9928.941
 9928.959
 9928.977
 9928.995
 9929.014
 9929.032
 9929.050
 9929.068
 9929.087
 9929.105
 9929.123
 9929.141
 9929.160
 9929.178
 9929.196
 9929.214
 9929.232
 9929.251
 9929.269
 9929.287
 9929.305
 9929.324
 9929.342
 9929.360
 9929.378
 9929.397
 9929.415
 9929.433
 9929.451
 9929.470
 9929.488
 9929.506
 9929.524
 9929.542
 9929.561
 9929.579
 9929.597
 9929.615
 9929.634
 9929.652
 9929.670
 9929.688
 9929.707
 9929.725
 9929.743
 9929.761
 9929.780
 9929.798
 9929.816
 9929.834
 9929.852
 9929.871
 9929.889
 9929.907
 9929.925
 9929.944
 9929.962
 9929.980
 9929.998
 9930.017
 9930.035
 9930.053
 9930.071
 9930.090
 9930.108
 9930.126
 9930.144
 9930.162
 9930.181
 9930.199
 9930.217
 9930.235
 9930.254
 9930.272
 9930.290
 9930.308
 9930.327
 9930.345
 9930.363
 9930.381
 9930.400
 9930.418
 9930.436
 9930.454
 9930.472
 9930.491
 9930.509
 9930.527
 9930.545
 9930.564
 9930.582
 9930.600
 9930.618
 9930.637
 9930.655
 9930.673
 9930.691
 9930.710
 9930.728
 9930.746
 9930.764
 9930.782
 9930.801
 9930.819
 9930.837
 9930.855
 9930.874
 9930.892
 9930.910
 9930.928
 9930.947
 9930.965
 9930.983
 9931.001
 9931.020
 9931.038
 9931.056
 9931.074
 9931.092
 9931.111
 9931.129
 9931.147
 9931.165
 9931.184
 9931.202
 9931.220
 9931.238
 9931.257
 9931.275
 9931.293
 9931.311
 9931.330
 9931.348
 9931.366
 9931.384
 9931.402
 9931.421
 9931.439
 9931.457
 9931.475
 9931.494
 9931.512
 9931.530
 9931.548
 9931.567
 9931.585
 9931.603
 9931.621
 9931.640
 9931.658
 9931.676
 9931.694
 9931.712
 9931.731
 9931.749
 9931.767
 9931.785
 9931.804
 9931.822
 9931.840
 9931.858
 9931.877
 9931.895
 9931.913
 9931.931
 9931.950
 9931.968
 9931.986
 9932.004
 9932.022
 9932.041
 9932.059
 9932.077
 9932.095
 9932.114
 9932.132
 9932.150
 9932.168
 9932.187
 9932.205
 9932.223
 9932.241
 9932.260
 9932.278
 9932.296
 9932.314
 9932.332
 9932.351
 9932.369
 9932.387
 9932.405
 9932.424
 9932.442
 9932.460
 9932.478
 9932.497
 9932.515
 9932.533
 9932.551
 9932.570
 9932.588
 9932.606
 9932.624
 9932.642
 9932.661
 9932.679
 9932.697
 9932.715
 9932.734
 9932.752
 9932.770
 9932.788
 9932.807
 9932.825
 9932.843
 9932.861
 9932.880
 9932.898
 9932.916
 9932.934
 9932.952
 9932.971
 9932.989
 9933.007
 9933.025
 9933.044
 9933.062
 9933.080
 9933.098
 9933.117
 9933.135
 9933.153
 9933.171
 9933.190
 9933.208
 9933.226
 9933.244
 9933.262
 9933.281
 9933.299
 9933.317
 9933.335
 9933.354
 9933.372
 9933.390
 9933.408
 9933.427
 9933.445
 9933.463
 9933.481
 9933.500
 9933.518
 9933.536
 9933.554
 9933.572
 9933.591
 9933.609
 9933.627
 9933.645
 9933.664
 9933.682
 9933.700
 9933.718
 9933.737
 9933.755
 9933.773
 9933.791
 9933.810
 9933.828
 9933.846
 9933.864
 9933.882
 9933.901
 9933.919
 9933.937
 9933.955
 9933.974
 9933.992
 9934.010
 9934.028
 9934.047
 9934.065
 9934.083
 9934.101
 9934.120
 9934.138
 9934.156
 9934.174
 9934.192
 9934.211
 9934.229
 9934.247
 9934.265
 9934.284
 9934.302
 9934.320
 9934.338
 9934.357
 9934.375
 9934.393
 9934.411
 9934.430
 9934.448
 9934.466
 9934.484
 9934.502
 9934.521
 9934.539
 9934.557
 9934.575
 9934.594
 9934.612
 9934.630
 9934.648
 9934.667
 9934.685
 9934.703
 9934.721
 9934.739
 9934.758
 9934.776
 9934.794
 9934.812
 9934.831
 9934.849
 9934.867
 9934.885
 9934.904
 9934.922
 9934.940
 9934.958
 9934.977
 9934.995
 9935.013
 9935.031
 9935.049
 9935.068
 9935.086
 9935.104
 9935.122
 9935.141
 9935.159
 9935.177
 9935.195
 9935.214
 9935.232
 9935.250
 9935.268
 9935.287
 9935.305
 9935.323
 9935.341
 9935.359
 9935.378
 9935.396
 9935.414
 9935.432
 9935.451
 9935.469
 9935.487
 9935.505
 9935.524
 9935.542
 9935.560
 9935.578
 9935.597
 9935.615
 9935.633
 9935.651
 9935.669
 9935.688
 9935.706
 9935.724
 9935.742
 9935.761
 9935.779
 9935.797
 9935.815
 9935.834
 9935.852
 9935.870
 9935.888
 9935.907
 9935.925
 9935.943
 9935.961
 9935.979
 9935.998
 9936.016
 9936.034
 9936.052
 9936.071
 9936.089
 9936.107
 9936.125
 9936.144
 9936.162
 9936.180
 9936.198
 9936.217
 9936.235
 9936.253
 9936.271
 9936.289
 9936.308
 9936.326
 9936.344
 9936.362
 9936.381
 9936.399
 9936.417
 9936.435
 9936.454
 9936.472
 9936.490
 9936.508
 9936.527
 9936.545
 9936.563
 9936.581
 9936.599
 9936.618
 9936.636
 9936.654
 9936.672
 9936.691
 9936.709
 9936.727
 9936.745
 9936.764
 9936.782
 9936.800
 9936.818
 9936.837
 9936.855
 9936.873
 9936.891
 9936.909
 9936.928
 9936.946
 9936.964
 9936.982
 9937.001
 9937.019
 9937.037
 9937.055
 9937.074
 9937.092
 9937.110
 9937.128
 9937.147
 9937.165
 9937.183
 9937.201
 9937.219
 9937.238
 9937.256
 9937.274
 9937.292
 9937.311
 9937.329
 9937.347
 9937.365
 9937.384
 9937.402
 9937.420
 9937.438
 9937.457
 9937.475
 9937.493
 9937.511
 9937.529
 9937.548
 9937.566
 9937.584
 9937.602
 9937.621
 9937.639
 9937.657
 9937.675
 9937.694
 9937.712
 9937.730
 9937.748
 9937.767
 9937.785
 9937.803
 9937.821
 9937.839
 9937.858
 9937.876
 9937.894
 9937.912
 9937.931
 9937.949
 9937.967
 9937.985
 9938.004
 9938.022
 9938.040
 9938.058
 9938.077
 9938.095
 9938.113
 9938.131
 9938.149
 9938.168
 9938.186
 9938.204
 9938.222
 9938.241
 9938.259
 9938.277
 9938.295
 9938.314
 9938.332
 9938.350
 9938.368
 9938.387
 9938.405
 9938.423
 9938.441
 9938.459
 9938.478
 9938.496
 9938.514
 9938.532
 9938.551
 9938.569
 9938.587
 9938.605
 9938.624
 9938.642
 9938.660
 9938.678
 9938.697
 9938.715
 9938.733
 9938.751
 9938.769
 9938.788
 9938.806
 9938.824
 9938.842
 9938.861
 9938.879
 9938.897
 9938.915
 9938.934
 9938.952
 9938.970
 9938.988
 9939.007
 9939.025
 9939.043
 9939.061
 9939.079
 9939.098
 9939.116
 9939.134
 9939.152
 9939.171
 9939.189
 9939.207
 9939.225
 9939.244
 9939.262
 9939.280
 9939.298
 9939.317
 9939.335
 9939.353
 9939.371
 9939.389
 9939.408
 9939.426
 9939.444
 9939.462
 9939.481
 9939.499
 9939.517
 9939.535
 9939.554
 9939.572
 9939.590
 9939.608
 9939.627
 9939.645
 9939.663
 9939.681
 9939.699
 9939.718
 9939.736
 9939.754
 9939.772
 9939.791
 9939.809
 9939.827
 9939.845
 9939.864
 9939.882
 9939.900
 9939.918
 9939.937
 9939.955
 9939.973
 9939.991
 9940.009
 9940.028
 9940.046
 9940.064
 9940.082
 9940.101
 9940.119
 9940.137
 9940.155
 9940.174
 9940.192
 9940.210
 9940.228
 9940.246
 9940.265
 9940.283
 9940.301
 9940.319
 9940.338
 9940.356
 9940.374
 9940.392
 9940.411
 9940.429
 9940.447
 9940.465
 9940.484
 9940.502
 9940.520
 9940.538
 9940.556
 9940.575
 9940.593
 9940.611
 9940.629
 9940.648
 9940.666
 9940.684
 9940.702
 9940.721
 9940.739
 9940.757
 9940.775
 9940.794
 9940.812
 9940.830
 9940.848
 9940.866
 9940.885
 9940.903
 9940.921
 9940.939
 9940.958
 9940.976
 9940.994
 9941.012
 9941.031
 9941.049
 9941.067
 9941.085
 9941.104
 9941.122
 9941.140
 9941.158
 9941.176
 9941.195
 9941.213
 9941.231
 9941.249
 9941.268
 9941.286
 9941.304
 9941.322
 9941.341
 9941.359
 9941.377
 9941.395
 9941.414
 9941.432
 9941.450
 9941.468
 9941.486
 9941.505
 9941.523
 9941.541
 9941.559
 9941.578
 9941.596
 9941.614
 9941.632
 9941.651
 9941.669
 9941.687
 9941.705
 9941.724
 9941.742
 9941.760
 9941.778
 9941.796
 9941.815
 9941.833
 9941.851
 9941.869
 9941.888
 9941.906
 9941.924
 9941.942
 9941.961
 9941.979
 9941.997
 9942.015
 9942.034
 9942.052
 9942.070
 9942.088
 9942.106
 9942.125
 9942.143
 9942.161
 9942.179
 9942.198
 9942.216
 9942.234
 9942.252
 9942.271
 9942.289
 9942.307
 9942.325
 9942.344
 9942.362
 9942.380
 9942.398
 9942.416
 9942.435
 9942.453
 9942.471
 9942.489
 9942.508
 9942.526
 9942.544
 9942.562
 9942.581
 9942.599
 9942.617
 9942.635
 9942.654
 9942.672
 9942.690
 9942.708
 9942.726
 9942.745
 9942.763
 9942.781
 9942.799
 9942.818
 9942.836
 9942.854
 9942.872
 9942.891
 9942.909
 9942.927
 9942.945
 9942.964
 9942.982
 9943.000
