 9943.000
 9943.018
 9943.036
 9943.055
 9943.073
 9943.091
 9943.109
 9943.128
 9943.146
 9943.164
 9943.182
 9943.201
 9943.219
 9943.237
 9943.255
 9943.274
 9943.292
 9943.310
 9943.328
 9943.346
 9943.365
 9943.383
 9943.401
 9943.419
 9943.438
 9943.456
 9943.474
 9943.492
 9943.511
 9943.529
 9943.547
 9943.565
 9943.584
 9943.602
 9943.620
 9943.638
 9943.656
 9943.675
 9943.693
 9943.711
 9943.729
 9943.748
 9943.766
 9943.784
 9943.802
 9943.821
 9943.839
 9943.857
 9943.875
 9943.894
 9943.912
 9943.930
 9943.948
 9943.966
 9943.985
 9944.003
 9944.021
 9944.039
 9944.058
 9944.076
 9944.094
 9944.112
 9944.131
 9944.149
 9944.167
 9944.185
 9944.204
 9944.222
 9944.240
 9944.258
 9944.276
 9944.295
 9944.313
 9944.331
 9944.349
 9944.368
 9944.386
 9944.404
 9944.422
 9944.441
 9944.459
 9944.477
 9944.495
 9944.514
 9944.532
 9944.550
 9944.568
 9944.586
 9944.605
 9944.623
 9944.641
 9944.659
 9944.678
 9944.696
 9944.714
 9944.732
 9944.751
 9944.769
 9944.787
 9944.805
 9944.824
 9944.842
 9944.860
 9944.878
 9944.896
 9944.915
 9944.933
 9944.951
 9944.969
 9944.988
 9945.006
 9945.024
 9945.042
 9945.061
 9945.079
 9945.097
 9945.115
 9945.134
 9945.152
 9945.170
 9945.188
 9945.206
 9945.225
 9945.243
 9945.261
 9945.279
 9945.298
 9945.316
 9945.334
 9945.352
 9945.371
 9945.389
 9945.407
 9945.425
 9945.444
 9945.462
 9945.480
 9945.498
 9945.516
 9945.535
 9945.553
 9945.571
 9945.589
 9945.608
 9945.626
 9945.644
 9945.662
 9945.681
 9945.699
 9945.717
 9945.735
 9945.754
 9945.772
 9945.790
 9945.808
 9945.826
 9945.845
 9945.863
 9945.881
 9945.899
 9945.918
 9945.936
 9945.954
 9945.972
 9945.991
 9946.009
 9946.027
 9946.045
 9946.063
 9946.082
 9946.100
 9946.118
 9946.136
 9946.155
 9946.173
 9946.191
 9946.209
 9946.228
 9946.246
 9946.264
 9946.282
 9946.301
 9946.319
 9946.337
 9946.355
 9946.373
 9946.392
 9946.410
 9946.428
 9946.446
 9946.465
 9946.483
 9946.501
 9946.519
 9946.538
 9946.556
 9946.574
 9946.592
 9946.611
 9946.629
 9946.647
 9946.665
 9946.683
 9946.702
 9946.720
 9946.738
 9946.756
 9946.775
 9946.793
 9946.811
 9946.829
 9946.848
 9946.866
 9946.884
 9946.902
 9946.921
 9946.939
 9946.957
 9946.975
 9946.993
 9947.012
 9947.030
 9947.048
 9947.066
 9947.085
 9947.103
 9947.121
 9947.139
 9947.158
 9947.176
 9947.194
 9947.212
 9947.231
 9947.249
 9947.267
 9947.285
 9947.303
 9947.322
 9947.340
 9947.358
 9947.376
 9947.395
 9947.413
 9947.431
 9947.449
 9947.468
 9947.486
 9947.504
 9947.522
 9947.541
 9947.559
 9947.577
 9947.595
 9947.613
 9947.632
 9947.650
 9947.668
 9947.686
 9947.705
 9947.723
 9947.741
 9947.759
 9947.778
 9947.796
 9947.814
 9947.832
 9947.851
 9947.869
 9947.887
 9947.905
 9947.923
 9947.942
 9947.960
 9947.978
 9947.996
 9948.015
 9948.033
 9948.051
 9948.069
 9948.088
 9948.106
 9948.124
 9948.142
 9948.161
 9948.179
 9948.197
 9948.215
 9948.233
 9948.252
 9948.270
 9948.288
 9948.306
 9948.325
 9948.343
 9948.361
 9948.379
 9948.398
 9948.416
 9948.434
 9948.452
 9948.471
 9948.489
 9948.507
 9948.525
 9948.543
 9948.562
 9948.580
 9948.598
 9948.616
 9948.635
 9948.653
 9948.671
 9948.689
 9948.708
 9948.726
 9948.744
 9948.762
 9948.781
 9948.799
 9948.817
 9948.835
 9948.853
 9948.872
 9948.890
 9948.908
 9948.926
 9948.945
 9948.963
 9948.981
 9948.999
 9949.018
 9949.036
 9949.054
 9949.072
 9949.091
 9949.109
 9949.127
 9949.145
 9949.163
 9949.182
 9949.200
 9949.218
 9949.236
 9949.255
 9949.273
 9949.291
 9949.309
 9949.328
 9949.346
 9949.364
 9949.382
 9949.401
 9949.419
 9949.437
 9949.455
 9949.473
 9949.492
 9949.510
 9949.528
 9949.546
 9949.565
 9949.583
 9949.601
 9949.619
 9949.638
 9949.656
 9949.674
 9949.692
 9949.711
 9949.729
 9949.747
 9949.765
 9949.783
 9949.802
 9949.820
 9949.838
 9949.856
 9949.875
 9949.893
 9949.911
 9949.929
 9949.948
 9949.966
 9949.984
 9950.002
 9950.021
 9950.039
 9950.057
 9950.075
 9950.093
 9950.112
 9950.130
 9950.148
 9950.166
 9950.185
 9950.203
 9950.221
 9950.239
 9950.258
 9950.276
 9950.294
 9950.312
 9950.331
 9950.349
 9950.367
 9950.385
 9950.403
 9950.422
 9950.440
 9950.458
 9950.476
 9950.495
 9950.513
 9950.531
 9950.549
 9950.568
 9950.586
 9950.604
 9950.622
 9950.641
 9950.659
 9950.677
 9950.695
 9950.713
 9950.732
 9950.750
 9950.768
 9950.786
 9950.805
 9950.823
 9950.841
 9950.859
 9950.878
 9950.896
 9950.914
 9950.932
 9950.951
 9950.969
 9950.987
 9951.005
 9951.023
 9951.042
 9951.060
 9951.078
 9951.096
 9951.115
 9951.133
 9951.151
 9951.169
 9951.188
 9951.206
 9951.224
 9951.242
 9951.261
 9951.279
 9951.297
 9951.315
 9951.333
 9951.352
 9951.370
 9951.388
 9951.406
 9951.425
 9951.443
 9951.461
 9951.479
 9951.498
 9951.516
 9951.534
 9951.552
 9951.570
 9951.589
 9951.607
 9951.625
 9951.643
 9951.662
 9951.680
 9951.698
 9951.716
 9951.735
 9951.753
 9951.771
 9951.789
 9951.808
 9951.826
 9951.844
 9951.862
 9951.880
 9951.899
 9951.917
 9951.935
 9951.953
 9951.972
 9951.990
 9952.008
 9952.026
 9952.045
 9952.063
 9952.081
 9952.099
 9952.118
 9952.136
 9952.154
 9952.172
 9952.190
 9952.209
 9952.227
 9952.245
 9952.263
 9952.282
 9952.300
 9952.318
 9952.336
 9952.355
 9952.373
 9952.391
 9952.409
 9952.428
 9952.446
 9952.464
 9952.482
 9952.500
 9952.519
 9952.537
 9952.555
 9952.573
 9952.592
 9952.610
 9952.628
 9952.646
 9952.665
 9952.683
 9952.701
 9952.719
 9952.738
 9952.756
 9952.774
 9952.792
 9952.810
 9952.829
 9952.847
 9952.865
 9952.883
 9952.902
 9952.920
 9952.938
 9952.956
 9952.975
 9952.993
 9953.011
 9953.029
 9953.048
 9953.066
 9953.084
 9953.102
 9953.120
 9953.139
 9953.157
 9953.175
 9953.193
 9953.212
 9953.230
 9953.248
 9953.266
 9953.285
 9953.303
 9953.321
 9953.339
 9953.358
 9953.376
 9953.394
 9953.412
 9953.430
 9953.449
 9953.467
 9953.485
 9953.503
 9953.522
 9953.540
 9953.558
 9953.576
 9953.595
 9953.613
 9953.631
 9953.649
 9953.668
 9953.686
 9953.704
 9953.722
 9953.740
 9953.759
 9953.777
 9953.795
 9953.813
 9953.832
 9953.850
 9953.868
 9953.886
 9953.905
 9953.923
 9953.941
 9953.959
 9953.978
 9953.996
 9954.014
 9954.032
 9954.050
 9954.069
 9954.087
 9954.105
 9954.123
 9954.142
 9954.160
 9954.178
 9954.196
 9954.215
 9954.233
 9954.251
 9954.269
 9954.288
 9954.306
 9954.324
 9954.342
 9954.360
 9954.379
 9954.397
 9954.415
 9954.433
 9954.452
 9954.470
 9954.488
 9954.506
 9954.525
 9954.543
 9954.561
 9954.579
 9954.598
 9954.616
 9954.634
 9954.652
 9954.670
 9954.689
 9954.707
 9954.725
 9954.743
 9954.762
 9954.780
 9954.798
 9954.816
 9954.835
 9954.853
 9954.871
 9954.889
 9954.908
 9954.926
 9954.944
 9954.962
 9954.980
 9954.999
 9955.017
 9955.035
 9955.053
 9955.072
 9955.090
 9955.108
 9955.126
 9955.145
 9955.163
 9955.181
 9955.199
 9955.218
 9955.236
 9955.254
 9955.272
 9955.290
 9955.309
 9955.327
 9955.345
 9955.363
 9955.382
 9955.400
 9955.418
 9955.436
 9955.455
 9955.473
 9955.491
 9955.509
 9955.528
 9955.546
 9955.564
 9955.582
 9955.600
 9955.619
 9955.637
 9955.655
 9955.673
 9955.692
 9955.710
 9955.728
 9955.746
 9955.765
 9955.783
 9955.801
 9955.819
 9955.838
 9955.856
 9955.874
 9955.892
 9955.910
 9955.929
 9955.947
 9955.965
 9955.983
 9956.002
 9956.020
 9956.038
 9956.056
 9956.075
 9956.093
 9956.111
 9956.129
 9956.148
 9956.166
 9956.184
 9956.202
 9956.220
 9956.239
 9956.257
 9956.275
 9956.293
 9956.312
 9956.330
 9956.348
 9956.366
 9956.385
 9956.403
 9956.421
 9956.439
 9956.458
 9956.476
 9956.494
 9956.512
 9956.530
 9956.549
 9956.567
 9956.585
 9956.603
 9956.622
 9956.640
 9956.658
 9956.676
 9956.695
 9956.713
 9956.731
 9956.749
 9956.768
 9956.786
 9956.804
 9956.822
 9956.840
 9956.859
 9956.877
 9956.895
 9956.913
 9956.932
 9956.950
 9956.968
 9956.986
 9957.005
 9957.023
 9957.041
 9957.059
 9957.077
 9957.096
 9957.114
 9957.132
 9957.150
 9957.169
 9957.187
 9957.205
 9957.223
 9957.242
 9957.260
 9957.278
 9957.296
 9957.315
 9957.333
 9957.351
 9957.369
 9957.387
 9957.406
 9957.424
 9957.442
 9957.460
 9957.479
 9957.497
 9957.515
 9957.533
 9957.552
 9957.570
 9957.588
 9957.606
 9957.625
 9957.643
 9957.661
 9957.679
 9957.697
 9957.716
 9957.734
 9957.752
 9957.770
 9957.789
 9957.807
 9957.825
 9957.843
 9957.862
 9957.880
 9957.898
 9957.916
 9957.935
 9957.953
 9957.971
 9957.989
 9958.007
 9958.026
 9958.044
 9958.062
 9958.080
 9958.099
 9958.117
 9958.135
 9958.153
 9958.172
 9958.190
 9958.208
 9958.226
 9958.245
 9958.263
 9958.281
 9958.299
 9958.317
 9958.336
 9958.354
 9958.372
 9958.390
 9958.409
 9958.427
 9958.445
 9958.463
 9958.482
 9958.500
 9958.518
 9958.536
 9958.555
 9958.573
 9958.591
 9958.609
 9958.627
 9958.646
 9958.664
 9958.682
 9958.700
 9958.719
 9958.737
 9958.755
 9958.773
 9958.792
 9958.810
 9958.828
 9958.846
 9958.865
 9958.883
 9958.901
 9958.919
 9958.937
 9958.956
 9958.974
 9958.992
 9959.010
 9959.029
 9959.047
 9959.065
 9959.083
 9959.102
 9959.120
 9959.138
 9959.156
 9959.175
 9959.193
 9959.211
 9959.229
 9959.247
 9959.266
 9959.284
 9959.302
 9959.320
 9959.339
 9959.357
 9959.375
 9959.393
 9959.412
 9959.430
 9959.448
 9959.466
 9959.485
 9959.503
 9959.521
 9959.539
 9959.557
 9959.576
 9959.594
 9959.612
 9959.630
 9959.649
 9959.667
 9959.685
 9959.703
 9959.722
 9959.740
 9959.758
 9959.776
 9959.795
 9959.813
 9959.831
 9959.849
 9959.867
 9959.886
 9959.904
 9959.922
 9959.940
 9959.959
 9959.977
 9959.995
 9960.013
 9960.032
 9960.050
 9960.068
 9960.086
 9960.105
 9960.123
 9960.141
 9960.159
 9960.177
 9960.196
 9960.214
 9960.232
 9960.250
 9960.269
 9960.287
 9960.305
 9960.323
 9960.342
 9960.360
 9960.378
 9960.396
 9960.415
 9960.433
 9960.451
 9960.469
 9960.487
 9960.506
 9960.524
 9960.542
 9960.560
 9960.579
 9960.597
 9960.615
 9960.633
 9960.652
 9960.670
 9960.688
 9960.706
 9960.725
 9960.743
 9960.761
 9960.779
 9960.797
 9960.816
 9960.834
 9960.852
 9960.870
 9960.889
 9960.907
 9960.925
 9960.943
 9960.962
 9960.980
 9960.998
 9961.016
 9961.035
 9961.053
 9961.071
 9961.089
 9961.107
 9961.126
 9961.144
 9961.162
 9961.180
 9961.199
 9961.217
 9961.235
 9961.253
 9961.272
 9961.290
 9961.308
 9961.326
 9961.345
 9961.363
 9961.381
 9961.399
 9961.417
 9961.436
 9961.454
 9961.472
 9961.490
 9961.509
 9961.527
 9961.545
 9961.563
 9961.582
 9961.600
 9961.618
 9961.636
 9961.655
 9961.673
 9961.691
 9961.709
 9961.727
 9961.746
 9961.764
 9961.782
 9961.800
 9961.819
 9961.837
 9961.855
 9961.873
 9961.892
 9961.910
 9961.928
 9961.946
 9961.965
 9961.983
 9962.001
 9962.019
 9962.037
 9962.056
 9962.074
 9962.092
 9962.110
 9962.129
 9962.147
 9962.165
 9962.183
 9962.202
 9962.220
 9962.238
 9962.256
 9962.275
 9962.293
 9962.311
 9962.329
 9962.347
 9962.366
 9962.384
 9962.402
 9962.420
 9962.439
 9962.457
 9962.475
 9962.493
 9962.512
 9962.530
 9962.548
 9962.566
 9962.585
 9962.603
 9962.621
 9962.639
 9962.657
 9962.676
 9962.694
 9962.712
 9962.730
 9962.749
 9962.767
 9962.785
 9962.803
 9962.822
 9962.840
 9962.858
 9962.876
 9962.894
 9962.913
 9962.931
 9962.949
 9962.967
 9962.986
 9963.004
 9963.022
 9963.040
 9963.059
 9963.077
 9963.095
 9963.113
 9963.132
 9963.150
 9963.168
 9963.186
 9963.204
 9963.223
 9963.241
 9963.259
 9963.277
 9963.296
 9963.314
 9963.332
 9963.350
 9963.369
 9963.387
 9963.405
 9963.423
 9963.442
 9963.460
 9963.478
 9963.496
 9963.514
 9963.533
 9963.551
 9963.569
 9963.587
 9963.606
 9963.624
 9963.642
 9963.660
 9963.679
 9963.697
 9963.715
 9963.733
 9963.752
 9963.770
 9963.788
 9963.806
 9963.824
 9963.843
 9963.861
 9963.879
 9963.897
 9963.916
 9963.934
 9963.952
 9963.970
 9963.989
 9964.007
 9964.025
 9964.043
 9964.062
 9964.080
 9964.098
 9964.116
 9964.134
 9964.153
 9964.171
 9964.189
 9964.207
 9964.226
 9964.244
 9964.262
 9964.280
 9964.299
 9964.317
 9964.335
 9964.353
 9964.372
 9964.390
 9964.408
 9964.426
 9964.444
 9964.463
 9964.481
 9964.499
 9964.517
 9964.536
 9964.554
 9964.572
 9964.590
 9964.609
 9964.627
 9964.645
 9964.663
 9964.682
 9964.700
 9964.718
 9964.736
 9964.754
 9964.773
 9964.791
 9964.809
 9964.827
 9964.846
 9964.864
 9964.882
 9964.900
 9964.919
 9964.937
 9964.955
 9964.973
 9964.992
 9965.010
 9965.028
 9965.046
 9965.064
 9965.083
 9965.101
 9965.119
 9965.137
 9965.156
 9965.174
 9965.192
 9965.210
 9965.229
 9965.247
 9965.265
 9965.283
 9965.302
 9965.320
 9965.338
 9965.356
 9965.374
 9965.393
 9965.411
 9965.429
 9965.447
 9965.466
 9965.484
 9965.502
 9965.520
 9965.539
 9965.557
 9965.575
 9965.593
 9965.612
 9965.630
 9965.648
 9965.666
 9965.684
 9965.703
 9965.721
 9965.739
 9965.757
 9965.776
 9965.794
 9965.812
 9965.830
 9965.849
 9965.867
 9965.885
 9965.903
 9965.922
 9965.940
 9965.958
 9965.976
 9965.994
 9966.013
 9966.031
 9966.049
 9966.067
 9966.086
 9966.104
 9966.122
 9966.140
 9966.159
 9966.177
 9966.195
 9966.213
 9966.232
 9966.250
 9966.268
 9966.286
 9966.304
 9966.323
 9966.341
 9966.359
 9966.377
 9966.396
 9966.414
 9966.432
 9966.450
 9966.469
 9966.487
 9966.505
 9966.523
 9966.542
 9966.560
 9966.578
 9966.596
 9966.614
 9966.633
 9966.651
 9966.669
 9966.687
 9966.706
 9966.724
 9966.742
 9966.760
 9966.779
 9966.797
 9966.815
 9966.833
 9966.852
 9966.870
 9966.888
 9966.906
 9966.924
 9966.943
 9966.961
 9966.979
 9966.997
 9967.016
 9967.034
 9967.052
 9967.070
 9967.089
 9967.107
 9967.125
 9967.143
 9967.162
 9967.180
 9967.198
 9967.216
 9967.234
 9967.253
 9967.271
 9967.289
 9967.307
 9967.326
 9967.344
 9967.362
 9967.380
 9967.399
 9967.417
 9967.435
 9967.453
 9967.472
 9967.490
 9967.508
 9967.526
 9967.544
 9967.563
 9967.581
 9967.599
 9967.617
 9967.636
 9967.654
 9967.672
 9967.690
 9967.709
 9967.727
 9967.745
 9967.763
 9967.782
 9967.800
 9967.818
 9967.836
 9967.854
 9967.873
 9967.891
 9967.909
 9967.927
 9967.946
 9967.964
 9967.982
 9968.000
 9968.019
 9968.037
 9968.055
 9968.073
 9968.092
 9968.110
 9968.128
 9968.146
 9968.164
 9968.183
 9968.201
 9968.219
 9968.237
 9968.256
 9968.274
 9968.292
 9968.310
 9968.329
 9968.347
 9968.365
 9968.383
 9968.401
 9968.420
 9968.438
 9968.456
 9968.474
 9968.493
 9968.511
 9968.529
 9968.547
 9968.566
 9968.584
 9968.602
 9968.620
 9968.639
 9968.657
 9968.675
 9968.693
 9968.711
 9968.730
 9968.748
 9968.766
 9968.784
 9968.803
 9968.821
 9968.839
 9968.857
 9968.876
 9968.894
 9968.912
 9968.930
 9968.949
 9968.967
 9968.985
 9969.003
 9969.021
 9969.040
 9969.058
 9969.076
 9969.094
 9969.113
 9969.131
 9969.149
 9969.167
 9969.186
 9969.204
 9969.222
 9969.240
 9969.259
 9969.277
 9969.295
 9969.313
 9969.331
 9969.350
 9969.368
 9969.386
 9969.404
 9969.423
 9969.441
 9969.459
 9969.477
 9969.496
 9969.514
 9969.532
 9969.550
 9969.569
 9969.587
 9969.605
 9969.623
 9969.641
 9969.660
 9969.678
 9969.696
 9969.714
 9969.733
 9969.751
 9969.769
 9969.787
 9969.806
 9969.824
 9969.842
 9969.860
 9969.879
 9969.897
 9969.915
 9969.933
 9969.951
 9969.970
 9969.988
 9970.006
 9970.024
 9970.043
 9970.061
 9970.079
 9970.097
 9970.116
 9970.134
 9970.152
 9970.170
 9970.189
 9970.207
 9970.225
 9970.243
 9970.261
 9970.280
 9970.298
 9970.316
 9970.334
 9970.353
 9970.371
 9970.389
 9970.407
 9970.426
 9970.444
 9970.462
 9970.480
 9970.499
 9970.517
 9970.535
 9970.553
 9970.571
 9970.590
 9970.608
 9970.626
 9970.644
 9970.663
 9970.681
 9970.699
 9970.717
 9970.736
 9970.754
 9970.772
 9970.790
 9970.809
 9970.827
 9970.845
 9970.863
 9970.881
 9970.900
 9970.918
 9970.936
 9970.954
 9970.973
 9970.991
 9971.009
 9971.027
 9971.046
 9971.064
 9971.082
 9971.100
 9971.119
 9971.137
 9971.155
 9971.173
 9971.191
 9971.210
 9971.228
 9971.246
 9971.264
 9971.283
 9971.301
 9971.319
 9971.337
 9971.356
 9971.374
 9971.392
 9971.410
 9971.429
 9971.447
 9971.465
 9971.483
 9971.501
 9971.520
 9971.538
 9971.556
 9971.574
 9971.593
 9971.611
 9971.629
 9971.647
 9971.666
 9971.684
 9971.702
 9971.720
 9971.739
 9971.757
 9971.775
 9971.793
 9971.811
 9971.830
 9971.848
 9971.866
 9971.884
 9971.903
 9971.921
 9971.939
 9971.957
 9971.976
 9971.994
 9972.012
 9972.030
 9972.049
 9972.067
 9972.085
 9972.103
 9972.121
 9972.140
 9972.158
 9972.176
 9972.194
 9972.213
 9972.231
 9972.249
 9972.267
 9972.286
 9972.304
 9972.322
 9972.340
 9972.359
 9972.377
 9972.395
 9972.413
 9972.431
 9972.450
 9972.468
 9972.486
 9972.504
 9972.523
 9972.541
 9972.559
 9972.577
 9972.596
 9972.614
 9972.632
 9972.650
 9972.669
 9972.687
 9972.705
 9972.723
 9972.741
 9972.760
 9972.778
 9972.796
 9972.814
 9972.833
 9972.851
 9972.869
 9972.887
 9972.906
 9972.924
 9972.942
 9972.960
 9972.979
 9972.997
 9973.015
 9973.033
 9973.051
 9973.070
 9973.088
 9973.106
 9973.124
 9973.143
 9973.161
 9973.179
 9973.197
 9973.216
 9973.234
 9973.252
 9973.270
 9973.289
 9973.307
 9973.325
 9973.343
 9973.361
 9973.380
 9973.398
 9973.416
 9973.434
 9973.453
 9973.471
 9973.489
 9973.507
 9973.526
 9973.544
 9973.562
 9973.580
 9973.599
 9973.617
 9973.635
 9973.653
 9973.671
 9973.690
 9973.708
 9973.726
 9973.744
 9973.763
 9973.781
 9973.799
 9973.817
 9973.836
 9973.854
 9973.872
 9973.890
 9973.908
 9973.927
 9973.945
 9973.963
 9973.981
 9974.000
 9974.018
 9974.036
 9974.054
 9974.073
 9974.091
 9974.109
 9974.127
 9974.146
 9974.164
 9974.182
 9974.200
 9974.218
 9974.237
 9974.255
 9974.273
 9974.291
 9974.310
 9974.328
 9974.346
 9974.364
 9974.383
 9974.401
 9974.419
 9974.437
 9974.456
 9974.474
 9974.492
 9974.510
 9974.528
 9974.547
 9974.565
 9974.583
 9974.601
 9974.620
 9974.638
 9974.656
 9974.674
 9974.693
 9974.711
 9974.729
 9974.747
 9974.766
 9974.784
 9974.802
 9974.820
 9974.838
 9974.857
 9974.875
 9974.893
 9974.911
 9974.930
 9974.948
 9974.966
 9974.984
 9975.003
 9975.021
 9975.039
 9975.057
 9975.076
 9975.094
 9975.112
 9975.130
 9975.148
 9975.167
 9975.185
 9975.203
 9975.221
 9975.240
 9975.258
 9975.276
 9975.294
 9975.313
 9975.331
 9975.349
 9975.367
 9975.386
 9975.404
 9975.422
 9975.440
 9975.458
 9975.477
 9975.495
 9975.513
 9975.531
 9975.550
 9975.568
 9975.586
 9975.604
 9975.623
 9975.641
 9975.659
 9975.677
 9975.696
 9975.714
 9975.732
 9975.750
 9975.768
 9975.787
 9975.805
 9975.823
 9975.841
 9975.860
 9975.878
 9975.896
 9975.914
 9975.933
 9975.951
 9975.969
 9975.987
 9976.006
 9976.024
 9976.042
 9976.060
 9976.078
 9976.097
 9976.115
 9976.133
 9976.151
 9976.170
 9976.188
 9976.206
 9976.224
 9976.243
 9976.261
 9976.279
 9976.297
 9976.316
 9976.334
 9976.352
 9976.370
 9976.388
 9976.407
 9976.425
 9976.443
 9976.461
 9976.480
 9976.498
 9976.516
 9976.534
 9976.553
 9976.571
 9976.589
 9976.607
 9976.626
 9976.644
 9976.662
 9976.680
 9976.698
 9976.717
 9976.735
 9976.753
 9976.771
 9976.790
 9976.808
 9976.826
 9976.844
 9976.863
 9976.881
 9976.899
 9976.917
 9976.936
 9976.954
 9976.972
 9976.990
 9977.008
 9977.027
 9977.045
 9977.063
 9977.081
 9977.100
 9977.118
 9977.136
 9977.154
 9977.173
 9977.191
 9977.209
 9977.227
 9977.246
 9977.264
 9977.282
 9977.300
 9977.318
 9977.337
 9977.355
 9977.373
 9977.391
 9977.410
 9977.428
 9977.446
 9977.464
 9977.483
 9977.501
 9977.519
 9977.537
 9977.556
 9977.574
 9977.592
 9977.610
 9977.628
 9977.647
 9977.665
 9977.683
 9977.701
 9977.720
 9977.738
 9977.756
 9977.774
 9977.793
 9977.811
 9977.829
 9977.847
 9977.866
 9977.884
 9977.902
 9977.920
 9977.938
 9977.957
 9977.975
 9977.993
 9978.011
 9978.030
 9978.048
 9978.066
 9978.084
 9978.103
 9978.121
 9978.139
 9978.157
 9978.176
 9978.194
 9978.212
 9978.230
 9978.248
 9978.267
 9978.285
 9978.303
 9978.321
 9978.340
 9978.358
 9978.376
 9978.394
 9978.413
 9978.431
 9978.449
 9978.467
 9978.486
 9978.504
 9978.522
 9978.540
 9978.558
 9978.577
 9978.595
 9978.613
 9978.631
 9978.650
 9978.668
 9978.686
 9978.704
 9978.723
 9978.741
 9978.759
 9978.777
 9978.796
 9978.814
 9978.832
 9978.850
 9978.868
 9978.887
 9978.905
 9978.923
 9978.941
 9978.960
 9978.978
 9978.996
 9979.014
 9979.033
 9979.051
 9979.069
 9979.087
 9979.106
 9979.124
 9979.142
 9979.160
 9979.178
 9979.197
 9979.215
 9979.233
 9979.251
 9979.270
 9979.288
 9979.306
 9979.324
 9979.343
 9979.361
 9979.379
 9979.397
 9979.415
 9979.434
 9979.452
 9979.470
 9979.488
 9979.507
 9979.525
 9979.543
 9979.561
 9979.580
 9979.598
 9979.616
 9979.634
 9979.653
 9979.671
 9979.689
 9979.707
 9979.725
 9979.744
 9979.762
 9979.780
 9979.798
 9979.817
 9979.835
 9979.853
 9979.871
 9979.890
 9979.908
 9979.926
 9979.944
 9979.963
 9979.981
 9979.999
 9980.017
 9980.035
 9980.054
 9980.072
 9980.090
 9980.108
 9980.127
 9980.145
 9980.163
 9980.181
 9980.200
 9980.218
 9980.236
 9980.254
 9980.273
 9980.291
 9980.309
 9980.327
 9980.345
 9980.364
 9980.382
 9980.400
 9980.418
 9980.437
 9980.455
 9980.473
 9980.491
 9980.510
 9980.528
 9980.546
 9980.564
 9980.583
 9980.601
 9980.619
 9980.637
 9980.655
 9980.674
 9980.692
 9980.710
 9980.728
 9980.747
 9980.765
 9980.783
 9980.801
 9980.820
 9980.838
 9980.856
 9980.874
 9980.893
 9980.911
 9980.929
 9980.947
 9980.965
 9980.984
 9981.002
 9981.020
 9981.038
 9981.057
 9981.075
 9981.093
 9981.111
 9981.130
 9981.148
 9981.166
 9981.184
 9981.203
 9981.221
 9981.239
 9981.257
 9981.275
 9981.294
 9981.312
 9981.330
 9981.348
 9981.367
 9981.385
 9981.403
 9981.421
 9981.440
 9981.458
 9981.476
 9981.494
 9981.513
 9981.531
 9981.549
 9981.567
 9981.585
 9981.604
 9981.622
 9981.640
 9981.658
 9981.677
 9981.695
 9981.713
 9981.731
 9981.750
 9981.768
 9981.786
 9981.804
 9981.823
 9981.841
 9981.859
 9981.877
 9981.895
 9981.914
 9981.932
 9981.950
 9981.968
 9981.987
 9982.005
 9982.023
 9982.041
 9982.060
 9982.078
 9982.096
 9982.114
 9982.133
 9982.151
 9982.169
 9982.187
 9982.205
 9982.224
 9982.242
 9982.260
 9982.278
 9982.297
 9982.315
 9982.333
 9982.351
 9982.370
 9982.388
 9982.406
 9982.424
 9982.443
 9982.461
 9982.479
 9982.497
 9982.515
 9982.534
 9982.552
 9982.570
 9982.588
 9982.607
 9982.625
 9982.643
 9982.661
 9982.680
 9982.698
 9982.716
 9982.734
 9982.753
 9982.771
 9982.789
 9982.807
 9982.825
 9982.844
 9982.862
 9982.880
 9982.898
 9982.917
 9982.935
 9982.953
 9982.971
 9982.990
 9983.008
 9983.026
 9983.044
 9983.063
 9983.081
 9983.099
 9983.117
 9983.135
 9983.154
 9983.172
 9983.190
 9983.208
 9983.227
 9983.245
 9983.263
 9983.281
 9983.300
 9983.318
 9983.336
 9983.354
 9983.373
 9983.391
 9983.409
 9983.427
 9983.445
 9983.464
 9983.482
 9983.500
 9983.518
 9983.537
 9983.555
 9983.573
 9983.591
 9983.610
 9983.628
 9983.646
 9983.664
 9983.683
 9983.701
 9983.719
 9983.737
 9983.755
 9983.774
 9983.792
 9983.810
 9983.828
 9983.847
 9983.865
 9983.883
 9983.901
 9983.920
 9983.938
 9983.956
 9983.974
 9983.993
 9984.011
 9984.029
 9984.047
 9984.065
 9984.084
 9984.102
 9984.120
 9984.138
 9984.157
 9984.175
 9984.193
 9984.211
 9984.230
 9984.248
 9984.266
 9984.284
 9984.303
 9984.321
 9984.339
 9984.357
 9984.375
 9984.394
 9984.412
 9984.430
 9984.448
 9984.467
 9984.485
 9984.503
 9984.521
 9984.540
 9984.558
 9984.576
 9984.594
 9984.613
 9984.631
 9984.649
 9984.667
 9984.685
 9984.704
 9984.722
 9984.740
 9984.758
 9984.777
 9984.795
 9984.813
 9984.831
 9984.850
 9984.868
 9984.886
 9984.904
 9984.923
 9984.941
 9984.959
 9984.977
 9984.995
 9985.014
 9985.032
 9985.050
 9985.068
 9985.087
 9985.105
 9985.123
 9985.141
 9985.160
 9985.178
 9985.196
 9985.214
 9985.232
 9985.251
 9985.269
 9985.287
 9985.305
 9985.324
 9985.342
 9985.360
 9985.378
 9985.397
 9985.415
 9985.433
 9985.451
 9985.470
 9985.488
 9985.506
 9985.524
 9985.542
 9985.561
 9985.579
 9985.597
 9985.615
 9985.634
 9985.652
 9985.670
 9985.688
 9985.707
 9985.725
 9985.743
 9985.761
 9985.780
 9985.798
 9985.816
 9985.834
 9985.852
 9985.871
 9985.889
 9985.907
 9985.925
 9985.944
 9985.962
 9985.980
 9985.998
 9986.017
 9986.035
 9986.053
 9986.071
 9986.090
 9986.108
 9986.126
 9986.144
 9986.162
 9986.181
 9986.199
 9986.217
 9986.235
 9986.254
 9986.272
 9986.290
 9986.308
 9986.327
 9986.345
 9986.363
 9986.381
 9986.400
 9986.418
 9986.436
 9986.454
 9986.472
 9986.491
 9986.509
 9986.527
 9986.545
 9986.564
 9986.582
 9986.600
 9986.618
 9986.637
 9986.655
 9986.673
 9986.691
 9986.710
 9986.728
 9986.746
 9986.764
 9986.782
 9986.801
 9986.819
 9986.837
 9986.855
 9986.874
 9986.892
 9986.910
 9986.928
 9986.947
 9986.965
 9986.983
 9987.001
 9987.020
 9987.038
 9987.056
 9987.074
 9987.092
 9987.111
 9987.129
 9987.147
 9987.165
 9987.184
 9987.202
 9987.220
 9987.238
 9987.257
 9987.275
 9987.293
 9987.311
 9987.330
 9987.348
 9987.366
 9987.384
 9987.402
 9987.421
 9987.439
 9987.457
 9987.475
 9987.494
 9987.512
 9987.530
 9987.548
 9987.567
 9987.585
 9987.603
 9987.621
 9987.640
 9987.658
 9987.676
 9987.694
 9987.712
 9987.731
 9987.749
 9987.767
 9987.785
 9987.804
 9987.822
 9987.840
 9987.858
 9987.877
 9987.895
 9987.913
 9987.931
 9987.950
 9987.968
 9987.986
 9988.004
 9988.022
 9988.041
 9988.059
 9988.077
 9988.095
 9988.114
 9988.132
 9988.150
 9988.168
 9988.187
 9988.205
 9988.223
 9988.241
 9988.260
 9988.278
 9988.296
 9988.314
 9988.332
 9988.351
 9988.369
 9988.387
 9988.405
 9988.424
 9988.442
 9988.460
 9988.478
 9988.497
 9988.515
 9988.533
 9988.551
 9988.570
 9988.588
 9988.606
 9988.624
 9988.642
 9988.661
 9988.679
 9988.697
 9988.715
 9988.734
 9988.752
 9988.770
 9988.788
 9988.807
 9988.825
 9988.843
 9988.861
 9988.880
 9988.898
 9988.916
 9988.934
 9988.952
 9988.971
 9988.989
 9989.007
 9989.025
 9989.044
 9989.062
 9989.080
 9989.098
 9989.117
 9989.135
 9989.153
 9989.171
 9989.190
 9989.208
 9989.226
 9989.244
 9989.262
 9989.281
 9989.299
 9989.317
 9989.335
 9989.354
 9989.372
 9989.390
 9989.408
 9989.427
 9989.445
 9989.463
 9989.481
 9989.500
 9989.518
 9989.536
 9989.554
 9989.572
 9989.591
 9989.609
 9989.627
 9989.645
 9989.664
 9989.682
 9989.700
 9989.718
 9989.737
 9989.755
 9989.773
 9989.791
 9989.810
 9989.828
 9989.846
 9989.864
 9989.882
 9989.901
 9989.919
 9989.937
 9989.955
 9989.974
 9989.992
 9990.010
 9990.028
 9990.047
 9990.065
 9990.083
 9990.101
 9990.120
 9990.138
 9990.156
 9990.174
 9990.192
 9990.211
 9990.229
 9990.247
 9990.265
 9990.284
 9990.302
 9990.320
 9990.338
 9990.357
 9990.375
 9990.393
 9990.411
 9990.430
 9990.448
 9990.466
 9990.484
 9990.502
 9990.521
 9990.539
 9990.557
 9990.575
 9990.594
 9990.612
 9990.630
 9990.648
 9990.667
 9990.685
 9990.703
 9990.721
 9990.739
 9990.758
 9990.776
 9990.794
 9990.812
 9990.831
 9990.849
 9990.867
 9990.885
 9990.904
 9990.922
 9990.940
 9990.958
 9990.977
 9990.995
 9991.013
 9991.031
 9991.049
 9991.068
 9991.086
 9991.104
 9991.122
 9991.141
 9991.159
 9991.177
 9991.195
 9991.214
 9991.232
 9991.250
 9991.268
 9991.287
 9991.305
 9991.323
 9991.341
 9991.359
 9991.378
 9991.396
 9991.414
 9991.432
 9991.451
 9991.469
 9991.487
 9991.505
 9991.524
 9991.542
 9991.560
 9991.578
 9991.597
 9991.615
 9991.633
 9991.651
 9991.669
 9991.688
 9991.706
 9991.724
 9991.742
 9991.761
 9991.779
 9991.797
 9991.815
 9991.834
 9991.852
 9991.870
 9991.888
 9991.907
 9991.925
 9991.943
 9991.961
 9991.979
 9991.998
 9992.016
 9992.034
 9992.052
 9992.071
 9992.089
 9992.107
 9992.125
 9992.144
 9992.162
 9992.180
 9992.198
 9992.217
 9992.235
 9992.253
 9992.271
 9992.289
 9992.308
 9992.326
 9992.344
 9992.362
 9992.381
 9992.399
 9992.417
 9992.435
 9992.454
 9992.472
 9992.490
 9992.508
 9992.527
 9992.545
 9992.563
 9992.581
 9992.599
 9992.618
 9992.636
 9992.654
 9992.672
 9992.691
 9992.709
 9992.727
 9992.745
 9992.764
 9992.782
 9992.800
 9992.818
 9992.837
 9992.855
 9992.873
 9992.891
 9992.909
 9992.928
 9992.946
 9992.964
 9992.982
 9993.001
 9993.019
 9993.037
 9993.055
 9993.074
 9993.092
 9993.110
 9993.128
 9993.147
 9993.165
 9993.183
 9993.201
 9993.219
 9993.238
 9993.256
 9993.274
 9993.292
 9993.311
 9993.329
 9993.347
 9993.365
 9993.384
 9993.402
 9993.420
 9993.438
 9993.457
 9993.475
 9993.493
 9993.511
 9993.529
 9993.548
 9993.566
 9993.584
 9993.602
 9993.621
 9993.639
 9993.657
 9993.675
 9993.694
 9993.712
 9993.730
 9993.748
 9993.767
 9993.785
 9993.803
 9993.821
 9993.839
 9993.858
 9993.876
 9993.894
 9993.912
 9993.931
 9993.949
 9993.967
 9993.985
 9994.004
 9994.022
 9994.040
 9994.058
 9994.077
 9994.095
 9994.113
 9994.131
 9994.149
 9994.168
 9994.186
 9994.204
 9994.222
 9994.241
 9994.259
 9994.277
 9994.295
 9994.314
 9994.332
 9994.350
 9994.368
 9994.387
 9994.405
 9994.423
 9994.441
 9994.459
 9994.478
 9994.496
 9994.514
 9994.532
 9994.551
 9994.569
 9994.587
 9994.605
 9994.624
 9994.642
 9994.660
 9994.678
 9994.697
 9994.715
 9994.733
 9994.751
 9994.769
 9994.788
 9994.806
 9994.824
 9994.842
 9994.861
 9994.879
 9994.897
 9994.915
 9994.934
 9994.952
 9994.970
 9994.988
 9995.007
 9995.025
 9995.043
 9995.061
 9995.079
 9995.098
 9995.116
 9995.134
 9995.152
 9995.171
 9995.189
 9995.207
 9995.225
 9995.244
 9995.262
 9995.280
 9995.298
 9995.317
 9995.335
 9995.353
 9995.371
 9995.389
 9995.408
 9995.426
 9995.444
 9995.462
 9995.481
 9995.499
 9995.517
 9995.535
 9995.554
 9995.572
 9995.590
 9995.608
 9995.627
 9995.645
 9995.663
 9995.681
 9995.699
 9995.718
 9995.736
 9995.754
 9995.772
 9995.791
 9995.809
 9995.827
 9995.845
 9995.864
 9995.882
 9995.900
 9995.918
 9995.937
 9995.955
 9995.973
 9995.991
 9996.009
 9996.028
 9996.046
 9996.064
 9996.082
 9996.101
 9996.119
 9996.137
 9996.155
 9996.174
 9996.192
 9996.210
 9996.228
 9996.246
 9996.265
 9996.283
 9996.301
 9996.319
 9996.338
 9996.356
 9996.374
 9996.392
 9996.411
 9996.429
 9996.447
 9996.465
 9996.484
 9996.502
 9996.520
 9996.538
 9996.556
 9996.575
 9996.593
 9996.611
 9996.629
 9996.648
 9996.666
 9996.684
 9996.702
 9996.721
 9996.739
 9996.757
 9996.775
 9996.794
 9996.812
 9996.830
 9996.848
 9996.866
 9996.885
 9996.903
 9996.921
 9996.939
 9996.958
 9996.976
 9996.994
 9997.012
 9997.031
 9997.049
 9997.067
 9997.085
 9997.104
 9997.122
 9997.140
 9997.158
 9997.176
 9997.195
 9997.213
 9997.231
 9997.249
 9997.268
 9997.286
 9997.304
 9997.322
 9997.341
 9997.359
 9997.377
 9997.395
 9997.414
 9997.432
 9997.450
 9997.468
 9997.486
 9997.505
 9997.523
 9997.541
 9997.559
 9997.578
 9997.596
 9997.614
 9997.632
 9997.651
 9997.669
 9997.687
 9997.705
 9997.724
 9997.742
 9997.760
 9997.778
 9997.796
 9997.815
 9997.833
 9997.851
 9997.869
 9997.888
 9997.906
 9997.924
 9997.942
 9997.961
 9997.979
 9997.997
 9998.015
 9998.034
 9998.052
 9998.070
 9998.088
 9998.106
 9998.125
 9998.143
 9998.161
 9998.179
 9998.198
 9998.216
 9998.234
 9998.252
 9998.271
 9998.289
 9998.307
 9998.325
 9998.344
 9998.362
 9998.380
 9998.398
 9998.416
 9998.435
 9998.453
 9998.471
 9998.489
 9998.508
 9998.526
 9998.544
 9998.562
 9998.581
 9998.599
 9998.617
 9998.635
 9998.654
 9998.672
 9998.690
 9998.708
 9998.726
 9998.745
 9998.763
 9998.781
 9998.799
 9998.818
 9998.836
 9998.854
 9998.872
 9998.891
 9998.909
 9998.927
 9998.945
 9998.964
 9998.982
 9999.000
