10924.008
10924.030
10924.051
10924.073
10924.095
10924.117
10924.139
10924.160
10924.182
10924.204
10924.226
10924.248
10924.269
10924.291
10924.313
10924.335
10924.357
10924.379
10924.400
10924.422
10924.444
10924.466
10924.488
10924.509
10924.531
10924.553
10924.575
10924.597
10924.618
10924.640
10924.662
10924.684
10924.706
10924.727
10924.749
10924.771
10924.793
10924.815
10924.837
10924.858
10924.880
10924.902
10924.924
10924.946
10924.967
10924.989
10925.011
10925.033
10925.055
10925.076
10925.098
10925.120
10925.142
10925.164
10925.186
10925.207
10925.229
10925.251
10925.273
10925.295
10925.316
10925.338
10925.360
10925.382
10925.404
10925.425
10925.447
10925.469
10925.491
10925.513
10925.535
10925.556
10925.578
10925.600
10925.622
10925.644
10925.665
10925.687
10925.709
10925.731
10925.753
10925.774
10925.796
10925.818
10925.840
10925.862
10925.883
10925.905
10925.927
10925.949
10925.971
10925.993
10926.014
10926.036
10926.058
10926.080
10926.102
10926.123
10926.145
10926.167
10926.189
10926.211
10926.232
10926.254
10926.276
10926.298
10926.320
10926.342
10926.363
10926.385
10926.407
10926.429
10926.451
10926.472
10926.494
10926.516
10926.538
10926.560
10926.581
10926.603
10926.625
10926.647
10926.669
10926.690
10926.712
10926.734
10926.756
10926.778
10926.800
10926.821
10926.843
10926.865
10926.887
10926.909
10926.930
10926.952
10926.974
10926.996
10927.018
10927.039
10927.061
10927.083
10927.105
10927.127
10927.149
10927.170
10927.192
10927.214
10927.236
10927.258
10927.279
10927.301
10927.323
10927.345
10927.367
10927.388
10927.410
10927.432
10927.454
10927.476
10927.498
10927.519
10927.541
10927.563
10927.585
10927.607
10927.628
10927.650
10927.672
10927.694
10927.716
10927.737
10927.759
10927.781
10927.803
10927.825
10927.846
10927.868
10927.890
10927.912
10927.934
10927.956
10927.977
10927.999
10928.021
10928.043
10928.065
10928.086
10928.108
10928.130
10928.152
10928.174
10928.195
10928.217
10928.239
10928.261
10928.283
10928.305
10928.326
10928.348
10928.370
10928.392
10928.414
10928.435
10928.457
10928.479
10928.501
10928.523
10928.544
10928.566
10928.588
10928.610
10928.632
10928.653
10928.675
10928.697
10928.719
10928.741
10928.763
10928.784
10928.806
10928.828
10928.850
10928.872
10928.893
10928.915
10928.937
10928.959
10928.981
10929.002
10929.024
10929.046
10929.068
10929.090
10929.112
10929.133
10929.155
10929.177
10929.199
10929.221
10929.242
10929.264
10929.286
10929.308
10929.330
10929.351
10929.373
10929.395
10929.417
10929.439
10929.460
10929.482
10929.504
10929.526
10929.548
10929.570
10929.591
10929.613
10929.635
10929.657
10929.679
10929.700
10929.722
10929.744
10929.766
10929.788
10929.809
10929.831
10929.853
10929.875
10929.897
10929.919
10929.940
10929.962
10929.984
10930.006
10930.028
10930.049
10930.071
10930.093
10930.115
10930.137
10930.158
10930.180
10930.202
10930.224
10930.246
10930.268
10930.289
10930.311
10930.333
10930.355
10930.377
10930.398
10930.420
10930.442
10930.464
10930.486
10930.507
10930.529
10930.551
10930.573
10930.595
10930.616
10930.638
10930.660
10930.682
10930.704
10930.726
10930.747
10930.769
10930.791
10930.813
10930.835
10930.856
10930.878
10930.900
10930.922
10930.944
10930.965
10930.987
10931.009
10931.031
10931.053
10931.075
10931.096
10931.118
10931.140
10931.162
10931.184
10931.205
10931.227
10931.249
10931.271
10931.293
10931.314
10931.336
10931.358
10931.380
10931.402
10931.423
10931.445
10931.467
10931.489
10931.511
10931.533
10931.554
10931.576
10931.598
10931.620
10931.642
10931.663
10931.685
10931.707
10931.729
10931.751
10931.772
10931.794
10931.816
10931.838
10931.860
10931.882
10931.903
10931.925
10931.947
10931.969
10931.991
10932.012
10932.034
10932.056
10932.078
10932.100
10932.121
10932.143
10932.165
10932.187
10932.209
10932.231
10932.252
10932.274
10932.296
10932.318
10932.340
10932.361
10932.383
10932.405
10932.427
10932.449
10932.470
10932.492
10932.514
10932.536
10932.558
10932.579
10932.601
10932.623
10932.645
10932.667
10932.689
10932.710
10932.732
10932.754
10932.776
10932.798
10932.819
10932.841
10932.863
10932.885
10932.907
10932.928
10932.950
10932.972
10932.994
10933.016
10933.038
10933.059
10933.081
10933.103
10933.125
10933.147
10933.168
10933.190
10933.212
10933.234
10933.256
10933.277
10933.299
10933.321
10933.343
10933.365
10933.386
10933.408
10933.430
10933.452
10933.474
10933.496
10933.517
10933.539
10933.561
10933.583
10933.605
10933.626
10933.648
10933.670
10933.692
10933.714
10933.735
10933.757
10933.779
10933.801
10933.823
10933.845
10933.866
10933.888
10933.910
10933.932
10933.954
10933.975
10933.997
10934.019
10934.041
10934.063
10934.084
10934.106
10934.128
10934.150
10934.172
10934.194
10934.215
10934.237
10934.259
10934.281
10934.303
10934.324
10934.346
10934.368
10934.390
10934.412
10934.433
10934.455
10934.477
10934.499
10934.521
10934.542
10934.564
10934.586
10934.608
10934.630
10934.652
10934.673
10934.695
10934.717
10934.739
10934.761
10934.782
10934.804
10934.826
10934.848
10934.870
10934.891
10934.913
10934.935
10934.957
10934.979
10935.001
10935.022
10935.044
10935.066
10935.088
10935.110
10935.131
10935.153
10935.175
10935.197
10935.219
10935.240
10935.262
10935.284
10935.306
10935.328
10935.349
10935.371
10935.393
10935.415
10935.437
10935.459
10935.480
10935.502
10935.524
10935.546
10935.568
10935.589
10935.611
10935.633
10935.655
10935.677
10935.698
10935.720
10935.742
10935.764
10935.786
10935.808
10935.829
10935.851
10935.873
10935.895
10935.917
10935.938
10935.960
10935.982
10936.004
10936.026
10936.047
10936.069
10936.091
10936.113
10936.135
10936.157
10936.178
10936.200
10936.222
10936.244
10936.266
10936.287
10936.309
10936.331
10936.353
10936.375
10936.396
10936.418
10936.440
10936.462
10936.484
10936.505
10936.527
10936.549
10936.571
10936.593
10936.615
10936.636
10936.658
10936.680
10936.702
10936.724
10936.745
10936.767
10936.789
10936.811
10936.833
10936.854
10936.876
10936.898
10936.920
10936.942
10936.964
10936.985
10937.007
10937.029
10937.051
10937.073
10937.094
10937.116
10937.138
10937.160
10937.182
10937.203
10937.225
10937.247
10937.269
10937.291
10937.312
10937.334
10937.356
10937.378
10937.400
10937.422
10937.443
10937.465
10937.487
10937.509
10937.531
10937.552
10937.574
10937.596
10937.618
10937.640
10937.661
10937.683
10937.705
10937.727
10937.749
10937.771
10937.792
10937.814
10937.836
10937.858
10937.880
10937.901
10937.923
10937.945
10937.967
10937.989
10938.010
10938.032
10938.054
10938.076
10938.098
10938.119
10938.141
10938.163
10938.185
10938.207
10938.229
10938.250
10938.272
10938.294
10938.316
10938.338
10938.359
10938.381
10938.403
10938.425
10938.447
10938.468
10938.490
10938.512
10938.534
10938.556
10938.578
10938.599
10938.621
10938.643
10938.665
10938.687
10938.708
10938.730
10938.752
10938.774
10938.796
10938.817
10938.839
10938.861
10938.883
10938.905
10938.927
10938.948
10938.970
10938.992
10939.014
10939.036
10939.057
10939.079
10939.101
10939.123
10939.145
10939.166
10939.188
10939.210
10939.232
10939.254
10939.275
10939.297
10939.319
10939.341
10939.363
10939.385
10939.406
10939.428
10939.450
10939.472
10939.494
10939.515
10939.537
10939.559
10939.581
10939.603
10939.624
10939.646
10939.668
10939.690
10939.712
10939.734
10939.755
10939.777
10939.799
10939.821
10939.843
10939.864
10939.886
10939.908
10939.930
10939.952
10939.973
10939.995
10940.017
10940.039
10940.061
10940.082
10940.104
10940.126
10940.148
10940.170
10940.192
10940.213
10940.235
10940.257
10940.279
10940.301
10940.322
10940.344
10940.366
10940.388
10940.410
10940.431
10940.453
10940.475
10940.497
10940.519
10940.541
10940.562
10940.584
10940.606
10940.628
10940.650
10940.671
10940.693
10940.715
10940.737
10940.759
10940.780
10940.802
10940.824
10940.846
10940.868
10940.890
10940.911
10940.933
10940.955
10940.977
10940.999
10941.020
10941.042
10941.064
10941.086
10941.108
10941.129
10941.151
10941.173
10941.195
10941.217
10941.238
10941.260
10941.282
10941.304
10941.326
10941.348
10941.369
10941.391
10941.413
10941.435
10941.457
10941.478
10941.500
10941.522
10941.544
10941.566
10941.587
10941.609
10941.631
10941.653
10941.675
10941.697
10941.718
10941.740
10941.762
10941.784
10941.806
10941.827
10941.849
10941.871
10941.893
10941.915
10941.936
10941.958
10941.980
10942.002
10942.024
10942.045
10942.067
10942.089
10942.111
10942.133
10942.155
10942.176
10942.198
10942.220
10942.242
10942.264
10942.285
10942.307
10942.329
10942.351
10942.373
10942.394
10942.416
10942.438
10942.460
10942.482
10942.504
10942.525
10942.547
10942.569
10942.591
10942.613
10942.634
10942.656
10942.678
10942.700
10942.722
10942.743
10942.765
10942.787
10942.809
10942.831
10942.853
10942.874
10942.896
10942.918
10942.940
10942.962
10942.983
10943.005
10943.027
10943.049
10943.071
10943.092
10943.114
10943.136
10943.158
10943.180
10943.201
10943.223
10943.245
10943.267
10943.289
10943.311
10943.332
10943.354
10943.376
10943.398
10943.420
10943.441
10943.463
10943.485
10943.507
10943.529
10943.550
10943.572
10943.594
10943.616
10943.638
10943.660
10943.681
10943.703
10943.725
10943.747
10943.769
10943.790
10943.812
10943.834
10943.856
10943.878
10943.899
10943.921
10943.943
10943.965
10943.987
10944.008
10944.030
10944.052
10944.074
10944.096
10944.118
10944.139
10944.161
10944.183
10944.205
10944.227
10944.248
10944.270
10944.292
10944.314
10944.336
10944.357
10944.379
10944.401
10944.423
10944.445
10944.467
10944.488
10944.510
10944.532
10944.554
10944.576
10944.597
10944.619
10944.641
10944.663
10944.685
10944.706
10944.728
10944.750
10944.772
10944.794
10944.816
10944.837
10944.859
10944.881
10944.903
10944.925
10944.946
10944.968
10944.990
10945.012
10945.034
10945.055
10945.077
10945.099
10945.121
10945.143
10945.164
10945.186
10945.208
10945.230
10945.252
10945.274
10945.295
10945.317
10945.339
10945.361
10945.383
10945.404
10945.426
10945.448
10945.470
10945.492
10945.513
10945.535
10945.557
10945.579
10945.601
10945.623
10945.644
10945.666
10945.688
10945.710
10945.732
10945.753
10945.775
10945.797
10945.819
10945.841
10945.862
10945.884
10945.906
10945.928
10945.950
10945.971
10945.993
10946.015
10946.037
10946.059
10946.081
10946.102
10946.124
10946.146
10946.168
10946.190
10946.211
10946.233
10946.255
10946.277
10946.299
10946.320
10946.342
10946.364
10946.386
10946.408
10946.430
10946.451
10946.473
10946.495
10946.517
10946.539
10946.560
10946.582
10946.604
10946.626
10946.648
10946.669
10946.691
10946.713
10946.735
10946.757
10946.778
10946.800
10946.822
10946.844
10946.866
10946.888
10946.909
10946.931
10946.953
10946.975
10946.997
10947.018
10947.040
10947.062
10947.084
10947.106
10947.127
10947.149
10947.171
10947.193
10947.215
10947.237
10947.258
10947.280
10947.302
10947.324
10947.346
10947.367
10947.389
10947.411
10947.433
10947.455
10947.476
10947.498
10947.520
10947.542
10947.564
10947.586
10947.607
10947.629
10947.651
10947.673
10947.695
10947.716
10947.738
10947.760
10947.782
10947.804
10947.825
10947.847
10947.869
10947.891
10947.913
10947.934
10947.956
10947.978
10948.000
10948.022
10948.044
10948.065
10948.087
10948.109
10948.131
10948.153
10948.174
10948.196
10948.218
10948.240
10948.262
10948.283
10948.305
10948.327
10948.349
10948.371
10948.393
10948.414
10948.436
10948.458
10948.480
10948.502
10948.523
10948.545
10948.567
10948.589
10948.611
10948.632
10948.654
10948.676
10948.698
10948.720
10948.741
10948.763
10948.785
10948.807
10948.829
10948.851
10948.872
10948.894
10948.916
10948.938
10948.960
10948.981
10949.003
10949.025
10949.047
10949.069
10949.090
10949.112
10949.134
10949.156
10949.178
10949.200
10949.221
10949.243
10949.265
10949.287
10949.309
10949.330
10949.352
10949.374
10949.396
10949.418
10949.439
10949.461
10949.483
10949.505
10949.527
10949.549
10949.570
10949.592
10949.614
10949.636
10949.658
10949.679
10949.701
10949.723
10949.745
10949.767
10949.788
10949.810
10949.832
10949.854
10949.876
10949.897
10949.919
10949.941
10949.963
10949.985
10950.007
10950.028
10950.050
10950.072
10950.094
10950.116
10950.137
10950.159
10950.181
10950.203
10950.225
10950.246
10950.268
10950.290
10950.312
10950.334
10950.356
10950.377
10950.399
10950.421
10950.443
10950.465
10950.486
10950.508
10950.530
10950.552
10950.574
10950.595
10950.617
10950.639
10950.661
10950.683
10950.704
10950.726
10950.748
10950.770
10950.792
10950.814
10950.835
10950.857
10950.879
10950.901
10950.923
10950.944
10950.966
10950.988
10951.010
10951.032
10951.053
10951.075
10951.097
10951.119
10951.141
10951.163
10951.184
10951.206
10951.228
10951.250
10951.272
10951.293
10951.315
10951.337
10951.359
10951.381
10951.402
10951.424
10951.446
10951.468
10951.490
10951.512
10951.533
10951.555
10951.577
10951.599
10951.621
10951.642
10951.664
10951.686
10951.708
10951.730
10951.751
10951.773
10951.795
10951.817
10951.839
10951.860
10951.882
10951.904
10951.926
10951.948
10951.970
10951.991
10952.013
10952.035
10952.057
10952.079
10952.100
10952.122
10952.144
10952.166
10952.188
10952.209
10952.231
10952.253
10952.275
10952.297
10952.319
10952.340
10952.362
10952.384
10952.406
10952.428
10952.449
10952.471
10952.493
10952.515
10952.537
10952.558
10952.580
10952.602
10952.624
10952.646
10952.667
10952.689
10952.711
10952.733
10952.755
10952.777
10952.798
10952.820
10952.842
10952.864
10952.886
10952.907
10952.929
10952.951
10952.973
10952.995
10953.016
10953.038
10953.060
10953.082
10953.104
10953.126
10953.147
10953.169
10953.191
10953.213
10953.235
10953.256
10953.278
10953.300
10953.322
10953.344
10953.365
10953.387
10953.409
10953.431
10953.453
10953.474
10953.496
10953.518
10953.540
10953.562
10953.584
10953.605
10953.627
10953.649
10953.671
10953.693
10953.714
10953.736
10953.758
10953.780
10953.802
10953.823
10953.845
10953.867
10953.889
10953.911
10953.933
10953.954
10953.976
10953.998
10954.020
10954.042
10954.063
10954.085
10954.107
10954.129
10954.151
10954.172
10954.194
10954.216
10954.238
10954.260
10954.282
10954.303
10954.325
10954.347
10954.369
10954.391
10954.412
10954.434
10954.456
10954.478
10954.500
10954.521
10954.543
10954.565
10954.587
10954.609
10954.630
10954.652
10954.674
10954.696
10954.718
10954.740
10954.761
10954.783
10954.805
10954.827
10954.849
10954.870
10954.892
10954.914
10954.936
10954.958
10954.979
10955.001
10955.023
10955.045
10955.067
10955.089
10955.110
10955.132
10955.154
10955.176
10955.198
10955.219
10955.241
10955.263
10955.285
10955.307
10955.328
10955.350
10955.372
10955.394
10955.416
10955.437
10955.459
10955.481
10955.503
10955.525
10955.547
10955.568
10955.590
10955.612
10955.634
10955.656
10955.677
10955.699
10955.721
10955.743
10955.765
10955.786
10955.808
10955.830
10955.852
10955.874
10955.896
10955.917
10955.939
10955.961
10955.983
10956.005
10956.026
10956.048
10956.070
10956.092
10956.114
10956.135
10956.157
10956.179
10956.201
10956.223
10956.245
10956.266
10956.288
10956.310
10956.332
10956.354
10956.375
10956.397
10956.419
10956.441
10956.463
10956.484
10956.506
10956.528
10956.550
10956.572
10956.593
10956.615
10956.637
10956.659
10956.681
10956.703
10956.724
10956.746
10956.768
10956.790
10956.812
10956.833
10956.855
10956.877
10956.899
10956.921
10956.942
10956.964
10956.986
10957.008
10957.030
10957.052
10957.073
10957.095
10957.117
10957.139
10957.161
10957.182
10957.204
10957.226
10957.248
10957.270
10957.291
10957.313
10957.335
10957.357
10957.379
10957.400
10957.422
10957.444
10957.466
10957.488
10957.510
10957.531
10957.553
10957.575
10957.597
10957.619
10957.640
10957.662
10957.684
10957.706
10957.728
10957.749
10957.771
10957.793
10957.815
10957.837
10957.859
10957.880
10957.902
10957.924
10957.946
10957.968
10957.989
10958.011
10958.033
10958.055
10958.077
10958.098
10958.120
10958.142
10958.164
10958.186
10958.208
10958.229
10958.251
10958.273
10958.295
10958.317
10958.338
10958.360
10958.382
10958.404
10958.426
10958.447
10958.469
10958.491
10958.513
10958.535
10958.556
10958.578
10958.600
10958.622
10958.644
10958.666
10958.687
10958.709
10958.731
10958.753
10958.775
10958.796
10958.818
10958.840
10958.862
10958.884
10958.905
10958.927
10958.949
10958.971
10958.993
10959.015
10959.036
10959.058
10959.080
10959.102
10959.124
10959.145
10959.167
10959.189
10959.211
10959.233
10959.254
10959.276
10959.298
10959.320
10959.342
10959.363
10959.385
10959.407
10959.429
10959.451
10959.473
10959.494
10959.516
10959.538
10959.560
10959.582
10959.603
10959.625
10959.647
10959.669
10959.691
10959.712
10959.734
10959.756
10959.778
10959.800
10959.822
10959.843
10959.865
10959.887
10959.909
10959.931
10959.952
10959.974
10959.996
10960.018
10960.040
10960.061
10960.083
10960.105
10960.127
10960.149
10960.171
10960.192
10960.214
10960.236
10960.258
10960.280
10960.301
10960.323
10960.345
10960.367
10960.389
10960.410
10960.432
10960.454
10960.476
10960.498
10960.519
10960.541
10960.563
10960.585
10960.607
10960.629
10960.650
10960.672
10960.694
10960.716
10960.738
10960.759
10960.781
10960.803
10960.825
10960.847
10960.868
10960.890
10960.912
10960.934
10960.956
10960.978
10960.999
10961.021
10961.043
10961.065
10961.087
10961.108
10961.130
10961.152
10961.174
10961.196
10961.217
10961.239
10961.261
10961.283
10961.305
10961.326
10961.348
10961.370
10961.392
10961.414
10961.436
10961.457
10961.479
10961.501
10961.523
10961.545
10961.566
10961.588
10961.610
10961.632
10961.654
10961.675
10961.697
10961.719
10961.741
10961.763
10961.785
10961.806
10961.828
10961.850
10961.872
10961.894
10961.915
10961.937
10961.959
10961.981
10962.003
10962.024
10962.046
10962.068
10962.090
10962.112
10962.133
10962.155
10962.177
10962.199
10962.221
10962.243
10962.264
10962.286
10962.308
10962.330
10962.352
10962.373
10962.395
10962.417
10962.439
10962.461
10962.482
10962.504
10962.526
10962.548
10962.570
10962.592
10962.613
10962.635
10962.657
10962.679
10962.701
10962.722
10962.744
10962.766
10962.788
10962.810
10962.831
10962.853
10962.875
10962.897
10962.919
10962.941
10962.962
10962.984
10963.006
10963.028
10963.050
10963.071
10963.093
10963.115
10963.137
10963.159
10963.180
10963.202
10963.224
10963.246
10963.268
10963.289
10963.311
10963.333
10963.355
10963.377
10963.399
10963.420
10963.442
10963.464
10963.486
10963.508
10963.529
10963.551
10963.573
10963.595
10963.617
10963.638
10963.660
10963.682
10963.704
10963.726
10963.748
10963.769
10963.791
10963.813
10963.835
10963.857
10963.878
10963.900
10963.922
10963.944
10963.966
10963.987
10964.009
10964.031
10964.053
10964.075
10964.096
10964.118
10964.140
10964.162
10964.184
10964.206
10964.227
10964.249
10964.271
10964.293
10964.315
10964.336
10964.358
10964.380
10964.402
10964.424
10964.445
10964.467
10964.489
10964.511
10964.533
10964.555
10964.576
10964.598
10964.620
10964.642
10964.664
10964.685
10964.707
10964.729
10964.751
10964.773
10964.794
10964.816
10964.838
10964.860
10964.882
10964.904
10964.925
10964.947
10964.969
10964.991
10965.013
10965.034
10965.056
10965.078
10965.100
10965.122
10965.143
10965.165
10965.187
10965.209
10965.231
10965.252
10965.274
10965.296
10965.318
10965.340
10965.362
10965.383
10965.405
10965.427
10965.449
10965.471
10965.492
10965.514
10965.536
10965.558
10965.580
10965.601
10965.623
10965.645
10965.667
10965.689
10965.711
10965.732
10965.754
10965.776
10965.798
10965.820
10965.841
10965.863
10965.885
10965.907
10965.929
10965.950
10965.972
10965.994
10966.016
10966.038
10966.059
10966.081
10966.103
10966.125
10966.147
10966.169
10966.190
10966.212
10966.234
10966.256
10966.278
10966.299
10966.321
10966.343
10966.365
10966.387
10966.408
10966.430
10966.452
10966.474
10966.496
10966.518
10966.539
10966.561
10966.583
10966.605
10966.627
10966.648
10966.670
10966.692
10966.714
10966.736
10966.757
10966.779
10966.801
10966.823
10966.845
10966.867
10966.888
10966.910
10966.932
10966.954
10966.976
10966.997
10967.019
10967.041
10967.063
10967.085
10967.106
10967.128
10967.150
10967.172
10967.194
10967.215
10967.237
10967.259
10967.281
10967.303
10967.325
10967.346
10967.368
10967.390
10967.412
10967.434
10967.455
10967.477
10967.499
10967.521
10967.543
10967.564
10967.586
10967.608
10967.630
10967.652
10967.674
10967.695
10967.717
10967.739
10967.761
10967.783
10967.804
10967.826
10967.848
10967.870
10967.892
10967.913
10967.935
10967.957
10967.979
10968.001
10968.022
10968.044
10968.066
10968.088
10968.110
10968.132
10968.153
10968.175
10968.197
10968.219
10968.241
10968.262
10968.284
10968.306
10968.328
10968.350
10968.371
10968.393
10968.415
10968.437
10968.459
10968.481
10968.502
10968.524
10968.546
10968.568
10968.590
10968.611
10968.633
10968.655
10968.677
10968.699
10968.720
10968.742
10968.764
10968.786
10968.808
10968.829
10968.851
10968.873
10968.895
10968.917
10968.939
10968.960
10968.982
10969.004
10969.026
10969.048
10969.069
10969.091
10969.113
10969.135
10969.157
10969.178
10969.200
10969.222
10969.244
10969.266
10969.288
10969.309
10969.331
10969.353
10969.375
10969.397
10969.418
10969.440
10969.462
10969.484
10969.506
10969.527
10969.549
10969.571
10969.593
10969.615
10969.637
10969.658
10969.680
10969.702
10969.724
10969.746
10969.767
10969.789
10969.811
10969.833
10969.855
10969.876
10969.898
10969.920
10969.942
10969.964
10969.985
10970.007
10970.029
10970.051
10970.073
10970.095
10970.116
10970.138
10970.160
10970.182
10970.204
10970.225
10970.247
10970.269
10970.291
10970.313
10970.334
10970.356
10970.378
10970.400
10970.422
10970.444
10970.465
10970.487
10970.509
10970.531
10970.553
10970.574
10970.596
10970.618
10970.640
10970.662
10970.683
10970.705
10970.727
10970.749
10970.771
10970.792
10970.814
10970.836
10970.858
10970.880
10970.902
10970.923
10970.945
10970.967
10970.989
10971.011
10971.032
10971.054
10971.076
10971.098
10971.120
10971.141
10971.163
10971.185
10971.207
10971.229
10971.251
10971.272
10971.294
10971.316
10971.338
10971.360
10971.381
10971.403
10971.425
10971.447
10971.469
10971.490
10971.512
10971.534
10971.556
10971.578
10971.600
10971.621
10971.643
10971.665
10971.687
10971.709
10971.730
10971.752
10971.774
10971.796
10971.818
10971.839
10971.861
10971.883
10971.905
10971.927
10971.948
10971.970
10971.992
10972.014
10972.036
10972.058
10972.079
10972.101
10972.123
10972.145
10972.167
10972.188
10972.210
10972.232
10972.254
10972.276
10972.297
10972.319
10972.341
10972.363
10972.385
10972.407
10972.428
10972.450
10972.472
10972.494
10972.516
10972.537
10972.559
10972.581
10972.603
10972.625
10972.646
10972.668
10972.690
10972.712
10972.734
10972.755
10972.777
10972.799
10972.821
10972.843
10972.865
10972.886
10972.908
10972.930
10972.952
10972.974
10972.995
10973.017
10973.039
10973.061
10973.083
10973.104
10973.126
10973.148
10973.170
10973.192
10973.214
10973.235
10973.257
10973.279
10973.301
10973.323
10973.344
10973.366
10973.388
10973.410
10973.432
10973.453
10973.475
10973.497
10973.519
10973.541
10973.563
10973.584
10973.606
10973.628
10973.650
10973.672
10973.693
10973.715
10973.737
10973.759
10973.781
10973.802
10973.824
10973.846
10973.868
10973.890
10973.911
10973.933
10973.955
10973.977
10973.999
10974.021
10974.042
10974.064
10974.086
10974.108
10974.130
10974.151
10974.173
10974.195
10974.217
10974.239
10974.260
10974.282
10974.304
10974.326
10974.348
10974.370
10974.391
10974.413
10974.435
10974.457
10974.479
10974.500
10974.522
10974.544
10974.566
10974.588
10974.609
10974.631
10974.653
10974.675
10974.697
10974.718
10974.740
10974.762
10974.784
10974.806
10974.828
10974.849
10974.871
10974.893
10974.915
10974.937
10974.958
10974.980
10975.002
10975.024
10975.046
10975.067
10975.089
10975.111
10975.133
10975.155
10975.177
10975.198
10975.220
10975.242
10975.264
10975.286
10975.307
10975.329
10975.351
10975.373
10975.395
10975.416
10975.438
10975.460
10975.482
10975.504
10975.526
10975.547
10975.569
10975.591
10975.613
10975.635
10975.656
10975.678
10975.700
10975.722
10975.744
10975.765
10975.787
10975.809
10975.831
10975.853
10975.874
10975.896
10975.918
10975.940
10975.962
10975.984
10976.005
10976.027
10976.049
10976.071
10976.093
10976.114
10976.136
10976.158
10976.180
10976.202
10976.223
10976.245
10976.267
10976.289
10976.311
10976.333
10976.354
10976.376
10976.398
10976.420
10976.442
10976.463
10976.485
10976.507
10976.529
10976.551
10976.572
10976.594
10976.616
10976.638
10976.660
10976.681
10976.703
10976.725
10976.747
10976.769
10976.791
10976.812
10976.834
10976.856
10976.878
10976.900
10976.921
10976.943
10976.965
10976.987
10977.009
10977.030
10977.052
10977.074
10977.096
10977.118
10977.140
10977.161
10977.183
10977.205
10977.227
10977.249
10977.270
10977.292
10977.314
10977.336
10977.358
10977.379
10977.401
10977.423
10977.445
10977.467
10977.488
10977.510
10977.532
10977.554
10977.576
10977.598
10977.619
10977.641
10977.663
10977.685
10977.707
10977.728
10977.750
10977.772
10977.794
10977.816
10977.837
10977.859
10977.881
10977.903
10977.925
10977.947
10977.968
10977.990
10978.012
10978.034
10978.056
10978.077
10978.099
10978.121
10978.143
10978.165
10978.186
10978.208
10978.230
10978.252
10978.274
10978.296
10978.317
10978.339
10978.361
10978.383
10978.405
10978.426
10978.448
10978.470
10978.492
10978.514
10978.535
10978.557
10978.579
10978.601
10978.623
10978.644
10978.666
10978.688
10978.710
10978.732
10978.754
10978.775
10978.797
10978.819
10978.841
10978.863
10978.884
10978.906
10978.928
10978.950
10978.972
10978.993
10979.015
10979.037
10979.059
10979.081
10979.103
10979.124
10979.146
10979.168
10979.190
10979.212
10979.233
10979.255
10979.277
10979.299
10979.321
10979.342
10979.364
10979.386
10979.408
10979.430
10979.451
10979.473
10979.495
10979.517
10979.539
10979.561
10979.582
10979.604
10979.626
10979.648
10979.670
10979.691
10979.713
10979.735
10979.757
10979.779
10979.800
10979.822
10979.844
10979.866
10979.888
10979.910
10979.931
10979.953
10979.975
10979.997
10980.019
10980.040
10980.062
10980.084
10980.106
10980.128
10980.149
10980.171
10980.193
10980.215
10980.237
10980.259
10980.280
10980.302
10980.324
10980.346
10980.368
10980.389
10980.411
10980.433
10980.455
10980.477
10980.498
10980.520
10980.542
10980.564
10980.586
10980.607
10980.629
10980.651
10980.673
10980.695
10980.717
10980.738
10980.760
10980.782
10980.804
10980.826
10980.847
10980.869
10980.891
10980.913
10980.935
10980.956
10980.978
10981.000
10981.022
10981.044
10981.066
10981.087
10981.109
10981.131
10981.153
10981.175
10981.196
10981.218
10981.240
10981.262
10981.284
10981.305
10981.327
10981.349
10981.371
10981.393
10981.414
10981.436
10981.458
10981.480
10981.502
10981.524
10981.545
10981.567
10981.589
10981.611
10981.633
10981.654
10981.676
10981.698
10981.720
10981.742
10981.763
10981.785
10981.807
10981.829
10981.851
10981.873
10981.894
10981.916
10981.938
10981.960
10981.982
10982.003
10982.025
10982.047
10982.069
10982.091
10982.112
10982.134
10982.156
10982.178
10982.200
10982.222
10982.243
10982.265
10982.287
10982.309
10982.331
10982.352
10982.374
10982.396
10982.418
10982.440
10982.461
10982.483
10982.505
10982.527
10982.549
10982.570
10982.592
10982.614
10982.636
10982.658
10982.680
10982.701
10982.723
10982.745
10982.767
10982.789
10982.810
10982.832
10982.854
10982.876
10982.898
10982.919
10982.941
10982.963
10982.985
10983.007
10983.029
10983.050
10983.072
10983.094
10983.116
10983.138
10983.159
10983.181
10983.203
10983.225
10983.247
10983.268
10983.290
10983.312
10983.334
10983.356
10983.377
10983.399
10983.421
10983.443
10983.465
10983.487
10983.508
10983.530
10983.552
10983.574
10983.596
10983.617
10983.639
10983.661
10983.683
10983.705
10983.726
10983.748
10983.770
10983.792
10983.814
10983.836
10983.857
10983.879
10983.901
10983.923
10983.945
10983.966
10983.988
10984.010
10984.032
10984.054
10984.075
10984.097
10984.119
10984.141
10984.163
10984.184
10984.206
10984.228
10984.250
10984.272
10984.294
10984.315
10984.337
10984.359
10984.381
10984.403
10984.424
10984.446
10984.468
10984.490
10984.512
10984.533
10984.555
10984.577
10984.599
10984.621
10984.643
10984.664
10984.686
10984.708
10984.730
10984.752
10984.773
10984.795
10984.817
10984.839
10984.861
10984.882
10984.904
10984.926
10984.948
10984.970
10984.992
10985.013
10985.035
10985.057
10985.079
10985.101
10985.122
10985.144
10985.166
10985.188
10985.210
10985.231
10985.253
10985.275
10985.297
10985.319
10985.340
10985.362
10985.384
10985.406
10985.428
10985.450
10985.471
10985.493
10985.515
10985.537
10985.559
10985.580
10985.602
10985.624
10985.646
10985.668
10985.689
10985.711
10985.733
10985.755
10985.777
10985.799
10985.820
10985.842
10985.864
10985.886
10985.908
10985.929
10985.951
10985.973
10985.995
10986.017
10986.038
10986.060
10986.082
10986.104
10986.126
10986.147
10986.169
10986.191
10986.213
10986.235
10986.257
10986.278
10986.300
10986.322
10986.344
10986.366
10986.387
10986.409
10986.431
10986.453
10986.475
10986.496
10986.518
10986.540
10986.562
10986.584
10986.606
10986.627
10986.649
10986.671
10986.693
10986.715
10986.736
10986.758
10986.780
10986.802
10986.824
10986.845
10986.867
10986.889
10986.911
10986.933
10986.955
10986.976
10986.998
10987.020
10987.042
10987.064
10987.085
10987.107
10987.129
10987.151
10987.173
10987.194
10987.216
10987.238
10987.260
10987.282
10987.303
10987.325
10987.347
10987.369
10987.391
10987.413
10987.434
10987.456
10987.478
10987.500
10987.522
10987.543
10987.565
10987.587
10987.609
10987.631
10987.652
10987.674
10987.696
10987.718
10987.740
10987.762
10987.783
10987.805
10987.827
10987.849
10987.871
10987.892
10987.914
10987.936
10987.958
10987.980
10988.001
10988.023
10988.045
10988.067
10988.089
10988.110
10988.132
10988.154
10988.176
10988.198
10988.220
10988.241
10988.263
10988.285
10988.307
10988.329
10988.350
10988.372
10988.394
10988.416
10988.438
10988.459
10988.481
10988.503
10988.525
10988.547
10988.569
10988.590
10988.612
10988.634
10988.656
10988.678
10988.699
10988.721
10988.743
10988.765
10988.787
10988.808
10988.830
10988.852
10988.874
10988.896
10988.918
10988.939
10988.961
10988.983
10989.005
10989.027
10989.048
10989.070
10989.092
10989.114
10989.136
10989.157
10989.179
10989.201
10989.223
10989.245
10989.266
10989.288
10989.310
10989.332
10989.354
10989.376
10989.397
10989.419
10989.441
10989.463
10989.485
10989.506
10989.528
10989.550
10989.572
10989.594
10989.615
10989.637
10989.659
10989.681
10989.703
10989.725
10989.746
10989.768
10989.790
10989.812
10989.834
10989.855
10989.877
10989.899
10989.921
10989.943
10989.964
10989.986
10990.008
10990.030
10990.052
10990.073
10990.095
10990.117
10990.139
10990.161
10990.183
10990.204
10990.226
10990.248
10990.270
10990.292
10990.313
10990.335
10990.357
10990.379
10990.401
10990.422
10990.444
10990.466
10990.488
10990.510
10990.532
10990.553
10990.575
10990.597
10990.619
10990.641
10990.662
10990.684
10990.706
10990.728
10990.750
10990.771
10990.793
10990.815
10990.837
10990.859
10990.881
10990.902
10990.924
10990.946
10990.968
10990.990
