10596.097
10596.117
10596.138
10596.158
10596.179
10596.199
10596.220
10596.240
10596.261
10596.281
10596.302
10596.322
10596.343
10596.363
10596.384
10596.404
10596.425
10596.445
10596.466
10596.486
10596.507
10596.527
10596.548
10596.568
10596.589
10596.609
10596.630
10596.650
10596.671
10596.691
10596.712
10596.732
10596.753
10596.773
10596.794
10596.814
10596.835
10596.856
10596.876
10596.897
10596.917
10596.938
10596.958
10596.979
10596.999
10597.020
10597.040
10597.061
10597.081
10597.102
10597.122
10597.143
10597.163
10597.184
10597.204
10597.225
10597.245
10597.266
10597.286
10597.307
10597.327
10597.348
10597.368
10597.389
10597.409
10597.430
10597.450
10597.471
10597.491
10597.512
10597.532
10597.553
10597.573
10597.594
10597.614
10597.635
10597.655
10597.676
10597.696
10597.717
10597.737
10597.758
10597.778
10597.799
10597.819
10597.840
10597.860
10597.881
10597.901
10597.922
10597.942
10597.963
10597.984
10598.004
10598.025
10598.045
10598.066
10598.086
10598.107
10598.127
10598.148
10598.168
10598.189
10598.209
10598.230
10598.250
10598.271
10598.291
10598.312
10598.332
10598.353
10598.373
10598.394
10598.414
10598.435
10598.455
10598.476
10598.496
10598.517
10598.537
10598.558
10598.578
10598.599
10598.619
10598.640
10598.660
10598.681
10598.701
10598.722
10598.742
10598.763
10598.783
10598.804
10598.824
10598.845
10598.865
10598.886
10598.906
10598.927
10598.947
10598.968
10598.988
10599.009
10599.029
10599.050
10599.070
10599.091
10599.111
10599.132
10599.153
10599.173
10599.194
10599.214
10599.235
10599.255
10599.276
10599.296
10599.317
10599.337
10599.358
10599.378
10599.399
10599.419
10599.440
10599.460
10599.481
10599.501
10599.522
10599.542
10599.563
10599.583
10599.604
10599.624
10599.645
10599.665
10599.686
10599.706
10599.727
10599.747
10599.768
10599.788
10599.809
10599.829
10599.850
10599.870
10599.891
10599.911
10599.932
10599.952
10599.973
10599.993
10600.014
10600.034
10600.055
10600.075
10600.096
10600.116
10600.137
10600.157
10600.178
10600.198
10600.219
10600.239
10600.260
10600.281
10600.301
10600.322
10600.342
10600.363
10600.383
10600.404
10600.424
10600.445
10600.465
10600.486
10600.506
10600.527
10600.547
10600.568
10600.588
10600.609
10600.629
10600.650
10600.670
10600.691
10600.711
10600.732
10600.752
10600.773
10600.793
10600.814
10600.834
10600.855
10600.875
10600.896
10600.916
10600.937
10600.957
10600.978
10600.998
10601.019
10601.039
10601.060
10601.080
10601.101
10601.121
10601.142
10601.162
10601.183
10601.203
10601.224
10601.244
10601.265
10601.285
10601.306
10601.326
10601.347
10601.367
10601.388
10601.408
10601.429
10601.450
10601.470
10601.491
10601.511
10601.532
10601.552
10601.573
10601.593
10601.614
10601.634
10601.655
10601.675
10601.696
10601.716
10601.737
10601.757
10601.778
10601.798
10601.819
10601.839
10601.860
10601.880
10601.901
10601.921
10601.942
10601.962
10601.983
10602.003
10602.024
10602.044
10602.065
10602.085
10602.106
10602.126
10602.147
10602.167
10602.188
10602.208
10602.229
10602.249
10602.270
10602.290
10602.311
10602.331
10602.352
10602.372
10602.393
10602.413
10602.434
10602.454
10602.475
10602.495
10602.516
10602.536
10602.557
10602.578
10602.598
10602.619
10602.639
10602.660
10602.680
10602.701
10602.721
10602.742
10602.762
10602.783
10602.803
10602.824
10602.844
10602.865
10602.885
10602.906
10602.926
10602.947
10602.967
10602.988
10603.008
10603.029
10603.049
10603.070
10603.090
10603.111
10603.131
10603.152
10603.172
10603.193
10603.213
10603.234
10603.254
10603.275
10603.295
10603.316
10603.336
10603.357
10603.377
10603.398
10603.418
10603.439
10603.459
10603.480
10603.500
10603.521
10603.541
10603.562
10603.582
10603.603
10603.623
10603.644
10603.664
10603.685
10603.705
10603.726
10603.747
10603.767
10603.788
10603.808
10603.829
10603.849
10603.870
10603.890
10603.911
10603.931
10603.952
10603.972
10603.993
10604.013
10604.034
10604.054
10604.075
10604.095
10604.116
10604.136
10604.157
10604.177
10604.198
10604.218
10604.239
10604.259
10604.280
10604.300
10604.321
10604.341
10604.362
10604.382
10604.403
10604.423
10604.444
10604.464
10604.485
10604.505
10604.526
10604.546
10604.567
10604.587
10604.608
10604.628
10604.649
10604.669
10604.690
10604.710
10604.731
10604.751
10604.772
10604.792
10604.813
10604.833
10604.854
10604.875
10604.895
10604.916
10604.936
10604.957
10604.977
10604.998
10605.018
10605.039
10605.059
10605.080
10605.100
10605.121
10605.141
10605.162
10605.182
10605.203
10605.223
10605.244
10605.264
10605.285
10605.305
10605.326
10605.346
10605.367
10605.387
10605.408
10605.428
10605.449
10605.469
10605.490
10605.510
10605.531
10605.551
10605.572
10605.592
10605.613
10605.633
10605.654
10605.674
10605.695
10605.715
10605.736
10605.756
10605.777
10605.797
10605.818
10605.838
10605.859
10605.879
10605.900
10605.920
10605.941
10605.961
10605.982
10606.002
10606.023
10606.044
10606.064
10606.085
10606.105
10606.126
10606.146
10606.167
10606.187
10606.208
10606.228
10606.249
10606.269
10606.290
10606.310
10606.331
10606.351
10606.372
10606.392
10606.413
10606.433
10606.454
10606.474
10606.495
10606.515
10606.536
10606.556
10606.577
10606.597
10606.618
10606.638
10606.659
10606.679
10606.700
10606.720
10606.741
10606.761
10606.782
10606.802
10606.823
10606.843
10606.864
10606.884
10606.905
10606.925
10606.946
10606.966
10606.987
10607.007
10607.028
10607.048
10607.069
10607.089
10607.110
10607.130
10607.151
10607.172
10607.192
10607.213
10607.233
10607.254
10607.274
10607.295
10607.315
10607.336
10607.356
10607.377
10607.397
10607.418
10607.438
10607.459
10607.479
10607.500
10607.520
10607.541
10607.561
10607.582
10607.602
10607.623
10607.643
10607.664
10607.684
10607.705
10607.725
10607.746
10607.766
10607.787
10607.807
10607.828
10607.848
10607.869
10607.889
10607.910
10607.930
10607.951
10607.971
10607.992
10608.012
10608.033
10608.053
10608.074
10608.094
10608.115
10608.135
10608.156
10608.176
10608.197
10608.217
10608.238
10608.258
10608.279
10608.299
10608.320
10608.341
10608.361
10608.382
10608.402
10608.423
10608.443
10608.464
10608.484
10608.505
10608.525
10608.546
10608.566
10608.587
10608.607
10608.628
10608.648
10608.669
10608.689
10608.710
10608.730
10608.751
10608.771
10608.792
10608.812
10608.833
10608.853
10608.874
10608.894
10608.915
10608.935
10608.956
10608.976
10608.997
10609.017
10609.038
10609.058
10609.079
10609.099
10609.120
10609.140
10609.161
10609.181
10609.202
10609.222
10609.243
10609.263
10609.284
10609.304
10609.325
10609.345
10609.366
10609.386
10609.407
10609.427
10609.448
10609.469
10609.489
10609.510
10609.530
10609.551
10609.571
10609.592
10609.612
10609.633
10609.653
10609.674
10609.694
10609.715
10609.735
10609.756
10609.776
10609.797
10609.817
10609.838
10609.858
10609.879
10609.899
10609.920
10609.940
10609.961
10609.981
10610.002
10610.022
10610.043
10610.063
10610.084
10610.104
10610.125
10610.145
10610.166
10610.186
10610.207
10610.227
10610.248
10610.268
10610.289
10610.309
10610.330
10610.350
10610.371
10610.391
10610.412
10610.432
10610.453
10610.473
10610.494
10610.514
10610.535
10610.555
10610.576
10610.596
10610.617
10610.638
10610.658
10610.679
10610.699
10610.720
10610.740
10610.761
10610.781
10610.802
10610.822
10610.843
10610.863
10610.884
10610.904
10610.925
10610.945
10610.966
10610.986
10611.007
10611.027
10611.048
10611.068
10611.089
10611.109
10611.130
10611.150
10611.171
10611.191
10611.212
10611.232
10611.253
10611.273
10611.294
10611.314
10611.335
10611.355
10611.376
10611.396
10611.417
10611.437
10611.458
10611.478
10611.499
10611.519
10611.540
10611.560
10611.581
10611.601
10611.622
10611.642
10611.663
10611.683
10611.704
10611.724
10611.745
10611.766
10611.786
10611.807
10611.827
10611.848
10611.868
10611.889
10611.909
10611.930
10611.950
10611.971
10611.991
10612.012
10612.032
10612.053
10612.073
10612.094
10612.114
10612.135
10612.155
10612.176
10612.196
10612.217
10612.237
10612.258
10612.278
10612.299
10612.319
10612.340
10612.360
10612.381
10612.401
10612.422
10612.442
10612.463
10612.483
10612.504
10612.524
10612.545
10612.565
10612.586
10612.606
10612.627
10612.647
10612.668
10612.688
10612.709
10612.729
10612.750
10612.770
10612.791
10612.811
10612.832
10612.852
10612.873
10612.893
10612.914
10612.935
10612.955
10612.976
10612.996
10613.017
10613.037
10613.058
10613.078
10613.099
10613.119
10613.140
10613.160
10613.181
10613.201
10613.222
10613.242
10613.263
10613.283
10613.304
10613.324
10613.345
10613.365
10613.386
10613.406
10613.427
10613.447
10613.468
10613.488
10613.509
10613.529
10613.550
10613.570
10613.591
10613.611
10613.632
10613.652
10613.673
10613.693
10613.714
10613.734
10613.755
10613.775
10613.796
10613.816
10613.837
10613.857
10613.878
10613.898
10613.919
10613.939
10613.960
10613.980
10614.001
10614.021
10614.042
10614.063
10614.083
10614.104
10614.124
10614.145
10614.165
10614.186
10614.206
10614.227
10614.247
10614.268
10614.288
10614.309
10614.329
10614.350
10614.370
10614.391
10614.411
10614.432
10614.452
10614.473
10614.493
10614.514
10614.534
10614.555
10614.575
10614.596
10614.616
10614.637
10614.657
10614.678
10614.698
10614.719
10614.739
10614.760
10614.780
10614.801
10614.821
10614.842
10614.862
10614.883
10614.903
10614.924
10614.944
10614.965
10614.985
10615.006
10615.026
10615.047
10615.067
10615.088
10615.108
10615.129
10615.149
10615.170
10615.190
10615.211
10615.232
10615.252
10615.273
10615.293
10615.314
10615.334
10615.355
10615.375
10615.396
10615.416
10615.437
10615.457
10615.478
10615.498
10615.519
10615.539
10615.560
10615.580
10615.601
10615.621
10615.642
10615.662
10615.683
10615.703
10615.724
10615.744
10615.765
10615.785
10615.806
10615.826
10615.847
10615.867
10615.888
10615.908
10615.929
10615.949
10615.970
10615.990
10616.011
10616.031
10616.052
10616.072
10616.093
10616.113
10616.134
10616.154
10616.175
10616.195
10616.216
10616.236
10616.257
10616.277
10616.298
10616.318
10616.339
10616.360
10616.380
10616.401
10616.421
10616.442
10616.462
10616.483
10616.503
10616.524
10616.544
10616.565
10616.585
10616.606
10616.626
10616.647
10616.667
10616.688
10616.708
10616.729
10616.749
10616.770
10616.790
10616.811
10616.831
10616.852
10616.872
10616.893
10616.913
10616.934
10616.954
10616.975
10616.995
10617.016
10617.036
10617.057
10617.077
10617.098
10617.118
10617.139
10617.159
10617.180
10617.200
10617.221
10617.241
10617.262
10617.282
10617.303
10617.323
10617.344
10617.364
10617.385
10617.405
10617.426
10617.446
10617.467
10617.487
10617.508
10617.529
10617.549
10617.570
10617.590
10617.611
10617.631
10617.652
10617.672
10617.693
10617.713
10617.734
10617.754
10617.775
10617.795
10617.816
10617.836
10617.857
10617.877
10617.898
10617.918
10617.939
10617.959
10617.980
10618.000
10618.021
10618.041
10618.062
10618.082
10618.103
10618.123
10618.144
10618.164
10618.185
10618.205
10618.226
10618.246
10618.267
10618.287
10618.308
10618.328
10618.349
10618.369
10618.390
10618.410
10618.431
10618.451
10618.472
10618.492
10618.513
10618.533
10618.554
10618.574
10618.595
10618.615
10618.636
10618.657
10618.677
10618.698
10618.718
10618.739
10618.759
10618.780
10618.800
10618.821
10618.841
10618.862
10618.882
10618.903
10618.923
10618.944
10618.964
10618.985
10619.005
10619.026
10619.046
10619.067
10619.087
10619.108
10619.128
10619.149
10619.169
10619.190
10619.210
10619.231
10619.251
10619.272
10619.292
10619.313
10619.333
10619.354
10619.374
10619.395
10619.415
10619.436
10619.456
10619.477
10619.497
10619.518
10619.538
10619.559
10619.579
10619.600
10619.620
10619.641
10619.661
10619.682
10619.702
10619.723
10619.743
10619.764
10619.784
10619.805
10619.826
10619.846
10619.867
10619.887
10619.908
10619.928
10619.949
10619.969
10619.990
10620.010
10620.031
10620.051
10620.072
10620.092
10620.113
10620.133
10620.154
10620.174
10620.195
10620.215
10620.236
10620.256
10620.277
10620.297
10620.318
10620.338
10620.359
10620.379
10620.400
10620.420
10620.441
10620.461
10620.482
10620.502
10620.523
10620.543
10620.564
10620.584
10620.605
10620.625
10620.646
10620.666
10620.687
10620.707
10620.728
10620.748
10620.769
10620.789
10620.810
10620.830
10620.851
10620.871
10620.892
10620.912
10620.933
10620.954
10620.974
10620.995
10621.015
10621.036
10621.056
10621.077
10621.097
10621.118
10621.138
10621.159
10621.179
10621.200
10621.220
10621.241
10621.261
10621.282
10621.302
10621.323
10621.343
10621.364
10621.384
10621.405
10621.425
10621.446
10621.466
10621.487
10621.507
10621.528
10621.548
10621.569
10621.589
10621.610
10621.630
10621.651
10621.671
10621.692
10621.712
10621.733
10621.753
10621.774
10621.794
10621.815
10621.835
10621.856
10621.876
10621.897
10621.917
10621.938
10621.958
10621.979
10621.999
10622.020
10622.040
10622.061
10622.081
10622.102
10622.123
10622.143
10622.164
10622.184
10622.205
10622.225
10622.246
10622.266
10622.287
10622.307
10622.328
10622.348
10622.369
10622.389
10622.410
10622.430
10622.451
10622.471
10622.492
10622.512
10622.533
10622.553
10622.574
10622.594
10622.615
10622.635
10622.656
10622.676
10622.697
10622.717
10622.738
10622.758
10622.779
10622.799
10622.820
10622.840
10622.861
10622.881
10622.902
10622.922
10622.943
10622.963
10622.984
10623.004
10623.025
10623.045
10623.066
10623.086
10623.107
10623.127
10623.148
10623.168
10623.189
10623.209
10623.230
10623.251
10623.271
10623.292
10623.312
10623.333
10623.353
10623.374
10623.394
10623.415
10623.435
10623.456
10623.476
10623.497
10623.517
10623.538
10623.558
10623.579
10623.599
10623.620
10623.640
10623.661
10623.681
10623.702
10623.722
10623.743
10623.763
10623.784
10623.804
10623.825
10623.845
10623.866
10623.886
10623.907
10623.927
10623.948
10623.968
10623.989
10624.009
10624.030
10624.050
10624.071
10624.091
10624.112
10624.132
10624.153
10624.173
10624.194
10624.214
10624.235
10624.255
10624.276
10624.296
10624.317
10624.337
10624.358
10624.378
10624.399
10624.420
10624.440
10624.461
10624.481
10624.502
10624.522
10624.543
10624.563
10624.584
10624.604
10624.625
10624.645
10624.666
10624.686
10624.707
10624.727
10624.748
10624.768
10624.789
10624.809
10624.830
10624.850
10624.871
10624.891
10624.912
10624.932
10624.953
10624.973
10624.994
10625.014
10625.035
10625.055
10625.076
10625.096
10625.117
10625.137
10625.158
10625.178
10625.199
10625.219
10625.240
10625.260
10625.281
10625.301
10625.322
10625.342
10625.363
10625.383
10625.404
10625.424
10625.445
10625.465
10625.486
10625.506
10625.527
10625.548
10625.568
10625.589
10625.609
10625.630
10625.650
10625.671
10625.691
10625.712
10625.732
10625.753
10625.773
10625.794
10625.814
10625.835
10625.855
10625.876
10625.896
10625.917
10625.937
10625.958
10625.978
10625.999
10626.019
10626.040
10626.060
10626.081
10626.101
10626.122
10626.142
10626.163
10626.183
10626.204
10626.224
10626.245
10626.265
10626.286
10626.306
10626.327
10626.347
10626.368
10626.388
10626.409
10626.429
10626.450
10626.470
10626.491
10626.511
10626.532
10626.552
10626.573
10626.593
10626.614
10626.634
10626.655
10626.675
10626.696
10626.717
10626.737
10626.758
10626.778
10626.799
10626.819
10626.840
10626.860
10626.881
10626.901
10626.922
10626.942
10626.963
10626.983
10627.004
10627.024
10627.045
10627.065
10627.086
10627.106
10627.127
10627.147
10627.168
10627.188
10627.209
10627.229
10627.250
10627.270
10627.291
10627.311
10627.332
10627.352
10627.373
10627.393
10627.414
10627.434
10627.455
10627.475
10627.496
10627.516
10627.537
10627.557
10627.578
10627.598
10627.619
10627.639
10627.660
10627.680
10627.701
10627.721
10627.742
10627.762
10627.783
10627.803
10627.824
10627.845
10627.865
10627.886
10627.906
10627.927
10627.947
10627.968
10627.988
10628.009
10628.029
10628.050
10628.070
10628.091
10628.111
10628.132
10628.152
10628.173
10628.193
10628.214
10628.234
10628.255
10628.275
10628.296
10628.316
10628.337
10628.357
10628.378
10628.398
10628.419
10628.439
10628.460
10628.480
10628.501
10628.521
10628.542
10628.562
10628.583
10628.603
10628.624
10628.644
10628.665
10628.685
10628.706
10628.726
10628.747
10628.767
10628.788
10628.808
10628.829
10628.849
10628.870
10628.890
10628.911
10628.931
10628.952
10628.972
10628.993
10629.014
10629.034
10629.055
10629.075
10629.096
10629.116
10629.137
10629.157
10629.178
10629.198
10629.219
10629.239
10629.260
10629.280
10629.301
10629.321
10629.342
10629.362
10629.383
10629.403
10629.424
10629.444
10629.465
10629.485
10629.506
10629.526
10629.547
10629.567
10629.588
10629.608
10629.629
10629.649
10629.670
10629.690
10629.711
10629.731
10629.752
10629.772
10629.793
10629.813
10629.834
10629.854
10629.875
10629.895
10629.916
10629.936
10629.957
10629.977
10629.998
10630.018
10630.039
10630.059
10630.080
10630.100
10630.121
10630.142
10630.162
10630.183
10630.203
10630.224
10630.244
10630.265
10630.285
10630.306
10630.326
10630.347
10630.367
10630.388
10630.408
10630.429
10630.449
10630.470
10630.490
10630.511
10630.531
10630.552
10630.572
10630.593
10630.613
10630.634
10630.654
10630.675
10630.695
10630.716
10630.736
10630.757
10630.777
10630.798
10630.818
10630.839
10630.859
10630.880
10630.900
10630.921
10630.941
10630.962
10630.982
10631.003
10631.023
10631.044
10631.064
10631.085
10631.105
10631.126
10631.146
10631.167
10631.187
10631.208
10631.228
10631.249
10631.269
10631.290
10631.311
10631.331
10631.352
10631.372
10631.393
10631.413
10631.434
10631.454
10631.475
10631.495
10631.516
10631.536
10631.557
10631.577
10631.598
10631.618
10631.639
10631.659
10631.680
10631.700
10631.721
10631.741
10631.762
10631.782
10631.803
10631.823
10631.844
10631.864
10631.885
10631.905
10631.926
10631.946
10631.967
10631.987
10632.008
10632.028
10632.049
10632.069
10632.090
10632.110
10632.131
10632.151
10632.172
10632.192
10632.213
10632.233
10632.254
10632.274
10632.295
10632.315
10632.336
10632.356
10632.377
10632.397
10632.418
10632.439
10632.459
10632.480
10632.500
10632.521
10632.541
10632.562
10632.582
10632.603
10632.623
10632.644
10632.664
10632.685
10632.705
10632.726
10632.746
10632.767
10632.787
10632.808
10632.828
10632.849
10632.869
10632.890
10632.910
10632.931
10632.951
10632.972
10632.992
10633.013
10633.033
10633.054
10633.074
10633.095
10633.115
10633.136
10633.156
10633.177
10633.197
10633.218
10633.238
10633.259
10633.279
10633.300
10633.320
10633.341
10633.361
10633.382
10633.402
10633.423
10633.443
10633.464
10633.484
10633.505
10633.525
10633.546
10633.566
10633.587
10633.608
10633.628
10633.649
10633.669
10633.690
10633.710
10633.731
10633.751
10633.772
10633.792
10633.813
10633.833
10633.854
10633.874
10633.895
10633.915
10633.936
10633.956
10633.977
10633.997
10634.018
10634.038
10634.059
10634.079
10634.100
10634.120
10634.141
10634.161
10634.182
10634.202
10634.223
10634.243
10634.264
10634.284
10634.305
10634.325
10634.346
10634.366
10634.387
10634.407
10634.428
10634.448
10634.469
10634.489
10634.510
10634.530
10634.551
10634.571
10634.592
10634.612
10634.633
10634.653
10634.674
10634.694
10634.715
10634.736
10634.756
10634.777
10634.797
10634.818
10634.838
10634.859
10634.879
10634.900
10634.920
10634.941
10634.961
10634.982
10635.002
10635.023
10635.043
10635.064
10635.084
10635.105
10635.125
10635.146
10635.166
10635.187
10635.207
10635.228
10635.248
10635.269
10635.289
10635.310
10635.330
10635.351
10635.371
10635.392
10635.412
10635.433
10635.453
10635.474
10635.494
10635.515
10635.535
10635.556
10635.576
10635.597
10635.617
10635.638
10635.658
10635.679
10635.699
10635.720
10635.740
10635.761
10635.781
10635.802
10635.822
10635.843
10635.863
10635.884
10635.905
10635.925
10635.946
10635.966
10635.987
10636.007
10636.028
10636.048
10636.069
10636.089
10636.110
10636.130
10636.151
10636.171
10636.192
10636.212
10636.233
10636.253
10636.274
10636.294
10636.315
10636.335
10636.356
10636.376
10636.397
10636.417
10636.438
10636.458
10636.479
10636.499
10636.520
10636.540
10636.561
10636.581
10636.602
10636.622
10636.643
10636.663
10636.684
10636.704
10636.725
10636.745
10636.766
10636.786
10636.807
10636.827
10636.848
10636.868
10636.889
10636.909
10636.930
10636.950
10636.971
10636.991
10637.012
10637.033
10637.053
10637.074
10637.094
10637.115
10637.135
10637.156
10637.176
10637.197
10637.217
10637.238
10637.258
10637.279
10637.299
10637.320
10637.340
10637.361
10637.381
10637.402
10637.422
10637.443
10637.463
10637.484
10637.504
10637.525
10637.545
10637.566
10637.586
10637.607
10637.627
10637.648
10637.668
10637.689
10637.709
10637.730
10637.750
10637.771
10637.791
10637.812
10637.832
10637.853
10637.873
10637.894
10637.914
10637.935
10637.955
10637.976
10637.996
10638.017
10638.037
10638.058
10638.078
10638.099
10638.119
10638.140
10638.160
10638.181
10638.202
10638.222
10638.243
10638.263
10638.284
10638.304
10638.325
10638.345
10638.366
10638.386
10638.407
10638.427
10638.448
10638.468
10638.489
10638.509
10638.530
10638.550
10638.571
10638.591
10638.612
10638.632
10638.653
10638.673
10638.694
10638.714
10638.735
10638.755
10638.776
10638.796
10638.817
10638.837
10638.858
10638.878
10638.899
10638.919
10638.940
10638.960
10638.981
10639.001
10639.022
10639.042
10639.063
10639.083
10639.104
10639.124
10639.145
10639.165
10639.186
10639.206
10639.227
10639.247
10639.268
10639.288
10639.309
10639.330
10639.350
10639.371
10639.391
10639.412
10639.432
10639.453
10639.473
10639.494
10639.514
10639.535
10639.555
10639.576
10639.596
10639.617
10639.637
10639.658
10639.678
10639.699
10639.719
10639.740
10639.760
10639.781
10639.801
10639.822
10639.842
10639.863
10639.883
10639.904
10639.924
10639.945
10639.965
10639.986
10640.006
10640.027
10640.047
10640.068
10640.088
10640.109
10640.129
10640.150
10640.170
10640.191
10640.211
10640.232
10640.252
10640.273
10640.293
10640.314
10640.334
10640.355
10640.375
10640.396
10640.416
10640.437
10640.457
10640.478
10640.499
10640.519
10640.540
10640.560
10640.581
10640.601
10640.622
10640.642
10640.663
10640.683
10640.704
10640.724
10640.745
10640.765
10640.786
10640.806
10640.827
10640.847
10640.868
10640.888
10640.909
10640.929
10640.950
10640.970
10640.991
10641.011
10641.032
10641.052
10641.073
10641.093
10641.114
10641.134
10641.155
10641.175
10641.196
10641.216
10641.237
10641.257
10641.278
10641.298
10641.319
10641.339
10641.360
10641.380
10641.401
10641.421
10641.442
10641.462
10641.483
10641.503
10641.524
10641.544
10641.565
10641.585
10641.606
10641.627
10641.647
10641.668
10641.688
10641.709
10641.729
10641.750
10641.770
10641.791
10641.811
10641.832
10641.852
10641.873
10641.893
10641.914
10641.934
10641.955
10641.975
10641.996
10642.016
10642.037
10642.057
10642.078
10642.098
10642.119
10642.139
10642.160
10642.180
10642.201
10642.221
10642.242
10642.262
10642.283
10642.303
10642.324
10642.344
10642.365
10642.385
10642.406
10642.426
10642.447
10642.467
10642.488
10642.508
10642.529
10642.549
10642.570
10642.590
10642.611
10642.631
10642.652
10642.672
10642.693
10642.713
10642.734
10642.754
10642.775
10642.796
10642.816
10642.837
10642.857
10642.878
10642.898
10642.919
10642.939
10642.960
10642.980
10643.001
10643.021
10643.042
10643.062
10643.083
10643.103
10643.124
10643.144
10643.165
10643.185
10643.206
10643.226
10643.247
10643.267
10643.288
10643.308
10643.329
10643.349
10643.370
10643.390
10643.411
10643.431
10643.452
10643.472
10643.493
10643.513
10643.534
10643.554
10643.575
10643.595
10643.616
10643.636
10643.657
10643.677
10643.698
10643.718
10643.739
10643.759
10643.780
10643.800
10643.821
10643.841
10643.862
10643.882
10643.903
10643.924
10643.944
10643.965
10643.985
10644.006
10644.026
10644.047
10644.067
10644.088
10644.108
10644.129
10644.149
10644.170
10644.190
10644.211
10644.231
10644.252
10644.272
10644.293
10644.313
10644.334
10644.354
10644.375
10644.395
10644.416
10644.436
10644.457
10644.477
10644.498
10644.518
10644.539
10644.559
10644.580
10644.600
10644.621
10644.641
10644.662
10644.682
10644.703
10644.723
10644.744
10644.764
10644.785
10644.805
10644.826
10644.846
10644.867
10644.887
10644.908
10644.928
10644.949
10644.969
10644.990
10645.010
10645.031
10645.051
10645.072
10645.093
10645.113
10645.134
10645.154
10645.175
10645.195
10645.216
10645.236
10645.257
10645.277
10645.298
10645.318
10645.339
10645.359
10645.380
10645.400
10645.421
10645.441
10645.462
10645.482
10645.503
10645.523
10645.544
10645.564
10645.585
10645.605
10645.626
10645.646
10645.667
10645.687
10645.708
10645.728
10645.749
10645.769
10645.790
10645.810
10645.831
10645.851
10645.872
10645.892
10645.913
10645.933
10645.954
10645.974
10645.995
10646.015
10646.036
10646.056
10646.077
10646.097
10646.118
10646.138
10646.159
10646.179
10646.200
10646.221
10646.241
10646.262
10646.282
10646.303
10646.323
10646.344
10646.364
10646.385
10646.405
10646.426
10646.446
10646.467
10646.487
10646.508
10646.528
10646.549
10646.569
10646.590
10646.610
10646.631
10646.651
10646.672
10646.692
10646.713
10646.733
10646.754
10646.774
10646.795
10646.815
10646.836
10646.856
10646.877
10646.897
10646.918
10646.938
10646.959
10646.979
10647.000
10647.020
10647.041
10647.061
10647.082
10647.102
10647.123
10647.143
10647.164
10647.184
10647.205
10647.225
10647.246
10647.266
10647.287
10647.307
10647.328
10647.348
10647.369
10647.390
10647.410
10647.431
10647.451
10647.472
10647.492
10647.513
10647.533
10647.554
10647.574
10647.595
10647.615
10647.636
10647.656
10647.677
10647.697
10647.718
10647.738
10647.759
10647.779
10647.800
10647.820
10647.841
10647.861
10647.882
10647.902
10647.923
10647.943
10647.964
10647.984
10648.005
10648.025
10648.046
10648.066
10648.087
10648.107
10648.128
10648.148
10648.169
10648.189
10648.210
10648.230
10648.251
10648.271
10648.292
10648.312
10648.333
10648.353
10648.374
10648.394
10648.415
10648.435
10648.456
10648.476
10648.497
10648.518
10648.538
10648.559
10648.579
10648.600
10648.620
10648.641
10648.661
10648.682
10648.702
10648.723
10648.743
10648.764
10648.784
10648.805
10648.825
10648.846
10648.866
10648.887
10648.907
10648.928
10648.948
10648.969
10648.989
10649.010
10649.030
10649.051
10649.071
10649.092
10649.112
10649.133
10649.153
10649.174
10649.194
10649.215
10649.235
10649.256
10649.276
10649.297
10649.317
10649.338
10649.358
10649.379
10649.399
10649.420
10649.440
10649.461
10649.481
10649.502
10649.522
10649.543
10649.563
10649.584
10649.604
10649.625
10649.645
10649.666
10649.687
10649.707
10649.728
10649.748
10649.769
10649.789
10649.810
10649.830
10649.851
10649.871
10649.892
10649.912
10649.933
10649.953
10649.974
10649.994
10650.015
10650.035
10650.056
10650.076
10650.097
10650.117
10650.138
10650.158
10650.179
10650.199
10650.220
10650.240
10650.261
10650.281
10650.302
10650.322
10650.343
10650.363
10650.384
10650.404
10650.425
10650.445
10650.466
10650.486
10650.507
10650.527
10650.548
10650.568
10650.589
10650.609
10650.630
10650.650
10650.671
10650.691
10650.712
10650.732
10650.753
10650.773
10650.794
10650.815
10650.835
10650.856
10650.876
10650.897
10650.917
10650.938
10650.958
10650.979
10650.999
10651.020
10651.040
10651.061
10651.081
10651.102
10651.122
10651.143
10651.163
10651.184
10651.204
10651.225
10651.245
10651.266
10651.286
10651.307
10651.327
10651.348
10651.368
10651.389
10651.409
10651.430
10651.450
10651.471
10651.491
10651.512
10651.532
10651.553
10651.573
10651.594
10651.614
10651.635
10651.655
10651.676
10651.696
10651.717
10651.737
10651.758
10651.778
10651.799
10651.819
10651.840
10651.860
10651.881
10651.901
10651.922
10651.942
10651.963
10651.984
10652.004
10652.025
10652.045
10652.066
10652.086
10652.107
10652.127
10652.148
10652.168
10652.189
10652.209
10652.230
10652.250
10652.271
10652.291
10652.312
10652.332
10652.353
10652.373
10652.394
10652.414
10652.435
10652.455
10652.476
10652.496
10652.517
10652.537
10652.558
10652.578
10652.599
10652.619
10652.640
10652.660
10652.681
10652.701
10652.722
10652.742
10652.763
10652.783
10652.804
10652.824
10652.845
10652.865
10652.886
10652.906
10652.927
10652.947
10652.968
10652.988
10653.009
10653.029
10653.050
10653.070
10653.091
10653.112
10653.132
10653.153
10653.173
10653.194
10653.214
10653.235
10653.255
10653.276
10653.296
10653.317
10653.337
10653.358
10653.378
10653.399
10653.419
10653.440
10653.460
10653.481
10653.501
10653.522
10653.542
10653.563
10653.583
10653.604
10653.624
10653.645
10653.665
10653.686
10653.706
10653.727
10653.747
10653.768
10653.788
10653.809
10653.829
10653.850
10653.870
10653.891
10653.911
10653.932
10653.952
10653.973
10653.993
10654.014
10654.034
10654.055
10654.075
10654.096
10654.116
10654.137
10654.157
10654.178
10654.198
10654.219
10654.239
10654.260
10654.281
10654.301
10654.322
10654.342
10654.363
10654.383
10654.404
10654.424
10654.445
10654.465
10654.486
10654.506
10654.527
10654.547
10654.568
10654.588
10654.609
10654.629
10654.650
10654.670
10654.691
10654.711
10654.732
10654.752
10654.773
10654.793
10654.814
10654.834
10654.855
10654.875
10654.896
10654.916
10654.937
10654.957
10654.978
10654.998
10655.019
10655.039
10655.060
10655.080
10655.101
10655.121
10655.142
10655.162
10655.183
10655.203
10655.224
10655.244
10655.265
10655.285
10655.306
10655.326
10655.347
10655.367
10655.388
10655.409
10655.429
10655.450
10655.470
10655.491
10655.511
10655.532
10655.552
10655.573
10655.593
10655.614
10655.634
10655.655
10655.675
10655.696
10655.716
10655.737
10655.757
10655.778
10655.798
10655.819
10655.839
10655.860
10655.880
10655.901
10655.921
10655.942
10655.962
10655.983
10656.003
10656.024
10656.044
10656.065
10656.085
10656.106
10656.126
10656.147
10656.167
10656.188
10656.208
10656.229
10656.249
10656.270
10656.290
10656.311
10656.331
10656.352
10656.372
10656.393
10656.413
10656.434
10656.454
10656.475
10656.495
10656.516
10656.536
10656.557
10656.578
10656.598
10656.619
10656.639
10656.660
10656.680
10656.701
10656.721
10656.742
10656.762
10656.783
10656.803
10656.824
10656.844
10656.865
10656.885
10656.906
10656.926
10656.947
10656.967
10656.988
10657.008
10657.029
10657.049
10657.070
10657.090
10657.111
10657.131
10657.152
10657.172
10657.193
10657.213
10657.234
10657.254
10657.275
10657.295
10657.316
10657.336
10657.357
10657.377
10657.398
10657.418
10657.439
10657.459
10657.480
10657.500
10657.521
10657.541
10657.562
10657.582
10657.603
10657.623
10657.644
10657.664
10657.685
10657.706
10657.726
10657.747
10657.767
10657.788
10657.808
10657.829
10657.849
10657.870
10657.890
10657.911
10657.931
10657.952
10657.972
10657.993
10658.013
10658.034
10658.054
10658.075
10658.095
10658.116
10658.136
10658.157
10658.177
10658.198
10658.218
10658.239
10658.259
10658.280
10658.300
10658.321
10658.341
10658.362
10658.382
10658.403
10658.423
10658.444
10658.464
10658.485
10658.505
10658.526
10658.546
10658.567
10658.587
10658.608
10658.628
10658.649
10658.669
10658.690
10658.710
10658.731
10658.751
10658.772
10658.792
10658.813
10658.833
10658.854
10658.875
10658.895
10658.916
10658.936
10658.957
10658.977
10658.998
10659.018
10659.039
10659.059
10659.080
