 9778.000
 9778.018
 9778.035
 9778.053
 9778.070
 9778.088
 9778.106
 9778.123
 9778.141
 9778.158
 9778.176
 9778.193
 9778.211
 9778.229
 9778.246
 9778.264
 9778.281
 9778.299
 9778.317
 9778.334
 9778.352
 9778.369
 9778.387
 9778.404
 9778.422
 9778.440
 9778.457
 9778.475
 9778.492
 9778.510
 9778.528
 9778.545
 9778.563
 9778.580
 9778.598
 9778.615
 9778.633
 9778.651
 9778.668
 9778.686
 9778.703
 9778.721
 9778.739
 9778.756
 9778.774
 9778.791
 9778.809
 9778.826
 9778.844
 9778.862
 9778.879
 9778.897
 9778.914
 9778.932
 9778.950
 9778.967
 9778.985
 9779.002
 9779.020
 9779.037
 9779.055
 9779.073
 9779.090
 9779.108
 9779.125
 9779.143
 9779.161
 9779.178
 9779.196
 9779.213
 9779.231
 9779.248
 9779.266
 9779.284
 9779.301
 9779.319
 9779.336
 9779.354
 9779.372
 9779.389
 9779.407
 9779.424
 9779.442
 9779.459
 9779.477
 9779.495
 9779.512
 9779.530
 9779.547
 9779.565
 9779.583
 9779.600
 9779.618
 9779.635
 9779.653
 9779.670
 9779.688
 9779.706
 9779.723
 9779.741
 9779.758
 9779.776
 9779.794
 9779.811
 9779.829
 9779.846
 9779.864
 9779.881
 9779.899
 9779.917
 9779.934
 9779.952
 9779.969
 9779.987
 9780.005
 9780.022
 9780.040
 9780.057
 9780.075
 9780.092
 9780.110
 9780.128
 9780.145
 9780.163
 9780.180
 9780.198
 9780.216
 9780.233
 9780.251
 9780.268
 9780.286
 9780.303
 9780.321
 9780.339
 9780.356
 9780.374
 9780.391
 9780.409
 9780.427
 9780.444
 9780.462
 9780.479
 9780.497
 9780.514
 9780.532
 9780.550
 9780.567
 9780.585
 9780.602
 9780.620
 9780.638
 9780.655
 9780.673
 9780.690
 9780.708
 9780.725
 9780.743
 9780.761
 9780.778
 9780.796
 9780.813
 9780.831
 9780.849
 9780.866
 9780.884
 9780.901
 9780.919
 9780.937
 9780.954
 9780.972
 9780.989
 9781.007
 9781.024
 9781.042
 9781.060
 9781.077
 9781.095
 9781.112
 9781.130
 9781.148
 9781.165
 9781.183
 9781.200
 9781.218
 9781.235
 9781.253
 9781.271
 9781.288
 9781.306
 9781.323
 9781.341
 9781.359
 9781.376
 9781.394
 9781.411
 9781.429
 9781.446
 9781.464
 9781.482
 9781.499
 9781.517
 9781.534
 9781.552
 9781.570
 9781.587
 9781.605
 9781.622
 9781.640
 9781.657
 9781.675
 9781.693
 9781.710
 9781.728
 9781.745
 9781.763
 9781.781
 9781.798
 9781.816
 9781.833
 9781.851
 9781.868
 9781.886
 9781.904
 9781.921
 9781.939
 9781.956
 9781.974
 9781.992
 9782.009
 9782.027
 9782.044
 9782.062
 9782.079
 9782.097
 9782.115
 9782.132
 9782.150
 9782.167
 9782.185
 9782.203
 9782.220
 9782.238
 9782.255
 9782.273
 9782.290
 9782.308
 9782.326
 9782.343
 9782.361
 9782.378
 9782.396
 9782.414
 9782.431
 9782.449
 9782.466
 9782.484
 9782.501
 9782.519
 9782.537
 9782.554
 9782.572
 9782.589
 9782.607
 9782.625
 9782.642
 9782.660
 9782.677
 9782.695
 9782.712
 9782.730
 9782.748
 9782.765
 9782.783
 9782.800
 9782.818
 9782.836
 9782.853
 9782.871
 9782.888
 9782.906
 9782.923
 9782.941
 9782.959
 9782.976
 9782.994
 9783.011
 9783.029
 9783.047
 9783.064
 9783.082
 9783.099
 9783.117
 9783.134
 9783.152
 9783.170
 9783.187
 9783.205
 9783.222
 9783.240
 9783.258
 9783.275
 9783.293
 9783.310
 9783.328
 9783.345
 9783.363
 9783.381
 9783.398
 9783.416
 9783.433
 9783.451
 9783.469
 9783.486
 9783.504
 9783.521
 9783.539
 9783.556
 9783.574
 9783.592
 9783.609
 9783.627
 9783.644
 9783.662
 9783.680
 9783.697
 9783.715
 9783.732
 9783.750
 9783.768
 9783.785
 9783.803
 9783.820
 9783.838
 9783.855
 9783.873
 9783.891
 9783.908
 9783.926
 9783.943
 9783.961
 9783.979
 9783.996
 9784.014
 9784.031
 9784.049
 9784.066
 9784.084
 9784.102
 9784.119
 9784.137
 9784.154
 9784.172
 9784.190
 9784.207
 9784.225
 9784.242
 9784.260
 9784.277
 9784.295
 9784.313
 9784.330
 9784.348
 9784.365
 9784.383
 9784.401
 9784.418
 9784.436
 9784.453
 9784.471
 9784.488
 9784.506
 9784.524
 9784.541
 9784.559
 9784.576
 9784.594
 9784.612
 9784.629
 9784.647
 9784.664
 9784.682
 9784.699
 9784.717
 9784.735
 9784.752
 9784.770
 9784.787
 9784.805
 9784.823
 9784.840
 9784.858
 9784.875
 9784.893
 9784.910
 9784.928
 9784.946
 9784.963
 9784.981
 9784.998
 9785.016
 9785.034
 9785.051
 9785.069
 9785.086
 9785.104
 9785.121
 9785.139
 9785.157
 9785.174
 9785.192
 9785.209
 9785.227
 9785.245
 9785.262
 9785.280
 9785.297
 9785.315
 9785.332
 9785.350
 9785.368
 9785.385
 9785.403
 9785.420
 9785.438
 9785.456
 9785.473
 9785.491
 9785.508
 9785.526
 9785.543
 9785.561
 9785.579
 9785.596
 9785.614
 9785.631
 9785.649
 9785.667
 9785.684
 9785.702
 9785.719
 9785.737
 9785.754
 9785.772
 9785.790
 9785.807
 9785.825
 9785.842
 9785.860
 9785.878
 9785.895
 9785.913
 9785.930
 9785.948
 9785.965
 9785.983
 9786.001
 9786.018
 9786.036
 9786.053
 9786.071
 9786.089
 9786.106
 9786.124
 9786.141
 9786.159
 9786.176
 9786.194
 9786.212
 9786.229
 9786.247
 9786.264
 9786.282
 9786.300
 9786.317
 9786.335
 9786.352
 9786.370
 9786.387
 9786.405
 9786.423
 9786.440
 9786.458
 9786.475
 9786.493
 9786.511
 9786.528
 9786.546
 9786.563
 9786.581
 9786.599
 9786.616
 9786.634
 9786.651
 9786.669
 9786.686
 9786.704
 9786.722
 9786.739
 9786.757
 9786.774
 9786.792
 9786.810
 9786.827
 9786.845
 9786.862
 9786.880
 9786.897
 9786.915
 9786.933
 9786.950
 9786.968
 9786.985
 9787.003
 9787.021
 9787.038
 9787.056
 9787.073
 9787.091
 9787.108
 9787.126
 9787.144
 9787.161
 9787.179
 9787.196
 9787.214
 9787.232
 9787.249
 9787.267
 9787.284
 9787.302
 9787.319
 9787.337
 9787.355
 9787.372
 9787.390
 9787.407
 9787.425
 9787.443
 9787.460
 9787.478
 9787.495
 9787.513
 9787.530
 9787.548
 9787.566
 9787.583
 9787.601
 9787.618
 9787.636
 9787.654
 9787.671
 9787.689
 9787.706
 9787.724
 9787.741
 9787.759
 9787.777
 9787.794
 9787.812
 9787.829
 9787.847
 9787.865
 9787.882
 9787.900
 9787.917
 9787.935
 9787.952
 9787.970
 9787.988
 9788.005
 9788.023
 9788.040
 9788.058
 9788.076
 9788.093
 9788.111
 9788.128
 9788.146
 9788.163
 9788.181
 9788.199
 9788.216
 9788.234
 9788.251
 9788.269
 9788.287
 9788.304
 9788.322
 9788.339
 9788.357
 9788.374
 9788.392
 9788.410
 9788.427
 9788.445
 9788.462
 9788.480
 9788.498
 9788.515
 9788.533
 9788.550
 9788.568
 9788.585
 9788.603
 9788.621
 9788.638
 9788.656
 9788.673
 9788.691
 9788.709
 9788.726
 9788.744
 9788.761
 9788.779
 9788.796
 9788.814
 9788.832
 9788.849
 9788.867
 9788.884
 9788.902
 9788.920
 9788.937
 9788.955
 9788.972
 9788.990
 9789.007
 9789.025
 9789.043
 9789.060
 9789.078
 9789.095
 9789.113
 9789.131
 9789.148
 9789.166
 9789.183
 9789.201
 9789.218
 9789.236
 9789.254
 9789.271
 9789.289
 9789.306
 9789.324
 9789.342
 9789.359
 9789.377
 9789.394
 9789.412
 9789.430
 9789.447
 9789.465
 9789.482
 9789.500
 9789.517
 9789.535
 9789.553
 9789.570
 9789.588
 9789.605
 9789.623
 9789.641
 9789.658
 9789.676
 9789.693
 9789.711
 9789.728
 9789.746
 9789.764
 9789.781
 9789.799
 9789.816
 9789.834
 9789.852
 9789.869
 9789.887
 9789.904
 9789.922
 9789.939
 9789.957
 9789.975
 9789.992
 9790.010
 9790.027
 9790.045
 9790.063
 9790.080
 9790.098
 9790.115
 9790.133
 9790.150
 9790.168
 9790.186
 9790.203
 9790.221
 9790.238
 9790.256
 9790.274
 9790.291
 9790.309
 9790.326
 9790.344
 9790.361
 9790.379
 9790.397
 9790.414
 9790.432
 9790.449
 9790.467
 9790.485
 9790.502
 9790.520
 9790.537
 9790.555
 9790.572
 9790.590
 9790.608
 9790.625
 9790.643
 9790.660
 9790.678
 9790.696
 9790.713
 9790.731
 9790.748
 9790.766
 9790.783
 9790.801
 9790.819
 9790.836
 9790.854
 9790.871
 9790.889
 9790.907
 9790.924
 9790.942
 9790.959
 9790.977
 9790.994
 9791.012
 9791.030
 9791.047
 9791.065
 9791.082
 9791.100
 9791.118
 9791.135
 9791.153
 9791.170
 9791.188
 9791.205
 9791.223
 9791.241
 9791.258
 9791.276
 9791.293
 9791.311
 9791.329
 9791.346
 9791.364
 9791.381
 9791.399
 9791.416
 9791.434
 9791.452
 9791.469
 9791.487
 9791.504
 9791.522
 9791.540
 9791.557
 9791.575
 9791.592
 9791.610
 9791.627
 9791.645
 9791.663
 9791.680
 9791.698
 9791.715
 9791.733
 9791.751
 9791.768
 9791.786
 9791.803
 9791.821
 9791.838
 9791.856
 9791.874
 9791.891
 9791.909
 9791.926
 9791.944
 9791.962
 9791.979
 9791.997
 9792.014
 9792.032
 9792.049
 9792.067
 9792.085
 9792.102
 9792.120
 9792.137
 9792.155
 9792.173
 9792.190
 9792.208
 9792.225
 9792.243
 9792.261
 9792.278
 9792.296
 9792.313
 9792.331
 9792.348
 9792.366
 9792.384
 9792.401
 9792.419
 9792.436
 9792.454
 9792.472
 9792.489
 9792.507
 9792.524
 9792.542
 9792.559
 9792.577
 9792.595
 9792.612
 9792.630
 9792.647
 9792.665
 9792.683
 9792.700
 9792.718
 9792.735
 9792.753
 9792.770
 9792.788
 9792.806
 9792.823
 9792.841
 9792.858
 9792.876
 9792.894
 9792.911
 9792.929
 9792.946
 9792.964
 9792.981
 9792.999
 9793.017
 9793.034
 9793.052
 9793.069
 9793.087
 9793.105
 9793.122
 9793.140
 9793.157
 9793.175
 9793.192
 9793.210
 9793.228
 9793.245
 9793.263
 9793.280
 9793.298
 9793.316
 9793.333
 9793.351
 9793.368
 9793.386
 9793.403
 9793.421
 9793.439
 9793.456
 9793.474
 9793.491
 9793.509
 9793.527
 9793.544
 9793.562
 9793.579
 9793.597
 9793.614
 9793.632
 9793.650
 9793.667
 9793.685
 9793.702
 9793.720
 9793.738
 9793.755
 9793.773
 9793.790
 9793.808
 9793.825
 9793.843
 9793.861
 9793.878
 9793.896
 9793.913
 9793.931
 9793.949
 9793.966
 9793.984
 9794.001
 9794.019
 9794.036
 9794.054
 9794.072
 9794.089
 9794.107
 9794.124
 9794.142
 9794.160
 9794.177
 9794.195
 9794.212
 9794.230
 9794.247
 9794.265
 9794.283
 9794.300
 9794.318
 9794.335
 9794.353
 9794.371
 9794.388
 9794.406
 9794.423
 9794.441
 9794.458
 9794.476
 9794.494
 9794.511
 9794.529
 9794.546
 9794.564
 9794.582
 9794.599
 9794.617
 9794.634
 9794.652
 9794.669
 9794.687
 9794.705
 9794.722
 9794.740
 9794.757
 9794.775
 9794.793
 9794.810
 9794.828
 9794.845
 9794.863
 9794.880
 9794.898
 9794.916
 9794.933
 9794.951
 9794.968
 9794.986
 9795.004
 9795.021
 9795.039
 9795.056
 9795.074
 9795.092
 9795.109
 9795.127
 9795.144
 9795.162
 9795.179
 9795.197
 9795.215
 9795.232
 9795.250
 9795.267
 9795.285
 9795.303
 9795.320
 9795.338
 9795.355
 9795.373
 9795.390
 9795.408
 9795.426
 9795.443
 9795.461
 9795.478
 9795.496
 9795.514
 9795.531
 9795.549
 9795.566
 9795.584
 9795.601
 9795.619
 9795.637
 9795.654
 9795.672
 9795.689
 9795.707
 9795.725
 9795.742
 9795.760
 9795.777
 9795.795
 9795.812
 9795.830
 9795.848
 9795.865
 9795.883
 9795.900
 9795.918
 9795.936
 9795.953
 9795.971
 9795.988
 9796.006
 9796.023
 9796.041
 9796.059
 9796.076
 9796.094
 9796.111
 9796.129
 9796.147
 9796.164
 9796.182
 9796.199
 9796.217
 9796.234
 9796.252
 9796.270
 9796.287
 9796.305
 9796.322
 9796.340
 9796.358
 9796.375
 9796.393
 9796.410
 9796.428
 9796.445
 9796.463
 9796.481
 9796.498
 9796.516
 9796.533
 9796.551
 9796.569
 9796.586
 9796.604
 9796.621
 9796.639
 9796.656
 9796.674
 9796.692
 9796.709
 9796.727
 9796.744
 9796.762
 9796.780
 9796.797
 9796.815
 9796.832
 9796.850
 9796.867
 9796.885
 9796.903
 9796.920
 9796.938
 9796.955
 9796.973
 9796.991
 9797.008
 9797.026
 9797.043
 9797.061
 9797.078
 9797.096
 9797.114
 9797.131
 9797.149
 9797.166
 9797.184
 9797.202
 9797.219
 9797.237
 9797.254
 9797.272
 9797.289
 9797.307
 9797.325
 9797.342
 9797.360
 9797.377
 9797.395
 9797.413
 9797.430
 9797.448
 9797.465
 9797.483
 9797.500
 9797.518
 9797.536
 9797.553
 9797.571
 9797.588
 9797.606
 9797.624
 9797.641
 9797.659
 9797.676
 9797.694
 9797.711
 9797.729
 9797.747
 9797.764
 9797.782
 9797.799
 9797.817
 9797.835
 9797.852
 9797.870
 9797.887
 9797.905
 9797.923
 9797.940
 9797.958
 9797.975
 9797.993
 9798.010
 9798.028
 9798.046
 9798.063
 9798.081
 9798.098
 9798.116
 9798.134
 9798.151
 9798.169
 9798.186
 9798.204
 9798.221
 9798.239
 9798.257
 9798.274
 9798.292
 9798.309
 9798.327
 9798.345
 9798.362
 9798.380
 9798.397
 9798.415
 9798.432
 9798.450
 9798.468
 9798.485
 9798.503
 9798.520
 9798.538
 9798.556
 9798.573
 9798.591
 9798.608
 9798.626
 9798.643
 9798.661
 9798.679
 9798.696
 9798.714
 9798.731
 9798.749
 9798.767
 9798.784
 9798.802
 9798.819
 9798.837
 9798.854
 9798.872
 9798.890
 9798.907
 9798.925
 9798.942
 9798.960
 9798.978
 9798.995
 9799.013
 9799.030
 9799.048
 9799.065
 9799.083
 9799.101
 9799.118
 9799.136
 9799.153
 9799.171
 9799.189
 9799.206
 9799.224
 9799.241
 9799.259
 9799.276
 9799.294
 9799.312
 9799.329
 9799.347
 9799.364
 9799.382
 9799.400
 9799.417
 9799.435
 9799.452
 9799.470
 9799.487
 9799.505
 9799.523
 9799.540
 9799.558
 9799.575
 9799.593
 9799.611
 9799.628
 9799.646
 9799.663
 9799.681
 9799.698
 9799.716
 9799.734
 9799.751
 9799.769
 9799.786
 9799.804
 9799.822
 9799.839
 9799.857
 9799.874
 9799.892
 9799.909
 9799.927
 9799.945
 9799.962
 9799.980
 9799.997
 9800.015
 9800.033
 9800.050
 9800.068
 9800.085
 9800.103
 9800.120
 9800.138
 9800.156
 9800.173
 9800.191
 9800.208
 9800.226
 9800.244
 9800.261
 9800.279
 9800.296
 9800.314
 9800.331
 9800.349
 9800.367
 9800.384
 9800.402
 9800.419
 9800.437
 9800.455
 9800.472
 9800.490
 9800.507
 9800.525
 9800.542
 9800.560
 9800.578
 9800.595
 9800.613
 9800.630
 9800.648
 9800.666
 9800.683
 9800.701
 9800.718
 9800.736
 9800.754
 9800.771
 9800.789
 9800.806
 9800.824
 9800.841
 9800.859
 9800.877
 9800.894
 9800.912
 9800.929
 9800.947
 9800.965
 9800.982
 9801.000
 9801.017
 9801.035
 9801.052
 9801.070
 9801.088
 9801.105
 9801.123
 9801.140
 9801.158
 9801.176
 9801.193
 9801.211
 9801.228
 9801.246
 9801.263
 9801.281
 9801.299
 9801.316
 9801.334
 9801.351
 9801.369
 9801.387
 9801.404
 9801.422
 9801.439
 9801.457
 9801.474
 9801.492
 9801.510
 9801.527
 9801.545
 9801.562
 9801.580
 9801.598
 9801.615
 9801.633
 9801.650
 9801.668
 9801.685
 9801.703
 9801.721
 9801.738
 9801.756
 9801.773
 9801.791
 9801.809
 9801.826
 9801.844
 9801.861
 9801.879
 9801.896
 9801.914
 9801.932
 9801.949
 9801.967
 9801.984
 9802.002
 9802.020
 9802.037
 9802.055
 9802.072
 9802.090
 9802.107
 9802.125
 9802.143
 9802.160
 9802.178
 9802.195
 9802.213
 9802.231
 9802.248
 9802.266
 9802.283
 9802.301
 9802.318
 9802.336
 9802.354
 9802.371
 9802.389
 9802.406
 9802.424
 9802.442
 9802.459
 9802.477
 9802.494
 9802.512
 9802.529
 9802.547
 9802.565
 9802.582
 9802.600
 9802.617
 9802.635
 9802.653
 9802.670
 9802.688
 9802.705
 9802.723
 9802.740
 9802.758
 9802.776
 9802.793
 9802.811
 9802.828
 9802.846
 9802.864
 9802.881
 9802.899
 9802.916
 9802.934
 9802.951
 9802.969
 9802.987
 9803.004
 9803.022
 9803.039
 9803.057
 9803.075
 9803.092
 9803.110
 9803.127
 9803.145
 9803.162
 9803.180
 9803.198
 9803.215
 9803.233
 9803.250
 9803.268
 9803.286
 9803.303
 9803.321
 9803.338
 9803.356
 9803.373
 9803.391
 9803.409
 9803.426
 9803.444
 9803.461
 9803.479
 9803.497
 9803.514
 9803.532
 9803.549
 9803.567
 9803.585
 9803.602
 9803.620
 9803.637
 9803.655
 9803.672
 9803.690
 9803.708
 9803.725
 9803.743
 9803.760
 9803.778
 9803.796
 9803.813
 9803.831
 9803.848
 9803.866
 9803.883
 9803.901
 9803.919
 9803.936
 9803.954
 9803.971
 9803.989
 9804.007
 9804.024
 9804.042
 9804.059
 9804.077
 9804.094
 9804.112
 9804.130
 9804.147
 9804.165
 9804.182
 9804.200
 9804.218
 9804.235
 9804.253
 9804.270
 9804.288
 9804.305
 9804.323
 9804.341
 9804.358
 9804.376
 9804.393
 9804.411
 9804.429
 9804.446
 9804.464
 9804.481
 9804.499
 9804.516
 9804.534
 9804.552
 9804.569
 9804.587
 9804.604
 9804.622
 9804.640
 9804.657
 9804.675
 9804.692
 9804.710
 9804.727
 9804.745
 9804.763
 9804.780
 9804.798
 9804.815
 9804.833
 9804.851
 9804.868
 9804.886
 9804.903
 9804.921
 9804.938
 9804.956
 9804.974
 9804.991
 9805.009
 9805.026
 9805.044
 9805.062
 9805.079
 9805.097
 9805.114
 9805.132
 9805.149
 9805.167
 9805.185
 9805.202
 9805.220
 9805.237
 9805.255
 9805.273
 9805.290
 9805.308
 9805.325
 9805.343
 9805.360
 9805.378
 9805.396
 9805.413
 9805.431
 9805.448
 9805.466
 9805.484
 9805.501
 9805.519
 9805.536
 9805.554
 9805.571
 9805.589
 9805.607
 9805.624
 9805.642
 9805.659
 9805.677
 9805.695
 9805.712
 9805.730
 9805.747
 9805.765
 9805.782
 9805.800
 9805.818
 9805.835
 9805.853
 9805.870
 9805.888
 9805.906
 9805.923
 9805.941
 9805.958
 9805.976
 9805.993
 9806.011
 9806.029
 9806.046
 9806.064
 9806.081
 9806.099
 9806.117
 9806.134
 9806.152
 9806.169
 9806.187
 9806.204
 9806.222
 9806.240
 9806.257
 9806.275
 9806.292
 9806.310
 9806.328
 9806.345
 9806.363
 9806.380
 9806.398
 9806.415
 9806.433
 9806.451
 9806.468
 9806.486
 9806.503
 9806.521
 9806.539
 9806.556
 9806.574
 9806.591
 9806.609
 9806.627
 9806.644
 9806.662
 9806.679
 9806.697
 9806.714
 9806.732
 9806.750
 9806.767
 9806.785
 9806.802
 9806.820
 9806.838
 9806.855
 9806.873
 9806.890
 9806.908
 9806.925
 9806.943
 9806.961
 9806.978
 9806.996
 9807.013
 9807.031
 9807.049
 9807.066
 9807.084
 9807.101
 9807.119
 9807.136
 9807.154
 9807.172
 9807.189
 9807.207
 9807.224
 9807.242
 9807.260
 9807.277
 9807.295
 9807.312
 9807.330
 9807.347
 9807.365
 9807.383
 9807.400
 9807.418
 9807.435
 9807.453
 9807.471
 9807.488
 9807.506
 9807.523
 9807.541
 9807.558
 9807.576
 9807.594
 9807.611
 9807.629
 9807.646
 9807.664
 9807.682
 9807.699
 9807.717
 9807.734
 9807.752
 9807.769
 9807.787
 9807.805
 9807.822
 9807.840
 9807.857
 9807.875
 9807.893
 9807.910
 9807.928
 9807.945
 9807.963
 9807.980
 9807.998
 9808.016
 9808.033
 9808.051
 9808.068
 9808.086
 9808.104
 9808.121
 9808.139
 9808.156
 9808.174
 9808.191
 9808.209
 9808.227
 9808.244
 9808.262
 9808.279
 9808.297
 9808.315
 9808.332
 9808.350
 9808.367
 9808.385
 9808.402
 9808.420
 9808.438
 9808.455
 9808.473
 9808.490
 9808.508
 9808.526
 9808.543
 9808.561
 9808.578
 9808.596
 9808.613
 9808.631
 9808.649
 9808.666
 9808.684
 9808.701
 9808.719
 9808.737
 9808.754
 9808.772
 9808.789
 9808.807
 9808.824
 9808.842
 9808.860
 9808.877
 9808.895
 9808.912
 9808.930
 9808.948
 9808.965
 9808.983
 9809.000
 9809.018
 9809.035
 9809.053
 9809.071
 9809.088
 9809.106
 9809.123
 9809.141
 9809.159
 9809.176
 9809.194
 9809.211
 9809.229
 9809.246
 9809.264
 9809.282
 9809.299
 9809.317
 9809.334
 9809.352
 9809.370
 9809.387
 9809.405
 9809.422
 9809.440
 9809.458
 9809.475
 9809.493
 9809.510
 9809.528
 9809.545
 9809.563
 9809.581
 9809.598
 9809.616
 9809.633
 9809.651
 9809.669
 9809.686
 9809.704
 9809.721
 9809.739
 9809.756
 9809.774
 9809.792
 9809.809
 9809.827
 9809.844
 9809.862
 9809.880
 9809.897
 9809.915
 9809.932
 9809.950
 9809.967
 9809.985
 9810.003
 9810.020
 9810.038
 9810.055
 9810.073
 9810.091
 9810.108
 9810.126
 9810.143
 9810.161
 9810.178
 9810.196
 9810.214
 9810.231
 9810.249
 9810.266
 9810.284
 9810.302
 9810.319
 9810.337
 9810.354
 9810.372
 9810.389
 9810.407
 9810.425
 9810.442
 9810.460
 9810.477
 9810.495
 9810.513
 9810.530
 9810.548
 9810.565
 9810.583
 9810.600
 9810.618
 9810.636
 9810.653
 9810.671
 9810.688
 9810.706
 9810.724
 9810.741
 9810.759
 9810.776
 9810.794
 9810.811
 9810.829
 9810.847
 9810.864
 9810.882
 9810.899
 9810.917
 9810.935
 9810.952
 9810.970
 9810.987
 9811.005
 9811.022
 9811.040
 9811.058
 9811.075
 9811.093
 9811.110
 9811.128
 9811.146
 9811.163
 9811.181
 9811.198
 9811.216
 9811.233
 9811.251
 9811.269
 9811.286
 9811.304
 9811.321
 9811.339
 9811.357
 9811.374
 9811.392
 9811.409
 9811.427
 9811.444
 9811.462
 9811.480
 9811.497
 9811.515
 9811.532
 9811.550
 9811.568
 9811.585
 9811.603
 9811.620
 9811.638
 9811.655
 9811.673
 9811.691
 9811.708
 9811.726
 9811.743
 9811.761
 9811.779
 9811.796
 9811.814
 9811.831
 9811.849
 9811.866
 9811.884
 9811.902
 9811.919
 9811.937
 9811.954
 9811.972
 9811.990
 9812.007
 9812.025
 9812.042
 9812.060
 9812.077
 9812.095
 9812.113
 9812.130
 9812.148
 9812.165
 9812.183
 9812.201
 9812.218
 9812.236
 9812.253
 9812.271
 9812.289
 9812.306
 9812.324
 9812.341
 9812.359
 9812.376
 9812.394
 9812.412
 9812.429
 9812.447
 9812.464
 9812.482
 9812.500
 9812.517
 9812.535
 9812.552
 9812.570
 9812.587
 9812.605
 9812.623
 9812.640
 9812.658
 9812.675
 9812.693
 9812.711
 9812.728
 9812.746
 9812.763
 9812.781
 9812.798
 9812.816
 9812.834
 9812.851
 9812.869
 9812.886
 9812.904
 9812.922
 9812.939
 9812.957
 9812.974
 9812.992
 9813.009
 9813.027
 9813.045
 9813.062
 9813.080
 9813.097
 9813.115
 9813.133
 9813.150
 9813.168
 9813.185
 9813.203
 9813.220
 9813.238
 9813.256
 9813.273
 9813.291
 9813.308
 9813.326
 9813.344
 9813.361
 9813.379
 9813.396
 9813.414
 9813.431
 9813.449
 9813.467
 9813.484
 9813.502
 9813.519
 9813.537
 9813.555
 9813.572
 9813.590
 9813.607
 9813.625
 9813.642
 9813.660
 9813.678
 9813.695
 9813.713
 9813.730
 9813.748
 9813.766
 9813.783
 9813.801
 9813.818
 9813.836
 9813.853
 9813.871
 9813.889
 9813.906
 9813.924
 9813.941
 9813.959
 9813.977
 9813.994
 9814.012
 9814.029
 9814.047
 9814.064
 9814.082
 9814.100
 9814.117
 9814.135
 9814.152
 9814.170
 9814.188
 9814.205
 9814.223
 9814.240
 9814.258
 9814.275
 9814.293
 9814.311
 9814.328
 9814.346
 9814.363
 9814.381
 9814.399
 9814.416
 9814.434
 9814.451
 9814.469
 9814.486
 9814.504
 9814.522
 9814.539
 9814.557
 9814.574
 9814.592
 9814.610
 9814.627
 9814.645
 9814.662
 9814.680
 9814.697
 9814.715
 9814.733
 9814.750
 9814.768
 9814.785
 9814.803
 9814.821
 9814.838
 9814.856
 9814.873
 9814.891
 9814.908
 9814.926
 9814.944
 9814.961
 9814.979
 9814.996
 9815.014
 9815.032
 9815.049
 9815.067
 9815.084
 9815.102
 9815.120
 9815.137
 9815.155
 9815.172
 9815.190
 9815.207
 9815.225
 9815.243
 9815.260
 9815.278
 9815.295
 9815.313
 9815.331
 9815.348
 9815.366
 9815.383
 9815.401
 9815.418
 9815.436
 9815.454
 9815.471
 9815.489
 9815.506
 9815.524
 9815.542
 9815.559
 9815.577
 9815.594
 9815.612
 9815.629
 9815.647
 9815.665
 9815.682
 9815.700
 9815.717
 9815.735
 9815.753
 9815.770
 9815.788
 9815.805
 9815.823
 9815.840
 9815.858
 9815.876
 9815.893
 9815.911
 9815.928
 9815.946
 9815.964
 9815.981
 9815.999
 9816.016
 9816.034
 9816.051
 9816.069
 9816.087
 9816.104
 9816.122
 9816.139
 9816.157
 9816.175
 9816.192
 9816.210
 9816.227
 9816.245
 9816.262
 9816.280
 9816.298
 9816.315
 9816.333
 9816.350
 9816.368
 9816.386
 9816.403
 9816.421
 9816.438
 9816.456
 9816.473
 9816.491
 9816.509
 9816.526
 9816.544
 9816.561
 9816.579
 9816.597
 9816.614
 9816.632
 9816.649
 9816.667
 9816.684
 9816.702
 9816.720
 9816.737
 9816.755
 9816.772
 9816.790
 9816.808
 9816.825
 9816.843
 9816.860
 9816.878
 9816.895
 9816.913
 9816.931
 9816.948
 9816.966
 9816.983
 9817.001
 9817.019
 9817.036
 9817.054
 9817.071
 9817.089
 9817.106
 9817.124
 9817.142
 9817.159
 9817.177
 9817.194
 9817.212
 9817.230
 9817.247
 9817.265
 9817.282
 9817.300
 9817.317
 9817.335
 9817.353
 9817.370
 9817.388
 9817.405
 9817.423
 9817.441
 9817.458
 9817.476
 9817.493
 9817.511
 9817.528
 9817.546
 9817.564
 9817.581
 9817.599
 9817.616
 9817.634
 9817.652
 9817.669
 9817.687
 9817.704
 9817.722
 9817.739
 9817.757
 9817.775
 9817.792
 9817.810
 9817.827
 9817.845
 9817.863
 9817.880
 9817.898
 9817.915
 9817.933
 9817.951
 9817.968
 9817.986
 9818.003
 9818.021
 9818.038
 9818.056
 9818.074
 9818.091
 9818.109
 9818.126
 9818.144
 9818.162
 9818.179
 9818.197
 9818.214
 9818.232
 9818.249
 9818.267
 9818.285
 9818.302
 9818.320
 9818.337
 9818.355
 9818.373
 9818.390
 9818.408
 9818.425
 9818.443
 9818.460
 9818.478
 9818.496
 9818.513
 9818.531
 9818.548
 9818.566
 9818.584
 9818.601
 9818.619
 9818.636
 9818.654
 9818.671
 9818.689
 9818.707
 9818.724
 9818.742
 9818.759
 9818.777
 9818.795
 9818.812
 9818.830
 9818.847
 9818.865
 9818.882
 9818.900
 9818.918
 9818.935
 9818.953
 9818.970
 9818.988
 9819.006
 9819.023
 9819.041
 9819.058
 9819.076
 9819.093
 9819.111
 9819.129
 9819.146
 9819.164
 9819.181
 9819.199
 9819.217
 9819.234
 9819.252
 9819.269
 9819.287
 9819.304
 9819.322
 9819.340
 9819.357
 9819.375
 9819.392
 9819.410
 9819.428
 9819.445
 9819.463
 9819.480
 9819.498
 9819.515
 9819.533
 9819.551
 9819.568
 9819.586
 9819.603
 9819.621
 9819.639
 9819.656
 9819.674
 9819.691
 9819.709
 9819.726
 9819.744
 9819.762
 9819.779
 9819.797
 9819.814
 9819.832
 9819.850
 9819.867
 9819.885
 9819.902
 9819.920
 9819.937
 9819.955
 9819.973
 9819.990
 9820.008
 9820.025
 9820.043
 9820.061
 9820.078
 9820.096
 9820.113
 9820.131
 9820.148
 9820.166
 9820.184
 9820.201
 9820.219
 9820.236
 9820.254
 9820.272
 9820.289
 9820.307
 9820.324
 9820.342
 9820.359
 9820.377
 9820.395
 9820.412
 9820.430
 9820.447
 9820.465
 9820.483
 9820.500
 9820.518
 9820.535
 9820.553
 9820.570
 9820.588
 9820.606
 9820.623
 9820.641
 9820.658
 9820.676
 9820.694
 9820.711
 9820.729
 9820.746
 9820.764
 9820.782
 9820.799
 9820.817
 9820.834
 9820.852
 9820.869
 9820.887
 9820.905
 9820.922
 9820.940
 9820.957
 9820.975
 9820.993
 9821.010
 9821.028
 9821.045
 9821.063
 9821.080
 9821.098
 9821.116
 9821.133
 9821.151
 9821.168
 9821.186
 9821.204
 9821.221
 9821.239
 9821.256
 9821.274
 9821.291
 9821.309
 9821.327
 9821.344
 9821.362
 9821.379
 9821.397
 9821.415
 9821.432
 9821.450
 9821.467
 9821.485
 9821.502
 9821.520
 9821.538
 9821.555
 9821.573
 9821.590
 9821.608
 9821.626
 9821.643
 9821.661
 9821.678
 9821.696
 9821.713
 9821.731
 9821.749
 9821.766
 9821.784
 9821.801
 9821.819
 9821.837
 9821.854
 9821.872
 9821.889
 9821.907
 9821.924
 9821.942
 9821.960
 9821.977
 9821.995
 9822.012
 9822.030
 9822.048
 9822.065
 9822.083
 9822.100
 9822.118
 9822.135
 9822.153
 9822.171
 9822.188
 9822.206
 9822.223
 9822.241
 9822.259
 9822.276
 9822.294
 9822.311
 9822.329
 9822.346
 9822.364
 9822.382
 9822.399
 9822.417
 9822.434
 9822.452
 9822.470
 9822.487
 9822.505
 9822.522
 9822.540
 9822.557
 9822.575
 9822.593
 9822.610
 9822.628
 9822.645
 9822.663
 9822.681
 9822.698
 9822.716
 9822.733
 9822.751
 9822.768
 9822.786
 9822.804
 9822.821
 9822.839
 9822.856
 9822.874
 9822.892
 9822.909
 9822.927
 9822.944
 9822.962
 9822.979
 9822.997
 9823.015
 9823.032
 9823.050
 9823.067
 9823.085
 9823.103
 9823.120
 9823.138
 9823.155
 9823.173
 9823.190
 9823.208
 9823.226
 9823.243
 9823.261
 9823.278
 9823.296
 9823.314
 9823.331
 9823.349
 9823.366
 9823.384
 9823.401
 9823.419
 9823.437
 9823.454
 9823.472
 9823.489
 9823.507
 9823.525
 9823.542
 9823.560
 9823.577
 9823.595
 9823.613
 9823.630
 9823.648
 9823.665
 9823.683
 9823.700
 9823.718
 9823.736
 9823.753
 9823.771
 9823.788
 9823.806
 9823.824
 9823.841
 9823.859
 9823.876
 9823.894
 9823.911
 9823.929
 9823.947
 9823.964
 9823.982
 9823.999
 9824.017
 9824.035
 9824.052
 9824.070
 9824.087
 9824.105
 9824.122
 9824.140
 9824.158
 9824.175
 9824.193
 9824.210
 9824.228
 9824.246
 9824.263
 9824.281
 9824.298
 9824.316
 9824.333
 9824.351
 9824.369
 9824.386
 9824.404
 9824.421
 9824.439
 9824.457
 9824.474
 9824.492
 9824.509
 9824.527
 9824.544
 9824.562
 9824.580
 9824.597
 9824.615
 9824.632
 9824.650
 9824.668
 9824.685
 9824.703
 9824.720
 9824.738
 9824.755
 9824.773
 9824.791
 9824.808
 9824.826
 9824.843
 9824.861
 9824.879
 9824.896
 9824.914
 9824.931
 9824.949
 9824.966
 9824.984
 9825.002
 9825.019
 9825.037
 9825.054
 9825.072
 9825.090
 9825.107
 9825.125
 9825.142
 9825.160
 9825.177
 9825.195
 9825.213
 9825.230
 9825.248
 9825.265
 9825.283
 9825.301
 9825.318
 9825.336
 9825.353
 9825.371
 9825.388
 9825.406
 9825.424
 9825.441
 9825.459
 9825.476
 9825.494
 9825.512
 9825.529
 9825.547
 9825.564
 9825.582
 9825.599
 9825.617
 9825.635
 9825.652
 9825.670
 9825.687
 9825.705
 9825.723
 9825.740
 9825.758
 9825.775
 9825.793
 9825.810
 9825.828
 9825.846
 9825.863
 9825.881
 9825.898
 9825.916
 9825.934
 9825.951
 9825.969
 9825.986
 9826.004
 9826.021
 9826.039
 9826.057
 9826.074
 9826.092
 9826.109
 9826.127
 9826.145
 9826.162
 9826.180
 9826.197
 9826.215
 9826.232
 9826.250
 9826.268
 9826.285
 9826.303
 9826.320
 9826.338
 9826.356
 9826.373
 9826.391
 9826.408
 9826.426
 9826.444
 9826.461
 9826.479
 9826.496
 9826.514
 9826.531
 9826.549
 9826.567
 9826.584
 9826.602
 9826.619
 9826.637
 9826.655
 9826.672
 9826.690
 9826.707
 9826.725
 9826.742
 9826.760
 9826.778
 9826.795
 9826.813
 9826.830
 9826.848
 9826.866
 9826.883
 9826.901
 9826.918
 9826.936
 9826.953
 9826.971
 9826.989
 9827.006
 9827.024
 9827.041
 9827.059
 9827.077
 9827.094
 9827.112
 9827.129
 9827.147
 9827.164
 9827.182
 9827.200
 9827.217
 9827.235
 9827.252
 9827.270
 9827.288
 9827.305
 9827.323
 9827.340
 9827.358
 9827.375
 9827.393
 9827.411
 9827.428
 9827.446
 9827.463
 9827.481
 9827.499
 9827.516
 9827.534
 9827.551
 9827.569
 9827.586
 9827.604
 9827.622
 9827.639
 9827.657
 9827.674
 9827.692
 9827.710
 9827.727
 9827.745
 9827.762
 9827.780
 9827.797
 9827.815
 9827.833
 9827.850
 9827.868
 9827.885
 9827.903
 9827.921
 9827.938
 9827.956
 9827.973
 9827.991
 9828.008
 9828.026
 9828.044
 9828.061
 9828.079
 9828.096
 9828.114
 9828.132
 9828.149
 9828.167
 9828.184
 9828.202
 9828.219
 9828.237
 9828.255
 9828.272
 9828.290
 9828.307
 9828.325
 9828.343
 9828.360
 9828.378
 9828.395
 9828.413
 9828.430
 9828.448
 9828.466
 9828.483
 9828.501
 9828.518
 9828.536
 9828.554
 9828.571
 9828.589
 9828.606
 9828.624
 9828.641
 9828.659
 9828.677
 9828.694
 9828.712
 9828.729
 9828.747
 9828.765
 9828.782
 9828.800
 9828.817
 9828.835
 9828.852
 9828.870
 9828.888
 9828.905
 9828.923
 9828.940
 9828.958
 9828.976
 9828.993
 9829.011
 9829.028
 9829.046
 9829.063
 9829.081
 9829.099
 9829.116
 9829.134
 9829.151
 9829.169
 9829.187
 9829.204
 9829.222
 9829.239
 9829.257
 9829.275
 9829.292
 9829.310
 9829.327
 9829.345
 9829.362
 9829.380
 9829.398
 9829.415
 9829.433
 9829.450
 9829.468
 9829.486
 9829.503
 9829.521
 9829.538
 9829.556
 9829.573
 9829.591
 9829.609
 9829.626
 9829.644
 9829.661
 9829.679
 9829.697
 9829.714
 9829.732
 9829.749
 9829.767
 9829.784
 9829.802
 9829.820
 9829.837
 9829.855
 9829.872
 9829.890
 9829.908
 9829.925
 9829.943
 9829.960
 9829.978
 9829.995
 9830.013
 9830.031
 9830.048
 9830.066
 9830.083
 9830.101
 9830.119
 9830.136
 9830.154
 9830.171
 9830.189
 9830.206
 9830.224
 9830.242
 9830.259
 9830.277
 9830.294
 9830.312
 9830.330
 9830.347
 9830.365
 9830.382
 9830.400
 9830.417
 9830.435
 9830.453
 9830.470
 9830.488
 9830.505
 9830.523
 9830.541
 9830.558
 9830.576
 9830.593
 9830.611
 9830.628
 9830.646
 9830.664
 9830.681
 9830.699
 9830.716
 9830.734
 9830.752
 9830.769
 9830.787
 9830.804
 9830.822
 9830.839
 9830.857
 9830.875
 9830.892
 9830.910
 9830.927
 9830.945
 9830.963
 9830.980
 9830.998
 9831.015
 9831.033
 9831.050
 9831.068
 9831.086
 9831.103
 9831.121
 9831.138
 9831.156
 9831.174
 9831.191
 9831.209
 9831.226
 9831.244
 9831.261
 9831.279
 9831.297
 9831.314
 9831.332
 9831.349
 9831.367
 9831.385
 9831.402
 9831.420
 9831.437
 9831.455
 9831.472
 9831.490
 9831.508
 9831.525
 9831.543
 9831.560
 9831.578
 9831.596
 9831.613
 9831.631
 9831.648
 9831.666
 9831.683
 9831.701
 9831.719
 9831.736
 9831.754
 9831.771
 9831.789
 9831.807
 9831.824
 9831.842
 9831.859
 9831.877
 9831.894
 9831.912
 9831.930
 9831.947
 9831.965
 9831.982
 9832.000
