10533.114
10533.134
10533.155
10533.175
10533.196
10533.216
10533.237
10533.257
10533.278
10533.298
10533.319
10533.339
10533.360
10533.380
10533.401
10533.421
10533.442
10533.462
10533.483
10533.503
10533.524
10533.544
10533.565
10533.585
10533.606
10533.626
10533.647
10533.668
10533.688
10533.709
10533.729
10533.750
10533.770
10533.791
10533.811
10533.832
10533.852
10533.873
10533.893
10533.914
10533.934
10533.955
10533.975
10533.996
10534.016
10534.037
10534.057
10534.078
10534.098
10534.119
10534.139
10534.160
10534.180
10534.201
10534.221
10534.242
10534.262
10534.283
10534.303
10534.324
10534.344
10534.365
10534.385
10534.406
10534.426
10534.447
10534.467
10534.488
10534.508
10534.529
10534.549
10534.570
10534.590
10534.611
10534.631
10534.652
10534.672
10534.693
10534.713
10534.734
10534.754
10534.775
10534.795
10534.816
10534.837
10534.857
10534.878
10534.898
10534.919
10534.939
10534.960
10534.980
10535.001
10535.021
10535.042
10535.062
10535.083
10535.103
10535.124
10535.144
10535.165
10535.185
10535.206
10535.226
10535.247
10535.267
10535.288
10535.308
10535.329
10535.349
10535.370
10535.390
10535.411
10535.431
10535.452
10535.472
10535.493
10535.513
10535.534
10535.554
10535.575
10535.595
10535.616
10535.636
10535.657
10535.677
10535.698
10535.718
10535.739
10535.759
10535.780
10535.800
10535.821
10535.841
10535.862
10535.882
10535.903
10535.923
10535.944
10535.965
10535.985
10536.006
10536.026
10536.047
10536.067
10536.088
10536.108
10536.129
10536.149
10536.170
10536.190
10536.211
10536.231
10536.252
10536.272
10536.293
10536.313
10536.334
10536.354
10536.375
10536.395
10536.416
10536.436
10536.457
10536.477
10536.498
10536.518
10536.539
10536.559
10536.580
10536.600
10536.621
10536.641
10536.662
10536.682
10536.703
10536.723
10536.744
10536.764
10536.785
10536.805
10536.826
10536.846
10536.867
10536.887
10536.908
10536.928
10536.949
10536.969
10536.990
10537.010
10537.031
10537.051
10537.072
10537.092
10537.113
10537.134
10537.154
10537.175
10537.195
10537.216
10537.236
10537.257
10537.277
10537.298
10537.318
10537.339
10537.359
10537.380
10537.400
10537.421
10537.441
10537.462
10537.482
10537.503
10537.523
10537.544
10537.564
10537.585
10537.605
10537.626
10537.646
10537.667
10537.687
10537.708
10537.728
10537.749
10537.769
10537.790
10537.810
10537.831
10537.851
10537.872
10537.892
10537.913
10537.933
10537.954
10537.974
10537.995
10538.015
10538.036
10538.056
10538.077
10538.097
10538.118
10538.138
10538.159
10538.179
10538.200
10538.220
10538.241
10538.262
10538.282
10538.303
10538.323
10538.344
10538.364
10538.385
10538.405
10538.426
10538.446
10538.467
10538.487
10538.508
10538.528
10538.549
10538.569
10538.590
10538.610
10538.631
10538.651
10538.672
10538.692
10538.713
10538.733
10538.754
10538.774
10538.795
10538.815
10538.836
10538.856
10538.877
10538.897
10538.918
10538.938
10538.959
10538.979
10539.000
10539.020
10539.041
10539.061
10539.082
10539.102
10539.123
10539.143
10539.164
10539.184
10539.205
10539.225
10539.246
10539.266
10539.287
10539.307
10539.328
10539.348
10539.369
10539.389
10539.410
10539.431
10539.451
10539.472
10539.492
10539.513
10539.533
10539.554
10539.574
10539.595
10539.615
10539.636
10539.656
10539.677
10539.697
10539.718
10539.738
10539.759
10539.779
10539.800
10539.820
10539.841
10539.861
10539.882
10539.902
10539.923
10539.943
10539.964
10539.984
10540.005
10540.025
10540.046
10540.066
10540.087
10540.107
10540.128
10540.148
10540.169
10540.189
10540.210
10540.230
10540.251
10540.271
10540.292
10540.312
10540.333
10540.353
10540.374
10540.394
10540.415
10540.435
10540.456
10540.476
10540.497
10540.517
10540.538
10540.559
10540.579
10540.600
10540.620
10540.641
10540.661
10540.682
10540.702
10540.723
10540.743
10540.764
10540.784
10540.805
10540.825
10540.846
10540.866
10540.887
10540.907
10540.928
10540.948
10540.969
10540.989
10541.010
10541.030
10541.051
10541.071
10541.092
10541.112
10541.133
10541.153
10541.174
10541.194
10541.215
10541.235
10541.256
10541.276
10541.297
10541.317
10541.338
10541.358
10541.379
10541.399
10541.420
10541.440
10541.461
10541.481
10541.502
10541.522
10541.543
10541.563
10541.584
10541.604
10541.625
10541.645
10541.666
10541.686
10541.707
10541.728
10541.748
10541.769
10541.789
10541.810
10541.830
10541.851
10541.871
10541.892
10541.912
10541.933
10541.953
10541.974
10541.994
10542.015
10542.035
10542.056
10542.076
10542.097
10542.117
10542.138
10542.158
10542.179
10542.199
10542.220
10542.240
10542.261
10542.281
10542.302
10542.322
10542.343
10542.363
10542.384
10542.404
10542.425
10542.445
10542.466
10542.486
10542.507
10542.527
10542.548
10542.568
10542.589
10542.609
10542.630
10542.650
10542.671
10542.691
10542.712
10542.732
10542.753
10542.773
10542.794
10542.814
10542.835
10542.856
10542.876
10542.897
10542.917
10542.938
10542.958
10542.979
10542.999
10543.020
10543.040
10543.061
10543.081
10543.102
10543.122
10543.143
10543.163
10543.184
10543.204
10543.225
10543.245
10543.266
10543.286
10543.307
10543.327
10543.348
10543.368
10543.389
10543.409
10543.430
10543.450
10543.471
10543.491
10543.512
10543.532
10543.553
10543.573
10543.594
10543.614
10543.635
10543.655
10543.676
10543.696
10543.717
10543.737
10543.758
10543.778
10543.799
10543.819
10543.840
10543.860
10543.881
10543.901
10543.922
10543.942
10543.963
10543.983
10544.004
10544.025
10544.045
10544.066
10544.086
10544.107
10544.127
10544.148
10544.168
10544.189
10544.209
10544.230
10544.250
10544.271
10544.291
10544.312
10544.332
10544.353
10544.373
10544.394
10544.414
10544.435
10544.455
10544.476
10544.496
10544.517
10544.537
10544.558
10544.578
10544.599
10544.619
10544.640
10544.660
10544.681
10544.701
10544.722
10544.742
10544.763
10544.783
10544.804
10544.824
10544.845
10544.865
10544.886
10544.906
10544.927
10544.947
10544.968
10544.988
10545.009
10545.029
10545.050
10545.070
10545.091
10545.111
10545.132
10545.153
10545.173
10545.194
10545.214
10545.235
10545.255
10545.276
10545.296
10545.317
10545.337
10545.358
10545.378
10545.399
10545.419
10545.440
10545.460
10545.481
10545.501
10545.522
10545.542
10545.563
10545.583
10545.604
10545.624
10545.645
10545.665
10545.686
10545.706
10545.727
10545.747
10545.768
10545.788
10545.809
10545.829
10545.850
10545.870
10545.891
10545.911
10545.932
10545.952
10545.973
10545.993
10546.014
10546.034
10546.055
10546.075
10546.096
10546.116
10546.137
10546.157
10546.178
10546.198
10546.219
10546.239
10546.260
10546.280
10546.301
10546.322
10546.342
10546.363
10546.383
10546.404
10546.424
10546.445
10546.465
10546.486
10546.506
10546.527
10546.547
10546.568
10546.588
10546.609
10546.629
10546.650
10546.670
10546.691
10546.711
10546.732
10546.752
10546.773
10546.793
10546.814
10546.834
10546.855
10546.875
10546.896
10546.916
10546.937
10546.957
10546.978
10546.998
10547.019
10547.039
10547.060
10547.080
10547.101
10547.121
10547.142
10547.162
10547.183
10547.203
10547.224
10547.244
10547.265
10547.285
10547.306
10547.326
10547.347
10547.367
10547.388
10547.408
10547.429
10547.450
10547.470
10547.491
10547.511
10547.532
10547.552
10547.573
10547.593
10547.614
10547.634
10547.655
10547.675
10547.696
10547.716
10547.737
10547.757
10547.778
10547.798
10547.819
10547.839
10547.860
10547.880
10547.901
10547.921
10547.942
10547.962
10547.983
10548.003
10548.024
10548.044
10548.065
10548.085
10548.106
10548.126
10548.147
10548.167
10548.188
10548.208
10548.229
10548.249
10548.270
10548.290
10548.311
10548.331
10548.352
10548.372
10548.393
10548.413
10548.434
10548.454
10548.475
10548.495
10548.516
10548.536
10548.557
10548.577
10548.598
10548.619
10548.639
10548.660
10548.680
10548.701
10548.721
10548.742
10548.762
10548.783
10548.803
10548.824
10548.844
10548.865
10548.885
10548.906
10548.926
10548.947
10548.967
10548.988
10549.008
10549.029
10549.049
10549.070
10549.090
10549.111
10549.131
10549.152
10549.172
10549.193
10549.213
10549.234
10549.254
10549.275
10549.295
10549.316
10549.336
10549.357
10549.377
10549.398
10549.418
10549.439
10549.459
10549.480
10549.500
10549.521
10549.541
10549.562
10549.582
10549.603
10549.623
10549.644
10549.664
10549.685
10549.705
10549.726
10549.747
10549.767
10549.788
10549.808
10549.829
10549.849
10549.870
10549.890
10549.911
10549.931
10549.952
10549.972
10549.993
10550.013
10550.034
10550.054
10550.075
10550.095
10550.116
10550.136
10550.157
10550.177
10550.198
10550.218
10550.239
10550.259
10550.280
10550.300
10550.321
10550.341
10550.362
10550.382
10550.403
10550.423
10550.444
10550.464
10550.485
10550.505
10550.526
10550.546
10550.567
10550.587
10550.608
10550.628
10550.649
10550.669
10550.690
10550.710
10550.731
10550.751
10550.772
10550.792
10550.813
10550.833
10550.854
10550.874
10550.895
10550.916
10550.936
10550.957
10550.977
10550.998
10551.018
10551.039
10551.059
10551.080
10551.100
10551.121
10551.141
10551.162
10551.182
10551.203
10551.223
10551.244
10551.264
10551.285
10551.305
10551.326
10551.346
10551.367
10551.387
10551.408
10551.428
10551.449
10551.469
10551.490
10551.510
10551.531
10551.551
10551.572
10551.592
10551.613
10551.633
10551.654
10551.674
10551.695
10551.715
10551.736
10551.756
10551.777
10551.797
10551.818
10551.838
10551.859
10551.879
10551.900
10551.920
10551.941
10551.961
10551.982
10552.002
10552.023
10552.044
10552.064
10552.085
10552.105
10552.126
10552.146
10552.167
10552.187
10552.208
10552.228
10552.249
10552.269
10552.290
10552.310
10552.331
10552.351
10552.372
10552.392
10552.413
10552.433
10552.454
10552.474
10552.495
10552.515
10552.536
10552.556
10552.577
10552.597
10552.618
10552.638
10552.659
10552.679
10552.700
10552.720
10552.741
10552.761
10552.782
10552.802
10552.823
10552.843
10552.864
10552.884
10552.905
10552.925
10552.946
10552.966
10552.987
10553.007
10553.028
10553.048
10553.069
10553.089
10553.110
10553.130
10553.151
10553.171
10553.192
10553.213
10553.233
10553.254
10553.274
10553.295
10553.315
10553.336
10553.356
10553.377
10553.397
10553.418
10553.438
10553.459
10553.479
10553.500
10553.520
10553.541
10553.561
10553.582
10553.602
10553.623
10553.643
10553.664
10553.684
10553.705
10553.725
10553.746
10553.766
10553.787
10553.807
10553.828
10553.848
10553.869
10553.889
10553.910
10553.930
10553.951
10553.971
10553.992
10554.012
10554.033
10554.053
10554.074
10554.094
10554.115
10554.135
10554.156
10554.176
10554.197
10554.217
10554.238
10554.258
10554.279
10554.299
10554.320
10554.341
10554.361
10554.382
10554.402
10554.423
10554.443
10554.464
10554.484
10554.505
10554.525
10554.546
10554.566
10554.587
10554.607
10554.628
10554.648
10554.669
10554.689
10554.710
10554.730
10554.751
10554.771
10554.792
10554.812
10554.833
10554.853
10554.874
10554.894
10554.915
10554.935
10554.956
10554.976
10554.997
10555.017
10555.038
10555.058
10555.079
10555.099
10555.120
10555.140
10555.161
10555.181
10555.202
10555.222
10555.243
10555.263
10555.284
10555.304
10555.325
10555.345
10555.366
10555.386
10555.407
10555.427
10555.448
10555.468
10555.489
10555.510
10555.530
10555.551
10555.571
10555.592
10555.612
10555.633
10555.653
10555.674
10555.694
10555.715
10555.735
10555.756
10555.776
10555.797
10555.817
10555.838
10555.858
10555.879
10555.899
10555.920
10555.940
10555.961
10555.981
10556.002
10556.022
10556.043
10556.063
10556.084
10556.104
10556.125
10556.145
10556.166
10556.186
10556.207
10556.227
10556.248
10556.268
10556.289
10556.309
10556.330
10556.350
10556.371
10556.391
10556.412
10556.432
10556.453
10556.473
10556.494
10556.514
10556.535
10556.555
10556.576
10556.596
10556.617
10556.638
10556.658
10556.679
10556.699
10556.720
10556.740
10556.761
10556.781
10556.802
10556.822
10556.843
10556.863
10556.884
10556.904
10556.925
10556.945
10556.966
10556.986
10557.007
10557.027
10557.048
10557.068
10557.089
10557.109
10557.130
10557.150
10557.171
10557.191
10557.212
10557.232
10557.253
10557.273
10557.294
10557.314
10557.335
10557.355
10557.376
10557.396
10557.417
10557.437
10557.458
10557.478
10557.499
10557.519
10557.540
10557.560
10557.581
10557.601
10557.622
10557.642
10557.663
10557.683
10557.704
10557.724
10557.745
10557.765
10557.786
10557.807
10557.827
10557.848
10557.868
10557.889
10557.909
10557.930
10557.950
10557.971
10557.991
10558.012
10558.032
10558.053
10558.073
10558.094
10558.114
10558.135
10558.155
10558.176
10558.196
10558.217
10558.237
10558.258
10558.278
10558.299
10558.319
10558.340
10558.360
10558.381
10558.401
10558.422
10558.442
10558.463
10558.483
10558.504
10558.524
10558.545
10558.565
10558.586
10558.606
10558.627
10558.647
10558.668
10558.688
10558.709
10558.729
10558.750
10558.770
10558.791
10558.811
10558.832
10558.852
10558.873
10558.893
10558.914
10558.935
10558.955
10558.976
10558.996
10559.017
10559.037
10559.058
10559.078
10559.099
10559.119
10559.140
10559.160
10559.181
10559.201
10559.222
10559.242
10559.263
10559.283
10559.304
10559.324
10559.345
10559.365
10559.386
10559.406
10559.427
10559.447
10559.468
10559.488
10559.509
10559.529
10559.550
10559.570
10559.591
10559.611
10559.632
10559.652
10559.673
10559.693
10559.714
10559.734
10559.755
10559.775
10559.796
10559.816
10559.837
10559.857
10559.878
10559.898
10559.919
10559.939
10559.960
10559.980
10560.001
10560.021
10560.042
10560.062
10560.083
10560.104
10560.124
10560.145
10560.165
10560.186
10560.206
10560.227
10560.247
10560.268
10560.288
10560.309
10560.329
10560.350
10560.370
10560.391
10560.411
10560.432
10560.452
10560.473
10560.493
10560.514
10560.534
10560.555
10560.575
10560.596
10560.616
10560.637
10560.657
10560.678
10560.698
10560.719
10560.739
10560.760
10560.780
10560.801
10560.821
10560.842
10560.862
10560.883
10560.903
10560.924
10560.944
10560.965
10560.985
10561.006
10561.026
10561.047
10561.067
10561.088
10561.108
10561.129
10561.149
10561.170
10561.190
10561.211
10561.232
10561.252
10561.273
10561.293
10561.314
10561.334
10561.355
10561.375
10561.396
10561.416
10561.437
10561.457
10561.478
10561.498
10561.519
10561.539
10561.560
10561.580
10561.601
10561.621
10561.642
10561.662
10561.683
10561.703
10561.724
10561.744
10561.765
10561.785
10561.806
10561.826
10561.847
10561.867
10561.888
10561.908
10561.929
10561.949
10561.970
10561.990
10562.011
10562.031
10562.052
10562.072
10562.093
10562.113
10562.134
10562.154
10562.175
10562.195
10562.216
10562.236
10562.257
10562.277
10562.298
10562.318
10562.339
10562.359
10562.380
10562.401
10562.421
10562.442
10562.462
10562.483
10562.503
10562.524
10562.544
10562.565
10562.585
10562.606
10562.626
10562.647
10562.667
10562.688
10562.708
10562.729
10562.749
10562.770
10562.790
10562.811
10562.831
10562.852
10562.872
10562.893
10562.913
10562.934
10562.954
10562.975
10562.995
10563.016
10563.036
10563.057
10563.077
10563.098
10563.118
10563.139
10563.159
10563.180
10563.200
10563.221
10563.241
10563.262
10563.282
10563.303
10563.323
10563.344
10563.364
10563.385
10563.405
10563.426
10563.446
10563.467
10563.487
10563.508
10563.529
10563.549
10563.570
10563.590
10563.611
10563.631
10563.652
10563.672
10563.693
10563.713
10563.734
10563.754
10563.775
10563.795
10563.816
10563.836
10563.857
10563.877
10563.898
10563.918
10563.939
10563.959
10563.980
10564.000
10564.021
10564.041
10564.062
10564.082
10564.103
10564.123
10564.144
10564.164
10564.185
10564.205
10564.226
10564.246
10564.267
10564.287
10564.308
10564.328
10564.349
10564.369
10564.390
10564.410
10564.431
10564.451
10564.472
10564.492
10564.513
10564.533
10564.554
10564.574
10564.595
10564.615
10564.636
10564.656
10564.677
10564.698
10564.718
10564.739
10564.759
10564.780
10564.800
10564.821
10564.841
10564.862
10564.882
10564.903
10564.923
10564.944
10564.964
10564.985
10565.005
10565.026
10565.046
10565.067
10565.087
10565.108
10565.128
10565.149
10565.169
10565.190
10565.210
10565.231
10565.251
10565.272
10565.292
10565.313
10565.333
10565.354
10565.374
10565.395
10565.415
10565.436
10565.456
10565.477
10565.497
10565.518
10565.538
10565.559
10565.579
10565.600
10565.620
10565.641
10565.661
10565.682
10565.702
10565.723
10565.743
10565.764
10565.784
10565.805
10565.826
10565.846
10565.867
10565.887
10565.908
10565.928
10565.949
10565.969
10565.990
10566.010
10566.031
10566.051
10566.072
10566.092
10566.113
10566.133
10566.154
10566.174
10566.195
10566.215
10566.236
10566.256
10566.277
10566.297
10566.318
10566.338
10566.359
10566.379
10566.400
10566.420
10566.441
10566.461
10566.482
10566.502
10566.523
10566.543
10566.564
10566.584
10566.605
10566.625
10566.646
10566.666
10566.687
10566.707
10566.728
10566.748
10566.769
10566.789
10566.810
10566.830
10566.851
10566.871
10566.892
10566.912
10566.933
10566.953
10566.974
10566.995
10567.015
10567.036
10567.056
10567.077
10567.097
10567.118
10567.138
10567.159
10567.179
10567.200
10567.220
10567.241
10567.261
10567.282
10567.302
10567.323
10567.343
10567.364
10567.384
10567.405
10567.425
10567.446
10567.466
10567.487
10567.507
10567.528
10567.548
10567.569
10567.589
10567.610
10567.630
10567.651
10567.671
10567.692
10567.712
10567.733
10567.753
10567.774
10567.794
10567.815
10567.835
10567.856
10567.876
10567.897
10567.917
10567.938
10567.958
10567.979
10567.999
10568.020
10568.040
10568.061
10568.081
10568.102
10568.123
10568.143
10568.164
10568.184
10568.205
10568.225
10568.246
10568.266
10568.287
10568.307
10568.328
10568.348
10568.369
10568.389
10568.410
10568.430
10568.451
10568.471
10568.492
10568.512
10568.533
10568.553
10568.574
10568.594
10568.615
10568.635
10568.656
10568.676
10568.697
10568.717
10568.738
10568.758
10568.779
10568.799
10568.820
10568.840
10568.861
10568.881
10568.902
10568.922
10568.943
10568.963
10568.984
10569.004
10569.025
10569.045
10569.066
10569.086
10569.107
10569.127
10569.148
10569.168
10569.189
10569.209
10569.230
10569.250
10569.271
10569.292
10569.312
10569.333
10569.353
10569.374
10569.394
10569.415
10569.435
10569.456
10569.476
10569.497
10569.517
10569.538
10569.558
10569.579
10569.599
10569.620
10569.640
10569.661
10569.681
10569.702
10569.722
10569.743
10569.763
10569.784
10569.804
10569.825
10569.845
10569.866
10569.886
10569.907
10569.927
10569.948
10569.968
10569.989
10570.009
10570.030
10570.050
10570.071
10570.091
10570.112
10570.132
10570.153
10570.173
10570.194
10570.214
10570.235
10570.255
10570.276
10570.296
10570.317
10570.337
10570.358
10570.378
10570.399
10570.420
10570.440
10570.461
10570.481
10570.502
10570.522
10570.543
10570.563
10570.584
10570.604
10570.625
10570.645
10570.666
10570.686
10570.707
10570.727
10570.748
10570.768
10570.789
10570.809
10570.830
10570.850
10570.871
10570.891
10570.912
10570.932
10570.953
10570.973
10570.994
10571.014
10571.035
10571.055
10571.076
10571.096
10571.117
10571.137
10571.158
10571.178
10571.199
10571.219
10571.240
10571.260
10571.281
10571.301
10571.322
10571.342
10571.363
10571.383
10571.404
10571.424
10571.445
10571.465
10571.486
10571.506
10571.527
10571.547
10571.568
10571.589
10571.609
10571.630
10571.650
10571.671
10571.691
10571.712
10571.732
10571.753
10571.773
10571.794
10571.814
10571.835
10571.855
10571.876
10571.896
10571.917
10571.937
10571.958
10571.978
10571.999
10572.019
10572.040
10572.060
10572.081
10572.101
10572.122
10572.142
10572.163
10572.183
10572.204
10572.224
10572.245
10572.265
10572.286
10572.306
10572.327
10572.347
10572.368
10572.388
10572.409
10572.429
10572.450
10572.470
10572.491
10572.511
10572.532
10572.552
10572.573
10572.593
10572.614
10572.634
10572.655
10572.675
10572.696
10572.717
10572.737
10572.758
10572.778
10572.799
10572.819
10572.840
10572.860
10572.881
10572.901
10572.922
10572.942
10572.963
10572.983
10573.004
10573.024
10573.045
10573.065
10573.086
10573.106
10573.127
10573.147
10573.168
10573.188
10573.209
10573.229
10573.250
10573.270
10573.291
10573.311
10573.332
10573.352
10573.373
10573.393
10573.414
10573.434
10573.455
10573.475
10573.496
10573.516
10573.537
10573.557
10573.578
10573.598
10573.619
10573.639
10573.660
10573.680
10573.701
10573.721
10573.742
10573.762
10573.783
10573.803
10573.824
10573.844
10573.865
10573.886
10573.906
10573.927
10573.947
10573.968
10573.988
10574.009
10574.029
10574.050
10574.070
10574.091
10574.111
10574.132
10574.152
10574.173
10574.193
10574.214
10574.234
10574.255
10574.275
10574.296
10574.316
10574.337
10574.357
10574.378
10574.398
10574.419
10574.439
10574.460
10574.480
10574.501
10574.521
10574.542
10574.562
10574.583
10574.603
10574.624
10574.644
10574.665
10574.685
10574.706
10574.726
10574.747
10574.767
10574.788
10574.808
10574.829
10574.849
10574.870
10574.890
10574.911
10574.931
10574.952
10574.972
10574.993
10575.014
10575.034
10575.055
10575.075
10575.096
10575.116
10575.137
10575.157
10575.178
10575.198
10575.219
10575.239
10575.260
10575.280
10575.301
10575.321
10575.342
10575.362
10575.383
10575.403
10575.424
10575.444
10575.465
10575.485
10575.506
10575.526
10575.547
10575.567
10575.588
10575.608
10575.629
10575.649
10575.670
10575.690
10575.711
10575.731
10575.752
10575.772
10575.793
10575.813
10575.834
10575.854
10575.875
10575.895
10575.916
10575.936
10575.957
10575.977
10575.998
10576.018
10576.039
10576.059
10576.080
10576.100
10576.121
10576.141
10576.162
10576.183
10576.203
10576.224
10576.244
10576.265
10576.285
10576.306
10576.326
10576.347
10576.367
10576.388
10576.408
10576.429
10576.449
10576.470
10576.490
10576.511
10576.531
10576.552
10576.572
10576.593
10576.613
10576.634
10576.654
10576.675
10576.695
10576.716
10576.736
10576.757
10576.777
10576.798
10576.818
10576.839
10576.859
10576.880
10576.900
10576.921
10576.941
10576.962
10576.982
10577.003
10577.023
10577.044
10577.064
10577.085
10577.105
10577.126
10577.146
10577.167
10577.187
10577.208
10577.228
10577.249
10577.269
10577.290
10577.311
10577.331
10577.352
10577.372
10577.393
10577.413
10577.434
10577.454
10577.475
10577.495
10577.516
10577.536
10577.557
10577.577
10577.598
10577.618
10577.639
10577.659
10577.680
10577.700
10577.721
10577.741
10577.762
10577.782
10577.803
10577.823
10577.844
10577.864
10577.885
10577.905
10577.926
10577.946
10577.967
10577.987
10578.008
10578.028
10578.049
10578.069
10578.090
10578.110
10578.131
10578.151
10578.172
10578.192
10578.213
10578.233
10578.254
10578.274
10578.295
10578.315
10578.336
10578.356
10578.377
10578.397
10578.418
10578.438
10578.459
10578.480
10578.500
10578.521
10578.541
10578.562
10578.582
10578.603
10578.623
10578.644
10578.664
10578.685
10578.705
10578.726
10578.746
10578.767
10578.787
10578.808
10578.828
10578.849
10578.869
10578.890
10578.910
10578.931
10578.951
10578.972
10578.992
10579.013
10579.033
10579.054
10579.074
10579.095
10579.115
10579.136
10579.156
10579.177
10579.197
10579.218
10579.238
10579.259
10579.279
10579.300
10579.320
10579.341
10579.361
10579.382
10579.402
10579.423
10579.443
10579.464
10579.484
10579.505
10579.525
10579.546
10579.566
10579.587
10579.608
10579.628
10579.649
10579.669
10579.690
10579.710
10579.731
10579.751
10579.772
10579.792
10579.813
10579.833
10579.854
10579.874
10579.895
10579.915
10579.936
10579.956
10579.977
10579.997
10580.018
10580.038
10580.059
10580.079
10580.100
10580.120
10580.141
10580.161
10580.182
10580.202
10580.223
10580.243
10580.264
10580.284
10580.305
10580.325
10580.346
10580.366
10580.387
10580.407
10580.428
10580.448
10580.469
10580.489
10580.510
10580.530
10580.551
10580.571
10580.592
10580.612
10580.633
10580.653
10580.674
10580.694
10580.715
10580.735
10580.756
10580.777
10580.797
10580.818
10580.838
10580.859
10580.879
10580.900
10580.920
10580.941
10580.961
10580.982
10581.002
10581.023
10581.043
10581.064
10581.084
10581.105
10581.125
10581.146
10581.166
10581.187
10581.207
10581.228
10581.248
10581.269
10581.289
10581.310
10581.330
10581.351
10581.371
10581.392
10581.412
10581.433
10581.453
10581.474
10581.494
10581.515
10581.535
10581.556
10581.576
10581.597
10581.617
10581.638
10581.658
10581.679
10581.699
10581.720
10581.740
10581.761
10581.781
10581.802
10581.822
10581.843
10581.863
10581.884
10581.905
10581.925
10581.946
10581.966
10581.987
10582.007
10582.028
10582.048
10582.069
10582.089
10582.110
10582.130
10582.151
10582.171
10582.192
10582.212
10582.233
10582.253
10582.274
10582.294
10582.315
10582.335
10582.356
10582.376
10582.397
10582.417
10582.438
10582.458
10582.479
10582.499
10582.520
10582.540
10582.561
10582.581
10582.602
10582.622
10582.643
10582.663
10582.684
10582.704
10582.725
10582.745
10582.766
10582.786
10582.807
10582.827
10582.848
10582.868
10582.889
10582.909
10582.930
10582.950
10582.971
10582.991
10583.012
10583.032
10583.053
10583.074
10583.094
10583.115
10583.135
10583.156
10583.176
10583.197
10583.217
10583.238
10583.258
10583.279
10583.299
10583.320
10583.340
10583.361
10583.381
10583.402
10583.422
10583.443
10583.463
10583.484
10583.504
10583.525
10583.545
10583.566
10583.586
10583.607
10583.627
10583.648
10583.668
10583.689
10583.709
10583.730
10583.750
10583.771
10583.791
10583.812
10583.832
10583.853
10583.873
10583.894
10583.914
10583.935
10583.955
10583.976
10583.996
10584.017
10584.037
10584.058
10584.078
10584.099
10584.119
10584.140
10584.160
10584.181
10584.202
10584.222
10584.243
10584.263
10584.284
10584.304
10584.325
10584.345
10584.366
10584.386
10584.407
10584.427
10584.448
10584.468
10584.489
10584.509
10584.530
10584.550
10584.571
10584.591
10584.612
10584.632
10584.653
10584.673
10584.694
10584.714
10584.735
10584.755
10584.776
10584.796
10584.817
10584.837
10584.858
10584.878
10584.899
10584.919
10584.940
10584.960
10584.981
10585.001
10585.022
10585.042
10585.063
10585.083
10585.104
10585.124
10585.145
10585.165
10585.186
10585.206
10585.227
10585.247
10585.268
10585.288
10585.309
10585.329
10585.350
10585.371
10585.391
10585.412
10585.432
10585.453
10585.473
10585.494
10585.514
10585.535
10585.555
10585.576
10585.596
10585.617
10585.637
10585.658
10585.678
10585.699
10585.719
10585.740
10585.760
10585.781
10585.801
10585.822
10585.842
10585.863
10585.883
10585.904
10585.924
10585.945
10585.965
10585.986
10586.006
10586.027
10586.047
10586.068
10586.088
10586.109
10586.129
10586.150
10586.170
10586.191
10586.211
10586.232
10586.252
10586.273
10586.293
10586.314
10586.334
10586.355
10586.375
10586.396
10586.416
10586.437
10586.457
10586.478
10586.499
10586.519
10586.540
10586.560
10586.581
10586.601
10586.622
10586.642
10586.663
10586.683
10586.704
10586.724
10586.745
10586.765
10586.786
10586.806
10586.827
10586.847
10586.868
10586.888
10586.909
10586.929
10586.950
10586.970
10586.991
10587.011
10587.032
10587.052
10587.073
10587.093
10587.114
10587.134
10587.155
10587.175
10587.196
10587.216
10587.237
10587.257
10587.278
10587.298
10587.319
10587.339
10587.360
10587.380
10587.401
10587.421
10587.442
10587.462
10587.483
10587.503
10587.524
10587.544
10587.565
10587.585
10587.606
10587.626
10587.647
10587.668
10587.688
10587.709
10587.729
10587.750
10587.770
10587.791
10587.811
10587.832
10587.852
10587.873
10587.893
10587.914
10587.934
10587.955
10587.975
10587.996
10588.016
10588.037
10588.057
10588.078
10588.098
10588.119
10588.139
10588.160
10588.180
10588.201
10588.221
10588.242
10588.262
10588.283
10588.303
10588.324
10588.344
10588.365
10588.385
10588.406
10588.426
10588.447
10588.467
10588.488
10588.508
10588.529
10588.549
10588.570
10588.590
10588.611
10588.631
10588.652
10588.672
10588.693
10588.713
10588.734
10588.754
10588.775
10588.796
10588.816
10588.837
10588.857
10588.878
10588.898
10588.919
10588.939
10588.960
10588.980
10589.001
10589.021
10589.042
10589.062
10589.083
10589.103
10589.124
10589.144
10589.165
10589.185
10589.206
10589.226
10589.247
10589.267
10589.288
10589.308
10589.329
10589.349
10589.370
10589.390
10589.411
10589.431
10589.452
10589.472
10589.493
10589.513
10589.534
10589.554
10589.575
10589.595
10589.616
10589.636
10589.657
10589.677
10589.698
10589.718
10589.739
10589.759
10589.780
10589.800
10589.821
10589.841
10589.862
10589.882
10589.903
10589.923
10589.944
10589.965
10589.985
10590.006
10590.026
10590.047
10590.067
10590.088
10590.108
10590.129
10590.149
10590.170
10590.190
10590.211
10590.231
10590.252
10590.272
10590.293
10590.313
10590.334
10590.354
10590.375
10590.395
10590.416
10590.436
10590.457
10590.477
10590.498
10590.518
10590.539
10590.559
10590.580
10590.600
10590.621
10590.641
10590.662
10590.682
10590.703
10590.723
10590.744
10590.764
10590.785
10590.805
10590.826
10590.846
10590.867
10590.887
10590.908
10590.928
10590.949
10590.969
10590.990
10591.010
10591.031
10591.051
10591.072
10591.093
10591.113
10591.134
10591.154
10591.175
10591.195
10591.216
10591.236
10591.257
10591.277
10591.298
10591.318
10591.339
10591.359
10591.380
10591.400
10591.421
10591.441
10591.462
10591.482
10591.503
10591.523
10591.544
10591.564
10591.585
10591.605
10591.626
10591.646
10591.667
10591.687
10591.708
10591.728
10591.749
10591.769
10591.790
10591.810
10591.831
10591.851
10591.872
10591.892
10591.913
10591.933
10591.954
10591.974
10591.995
10592.015
10592.036
10592.056
10592.077
10592.097
10592.118
10592.138
10592.159
10592.179
10592.200
10592.220
10592.241
10592.262
10592.282
10592.303
10592.323
10592.344
10592.364
10592.385
10592.405
10592.426
10592.446
10592.467
10592.487
10592.508
10592.528
10592.549
10592.569
10592.590
10592.610
10592.631
10592.651
10592.672
10592.692
10592.713
10592.733
10592.754
10592.774
10592.795
10592.815
10592.836
10592.856
10592.877
10592.897
10592.918
10592.938
10592.959
10592.979
10593.000
10593.020
10593.041
10593.061
10593.082
10593.102
10593.123
10593.143
10593.164
10593.184
10593.205
10593.225
10593.246
10593.266
10593.287
10593.307
10593.328
10593.348
10593.369
10593.390
10593.410
10593.431
10593.451
10593.472
10593.492
10593.513
10593.533
10593.554
10593.574
10593.595
10593.615
10593.636
10593.656
10593.677
10593.697
10593.718
10593.738
10593.759
10593.779
10593.800
10593.820
10593.841
10593.861
10593.882
10593.902
10593.923
10593.943
10593.964
10593.984
10594.005
10594.025
10594.046
10594.066
10594.087
10594.107
10594.128
10594.148
10594.169
10594.189
10594.210
10594.230
10594.251
10594.271
10594.292
10594.312
10594.333
10594.353
10594.374
10594.394
10594.415
10594.435
10594.456
10594.476
10594.497
10594.517
10594.538
10594.559
10594.579
10594.600
10594.620
10594.641
10594.661
10594.682
10594.702
10594.723
10594.743
10594.764
10594.784
10594.805
10594.825
10594.846
10594.866
10594.887
10594.907
10594.928
10594.948
10594.969
10594.989
10595.010
10595.030
10595.051
10595.071
10595.092
10595.112
10595.133
10595.153
10595.174
10595.194
10595.215
10595.235
10595.256
10595.276
10595.297
10595.317
10595.338
10595.358
10595.379
10595.399
10595.420
10595.440
10595.461
10595.481
10595.502
10595.522
10595.543
10595.563
10595.584
10595.604
10595.625
10595.645
10595.666
10595.687
10595.707
10595.728
10595.748
10595.769
10595.789
10595.810
10595.830
10595.851
10595.871
10595.892
10595.912
10595.933
10595.953
10595.974
10595.994
10596.015
10596.035
10596.056
10596.076
10596.097
