 9724.000
 9724.018
 9724.035
 9724.053
 9724.070
 9724.088
 9724.106
 9724.123
 9724.141
 9724.158
 9724.176
 9724.193
 9724.211
 9724.229
 9724.246
 9724.264
 9724.281
 9724.299
 9724.317
 9724.334
 9724.352
 9724.369
 9724.387
 9724.404
 9724.422
 9724.440
 9724.457
 9724.475
 9724.492
 9724.510
 9724.528
 9724.545
 9724.563
 9724.580
 9724.598
 9724.615
 9724.633
 9724.651
 9724.668
 9724.686
 9724.703
 9724.721
 9724.739
 9724.756
 9724.774
 9724.791
 9724.809
 9724.826
 9724.844
 9724.862
 9724.879
 9724.897
 9724.914
 9724.932
 9724.950
 9724.967
 9724.985
 9725.002
 9725.020
 9725.037
 9725.055
 9725.073
 9725.090
 9725.108
 9725.125
 9725.143
 9725.161
 9725.178
 9725.196
 9725.213
 9725.231
 9725.248
 9725.266
 9725.284
 9725.301
 9725.319
 9725.336
 9725.354
 9725.372
 9725.389
 9725.407
 9725.424
 9725.442
 9725.459
 9725.477
 9725.495
 9725.512
 9725.530
 9725.547
 9725.565
 9725.583
 9725.600
 9725.618
 9725.635
 9725.653
 9725.670
 9725.688
 9725.706
 9725.723
 9725.741
 9725.758
 9725.776
 9725.794
 9725.811
 9725.829
 9725.846
 9725.864
 9725.881
 9725.899
 9725.917
 9725.934
 9725.952
 9725.969
 9725.987
 9726.005
 9726.022
 9726.040
 9726.057
 9726.075
 9726.092
 9726.110
 9726.128
 9726.145
 9726.163
 9726.180
 9726.198
 9726.216
 9726.233
 9726.251
 9726.268
 9726.286
 9726.303
 9726.321
 9726.339
 9726.356
 9726.374
 9726.391
 9726.409
 9726.427
 9726.444
 9726.462
 9726.479
 9726.497
 9726.514
 9726.532
 9726.550
 9726.567
 9726.585
 9726.602
 9726.620
 9726.638
 9726.655
 9726.673
 9726.690
 9726.708
 9726.725
 9726.743
 9726.761
 9726.778
 9726.796
 9726.813
 9726.831
 9726.849
 9726.866
 9726.884
 9726.901
 9726.919
 9726.937
 9726.954
 9726.972
 9726.989
 9727.007
 9727.024
 9727.042
 9727.060
 9727.077
 9727.095
 9727.112
 9727.130
 9727.148
 9727.165
 9727.183
 9727.200
 9727.218
 9727.235
 9727.253
 9727.271
 9727.288
 9727.306
 9727.323
 9727.341
 9727.359
 9727.376
 9727.394
 9727.411
 9727.429
 9727.446
 9727.464
 9727.482
 9727.499
 9727.517
 9727.534
 9727.552
 9727.570
 9727.587
 9727.605
 9727.622
 9727.640
 9727.657
 9727.675
 9727.693
 9727.710
 9727.728
 9727.745
 9727.763
 9727.781
 9727.798
 9727.816
 9727.833
 9727.851
 9727.868
 9727.886
 9727.904
 9727.921
 9727.939
 9727.956
 9727.974
 9727.992
 9728.009
 9728.027
 9728.044
 9728.062
 9728.079
 9728.097
 9728.115
 9728.132
 9728.150
 9728.167
 9728.185
 9728.203
 9728.220
 9728.238
 9728.255
 9728.273
 9728.290
 9728.308
 9728.326
 9728.343
 9728.361
 9728.378
 9728.396
 9728.414
 9728.431
 9728.449
 9728.466
 9728.484
 9728.501
 9728.519
 9728.537
 9728.554
 9728.572
 9728.589
 9728.607
 9728.625
 9728.642
 9728.660
 9728.677
 9728.695
 9728.712
 9728.730
 9728.748
 9728.765
 9728.783
 9728.800
 9728.818
 9728.836
 9728.853
 9728.871
 9728.888
 9728.906
 9728.923
 9728.941
 9728.959
 9728.976
 9728.994
 9729.011
 9729.029
 9729.047
 9729.064
 9729.082
 9729.099
 9729.117
 9729.134
 9729.152
 9729.170
 9729.187
 9729.205
 9729.222
 9729.240
 9729.258
 9729.275
 9729.293
 9729.310
 9729.328
 9729.345
 9729.363
 9729.381
 9729.398
 9729.416
 9729.433
 9729.451
 9729.469
 9729.486
 9729.504
 9729.521
 9729.539
 9729.556
 9729.574
 9729.592
 9729.609
 9729.627
 9729.644
 9729.662
 9729.680
 9729.697
 9729.715
 9729.732
 9729.750
 9729.768
 9729.785
 9729.803
 9729.820
 9729.838
 9729.855
 9729.873
 9729.891
 9729.908
 9729.926
 9729.943
 9729.961
 9729.979
 9729.996
 9730.014
 9730.031
 9730.049
 9730.066
 9730.084
 9730.102
 9730.119
 9730.137
 9730.154
 9730.172
 9730.190
 9730.207
 9730.225
 9730.242
 9730.260
 9730.277
 9730.295
 9730.313
 9730.330
 9730.348
 9730.365
 9730.383
 9730.401
 9730.418
 9730.436
 9730.453
 9730.471
 9730.488
 9730.506
 9730.524
 9730.541
 9730.559
 9730.576
 9730.594
 9730.612
 9730.629
 9730.647
 9730.664
 9730.682
 9730.699
 9730.717
 9730.735
 9730.752
 9730.770
 9730.787
 9730.805
 9730.823
 9730.840
 9730.858
 9730.875
 9730.893
 9730.910
 9730.928
 9730.946
 9730.963
 9730.981
 9730.998
 9731.016
 9731.034
 9731.051
 9731.069
 9731.086
 9731.104
 9731.121
 9731.139
 9731.157
 9731.174
 9731.192
 9731.209
 9731.227
 9731.245
 9731.262
 9731.280
 9731.297
 9731.315
 9731.332
 9731.350
 9731.368
 9731.385
 9731.403
 9731.420
 9731.438
 9731.456
 9731.473
 9731.491
 9731.508
 9731.526
 9731.543
 9731.561
 9731.579
 9731.596
 9731.614
 9731.631
 9731.649
 9731.667
 9731.684
 9731.702
 9731.719
 9731.737
 9731.754
 9731.772
 9731.790
 9731.807
 9731.825
 9731.842
 9731.860
 9731.878
 9731.895
 9731.913
 9731.930
 9731.948
 9731.965
 9731.983
 9732.001
 9732.018
 9732.036
 9732.053
 9732.071
 9732.089
 9732.106
 9732.124
 9732.141
 9732.159
 9732.176
 9732.194
 9732.212
 9732.229
 9732.247
 9732.264
 9732.282
 9732.300
 9732.317
 9732.335
 9732.352
 9732.370
 9732.387
 9732.405
 9732.423
 9732.440
 9732.458
 9732.475
 9732.493
 9732.511
 9732.528
 9732.546
 9732.563
 9732.581
 9732.599
 9732.616
 9732.634
 9732.651
 9732.669
 9732.686
 9732.704
 9732.722
 9732.739
 9732.757
 9732.774
 9732.792
 9732.810
 9732.827
 9732.845
 9732.862
 9732.880
 9732.897
 9732.915
 9732.933
 9732.950
 9732.968
 9732.985
 9733.003
 9733.021
 9733.038
 9733.056
 9733.073
 9733.091
 9733.108
 9733.126
 9733.144
 9733.161
 9733.179
 9733.196
 9733.214
 9733.232
 9733.249
 9733.267
 9733.284
 9733.302
 9733.319
 9733.337
 9733.355
 9733.372
 9733.390
 9733.407
 9733.425
 9733.443
 9733.460
 9733.478
 9733.495
 9733.513
 9733.530
 9733.548
 9733.566
 9733.583
 9733.601
 9733.618
 9733.636
 9733.654
 9733.671
 9733.689
 9733.706
 9733.724
 9733.741
 9733.759
 9733.777
 9733.794
 9733.812
 9733.829
 9733.847
 9733.865
 9733.882
 9733.900
 9733.917
 9733.935
 9733.952
 9733.970
 9733.988
 9734.005
 9734.023
 9734.040
 9734.058
 9734.076
 9734.093
 9734.111
 9734.128
 9734.146
 9734.163
 9734.181
 9734.199
 9734.216
 9734.234
 9734.251
 9734.269
 9734.287
 9734.304
 9734.322
 9734.339
 9734.357
 9734.374
 9734.392
 9734.410
 9734.427
 9734.445
 9734.462
 9734.480
 9734.498
 9734.515
 9734.533
 9734.550
 9734.568
 9734.585
 9734.603
 9734.621
 9734.638
 9734.656
 9734.673
 9734.691
 9734.709
 9734.726
 9734.744
 9734.761
 9734.779
 9734.796
 9734.814
 9734.832
 9734.849
 9734.867
 9734.884
 9734.902
 9734.920
 9734.937
 9734.955
 9734.972
 9734.990
 9735.007
 9735.025
 9735.043
 9735.060
 9735.078
 9735.095
 9735.113
 9735.131
 9735.148
 9735.166
 9735.183
 9735.201
 9735.218
 9735.236
 9735.254
 9735.271
 9735.289
 9735.306
 9735.324
 9735.342
 9735.359
 9735.377
 9735.394
 9735.412
 9735.430
 9735.447
 9735.465
 9735.482
 9735.500
 9735.517
 9735.535
 9735.553
 9735.570
 9735.588
 9735.605
 9735.623
 9735.641
 9735.658
 9735.676
 9735.693
 9735.711
 9735.728
 9735.746
 9735.764
 9735.781
 9735.799
 9735.816
 9735.834
 9735.852
 9735.869
 9735.887
 9735.904
 9735.922
 9735.939
 9735.957
 9735.975
 9735.992
 9736.010
 9736.027
 9736.045
 9736.063
 9736.080
 9736.098
 9736.115
 9736.133
 9736.150
 9736.168
 9736.186
 9736.203
 9736.221
 9736.238
 9736.256
 9736.274
 9736.291
 9736.309
 9736.326
 9736.344
 9736.361
 9736.379
 9736.397
 9736.414
 9736.432
 9736.449
 9736.467
 9736.485
 9736.502
 9736.520
 9736.537
 9736.555
 9736.572
 9736.590
 9736.608
 9736.625
 9736.643
 9736.660
 9736.678
 9736.696
 9736.713
 9736.731
 9736.748
 9736.766
 9736.783
 9736.801
 9736.819
 9736.836
 9736.854
 9736.871
 9736.889
 9736.907
 9736.924
 9736.942
 9736.959
 9736.977
 9736.994
 9737.012
 9737.030
 9737.047
 9737.065
 9737.082
 9737.100
 9737.118
 9737.135
 9737.153
 9737.170
 9737.188
 9737.205
 9737.223
 9737.241
 9737.258
 9737.276
 9737.293
 9737.311
 9737.329
 9737.346
 9737.364
 9737.381
 9737.399
 9737.416
 9737.434
 9737.452
 9737.469
 9737.487
 9737.504
 9737.522
 9737.540
 9737.557
 9737.575
 9737.592
 9737.610
 9737.627
 9737.645
 9737.663
 9737.680
 9737.698
 9737.715
 9737.733
 9737.751
 9737.768
 9737.786
 9737.803
 9737.821
 9737.838
 9737.856
 9737.874
 9737.891
 9737.909
 9737.926
 9737.944
 9737.962
 9737.979
 9737.997
 9738.014
 9738.032
 9738.049
 9738.067
 9738.085
 9738.102
 9738.120
 9738.137
 9738.155
 9738.173
 9738.190
 9738.208
 9738.225
 9738.243
 9738.261
 9738.278
 9738.296
 9738.313
 9738.331
 9738.348
 9738.366
 9738.384
 9738.401
 9738.419
 9738.436
 9738.454
 9738.472
 9738.489
 9738.507
 9738.524
 9738.542
 9738.559
 9738.577
 9738.595
 9738.612
 9738.630
 9738.647
 9738.665
 9738.683
 9738.700
 9738.718
 9738.735
 9738.753
 9738.770
 9738.788
 9738.806
 9738.823
 9738.841
 9738.858
 9738.876
 9738.894
 9738.911
 9738.929
 9738.946
 9738.964
 9738.981
 9738.999
 9739.017
 9739.034
 9739.052
 9739.069
 9739.087
 9739.105
 9739.122
 9739.140
 9739.157
 9739.175
 9739.192
 9739.210
 9739.228
 9739.245
 9739.263
 9739.280
 9739.298
 9739.316
 9739.333
 9739.351
 9739.368
 9739.386
 9739.403
 9739.421
 9739.439
 9739.456
 9739.474
 9739.491
 9739.509
 9739.527
 9739.544
 9739.562
 9739.579
 9739.597
 9739.614
 9739.632
 9739.650
 9739.667
 9739.685
 9739.702
 9739.720
 9739.738
 9739.755
 9739.773
 9739.790
 9739.808
 9739.825
 9739.843
 9739.861
 9739.878
 9739.896
 9739.913
 9739.931
 9739.949
 9739.966
 9739.984
 9740.001
 9740.019
 9740.036
 9740.054
 9740.072
 9740.089
 9740.107
 9740.124
 9740.142
 9740.160
 9740.177
 9740.195
 9740.212
 9740.230
 9740.247
 9740.265
 9740.283
 9740.300
 9740.318
 9740.335
 9740.353
 9740.371
 9740.388
 9740.406
 9740.423
 9740.441
 9740.458
 9740.476
 9740.494
 9740.511
 9740.529
 9740.546
 9740.564
 9740.582
 9740.599
 9740.617
 9740.634
 9740.652
 9740.669
 9740.687
 9740.705
 9740.722
 9740.740
 9740.757
 9740.775
 9740.793
 9740.810
 9740.828
 9740.845
 9740.863
 9740.880
 9740.898
 9740.916
 9740.933
 9740.951
 9740.968
 9740.986
 9741.004
 9741.021
 9741.039
 9741.056
 9741.074
 9741.092
 9741.109
 9741.127
 9741.144
 9741.162
 9741.179
 9741.197
 9741.215
 9741.232
 9741.250
 9741.267
 9741.285
 9741.303
 9741.320
 9741.338
 9741.355
 9741.373
 9741.390
 9741.408
 9741.426
 9741.443
 9741.461
 9741.478
 9741.496
 9741.514
 9741.531
 9741.549
 9741.566
 9741.584
 9741.601
 9741.619
 9741.637
 9741.654
 9741.672
 9741.689
 9741.707
 9741.725
 9741.742
 9741.760
 9741.777
 9741.795
 9741.812
 9741.830
 9741.848
 9741.865
 9741.883
 9741.900
 9741.918
 9741.936
 9741.953
 9741.971
 9741.988
 9742.006
 9742.023
 9742.041
 9742.059
 9742.076
 9742.094
 9742.111
 9742.129
 9742.147
 9742.164
 9742.182
 9742.199
 9742.217
 9742.234
 9742.252
 9742.270
 9742.287
 9742.305
 9742.322
 9742.340
 9742.358
 9742.375
 9742.393
 9742.410
 9742.428
 9742.445
 9742.463
 9742.481
 9742.498
 9742.516
 9742.533
 9742.551
 9742.569
 9742.586
 9742.604
 9742.621
 9742.639
 9742.656
 9742.674
 9742.692
 9742.709
 9742.727
 9742.744
 9742.762
 9742.780
 9742.797
 9742.815
 9742.832
 9742.850
 9742.867
 9742.885
 9742.903
 9742.920
 9742.938
 9742.955
 9742.973
 9742.991
 9743.008
 9743.026
 9743.043
 9743.061
 9743.078
 9743.096
 9743.114
 9743.131
 9743.149
 9743.166
 9743.184
 9743.202
 9743.219
 9743.237
 9743.254
 9743.272
 9743.289
 9743.307
 9743.325
 9743.342
 9743.360
 9743.377
 9743.395
 9743.413
 9743.430
 9743.448
 9743.465
 9743.483
 9743.500
 9743.518
 9743.536
 9743.553
 9743.571
 9743.588
 9743.606
 9743.624
 9743.641
 9743.659
 9743.676
 9743.694
 9743.711
 9743.729
 9743.747
 9743.764
 9743.782
 9743.799
 9743.817
 9743.835
 9743.852
 9743.870
 9743.887
 9743.905
 9743.923
 9743.940
 9743.958
 9743.975
 9743.993
 9744.010
 9744.028
 9744.046
 9744.063
 9744.081
 9744.098
 9744.116
 9744.134
 9744.151
 9744.169
 9744.186
 9744.204
 9744.221
 9744.239
 9744.257
 9744.274
 9744.292
 9744.309
 9744.327
 9744.345
 9744.362
 9744.380
 9744.397
 9744.415
 9744.432
 9744.450
 9744.468
 9744.485
 9744.503
 9744.520
 9744.538
 9744.556
 9744.573
 9744.591
 9744.608
 9744.626
 9744.643
 9744.661
 9744.679
 9744.696
 9744.714
 9744.731
 9744.749
 9744.767
 9744.784
 9744.802
 9744.819
 9744.837
 9744.854
 9744.872
 9744.890
 9744.907
 9744.925
 9744.942
 9744.960
 9744.978
 9744.995
 9745.013
 9745.030
 9745.048
 9745.065
 9745.083
 9745.101
 9745.118
 9745.136
 9745.153
 9745.171
 9745.189
 9745.206
 9745.224
 9745.241
 9745.259
 9745.276
 9745.294
 9745.312
 9745.329
 9745.347
 9745.364
 9745.382
 9745.400
 9745.417
 9745.435
 9745.452
 9745.470
 9745.487
 9745.505
 9745.523
 9745.540
 9745.558
 9745.575
 9745.593
 9745.611
 9745.628
 9745.646
 9745.663
 9745.681
 9745.698
 9745.716
 9745.734
 9745.751
 9745.769
 9745.786
 9745.804
 9745.822
 9745.839
 9745.857
 9745.874
 9745.892
 9745.909
 9745.927
 9745.945
 9745.962
 9745.980
 9745.997
 9746.015
 9746.033
 9746.050
 9746.068
 9746.085
 9746.103
 9746.120
 9746.138
 9746.156
 9746.173
 9746.191
 9746.208
 9746.226
 9746.244
 9746.261
 9746.279
 9746.296
 9746.314
 9746.331
 9746.349
 9746.367
 9746.384
 9746.402
 9746.419
 9746.437
 9746.455
 9746.472
 9746.490
 9746.507
 9746.525
 9746.542
 9746.560
 9746.578
 9746.595
 9746.613
 9746.630
 9746.648
 9746.666
 9746.683
 9746.701
 9746.718
 9746.736
 9746.754
 9746.771
 9746.789
 9746.806
 9746.824
 9746.841
 9746.859
 9746.877
 9746.894
 9746.912
 9746.929
 9746.947
 9746.965
 9746.982
 9747.000
 9747.017
 9747.035
 9747.052
 9747.070
 9747.088
 9747.105
 9747.123
 9747.140
 9747.158
 9747.176
 9747.193
 9747.211
 9747.228
 9747.246
 9747.263
 9747.281
 9747.299
 9747.316
 9747.334
 9747.351
 9747.369
 9747.387
 9747.404
 9747.422
 9747.439
 9747.457
 9747.474
 9747.492
 9747.510
 9747.527
 9747.545
 9747.562
 9747.580
 9747.598
 9747.615
 9747.633
 9747.650
 9747.668
 9747.685
 9747.703
 9747.721
 9747.738
 9747.756
 9747.773
 9747.791
 9747.809
 9747.826
 9747.844
 9747.861
 9747.879
 9747.896
 9747.914
 9747.932
 9747.949
 9747.967
 9747.984
 9748.002
 9748.020
 9748.037
 9748.055
 9748.072
 9748.090
 9748.107
 9748.125
 9748.143
 9748.160
 9748.178
 9748.195
 9748.213
 9748.231
 9748.248
 9748.266
 9748.283
 9748.301
 9748.318
 9748.336
 9748.354
 9748.371
 9748.389
 9748.406
 9748.424
 9748.442
 9748.459
 9748.477
 9748.494
 9748.512
 9748.529
 9748.547
 9748.565
 9748.582
 9748.600
 9748.617
 9748.635
 9748.653
 9748.670
 9748.688
 9748.705
 9748.723
 9748.740
 9748.758
 9748.776
 9748.793
 9748.811
 9748.828
 9748.846
 9748.864
 9748.881
 9748.899
 9748.916
 9748.934
 9748.951
 9748.969
 9748.987
 9749.004
 9749.022
 9749.039
 9749.057
 9749.075
 9749.092
 9749.110
 9749.127
 9749.145
 9749.162
 9749.180
 9749.198
 9749.215
 9749.233
 9749.250
 9749.268
 9749.286
 9749.303
 9749.321
 9749.338
 9749.356
 9749.373
 9749.391
 9749.409
 9749.426
 9749.444
 9749.461
 9749.479
 9749.497
 9749.514
 9749.532
 9749.549
 9749.567
 9749.585
 9749.602
 9749.620
 9749.637
 9749.655
 9749.672
 9749.690
 9749.708
 9749.725
 9749.743
 9749.760
 9749.778
 9749.796
 9749.813
 9749.831
 9749.848
 9749.866
 9749.883
 9749.901
 9749.919
 9749.936
 9749.954
 9749.971
 9749.989
 9750.007
 9750.024
 9750.042
 9750.059
 9750.077
 9750.094
 9750.112
 9750.130
 9750.147
 9750.165
 9750.182
 9750.200
 9750.218
 9750.235
 9750.253
 9750.270
 9750.288
 9750.305
 9750.323
 9750.341
 9750.358
 9750.376
 9750.393
 9750.411
 9750.429
 9750.446
 9750.464
 9750.481
 9750.499
 9750.516
 9750.534
 9750.552
 9750.569
 9750.587
 9750.604
 9750.622
 9750.640
 9750.657
 9750.675
 9750.692
 9750.710
 9750.727
 9750.745
 9750.763
 9750.780
 9750.798
 9750.815
 9750.833
 9750.851
 9750.868
 9750.886
 9750.903
 9750.921
 9750.938
 9750.956
 9750.974
 9750.991
 9751.009
 9751.026
 9751.044
 9751.062
 9751.079
 9751.097
 9751.114
 9751.132
 9751.149
 9751.167
 9751.185
 9751.202
 9751.220
 9751.237
 9751.255
 9751.273
 9751.290
 9751.308
 9751.325
 9751.343
 9751.360
 9751.378
 9751.396
 9751.413
 9751.431
 9751.448
 9751.466
 9751.484
 9751.501
 9751.519
 9751.536
 9751.554
 9751.571
 9751.589
 9751.607
 9751.624
 9751.642
 9751.659
 9751.677
 9751.695
 9751.712
 9751.730
 9751.747
 9751.765
 9751.782
 9751.800
 9751.818
 9751.835
 9751.853
 9751.870
 9751.888
 9751.906
 9751.923
 9751.941
 9751.958
 9751.976
 9751.993
 9752.011
 9752.029
 9752.046
 9752.064
 9752.081
 9752.099
 9752.117
 9752.134
 9752.152
 9752.169
 9752.187
 9752.204
 9752.222
 9752.240
 9752.257
 9752.275
 9752.292
 9752.310
 9752.328
 9752.345
 9752.363
 9752.380
 9752.398
 9752.415
 9752.433
 9752.451
 9752.468
 9752.486
 9752.503
 9752.521
 9752.539
 9752.556
 9752.574
 9752.591
 9752.609
 9752.627
 9752.644
 9752.662
 9752.679
 9752.697
 9752.714
 9752.732
 9752.750
 9752.767
 9752.785
 9752.802
 9752.820
 9752.838
 9752.855
 9752.873
 9752.890
 9752.908
 9752.925
 9752.943
 9752.961
 9752.978
 9752.996
 9753.013
 9753.031
 9753.049
 9753.066
 9753.084
 9753.101
 9753.119
 9753.136
 9753.154
 9753.172
 9753.189
 9753.207
 9753.224
 9753.242
 9753.260
 9753.277
 9753.295
 9753.312
 9753.330
 9753.347
 9753.365
 9753.383
 9753.400
 9753.418
 9753.435
 9753.453
 9753.471
 9753.488
 9753.506
 9753.523
 9753.541
 9753.558
 9753.576
 9753.594
 9753.611
 9753.629
 9753.646
 9753.664
 9753.682
 9753.699
 9753.717
 9753.734
 9753.752
 9753.769
 9753.787
 9753.805
 9753.822
 9753.840
 9753.857
 9753.875
 9753.893
 9753.910
 9753.928
 9753.945
 9753.963
 9753.980
 9753.998
 9754.016
 9754.033
 9754.051
 9754.068
 9754.086
 9754.104
 9754.121
 9754.139
 9754.156
 9754.174
 9754.191
 9754.209
 9754.227
 9754.244
 9754.262
 9754.279
 9754.297
 9754.315
 9754.332
 9754.350
 9754.367
 9754.385
 9754.402
 9754.420
 9754.438
 9754.455
 9754.473
 9754.490
 9754.508
 9754.526
 9754.543
 9754.561
 9754.578
 9754.596
 9754.613
 9754.631
 9754.649
 9754.666
 9754.684
 9754.701
 9754.719
 9754.737
 9754.754
 9754.772
 9754.789
 9754.807
 9754.824
 9754.842
 9754.860
 9754.877
 9754.895
 9754.912
 9754.930
 9754.948
 9754.965
 9754.983
 9755.000
 9755.018
 9755.035
 9755.053
 9755.071
 9755.088
 9755.106
 9755.123
 9755.141
 9755.159
 9755.176
 9755.194
 9755.211
 9755.229
 9755.246
 9755.264
 9755.282
 9755.299
 9755.317
 9755.334
 9755.352
 9755.370
 9755.387
 9755.405
 9755.422
 9755.440
 9755.458
 9755.475
 9755.493
 9755.510
 9755.528
 9755.545
 9755.563
 9755.581
 9755.598
 9755.616
 9755.633
 9755.651
 9755.669
 9755.686
 9755.704
 9755.721
 9755.739
 9755.756
 9755.774
 9755.792
 9755.809
 9755.827
 9755.844
 9755.862
 9755.880
 9755.897
 9755.915
 9755.932
 9755.950
 9755.967
 9755.985
 9756.003
 9756.020
 9756.038
 9756.055
 9756.073
 9756.091
 9756.108
 9756.126
 9756.143
 9756.161
 9756.178
 9756.196
 9756.214
 9756.231
 9756.249
 9756.266
 9756.284
 9756.302
 9756.319
 9756.337
 9756.354
 9756.372
 9756.389
 9756.407
 9756.425
 9756.442
 9756.460
 9756.477
 9756.495
 9756.513
 9756.530
 9756.548
 9756.565
 9756.583
 9756.600
 9756.618
 9756.636
 9756.653
 9756.671
 9756.688
 9756.706
 9756.724
 9756.741
 9756.759
 9756.776
 9756.794
 9756.811
 9756.829
 9756.847
 9756.864
 9756.882
 9756.899
 9756.917
 9756.935
 9756.952
 9756.970
 9756.987
 9757.005
 9757.022
 9757.040
 9757.058
 9757.075
 9757.093
 9757.110
 9757.128
 9757.146
 9757.163
 9757.181
 9757.198
 9757.216
 9757.233
 9757.251
 9757.269
 9757.286
 9757.304
 9757.321
 9757.339
 9757.357
 9757.374
 9757.392
 9757.409
 9757.427
 9757.444
 9757.462
 9757.480
 9757.497
 9757.515
 9757.532
 9757.550
 9757.568
 9757.585
 9757.603
 9757.620
 9757.638
 9757.655
 9757.673
 9757.691
 9757.708
 9757.726
 9757.743
 9757.761
 9757.779
 9757.796
 9757.814
 9757.831
 9757.849
 9757.866
 9757.884
 9757.902
 9757.919
 9757.937
 9757.954
 9757.972
 9757.990
 9758.007
 9758.025
 9758.042
 9758.060
 9758.077
 9758.095
 9758.113
 9758.130
 9758.148
 9758.165
 9758.183
 9758.201
 9758.218
 9758.236
 9758.253
 9758.271
 9758.289
 9758.306
 9758.324
 9758.341
 9758.359
 9758.376
 9758.394
 9758.412
 9758.429
 9758.447
 9758.464
 9758.482
 9758.500
 9758.517
 9758.535
 9758.552
 9758.570
 9758.587
 9758.605
 9758.623
 9758.640
 9758.658
 9758.675
 9758.693
 9758.711
 9758.728
 9758.746
 9758.763
 9758.781
 9758.798
 9758.816
 9758.834
 9758.851
 9758.869
 9758.886
 9758.904
 9758.922
 9758.939
 9758.957
 9758.974
 9758.992
 9759.009
 9759.027
 9759.045
 9759.062
 9759.080
 9759.097
 9759.115
 9759.133
 9759.150
 9759.168
 9759.185
 9759.203
 9759.220
 9759.238
 9759.256
 9759.273
 9759.291
 9759.308
 9759.326
 9759.344
 9759.361
 9759.379
 9759.396
 9759.414
 9759.431
 9759.449
 9759.467
 9759.484
 9759.502
 9759.519
 9759.537
 9759.555
 9759.572
 9759.590
 9759.607
 9759.625
 9759.642
 9759.660
 9759.678
 9759.695
 9759.713
 9759.730
 9759.748
 9759.766
 9759.783
 9759.801
 9759.818
 9759.836
 9759.853
 9759.871
 9759.889
 9759.906
 9759.924
 9759.941
 9759.959
 9759.977
 9759.994
 9760.012
 9760.029
 9760.047
 9760.064
 9760.082
 9760.100
 9760.117
 9760.135
 9760.152
 9760.170
 9760.188
 9760.205
 9760.223
 9760.240
 9760.258
 9760.275
 9760.293
 9760.311
 9760.328
 9760.346
 9760.363
 9760.381
 9760.399
 9760.416
 9760.434
 9760.451
 9760.469
 9760.486
 9760.504
 9760.522
 9760.539
 9760.557
 9760.574
 9760.592
 9760.610
 9760.627
 9760.645
 9760.662
 9760.680
 9760.697
 9760.715
 9760.733
 9760.750
 9760.768
 9760.785
 9760.803
 9760.821
 9760.838
 9760.856
 9760.873
 9760.891
 9760.908
 9760.926
 9760.944
 9760.961
 9760.979
 9760.996
 9761.014
 9761.032
 9761.049
 9761.067
 9761.084
 9761.102
 9761.120
 9761.137
 9761.155
 9761.172
 9761.190
 9761.207
 9761.225
 9761.243
 9761.260
 9761.278
 9761.295
 9761.313
 9761.331
 9761.348
 9761.366
 9761.383
 9761.401
 9761.418
 9761.436
 9761.454
 9761.471
 9761.489
 9761.506
 9761.524
 9761.542
 9761.559
 9761.577
 9761.594
 9761.612
 9761.629
 9761.647
 9761.665
 9761.682
 9761.700
 9761.717
 9761.735
 9761.753
 9761.770
 9761.788
 9761.805
 9761.823
 9761.840
 9761.858
 9761.876
 9761.893
 9761.911
 9761.928
 9761.946
 9761.964
 9761.981
 9761.999
 9762.016
 9762.034
 9762.051
 9762.069
 9762.087
 9762.104
 9762.122
 9762.139
 9762.157
 9762.175
 9762.192
 9762.210
 9762.227
 9762.245
 9762.262
 9762.280
 9762.298
 9762.315
 9762.333
 9762.350
 9762.368
 9762.386
 9762.403
 9762.421
 9762.438
 9762.456
 9762.473
 9762.491
 9762.509
 9762.526
 9762.544
 9762.561
 9762.579
 9762.597
 9762.614
 9762.632
 9762.649
 9762.667
 9762.684
 9762.702
 9762.720
 9762.737
 9762.755
 9762.772
 9762.790
 9762.808
 9762.825
 9762.843
 9762.860
 9762.878
 9762.895
 9762.913
 9762.931
 9762.948
 9762.966
 9762.983
 9763.001
 9763.019
 9763.036
 9763.054
 9763.071
 9763.089
 9763.106
 9763.124
 9763.142
 9763.159
 9763.177
 9763.194
 9763.212
 9763.230
 9763.247
 9763.265
 9763.282
 9763.300
 9763.317
 9763.335
 9763.353
 9763.370
 9763.388
 9763.405
 9763.423
 9763.441
 9763.458
 9763.476
 9763.493
 9763.511
 9763.528
 9763.546
 9763.564
 9763.581
 9763.599
 9763.616
 9763.634
 9763.652
 9763.669
 9763.687
 9763.704
 9763.722
 9763.739
 9763.757
 9763.775
 9763.792
 9763.810
 9763.827
 9763.845
 9763.863
 9763.880
 9763.898
 9763.915
 9763.933
 9763.951
 9763.968
 9763.986
 9764.003
 9764.021
 9764.038
 9764.056
 9764.074
 9764.091
 9764.109
 9764.126
 9764.144
 9764.162
 9764.179
 9764.197
 9764.214
 9764.232
 9764.249
 9764.267
 9764.285
 9764.302
 9764.320
 9764.337
 9764.355
 9764.373
 9764.390
 9764.408
 9764.425
 9764.443
 9764.460
 9764.478
 9764.496
 9764.513
 9764.531
 9764.548
 9764.566
 9764.584
 9764.601
 9764.619
 9764.636
 9764.654
 9764.671
 9764.689
 9764.707
 9764.724
 9764.742
 9764.759
 9764.777
 9764.795
 9764.812
 9764.830
 9764.847
 9764.865
 9764.882
 9764.900
 9764.918
 9764.935
 9764.953
 9764.970
 9764.988
 9765.006
 9765.023
 9765.041
 9765.058
 9765.076
 9765.093
 9765.111
 9765.129
 9765.146
 9765.164
 9765.181
 9765.199
 9765.217
 9765.234
 9765.252
 9765.269
 9765.287
 9765.304
 9765.322
 9765.340
 9765.357
 9765.375
 9765.392
 9765.410
 9765.428
 9765.445
 9765.463
 9765.480
 9765.498
 9765.515
 9765.533
 9765.551
 9765.568
 9765.586
 9765.603
 9765.621
 9765.639
 9765.656
 9765.674
 9765.691
 9765.709
 9765.726
 9765.744
 9765.762
 9765.779
 9765.797
 9765.814
 9765.832
 9765.850
 9765.867
 9765.885
 9765.902
 9765.920
 9765.937
 9765.955
 9765.973
 9765.990
 9766.008
 9766.025
 9766.043
 9766.061
 9766.078
 9766.096
 9766.113
 9766.131
 9766.148
 9766.166
 9766.184
 9766.201
 9766.219
 9766.236
 9766.254
 9766.272
 9766.289
 9766.307
 9766.324
 9766.342
 9766.359
 9766.377
 9766.395
 9766.412
 9766.430
 9766.447
 9766.465
 9766.483
 9766.500
 9766.518
 9766.535
 9766.553
 9766.570
 9766.588
 9766.606
 9766.623
 9766.641
 9766.658
 9766.676
 9766.694
 9766.711
 9766.729
 9766.746
 9766.764
 9766.782
 9766.799
 9766.817
 9766.834
 9766.852
 9766.869
 9766.887
 9766.905
 9766.922
 9766.940
 9766.957
 9766.975
 9766.993
 9767.010
 9767.028
 9767.045
 9767.063
 9767.080
 9767.098
 9767.116
 9767.133
 9767.151
 9767.168
 9767.186
 9767.204
 9767.221
 9767.239
 9767.256
 9767.274
 9767.291
 9767.309
 9767.327
 9767.344
 9767.362
 9767.379
 9767.397
 9767.415
 9767.432
 9767.450
 9767.467
 9767.485
 9767.502
 9767.520
 9767.538
 9767.555
 9767.573
 9767.590
 9767.608
 9767.626
 9767.643
 9767.661
 9767.678
 9767.696
 9767.713
 9767.731
 9767.749
 9767.766
 9767.784
 9767.801
 9767.819
 9767.837
 9767.854
 9767.872
 9767.889
 9767.907
 9767.924
 9767.942
 9767.960
 9767.977
 9767.995
 9768.012
 9768.030
 9768.048
 9768.065
 9768.083
 9768.100
 9768.118
 9768.135
 9768.153
 9768.171
 9768.188
 9768.206
 9768.223
 9768.241
 9768.259
 9768.276
 9768.294
 9768.311
 9768.329
 9768.346
 9768.364
 9768.382
 9768.399
 9768.417
 9768.434
 9768.452
 9768.470
 9768.487
 9768.505
 9768.522
 9768.540
 9768.557
 9768.575
 9768.593
 9768.610
 9768.628
 9768.645
 9768.663
 9768.681
 9768.698
 9768.716
 9768.733
 9768.751
 9768.768
 9768.786
 9768.804
 9768.821
 9768.839
 9768.856
 9768.874
 9768.892
 9768.909
 9768.927
 9768.944
 9768.962
 9768.979
 9768.997
 9769.015
 9769.032
 9769.050
 9769.067
 9769.085
 9769.103
 9769.120
 9769.138
 9769.155
 9769.173
 9769.190
 9769.208
 9769.226
 9769.243
 9769.261
 9769.278
 9769.296
 9769.314
 9769.331
 9769.349
 9769.366
 9769.384
 9769.401
 9769.419
 9769.437
 9769.454
 9769.472
 9769.489
 9769.507
 9769.525
 9769.542
 9769.560
 9769.577
 9769.595
 9769.613
 9769.630
 9769.648
 9769.665
 9769.683
 9769.700
 9769.718
 9769.736
 9769.753
 9769.771
 9769.788
 9769.806
 9769.824
 9769.841
 9769.859
 9769.876
 9769.894
 9769.911
 9769.929
 9769.947
 9769.964
 9769.982
 9769.999
 9770.017
 9770.035
 9770.052
 9770.070
 9770.087
 9770.105
 9770.122
 9770.140
 9770.158
 9770.175
 9770.193
 9770.210
 9770.228
 9770.246
 9770.263
 9770.281
 9770.298
 9770.316
 9770.333
 9770.351
 9770.369
 9770.386
 9770.404
 9770.421
 9770.439
 9770.457
 9770.474
 9770.492
 9770.509
 9770.527
 9770.544
 9770.562
 9770.580
 9770.597
 9770.615
 9770.632
 9770.650
 9770.668
 9770.685
 9770.703
 9770.720
 9770.738
 9770.755
 9770.773
 9770.791
 9770.808
 9770.826
 9770.843
 9770.861
 9770.879
 9770.896
 9770.914
 9770.931
 9770.949
 9770.966
 9770.984
 9771.002
 9771.019
 9771.037
 9771.054
 9771.072
 9771.090
 9771.107
 9771.125
 9771.142
 9771.160
 9771.177
 9771.195
 9771.213
 9771.230
 9771.248
 9771.265
 9771.283
 9771.301
 9771.318
 9771.336
 9771.353
 9771.371
 9771.388
 9771.406
 9771.424
 9771.441
 9771.459
 9771.476
 9771.494
 9771.512
 9771.529
 9771.547
 9771.564
 9771.582
 9771.599
 9771.617
 9771.635
 9771.652
 9771.670
 9771.687
 9771.705
 9771.723
 9771.740
 9771.758
 9771.775
 9771.793
 9771.810
 9771.828
 9771.846
 9771.863
 9771.881
 9771.898
 9771.916
 9771.934
 9771.951
 9771.969
 9771.986
 9772.004
 9772.021
 9772.039
 9772.057
 9772.074
 9772.092
 9772.109
 9772.127
 9772.145
 9772.162
 9772.180
 9772.197
 9772.215
 9772.232
 9772.250
 9772.268
 9772.285
 9772.303
 9772.320
 9772.338
 9772.356
 9772.373
 9772.391
 9772.408
 9772.426
 9772.444
 9772.461
 9772.479
 9772.496
 9772.514
 9772.531
 9772.549
 9772.567
 9772.584
 9772.602
 9772.619
 9772.637
 9772.655
 9772.672
 9772.690
 9772.707
 9772.725
 9772.742
 9772.760
 9772.778
 9772.795
 9772.813
 9772.830
 9772.848
 9772.866
 9772.883
 9772.901
 9772.918
 9772.936
 9772.953
 9772.971
 9772.989
 9773.006
 9773.024
 9773.041
 9773.059
 9773.077
 9773.094
 9773.112
 9773.129
 9773.147
 9773.164
 9773.182
 9773.200
 9773.217
 9773.235
 9773.252
 9773.270
 9773.288
 9773.305
 9773.323
 9773.340
 9773.358
 9773.375
 9773.393
 9773.411
 9773.428
 9773.446
 9773.463
 9773.481
 9773.499
 9773.516
 9773.534
 9773.551
 9773.569
 9773.586
 9773.604
 9773.622
 9773.639
 9773.657
 9773.674
 9773.692
 9773.710
 9773.727
 9773.745
 9773.762
 9773.780
 9773.797
 9773.815
 9773.833
 9773.850
 9773.868
 9773.885
 9773.903
 9773.921
 9773.938
 9773.956
 9773.973
 9773.991
 9774.008
 9774.026
 9774.044
 9774.061
 9774.079
 9774.096
 9774.114
 9774.132
 9774.149
 9774.167
 9774.184
 9774.202
 9774.219
 9774.237
 9774.255
 9774.272
 9774.290
 9774.307
 9774.325
 9774.343
 9774.360
 9774.378
 9774.395
 9774.413
 9774.430
 9774.448
 9774.466
 9774.483
 9774.501
 9774.518
 9774.536
 9774.554
 9774.571
 9774.589
 9774.606
 9774.624
 9774.641
 9774.659
 9774.677
 9774.694
 9774.712
 9774.729
 9774.747
 9774.765
 9774.782
 9774.800
 9774.817
 9774.835
 9774.852
 9774.870
 9774.888
 9774.905
 9774.923
 9774.940
 9774.958
 9774.976
 9774.993
 9775.011
 9775.028
 9775.046
 9775.063
 9775.081
 9775.099
 9775.116
 9775.134
 9775.151
 9775.169
 9775.187
 9775.204
 9775.222
 9775.239
 9775.257
 9775.275
 9775.292
 9775.310
 9775.327
 9775.345
 9775.362
 9775.380
 9775.398
 9775.415
 9775.433
 9775.450
 9775.468
 9775.486
 9775.503
 9775.521
 9775.538
 9775.556
 9775.573
 9775.591
 9775.609
 9775.626
 9775.644
 9775.661
 9775.679
 9775.697
 9775.714
 9775.732
 9775.749
 9775.767
 9775.784
 9775.802
 9775.820
 9775.837
 9775.855
 9775.872
 9775.890
 9775.908
 9775.925
 9775.943
 9775.960
 9775.978
 9775.995
 9776.013
 9776.031
 9776.048
 9776.066
 9776.083
 9776.101
 9776.119
 9776.136
 9776.154
 9776.171
 9776.189
 9776.206
 9776.224
 9776.242
 9776.259
 9776.277
 9776.294
 9776.312
 9776.330
 9776.347
 9776.365
 9776.382
 9776.400
 9776.417
 9776.435
 9776.453
 9776.470
 9776.488
 9776.505
 9776.523
 9776.541
 9776.558
 9776.576
 9776.593
 9776.611
 9776.628
 9776.646
 9776.664
 9776.681
 9776.699
 9776.716
 9776.734
 9776.752
 9776.769
 9776.787
 9776.804
 9776.822
 9776.839
 9776.857
 9776.875
 9776.892
 9776.910
 9776.927
 9776.945
 9776.963
 9776.980
 9776.998
 9777.015
 9777.033
 9777.050
 9777.068
 9777.086
 9777.103
 9777.121
 9777.138
 9777.156
 9777.174
 9777.191
 9777.209
 9777.226
 9777.244
 9777.261
 9777.279
 9777.297
 9777.314
 9777.332
 9777.349
 9777.367
 9777.385
 9777.402
 9777.420
 9777.437
 9777.455
 9777.472
 9777.490
 9777.508
 9777.525
 9777.543
 9777.560
 9777.578
 9777.596
 9777.613
 9777.631
 9777.648
 9777.666
 9777.683
 9777.701
 9777.719
 9777.736
 9777.754
 9777.771
 9777.789
 9777.807
 9777.824
 9777.842
 9777.859
 9777.877
 9777.894
 9777.912
 9777.930
 9777.947
 9777.965
 9777.982
 9778.000
