10662.000
10662.021
10662.042
10662.063
10662.085
10662.106
10662.127
10662.148
10662.169
10662.190
10662.212
10662.233
10662.254
10662.275
10662.296
10662.317
10662.339
10662.360
10662.381
10662.402
10662.423
10662.444
10662.466
10662.487
10662.508
10662.529
10662.550
10662.571
10662.593
10662.614
10662.635
10662.656
10662.677
10662.698
10662.720
10662.741
10662.762
10662.783
10662.804
10662.825
10662.847
10662.868
10662.889
10662.910
10662.931
10662.952
10662.974
10662.995
10663.016
10663.037
10663.058
10663.079
10663.101
10663.122
10663.143
10663.164
10663.185
10663.206
10663.228
10663.249
10663.270
10663.291
10663.312
10663.333
10663.355
10663.376
10663.397
10663.418
10663.439
10663.460
10663.482
10663.503
10663.524
10663.545
10663.566
10663.587
10663.609
10663.630
10663.651
10663.672
10663.693
10663.714
10663.736
10663.757
10663.778
10663.799
10663.820
10663.841
10663.863
10663.884
10663.905
10663.926
10663.947
10663.968
10663.990
10664.011
10664.032
10664.053
10664.074
10664.095
10664.117
10664.138
10664.159
10664.180
10664.201
10664.222
10664.244
10664.265
10664.286
10664.307
10664.328
10664.349
10664.371
10664.392
10664.413
10664.434
10664.455
10664.476
10664.498
10664.519
10664.540
10664.561
10664.582
10664.603
10664.625
10664.646
10664.667
10664.688
10664.709
10664.730
10664.752
10664.773
10664.794
10664.815
10664.836
10664.857
10664.879
10664.900
10664.921
10664.942
10664.963
10664.984
10665.006
10665.027
10665.048
10665.069
10665.090
10665.111
10665.133
10665.154
10665.175
10665.196
10665.217
10665.238
10665.260
10665.281
10665.302
10665.323
10665.344
10665.365
10665.387
10665.408
10665.429
10665.450
10665.471
10665.492
10665.514
10665.535
10665.556
10665.577
10665.598
10665.619
10665.641
10665.662
10665.683
10665.704
10665.725
10665.746
10665.768
10665.789
10665.810
10665.831
10665.852
10665.873
10665.894
10665.916
10665.937
10665.958
10665.979
10666.000
10666.021
10666.043
10666.064
10666.085
10666.106
10666.127
10666.148
10666.170
10666.191
10666.212
10666.233
10666.254
10666.275
10666.297
10666.318
10666.339
10666.360
10666.381
10666.402
10666.424
10666.445
10666.466
10666.487
10666.508
10666.529
10666.551
10666.572
10666.593
10666.614
10666.635
10666.656
10666.678
10666.699
10666.720
10666.741
10666.762
10666.783
10666.805
10666.826
10666.847
10666.868
10666.889
10666.910
10666.932
10666.953
10666.974
10666.995
10667.016
10667.037
10667.059
10667.080
10667.101
10667.122
10667.143
10667.164
10667.186
10667.207
10667.228
10667.249
10667.270
10667.291
10667.313
10667.334
10667.355
10667.376
10667.397
10667.418
10667.440
10667.461
10667.482
10667.503
10667.524
10667.545
10667.567
10667.588
10667.609
10667.630
10667.651
10667.672
10667.694
10667.715
10667.736
10667.757
10667.778
10667.799
10667.821
10667.842
10667.863
10667.884
10667.905
10667.926
10667.948
10667.969
10667.990
10668.011
10668.032
10668.053
10668.075
10668.096
10668.117
10668.138
10668.159
10668.180
10668.202
10668.223
10668.244
10668.265
10668.286
10668.307
10668.329
10668.350
10668.371
10668.392
10668.413
10668.434
10668.456
10668.477
10668.498
10668.519
10668.540
10668.561
10668.583
10668.604
10668.625
10668.646
10668.667
10668.688
10668.710
10668.731
10668.752
10668.773
10668.794
10668.815
10668.837
10668.858
10668.879
10668.900
10668.921
10668.942
10668.964
10668.985
10669.006
10669.027
10669.048
10669.069
10669.091
10669.112
10669.133
10669.154
10669.175
10669.196
10669.218
10669.239
10669.260
10669.281
10669.302
10669.323
10669.345
10669.366
10669.387
10669.408
10669.429
10669.450
10669.472
10669.493
10669.514
10669.535
10669.556
10669.577
10669.599
10669.620
10669.641
10669.662
10669.683
10669.704
10669.725
10669.747
10669.768
10669.789
10669.810
10669.831
10669.852
10669.874
10669.895
10669.916
10669.937
10669.958
10669.979
10670.001
10670.022
10670.043
10670.064
10670.085
10670.106
10670.128
10670.149
10670.170
10670.191
10670.212
10670.233
10670.255
10670.276
10670.297
10670.318
10670.339
10670.360
10670.382
10670.403
10670.424
10670.445
10670.466
10670.487
10670.509
10670.530
10670.551
10670.572
10670.593
10670.614
10670.636
10670.657
10670.678
10670.699
10670.720
10670.741
10670.763
10670.784
10670.805
10670.826
10670.847
10670.868
10670.890
10670.911
10670.932
10670.953
10670.974
10670.995
10671.017
10671.038
10671.059
10671.080
10671.101
10671.122
10671.144
10671.165
10671.186
10671.207
10671.228
10671.249
10671.271
10671.292
10671.313
10671.334
10671.355
10671.376
10671.398
10671.419
10671.440
10671.461
10671.482
10671.503
10671.525
10671.546
10671.567
10671.588
10671.609
10671.630
10671.652
10671.673
10671.694
10671.715
10671.736
10671.757
10671.779
10671.800
10671.821
10671.842
10671.863
10671.884
10671.906
10671.927
10671.948
10671.969
10671.990
10672.011
10672.033
10672.054
10672.075
10672.096
10672.117
10672.138
10672.160
10672.181
10672.202
10672.223
10672.244
10672.265
10672.287
10672.308
10672.329
10672.350
10672.371
10672.392
10672.414
10672.435
10672.456
10672.477
10672.498
10672.519
10672.541
10672.562
10672.583
10672.604
10672.625
10672.646
10672.668
10672.689
10672.710
10672.731
10672.752
10672.773
10672.795
10672.816
10672.837
10672.858
10672.879
10672.900
10672.922
10672.943
10672.964
10672.985
10673.006
10673.027
10673.049
10673.070
10673.091
10673.112
10673.133
10673.154
10673.176
10673.197
10673.218
10673.239
10673.260
10673.281
10673.303
10673.324
10673.345
10673.366
10673.387
10673.408
10673.430
10673.451
10673.472
10673.493
10673.514
10673.535
10673.556
10673.578
10673.599
10673.620
10673.641
10673.662
10673.683
10673.705
10673.726
10673.747
10673.768
10673.789
10673.810
10673.832
10673.853
10673.874
10673.895
10673.916
10673.937
10673.959
10673.980
10674.001
10674.022
10674.043
10674.064
10674.086
10674.107
10674.128
10674.149
10674.170
10674.191
10674.213
10674.234
10674.255
10674.276
10674.297
10674.318
10674.340
10674.361
10674.382
10674.403
10674.424
10674.445
10674.467
10674.488
10674.509
10674.530
10674.551
10674.572
10674.594
10674.615
10674.636
10674.657
10674.678
10674.699
10674.721
10674.742
10674.763
10674.784
10674.805
10674.826
10674.848
10674.869
10674.890
10674.911
10674.932
10674.953
10674.975
10674.996
10675.017
10675.038
10675.059
10675.080
10675.102
10675.123
10675.144
10675.165
10675.186
10675.207
10675.229
10675.250
10675.271
10675.292
10675.313
10675.334
10675.356
10675.377
10675.398
10675.419
10675.440
10675.461
10675.483
10675.504
10675.525
10675.546
10675.567
10675.588
10675.610
10675.631
10675.652
10675.673
10675.694
10675.715
10675.737
10675.758
10675.779
10675.800
10675.821
10675.842
10675.864
10675.885
10675.906
10675.927
10675.948
10675.969
10675.991
10676.012
10676.033
10676.054
10676.075
10676.096
10676.118
10676.139
10676.160
10676.181
10676.202
10676.223
10676.245
10676.266
10676.287
10676.308
10676.329
10676.350
10676.372
10676.393
10676.414
10676.435
10676.456
10676.477
10676.499
10676.520
10676.541
10676.562
10676.583
10676.604
10676.626
10676.647
10676.668
10676.689
10676.710
10676.731
10676.753
10676.774
10676.795
10676.816
10676.837
10676.858
10676.880
10676.901
10676.922
10676.943
10676.964
10676.985
10677.007
10677.028
10677.049
10677.070
10677.091
10677.112
10677.134
10677.155
10677.176
10677.197
10677.218
10677.239
10677.261
10677.282
10677.303
10677.324
10677.345
10677.366
10677.387
10677.409
10677.430
10677.451
10677.472
10677.493
10677.514
10677.536
10677.557
10677.578
10677.599
10677.620
10677.641
10677.663
10677.684
10677.705
10677.726
10677.747
10677.768
10677.790
10677.811
10677.832
10677.853
10677.874
10677.895
10677.917
10677.938
10677.959
10677.980
10678.001
10678.022
10678.044
10678.065
10678.086
10678.107
10678.128
10678.149
10678.171
10678.192
10678.213
10678.234
10678.255
10678.276
10678.298
10678.319
10678.340
10678.361
10678.382
10678.403
10678.425
10678.446
10678.467
10678.488
10678.509
10678.530
10678.552
10678.573
10678.594
10678.615
10678.636
10678.657
10678.679
10678.700
10678.721
10678.742
10678.763
10678.784
10678.806
10678.827
10678.848
10678.869
10678.890
10678.911
10678.933
10678.954
10678.975
10678.996
10679.017
10679.038
10679.060
10679.081
10679.102
10679.123
10679.144
10679.165
10679.187
10679.208
10679.229
10679.250
10679.271
10679.292
10679.314
10679.335
10679.356
10679.377
10679.398
10679.419
10679.441
10679.462
10679.483
10679.504
10679.525
10679.546
10679.568
10679.589
10679.610
10679.631
10679.652
10679.673
10679.695
10679.716
10679.737
10679.758
10679.779
10679.800
10679.822
10679.843
10679.864
10679.885
10679.906
10679.927
10679.949
10679.970
10679.991
10680.012
10680.033
10680.054
10680.076
10680.097
10680.118
10680.139
10680.160
10680.181
10680.203
10680.224
10680.245
10680.266
10680.287
10680.308
10680.330
10680.351
10680.372
10680.393
10680.414
10680.435
10680.457
10680.478
10680.499
10680.520
10680.541
10680.562
10680.584
10680.605
10680.626
10680.647
10680.668
10680.689
10680.711
10680.732
10680.753
10680.774
10680.795
10680.816
10680.838
10680.859
10680.880
10680.901
10680.922
10680.943
10680.965
10680.986
10681.007
10681.028
10681.049
10681.070
10681.092
10681.113
10681.134
10681.155
10681.176
10681.197
10681.218
10681.240
10681.261
10681.282
10681.303
10681.324
10681.345
10681.367
10681.388
10681.409
10681.430
10681.451
10681.472
10681.494
10681.515
10681.536
10681.557
10681.578
10681.599
10681.621
10681.642
10681.663
10681.684
10681.705
10681.726
10681.748
10681.769
10681.790
10681.811
10681.832
10681.853
10681.875
10681.896
10681.917
10681.938
10681.959
10681.980
10682.002
10682.023
10682.044
10682.065
10682.086
10682.107
10682.129
10682.150
10682.171
10682.192
10682.213
10682.234
10682.256
10682.277
10682.298
10682.319
10682.340
10682.361
10682.383
10682.404
10682.425
10682.446
10682.467
10682.488
10682.510
10682.531
10682.552
10682.573
10682.594
10682.615
10682.637
10682.658
10682.679
10682.700
10682.721
10682.742
10682.764
10682.785
10682.806
10682.827
10682.848
10682.869
10682.891
10682.912
10682.933
10682.954
10682.975
10682.996
10683.018
10683.039
10683.060
10683.081
10683.102
10683.123
10683.145
10683.166
10683.187
10683.208
10683.229
10683.250
10683.272
10683.293
10683.314
10683.335
10683.356
10683.377
10683.399
10683.420
10683.441
10683.462
10683.483
10683.504
10683.526
10683.547
10683.568
10683.589
10683.610
10683.631
10683.653
10683.674
10683.695
10683.716
10683.737
10683.758
10683.780
10683.801
10683.822
10683.843
10683.864
10683.885
10683.907
10683.928
10683.949
10683.970
10683.991
10684.012
10684.034
10684.055
10684.076
10684.097
10684.118
10684.139
10684.161
10684.182
10684.203
10684.224
10684.245
10684.266
10684.288
10684.309
10684.330
10684.351
10684.372
10684.393
10684.415
10684.436
10684.457
10684.478
10684.499
10684.520
10684.542
10684.563
10684.584
10684.605
10684.626
10684.647
10684.669
10684.690
10684.711
10684.732
10684.753
10684.774
10684.796
10684.817
10684.838
10684.859
10684.880
10684.901
10684.923
10684.944
10684.965
10684.986
10685.007
10685.028
10685.049
10685.071
10685.092
10685.113
10685.134
10685.155
10685.176
10685.198
10685.219
10685.240
10685.261
10685.282
10685.303
10685.325
10685.346
10685.367
10685.388
10685.409
10685.430
10685.452
10685.473
10685.494
10685.515
10685.536
10685.557
10685.579
10685.600
10685.621
10685.642
10685.663
10685.684
10685.706
10685.727
10685.748
10685.769
10685.790
10685.811
10685.833
10685.854
10685.875
10685.896
10685.917
10685.938
10685.960
10685.981
10686.002
10686.023
10686.044
10686.065
10686.087
10686.108
10686.129
10686.150
10686.171
10686.192
10686.214
10686.235
10686.256
10686.277
10686.298
10686.319
10686.341
10686.362
10686.383
10686.404
10686.425
10686.446
10686.468
10686.489
10686.510
10686.531
10686.552
10686.573
10686.595
10686.616
10686.637
10686.658
10686.679
10686.700
10686.722
10686.743
10686.764
10686.785
10686.806
10686.827
10686.849
10686.870
10686.891
10686.912
10686.933
10686.954
10686.976
10686.997
10687.018
10687.039
10687.060
10687.081
10687.103
10687.124
10687.145
10687.166
10687.187
10687.208
10687.230
10687.251
10687.272
10687.293
10687.314
10687.335
10687.357
10687.378
10687.399
10687.420
10687.441
10687.462
10687.484
10687.505
10687.526
10687.547
10687.568
10687.589
10687.611
10687.632
10687.653
10687.674
10687.695
10687.716
10687.738
10687.759
10687.780
10687.801
10687.822
10687.843
10687.865
10687.886
10687.907
10687.928
10687.949
10687.970
10687.992
10688.013
10688.034
10688.055
10688.076
10688.097
10688.119
10688.140
10688.161
10688.182
10688.203
10688.224
10688.246
10688.267
10688.288
10688.309
10688.330
10688.351
10688.373
10688.394
10688.415
10688.436
10688.457
10688.478
10688.500
10688.521
10688.542
10688.563
10688.584
10688.605
10688.627
10688.648
10688.669
10688.690
10688.711
10688.732
10688.754
10688.775
10688.796
10688.817
10688.838
10688.859
10688.880
10688.902
10688.923
10688.944
10688.965
10688.986
10689.007
10689.029
10689.050
10689.071
10689.092
10689.113
10689.134
10689.156
10689.177
10689.198
10689.219
10689.240
10689.261
10689.283
10689.304
10689.325
10689.346
10689.367
10689.388
10689.410
10689.431
10689.452
10689.473
10689.494
10689.515
10689.537
10689.558
10689.579
10689.600
10689.621
10689.642
10689.664
10689.685
10689.706
10689.727
10689.748
10689.769
10689.791
10689.812
10689.833
10689.854
10689.875
10689.896
10689.918
10689.939
10689.960
10689.981
10690.002
10690.023
10690.045
10690.066
10690.087
10690.108
10690.129
10690.150
10690.172
10690.193
10690.214
10690.235
10690.256
10690.277
10690.299
10690.320
10690.341
10690.362
10690.383
10690.404
10690.426
10690.447
10690.468
10690.489
10690.510
10690.531
10690.553
10690.574
10690.595
10690.616
10690.637
10690.658
10690.680
10690.701
10690.722
10690.743
10690.764
10690.785
10690.807
10690.828
10690.849
10690.870
10690.891
10690.912
10690.934
10690.955
10690.976
10690.997
10691.018
10691.039
10691.061
10691.082
10691.103
10691.124
10691.145
10691.166
10691.188
10691.209
10691.230
10691.251
10691.272
10691.293
10691.315
10691.336
10691.357
10691.378
10691.399
10691.420
10691.442
10691.463
10691.484
10691.505
10691.526
10691.547
10691.569
10691.590
10691.611
10691.632
10691.653
10691.674
10691.696
10691.717
10691.738
10691.759
10691.780
10691.801
10691.823
10691.844
10691.865
10691.886
10691.907
10691.928
10691.950
10691.971
10691.992
10692.013
10692.034
10692.055
10692.077
10692.098
10692.119
10692.140
10692.161
10692.182
10692.204
10692.225
10692.246
10692.267
10692.288
10692.309
10692.331
10692.352
10692.373
10692.394
10692.415
10692.436
10692.458
10692.479
10692.500
10692.521
10692.542
10692.563
10692.585
10692.606
10692.627
10692.648
10692.669
10692.690
10692.711
10692.733
10692.754
10692.775
10692.796
10692.817
10692.838
10692.860
10692.881
10692.902
10692.923
10692.944
10692.965
10692.987
10693.008
10693.029
10693.050
10693.071
10693.092
10693.114
10693.135
10693.156
10693.177
10693.198
10693.219
10693.241
10693.262
10693.283
10693.304
10693.325
10693.346
10693.368
10693.389
10693.410
10693.431
10693.452
10693.473
10693.495
10693.516
10693.537
10693.558
10693.579
10693.600
10693.622
10693.643
10693.664
10693.685
10693.706
10693.727
10693.749
10693.770
10693.791
10693.812
10693.833
10693.854
10693.876
10693.897
10693.918
10693.939
10693.960
10693.981
10694.003
10694.024
10694.045
10694.066
10694.087
10694.108
10694.130
10694.151
10694.172
10694.193
10694.214
10694.235
10694.257
10694.278
10694.299
10694.320
10694.341
10694.362
10694.384
10694.405
10694.426
10694.447
10694.468
10694.489
10694.511
10694.532
10694.553
10694.574
10694.595
10694.616
10694.638
10694.659
10694.680
10694.701
10694.722
10694.743
10694.765
10694.786
10694.807
10694.828
10694.849
10694.870
10694.892
10694.913
10694.934
10694.955
10694.976
10694.997
10695.019
10695.040
10695.061
10695.082
10695.103
10695.124
10695.146
10695.167
10695.188
10695.209
10695.230
10695.251
10695.273
10695.294
10695.315
10695.336
10695.357
10695.378
10695.400
10695.421
10695.442
10695.463
10695.484
10695.505
10695.527
10695.548
10695.569
10695.590
10695.611
10695.632
10695.654
10695.675
10695.696
10695.717
10695.738
10695.759
10695.781
10695.802
10695.823
10695.844
10695.865
10695.886
10695.908
10695.929
10695.950
10695.971
10695.992
10696.013
10696.035
10696.056
10696.077
10696.098
10696.119
10696.140
10696.162
10696.183
10696.204
10696.225
10696.246
10696.267
10696.289
10696.310
10696.331
10696.352
10696.373
10696.394
10696.415
10696.437
10696.458
10696.479
10696.500
10696.521
10696.542
10696.564
10696.585
10696.606
10696.627
10696.648
10696.669
10696.691
10696.712
10696.733
10696.754
10696.775
10696.796
10696.818
10696.839
10696.860
10696.881
10696.902
10696.923
10696.945
10696.966
10696.987
10697.008
10697.029
10697.050
10697.072
10697.093
10697.114
10697.135
10697.156
10697.177
10697.199
10697.220
10697.241
10697.262
10697.283
10697.304
10697.326
10697.347
10697.368
10697.389
10697.410
10697.431
10697.453
10697.474
10697.495
10697.516
10697.537
10697.558
10697.580
10697.601
10697.622
10697.643
10697.664
10697.685
10697.707
10697.728
10697.749
10697.770
10697.791
10697.812
10697.834
10697.855
10697.876
10697.897
10697.918
10697.939
10697.961
10697.982
10698.003
10698.024
10698.045
10698.066
10698.088
10698.109
10698.130
10698.151
10698.172
10698.193
10698.215
10698.236
10698.257
10698.278
10698.299
10698.320
10698.342
10698.363
10698.384
10698.405
10698.426
10698.447
10698.469
10698.490
10698.511
10698.532
10698.553
10698.574
10698.596
10698.617
10698.638
10698.659
10698.680
10698.701
10698.723
10698.744
10698.765
10698.786
10698.807
10698.828
10698.850
10698.871
10698.892
10698.913
10698.934
10698.955
10698.977
10698.998
10699.019
10699.040
10699.061
10699.082
10699.104
10699.125
10699.146
10699.167
10699.188
10699.209
10699.231
10699.252
10699.273
10699.294
10699.315
10699.336
10699.358
10699.379
10699.400
10699.421
10699.442
10699.463
10699.485
10699.506
10699.527
10699.548
10699.569
10699.590
10699.612
10699.633
10699.654
10699.675
10699.696
10699.717
10699.739
10699.760
10699.781
10699.802
10699.823
10699.844
10699.866
10699.887
10699.908
10699.929
10699.950
10699.971
10699.993
10700.014
10700.035
10700.056
10700.077
10700.098
10700.120
10700.141
10700.162
10700.183
10700.204
10700.225
10700.246
10700.268
10700.289
10700.310
10700.331
10700.352
10700.373
10700.395
10700.416
10700.437
10700.458
10700.479
10700.500
10700.522
10700.543
10700.564
10700.585
10700.606
10700.627
10700.649
10700.670
10700.691
10700.712
10700.733
10700.754
10700.776
10700.797
10700.818
10700.839
10700.860
10700.881
10700.903
10700.924
10700.945
10700.966
10700.987
10701.008
10701.030
10701.051
10701.072
10701.093
10701.114
10701.135
10701.157
10701.178
10701.199
10701.220
10701.241
10701.262
10701.284
10701.305
10701.326
10701.347
10701.368
10701.389
10701.411
10701.432
10701.453
10701.474
10701.495
10701.516
10701.538
10701.559
10701.580
10701.601
10701.622
10701.643
10701.665
10701.686
10701.707
10701.728
10701.749
10701.770
10701.792
10701.813
10701.834
10701.855
10701.876
10701.897
10701.919
10701.940
10701.961
10701.982
10702.003
10702.024
10702.046
10702.067
10702.088
10702.109
10702.130
10702.151
10702.173
10702.194
10702.215
10702.236
10702.257
10702.278
10702.300
10702.321
10702.342
10702.363
10702.384
10702.405
10702.427
10702.448
10702.469
10702.490
10702.511
10702.532
10702.554
10702.575
10702.596
10702.617
10702.638
10702.659
10702.681
10702.702
10702.723
10702.744
10702.765
10702.786
10702.808
10702.829
10702.850
10702.871
10702.892
10702.913
10702.935
10702.956
10702.977
10702.998
10703.019
10703.040
10703.062
10703.083
10703.104
10703.125
10703.146
10703.167
10703.189
10703.210
10703.231
10703.252
10703.273
10703.294
10703.316
10703.337
10703.358
10703.379
10703.400
10703.421
10703.443
10703.464
10703.485
10703.506
10703.527
10703.548
10703.570
10703.591
10703.612
10703.633
10703.654
10703.675
10703.697
10703.718
10703.739
10703.760
10703.781
10703.802
10703.824
10703.845
10703.866
10703.887
10703.908
10703.929
10703.951
10703.972
10703.993
10704.014
10704.035
10704.056
10704.077
10704.099
10704.120
10704.141
10704.162
10704.183
10704.204
10704.226
10704.247
10704.268
10704.289
10704.310
10704.331
10704.353
10704.374
10704.395
10704.416
10704.437
10704.458
10704.480
10704.501
10704.522
10704.543
10704.564
10704.585
10704.607
10704.628
10704.649
10704.670
10704.691
10704.712
10704.734
10704.755
10704.776
10704.797
10704.818
10704.839
10704.861
10704.882
10704.903
10704.924
10704.945
10704.966
10704.988
10705.009
10705.030
10705.051
10705.072
10705.093
10705.115
10705.136
10705.157
10705.178
10705.199
10705.220
10705.242
10705.263
10705.284
10705.305
10705.326
10705.347
10705.369
10705.390
10705.411
10705.432
10705.453
10705.474
10705.496
10705.517
10705.538
10705.559
10705.580
10705.601
10705.623
10705.644
10705.665
10705.686
10705.707
10705.728
10705.750
10705.771
10705.792
10705.813
10705.834
10705.855
10705.877
10705.898
10705.919
10705.940
10705.961
10705.982
10706.004
10706.025
10706.046
10706.067
10706.088
10706.109
10706.131
10706.152
10706.173
10706.194
10706.215
10706.236
10706.258
10706.279
10706.300
10706.321
10706.342
10706.363
10706.385
10706.406
10706.427
10706.448
10706.469
10706.490
10706.512
10706.533
10706.554
10706.575
10706.596
10706.617
10706.639
10706.660
10706.681
10706.702
10706.723
10706.744
10706.766
10706.787
10706.808
10706.829
10706.850
10706.871
10706.893
10706.914
10706.935
10706.956
10706.977
10706.998
10707.020
10707.041
10707.062
10707.083
10707.104
10707.125
10707.147
10707.168
10707.189
10707.210
10707.231
10707.252
10707.274
10707.295
10707.316
10707.337
10707.358
10707.379
10707.401
10707.422
10707.443
10707.464
10707.485
10707.506
10707.528
10707.549
10707.570
10707.591
10707.612
10707.633
10707.655
10707.676
10707.697
10707.718
10707.739
10707.760
10707.782
10707.803
10707.824
10707.845
10707.866
10707.887
10707.908
10707.930
10707.951
10707.972
10707.993
10708.014
10708.035
10708.057
10708.078
10708.099
10708.120
10708.141
10708.162
10708.184
10708.205
10708.226
10708.247
10708.268
10708.289
10708.311
10708.332
10708.353
10708.374
10708.395
10708.416
10708.438
10708.459
10708.480
10708.501
10708.522
10708.543
10708.565
10708.586
10708.607
10708.628
10708.649
10708.670
10708.692
10708.713
10708.734
10708.755
10708.776
10708.797
10708.819
10708.840
10708.861
10708.882
10708.903
10708.924
10708.946
10708.967
10708.988
10709.009
10709.030
10709.051
10709.073
10709.094
10709.115
10709.136
10709.157
10709.178
10709.200
10709.221
10709.242
10709.263
10709.284
10709.305
10709.327
10709.348
10709.369
10709.390
10709.411
10709.432
10709.454
10709.475
10709.496
10709.517
10709.538
10709.559
10709.581
10709.602
10709.623
10709.644
10709.665
10709.686
10709.708
10709.729
10709.750
10709.771
10709.792
10709.813
10709.835
10709.856
10709.877
10709.898
10709.919
10709.940
10709.962
10709.983
10710.004
10710.025
10710.046
10710.067
10710.089
10710.110
10710.131
10710.152
10710.173
10710.194
10710.216
10710.237
10710.258
10710.279
10710.300
10710.321
10710.343
10710.364
10710.385
10710.406
10710.427
10710.448
10710.470
10710.491
10710.512
10710.533
10710.554
10710.575
10710.597
10710.618
10710.639
10710.660
10710.681
10710.702
10710.724
10710.745
10710.766
10710.787
10710.808
10710.829
10710.851
10710.872
10710.893
10710.914
10710.935
10710.956
10710.978
10710.999
10711.020
10711.041
10711.062
10711.083
10711.105
10711.126
10711.147
10711.168
10711.189
10711.210
10711.232
10711.253
10711.274
10711.295
10711.316
10711.337
10711.359
10711.380
10711.401
10711.422
10711.443
10711.464
10711.486
10711.507
10711.528
10711.549
10711.570
10711.591
10711.613
10711.634
10711.655
10711.676
10711.697
10711.718
10711.739
10711.761
10711.782
10711.803
10711.824
10711.845
10711.866
10711.888
10711.909
10711.930
10711.951
10711.972
10711.993
10712.015
10712.036
10712.057
10712.078
10712.099
10712.120
10712.142
10712.163
10712.184
10712.205
10712.226
10712.247
10712.269
10712.290
10712.311
10712.332
10712.353
10712.374
10712.396
10712.417
10712.438
10712.459
10712.480
10712.501
10712.523
10712.544
10712.565
10712.586
10712.607
10712.628
10712.650
10712.671
10712.692
10712.713
10712.734
10712.755
10712.777
10712.798
10712.819
10712.840
10712.861
10712.882
10712.904
10712.925
10712.946
10712.967
10712.988
10713.009
10713.031
10713.052
10713.073
10713.094
10713.115
10713.136
10713.158
10713.179
10713.200
10713.221
10713.242
10713.263
10713.285
10713.306
10713.327
10713.348
10713.369
10713.390
10713.412
10713.433
10713.454
10713.475
10713.496
10713.517
10713.539
10713.560
10713.581
10713.602
10713.623
10713.644
10713.666
10713.687
10713.708
10713.729
10713.750
10713.771
10713.793
10713.814
10713.835
10713.856
10713.877
10713.898
10713.920
10713.941
10713.962
10713.983
10714.004
10714.025
10714.047
10714.068
10714.089
10714.110
10714.131
10714.152
10714.174
10714.195
10714.216
10714.237
10714.258
10714.279
10714.301
10714.322
10714.343
10714.364
10714.385
10714.406
10714.428
10714.449
10714.470
10714.491
10714.512
10714.533
10714.555
10714.576
10714.597
10714.618
10714.639
10714.660
10714.682
10714.703
10714.724
10714.745
10714.766
10714.787
10714.809
10714.830
10714.851
10714.872
10714.893
10714.914
10714.936
10714.957
10714.978
10714.999
10715.020
10715.041
10715.063
10715.084
10715.105
10715.126
10715.147
10715.168
10715.190
10715.211
10715.232
10715.253
10715.274
10715.295
10715.317
10715.338
10715.359
10715.380
10715.401
10715.422
10715.444
10715.465
10715.486
10715.507
10715.528
10715.549
10715.570
10715.592
10715.613
10715.634
10715.655
10715.676
10715.697
10715.719
10715.740
10715.761
10715.782
10715.803
10715.824
10715.846
10715.867
10715.888
10715.909
10715.930
10715.951
10715.973
10715.994
10716.015
10716.036
10716.057
10716.078
10716.100
10716.121
10716.142
10716.163
10716.184
10716.205
10716.227
10716.248
10716.269
10716.290
10716.311
10716.332
10716.354
10716.375
10716.396
10716.417
10716.438
10716.459
10716.481
10716.502
10716.523
10716.544
10716.565
10716.586
10716.608
10716.629
10716.650
10716.671
10716.692
10716.713
10716.735
10716.756
10716.777
10716.798
10716.819
10716.840
10716.862
10716.883
10716.904
10716.925
10716.946
10716.967
10716.989
10717.010
10717.031
10717.052
10717.073
10717.094
10717.116
10717.137
10717.158
10717.179
10717.200
10717.221
10717.243
10717.264
10717.285
10717.306
10717.327
10717.348
10717.370
10717.391
10717.412
10717.433
10717.454
10717.475
10717.497
10717.518
10717.539
10717.560
10717.581
10717.602
10717.624
10717.645
10717.666
10717.687
10717.708
10717.729
10717.751
10717.772
10717.793
10717.814
10717.835
10717.856
10717.878
10717.899
10717.920
10717.941
10717.962
10717.983
10718.005
10718.026
10718.047
10718.068
10718.089
10718.110
10718.132
10718.153
10718.174
10718.195
10718.216
10718.237
10718.259
10718.280
10718.301
10718.322
10718.343
10718.364
10718.386
10718.407
10718.428
10718.449
10718.470
10718.491
10718.513
10718.534
10718.555
10718.576
10718.597
10718.618
10718.640
10718.661
10718.682
10718.703
10718.724
10718.745
10718.767
10718.788
10718.809
10718.830
10718.851
10718.872
10718.894
10718.915
10718.936
10718.957
10718.978
10718.999
10719.021
10719.042
10719.063
10719.084
10719.105
10719.126
10719.148
10719.169
10719.190
10719.211
10719.232
10719.253
10719.275
10719.296
10719.317
10719.338
10719.359
10719.380
10719.401
10719.423
10719.444
10719.465
10719.486
10719.507
10719.528
10719.550
10719.571
10719.592
10719.613
10719.634
10719.655
10719.677
10719.698
10719.719
10719.740
10719.761
10719.782
10719.804
10719.825
10719.846
10719.867
10719.888
10719.909
10719.931
10719.952
10719.973
10719.994
10720.015
10720.036
10720.058
10720.079
10720.100
10720.121
10720.142
10720.163
10720.185
10720.206
10720.227
10720.248
10720.269
10720.290
10720.312
10720.333
10720.354
10720.375
10720.396
10720.417
10720.439
10720.460
10720.481
10720.502
10720.523
10720.544
10720.566
10720.587
10720.608
10720.629
10720.650
10720.671
10720.693
10720.714
10720.735
10720.756
10720.777
10720.798
10720.820
10720.841
10720.862
10720.883
10720.904
10720.925
10720.947
10720.968
10720.989
10721.010
10721.031
10721.052
10721.074
10721.095
10721.116
10721.137
10721.158
10721.179
10721.201
10721.222
10721.243
10721.264
10721.285
10721.306
10721.328
10721.349
10721.370
10721.391
10721.412
10721.433
10721.455
10721.476
10721.497
10721.518
10721.539
10721.560
10721.582
10721.603
10721.624
10721.645
10721.666
10721.687
10721.709
10721.730
10721.751
10721.772
10721.793
10721.814
10721.836
10721.857
10721.878
10721.899
10721.920
10721.941
10721.963
10721.984
10722.005
10722.026
10722.047
10722.068
10722.090
10722.111
10722.132
10722.153
10722.174
10722.195
10722.217
10722.238
10722.259
10722.280
10722.301
10722.322
10722.344
10722.365
10722.386
10722.407
10722.428
10722.449
10722.471
10722.492
10722.513
10722.534
10722.555
10722.576
10722.598
10722.619
10722.640
10722.661
10722.682
10722.703
10722.725
10722.746
10722.767
10722.788
10722.809
10722.830
10722.852
10722.873
10722.894
10722.915
10722.936
10722.957
10722.979
10723.000
10723.021
10723.042
10723.063
10723.084
10723.106
10723.127
10723.148
10723.169
10723.190
10723.211
10723.232
10723.254
10723.275
10723.296
10723.317
10723.338
10723.359
10723.381
10723.402
10723.423
10723.444
10723.465
10723.486
10723.508
10723.529
10723.550
10723.571
10723.592
10723.613
10723.635
10723.656
10723.677
10723.698
10723.719
10723.740
10723.762
10723.783
10723.804
10723.825
10723.846
10723.867
10723.889
10723.910
10723.931
10723.952
10723.973
10723.994
10724.016
10724.037
10724.058
10724.079
10724.100
10724.121
10724.143
10724.164
10724.185
10724.206
10724.227
10724.248
10724.270
10724.291
10724.312
10724.333
10724.354
10724.375
10724.397
10724.418
10724.439
10724.460
10724.481
10724.502
10724.524
10724.545
10724.566
10724.587
10724.608
10724.629
10724.651
10724.672
10724.693
10724.714
10724.735
10724.756
10724.778
10724.799
10724.820
10724.841
10724.862
10724.883
10724.905
10724.926
10724.947
10724.968
10724.989
10725.010
10725.032
10725.053
10725.074
10725.095
10725.116
10725.137
10725.159
10725.180
10725.201
10725.222
10725.243
10725.264
10725.286
10725.307
10725.328
10725.349
10725.370
10725.391
10725.413
10725.434
10725.455
10725.476
10725.497
10725.518
10725.540
10725.561
10725.582
10725.603
10725.624
10725.645
10725.667
10725.688
10725.709
10725.730
10725.751
10725.772
10725.794
10725.815
10725.836
10725.857
10725.878
10725.899
10725.921
10725.942
10725.963
10725.984
10726.005
10726.026
10726.048
10726.069
10726.090
10726.111
10726.132
10726.153
10726.175
10726.196
10726.217
10726.238
10726.259
10726.280
10726.302
10726.323
10726.344
10726.365
10726.386
10726.407
10726.429
10726.450
10726.471
10726.492
10726.513
10726.534
10726.556
10726.577
10726.598
10726.619
10726.640
10726.661
10726.683
10726.704
10726.725
10726.746
10726.767
10726.788
10726.810
10726.831
10726.852
10726.873
10726.894
10726.915
10726.937
10726.958
10726.979
10727.000
