10599.000
10599.021
10599.041
10599.062
10599.082
10599.103
10599.123
10599.144
10599.164
10599.185
10599.205
10599.226
10599.246
10599.267
10599.287
10599.308
10599.328
10599.349
10599.369
10599.390
10599.410
10599.431
10599.451
10599.472
10599.492
10599.513
10599.533
10599.554
10599.574
10599.595
10599.615
10599.636
10599.656
10599.677
10599.697
10599.718
10599.739
10599.759
10599.780
10599.800
10599.821
10599.841
10599.862
10599.882
10599.903
10599.923
10599.944
10599.964
10599.985
10600.005
10600.026
10600.046
10600.067
10600.087
10600.108
10600.128
10600.149
10600.169
10600.190
10600.210
10600.231
10600.251
10600.272
10600.292
10600.313
10600.333
10600.354
10600.374
10600.395
10600.415
10600.436
10600.457
10600.477
10600.498
10600.518
10600.539
10600.559
10600.580
10600.600
10600.621
10600.641
10600.662
10600.682
10600.703
10600.723
10600.744
10600.764
10600.785
10600.805
10600.826
10600.846
10600.867
10600.887
10600.908
10600.928
10600.949
10600.969
10600.990
10601.010
10601.031
10601.051
10601.072
10601.092
10601.113
10601.134
10601.154
10601.175
10601.195
10601.216
10601.236
10601.257
10601.277
10601.298
10601.318
10601.339
10601.359
10601.380
10601.400
10601.421
10601.441
10601.462
10601.482
10601.503
10601.523
10601.544
10601.564
10601.585
10601.605
10601.626
10601.646
10601.667
10601.687
10601.708
10601.728
10601.749
10601.769
10601.790
10601.810
10601.831
10601.852
10601.872
10601.893
10601.913
10601.934
10601.954
10601.975
10601.995
10602.016
10602.036
10602.057
10602.077
10602.098
10602.118
10602.139
10602.159
10602.180
10602.200
10602.221
10602.241
10602.262
10602.282
10602.303
10602.323
10602.344
10602.364
10602.385
10602.405
10602.426
10602.446
10602.467
10602.487
10602.508
10602.528
10602.549
10602.570
10602.590
10602.611
10602.631
10602.652
10602.672
10602.693
10602.713
10602.734
10602.754
10602.775
10602.795
10602.816
10602.836
10602.857
10602.877
10602.898
10602.918
10602.939
10602.959
10602.980
10603.000
10603.021
10603.041
10603.062
10603.082
10603.103
10603.123
10603.144
10603.164
10603.185
10603.205
10603.226
10603.246
10603.267
10603.288
10603.308
10603.329
10603.349
10603.370
10603.390
10603.411
10603.431
10603.452
10603.472
10603.493
10603.513
10603.534
10603.554
10603.575
10603.595
10603.616
10603.636
10603.657
10603.677
10603.698
10603.718
10603.739
10603.759
10603.780
10603.800
10603.821
10603.841
10603.862
10603.882
10603.903
10603.923
10603.944
10603.965
10603.985
10604.006
10604.026
10604.047
10604.067
10604.088
10604.108
10604.129
10604.149
10604.170
10604.190
10604.211
10604.231
10604.252
10604.272
10604.293
10604.313
10604.334
10604.354
10604.375
10604.395
10604.416
10604.436
10604.457
10604.477
10604.498
10604.518
10604.539
10604.559
10604.580
10604.600
10604.621
10604.641
10604.662
10604.683
10604.703
10604.724
10604.744
10604.765
10604.785
10604.806
10604.826
10604.847
10604.867
10604.888
10604.908
10604.929
10604.949
10604.970
10604.990
10605.011
10605.031
10605.052
10605.072
10605.093
10605.113
10605.134
10605.154
10605.175
10605.195
10605.216
10605.236
10605.257
10605.277
10605.298
10605.318
10605.339
10605.359
10605.380
10605.401
10605.421
10605.442
10605.462
10605.483
10605.503
10605.524
10605.544
10605.565
10605.585
10605.606
10605.626
10605.647
10605.667
10605.688
10605.708
10605.729
10605.749
10605.770
10605.790
10605.811
10605.831
10605.852
10605.872
10605.893
10605.913
10605.934
10605.954
10605.975
10605.995
10606.016
10606.036
10606.057
10606.077
10606.098
10606.119
10606.139
10606.160
10606.180
10606.201
10606.221
10606.242
10606.262
10606.283
10606.303
10606.324
10606.344
10606.365
10606.385
10606.406
10606.426
10606.447
10606.467
10606.488
10606.508
10606.529
10606.549
10606.570
10606.590
10606.611
10606.631
10606.652
10606.672
10606.693
10606.713
10606.734
10606.754
10606.775
10606.796
10606.816
10606.837
10606.857
10606.878
10606.898
10606.919
10606.939
10606.960
10606.980
10607.001
10607.021
10607.042
10607.062
10607.083
10607.103
10607.124
10607.144
10607.165
10607.185
10607.206
10607.226
10607.247
10607.267
10607.288
10607.308
10607.329
10607.349
10607.370
10607.390
10607.411
10607.431
10607.452
10607.472
10607.493
10607.514
10607.534
10607.555
10607.575
10607.596
10607.616
10607.637
10607.657
10607.678
10607.698
10607.719
10607.739
10607.760
10607.780
10607.801
10607.821
10607.842
10607.862
10607.883
10607.903
10607.924
10607.944
10607.965
10607.985
10608.006
10608.026
10608.047
10608.067
10608.088
10608.108
10608.129
10608.149
10608.170
10608.190
10608.211
10608.232
10608.252
10608.273
10608.293
10608.314
10608.334
10608.355
10608.375
10608.396
10608.416
10608.437
10608.457
10608.478
10608.498
10608.519
10608.539
10608.560
10608.580
10608.601
10608.621
10608.642
10608.662
10608.683
10608.703
10608.724
10608.744
10608.765
10608.785
10608.806
10608.826
10608.847
10608.867
10608.888
10608.908
10608.929
10608.950
10608.970
10608.991
10609.011
10609.032
10609.052
10609.073
10609.093
10609.114
10609.134
10609.155
10609.175
10609.196
10609.216
10609.237
10609.257
10609.278
10609.298
10609.319
10609.339
10609.360
10609.380
10609.401
10609.421
10609.442
10609.462
10609.483
10609.503
10609.524
10609.544
10609.565
10609.585
10609.606
10609.627
10609.647
10609.668
10609.688
10609.709
10609.729
10609.750
10609.770
10609.791
10609.811
10609.832
10609.852
10609.873
10609.893
10609.914
10609.934
10609.955
10609.975
10609.996
10610.016
10610.037
10610.057
10610.078
10610.098
10610.119
10610.139
10610.160
10610.180
10610.201
10610.221
10610.242
10610.262
10610.283
10610.303
10610.324
10610.345
10610.365
10610.386
10610.406
10610.427
10610.447
10610.468
10610.488
10610.509
10610.529
10610.550
10610.570
10610.591
10610.611
10610.632
10610.652
10610.673
10610.693
10610.714
10610.734
10610.755
10610.775
10610.796
10610.816
10610.837
10610.857
10610.878
10610.898
10610.919
10610.939
10610.960
10610.980
10611.001
10611.021
10611.042
10611.063
10611.083
10611.104
10611.124
10611.145
10611.165
10611.186
10611.206
10611.227
10611.247
10611.268
10611.288
10611.309
10611.329
10611.350
10611.370
10611.391
10611.411
10611.432
10611.452
10611.473
10611.493
10611.514
10611.534
10611.555
10611.575
10611.596
10611.616
10611.637
10611.657
10611.678
10611.698
10611.719
10611.739
10611.760
10611.781
10611.801
10611.822
10611.842
10611.863
10611.883
10611.904
10611.924
10611.945
10611.965
10611.986
10612.006
10612.027
10612.047
10612.068
10612.088
10612.109
10612.129
10612.150
10612.170
10612.191
10612.211
10612.232
10612.252
10612.273
10612.293
10612.314
10612.334
10612.355
10612.375
10612.396
10612.416
10612.437
10612.458
10612.478
10612.499
10612.519
10612.540
10612.560
10612.581
10612.601
10612.622
10612.642
10612.663
10612.683
10612.704
10612.724
10612.745
10612.765
10612.786
10612.806
10612.827
10612.847
10612.868
10612.888
10612.909
10612.929
10612.950
10612.970
10612.991
10613.011
10613.032
10613.052
10613.073
10613.093
10613.114
10613.134
10613.155
10613.176
10613.196
10613.217
10613.237
10613.258
10613.278
10613.299
10613.319
10613.340
10613.360
10613.381
10613.401
10613.422
10613.442
10613.463
10613.483
10613.504
10613.524
10613.545
10613.565
10613.586
10613.606
10613.627
10613.647
10613.668
10613.688
10613.709
10613.729
10613.750
10613.770
10613.791
10613.811
10613.832
10613.852
10613.873
10613.894
10613.914
10613.935
10613.955
10613.976
10613.996
10614.017
10614.037
10614.058
10614.078
10614.099
10614.119
10614.140
10614.160
10614.181
10614.201
10614.222
10614.242
10614.263
10614.283
10614.304
10614.324
10614.345
10614.365
10614.386
10614.406
10614.427
10614.447
10614.468
10614.488
10614.509
10614.529
10614.550
10614.570
10614.591
10614.612
10614.632
10614.653
10614.673
10614.694
10614.714
10614.735
10614.755
10614.776
10614.796
10614.817
10614.837
10614.858
10614.878
10614.899
10614.919
10614.940
10614.960
10614.981
10615.001
10615.022
10615.042
10615.063
10615.083
10615.104
10615.124
10615.145
10615.165
10615.186
10615.206
10615.227
10615.247
10615.268
10615.289
10615.309
10615.330
10615.350
10615.371
10615.391
10615.412
10615.432
10615.453
10615.473
10615.494
10615.514
10615.535
10615.555
10615.576
10615.596
10615.617
10615.637
10615.658
10615.678
10615.699
10615.719
10615.740
10615.760
10615.781
10615.801
10615.822
10615.842
10615.863
10615.883
10615.904
10615.924
10615.945
10615.965
10615.986
10616.007
10616.027
10616.048
10616.068
10616.089
10616.109
10616.130
10616.150
10616.171
10616.191
10616.212
10616.232
10616.253
10616.273
10616.294
10616.314
10616.335
10616.355
10616.376
10616.396
10616.417
10616.437
10616.458
10616.478
10616.499
10616.519
10616.540
10616.560
10616.581
10616.601
10616.622
10616.642
10616.663
10616.683
10616.704
10616.725
10616.745
10616.766
10616.786
10616.807
10616.827
10616.848
10616.868
10616.889
10616.909
10616.930
10616.950
10616.971
10616.991
10617.012
10617.032
10617.053
10617.073
10617.094
10617.114
10617.135
10617.155
10617.176
10617.196
10617.217
10617.237
10617.258
10617.278
10617.299
10617.319
10617.340
10617.360
10617.381
10617.401
10617.422
10617.443
10617.463
10617.484
10617.504
10617.525
10617.545
10617.566
10617.586
10617.607
10617.627
10617.648
10617.668
10617.689
10617.709
10617.730
10617.750
10617.771
10617.791
10617.812
10617.832
10617.853
10617.873
10617.894
10617.914
10617.935
10617.955
10617.976
10617.996
10618.017
10618.037
10618.058
10618.078
10618.099
10618.120
10618.140
10618.161
10618.181
10618.202
10618.222
10618.243
10618.263
10618.284
10618.304
10618.325
10618.345
10618.366
10618.386
10618.407
10618.427
10618.448
10618.468
10618.489
10618.509
10618.530
10618.550
10618.571
10618.591
10618.612
10618.632
10618.653
10618.673
10618.694
10618.714
10618.735
10618.755
10618.776
10618.796
10618.817
10618.838
10618.858
10618.879
10618.899
10618.920
10618.940
10618.961
10618.981
10619.002
10619.022
10619.043
10619.063
10619.084
10619.104
10619.125
10619.145
10619.166
10619.186
10619.207
10619.227
10619.248
10619.268
10619.289
10619.309
10619.330
10619.350
10619.371
10619.391
10619.412
10619.432
10619.453
10619.473
10619.494
10619.514
10619.535
10619.556
10619.576
10619.597
10619.617
10619.638
10619.658
10619.679
10619.699
10619.720
10619.740
10619.761
10619.781
10619.802
10619.822
10619.843
10619.863
10619.884
10619.904
10619.925
10619.945
10619.966
10619.986
10620.007
10620.027
10620.048
10620.068
10620.089
10620.109
10620.130
10620.150
10620.171
10620.191
10620.212
10620.232
10620.253
10620.274
10620.294
10620.315
10620.335
10620.356
10620.376
10620.397
10620.417
10620.438
10620.458
10620.479
10620.499
10620.520
10620.540
10620.561
10620.581
10620.602
10620.622
10620.643
10620.663
10620.684
10620.704
10620.725
10620.745
10620.766
10620.786
10620.807
10620.827
10620.848
10620.868
10620.889
10620.909
10620.930
10620.951
10620.971
10620.992
10621.012
10621.033
10621.053
10621.074
10621.094
10621.115
10621.135
10621.156
10621.176
10621.197
10621.217
10621.238
10621.258
10621.279
10621.299
10621.320
10621.340
10621.361
10621.381
10621.402
10621.422
10621.443
10621.463
10621.484
10621.504
10621.525
10621.545
10621.566
10621.586
10621.607
10621.627
10621.648
10621.669
10621.689
10621.710
10621.730
10621.751
10621.771
10621.792
10621.812
10621.833
10621.853
10621.874
10621.894
10621.915
10621.935
10621.956
10621.976
10621.997
10622.017
10622.038
10622.058
10622.079
10622.099
10622.120
10622.140
10622.161
10622.181
10622.202
10622.222
10622.243
10622.263
10622.284
10622.304
10622.325
10622.345
10622.366
10622.387
10622.407
10622.428
10622.448
10622.469
10622.489
10622.510
10622.530
10622.551
10622.571
10622.592
10622.612
10622.633
10622.653
10622.674
10622.694
10622.715
10622.735
10622.756
10622.776
10622.797
10622.817
10622.838
10622.858
10622.879
10622.899
10622.920
10622.940
10622.961
10622.981
10623.002
10623.022
10623.043
10623.063
10623.084
10623.105
10623.125
10623.146
10623.166
10623.187
10623.207
10623.228
10623.248
10623.269
10623.289
10623.310
10623.330
10623.351
10623.371
10623.392
10623.412
10623.433
10623.453
10623.474
10623.494
10623.515
10623.535
10623.556
10623.576
10623.597
10623.617
10623.638
10623.658
10623.679
10623.699
10623.720
10623.740
10623.761
10623.782
10623.802
10623.823
10623.843
10623.864
10623.884
10623.905
10623.925
10623.946
10623.966
10623.987
10624.007
10624.028
10624.048
10624.069
10624.089
10624.110
10624.130
10624.151
10624.171
10624.192
10624.212
10624.233
10624.253
10624.274
10624.294
10624.315
10624.335
10624.356
10624.376
10624.397
10624.417
10624.438
10624.458
10624.479
10624.500
10624.520
10624.541
10624.561
10624.582
10624.602
10624.623
10624.643
10624.664
10624.684
10624.705
10624.725
10624.746
10624.766
10624.787
10624.807
10624.828
10624.848
10624.869
10624.889
10624.910
10624.930
10624.951
10624.971
10624.992
10625.012
10625.033
10625.053
10625.074
10625.094
10625.115
10625.135
10625.156
10625.176
10625.197
10625.218
10625.238
10625.259
10625.279
10625.300
10625.320
10625.341
10625.361
10625.382
10625.402
10625.423
10625.443
10625.464
10625.484
10625.505
10625.525
10625.546
10625.566
10625.587
10625.607
10625.628
10625.648
10625.669
10625.689
10625.710
10625.730
10625.751
10625.771
10625.792
10625.812
10625.833
10625.853
10625.874
10625.894
10625.915
10625.936
10625.956
10625.977
10625.997
10626.018
10626.038
10626.059
10626.079
10626.100
10626.120
10626.141
10626.161
10626.182
10626.202
10626.223
10626.243
10626.264
10626.284
10626.305
10626.325
10626.346
10626.366
10626.387
10626.407
10626.428
10626.448
10626.469
10626.489
10626.510
10626.530
10626.551
10626.571
10626.592
10626.613
10626.633
10626.654
10626.674
10626.695
10626.715
10626.736
10626.756
10626.777
10626.797
10626.818
10626.838
10626.859
10626.879
10626.900
10626.920
10626.941
10626.961
10626.982
10627.002
10627.023
10627.043
10627.064
10627.084
10627.105
10627.125
10627.146
10627.166
10627.187
10627.207
10627.228
10627.248
10627.269
10627.289
10627.310
10627.331
10627.351
10627.372
10627.392
10627.413
10627.433
10627.454
10627.474
10627.495
10627.515
10627.536
10627.556
10627.577
10627.597
10627.618
10627.638
10627.659
10627.679
10627.700
10627.720
10627.741
10627.761
10627.782
10627.802
10627.823
10627.843
10627.864
10627.884
10627.905
10627.925
10627.946
10627.966
10627.987
10628.007
10628.028
10628.049
10628.069
10628.090
10628.110
10628.131
10628.151
10628.172
10628.192
10628.213
10628.233
10628.254
10628.274
10628.295
10628.315
10628.336
10628.356
10628.377
10628.397
10628.418
10628.438
10628.459
10628.479
10628.500
10628.520
10628.541
10628.561
10628.582
10628.602
10628.623
10628.643
10628.664
10628.684
10628.705
10628.725
10628.746
10628.767
10628.787
10628.808
10628.828
10628.849
10628.869
10628.890
10628.910
10628.931
10628.951
10628.972
10628.992
10629.013
10629.033
10629.054
10629.074
10629.095
10629.115
10629.136
10629.156
10629.177
10629.197
10629.218
10629.238
10629.259
10629.279
10629.300
10629.320
10629.341
10629.361
10629.382
10629.402
10629.423
10629.444
10629.464
10629.485
10629.505
10629.526
10629.546
10629.567
10629.587
10629.608
10629.628
10629.649
10629.669
10629.690
10629.710
10629.731
10629.751
10629.772
10629.792
10629.813
10629.833
10629.854
10629.874
10629.895
10629.915
10629.936
10629.956
10629.977
10629.997
10630.018
10630.038
10630.059
10630.079
10630.100
10630.120
10630.141
10630.162
10630.182
10630.203
10630.223
10630.244
10630.264
10630.285
10630.305
10630.326
10630.346
10630.367
10630.387
10630.408
10630.428
10630.449
10630.469
10630.490
10630.510
10630.531
10630.551
10630.572
10630.592
10630.613
10630.633
10630.654
10630.674
10630.695
10630.715
10630.736
10630.756
10630.777
10630.797
10630.818
10630.838
10630.859
10630.880
10630.900
10630.921
10630.941
10630.962
10630.982
10631.003
10631.023
10631.044
10631.064
10631.085
10631.105
10631.126
10631.146
10631.167
10631.187
10631.208
10631.228
10631.249
10631.269
10631.290
10631.310
10631.331
10631.351
10631.372
10631.392
10631.413
10631.433
10631.454
10631.474
10631.495
10631.515
10631.536
10631.556
10631.577
10631.598
10631.618
10631.639
10631.659
10631.680
10631.700
10631.721
10631.741
10631.762
10631.782
10631.803
10631.823
10631.844
10631.864
10631.885
10631.905
10631.926
10631.946
10631.967
10631.987
10632.008
10632.028
10632.049
10632.069
10632.090
10632.110
10632.131
10632.151
10632.172
10632.192
10632.213
10632.233
10632.254
10632.275
10632.295
10632.316
10632.336
10632.357
10632.377
10632.398
10632.418
10632.439
10632.459
10632.480
10632.500
10632.521
10632.541
10632.562
10632.582
10632.603
10632.623
10632.644
10632.664
10632.685
10632.705
10632.726
10632.746
10632.767
10632.787
10632.808
10632.828
10632.849
10632.869
10632.890
10632.910
10632.931
10632.951
10632.972
10632.993
10633.013
10633.034
10633.054
10633.075
10633.095
10633.116
10633.136
10633.157
10633.177
10633.198
10633.218
10633.239
10633.259
10633.280
10633.300
10633.321
10633.341
10633.362
10633.382
10633.403
10633.423
10633.444
10633.464
10633.485
10633.505
10633.526
10633.546
10633.567
10633.587
10633.608
10633.628
10633.649
10633.669
10633.690
10633.711
10633.731
10633.752
10633.772
10633.793
10633.813
10633.834
10633.854
10633.875
10633.895
10633.916
10633.936
10633.957
10633.977
10633.998
10634.018
10634.039
10634.059
10634.080
10634.100
10634.121
10634.141
10634.162
10634.182
10634.203
10634.223
10634.244
10634.264
10634.285
10634.305
10634.326
10634.346
10634.367
10634.387
10634.408
10634.429
10634.449
10634.470
10634.490
10634.511
10634.531
10634.552
10634.572
10634.593
10634.613
10634.634
10634.654
10634.675
10634.695
10634.716
10634.736
10634.757
10634.777
10634.798
10634.818
10634.839
10634.859
10634.880
10634.900
10634.921
10634.941
10634.962
10634.982
10635.003
10635.023
10635.044
10635.064
10635.085
10635.106
10635.126
10635.147
10635.167
10635.188
10635.208
10635.229
10635.249
10635.270
10635.290
10635.311
10635.331
10635.352
10635.372
10635.393
10635.413
10635.434
10635.454
10635.475
10635.495
10635.516
10635.536
10635.557
10635.577
10635.598
10635.618
10635.639
10635.659
10635.680
10635.700
10635.721
10635.741
10635.762
10635.782
10635.803
10635.824
10635.844
10635.865
10635.885
10635.906
10635.926
10635.947
10635.967
10635.988
10636.008
10636.029
10636.049
10636.070
10636.090
10636.111
10636.131
10636.152
10636.172
10636.193
10636.213
10636.234
10636.254
10636.275
10636.295
10636.316
10636.336
10636.357
10636.377
10636.398
10636.418
10636.439
10636.459
10636.480
10636.500
10636.521
10636.542
10636.562
10636.583
10636.603
10636.624
10636.644
10636.665
10636.685
10636.706
10636.726
10636.747
10636.767
10636.788
10636.808
10636.829
10636.849
10636.870
10636.890
10636.911
10636.931
10636.952
10636.972
10636.993
10637.013
10637.034
10637.054
10637.075
10637.095
10637.116
10637.136
10637.157
10637.177
10637.198
10637.218
10637.239
10637.260
10637.280
10637.301
10637.321
10637.342
10637.362
10637.383
10637.403
10637.424
10637.444
10637.465
10637.485
10637.506
10637.526
10637.547
10637.567
10637.588
10637.608
10637.629
10637.649
10637.670
10637.690
10637.711
10637.731
10637.752
10637.772
10637.793
10637.813
10637.834
10637.854
10637.875
10637.895
10637.916
10637.937
10637.957
10637.978
10637.998
10638.019
10638.039
10638.060
10638.080
10638.101
10638.121
10638.142
10638.162
10638.183
10638.203
10638.224
10638.244
10638.265
10638.285
10638.306
10638.326
10638.347
10638.367
10638.388
10638.408
10638.429
10638.449
10638.470
10638.490
10638.511
10638.531
10638.552
10638.572
10638.593
10638.613
10638.634
10638.655
10638.675
10638.696
10638.716
10638.737
10638.757
10638.778
10638.798
10638.819
10638.839
10638.860
10638.880
10638.901
10638.921
10638.942
10638.962
10638.983
10639.003
10639.024
10639.044
10639.065
10639.085
10639.106
10639.126
10639.147
10639.167
10639.188
10639.208
10639.229
10639.249
10639.270
10639.290
10639.311
10639.331
10639.352
10639.373
10639.393
10639.414
10639.434
10639.455
10639.475
10639.496
10639.516
10639.537
10639.557
10639.578
10639.598
10639.619
10639.639
10639.660
10639.680
10639.701
10639.721
10639.742
10639.762
10639.783
10639.803
10639.824
10639.844
10639.865
10639.885
10639.906
10639.926
10639.947
10639.967
10639.988
10640.008
10640.029
10640.049
10640.070
10640.091
10640.111
10640.132
10640.152
10640.173
10640.193
10640.214
10640.234
10640.255
10640.275
10640.296
10640.316
10640.337
10640.357
10640.378
10640.398
10640.419
10640.439
10640.460
10640.480
10640.501
10640.521
10640.542
10640.562
10640.583
10640.603
10640.624
10640.644
10640.665
10640.685
10640.706
10640.726
10640.747
10640.768
10640.788
10640.809
10640.829
10640.850
10640.870
10640.891
10640.911
10640.932
10640.952
10640.973
10640.993
10641.014
10641.034
10641.055
10641.075
10641.096
10641.116
10641.137
10641.157
10641.178
10641.198
10641.219
10641.239
10641.260
10641.280
10641.301
10641.321
10641.342
10641.362
10641.383
10641.403
10641.424
10641.444
10641.465
10641.486
10641.506
10641.527
10641.547
10641.568
10641.588
10641.609
10641.629
10641.650
10641.670
10641.691
10641.711
10641.732
10641.752
10641.773
10641.793
10641.814
10641.834
10641.855
10641.875
10641.896
10641.916
10641.937
10641.957
10641.978
10641.998
10642.019
10642.039
10642.060
10642.080
10642.101
10642.121
10642.142
10642.162
10642.183
10642.204
10642.224
10642.245
10642.265
10642.286
10642.306
10642.327
10642.347
10642.368
10642.388
10642.409
10642.429
10642.450
10642.470
10642.491
10642.511
10642.532
10642.552
10642.573
10642.593
10642.614
10642.634
10642.655
10642.675
10642.696
10642.716
10642.737
10642.757
10642.778
10642.798
10642.819
10642.839
10642.860
10642.880
10642.901
10642.922
10642.942
10642.963
10642.983
10643.004
10643.024
10643.045
10643.065
10643.086
10643.106
10643.127
10643.147
10643.168
10643.188
10643.209
10643.229
10643.250
10643.270
10643.291
10643.311
10643.332
10643.352
10643.373
10643.393
10643.414
10643.434
10643.455
10643.475
10643.496
10643.516
10643.537
10643.557
10643.578
10643.599
10643.619
10643.640
10643.660
10643.681
10643.701
10643.722
10643.742
10643.763
10643.783
10643.804
10643.824
10643.845
10643.865
10643.886
10643.906
10643.927
10643.947
10643.968
10643.988
10644.009
10644.029
10644.050
10644.070
10644.091
10644.111
10644.132
10644.152
10644.173
10644.193
10644.214
10644.234
10644.255
10644.275
10644.296
10644.317
10644.337
10644.358
10644.378
10644.399
10644.419
10644.440
10644.460
10644.481
10644.501
10644.522
10644.542
10644.563
10644.583
10644.604
10644.624
10644.645
10644.665
10644.686
10644.706
10644.727
10644.747
10644.768
10644.788
10644.809
10644.829
10644.850
10644.870
10644.891
10644.911
10644.932
10644.952
10644.973
10644.993
10645.014
10645.035
10645.055
10645.076
10645.096
10645.117
10645.137
10645.158
10645.178
10645.199
10645.219
10645.240
10645.260
10645.281
10645.301
10645.322
10645.342
10645.363
10645.383
10645.404
10645.424
10645.445
10645.465
10645.486
10645.506
10645.527
10645.547
10645.568
10645.588
10645.609
10645.629
10645.650
10645.670
10645.691
10645.711
10645.732
10645.753
10645.773
10645.794
10645.814
10645.835
10645.855
10645.876
10645.896
10645.917
10645.937
10645.958
10645.978
10645.999
10646.019
10646.040
10646.060
10646.081
10646.101
10646.122
10646.142
10646.163
10646.183
10646.204
10646.224
10646.245
10646.265
10646.286
10646.306
10646.327
10646.347
10646.368
10646.388
10646.409
10646.430
10646.450
10646.471
10646.491
10646.512
10646.532
10646.553
10646.573
10646.594
10646.614
10646.635
10646.655
10646.676
10646.696
10646.717
10646.737
10646.758
10646.778
10646.799
10646.819
10646.840
10646.860
10646.881
10646.901
10646.922
10646.942
10646.963
10646.983
10647.004
10647.024
10647.045
10647.065
10647.086
10647.106
10647.127
10647.148
10647.168
10647.189
10647.209
10647.230
10647.250
10647.271
10647.291
10647.312
10647.332
10647.353
10647.373
10647.394
10647.414
10647.435
10647.455
10647.476
10647.496
10647.517
10647.537
10647.558
10647.578
10647.599
10647.619
10647.640
10647.660
10647.681
10647.701
10647.722
10647.742
10647.763
10647.783
10647.804
10647.824
10647.845
10647.866
10647.886
10647.907
10647.927
10647.948
10647.968
10647.989
10648.009
10648.030
10648.050
10648.071
10648.091
10648.112
10648.132
10648.153
10648.173
10648.194
10648.214
10648.235
10648.255
10648.276
10648.296
10648.317
10648.337
10648.358
10648.378
10648.399
10648.419
10648.440
10648.460
10648.481
10648.501
10648.522
10648.542
10648.563
10648.584
10648.604
10648.625
10648.645
10648.666
10648.686
10648.707
10648.727
10648.748
10648.768
10648.789
10648.809
10648.830
10648.850
10648.871
10648.891
10648.912
10648.932
10648.953
10648.973
10648.994
10649.014
10649.035
10649.055
10649.076
10649.096
10649.117
10649.137
10649.158
10649.178
10649.199
10649.219
10649.240
10649.261
10649.281
10649.302
10649.322
10649.343
10649.363
10649.384
10649.404
10649.425
10649.445
10649.466
10649.486
10649.507
10649.527
10649.548
10649.568
10649.589
10649.609
10649.630
10649.650
10649.671
10649.691
10649.712
10649.732
10649.753
10649.773
10649.794
10649.814
10649.835
10649.855
10649.876
10649.896
10649.917
10649.937
10649.958
10649.979
10649.999
10650.020
10650.040
10650.061
10650.081
10650.102
10650.122
10650.143
10650.163
10650.184
10650.204
10650.225
10650.245
10650.266
10650.286
10650.307
10650.327
10650.348
10650.368
10650.389
10650.409
10650.430
10650.450
10650.471
10650.491
10650.512
10650.532
10650.553
10650.573
10650.594
10650.614
10650.635
10650.655
10650.676
10650.697
10650.717
10650.738
10650.758
10650.779
10650.799
10650.820
10650.840
10650.861
10650.881
10650.902
10650.922
10650.943
10650.963
10650.984
10651.004
10651.025
10651.045
10651.066
10651.086
10651.107
10651.127
10651.148
10651.168
10651.189
10651.209
10651.230
10651.250
10651.271
10651.291
10651.312
10651.332
10651.353
10651.373
10651.394
10651.415
10651.435
10651.456
10651.476
10651.497
10651.517
10651.538
10651.558
10651.579
10651.599
10651.620
10651.640
10651.661
10651.681
10651.702
10651.722
10651.743
10651.763
10651.784
10651.804
10651.825
10651.845
10651.866
10651.886
10651.907
10651.927
10651.948
10651.968
10651.989
10652.009
10652.030
10652.050
10652.071
10652.092
10652.112
10652.133
10652.153
10652.174
10652.194
10652.215
10652.235
10652.256
10652.276
10652.297
10652.317
10652.338
10652.358
10652.379
10652.399
10652.420
10652.440
10652.461
10652.481
10652.502
10652.522
10652.543
10652.563
10652.584
10652.604
10652.625
10652.645
10652.666
10652.686
10652.707
10652.727
10652.748
10652.768
10652.789
10652.810
10652.830
10652.851
10652.871
10652.892
10652.912
10652.933
10652.953
10652.974
10652.994
10653.015
10653.035
10653.056
10653.076
10653.097
10653.117
10653.138
10653.158
10653.179
10653.199
10653.220
10653.240
10653.261
10653.281
10653.302
10653.322
10653.343
10653.363
10653.384
10653.404
10653.425
10653.445
10653.466
10653.486
10653.507
10653.528
10653.548
10653.569
10653.589
10653.610
10653.630
10653.651
10653.671
10653.692
10653.712
10653.733
10653.753
10653.774
10653.794
10653.815
10653.835
10653.856
10653.876
10653.897
10653.917
10653.938
10653.958
10653.979
10653.999
10654.020
10654.040
10654.061
10654.081
10654.102
10654.122
10654.143
10654.163
10654.184
10654.204
10654.225
10654.246
10654.266
10654.287
10654.307
10654.328
10654.348
10654.369
10654.389
10654.410
10654.430
10654.451
10654.471
10654.492
10654.512
10654.533
10654.553
10654.574
10654.594
10654.615
10654.635
10654.656
10654.676
10654.697
10654.717
10654.738
10654.758
10654.779
10654.799
10654.820
10654.840
10654.861
10654.881
10654.902
10654.923
10654.943
10654.964
10654.984
10655.005
10655.025
10655.046
10655.066
10655.087
10655.107
10655.128
10655.148
10655.169
10655.189
10655.210
10655.230
10655.251
10655.271
10655.292
10655.312
10655.333
10655.353
10655.374
10655.394
10655.415
10655.435
10655.456
10655.476
10655.497
10655.517
10655.538
10655.558
10655.579
10655.599
10655.620
10655.641
10655.661
10655.682
10655.702
10655.723
10655.743
10655.764
10655.784
10655.805
10655.825
10655.846
10655.866
10655.887
10655.907
10655.928
10655.948
10655.969
10655.989
10656.010
10656.030
10656.051
10656.071
10656.092
10656.112
10656.133
10656.153
10656.174
10656.194
10656.215
10656.235
10656.256
10656.276
10656.297
10656.317
10656.338
10656.359
10656.379
10656.400
10656.420
10656.441
10656.461
10656.482
10656.502
10656.523
10656.543
10656.564
10656.584
10656.605
10656.625
10656.646
10656.666
10656.687
10656.707
10656.728
10656.748
10656.769
10656.789
10656.810
10656.830
10656.851
10656.871
10656.892
10656.912
10656.933
10656.953
10656.974
10656.994
10657.015
10657.035
10657.056
10657.077
10657.097
10657.118
10657.138
10657.159
10657.179
10657.200
10657.220
10657.241
10657.261
10657.282
10657.302
10657.323
10657.343
10657.364
10657.384
10657.405
10657.425
10657.446
10657.466
10657.487
10657.507
10657.528
10657.548
10657.569
10657.589
10657.610
10657.630
10657.651
10657.671
10657.692
10657.712
10657.733
10657.754
10657.774
10657.795
10657.815
10657.836
10657.856
10657.877
10657.897
10657.918
10657.938
10657.959
10657.979
10658.000
10658.020
10658.041
10658.061
10658.082
10658.102
10658.123
10658.143
10658.164
10658.184
10658.205
10658.225
10658.246
10658.266
10658.287
10658.307
10658.328
10658.348
10658.369
10658.389
10658.410
10658.430
10658.451
10658.472
10658.492
10658.513
10658.533
10658.554
10658.574
10658.595
10658.615
10658.636
10658.656
10658.677
10658.697
10658.718
10658.738
10658.759
10658.779
10658.800
10658.820
10658.841
10658.861
10658.882
10658.902
10658.923
10658.943
10658.964
10658.984
10659.005
10659.025
10659.046
10659.066
10659.087
10659.107
10659.128
10659.148
10659.169
10659.190
10659.210
10659.231
10659.251
10659.272
10659.292
10659.313
10659.333
10659.354
10659.374
10659.395
10659.415
10659.436
10659.456
10659.477
10659.497
10659.518
10659.538
10659.559
10659.579
10659.600
10659.620
10659.641
10659.661
10659.682
10659.702
10659.723
10659.743
10659.764
10659.784
10659.805
10659.825
10659.846
10659.866
10659.887
10659.908
10659.928
10659.949
10659.969
10659.990
10660.010
10660.031
10660.051
10660.072
10660.092
10660.113
10660.133
10660.154
10660.174
10660.195
10660.215
10660.236
10660.256
10660.277
10660.297
10660.318
10660.338
10660.359
10660.379
10660.400
10660.420
10660.441
10660.461
10660.482
10660.502
10660.523
10660.543
10660.564
10660.585
10660.605
10660.626
10660.646
10660.667
10660.687
10660.708
10660.728
10660.749
10660.769
10660.790
10660.810
10660.831
10660.851
10660.872
10660.892
10660.913
10660.933
10660.954
10660.974
10660.995
10661.015
10661.036
10661.056
10661.077
10661.097
10661.118
10661.138
10661.159
10661.179
10661.200
10661.220
10661.241
10661.261
10661.282
10661.303
10661.323
10661.344
10661.364
10661.385
10661.405
10661.426
10661.446
10661.467
10661.487
10661.508
10661.528
10661.549
10661.569
10661.590
10661.610
10661.631
10661.651
10661.672
10661.692
10661.713
10661.733
10661.754
10661.774
10661.795
10661.815
10661.836
10661.856
10661.877
10661.897
10661.918
10661.938
10661.959
10661.979
10662.000
