 9615.363
 9615.380
 9615.397
 9615.414
 9615.432
 9615.449
 9615.466
 9615.483
 9615.501
 9615.518
 9615.535
 9615.552
 9615.570
 9615.587
 9615.604
 9615.621
 9615.639
 9615.656
 9615.673
 9615.690
 9615.708
 9615.725
 9615.742
 9615.759
 9615.777
 9615.794
 9615.811
 9615.828
 9615.846
 9615.863
 9615.880
 9615.897
 9615.915
 9615.932
 9615.949
 9615.966
 9615.984
 9616.001
 9616.018
 9616.035
 9616.053
 9616.070
 9616.087
 9616.104
 9616.122
 9616.139
 9616.156
 9616.173
 9616.191
 9616.208
 9616.225
 9616.242
 9616.260
 9616.277
 9616.294
 9616.311
 9616.329
 9616.346
 9616.363
 9616.381
 9616.398
 9616.415
 9616.432
 9616.450
 9616.467
 9616.484
 9616.501
 9616.519
 9616.536
 9616.553
 9616.570
 9616.588
 9616.605
 9616.622
 9616.639
 9616.657
 9616.674
 9616.691
 9616.708
 9616.726
 9616.743
 9616.760
 9616.777
 9616.795
 9616.812
 9616.829
 9616.846
 9616.864
 9616.881
 9616.898
 9616.915
 9616.933
 9616.950
 9616.967
 9616.984
 9617.002
 9617.019
 9617.036
 9617.053
 9617.071
 9617.088
 9617.105
 9617.122
 9617.140
 9617.157
 9617.174
 9617.191
 9617.209
 9617.226
 9617.243
 9617.260
 9617.278
 9617.295
 9617.312
 9617.329
 9617.347
 9617.364
 9617.381
 9617.398
 9617.416
 9617.433
 9617.450
 9617.467
 9617.485
 9617.502
 9617.519
 9617.536
 9617.554
 9617.571
 9617.588
 9617.606
 9617.623
 9617.640
 9617.657
 9617.675
 9617.692
 9617.709
 9617.726
 9617.744
 9617.761
 9617.778
 9617.795
 9617.813
 9617.830
 9617.847
 9617.864
 9617.882
 9617.899
 9617.916
 9617.933
 9617.951
 9617.968
 9617.985
 9618.002
 9618.020
 9618.037
 9618.054
 9618.071
 9618.089
 9618.106
 9618.123
 9618.140
 9618.158
 9618.175
 9618.192
 9618.209
 9618.227
 9618.244
 9618.261
 9618.278
 9618.296
 9618.313
 9618.330
 9618.347
 9618.365
 9618.382
 9618.399
 9618.416
 9618.434
 9618.451
 9618.468
 9618.485
 9618.503
 9618.520
 9618.537
 9618.554
 9618.572
 9618.589
 9618.606
 9618.623
 9618.641
 9618.658
 9618.675
 9618.692
 9618.710
 9618.727
 9618.744
 9618.761
 9618.779
 9618.796
 9618.813
 9618.831
 9618.848
 9618.865
 9618.882
 9618.900
 9618.917
 9618.934
 9618.951
 9618.969
 9618.986
 9619.003
 9619.020
 9619.038
 9619.055
 9619.072
 9619.089
 9619.107
 9619.124
 9619.141
 9619.158
 9619.176
 9619.193
 9619.210
 9619.227
 9619.245
 9619.262
 9619.279
 9619.296
 9619.314
 9619.331
 9619.348
 9619.365
 9619.383
 9619.400
 9619.417
 9619.434
 9619.452
 9619.469
 9619.486
 9619.503
 9619.521
 9619.538
 9619.555
 9619.572
 9619.590
 9619.607
 9619.624
 9619.641
 9619.659
 9619.676
 9619.693
 9619.710
 9619.728
 9619.745
 9619.762
 9619.779
 9619.797
 9619.814
 9619.831
 9619.848
 9619.866
 9619.883
 9619.900
 9619.917
 9619.935
 9619.952
 9619.969
 9619.986
 9620.004
 9620.021
 9620.038
 9620.056
 9620.073
 9620.090
 9620.107
 9620.125
 9620.142
 9620.159
 9620.176
 9620.194
 9620.211
 9620.228
 9620.245
 9620.263
 9620.280
 9620.297
 9620.314
 9620.332
 9620.349
 9620.366
 9620.383
 9620.401
 9620.418
 9620.435
 9620.452
 9620.470
 9620.487
 9620.504
 9620.521
 9620.539
 9620.556
 9620.573
 9620.590
 9620.608
 9620.625
 9620.642
 9620.659
 9620.677
 9620.694
 9620.711
 9620.728
 9620.746
 9620.763
 9620.780
 9620.797
 9620.815
 9620.832
 9620.849
 9620.866
 9620.884
 9620.901
 9620.918
 9620.935
 9620.953
 9620.970
 9620.987
 9621.004
 9621.022
 9621.039
 9621.056
 9621.073
 9621.091
 9621.108
 9621.125
 9621.142
 9621.160
 9621.177
 9621.194
 9621.211
 9621.229
 9621.246
 9621.263
 9621.281
 9621.298
 9621.315
 9621.332
 9621.350
 9621.367
 9621.384
 9621.401
 9621.419
 9621.436
 9621.453
 9621.470
 9621.488
 9621.505
 9621.522
 9621.539
 9621.557
 9621.574
 9621.591
 9621.608
 9621.626
 9621.643
 9621.660
 9621.677
 9621.695
 9621.712
 9621.729
 9621.746
 9621.764
 9621.781
 9621.798
 9621.815
 9621.833
 9621.850
 9621.867
 9621.884
 9621.902
 9621.919
 9621.936
 9621.953
 9621.971
 9621.988
 9622.005
 9622.022
 9622.040
 9622.057
 9622.074
 9622.091
 9622.109
 9622.126
 9622.143
 9622.160
 9622.178
 9622.195
 9622.212
 9622.229
 9622.247
 9622.264
 9622.281
 9622.298
 9622.316
 9622.333
 9622.350
 9622.367
 9622.385
 9622.402
 9622.419
 9622.437
 9622.454
 9622.471
 9622.488
 9622.506
 9622.523
 9622.540
 9622.557
 9622.575
 9622.592
 9622.609
 9622.626
 9622.644
 9622.661
 9622.678
 9622.695
 9622.713
 9622.730
 9622.747
 9622.764
 9622.782
 9622.799
 9622.816
 9622.833
 9622.851
 9622.868
 9622.885
 9622.902
 9622.920
 9622.937
 9622.954
 9622.971
 9622.989
 9623.006
 9623.023
 9623.040
 9623.058
 9623.075
 9623.092
 9623.109
 9623.127
 9623.144
 9623.161
 9623.178
 9623.196
 9623.213
 9623.230
 9623.247
 9623.265
 9623.282
 9623.299
 9623.316
 9623.334
 9623.351
 9623.368
 9623.385
 9623.403
 9623.420
 9623.437
 9623.454
 9623.472
 9623.489
 9623.506
 9623.523
 9623.541
 9623.558
 9623.575
 9623.592
 9623.610
 9623.627
 9623.644
 9623.662
 9623.679
 9623.696
 9623.713
 9623.731
 9623.748
 9623.765
 9623.782
 9623.800
 9623.817
 9623.834
 9623.851
 9623.869
 9623.886
 9623.903
 9623.920
 9623.938
 9623.955
 9623.972
 9623.989
 9624.007
 9624.024
 9624.041
 9624.058
 9624.076
 9624.093
 9624.110
 9624.127
 9624.145
 9624.162
 9624.179
 9624.196
 9624.214
 9624.231
 9624.248
 9624.265
 9624.283
 9624.300
 9624.317
 9624.334
 9624.352
 9624.369
 9624.386
 9624.403
 9624.421
 9624.438
 9624.455
 9624.472
 9624.490
 9624.507
 9624.524
 9624.541
 9624.559
 9624.576
 9624.593
 9624.610
 9624.628
 9624.645
 9624.662
 9624.679
 9624.697
 9624.714
 9624.731
 9624.748
 9624.766
 9624.783
 9624.800
 9624.817
 9624.835
 9624.852
 9624.869
 9624.887
 9624.904
 9624.921
 9624.938
 9624.956
 9624.973
 9624.990
 9625.007
 9625.025
 9625.042
 9625.059
 9625.076
 9625.094
 9625.111
 9625.128
 9625.145
 9625.163
 9625.180
 9625.197
 9625.214
 9625.232
 9625.249
 9625.266
 9625.283
 9625.301
 9625.318
 9625.335
 9625.352
 9625.370
 9625.387
 9625.404
 9625.421
 9625.439
 9625.456
 9625.473
 9625.490
 9625.508
 9625.525
 9625.542
 9625.559
 9625.577
 9625.594
 9625.611
 9625.628
 9625.646
 9625.663
 9625.680
 9625.697
 9625.715
 9625.732
 9625.749
 9625.766
 9625.784
 9625.801
 9625.818
 9625.835
 9625.853
 9625.870
 9625.887
 9625.904
 9625.922
 9625.939
 9625.956
 9625.973
 9625.991
 9626.008
 9626.025
 9626.042
 9626.060
 9626.077
 9626.094
 9626.112
 9626.129
 9626.146
 9626.163
 9626.181
 9626.198
 9626.215
 9626.232
 9626.250
 9626.267
 9626.284
 9626.301
 9626.319
 9626.336
 9626.353
 9626.370
 9626.388
 9626.405
 9626.422
 9626.439
 9626.457
 9626.474
 9626.491
 9626.508
 9626.526
 9626.543
 9626.560
 9626.577
 9626.595
 9626.612
 9626.629
 9626.646
 9626.664
 9626.681
 9626.698
 9626.715
 9626.733
 9626.750
 9626.767
 9626.784
 9626.802
 9626.819
 9626.836
 9626.853
 9626.871
 9626.888
 9626.905
 9626.922
 9626.940
 9626.957
 9626.974
 9626.991
 9627.009
 9627.026
 9627.043
 9627.060
 9627.078
 9627.095
 9627.112
 9627.129
 9627.147
 9627.164
 9627.181
 9627.198
 9627.216
 9627.233
 9627.250
 9627.267
 9627.285
 9627.302
 9627.319
 9627.337
 9627.354
 9627.371
 9627.388
 9627.406
 9627.423
 9627.440
 9627.457
 9627.475
 9627.492
 9627.509
 9627.526
 9627.544
 9627.561
 9627.578
 9627.595
 9627.613
 9627.630
 9627.647
 9627.664
 9627.682
 9627.699
 9627.716
 9627.733
 9627.751
 9627.768
 9627.785
 9627.802
 9627.820
 9627.837
 9627.854
 9627.871
 9627.889
 9627.906
 9627.923
 9627.940
 9627.958
 9627.975
 9627.992
 9628.009
 9628.027
 9628.044
 9628.061
 9628.078
 9628.096
 9628.113
 9628.130
 9628.147
 9628.165
 9628.182
 9628.199
 9628.216
 9628.234
 9628.251
 9628.268
 9628.285
 9628.303
 9628.320
 9628.337
 9628.354
 9628.372
 9628.389
 9628.406
 9628.423
 9628.441
 9628.458
 9628.475
 9628.492
 9628.510
 9628.527
 9628.544
 9628.562
 9628.579
 9628.596
 9628.613
 9628.631
 9628.648
 9628.665
 9628.682
 9628.700
 9628.717
 9628.734
 9628.751
 9628.769
 9628.786
 9628.803
 9628.820
 9628.838
 9628.855
 9628.872
 9628.889
 9628.907
 9628.924
 9628.941
 9628.958
 9628.976
 9628.993
 9629.010
 9629.027
 9629.045
 9629.062
 9629.079
 9629.096
 9629.114
 9629.131
 9629.148
 9629.165
 9629.183
 9629.200
 9629.217
 9629.234
 9629.252
 9629.269
 9629.286
 9629.303
 9629.321
 9629.338
 9629.355
 9629.372
 9629.390
 9629.407
 9629.424
 9629.441
 9629.459
 9629.476
 9629.493
 9629.510
 9629.528
 9629.545
 9629.562
 9629.579
 9629.597
 9629.614
 9629.631
 9629.648
 9629.666
 9629.683
 9629.700
 9629.717
 9629.735
 9629.752
 9629.769
 9629.787
 9629.804
 9629.821
 9629.838
 9629.856
 9629.873
 9629.890
 9629.907
 9629.925
 9629.942
 9629.959
 9629.976
 9629.994
 9630.011
 9630.028
 9630.045
 9630.063
 9630.080
 9630.097
 9630.114
 9630.132
 9630.149
 9630.166
 9630.183
 9630.201
 9630.218
 9630.235
 9630.252
 9630.270
 9630.287
 9630.304
 9630.321
 9630.339
 9630.356
 9630.373
 9630.390
 9630.408
 9630.425
 9630.442
 9630.459
 9630.477
 9630.494
 9630.511
 9630.528
 9630.546
 9630.563
 9630.580
 9630.597
 9630.615
 9630.632
 9630.649
 9630.666
 9630.684
 9630.701
 9630.718
 9630.735
 9630.753
 9630.770
 9630.787
 9630.804
 9630.822
 9630.839
 9630.856
 9630.873
 9630.891
 9630.908
 9630.925
 9630.943
 9630.960
 9630.977
 9630.994
 9631.012
 9631.029
 9631.046
 9631.063
 9631.081
 9631.098
 9631.115
 9631.132
 9631.150
 9631.167
 9631.184
 9631.201
 9631.219
 9631.236
 9631.253
 9631.270
 9631.288
 9631.305
 9631.322
 9631.339
 9631.357
 9631.374
 9631.391
 9631.408
 9631.426
 9631.443
 9631.460
 9631.477
 9631.495
 9631.512
 9631.529
 9631.546
 9631.564
 9631.581
 9631.598
 9631.615
 9631.633
 9631.650
 9631.667
 9631.684
 9631.702
 9631.719
 9631.736
 9631.753
 9631.771
 9631.788
 9631.805
 9631.822
 9631.840
 9631.857
 9631.874
 9631.891
 9631.909
 9631.926
 9631.943
 9631.960
 9631.978
 9631.995
 9632.012
 9632.029
 9632.047
 9632.064
 9632.081
 9632.098
 9632.116
 9632.133
 9632.150
 9632.168
 9632.185
 9632.202
 9632.219
 9632.237
 9632.254
 9632.271
 9632.288
 9632.306
 9632.323
 9632.340
 9632.357
 9632.375
 9632.392
 9632.409
 9632.426
 9632.444
 9632.461
 9632.478
 9632.495
 9632.513
 9632.530
 9632.547
 9632.564
 9632.582
 9632.599
 9632.616
 9632.633
 9632.651
 9632.668
 9632.685
 9632.702
 9632.720
 9632.737
 9632.754
 9632.771
 9632.789
 9632.806
 9632.823
 9632.840
 9632.858
 9632.875
 9632.892
 9632.909
 9632.927
 9632.944
 9632.961
 9632.978
 9632.996
 9633.013
 9633.030
 9633.047
 9633.065
 9633.082
 9633.099
 9633.116
 9633.134
 9633.151
 9633.168
 9633.185
 9633.203
 9633.220
 9633.237
 9633.254
 9633.272
 9633.289
 9633.306
 9633.323
 9633.341
 9633.358
 9633.375
 9633.393
 9633.410
 9633.427
 9633.444
 9633.462
 9633.479
 9633.496
 9633.513
 9633.531
 9633.548
 9633.565
 9633.582
 9633.600
 9633.617
 9633.634
 9633.651
 9633.669
 9633.686
 9633.703
 9633.720
 9633.738
 9633.755
 9633.772
 9633.789
 9633.807
 9633.824
 9633.841
 9633.858
 9633.876
 9633.893
 9633.910
 9633.927
 9633.945
 9633.962
 9633.979
 9633.996
 9634.014
 9634.031
 9634.048
 9634.065
 9634.083
 9634.100
 9634.117
 9634.134
 9634.152
 9634.169
 9634.186
 9634.203
 9634.221
 9634.238
 9634.255
 9634.272
 9634.290
 9634.307
 9634.324
 9634.341
 9634.359
 9634.376
 9634.393
 9634.410
 9634.428
 9634.445
 9634.462
 9634.479
 9634.497
 9634.514
 9634.531
 9634.548
 9634.566
 9634.583
 9634.600
 9634.618
 9634.635
 9634.652
 9634.669
 9634.687
 9634.704
 9634.721
 9634.738
 9634.756
 9634.773
 9634.790
 9634.807
 9634.825
 9634.842
 9634.859
 9634.876
 9634.894
 9634.911
 9634.928
 9634.945
 9634.963
 9634.980
 9634.997
 9635.014
 9635.032
 9635.049
 9635.066
 9635.083
 9635.101
 9635.118
 9635.135
 9635.152
 9635.170
 9635.187
 9635.204
 9635.221
 9635.239
 9635.256
 9635.273
 9635.290
 9635.308
 9635.325
 9635.342
 9635.359
 9635.377
 9635.394
 9635.411
 9635.428
 9635.446
 9635.463
 9635.480
 9635.497
 9635.515
 9635.532
 9635.549
 9635.566
 9635.584
 9635.601
 9635.618
 9635.635
 9635.653
 9635.670
 9635.687
 9635.704
 9635.722
 9635.739
 9635.756
 9635.773
 9635.791
 9635.808
 9635.825
 9635.843
 9635.860
 9635.877
 9635.894
 9635.912
 9635.929
 9635.946
 9635.963
 9635.981
 9635.998
 9636.015
 9636.032
 9636.050
 9636.067
 9636.084
 9636.101
 9636.119
 9636.136
 9636.153
 9636.170
 9636.188
 9636.205
 9636.222
 9636.239
 9636.257
 9636.274
 9636.291
 9636.308
 9636.326
 9636.343
 9636.360
 9636.377
 9636.395
 9636.412
 9636.429
 9636.446
 9636.464
 9636.481
 9636.498
 9636.515
 9636.533
 9636.550
 9636.567
 9636.584
 9636.602
 9636.619
 9636.636
 9636.653
 9636.671
 9636.688
 9636.705
 9636.722
 9636.740
 9636.757
 9636.774
 9636.791
 9636.809
 9636.826
 9636.843
 9636.860
 9636.878
 9636.895
 9636.912
 9636.929
 9636.947
 9636.964
 9636.981
 9636.998
 9637.016
 9637.033
 9637.050
 9637.068
 9637.085
 9637.102
 9637.119
 9637.137
 9637.154
 9637.171
 9637.188
 9637.206
 9637.223
 9637.240
 9637.257
 9637.275
 9637.292
 9637.309
 9637.326
 9637.344
 9637.361
 9637.378
 9637.395
 9637.413
 9637.430
 9637.447
 9637.464
 9637.482
 9637.499
 9637.516
 9637.533
 9637.551
 9637.568
 9637.585
 9637.602
 9637.620
 9637.637
 9637.654
 9637.671
 9637.689
 9637.706
 9637.723
 9637.740
 9637.758
 9637.775
 9637.792
 9637.809
 9637.827
 9637.844
 9637.861
 9637.878
 9637.896
 9637.913
 9637.930
 9637.947
 9637.965
 9637.982
 9637.999
 9638.016
 9638.034
 9638.051
 9638.068
 9638.085
 9638.103
 9638.120
 9638.137
 9638.154
 9638.172
 9638.189
 9638.206
 9638.223
 9638.241
 9638.258
 9638.275
 9638.293
 9638.310
 9638.327
 9638.344
 9638.362
 9638.379
 9638.396
 9638.413
 9638.431
 9638.448
 9638.465
 9638.482
 9638.500
 9638.517
 9638.534
 9638.551
 9638.569
 9638.586
 9638.603
 9638.620
 9638.638
 9638.655
 9638.672
 9638.689
 9638.707
 9638.724
 9638.741
 9638.758
 9638.776
 9638.793
 9638.810
 9638.827
 9638.845
 9638.862
 9638.879
 9638.896
 9638.914
 9638.931
 9638.948
 9638.965
 9638.983
 9639.000
 9639.017
 9639.034
 9639.052
 9639.069
 9639.086
 9639.103
 9639.121
 9639.138
 9639.155
 9639.172
 9639.190
 9639.207
 9639.224
 9639.241
 9639.259
 9639.276
 9639.293
 9639.310
 9639.328
 9639.345
 9639.362
 9639.379
 9639.397
 9639.414
 9639.431
 9639.448
 9639.466
 9639.483
 9639.500
 9639.518
 9639.535
 9639.552
 9639.569
 9639.587
 9639.604
 9639.621
 9639.638
 9639.656
 9639.673
 9639.690
 9639.707
 9639.725
 9639.742
 9639.759
 9639.776
 9639.794
 9639.811
 9639.828
 9639.845
 9639.863
 9639.880
 9639.897
 9639.914
 9639.932
 9639.949
 9639.966
 9639.983
 9640.001
 9640.018
 9640.035
 9640.052
 9640.070
 9640.087
 9640.104
 9640.121
 9640.139
 9640.156
 9640.173
 9640.190
 9640.208
 9640.225
 9640.242
 9640.259
 9640.277
 9640.294
 9640.311
 9640.328
 9640.346
 9640.363
 9640.380
 9640.397
 9640.415
 9640.432
 9640.449
 9640.466
 9640.484
 9640.501
 9640.518
 9640.535
 9640.553
 9640.570
 9640.587
 9640.604
 9640.622
 9640.639
 9640.656
 9640.674
 9640.691
 9640.708
 9640.725
 9640.743
 9640.760
 9640.777
 9640.794
 9640.812
 9640.829
 9640.846
 9640.863
 9640.881
 9640.898
 9640.915
 9640.932
 9640.950
 9640.967
 9640.984
 9641.001
 9641.019
 9641.036
 9641.053
 9641.070
 9641.088
 9641.105
 9641.122
 9641.139
 9641.157
 9641.174
 9641.191
 9641.208
 9641.226
 9641.243
 9641.260
 9641.277
 9641.295
 9641.312
 9641.329
 9641.346
 9641.364
 9641.381
 9641.398
 9641.415
 9641.433
 9641.450
 9641.467
 9641.484
 9641.502
 9641.519
 9641.536
 9641.553
 9641.571
 9641.588
 9641.605
 9641.622
 9641.640
 9641.657
 9641.674
 9641.691
 9641.709
 9641.726
 9641.743
 9641.760
 9641.778
 9641.795
 9641.812
 9641.829
 9641.847
 9641.864
 9641.881
 9641.899
 9641.916
 9641.933
 9641.950
 9641.968
 9641.985
 9642.002
 9642.019
 9642.037
 9642.054
 9642.071
 9642.088
 9642.106
 9642.123
 9642.140
 9642.157
 9642.175
 9642.192
 9642.209
 9642.226
 9642.244
 9642.261
 9642.278
 9642.295
 9642.313
 9642.330
 9642.347
 9642.364
 9642.382
 9642.399
 9642.416
 9642.433
 9642.451
 9642.468
 9642.485
 9642.502
 9642.520
 9642.537
 9642.554
 9642.571
 9642.589
 9642.606
 9642.623
 9642.640
 9642.658
 9642.675
 9642.692
 9642.709
 9642.727
 9642.744
 9642.761
 9642.778
 9642.796
 9642.813
 9642.830
 9642.847
 9642.865
 9642.882
 9642.899
 9642.916
 9642.934
 9642.951
 9642.968
 9642.985
 9643.003
 9643.020
 9643.037
 9643.054
 9643.072
 9643.089
 9643.106
 9643.124
 9643.141
 9643.158
 9643.175
 9643.193
 9643.210
 9643.227
 9643.244
 9643.262
 9643.279
 9643.296
 9643.313
 9643.331
 9643.348
 9643.365
 9643.382
 9643.400
 9643.417
 9643.434
 9643.451
 9643.469
 9643.486
 9643.503
 9643.520
 9643.538
 9643.555
 9643.572
 9643.589
 9643.607
 9643.624
 9643.641
 9643.658
 9643.676
 9643.693
 9643.710
 9643.727
 9643.745
 9643.762
 9643.779
 9643.796
 9643.814
 9643.831
 9643.848
 9643.865
 9643.883
 9643.900
 9643.917
 9643.934
 9643.952
 9643.969
 9643.986
 9644.003
 9644.021
 9644.038
 9644.055
 9644.072
 9644.090
 9644.107
 9644.124
 9644.141
 9644.159
 9644.176
 9644.193
 9644.210
 9644.228
 9644.245
 9644.262
 9644.279
 9644.297
 9644.314
 9644.331
 9644.349
 9644.366
 9644.383
 9644.400
 9644.418
 9644.435
 9644.452
 9644.469
 9644.487
 9644.504
 9644.521
 9644.538
 9644.556
 9644.573
 9644.590
 9644.607
 9644.625
 9644.642
 9644.659
 9644.676
 9644.694
 9644.711
 9644.728
 9644.745
 9644.763
 9644.780
 9644.797
 9644.814
 9644.832
 9644.849
 9644.866
 9644.883
 9644.901
 9644.918
 9644.935
 9644.952
 9644.970
 9644.987
 9645.004
 9645.021
 9645.039
 9645.056
 9645.073
 9645.090
 9645.108
 9645.125
 9645.142
 9645.159
 9645.177
 9645.194
 9645.211
 9645.228
 9645.246
 9645.263
 9645.280
 9645.297
 9645.315
 9645.332
 9645.349
 9645.366
 9645.384
 9645.401
 9645.418
 9645.435
 9645.453
 9645.470
 9645.487
 9645.504
 9645.522
 9645.539
 9645.556
 9645.574
 9645.591
 9645.608
 9645.625
 9645.643
 9645.660
 9645.677
 9645.694
 9645.712
 9645.729
 9645.746
 9645.763
 9645.781
 9645.798
 9645.815
 9645.832
 9645.850
 9645.867
 9645.884
 9645.901
 9645.919
 9645.936
 9645.953
 9645.970
 9645.988
 9646.005
 9646.022
 9646.039
 9646.057
 9646.074
 9646.091
 9646.108
 9646.126
 9646.143
 9646.160
 9646.177
 9646.195
 9646.212
 9646.229
 9646.246
 9646.264
 9646.281
 9646.298
 9646.315
 9646.333
 9646.350
 9646.367
 9646.384
 9646.402
 9646.419
 9646.436
 9646.453
 9646.471
 9646.488
 9646.505
 9646.522
 9646.540
 9646.557
 9646.574
 9646.591
 9646.609
 9646.626
 9646.643
 9646.660
 9646.678
 9646.695
 9646.712
 9646.729
 9646.747
 9646.764
 9646.781
 9646.799
 9646.816
 9646.833
 9646.850
 9646.868
 9646.885
 9646.902
 9646.919
 9646.937
 9646.954
 9646.971
 9646.988
 9647.006
 9647.023
 9647.040
 9647.057
 9647.075
 9647.092
 9647.109
 9647.126
 9647.144
 9647.161
 9647.178
 9647.195
 9647.213
 9647.230
 9647.247
 9647.264
 9647.282
 9647.299
 9647.316
 9647.333
 9647.351
 9647.368
 9647.385
 9647.402
 9647.420
 9647.437
 9647.454
 9647.471
 9647.489
 9647.506
 9647.523
 9647.540
 9647.558
 9647.575
 9647.592
 9647.609
 9647.627
 9647.644
 9647.661
 9647.678
 9647.696
 9647.713
 9647.730
 9647.747
 9647.765
 9647.782
 9647.799
 9647.816
 9647.834
 9647.851
 9647.868
 9647.885
 9647.903
 9647.920
 9647.937
 9647.954
 9647.972
 9647.989
 9648.006
 9648.024
 9648.041
 9648.058
 9648.075
 9648.093
 9648.110
 9648.127
 9648.144
 9648.162
 9648.179
 9648.196
 9648.213
 9648.231
 9648.248
 9648.265
 9648.282
 9648.300
 9648.317
 9648.334
 9648.351
 9648.369
 9648.386
 9648.403
 9648.420
 9648.438
 9648.455
 9648.472
 9648.489
 9648.507
 9648.524
 9648.541
 9648.558
 9648.576
 9648.593
 9648.610
 9648.627
 9648.645
 9648.662
 9648.679
 9648.696
 9648.714
 9648.731
 9648.748
 9648.765
 9648.783
 9648.800
 9648.817
 9648.834
 9648.852
 9648.869
 9648.886
 9648.903
 9648.921
 9648.938
 9648.955
 9648.972
 9648.990
 9649.007
 9649.024
 9649.041
 9649.059
 9649.076
 9649.093
 9649.110
 9649.128
 9649.145
 9649.162
 9649.179
 9649.197
 9649.214
 9649.231
 9649.249
 9649.266
 9649.283
 9649.300
 9649.318
 9649.335
 9649.352
 9649.369
 9649.387
 9649.404
 9649.421
 9649.438
 9649.456
 9649.473
 9649.490
 9649.507
 9649.525
 9649.542
 9649.559
 9649.576
 9649.594
 9649.611
 9649.628
 9649.645
 9649.663
 9649.680
 9649.697
 9649.714
 9649.732
 9649.749
 9649.766
 9649.783
 9649.801
 9649.818
 9649.835
 9649.852
 9649.870
 9649.887
 9649.904
 9649.921
 9649.939
 9649.956
 9649.973
 9649.990
 9650.008
 9650.025
 9650.042
 9650.059
 9650.077
 9650.094
 9650.111
 9650.128
 9650.146
 9650.163
 9650.180
 9650.197
 9650.215
 9650.232
 9650.249
 9650.266
 9650.284
 9650.301
 9650.318
 9650.335
 9650.353
 9650.370
 9650.387
 9650.405
 9650.422
 9650.439
 9650.456
 9650.474
 9650.491
 9650.508
 9650.525
 9650.543
 9650.560
 9650.577
 9650.594
 9650.612
 9650.629
 9650.646
 9650.663
 9650.681
 9650.698
 9650.715
 9650.732
 9650.750
 9650.767
 9650.784
 9650.801
 9650.819
 9650.836
 9650.853
 9650.870
 9650.888
 9650.905
 9650.922
 9650.939
 9650.957
 9650.974
 9650.991
 9651.008
 9651.026
 9651.043
 9651.060
 9651.077
 9651.095
 9651.112
 9651.129
 9651.146
 9651.164
 9651.181
 9651.198
 9651.215
 9651.233
 9651.250
 9651.267
 9651.284
 9651.302
 9651.319
 9651.336
 9651.353
 9651.371
 9651.388
 9651.405
 9651.422
 9651.440
 9651.457
 9651.474
 9651.491
 9651.509
 9651.526
 9651.543
 9651.560
 9651.578
 9651.595
 9651.612
 9651.630
 9651.647
 9651.664
 9651.681
 9651.699
 9651.716
 9651.733
 9651.750
 9651.768
 9651.785
 9651.802
 9651.819
 9651.837
 9651.854
 9651.871
 9651.888
 9651.906
 9651.923
 9651.940
 9651.957
 9651.975
 9651.992
 9652.009
 9652.026
 9652.044
 9652.061
 9652.078
 9652.095
 9652.113
 9652.130
 9652.147
 9652.164
 9652.182
 9652.199
 9652.216
 9652.233
 9652.251
 9652.268
 9652.285
 9652.302
 9652.320
 9652.337
 9652.354
 9652.371
 9652.389
 9652.406
 9652.423
 9652.440
 9652.458
 9652.475
 9652.492
 9652.509
 9652.527
 9652.544
 9652.561
 9652.578
 9652.596
 9652.613
 9652.630
 9652.647
 9652.665
 9652.682
 9652.699
 9652.716
 9652.734
 9652.751
 9652.768
 9652.785
 9652.803
 9652.820
 9652.837
 9652.855
 9652.872
 9652.889
 9652.906
 9652.924
 9652.941
 9652.958
 9652.975
 9652.993
 9653.010
 9653.027
 9653.044
 9653.062
 9653.079
 9653.096
 9653.113
 9653.131
 9653.148
 9653.165
 9653.182
 9653.200
 9653.217
 9653.234
 9653.251
 9653.269
 9653.286
 9653.303
 9653.320
 9653.338
 9653.355
 9653.372
 9653.389
 9653.407
 9653.424
 9653.441
 9653.458
 9653.476
 9653.493
 9653.510
 9653.527
 9653.545
 9653.562
 9653.579
 9653.596
 9653.614
 9653.631
 9653.648
 9653.665
 9653.683
 9653.700
 9653.717
 9653.734
 9653.752
 9653.769
 9653.786
 9653.803
 9653.821
 9653.838
 9653.855
 9653.872
 9653.890
 9653.907
 9653.924
 9653.941
 9653.959
 9653.976
 9653.993
 9654.010
 9654.028
 9654.045
 9654.062
 9654.080
 9654.097
 9654.114
 9654.131
 9654.149
 9654.166
 9654.183
 9654.200
 9654.218
 9654.235
 9654.252
 9654.269
 9654.287
 9654.304
 9654.321
 9654.338
 9654.356
 9654.373
 9654.390
 9654.407
 9654.425
 9654.442
 9654.459
 9654.476
 9654.494
 9654.511
 9654.528
 9654.545
 9654.563
 9654.580
 9654.597
 9654.614
 9654.632
 9654.649
 9654.666
 9654.683
 9654.701
 9654.718
 9654.735
 9654.752
 9654.770
 9654.787
 9654.804
 9654.821
 9654.839
 9654.856
 9654.873
 9654.890
 9654.908
 9654.925
 9654.942
 9654.959
 9654.977
 9654.994
 9655.011
 9655.028
 9655.046
 9655.063
 9655.080
 9655.097
 9655.115
 9655.132
 9655.149
 9655.166
 9655.184
 9655.201
 9655.218
 9655.235
 9655.253
 9655.270
 9655.287
 9655.305
 9655.322
 9655.339
 9655.356
 9655.374
 9655.391
 9655.408
 9655.425
 9655.443
 9655.460
 9655.477
 9655.494
 9655.512
 9655.529
 9655.546
 9655.563
 9655.581
 9655.598
 9655.615
 9655.632
 9655.650
 9655.667
 9655.684
 9655.701
 9655.719
 9655.736
 9655.753
 9655.770
 9655.788
 9655.805
 9655.822
 9655.839
 9655.857
 9655.874
 9655.891
 9655.908
 9655.926
 9655.943
 9655.960
 9655.977
 9655.995
 9656.012
 9656.029
 9656.046
 9656.064
 9656.081
 9656.098
 9656.115
 9656.133
 9656.150
 9656.167
 9656.184
 9656.202
 9656.219
 9656.236
 9656.253
 9656.271
 9656.288
 9656.305
 9656.322
 9656.340
 9656.357
 9656.374
 9656.391
 9656.409
 9656.426
 9656.443
 9656.460
 9656.478
 9656.495
 9656.512
 9656.530
 9656.547
 9656.564
 9656.581
 9656.599
 9656.616
 9656.633
 9656.650
 9656.668
 9656.685
 9656.702
 9656.719
 9656.737
 9656.754
 9656.771
 9656.788
 9656.806
 9656.823
 9656.840
 9656.857
 9656.875
 9656.892
 9656.909
 9656.926
 9656.944
 9656.961
 9656.978
 9656.995
 9657.013
 9657.030
 9657.047
 9657.064
 9657.082
 9657.099
 9657.116
 9657.133
 9657.151
 9657.168
 9657.185
 9657.202
 9657.220
 9657.237
 9657.254
 9657.271
 9657.289
 9657.306
 9657.323
 9657.340
 9657.358
 9657.375
 9657.392
 9657.409
 9657.427
 9657.444
 9657.461
 9657.478
 9657.496
 9657.513
 9657.530
 9657.547
 9657.565
 9657.582
 9657.599
 9657.616
 9657.634
 9657.651
 9657.668
 9657.685
 9657.703
 9657.720
 9657.737
 9657.755
 9657.772
 9657.789
 9657.806
 9657.824
 9657.841
 9657.858
 9657.875
 9657.893
 9657.910
 9657.927
 9657.944
 9657.962
 9657.979
 9657.996
 9658.013
 9658.031
 9658.048
 9658.065
 9658.082
 9658.100
 9658.117
 9658.134
 9658.151
 9658.169
 9658.186
 9658.203
 9658.220
 9658.238
 9658.255
 9658.272
 9658.289
 9658.307
 9658.324
 9658.341
 9658.358
 9658.376
 9658.393
 9658.410
 9658.427
 9658.445
 9658.462
 9658.479
 9658.496
 9658.514
 9658.531
 9658.548
 9658.565
 9658.583
 9658.600
 9658.617
 9658.634
 9658.652
 9658.669
 9658.686
 9658.703
 9658.721
 9658.738
 9658.755
 9658.772
 9658.790
 9658.807
 9658.824
 9658.841
 9658.859
 9658.876
 9658.893
 9658.911
 9658.928
 9658.945
 9658.962
 9658.980
 9658.997
 9659.014
 9659.031
 9659.049
 9659.066
 9659.083
 9659.100
 9659.118
 9659.135
 9659.152
 9659.169
 9659.187
 9659.204
 9659.221
 9659.238
 9659.256
 9659.273
 9659.290
 9659.307
 9659.325
 9659.342
 9659.359
 9659.376
 9659.394
 9659.411
 9659.428
 9659.445
 9659.463
 9659.480
 9659.497
 9659.514
 9659.532
 9659.549
 9659.566
 9659.583
 9659.601
 9659.618
 9659.635
 9659.652
 9659.670
 9659.687
 9659.704
 9659.721
 9659.739
 9659.756
 9659.773
 9659.790
 9659.808
 9659.825
 9659.842
 9659.859
 9659.877
 9659.894
 9659.911
 9659.928
 9659.946
 9659.963
 9659.980
 9659.997
 9660.015
 9660.032
 9660.049
 9660.066
 9660.084
 9660.101
 9660.118
 9660.136
 9660.153
 9660.170
 9660.187
 9660.205
 9660.222
 9660.239
 9660.256
 9660.274
 9660.291
 9660.308
 9660.325
 9660.343
 9660.360
 9660.377
 9660.394
 9660.412
 9660.429
 9660.446
 9660.463
 9660.481
 9660.498
 9660.515
 9660.532
 9660.550
 9660.567
 9660.584
 9660.601
 9660.619
 9660.636
 9660.653
 9660.670
 9660.688
 9660.705
 9660.722
 9660.739
 9660.757
 9660.774
 9660.791
 9660.808
 9660.826
 9660.843
 9660.860
 9660.877
 9660.895
 9660.912
 9660.929
 9660.946
 9660.964
 9660.981
 9660.998
 9661.015
 9661.033
 9661.050
 9661.067
 9661.084
 9661.102
 9661.119
 9661.136
 9661.153
 9661.171
 9661.188
 9661.205
 9661.222
 9661.240
 9661.257
 9661.274
 9661.291
 9661.309
 9661.326
 9661.343
 9661.361
 9661.378
 9661.395
 9661.412
 9661.430
 9661.447
 9661.464
 9661.481
 9661.499
 9661.516
 9661.533
 9661.550
 9661.568
 9661.585
 9661.602
 9661.619
 9661.637
 9661.654
 9661.671
 9661.688
 9661.706
 9661.723
 9661.740
 9661.757
 9661.775
 9661.792
 9661.809
 9661.826
 9661.844
 9661.861
 9661.878
 9661.895
 9661.913
 9661.930
 9661.947
 9661.964
 9661.982
 9661.999
 9662.016
 9662.033
 9662.051
 9662.068
 9662.085
 9662.102
 9662.120
 9662.137
 9662.154
 9662.171
 9662.189
 9662.206
 9662.223
 9662.240
 9662.258
 9662.275
 9662.292
 9662.309
 9662.327
 9662.344
 9662.361
 9662.378
 9662.396
 9662.413
 9662.430
 9662.447
 9662.465
 9662.482
 9662.499
 9662.516
 9662.534
 9662.551
 9662.568
 9662.586
 9662.603
 9662.620
 9662.637
 9662.655
 9662.672
 9662.689
 9662.706
 9662.724
 9662.741
 9662.758
 9662.775
 9662.793
 9662.810
 9662.827
 9662.844
 9662.862
 9662.879
 9662.896
 9662.913
 9662.931
 9662.948
 9662.965
 9662.982
 9663.000
 9663.017
 9663.034
 9663.051
 9663.069
 9663.086
 9663.103
 9663.120
 9663.138
 9663.155
 9663.172
 9663.189
 9663.207
 9663.224
 9663.241
 9663.258
 9663.276
 9663.293
 9663.310
 9663.327
 9663.345
 9663.362
 9663.379
 9663.396
 9663.414
 9663.431
 9663.448
 9663.465
 9663.483
 9663.500
 9663.517
 9663.534
 9663.552
 9663.569
 9663.586
 9663.603
 9663.621
 9663.638
 9663.655
 9663.672
 9663.690
 9663.707
 9663.724
 9663.741
 9663.759
 9663.776
 9663.793
 9663.811
 9663.828
 9663.845
 9663.862
 9663.880
 9663.897
 9663.914
 9663.931
 9663.949
 9663.966
 9663.983
 9664.000
 9664.018
 9664.035
 9664.052
 9664.069
 9664.087
 9664.104
 9664.121
 9664.138
 9664.156
 9664.173
 9664.190
 9664.207
 9664.225
 9664.242
 9664.259
 9664.276
 9664.294
 9664.311
 9664.328
 9664.345
 9664.363
 9664.380
 9664.397
 9664.414
 9664.432
 9664.449
 9664.466
 9664.483
 9664.501
 9664.518
 9664.535
 9664.552
 9664.570
 9664.587
 9664.604
 9664.621
 9664.639
 9664.656
 9664.673
 9664.690
 9664.708
 9664.725
 9664.742
 9664.759
 9664.777
 9664.794
 9664.811
 9664.828
 9664.846
 9664.863
 9664.880
 9664.897
 9664.915
 9664.932
 9664.949
 9664.966
 9664.984
 9665.001
 9665.018
 9665.036
 9665.053
 9665.070
 9665.087
 9665.105
 9665.122
 9665.139
 9665.156
 9665.174
 9665.191
 9665.208
 9665.225
 9665.243
 9665.260
 9665.277
 9665.294
 9665.312
 9665.329
 9665.346
 9665.363
 9665.381
 9665.398
 9665.415
 9665.432
 9665.450
 9665.467
 9665.484
 9665.501
 9665.519
 9665.536
 9665.553
 9665.570
 9665.588
 9665.605
 9665.622
 9665.639
 9665.657
 9665.674
 9665.691
 9665.708
 9665.726
 9665.743
 9665.760
 9665.777
 9665.795
 9665.812
 9665.829
 9665.846
 9665.864
 9665.881
 9665.898
 9665.915
 9665.933
 9665.950
 9665.967
 9665.984
 9666.002
 9666.019
 9666.036
 9666.053
 9666.071
 9666.088
 9666.105
 9666.122
 9666.140
 9666.157
 9666.174
 9666.191
 9666.209
 9666.226
 9666.243
 9666.261
 9666.278
 9666.295
 9666.312
 9666.330
 9666.347
 9666.364
 9666.381
 9666.399
 9666.416
 9666.433
 9666.450
 9666.468
 9666.485
 9666.502
 9666.519
 9666.537
 9666.554
 9666.571
 9666.588
 9666.606
 9666.623
 9666.640
 9666.657
 9666.675
 9666.692
 9666.709
 9666.726
 9666.744
 9666.761
 9666.778
 9666.795
 9666.813
 9666.830
 9666.847
 9666.864
 9666.882
 9666.899
 9666.916
 9666.933
 9666.951
 9666.968
 9666.985
 9667.002
 9667.020
 9667.037
 9667.054
 9667.071
 9667.089
 9667.106
 9667.123
 9667.140
 9667.158
 9667.175
 9667.192
 9667.209
 9667.227
 9667.244
 9667.261
 9667.278
 9667.296
 9667.313
 9667.330
 9667.347
 9667.365
 9667.382
 9667.399
 9667.416
 9667.434
 9667.451
 9667.468
 9667.486
 9667.503
 9667.520
 9667.537
 9667.555
 9667.572
 9667.589
 9667.606
 9667.624
 9667.641
 9667.658
 9667.675
 9667.693
 9667.710
 9667.727
 9667.744
 9667.762
 9667.779
 9667.796
 9667.813
 9667.831
 9667.848
 9667.865
 9667.882
 9667.900
 9667.917
 9667.934
 9667.951
 9667.969
 9667.986
 9668.003
 9668.020
 9668.038
 9668.055
 9668.072
 9668.089
 9668.107
 9668.124
 9668.141
 9668.158
 9668.176
 9668.193
 9668.210
 9668.227
 9668.245
 9668.262
 9668.279
 9668.296
 9668.314
 9668.331
 9668.348
