10408.148
10408.168
10408.188
10408.208
10408.228
10408.249
10408.269
10408.289
10408.309
10408.329
10408.349
10408.370
10408.390
10408.410
10408.430
10408.450
10408.471
10408.491
10408.511
10408.531
10408.551
10408.572
10408.592
10408.612
10408.632
10408.652
10408.672
10408.693
10408.713
10408.733
10408.753
10408.773
10408.794
10408.814
10408.834
10408.854
10408.874
10408.894
10408.915
10408.935
10408.955
10408.975
10408.995
10409.016
10409.036
10409.056
10409.076
10409.096
10409.116
10409.137
10409.157
10409.177
10409.197
10409.217
10409.238
10409.258
10409.278
10409.298
10409.318
10409.338
10409.359
10409.379
10409.399
10409.419
10409.439
10409.460
10409.480
10409.500
10409.520
10409.540
10409.560
10409.581
10409.601
10409.621
10409.641
10409.661
10409.682
10409.702
10409.722
10409.742
10409.762
10409.783
10409.803
10409.823
10409.843
10409.863
10409.883
10409.904
10409.924
10409.944
10409.964
10409.984
10410.005
10410.025
10410.045
10410.065
10410.085
10410.105
10410.126
10410.146
10410.166
10410.186
10410.206
10410.227
10410.247
10410.267
10410.287
10410.307
10410.327
10410.348
10410.368
10410.388
10410.408
10410.428
10410.449
10410.469
10410.489
10410.509
10410.529
10410.549
10410.570
10410.590
10410.610
10410.630
10410.650
10410.671
10410.691
10410.711
10410.731
10410.751
10410.771
10410.792
10410.812
10410.832
10410.852
10410.872
10410.893
10410.913
10410.933
10410.953
10410.973
10410.994
10411.014
10411.034
10411.054
10411.074
10411.094
10411.115
10411.135
10411.155
10411.175
10411.195
10411.216
10411.236
10411.256
10411.276
10411.296
10411.316
10411.337
10411.357
10411.377
10411.397
10411.417
10411.438
10411.458
10411.478
10411.498
10411.518
10411.538
10411.559
10411.579
10411.599
10411.619
10411.639
10411.660
10411.680
10411.700
10411.720
10411.740
10411.760
10411.781
10411.801
10411.821
10411.841
10411.861
10411.882
10411.902
10411.922
10411.942
10411.962
10411.983
10412.003
10412.023
10412.043
10412.063
10412.083
10412.104
10412.124
10412.144
10412.164
10412.184
10412.205
10412.225
10412.245
10412.265
10412.285
10412.305
10412.326
10412.346
10412.366
10412.386
10412.406
10412.427
10412.447
10412.467
10412.487
10412.507
10412.527
10412.548
10412.568
10412.588
10412.608
10412.628
10412.649
10412.669
10412.689
10412.709
10412.729
10412.749
10412.770
10412.790
10412.810
10412.830
10412.850
10412.871
10412.891
10412.911
10412.931
10412.951
10412.971
10412.992
10413.012
10413.032
10413.052
10413.072
10413.093
10413.113
10413.133
10413.153
10413.173
10413.194
10413.214
10413.234
10413.254
10413.274
10413.294
10413.315
10413.335
10413.355
10413.375
10413.395
10413.416
10413.436
10413.456
10413.476
10413.496
10413.516
10413.537
10413.557
10413.577
10413.597
10413.617
10413.638
10413.658
10413.678
10413.698
10413.718
10413.738
10413.759
10413.779
10413.799
10413.819
10413.839
10413.860
10413.880
10413.900
10413.920
10413.940
10413.960
10413.981
10414.001
10414.021
10414.041
10414.061
10414.082
10414.102
10414.122
10414.142
10414.162
10414.182
10414.203
10414.223
10414.243
10414.263
10414.283
10414.304
10414.324
10414.344
10414.364
10414.384
10414.405
10414.425
10414.445
10414.465
10414.485
10414.505
10414.526
10414.546
10414.566
10414.586
10414.606
10414.627
10414.647
10414.667
10414.687
10414.707
10414.727
10414.748
10414.768
10414.788
10414.808
10414.828
10414.849
10414.869
10414.889
10414.909
10414.929
10414.949
10414.970
10414.990
10415.010
10415.030
10415.050
10415.071
10415.091
10415.111
10415.131
10415.151
10415.171
10415.192
10415.212
10415.232
10415.252
10415.272
10415.293
10415.313
10415.333
10415.353
10415.373
10415.393
10415.414
10415.434
10415.454
10415.474
10415.494
10415.515
10415.535
10415.555
10415.575
10415.595
10415.616
10415.636
10415.656
10415.676
10415.696
10415.716
10415.737
10415.757
10415.777
10415.797
10415.817
10415.838
10415.858
10415.878
10415.898
10415.918
10415.938
10415.959
10415.979
10415.999
10416.019
10416.039
10416.060
10416.080
10416.100
10416.120
10416.140
10416.160
10416.181
10416.201
10416.221
10416.241
10416.261
10416.282
10416.302
10416.322
10416.342
10416.362
10416.382
10416.403
10416.423
10416.443
10416.463
10416.483
10416.504
10416.524
10416.544
10416.564
10416.584
10416.604
10416.625
10416.645
10416.665
10416.685
10416.705
10416.726
10416.746
10416.766
10416.786
10416.806
10416.827
10416.847
10416.867
10416.887
10416.907
10416.927
10416.948
10416.968
10416.988
10417.008
10417.028
10417.049
10417.069
10417.089
10417.109
10417.129
10417.149
10417.170
10417.190
10417.210
10417.230
10417.250
10417.271
10417.291
10417.311
10417.331
10417.351
10417.371
10417.392
10417.412
10417.432
10417.452
10417.472
10417.493
10417.513
10417.533
10417.553
10417.573
10417.593
10417.614
10417.634
10417.654
10417.674
10417.694
10417.715
10417.735
10417.755
10417.775
10417.795
10417.816
10417.836
10417.856
10417.876
10417.896
10417.916
10417.937
10417.957
10417.977
10417.997
10418.017
10418.038
10418.058
10418.078
10418.098
10418.118
10418.138
10418.159
10418.179
10418.199
10418.219
10418.239
10418.260
10418.280
10418.300
10418.320
10418.340
10418.360
10418.381
10418.401
10418.421
10418.441
10418.461
10418.482
10418.502
10418.522
10418.542
10418.562
10418.582
10418.603
10418.623
10418.643
10418.663
10418.683
10418.704
10418.724
10418.744
10418.764
10418.784
10418.804
10418.825
10418.845
10418.865
10418.885
10418.905
10418.926
10418.946
10418.966
10418.986
10419.006
10419.027
10419.047
10419.067
10419.087
10419.107
10419.127
10419.148
10419.168
10419.188
10419.208
10419.228
10419.249
10419.269
10419.289
10419.309
10419.329
10419.349
10419.370
10419.390
10419.410
10419.430
10419.450
10419.471
10419.491
10419.511
10419.531
10419.551
10419.571
10419.592
10419.612
10419.632
10419.652
10419.672
10419.693
10419.713
10419.733
10419.753
10419.773
10419.793
10419.814
10419.834
10419.854
10419.874
10419.894
10419.915
10419.935
10419.955
10419.975
10419.995
10420.015
10420.036
10420.056
10420.076
10420.096
10420.116
10420.137
10420.157
10420.177
10420.197
10420.217
10420.238
10420.258
10420.278
10420.298
10420.318
10420.338
10420.359
10420.379
10420.399
10420.419
10420.439
10420.460
10420.480
10420.500
10420.520
10420.540
10420.560
10420.581
10420.601
10420.621
10420.641
10420.661
10420.682
10420.702
10420.722
10420.742
10420.762
10420.782
10420.803
10420.823
10420.843
10420.863
10420.883
10420.904
10420.924
10420.944
10420.964
10420.984
10421.004
10421.025
10421.045
10421.065
10421.085
10421.105
10421.126
10421.146
10421.166
10421.186
10421.206
10421.226
10421.247
10421.267
10421.287
10421.307
10421.327
10421.348
10421.368
10421.388
10421.408
10421.428
10421.449
10421.469
10421.489
10421.509
10421.529
10421.549
10421.570
10421.590
10421.610
10421.630
10421.650
10421.671
10421.691
10421.711
10421.731
10421.751
10421.771
10421.792
10421.812
10421.832
10421.852
10421.872
10421.893
10421.913
10421.933
10421.953
10421.973
10421.993
10422.014
10422.034
10422.054
10422.074
10422.094
10422.115
10422.135
10422.155
10422.175
10422.195
10422.215
10422.236
10422.256
10422.276
10422.296
10422.316
10422.337
10422.357
10422.377
10422.397
10422.417
10422.437
10422.458
10422.478
10422.498
10422.518
10422.538
10422.559
10422.579
10422.599
10422.619
10422.639
10422.660
10422.680
10422.700
10422.720
10422.740
10422.760
10422.781
10422.801
10422.821
10422.841
10422.861
10422.882
10422.902
10422.922
10422.942
10422.962
10422.982
10423.003
10423.023
10423.043
10423.063
10423.083
10423.104
10423.124
10423.144
10423.164
10423.184
10423.204
10423.225
10423.245
10423.265
10423.285
10423.305
10423.326
10423.346
10423.366
10423.386
10423.406
10423.426
10423.447
10423.467
10423.487
10423.507
10423.527
10423.548
10423.568
10423.588
10423.608
10423.628
10423.649
10423.669
10423.689
10423.709
10423.729
10423.749
10423.770
10423.790
10423.810
10423.830
10423.850
10423.871
10423.891
10423.911
10423.931
10423.951
10423.971
10423.992
10424.012
10424.032
10424.052
10424.072
10424.093
10424.113
10424.133
10424.153
10424.173
10424.193
10424.214
10424.234
10424.254
10424.274
10424.294
10424.315
10424.335
10424.355
10424.375
10424.395
10424.415
10424.436
10424.456
10424.476
10424.496
10424.516
10424.537
10424.557
10424.577
10424.597
10424.617
10424.637
10424.658
10424.678
10424.698
10424.718
10424.738
10424.759
10424.779
10424.799
10424.819
10424.839
10424.860
10424.880
10424.900
10424.920
10424.940
10424.960
10424.981
10425.001
10425.021
10425.041
10425.061
10425.082
10425.102
10425.122
10425.142
10425.162
10425.182
10425.203
10425.223
10425.243
10425.263
10425.283
10425.304
10425.324
10425.344
10425.364
10425.384
10425.404
10425.425
10425.445
10425.465
10425.485
10425.505
10425.526
10425.546
10425.566
10425.586
10425.606
10425.626
10425.647
10425.667
10425.687
10425.707
10425.727
10425.748
10425.768
10425.788
10425.808
10425.828
10425.848
10425.869
10425.889
10425.909
10425.929
10425.949
10425.970
10425.990
10426.010
10426.030
10426.050
10426.071
10426.091
10426.111
10426.131
10426.151
10426.171
10426.192
10426.212
10426.232
10426.252
10426.272
10426.293
10426.313
10426.333
10426.353
10426.373
10426.393
10426.414
10426.434
10426.454
10426.474
10426.494
10426.515
10426.535
10426.555
10426.575
10426.595
10426.615
10426.636
10426.656
10426.676
10426.696
10426.716
10426.737
10426.757
10426.777
10426.797
10426.817
10426.837
10426.858
10426.878
10426.898
10426.918
10426.938
10426.959
10426.979
10426.999
10427.019
10427.039
10427.059
10427.080
10427.100
10427.120
10427.140
10427.160
10427.181
10427.201
10427.221
10427.241
10427.261
10427.282
10427.302
10427.322
10427.342
10427.362
10427.382
10427.403
10427.423
10427.443
10427.463
10427.483
10427.504
10427.524
10427.544
10427.564
10427.584
10427.604
10427.625
10427.645
10427.665
10427.685
10427.705
10427.726
10427.746
10427.766
10427.786
10427.806
10427.826
10427.847
10427.867
10427.887
10427.907
10427.927
10427.948
10427.968
10427.988
10428.008
10428.028
10428.048
10428.069
10428.089
10428.109
10428.129
10428.149
10428.170
10428.190
10428.210
10428.230
10428.250
10428.270
10428.291
10428.311
10428.331
10428.351
10428.371
10428.392
10428.412
10428.432
10428.452
10428.472
10428.493
10428.513
10428.533
10428.553
10428.573
10428.593
10428.614
10428.634
10428.654
10428.674
10428.694
10428.715
10428.735
10428.755
10428.775
10428.795
10428.815
10428.836
10428.856
10428.876
10428.896
10428.916
10428.937
10428.957
10428.977
10428.997
10429.017
10429.037
10429.058
10429.078
10429.098
10429.118
10429.138
10429.159
10429.179
10429.199
10429.219
10429.239
10429.259
10429.280
10429.300
10429.320
10429.340
10429.360
10429.381
10429.401
10429.421
10429.441
10429.461
10429.482
10429.502
10429.522
10429.542
10429.562
10429.582
10429.603
10429.623
10429.643
10429.663
10429.683
10429.704
10429.724
10429.744
10429.764
10429.784
10429.804
10429.825
10429.845
10429.865
10429.885
10429.905
10429.926
10429.946
10429.966
10429.986
10430.006
10430.026
10430.047
10430.067
10430.087
10430.107
10430.127
10430.148
10430.168
10430.188
10430.208
10430.228
10430.248
10430.269
10430.289
10430.309
10430.329
10430.349
10430.370
10430.390
10430.410
10430.430
10430.450
10430.470
10430.491
10430.511
10430.531
10430.551
10430.571
10430.592
10430.612
10430.632
10430.652
10430.672
10430.693
10430.713
10430.733
10430.753
10430.773
10430.793
10430.814
10430.834
10430.854
10430.874
10430.894
10430.915
10430.935
10430.955
10430.975
10430.995
10431.015
10431.036
10431.056
10431.076
10431.096
10431.116
10431.137
10431.157
10431.177
10431.197
10431.217
10431.237
10431.258
10431.278
10431.298
10431.318
10431.338
10431.359
10431.379
10431.399
10431.419
10431.439
10431.459
10431.480
10431.500
10431.520
10431.540
10431.560
10431.581
10431.601
10431.621
10431.641
10431.661
10431.681
10431.702
10431.722
10431.742
10431.762
10431.782
10431.803
10431.823
10431.843
10431.863
10431.883
10431.904
10431.924
10431.944
10431.964
10431.984
10432.004
10432.025
10432.045
10432.065
10432.085
10432.105
10432.126
10432.146
10432.166
10432.186
10432.206
10432.226
10432.247
10432.267
10432.287
10432.307
10432.327
10432.348
10432.368
10432.388
10432.408
10432.428
10432.448
10432.469
10432.489
10432.509
10432.529
10432.549
10432.570
10432.590
10432.610
10432.630
10432.650
10432.670
10432.691
10432.711
10432.731
10432.751
10432.771
10432.792
10432.812
10432.832
10432.852
10432.872
10432.892
10432.913
10432.933
10432.953
10432.973
10432.993
10433.014
10433.034
10433.054
10433.074
10433.094
10433.115
10433.135
10433.155
10433.175
10433.195
10433.215
10433.236
10433.256
10433.276
10433.296
10433.316
10433.337
10433.357
10433.377
10433.397
10433.417
10433.437
10433.458
10433.478
10433.498
10433.518
10433.538
10433.559
10433.579
10433.599
10433.619
10433.639
10433.659
10433.680
10433.700
10433.720
10433.740
10433.760
10433.781
10433.801
10433.821
10433.841
10433.861
10433.881
10433.902
10433.922
10433.942
10433.962
10433.982
10434.003
10434.023
10434.043
10434.063
10434.083
10434.103
10434.124
10434.144
10434.164
10434.184
10434.204
10434.225
10434.245
10434.265
10434.285
10434.305
10434.326
10434.346
10434.366
10434.386
10434.406
10434.426
10434.447
10434.467
10434.487
10434.507
10434.527
10434.548
10434.568
10434.588
10434.608
10434.628
10434.648
10434.669
10434.689
10434.709
10434.729
10434.749
10434.770
10434.790
10434.810
10434.830
10434.850
10434.870
10434.891
10434.911
10434.931
10434.951
10434.971
10434.992
10435.012
10435.032
10435.052
10435.072
10435.092
10435.113
10435.133
10435.153
10435.173
10435.193
10435.214
10435.234
10435.254
10435.274
10435.294
10435.314
10435.335
10435.355
10435.375
10435.395
10435.415
10435.436
10435.456
10435.476
10435.496
10435.516
10435.537
10435.557
10435.577
10435.597
10435.617
10435.637
10435.658
10435.678
10435.698
10435.718
10435.738
10435.759
10435.779
10435.799
10435.819
10435.839
10435.859
10435.880
10435.900
10435.920
10435.940
10435.960
10435.981
10436.001
10436.021
10436.041
10436.061
10436.081
10436.102
10436.122
10436.142
10436.162
10436.182
10436.203
10436.223
10436.243
10436.263
10436.283
10436.303
10436.324
10436.344
10436.364
10436.384
10436.404
10436.425
10436.445
10436.465
10436.485
10436.505
10436.526
10436.546
10436.566
10436.586
10436.606
10436.626
10436.647
10436.667
10436.687
10436.707
10436.727
10436.748
10436.768
10436.788
10436.808
10436.828
10436.848
10436.869
10436.889
10436.909
10436.929
10436.949
10436.970
10436.990
10437.010
10437.030
10437.050
10437.070
10437.091
10437.111
10437.131
10437.151
10437.171
10437.192
10437.212
10437.232
10437.252
10437.272
10437.292
10437.313
10437.333
10437.353
10437.373
10437.393
10437.414
10437.434
10437.454
10437.474
10437.494
10437.514
10437.535
10437.555
10437.575
10437.595
10437.615
10437.636
10437.656
10437.676
10437.696
10437.716
10437.737
10437.757
10437.777
10437.797
10437.817
10437.837
10437.858
10437.878
10437.898
10437.918
10437.938
10437.959
10437.979
10437.999
10438.019
10438.039
10438.059
10438.080
10438.100
10438.120
10438.140
10438.160
10438.181
10438.201
10438.221
10438.241
10438.261
10438.281
10438.302
10438.322
10438.342
10438.362
10438.382
10438.403
10438.423
10438.443
10438.463
10438.483
10438.503
10438.524
10438.544
10438.564
10438.584
10438.604
10438.625
10438.645
10438.665
10438.685
10438.705
10438.725
10438.746
10438.766
10438.786
10438.806
10438.826
10438.847
10438.867
10438.887
10438.907
10438.927
10438.948
10438.968
10438.988
10439.008
10439.028
10439.048
10439.069
10439.089
10439.109
10439.129
10439.149
10439.170
10439.190
10439.210
10439.230
10439.250
10439.270
10439.291
10439.311
10439.331
10439.351
10439.371
10439.392
10439.412
10439.432
10439.452
10439.472
10439.492
10439.513
10439.533
10439.553
10439.573
10439.593
10439.614
10439.634
10439.654
10439.674
10439.694
10439.714
10439.735
10439.755
10439.775
10439.795
10439.815
10439.836
10439.856
10439.876
10439.896
10439.916
10439.936
10439.957
10439.977
10439.997
10440.017
10440.037
10440.058
10440.078
10440.098
10440.118
10440.138
10440.159
10440.179
10440.199
10440.219
10440.239
10440.259
10440.280
10440.300
10440.320
10440.340
10440.360
10440.381
10440.401
10440.421
10440.441
10440.461
10440.481
10440.502
10440.522
10440.542
10440.562
10440.582
10440.603
10440.623
10440.643
10440.663
10440.683
10440.703
10440.724
10440.744
10440.764
10440.784
10440.804
10440.825
10440.845
10440.865
10440.885
10440.905
10440.925
10440.946
10440.966
10440.986
10441.006
10441.026
10441.047
10441.067
10441.087
10441.107
10441.127
10441.147
10441.168
10441.188
10441.208
10441.228
10441.248
10441.269
10441.289
10441.309
10441.329
10441.349
10441.370
10441.390
10441.410
10441.430
10441.450
10441.470
10441.491
10441.511
10441.531
10441.551
10441.571
10441.592
10441.612
10441.632
10441.652
10441.672
10441.692
10441.713
10441.733
10441.753
10441.773
10441.793
10441.814
10441.834
10441.854
10441.874
10441.894
10441.914
10441.935
10441.955
10441.975
10441.995
10442.015
10442.036
10442.056
10442.076
10442.096
10442.116
10442.136
10442.157
10442.177
10442.197
10442.217
10442.237
10442.258
10442.278
10442.298
10442.318
10442.338
10442.359
10442.379
10442.399
10442.419
10442.439
10442.459
10442.480
10442.500
10442.520
10442.540
10442.560
10442.581
10442.601
10442.621
10442.641
10442.661
10442.681
10442.702
10442.722
10442.742
10442.762
10442.782
10442.803
10442.823
10442.843
10442.863
10442.883
10442.903
10442.924
10442.944
10442.964
10442.984
10443.004
10443.025
10443.045
10443.065
10443.085
10443.105
10443.125
10443.146
10443.166
10443.186
10443.206
10443.226
10443.247
10443.267
10443.287
10443.307
10443.327
10443.347
10443.368
10443.388
10443.408
10443.428
10443.448
10443.469
10443.489
10443.509
10443.529
10443.549
10443.570
10443.590
10443.610
10443.630
10443.650
10443.670
10443.691
10443.711
10443.731
10443.751
10443.771
10443.792
10443.812
10443.832
10443.852
10443.872
10443.892
10443.913
10443.933
10443.953
10443.973
10443.993
10444.014
10444.034
10444.054
10444.074
10444.094
10444.114
10444.135
10444.155
10444.175
10444.195
10444.215
10444.236
10444.256
10444.276
10444.296
10444.316
10444.336
10444.357
10444.377
10444.397
10444.417
10444.437
10444.458
10444.478
10444.498
10444.518
10444.538
10444.558
10444.579
10444.599
10444.619
10444.639
10444.659
10444.680
10444.700
10444.720
10444.740
10444.760
10444.781
10444.801
10444.821
10444.841
10444.861
10444.881
10444.902
10444.922
10444.942
10444.962
10444.982
10445.003
10445.023
10445.043
10445.063
10445.083
10445.103
10445.124
10445.144
10445.164
10445.184
10445.204
10445.225
10445.245
10445.265
10445.285
10445.305
10445.325
10445.346
10445.366
10445.386
10445.406
10445.426
10445.447
10445.467
10445.487
10445.507
10445.527
10445.547
10445.568
10445.588
10445.608
10445.628
10445.648
10445.669
10445.689
10445.709
10445.729
10445.749
10445.769
10445.790
10445.810
10445.830
10445.850
10445.870
10445.891
10445.911
10445.931
10445.951
10445.971
10445.992
10446.012
10446.032
10446.052
10446.072
10446.092
10446.113
10446.133
10446.153
10446.173
10446.193
10446.214
10446.234
10446.254
10446.274
10446.294
10446.314
10446.335
10446.355
10446.375
10446.395
10446.415
10446.436
10446.456
10446.476
10446.496
10446.516
10446.536
10446.557
10446.577
10446.597
10446.617
10446.637
10446.658
10446.678
10446.698
10446.718
10446.738
10446.758
10446.779
10446.799
10446.819
10446.839
10446.859
10446.880
10446.900
10446.920
10446.940
10446.960
10446.980
10447.001
10447.021
10447.041
10447.061
10447.081
10447.102
10447.122
10447.142
10447.162
10447.182
10447.203
10447.223
10447.243
10447.263
10447.283
10447.303
10447.324
10447.344
10447.364
10447.384
10447.404
10447.425
10447.445
10447.465
10447.485
10447.505
10447.525
10447.546
10447.566
10447.586
10447.606
10447.626
10447.647
10447.667
10447.687
10447.707
10447.727
10447.747
10447.768
10447.788
10447.808
10447.828
10447.848
10447.869
10447.889
10447.909
10447.929
10447.949
10447.969
10447.990
10448.010
10448.030
10448.050
10448.070
10448.091
10448.111
10448.131
10448.151
10448.171
10448.192
10448.212
10448.232
10448.252
10448.272
10448.292
10448.313
10448.333
10448.353
10448.373
10448.393
10448.414
10448.434
10448.454
10448.474
10448.494
10448.514
10448.535
10448.555
10448.575
10448.595
10448.615
10448.636
10448.656
10448.676
10448.696
10448.716
10448.736
10448.757
10448.777
10448.797
10448.817
10448.837
10448.858
10448.878
10448.898
10448.918
10448.938
10448.958
10448.979
10448.999
10449.019
10449.039
10449.059
10449.080
10449.100
10449.120
10449.140
10449.160
10449.180
10449.201
10449.221
10449.241
10449.261
10449.281
10449.302
10449.322
10449.342
10449.362
10449.382
10449.403
10449.423
10449.443
10449.463
10449.483
10449.503
10449.524
10449.544
10449.564
10449.584
10449.604
10449.625
10449.645
10449.665
10449.685
10449.705
10449.725
10449.746
10449.766
10449.786
10449.806
10449.826
10449.847
10449.867
10449.887
10449.907
10449.927
10449.947
10449.968
10449.988
10450.008
10450.028
10450.048
10450.069
10450.089
10450.109
10450.129
10450.149
10450.169
10450.190
10450.210
10450.230
10450.250
10450.270
10450.291
10450.311
10450.331
10450.351
10450.371
10450.391
10450.412
10450.432
10450.452
10450.472
10450.492
10450.513
10450.533
10450.553
10450.573
10450.593
10450.614
10450.634
10450.654
10450.674
10450.694
10450.714
10450.735
10450.755
10450.775
10450.795
10450.815
10450.836
10450.856
10450.876
10450.896
10450.916
10450.936
10450.957
10450.977
10450.997
10451.017
10451.037
10451.058
10451.078
10451.098
10451.118
10451.138
10451.158
10451.179
10451.199
10451.219
10451.239
10451.259
10451.280
10451.300
10451.320
10451.340
10451.360
10451.380
10451.401
10451.421
10451.441
10451.461
10451.481
10451.502
10451.522
10451.542
10451.562
10451.582
10451.602
10451.623
10451.643
10451.663
10451.683
10451.703
10451.724
10451.744
10451.764
10451.784
10451.804
10451.825
10451.845
10451.865
10451.885
10451.905
10451.925
10451.946
10451.966
10451.986
10452.006
10452.026
10452.047
10452.067
10452.087
10452.107
10452.127
10452.147
10452.168
10452.188
10452.208
10452.228
10452.248
10452.269
10452.289
10452.309
10452.329
10452.349
10452.369
10452.390
10452.410
10452.430
10452.450
10452.470
10452.491
10452.511
10452.531
10452.551
10452.571
10452.591
10452.612
10452.632
10452.652
10452.672
10452.692
10452.713
10452.733
10452.753
10452.773
10452.793
10452.813
10452.834
10452.854
10452.874
10452.894
10452.914
10452.935
10452.955
10452.975
10452.995
10453.015
10453.036
10453.056
10453.076
10453.096
10453.116
10453.136
10453.157
10453.177
10453.197
10453.217
10453.237
10453.258
10453.278
10453.298
10453.318
10453.338
10453.358
10453.379
10453.399
10453.419
10453.439
10453.459
10453.480
10453.500
10453.520
10453.540
10453.560
10453.580
10453.601
10453.621
10453.641
10453.661
10453.681
10453.702
10453.722
10453.742
10453.762
10453.782
10453.802
10453.823
10453.843
10453.863
10453.883
10453.903
10453.924
10453.944
10453.964
10453.984
10454.004
10454.025
10454.045
10454.065
10454.085
10454.105
10454.125
10454.146
10454.166
10454.186
10454.206
10454.226
10454.247
10454.267
10454.287
10454.307
10454.327
10454.347
10454.368
10454.388
10454.408
10454.428
10454.448
10454.469
10454.489
10454.509
10454.529
10454.549
10454.569
10454.590
10454.610
10454.630
10454.650
10454.670
10454.691
10454.711
10454.731
10454.751
10454.771
10454.791
10454.812
10454.832
10454.852
10454.872
10454.892
10454.913
10454.933
10454.953
10454.973
10454.993
10455.013
10455.034
10455.054
10455.074
10455.094
10455.114
10455.135
10455.155
10455.175
10455.195
10455.215
10455.236
10455.256
10455.276
10455.296
10455.316
10455.336
10455.357
10455.377
10455.397
10455.417
10455.437
10455.458
10455.478
10455.498
10455.518
10455.538
10455.558
10455.579
10455.599
10455.619
10455.639
10455.659
10455.680
10455.700
10455.720
10455.740
10455.760
10455.780
10455.801
10455.821
10455.841
10455.861
10455.881
10455.902
10455.922
10455.942
10455.962
10455.982
10456.002
10456.023
10456.043
10456.063
10456.083
10456.103
10456.124
10456.144
10456.164
10456.184
10456.204
10456.224
10456.245
10456.265
10456.285
10456.305
10456.325
10456.346
10456.366
10456.386
10456.406
10456.426
10456.447
10456.467
10456.487
10456.507
10456.527
10456.547
10456.568
10456.588
10456.608
10456.628
10456.648
10456.669
10456.689
10456.709
10456.729
10456.749
10456.769
10456.790
10456.810
10456.830
10456.850
10456.870
10456.891
10456.911
10456.931
10456.951
10456.971
10456.991
10457.012
10457.032
10457.052
10457.072
10457.092
10457.113
10457.133
10457.153
10457.173
10457.193
10457.213
10457.234
10457.254
10457.274
10457.294
10457.314
10457.335
10457.355
10457.375
10457.395
10457.415
10457.435
10457.456
10457.476
10457.496
10457.516
10457.536
10457.557
10457.577
10457.597
10457.617
10457.637
10457.658
10457.678
10457.698
10457.718
10457.738
10457.758
10457.779
10457.799
10457.819
10457.839
10457.859
10457.880
10457.900
10457.920
10457.940
10457.960
10457.980
10458.001
10458.021
10458.041
10458.061
10458.081
10458.102
10458.122
10458.142
10458.162
10458.182
10458.202
10458.223
10458.243
10458.263
10458.283
10458.303
10458.324
10458.344
10458.364
10458.384
10458.404
10458.424
10458.445
10458.465
10458.485
10458.505
10458.525
10458.546
10458.566
10458.586
10458.606
10458.626
10458.646
10458.667
10458.687
10458.707
10458.727
10458.747
10458.768
10458.788
10458.808
10458.828
10458.848
10458.869
10458.889
10458.909
10458.929
10458.949
10458.969
10458.990
10459.010
10459.030
10459.050
10459.070
10459.091
10459.111
10459.131
10459.151
10459.171
10459.191
10459.212
10459.232
10459.252
10459.272
10459.292
10459.313
10459.333
10459.353
10459.373
10459.393
10459.413
10459.434
10459.454
10459.474
10459.494
10459.514
10459.535
10459.555
10459.575
10459.595
10459.615
10459.635
10459.656
10459.676
10459.696
10459.716
10459.736
10459.757
10459.777
10459.797
10459.817
10459.837
10459.858
10459.878
10459.898
10459.918
10459.938
10459.958
10459.979
10459.999
10460.019
10460.039
10460.059
10460.080
10460.100
10460.120
10460.140
10460.160
10460.180
10460.201
10460.221
10460.241
10460.261
10460.281
10460.302
10460.322
10460.342
10460.362
10460.382
10460.402
10460.423
10460.443
10460.463
10460.483
10460.503
10460.524
10460.544
10460.564
10460.584
10460.604
10460.624
10460.645
10460.665
10460.685
10460.705
10460.725
10460.746
10460.766
10460.786
10460.806
10460.826
10460.846
10460.867
10460.887
10460.907
10460.927
10460.947
10460.968
10460.988
10461.008
10461.028
10461.048
10461.069
10461.089
10461.109
10461.129
10461.149
10461.169
10461.190
10461.210
10461.230
10461.250
10461.270
10461.291
10461.311
10461.331
10461.351
10461.371
10461.391
10461.412
10461.432
10461.452
10461.472
10461.492
10461.513
10461.533
10461.553
10461.573
10461.593
10461.613
10461.634
10461.654
10461.674
10461.694
10461.714
10461.735
10461.755
10461.775
10461.795
10461.815
10461.835
10461.856
10461.876
10461.896
10461.916
10461.936
10461.957
10461.977
10461.997
10462.017
10462.037
10462.057
10462.078
10462.098
10462.118
10462.138
10462.158
10462.179
10462.199
10462.219
10462.239
10462.259
10462.280
10462.300
10462.320
10462.340
10462.360
10462.380
10462.401
10462.421
10462.441
10462.461
10462.481
10462.502
10462.522
10462.542
10462.562
10462.582
10462.602
10462.623
10462.643
10462.663
10462.683
10462.703
10462.724
10462.744
10462.764
10462.784
10462.804
10462.824
10462.845
10462.865
10462.885
10462.905
10462.925
10462.946
10462.966
10462.986
10463.006
10463.026
10463.046
10463.067
10463.087
10463.107
10463.127
10463.147
10463.168
10463.188
10463.208
10463.228
10463.248
10463.268
10463.289
10463.309
10463.329
10463.349
10463.369
10463.390
10463.410
10463.430
10463.450
10463.470
10463.491
10463.511
10463.531
10463.551
10463.571
10463.591
10463.612
10463.632
10463.652
10463.672
10463.692
10463.713
10463.733
10463.753
10463.773
10463.793
10463.813
10463.834
10463.854
10463.874
10463.894
10463.914
10463.935
10463.955
10463.975
10463.995
10464.015
10464.035
10464.056
10464.076
10464.096
10464.116
10464.136
10464.157
10464.177
10464.197
10464.217
10464.237
10464.257
10464.278
10464.298
10464.318
10464.338
10464.358
10464.379
10464.399
10464.419
10464.439
10464.459
10464.479
10464.500
10464.520
10464.540
10464.560
10464.580
10464.601
10464.621
10464.641
10464.661
10464.681
10464.702
10464.722
10464.742
10464.762
10464.782
10464.802
10464.823
10464.843
10464.863
10464.883
10464.903
10464.924
10464.944
10464.964
10464.984
10465.004
10465.024
10465.045
10465.065
10465.085
10465.105
10465.125
10465.146
10465.166
10465.186
10465.206
10465.226
10465.246
10465.267
10465.287
10465.307
10465.327
10465.347
10465.368
10465.388
10465.408
10465.428
10465.448
10465.468
10465.489
10465.509
10465.529
10465.549
10465.569
10465.590
10465.610
10465.630
10465.650
10465.670
10465.691
10465.711
10465.731
10465.751
10465.771
10465.791
10465.812
10465.832
10465.852
10465.872
10465.892
10465.913
10465.933
10465.953
10465.973
10465.993
10466.013
10466.034
10466.054
10466.074
10466.094
10466.114
10466.135
10466.155
10466.175
10466.195
10466.215
10466.235
10466.256
10466.276
10466.296
10466.316
10466.336
10466.357
10466.377
10466.397
10466.417
10466.437
10466.457
10466.478
10466.498
10466.518
10466.538
10466.558
10466.579
10466.599
10466.619
10466.639
10466.659
10466.679
10466.700
10466.720
10466.740
10466.760
10466.780
10466.801
10466.821
10466.841
10466.861
10466.881
10466.902
10466.922
10466.942
10466.962
10466.982
10467.002
10467.023
10467.043
10467.063
10467.083
10467.103
10467.124
10467.144
10467.164
10467.184
10467.204
10467.224
10467.245
10467.265
10467.285
10467.305
10467.325
10467.346
10467.366
10467.386
10467.406
10467.426
10467.446
10467.467
10467.487
10467.507
10467.527
10467.547
10467.568
10467.588
10467.608
10467.628
10467.648
10467.668
10467.689
10467.709
10467.729
10467.749
10467.769
10467.790
10467.810
10467.830
10467.850
10467.870
10467.890
10467.911
10467.931
10467.951
10467.971
10467.991
10468.012
10468.032
10468.052
10468.072
10468.092
10468.113
10468.133
10468.153
10468.173
10468.193
10468.213
10468.234
10468.254
10468.274
10468.294
10468.314
10468.335
10468.355
10468.375
10468.395
10468.415
10468.435
10468.456
10468.476
10468.496
10468.516
10468.536
10468.557
10468.577
10468.597
10468.617
10468.637
10468.657
10468.678
10468.698
10468.718
10468.738
10468.758
10468.779
10468.799
10468.819
10468.839
10468.859
10468.879
10468.900
10468.920
10468.940
10468.960
10468.980
10469.001
10469.021
10469.041
10469.061
10469.081
10469.101
10469.122
10469.142
10469.162
10469.182
10469.202
10469.223
10469.243
10469.263
10469.283
10469.303
10469.324
10469.344
10469.364
10469.384
10469.404
10469.424
10469.445
10469.465
10469.485
10469.505
10469.525
10469.546
10469.566
10469.586
10469.606
10469.626
10469.646
10469.667
10469.687
10469.707
10469.727
10469.747
10469.768
10469.788
10469.808
10469.828
10469.848
10469.868
10469.889
10469.909
10469.929
10469.949
10469.969
10469.990
10470.010
10470.030
10470.050
10470.070
10470.090
10470.111
10470.131
