10858.000
10858.022
10858.045
10858.067
10858.090
10858.112
10858.135
10858.157
10858.180
10858.202
10858.225
10858.247
10858.270
10858.292
10858.315
10858.337
10858.359
10858.382
10858.404
10858.427
10858.449
10858.472
10858.494
10858.517
10858.539
10858.562
10858.584
10858.607
10858.629
10858.652
10858.674
10858.697
10858.719
10858.741
10858.764
10858.786
10858.809
10858.831
10858.854
10858.876
10858.899
10858.921
10858.944
10858.966
10858.989
10859.011
10859.034
10859.056
10859.078
10859.101
10859.123
10859.146
10859.168
10859.191
10859.213
10859.236
10859.258
10859.281
10859.303
10859.326
10859.348
10859.371
10859.393
10859.415
10859.438
10859.460
10859.483
10859.505
10859.528
10859.550
10859.573
10859.595
10859.618
10859.640
10859.663
10859.685
10859.708
10859.730
10859.753
10859.775
10859.797
10859.820
10859.842
10859.865
10859.887
10859.910
10859.932
10859.955
10859.977
10860.000
10860.022
10860.045
10860.067
10860.090
10860.112
10860.134
10860.157
10860.179
10860.202
10860.224
10860.247
10860.269
10860.292
10860.314
10860.337
10860.359
10860.382
10860.404
10860.427
10860.449
10860.472
10860.494
10860.516
10860.539
10860.561
10860.584
10860.606
10860.629
10860.651
10860.674
10860.696
10860.719
10860.741
10860.764
10860.786
10860.809
10860.831
10860.853
10860.876
10860.898
10860.921
10860.943
10860.966
10860.988
10861.011
10861.033
10861.056
10861.078
10861.101
10861.123
10861.146
10861.168
10861.190
10861.213
10861.235
10861.258
10861.280
10861.303
10861.325
10861.348
10861.370
10861.393
10861.415
10861.438
10861.460
10861.483
10861.505
10861.528
10861.550
10861.572
10861.595
10861.617
10861.640
10861.662
10861.685
10861.707
10861.730
10861.752
10861.775
10861.797
10861.820
10861.842
10861.865
10861.887
10861.909
10861.932
10861.954
10861.977
10861.999
10862.022
10862.044
10862.067
10862.089
10862.112
10862.134
10862.157
10862.179
10862.202
10862.224
10862.246
10862.269
10862.291
10862.314
10862.336
10862.359
10862.381
10862.404
10862.426
10862.449
10862.471
10862.494
10862.516
10862.539
10862.561
10862.584
10862.606
10862.628
10862.651
10862.673
10862.696
10862.718
10862.741
10862.763
10862.786
10862.808
10862.831
10862.853
10862.876
10862.898
10862.921
10862.943
10862.965
10862.988
10863.010
10863.033
10863.055
10863.078
10863.100
10863.123
10863.145
10863.168
10863.190
10863.213
10863.235
10863.258
10863.280
10863.303
10863.325
10863.347
10863.370
10863.392
10863.415
10863.437
10863.460
10863.482
10863.505
10863.527
10863.550
10863.572
10863.595
10863.617
10863.640
10863.662
10863.684
10863.707
10863.729
10863.752
10863.774
10863.797
10863.819
10863.842
10863.864
10863.887
10863.909
10863.932
10863.954
10863.977
10863.999
10864.021
10864.044
10864.066
10864.089
10864.111
10864.134
10864.156
10864.179
10864.201
10864.224
10864.246
10864.269
10864.291
10864.314
10864.336
10864.359
10864.381
10864.403
10864.426
10864.448
10864.471
10864.493
10864.516
10864.538
10864.561
10864.583
10864.606
10864.628
10864.651
10864.673
10864.696
10864.718
10864.740
10864.763
10864.785
10864.808
10864.830
10864.853
10864.875
10864.898
10864.920
10864.943
10864.965
10864.988
10865.010
10865.033
10865.055
10865.077
10865.100
10865.122
10865.145
10865.167
10865.190
10865.212
10865.235
10865.257
10865.280
10865.302
10865.325
10865.347
10865.370
10865.392
10865.415
10865.437
10865.459
10865.482
10865.504
10865.527
10865.549
10865.572
10865.594
10865.617
10865.639
10865.662
10865.684
10865.707
10865.729
10865.752
10865.774
10865.796
10865.819
10865.841
10865.864
10865.886
10865.909
10865.931
10865.954
10865.976
10865.999
10866.021
10866.044
10866.066
10866.089
10866.111
10866.134
10866.156
10866.178
10866.201
10866.223
10866.246
10866.268
10866.291
10866.313
10866.336
10866.358
10866.381
10866.403
10866.426
10866.448
10866.471
10866.493
10866.515
10866.538
10866.560
10866.583
10866.605
10866.628
10866.650
10866.673
10866.695
10866.718
10866.740
10866.763
10866.785
10866.808
10866.830
10866.852
10866.875
10866.897
10866.920
10866.942
10866.965
10866.987
10867.010
10867.032
10867.055
10867.077
10867.100
10867.122
10867.145
10867.167
10867.190
10867.212
10867.234
10867.257
10867.279
10867.302
10867.324
10867.347
10867.369
10867.392
10867.414
10867.437
10867.459
10867.482
10867.504
10867.527
10867.549
10867.571
10867.594
10867.616
10867.639
10867.661
10867.684
10867.706
10867.729
10867.751
10867.774
10867.796
10867.819
10867.841
10867.864
10867.886
10867.908
10867.931
10867.953
10867.976
10867.998
10868.021
10868.043
10868.066
10868.088
10868.111
10868.133
10868.156
10868.178
10868.201
10868.223
10868.246
10868.268
10868.290
10868.313
10868.335
10868.358
10868.380
10868.403
10868.425
10868.448
10868.470
10868.493
10868.515
10868.538
10868.560
10868.583
10868.605
10868.627
10868.650
10868.672
10868.695
10868.717
10868.740
10868.762
10868.785
10868.807
10868.830
10868.852
10868.875
10868.897
10868.920
10868.942
10868.965
10868.987
10869.009
10869.032
10869.054
10869.077
10869.099
10869.122
10869.144
10869.167
10869.189
10869.212
10869.234
10869.257
10869.279
10869.302
10869.324
10869.346
10869.369
10869.391
10869.414
10869.436
10869.459
10869.481
10869.504
10869.526
10869.549
10869.571
10869.594
10869.616
10869.639
10869.661
10869.683
10869.706
10869.728
10869.751
10869.773
10869.796
10869.818
10869.841
10869.863
10869.886
10869.908
10869.931
10869.953
10869.976
10869.998
10870.021
10870.043
10870.065
10870.088
10870.110
10870.133
10870.155
10870.178
10870.200
10870.223
10870.245
10870.268
10870.290
10870.313
10870.335
10870.358
10870.380
10870.402
10870.425
10870.447
10870.470
10870.492
10870.515
10870.537
10870.560
10870.582
10870.605
10870.627
10870.650
10870.672
10870.695
10870.717
10870.739
10870.762
10870.784
10870.807
10870.829
10870.852
10870.874
10870.897
10870.919
10870.942
10870.964
10870.987
10871.009
10871.032
10871.054
10871.077
10871.099
10871.121
10871.144
10871.166
10871.189
10871.211
10871.234
10871.256
10871.279
10871.301
10871.324
10871.346
10871.369
10871.391
10871.414
10871.436
10871.458
10871.481
10871.503
10871.526
10871.548
10871.571
10871.593
10871.616
10871.638
10871.661
10871.683
10871.706
10871.728
10871.751
10871.773
10871.796
10871.818
10871.840
10871.863
10871.885
10871.908
10871.930
10871.953
10871.975
10871.998
10872.020
10872.043
10872.065
10872.088
10872.110
10872.133
10872.155
10872.177
10872.200
10872.222
10872.245
10872.267
10872.290
10872.312
10872.335
10872.357
10872.380
10872.402
10872.425
10872.447
10872.470
10872.492
10872.514
10872.537
10872.559
10872.582
10872.604
10872.627
10872.649
10872.672
10872.694
10872.717
10872.739
10872.762
10872.784
10872.807
10872.829
10872.852
10872.874
10872.896
10872.919
10872.941
10872.964
10872.986
10873.009
10873.031
10873.054
10873.076
10873.099
10873.121
10873.144
10873.166
10873.189
10873.211
10873.233
10873.256
10873.278
10873.301
10873.323
10873.346
10873.368
10873.391
10873.413
10873.436
10873.458
10873.481
10873.503
10873.526
10873.548
10873.570
10873.593
10873.615
10873.638
10873.660
10873.683
10873.705
10873.728
10873.750
10873.773
10873.795
10873.818
10873.840
10873.863
10873.885
10873.908
10873.930
10873.952
10873.975
10873.997
10874.020
10874.042
10874.065
10874.087
10874.110
10874.132
10874.155
10874.177
10874.200
10874.222
10874.245
10874.267
10874.289
10874.312
10874.334
10874.357
10874.379
10874.402
10874.424
10874.447
10874.469
10874.492
10874.514
10874.537
10874.559
10874.582
10874.604
10874.627
10874.649
10874.671
10874.694
10874.716
10874.739
10874.761
10874.784
10874.806
10874.829
10874.851
10874.874
10874.896
10874.919
10874.941
10874.964
10874.986
10875.008
10875.031
10875.053
10875.076
10875.098
10875.121
10875.143
10875.166
10875.188
10875.211
10875.233
10875.256
10875.278
10875.301
10875.323
10875.345
10875.368
10875.390
10875.413
10875.435
10875.458
10875.480
10875.503
10875.525
10875.548
10875.570
10875.593
10875.615
10875.638
10875.660
10875.683
10875.705
10875.727
10875.750
10875.772
10875.795
10875.817
10875.840
10875.862
10875.885
10875.907
10875.930
10875.952
10875.975
10875.997
10876.020
10876.042
10876.064
10876.087
10876.109
10876.132
10876.154
10876.177
10876.199
10876.222
10876.244
10876.267
10876.289
10876.312
10876.334
10876.357
10876.379
10876.401
10876.424
10876.446
10876.469
10876.491
10876.514
10876.536
10876.559
10876.581
10876.604
10876.626
10876.649
10876.671
10876.694
10876.716
10876.739
10876.761
10876.783
10876.806
10876.828
10876.851
10876.873
10876.896
10876.918
10876.941
10876.963
10876.986
10877.008
10877.031
10877.053
10877.076
10877.098
10877.120
10877.143
10877.165
10877.188
10877.210
10877.233
10877.255
10877.278
10877.300
10877.323
10877.345
10877.368
10877.390
10877.413
10877.435
10877.458
10877.480
10877.502
10877.525
10877.547
10877.570
10877.592
10877.615
10877.637
10877.660
10877.682
10877.705
10877.727
10877.750
10877.772
10877.795
10877.817
10877.839
10877.862
10877.884
10877.907
10877.929
10877.952
10877.974
10877.997
10878.019
10878.042
10878.064
10878.087
10878.109
10878.132
10878.154
10878.176
10878.199
10878.221
10878.244
10878.266
10878.289
10878.311
10878.334
10878.356
10878.379
10878.401
10878.424
10878.446
10878.469
10878.491
10878.514
10878.536
10878.558
10878.581
10878.603
10878.626
10878.648
10878.671
10878.693
10878.716
10878.738
10878.761
10878.783
10878.806
10878.828
10878.851
10878.873
10878.895
10878.918
10878.940
10878.963
10878.985
10879.008
10879.030
10879.053
10879.075
10879.098
10879.120
10879.143
10879.165
10879.188
10879.210
10879.232
10879.255
10879.277
10879.300
10879.322
10879.345
10879.367
10879.390
10879.412
10879.435
10879.457
10879.480
10879.502
10879.525
10879.547
10879.570
10879.592
10879.614
10879.637
10879.659
10879.682
10879.704
10879.727
10879.749
10879.772
10879.794
10879.817
10879.839
10879.862
10879.884
10879.907
10879.929
10879.951
10879.974
10879.996
10880.019
10880.041
10880.064
10880.086
10880.109
10880.131
10880.154
10880.176
10880.199
10880.221
10880.244
10880.266
10880.289
10880.311
10880.333
10880.356
10880.378
10880.401
10880.423
10880.446
10880.468
10880.491
10880.513
10880.536
10880.558
10880.581
10880.603
10880.626
10880.648
10880.670
10880.693
10880.715
10880.738
10880.760
10880.783
10880.805
10880.828
10880.850
10880.873
10880.895
10880.918
10880.940
10880.963
10880.985
10881.007
10881.030
10881.052
10881.075
10881.097
10881.120
10881.142
10881.165
10881.187
10881.210
10881.232
10881.255
10881.277
10881.300
10881.322
10881.345
10881.367
10881.389
10881.412
10881.434
10881.457
10881.479
10881.502
10881.524
10881.547
10881.569
10881.592
10881.614
10881.637
10881.659
10881.682
10881.704
10881.726
10881.749
10881.771
10881.794
10881.816
10881.839
10881.861
10881.884
10881.906
10881.929
10881.951
10881.974
10881.996
10882.019
10882.041
10882.063
10882.086
10882.108
10882.131
10882.153
10882.176
10882.198
10882.221
10882.243
10882.266
10882.288
10882.311
10882.333
10882.356
10882.378
10882.401
10882.423
10882.445
10882.468
10882.490
10882.513
10882.535
10882.558
10882.580
10882.603
10882.625
10882.648
10882.670
10882.693
10882.715
10882.738
10882.760
10882.782
10882.805
10882.827
10882.850
10882.872
10882.895
10882.917
10882.940
10882.962
10882.985
10883.007
10883.030
10883.052
10883.075
10883.097
10883.120
10883.142
10883.164
10883.187
10883.209
10883.232
10883.254
10883.277
10883.299
10883.322
10883.344
10883.367
10883.389
10883.412
10883.434
10883.457
10883.479
10883.501
10883.524
10883.546
10883.569
10883.591
10883.614
10883.636
10883.659
10883.681
10883.704
10883.726
10883.749
10883.771
10883.794
10883.816
10883.838
10883.861
10883.883
10883.906
10883.928
10883.951
10883.973
10883.996
10884.018
10884.041
10884.063
10884.086
10884.108
10884.131
10884.153
10884.176
10884.198
10884.220
10884.243
10884.265
10884.288
10884.310
10884.333
10884.355
10884.378
10884.400
10884.423
10884.445
10884.468
10884.490
10884.513
10884.535
10884.557
10884.580
10884.602
10884.625
10884.647
10884.670
10884.692
10884.715
10884.737
10884.760
10884.782
10884.805
10884.827
10884.850
10884.872
10884.894
10884.917
10884.939
10884.962
10884.984
10885.007
10885.029
10885.052
10885.074
10885.097
10885.119
10885.142
10885.164
10885.187
10885.209
10885.232
10885.254
10885.276
10885.299
10885.321
10885.344
10885.366
10885.389
10885.411
10885.434
10885.456
10885.479
10885.501
10885.524
10885.546
10885.569
10885.591
10885.613
10885.636
10885.658
10885.681
10885.703
10885.726
10885.748
10885.771
10885.793
10885.816
10885.838
10885.861
10885.883
10885.906
10885.928
10885.951
10885.973
10885.995
10886.018
10886.040
10886.063
10886.085
10886.108
10886.130
10886.153
10886.175
10886.198
10886.220
10886.243
10886.265
10886.288
10886.310
10886.332
10886.355
10886.377
10886.400
10886.422
10886.445
10886.467
10886.490
10886.512
10886.535
10886.557
10886.580
10886.602
10886.625
10886.647
10886.669
10886.692
10886.714
10886.737
10886.759
10886.782
10886.804
10886.827
10886.849
10886.872
10886.894
10886.917
10886.939
10886.962
10886.984
10887.007
10887.029
10887.051
10887.074
10887.096
10887.119
10887.141
10887.164
10887.186
10887.209
10887.231
10887.254
10887.276
10887.299
10887.321
10887.344
10887.366
10887.388
10887.411
10887.433
10887.456
10887.478
10887.501
10887.523
10887.546
10887.568
10887.591
10887.613
10887.636
10887.658
10887.681
10887.703
10887.725
10887.748
10887.770
10887.793
10887.815
10887.838
10887.860
10887.883
10887.905
10887.928
10887.950
10887.973
10887.995
10888.018
10888.040
10888.063
10888.085
10888.107
10888.130
10888.152
10888.175
10888.197
10888.220
10888.242
10888.265
10888.287
10888.310
10888.332
10888.355
10888.377
10888.400
10888.422
10888.444
10888.467
10888.489
10888.512
10888.534
10888.557
10888.579
10888.602
10888.624
10888.647
10888.669
10888.692
10888.714
10888.737
10888.759
10888.782
10888.804
10888.826
10888.849
10888.871
10888.894
10888.916
10888.939
10888.961
10888.984
10889.006
10889.029
10889.051
10889.074
10889.096
10889.119
10889.141
10889.163
10889.186
10889.208
10889.231
10889.253
10889.276
10889.298
10889.321
10889.343
10889.366
10889.388
10889.411
10889.433
10889.456
10889.478
10889.500
10889.523
10889.545
10889.568
10889.590
10889.613
10889.635
10889.658
10889.680
10889.703
10889.725
10889.748
10889.770
10889.793
10889.815
10889.838
10889.860
10889.882
10889.905
10889.927
10889.950
10889.972
10889.995
10890.017
10890.040
10890.062
10890.085
10890.107
10890.130
10890.152
10890.175
10890.197
10890.219
10890.242
10890.264
10890.287
10890.309
10890.332
10890.354
10890.377
10890.399
10890.422
10890.444
10890.467
10890.489
10890.512
10890.534
10890.556
10890.579
10890.601
10890.624
10890.646
10890.669
10890.691
10890.714
10890.736
10890.759
10890.781
10890.804
10890.826
10890.849
10890.871
10890.894
10890.916
10890.938
10890.961
10890.983
10891.006
10891.028
10891.051
10891.073
10891.096
10891.118
10891.141
10891.163
10891.186
10891.208
10891.231
10891.253
10891.275
10891.298
10891.320
10891.343
10891.365
10891.388
10891.410
10891.433
10891.455
10891.478
10891.500
10891.523
10891.545
10891.568
10891.590
10891.613
10891.635
10891.657
10891.680
10891.702
10891.725
10891.747
10891.770
10891.792
10891.815
10891.837
10891.860
10891.882
10891.905
10891.927
10891.950
10891.972
10891.994
10892.017
10892.039
10892.062
10892.084
10892.107
10892.129
10892.152
10892.174
10892.197
10892.219
10892.242
10892.264
10892.287
10892.309
10892.331
10892.354
10892.376
10892.399
10892.421
10892.444
10892.466
10892.489
10892.511
10892.534
10892.556
10892.579
10892.601
10892.624
10892.646
10892.669
10892.691
10892.713
10892.736
10892.758
10892.781
10892.803
10892.826
10892.848
10892.871
10892.893
10892.916
10892.938
10892.961
10892.983
10893.006
10893.028
10893.050
10893.073
10893.095
10893.118
10893.140
10893.163
10893.185
10893.208
10893.230
10893.253
10893.275
10893.298
10893.320
10893.343
10893.365
10893.387
10893.410
10893.432
10893.455
10893.477
10893.500
10893.522
10893.545
10893.567
10893.590
10893.612
10893.635
10893.657
10893.680
10893.702
10893.725
10893.747
10893.769
10893.792
10893.814
10893.837
10893.859
10893.882
10893.904
10893.927
10893.949
10893.972
10893.994
10894.017
10894.039
10894.062
10894.084
10894.106
10894.129
10894.151
10894.174
10894.196
10894.219
10894.241
10894.264
10894.286
10894.309
10894.331
10894.354
10894.376
10894.399
10894.421
10894.444
10894.466
10894.488
10894.511
10894.533
10894.556
10894.578
10894.601
10894.623
10894.646
10894.668
10894.691
10894.713
10894.736
10894.758
10894.781
10894.803
10894.825
10894.848
10894.870
10894.893
10894.915
10894.938
10894.960
10894.983
10895.005
10895.028
10895.050
10895.073
10895.095
10895.118
10895.140
10895.162
10895.185
10895.207
10895.230
10895.252
10895.275
10895.297
10895.320
10895.342
10895.365
10895.387
10895.410
10895.432
10895.455
10895.477
10895.500
10895.522
10895.544
10895.567
10895.589
10895.612
10895.634
10895.657
10895.679
10895.702
10895.724
10895.747
10895.769
10895.792
10895.814
10895.837
10895.859
10895.881
10895.904
10895.926
10895.949
10895.971
10895.994
10896.016
10896.039
10896.061
10896.084
10896.106
10896.129
10896.151
10896.174
10896.196
10896.218
10896.241
10896.263
10896.286
10896.308
10896.331
10896.353
10896.376
10896.398
10896.421
10896.443
10896.466
10896.488
10896.511
10896.533
10896.556
10896.578
10896.600
10896.623
10896.645
10896.668
10896.690
10896.713
10896.735
10896.758
10896.780
10896.803
10896.825
10896.848
10896.870
10896.893
10896.915
10896.937
10896.960
10896.982
10897.005
10897.027
10897.050
10897.072
10897.095
10897.117
10897.140
10897.162
10897.185
10897.207
10897.230
10897.252
10897.275
10897.297
10897.319
10897.342
10897.364
10897.387
10897.409
10897.432
10897.454
10897.477
10897.499
10897.522
10897.544
10897.567
10897.589
10897.612
10897.634
10897.656
10897.679
10897.701
10897.724
10897.746
10897.769
10897.791
10897.814
10897.836
10897.859
10897.881
10897.904
10897.926
10897.949
10897.971
10897.993
10898.016
10898.038
10898.061
10898.083
10898.106
10898.128
10898.151
10898.173
10898.196
10898.218
10898.241
10898.263
10898.286
10898.308
10898.331
10898.353
10898.375
10898.398
10898.420
10898.443
10898.465
10898.488
10898.510
10898.533
10898.555
10898.578
10898.600
10898.623
10898.645
10898.668
10898.690
10898.712
10898.735
10898.757
10898.780
10898.802
10898.825
10898.847
10898.870
10898.892
10898.915
10898.937
10898.960
10898.982
10899.005
10899.027
10899.049
10899.072
10899.094
10899.117
10899.139
10899.162
10899.184
10899.207
10899.229
10899.252
10899.274
10899.297
10899.319
10899.342
10899.364
10899.387
10899.409
10899.431
10899.454
10899.476
10899.499
10899.521
10899.544
10899.566
10899.589
10899.611
10899.634
10899.656
10899.679
10899.701
10899.724
10899.746
10899.768
10899.791
10899.813
10899.836
10899.858
10899.881
10899.903
10899.926
10899.948
10899.971
10899.993
10900.016
10900.038
10900.061
10900.083
10900.106
10900.128
10900.150
10900.173
10900.195
10900.218
10900.240
10900.263
10900.285
10900.308
10900.330
10900.353
10900.375
10900.398
10900.420
10900.443
10900.465
10900.487
10900.510
10900.532
10900.555
10900.577
10900.600
10900.622
10900.645
10900.667
10900.690
10900.712
10900.735
10900.757
10900.780
10900.802
10900.824
10900.847
10900.869
10900.892
10900.914
10900.937
10900.959
10900.982
10901.004
10901.027
10901.049
10901.072
10901.094
10901.117
10901.139
10901.162
10901.184
10901.206
10901.229
10901.251
10901.274
10901.296
10901.319
10901.341
10901.364
10901.386
10901.409
10901.431
10901.454
10901.476
10901.499
10901.521
10901.543
10901.566
10901.588
10901.611
10901.633
10901.656
10901.678
10901.701
10901.723
10901.746
10901.768
10901.791
10901.813
10901.836
10901.858
10901.880
10901.903
10901.925
10901.948
10901.970
10901.993
10902.015
10902.038
10902.060
10902.083
10902.105
10902.128
10902.150
10902.173
10902.195
10902.218
10902.240
10902.262
10902.285
10902.307
10902.330
10902.352
10902.375
10902.397
10902.420
10902.442
10902.465
10902.487
10902.510
10902.532
10902.555
10902.577
10902.599
10902.622
10902.644
10902.667
10902.689
10902.712
10902.734
10902.757
10902.779
10902.802
10902.824
10902.847
10902.869
10902.892
10902.914
10902.937
10902.959
10902.981
10903.004
10903.026
10903.049
10903.071
10903.094
10903.116
10903.139
10903.161
10903.184
10903.206
10903.229
10903.251
10903.274
10903.296
10903.318
10903.341
10903.363
10903.386
10903.408
10903.431
10903.453
10903.476
10903.498
10903.521
10903.543
10903.566
10903.588
10903.611
10903.633
10903.655
10903.678
10903.700
10903.723
10903.745
10903.768
10903.790
10903.813
10903.835
10903.858
10903.880
10903.903
10903.925
10903.948
10903.970
10903.993
10904.015
10904.037
10904.060
10904.082
10904.105
10904.127
10904.150
10904.172
10904.195
10904.217
10904.240
10904.262
10904.285
10904.307
10904.330
10904.352
10904.374
10904.397
10904.419
10904.442
10904.464
10904.487
10904.509
10904.532
10904.554
10904.577
10904.599
10904.622
10904.644
10904.667
10904.689
10904.711
10904.734
10904.756
10904.779
10904.801
10904.824
10904.846
10904.869
10904.891
10904.914
10904.936
10904.959
10904.981
10905.004
10905.026
10905.049
10905.071
10905.093
10905.116
10905.138
10905.161
10905.183
10905.206
10905.228
10905.251
10905.273
10905.296
10905.318
10905.341
10905.363
10905.386
10905.408
10905.430
10905.453
10905.475
10905.498
10905.520
10905.543
10905.565
10905.588
10905.610
10905.633
10905.655
10905.678
10905.700
10905.723
10905.745
10905.768
10905.790
10905.812
10905.835
10905.857
10905.880
10905.902
10905.925
10905.947
10905.970
10905.992
10906.015
10906.037
10906.060
10906.082
10906.105
10906.127
10906.149
10906.172
10906.194
10906.217
10906.239
10906.262
10906.284
10906.307
10906.329
10906.352
10906.374
10906.397
10906.419
10906.442
10906.464
10906.486
10906.509
10906.531
10906.554
10906.576
10906.599
10906.621
10906.644
10906.666
10906.689
10906.711
10906.734
10906.756
10906.779
10906.801
10906.824
10906.846
10906.868
10906.891
10906.913
10906.936
10906.958
10906.981
10907.003
10907.026
10907.048
10907.071
10907.093
10907.116
10907.138
10907.161
10907.183
10907.205
10907.228
10907.250
10907.273
10907.295
10907.318
10907.340
10907.363
10907.385
10907.408
10907.430
10907.453
10907.475
10907.498
10907.520
10907.542
10907.565
10907.587
10907.610
10907.632
10907.655
10907.677
10907.700
10907.722
10907.745
10907.767
10907.790
10907.812
10907.835
10907.857
10907.880
10907.902
10907.924
10907.947
10907.969
10907.992
10908.014
10908.037
10908.059
10908.082
10908.104
10908.127
10908.149
10908.172
10908.194
10908.217
10908.239
10908.261
10908.284
10908.306
10908.329
10908.351
10908.374
10908.396
10908.419
10908.441
10908.464
10908.486
10908.509
10908.531
10908.554
10908.576
10908.599
10908.621
10908.643
10908.666
10908.688
10908.711
10908.733
10908.756
10908.778
10908.801
10908.823
10908.846
10908.868
10908.891
10908.913
10908.936
10908.958
10908.980
10909.003
10909.025
10909.048
10909.070
10909.093
10909.115
10909.138
10909.160
10909.183
10909.205
10909.228
10909.250
10909.273
10909.295
10909.317
10909.340
10909.362
10909.385
10909.407
10909.430
10909.452
10909.475
10909.497
10909.520
10909.542
10909.565
10909.587
10909.610
10909.632
10909.655
10909.677
10909.699
10909.722
10909.744
10909.767
10909.789
10909.812
10909.834
10909.857
10909.879
10909.902
10909.924
10909.947
10909.969
10909.992
10910.014
10910.036
10910.059
10910.081
10910.104
10910.126
10910.149
10910.171
10910.194
10910.216
10910.239
10910.261
10910.284
10910.306
10910.329
10910.351
10910.373
10910.396
10910.418
10910.441
10910.463
10910.486
10910.508
10910.531
10910.553
10910.576
10910.598
10910.621
10910.643
10910.666
10910.688
10910.711
10910.733
10910.755
10910.778
10910.800
10910.823
10910.845
10910.868
10910.890
10910.913
10910.935
10910.958
10910.980
10911.003
10911.025
10911.048
10911.070
10911.092
10911.115
10911.137
10911.160
10911.182
10911.205
10911.227
10911.250
10911.272
10911.295
10911.317
10911.340
10911.362
10911.385
10911.407
10911.430
10911.452
10911.474
10911.497
10911.519
10911.542
10911.564
10911.587
10911.609
10911.632
10911.654
10911.677
10911.699
10911.722
10911.744
10911.767
10911.789
10911.811
10911.834
10911.856
10911.879
10911.901
10911.924
10911.946
10911.969
10911.991
10912.014
10912.036
10912.059
10912.081
10912.104
10912.126
10912.148
10912.171
10912.193
10912.216
10912.238
10912.261
10912.283
10912.306
10912.328
10912.351
10912.373
10912.396
10912.418
10912.441
10912.463
10912.486
10912.508
10912.530
10912.553
10912.575
10912.598
10912.620
10912.643
10912.665
10912.688
10912.710
10912.733
10912.755
10912.778
10912.800
10912.823
10912.845
10912.867
10912.890
10912.912
10912.935
10912.957
10912.980
10913.002
10913.025
10913.047
10913.070
10913.092
10913.115
10913.137
10913.160
10913.182
10913.204
10913.227
10913.249
10913.272
10913.294
10913.317
10913.339
10913.362
10913.384
10913.407
10913.429
10913.452
10913.474
10913.497
10913.519
10913.542
10913.564
10913.586
10913.609
10913.631
10913.654
10913.676
10913.699
10913.721
10913.744
10913.766
10913.789
10913.811
10913.834
10913.856
10913.879
10913.901
10913.923
10913.946
10913.968
10913.991
10914.013
10914.036
10914.058
10914.081
10914.103
10914.126
10914.148
10914.171
10914.193
10914.216
10914.238
10914.261
10914.283
10914.305
10914.328
10914.350
10914.373
10914.395
10914.418
10914.440
10914.463
10914.485
10914.508
10914.530
10914.553
10914.575
10914.598
10914.620
10914.642
10914.665
10914.687
10914.710
10914.732
10914.755
10914.777
10914.800
10914.822
10914.845
10914.867
10914.890
10914.912
10914.935
10914.957
10914.979
10915.002
10915.024
10915.047
10915.069
10915.092
10915.114
10915.137
10915.159
10915.182
10915.204
10915.227
10915.249
10915.272
10915.294
10915.317
10915.339
10915.361
10915.384
10915.406
10915.429
10915.451
10915.474
10915.496
10915.519
10915.541
10915.564
10915.586
10915.609
10915.631
10915.654
10915.676
10915.698
10915.721
10915.743
10915.766
10915.788
10915.811
10915.833
10915.856
10915.878
10915.901
10915.923
10915.946
10915.968
10915.991
10916.013
10916.035
10916.058
10916.080
10916.103
10916.125
10916.148
10916.170
10916.193
10916.215
10916.238
10916.260
10916.283
10916.305
10916.328
10916.350
10916.373
10916.395
10916.417
10916.440
10916.462
10916.485
10916.507
10916.530
10916.552
10916.575
10916.597
10916.620
10916.642
10916.665
10916.687
10916.710
10916.732
10916.754
10916.777
10916.799
10916.822
10916.844
10916.867
10916.889
10916.912
10916.934
10916.957
10916.979
10917.002
10917.024
10917.047
10917.069
10917.092
10917.114
10917.136
10917.159
10917.181
10917.204
10917.226
10917.249
10917.271
10917.294
10917.316
10917.339
10917.361
10917.384
10917.406
10917.429
10917.451
10917.473
10917.496
10917.518
10917.541
10917.563
10917.586
10917.608
10917.631
10917.653
10917.676
10917.698
10917.721
10917.743
10917.766
10917.788
10917.810
10917.833
10917.855
10917.878
10917.900
10917.923
10917.945
10917.968
10917.990
10918.013
10918.035
10918.058
10918.080
10918.103
10918.125
10918.148
10918.170
10918.192
10918.215
10918.237
10918.260
10918.282
10918.305
10918.327
10918.350
10918.372
10918.395
10918.417
10918.440
10918.462
10918.485
10918.507
10918.529
10918.552
10918.574
10918.597
10918.619
10918.642
10918.664
10918.687
10918.709
10918.732
10918.754
10918.777
10918.799
10918.822
10918.844
10918.866
10918.889
10918.911
10918.934
10918.956
10918.979
10919.001
10919.024
10919.046
10919.069
10919.091
10919.114
10919.136
10919.159
10919.181
10919.204
10919.226
10919.248
10919.271
10919.293
10919.316
10919.338
10919.361
10919.383
10919.406
10919.428
10919.451
10919.473
10919.496
10919.518
10919.541
10919.563
10919.585
10919.608
10919.630
10919.653
10919.675
10919.698
10919.720
10919.743
10919.765
10919.788
10919.810
10919.833
10919.855
10919.878
10919.900
10919.923
10919.945
10919.967
10919.990
10920.012
10920.035
10920.057
10920.080
10920.102
10920.125
10920.147
10920.170
10920.192
10920.215
10920.237
10920.260
10920.282
10920.304
10920.327
10920.349
10920.372
10920.394
10920.417
10920.439
10920.462
10920.484
10920.507
10920.529
10920.552
10920.574
10920.597
10920.619
10920.641
10920.664
10920.686
10920.709
10920.731
10920.754
10920.776
10920.799
10920.821
10920.844
10920.866
10920.889
10920.911
10920.934
10920.956
10920.979
10921.001
10921.023
10921.046
10921.068
10921.091
10921.113
10921.136
10921.158
10921.181
10921.203
10921.226
10921.248
10921.271
10921.293
10921.316
10921.338
10921.360
10921.383
10921.405
10921.428
10921.450
10921.473
10921.495
10921.518
10921.540
10921.563
10921.585
10921.608
10921.630
10921.653
10921.675
10921.697
10921.720
10921.742
10921.765
10921.787
10921.810
10921.832
10921.855
10921.877
10921.900
10921.922
10921.945
10921.967
10921.990
10922.012
10922.035
10922.057
10922.079
10922.102
10922.124
10922.147
10922.169
10922.192
10922.214
10922.237
10922.259
10922.282
10922.304
10922.327
10922.349
10922.372
10922.394
10922.416
10922.439
10922.461
10922.484
10922.506
10922.529
10922.551
10922.574
10922.596
10922.619
10922.641
10922.664
10922.686
10922.709
10922.731
10922.754
10922.776
10922.798
10922.821
10922.843
10922.866
10922.888
10922.911
10922.933
10922.956
10922.978
10923.001
10923.023
10923.046
10923.068
10923.091
10923.113
10923.135
10923.158
10923.180
10923.203
10923.225
10923.248
10923.270
10923.293
10923.315
10923.338
10923.360
10923.383
10923.405
10923.428
10923.450
10923.472
10923.495
10923.517
10923.540
10923.562
10923.585
10923.607
10923.630
10923.652
10923.675
10923.697
10923.720
10923.742
10923.765
10923.787
10923.810
10923.832
10923.854
10923.877
10923.899
10923.922
10923.944
10923.967
10923.989
10924.012
10924.034
10924.057
10924.079
10924.102
10924.124
10924.147
10924.169
10924.191
10924.214
10924.236
10924.259
10924.281
10924.304
10924.326
10924.349
10924.371
10924.394
10924.416
10924.439
10924.461
10924.484
10924.506
10924.528
10924.551
10924.573
10924.596
10924.618
10924.641
10924.663
10924.686
10924.708
10924.731
10924.753
10924.776
10924.798
10924.821
10924.843
10924.866
10924.888
10924.910
10924.933
10924.955
10924.978
10925.000
10925.023
10925.045
10925.068
10925.090
10925.113
10925.135
10925.158
10925.180
10925.203
10925.225
10925.247
10925.270
10925.292
10925.315
10925.337
10925.360
10925.382
10925.405
10925.427
10925.450
10925.472
10925.495
10925.517
10925.540
10925.562
10925.585
10925.607
10925.629
10925.652
10925.674
10925.697
10925.719
10925.742
10925.764
10925.787
10925.809
10925.832
10925.854
10925.877
10925.899
10925.922
10925.944
10925.966
10925.989
10926.011
10926.034
10926.056
10926.079
10926.101
10926.124
10926.146
10926.169
10926.191
10926.214
10926.236
10926.259
10926.281
10926.303
10926.326
10926.348
10926.371
10926.393
10926.416
10926.438
10926.461
10926.483
10926.506
10926.528
10926.551
10926.573
10926.596
10926.618
10926.641
10926.663
10926.685
10926.708
10926.730
10926.753
10926.775
10926.798
10926.820
10926.843
10926.865
10926.888
10926.910
10926.933
10926.955
10926.978
10927.000
