10169.212
10169.231
10169.250
10169.269
10169.288
10169.307
10169.326
10169.345
10169.363
10169.382
10169.401
10169.420
10169.439
10169.458
10169.477
10169.496
10169.515
10169.533
10169.552
10169.571
10169.590
10169.609
10169.628
10169.647
10169.666
10169.684
10169.703
10169.722
10169.741
10169.760
10169.779
10169.798
10169.817
10169.836
10169.854
10169.873
10169.892
10169.911
10169.930
10169.949
10169.968
10169.987
10170.005
10170.024
10170.043
10170.062
10170.081
10170.100
10170.119
10170.138
10170.157
10170.175
10170.194
10170.213
10170.232
10170.251
10170.270
10170.289
10170.308
10170.326
10170.345
10170.364
10170.383
10170.402
10170.421
10170.440
10170.459
10170.477
10170.496
10170.515
10170.534
10170.553
10170.572
10170.591
10170.610
10170.629
10170.647
10170.666
10170.685
10170.704
10170.723
10170.742
10170.761
10170.780
10170.798
10170.817
10170.836
10170.855
10170.874
10170.893
10170.912
10170.931
10170.950
10170.968
10170.987
10171.006
10171.025
10171.044
10171.063
10171.082
10171.101
10171.119
10171.138
10171.157
10171.176
10171.195
10171.214
10171.233
10171.252
10171.270
10171.289
10171.308
10171.327
10171.346
10171.365
10171.384
10171.403
10171.422
10171.440
10171.459
10171.478
10171.497
10171.516
10171.535
10171.554
10171.573
10171.591
10171.610
10171.629
10171.648
10171.667
10171.686
10171.705
10171.724
10171.743
10171.761
10171.780
10171.799
10171.818
10171.837
10171.856
10171.875
10171.894
10171.912
10171.931
10171.950
10171.969
10171.988
10172.007
10172.026
10172.045
10172.064
10172.082
10172.101
10172.120
10172.139
10172.158
10172.177
10172.196
10172.215
10172.233
10172.252
10172.271
10172.290
10172.309
10172.328
10172.347
10172.366
10172.384
10172.403
10172.422
10172.441
10172.460
10172.479
10172.498
10172.517
10172.536
10172.554
10172.573
10172.592
10172.611
10172.630
10172.649
10172.668
10172.687
10172.705
10172.724
10172.743
10172.762
10172.781
10172.800
10172.819
10172.838
10172.857
10172.875
10172.894
10172.913
10172.932
10172.951
10172.970
10172.989
10173.008
10173.026
10173.045
10173.064
10173.083
10173.102
10173.121
10173.140
10173.159
10173.178
10173.196
10173.215
10173.234
10173.253
10173.272
10173.291
10173.310
10173.329
10173.347
10173.366
10173.385
10173.404
10173.423
10173.442
10173.461
10173.480
10173.498
10173.517
10173.536
10173.555
10173.574
10173.593
10173.612
10173.631
10173.650
10173.668
10173.687
10173.706
10173.725
10173.744
10173.763
10173.782
10173.801
10173.819
10173.838
10173.857
10173.876
10173.895
10173.914
10173.933
10173.952
10173.971
10173.989
10174.008
10174.027
10174.046
10174.065
10174.084
10174.103
10174.122
10174.140
10174.159
10174.178
10174.197
10174.216
10174.235
10174.254
10174.273
10174.291
10174.310
10174.329
10174.348
10174.367
10174.386
10174.405
10174.424
10174.443
10174.461
10174.480
10174.499
10174.518
10174.537
10174.556
10174.575
10174.594
10174.612
10174.631
10174.650
10174.669
10174.688
10174.707
10174.726
10174.745
10174.764
10174.782
10174.801
10174.820
10174.839
10174.858
10174.877
10174.896
10174.915
10174.933
10174.952
10174.971
10174.990
10175.009
10175.028
10175.047
10175.066
10175.085
10175.103
10175.122
10175.141
10175.160
10175.179
10175.198
10175.217
10175.236
10175.254
10175.273
10175.292
10175.311
10175.330
10175.349
10175.368
10175.387
10175.405
10175.424
10175.443
10175.462
10175.481
10175.500
10175.519
10175.538
10175.557
10175.575
10175.594
10175.613
10175.632
10175.651
10175.670
10175.689
10175.708
10175.726
10175.745
10175.764
10175.783
10175.802
10175.821
10175.840
10175.859
10175.878
10175.896
10175.915
10175.934
10175.953
10175.972
10175.991
10176.010
10176.029
10176.047
10176.066
10176.085
10176.104
10176.123
10176.142
10176.161
10176.180
10176.199
10176.217
10176.236
10176.255
10176.274
10176.293
10176.312
10176.331
10176.350
10176.368
10176.387
10176.406
10176.425
10176.444
10176.463
10176.482
10176.501
10176.519
10176.538
10176.557
10176.576
10176.595
10176.614
10176.633
10176.652
10176.671
10176.689
10176.708
10176.727
10176.746
10176.765
10176.784
10176.803
10176.822
10176.840
10176.859
10176.878
10176.897
10176.916
10176.935
10176.954
10176.973
10176.992
10177.010
10177.029
10177.048
10177.067
10177.086
10177.105
10177.124
10177.143
10177.161
10177.180
10177.199
10177.218
10177.237
10177.256
10177.275
10177.294
10177.312
10177.331
10177.350
10177.369
10177.388
10177.407
10177.426
10177.445
10177.464
10177.482
10177.501
10177.520
10177.539
10177.558
10177.577
10177.596
10177.615
10177.633
10177.652
10177.671
10177.690
10177.709
10177.728
10177.747
10177.766
10177.785
10177.803
10177.822
10177.841
10177.860
10177.879
10177.898
10177.917
10177.936
10177.954
10177.973
10177.992
10178.011
10178.030
10178.049
10178.068
10178.087
10178.106
10178.124
10178.143
10178.162
10178.181
10178.200
10178.219
10178.238
10178.257
10178.275
10178.294
10178.313
10178.332
10178.351
10178.370
10178.389
10178.408
10178.426
10178.445
10178.464
10178.483
10178.502
10178.521
10178.540
10178.559
10178.578
10178.596
10178.615
10178.634
10178.653
10178.672
10178.691
10178.710
10178.729
10178.747
10178.766
10178.785
10178.804
10178.823
10178.842
10178.861
10178.880
10178.899
10178.917
10178.936
10178.955
10178.974
10178.993
10179.012
10179.031
10179.050
10179.068
10179.087
10179.106
10179.125
10179.144
10179.163
10179.182
10179.201
10179.219
10179.238
10179.257
10179.276
10179.295
10179.314
10179.333
10179.352
10179.371
10179.389
10179.408
10179.427
10179.446
10179.465
10179.484
10179.503
10179.522
10179.540
10179.559
10179.578
10179.597
10179.616
10179.635
10179.654
10179.673
10179.692
10179.710
10179.729
10179.748
10179.767
10179.786
10179.805
10179.824
10179.843
10179.861
10179.880
10179.899
10179.918
10179.937
10179.956
10179.975
10179.994
10180.013
10180.031
10180.050
10180.069
10180.088
10180.107
10180.126
10180.145
10180.164
10180.182
10180.201
10180.220
10180.239
10180.258
10180.277
10180.296
10180.315
10180.333
10180.352
10180.371
10180.390
10180.409
10180.428
10180.447
10180.466
10180.485
10180.503
10180.522
10180.541
10180.560
10180.579
10180.598
10180.617
10180.636
10180.654
10180.673
10180.692
10180.711
10180.730
10180.749
10180.768
10180.787
10180.806
10180.824
10180.843
10180.862
10180.881
10180.900
10180.919
10180.938
10180.957
10180.975
10180.994
10181.013
10181.032
10181.051
10181.070
10181.089
10181.108
10181.127
10181.145
10181.164
10181.183
10181.202
10181.221
10181.240
10181.259
10181.278
10181.296
10181.315
10181.334
10181.353
10181.372
10181.391
10181.410
10181.429
10181.447
10181.466
10181.485
10181.504
10181.523
10181.542
10181.561
10181.580
10181.599
10181.617
10181.636
10181.655
10181.674
10181.693
10181.712
10181.731
10181.750
10181.768
10181.787
10181.806
10181.825
10181.844
10181.863
10181.882
10181.901
10181.920
10181.938
10181.957
10181.976
10181.995
10182.014
10182.033
10182.052
10182.071
10182.089
10182.108
10182.127
10182.146
10182.165
10182.184
10182.203
10182.222
10182.240
10182.259
10182.278
10182.297
10182.316
10182.335
10182.354
10182.373
10182.392
10182.410
10182.429
10182.448
10182.467
10182.486
10182.505
10182.524
10182.543
10182.561
10182.580
10182.599
10182.618
10182.637
10182.656
10182.675
10182.694
10182.713
10182.731
10182.750
10182.769
10182.788
10182.807
10182.826
10182.845
10182.864
10182.882
10182.901
10182.920
10182.939
10182.958
10182.977
10182.996
10183.015
10183.034
10183.052
10183.071
10183.090
10183.109
10183.128
10183.147
10183.166
10183.185
10183.203
10183.222
10183.241
10183.260
10183.279
10183.298
10183.317
10183.336
10183.354
10183.373
10183.392
10183.411
10183.430
10183.449
10183.468
10183.487
10183.506
10183.524
10183.543
10183.562
10183.581
10183.600
10183.619
10183.638
10183.657
10183.675
10183.694
10183.713
10183.732
10183.751
10183.770
10183.789
10183.808
10183.827
10183.845
10183.864
10183.883
10183.902
10183.921
10183.940
10183.959
10183.978
10183.996
10184.015
10184.034
10184.053
10184.072
10184.091
10184.110
10184.129
10184.148
10184.166
10184.185
10184.204
10184.223
10184.242
10184.261
10184.280
10184.299
10184.317
10184.336
10184.355
10184.374
10184.393
10184.412
10184.431
10184.450
10184.468
10184.487
10184.506
10184.525
10184.544
10184.563
10184.582
10184.601
10184.620
10184.638
10184.657
10184.676
10184.695
10184.714
10184.733
10184.752
10184.771
10184.789
10184.808
10184.827
10184.846
10184.865
10184.884
10184.903
10184.922
10184.941
10184.959
10184.978
10184.997
10185.016
10185.035
10185.054
10185.073
10185.092
10185.110
10185.129
10185.148
10185.167
10185.186
10185.205
10185.224
10185.243
10185.261
10185.280
10185.299
10185.318
10185.337
10185.356
10185.375
10185.394
10185.413
10185.431
10185.450
10185.469
10185.488
10185.507
10185.526
10185.545
10185.564
10185.582
10185.601
10185.620
10185.639
10185.658
10185.677
10185.696
10185.715
10185.734
10185.752
10185.771
10185.790
10185.809
10185.828
10185.847
10185.866
10185.885
10185.903
10185.922
10185.941
10185.960
10185.979
10185.998
10186.017
10186.036
10186.055
10186.073
10186.092
10186.111
10186.130
10186.149
10186.168
10186.187
10186.206
10186.224
10186.243
10186.262
10186.281
10186.300
10186.319
10186.338
10186.357
10186.375
10186.394
10186.413
10186.432
10186.451
10186.470
10186.489
10186.508
10186.527
10186.545
10186.564
10186.583
10186.602
10186.621
10186.640
10186.659
10186.678
10186.696
10186.715
10186.734
10186.753
10186.772
10186.791
10186.810
10186.829
10186.848
10186.866
10186.885
10186.904
10186.923
10186.942
10186.961
10186.980
10186.999
10187.017
10187.036
10187.055
10187.074
10187.093
10187.112
10187.131
10187.150
10187.168
10187.187
10187.206
10187.225
10187.244
10187.263
10187.282
10187.301
10187.320
10187.338
10187.357
10187.376
10187.395
10187.414
10187.433
10187.452
10187.471
10187.489
10187.508
10187.527
10187.546
10187.565
10187.584
10187.603
10187.622
10187.641
10187.659
10187.678
10187.697
10187.716
10187.735
10187.754
10187.773
10187.792
10187.810
10187.829
10187.848
10187.867
10187.886
10187.905
10187.924
10187.943
10187.962
10187.980
10187.999
10188.018
10188.037
10188.056
10188.075
10188.094
10188.113
10188.131
10188.150
10188.169
10188.188
10188.207
10188.226
10188.245
10188.264
10188.282
10188.301
10188.320
10188.339
10188.358
10188.377
10188.396
10188.415
10188.434
10188.452
10188.471
10188.490
10188.509
10188.528
10188.547
10188.566
10188.585
10188.603
10188.622
10188.641
10188.660
10188.679
10188.698
10188.717
10188.736
10188.755
10188.773
10188.792
10188.811
10188.830
10188.849
10188.868
10188.887
10188.906
10188.924
10188.943
10188.962
10188.981
10189.000
10189.019
10189.038
10189.057
10189.076
10189.094
10189.113
10189.132
10189.151
10189.170
10189.189
10189.208
10189.227
10189.245
10189.264
10189.283
10189.302
10189.321
10189.340
10189.359
10189.378
10189.396
10189.415
10189.434
10189.453
10189.472
10189.491
10189.510
10189.529
10189.548
10189.566
10189.585
10189.604
10189.623
10189.642
10189.661
10189.680
10189.699
10189.717
10189.736
10189.755
10189.774
10189.793
10189.812
10189.831
10189.850
10189.869
10189.887
10189.906
10189.925
10189.944
10189.963
10189.982
10190.001
10190.020
10190.038
10190.057
10190.076
10190.095
10190.114
10190.133
10190.152
10190.171
10190.189
10190.208
10190.227
10190.246
10190.265
10190.284
10190.303
10190.322
10190.341
10190.359
10190.378
10190.397
10190.416
10190.435
10190.454
10190.473
10190.492
10190.510
10190.529
10190.548
10190.567
10190.586
10190.605
10190.624
10190.643
10190.662
10190.680
10190.699
10190.718
10190.737
10190.756
10190.775
10190.794
10190.813
10190.831
10190.850
10190.869
10190.888
10190.907
10190.926
10190.945
10190.964
10190.983
10191.001
10191.020
10191.039
10191.058
10191.077
10191.096
10191.115
10191.134
10191.152
10191.171
10191.190
10191.209
10191.228
10191.247
10191.266
10191.285
10191.303
10191.322
10191.341
10191.360
10191.379
10191.398
10191.417
10191.436
10191.455
10191.473
10191.492
10191.511
10191.530
10191.549
10191.568
10191.587
10191.606
10191.624
10191.643
10191.662
10191.681
10191.700
10191.719
10191.738
10191.757
10191.776
10191.794
10191.813
10191.832
10191.851
10191.870
10191.889
10191.908
10191.927
10191.945
10191.964
10191.983
10192.002
10192.021
10192.040
10192.059
10192.078
10192.097
10192.115
10192.134
10192.153
10192.172
10192.191
10192.210
10192.229
10192.248
10192.266
10192.285
10192.304
10192.323
10192.342
10192.361
10192.380
10192.399
10192.417
10192.436
10192.455
10192.474
10192.493
10192.512
10192.531
10192.550
10192.569
10192.587
10192.606
10192.625
10192.644
10192.663
10192.682
10192.701
10192.720
10192.738
10192.757
10192.776
10192.795
10192.814
10192.833
10192.852
10192.871
10192.890
10192.908
10192.927
10192.946
10192.965
10192.984
10193.003
10193.022
10193.041
10193.059
10193.078
10193.097
10193.116
10193.135
10193.154
10193.173
10193.192
10193.210
10193.229
10193.248
10193.267
10193.286
10193.305
10193.324
10193.343
10193.362
10193.380
10193.399
10193.418
10193.437
10193.456
10193.475
10193.494
10193.513
10193.531
10193.550
10193.569
10193.588
10193.607
10193.626
10193.645
10193.664
10193.683
10193.701
10193.720
10193.739
10193.758
10193.777
10193.796
10193.815
10193.834
10193.852
10193.871
10193.890
10193.909
10193.928
10193.947
10193.966
10193.985
10194.004
10194.022
10194.041
10194.060
10194.079
10194.098
10194.117
10194.136
10194.155
10194.173
10194.192
10194.211
10194.230
10194.249
10194.268
10194.287
10194.306
10194.324
10194.343
10194.362
10194.381
10194.400
10194.419
10194.438
10194.457
10194.476
10194.494
10194.513
10194.532
10194.551
10194.570
10194.589
10194.608
10194.627
10194.645
10194.664
10194.683
10194.702
10194.721
10194.740
10194.759
10194.778
10194.797
10194.815
10194.834
10194.853
10194.872
10194.891
10194.910
10194.929
10194.948
10194.966
10194.985
10195.004
10195.023
10195.042
10195.061
10195.080
10195.099
10195.118
10195.136
10195.155
10195.174
10195.193
10195.212
10195.231
10195.250
10195.269
10195.287
10195.306
10195.325
10195.344
10195.363
10195.382
10195.401
10195.420
10195.438
10195.457
10195.476
10195.495
10195.514
10195.533
10195.552
10195.571
10195.590
10195.608
10195.627
10195.646
10195.665
10195.684
10195.703
10195.722
10195.741
10195.759
10195.778
10195.797
10195.816
10195.835
10195.854
10195.873
10195.892
10195.911
10195.929
10195.948
10195.967
10195.986
10196.005
10196.024
10196.043
10196.062
10196.080
10196.099
10196.118
10196.137
10196.156
10196.175
10196.194
10196.213
10196.231
10196.250
10196.269
10196.288
10196.307
10196.326
10196.345
10196.364
10196.383
10196.401
10196.420
10196.439
10196.458
10196.477
10196.496
10196.515
10196.534
10196.552
10196.571
10196.590
10196.609
10196.628
10196.647
10196.666
10196.685
10196.704
10196.722
10196.741
10196.760
10196.779
10196.798
10196.817
10196.836
10196.855
10196.873
10196.892
10196.911
10196.930
10196.949
10196.968
10196.987
10197.006
10197.025
10197.043
10197.062
10197.081
10197.100
10197.119
10197.138
10197.157
10197.176
10197.194
10197.213
10197.232
10197.251
10197.270
10197.289
10197.308
10197.327
10197.345
10197.364
10197.383
10197.402
10197.421
10197.440
10197.459
10197.478
10197.497
10197.515
10197.534
10197.553
10197.572
10197.591
10197.610
10197.629
10197.648
10197.666
10197.685
10197.704
10197.723
10197.742
10197.761
10197.780
10197.799
10197.818
10197.836
10197.855
10197.874
10197.893
10197.912
10197.931
10197.950
10197.969
10197.987
10198.006
10198.025
10198.044
10198.063
10198.082
10198.101
10198.120
10198.138
10198.157
10198.176
10198.195
10198.214
10198.233
10198.252
10198.271
10198.290
10198.308
10198.327
10198.346
10198.365
10198.384
10198.403
10198.422
10198.441
10198.459
10198.478
10198.497
10198.516
10198.535
10198.554
10198.573
10198.592
10198.611
10198.629
10198.648
10198.667
10198.686
10198.705
10198.724
10198.743
10198.762
10198.780
10198.799
10198.818
10198.837
10198.856
10198.875
10198.894
10198.913
10198.932
10198.950
10198.969
10198.988
10199.007
10199.026
10199.045
10199.064
10199.083
10199.101
10199.120
10199.139
10199.158
10199.177
10199.196
10199.215
10199.234
10199.252
10199.271
10199.290
10199.309
10199.328
10199.347
10199.366
10199.385
10199.404
10199.422
10199.441
10199.460
10199.479
10199.498
10199.517
10199.536
10199.555
10199.573
10199.592
10199.611
10199.630
10199.649
10199.668
10199.687
10199.706
10199.725
10199.743
10199.762
10199.781
10199.800
10199.819
10199.838
10199.857
10199.876
10199.894
10199.913
10199.932
10199.951
10199.970
10199.989
10200.008
10200.027
10200.046
10200.064
10200.083
10200.102
10200.121
10200.140
10200.159
10200.178
10200.197
10200.215
10200.234
10200.253
10200.272
10200.291
10200.310
10200.329
10200.348
10200.366
10200.385
10200.404
10200.423
10200.442
10200.461
10200.480
10200.499
10200.518
10200.536
10200.555
10200.574
10200.593
10200.612
10200.631
10200.650
10200.669
10200.687
10200.706
10200.725
10200.744
10200.763
10200.782
10200.801
10200.820
10200.839
10200.857
10200.876
10200.895
10200.914
10200.933
10200.952
10200.971
10200.990
10201.008
10201.027
10201.046
10201.065
10201.084
10201.103
10201.122
10201.141
10201.159
10201.178
10201.197
10201.216
10201.235
10201.254
10201.273
10201.292
10201.311
10201.329
10201.348
10201.367
10201.386
10201.405
10201.424
10201.443
10201.462
10201.480
10201.499
10201.518
10201.537
10201.556
10201.575
10201.594
10201.613
10201.632
10201.650
10201.669
10201.688
10201.707
10201.726
10201.745
10201.764
10201.783
10201.801
10201.820
10201.839
10201.858
10201.877
10201.896
10201.915
10201.934
10201.953
10201.971
10201.990
10202.009
10202.028
10202.047
10202.066
10202.085
10202.104
10202.122
10202.141
10202.160
10202.179
10202.198
10202.217
10202.236
10202.255
10202.273
10202.292
10202.311
10202.330
10202.349
10202.368
10202.387
10202.406
10202.425
10202.443
10202.462
10202.481
10202.500
10202.519
10202.538
10202.557
10202.576
10202.594
10202.613
10202.632
10202.651
10202.670
10202.689
10202.708
10202.727
10202.746
10202.764
10202.783
10202.802
10202.821
10202.840
10202.859
10202.878
10202.897
10202.915
10202.934
10202.953
10202.972
10202.991
10203.010
10203.029
10203.048
10203.067
10203.085
10203.104
10203.123
10203.142
10203.161
10203.180
10203.199
10203.218
10203.236
10203.255
10203.274
10203.293
10203.312
10203.331
10203.350
10203.369
10203.387
10203.406
10203.425
10203.444
10203.463
10203.482
10203.501
10203.520
10203.539
10203.557
10203.576
10203.595
10203.614
10203.633
10203.652
10203.671
10203.690
10203.708
10203.727
10203.746
10203.765
10203.784
10203.803
10203.822
10203.841
10203.860
10203.878
10203.897
10203.916
10203.935
10203.954
10203.973
10203.992
10204.011
10204.029
10204.048
10204.067
10204.086
10204.105
10204.124
10204.143
10204.162
10204.180
10204.199
10204.218
10204.237
10204.256
10204.275
10204.294
10204.313
10204.332
10204.350
10204.369
10204.388
10204.407
10204.426
10204.445
10204.464
10204.483
10204.501
10204.520
10204.539
10204.558
10204.577
10204.596
10204.615
10204.634
10204.653
10204.671
10204.690
10204.709
10204.728
10204.747
10204.766
10204.785
10204.804
10204.822
10204.841
10204.860
10204.879
10204.898
10204.917
10204.936
10204.955
10204.974
10204.992
10205.011
10205.030
10205.049
10205.068
10205.087
10205.106
10205.125
10205.143
10205.162
10205.181
10205.200
10205.219
10205.238
10205.257
10205.276
10205.294
10205.313
10205.332
10205.351
10205.370
10205.389
10205.408
10205.427
10205.446
10205.464
10205.483
10205.502
10205.521
10205.540
10205.559
10205.578
10205.597
10205.615
10205.634
10205.653
10205.672
10205.691
10205.710
10205.729
10205.748
10205.767
10205.785
10205.804
10205.823
10205.842
10205.861
10205.880
10205.899
10205.918
10205.936
10205.955
10205.974
10205.993
10206.012
10206.031
10206.050
10206.069
10206.087
10206.106
10206.125
10206.144
10206.163
10206.182
10206.201
10206.220
10206.239
10206.257
10206.276
10206.295
10206.314
10206.333
10206.352
10206.371
10206.390
10206.408
10206.427
10206.446
10206.465
10206.484
10206.503
10206.522
10206.541
10206.560
10206.578
10206.597
10206.616
10206.635
10206.654
10206.673
10206.692
10206.711
10206.729
10206.748
10206.767
10206.786
10206.805
10206.824
10206.843
10206.862
10206.881
10206.899
10206.918
10206.937
10206.956
10206.975
10206.994
10207.013
10207.032
10207.050
10207.069
10207.088
10207.107
10207.126
10207.145
10207.164
10207.183
10207.201
10207.220
10207.239
10207.258
10207.277
10207.296
10207.315
10207.334
10207.353
10207.371
10207.390
10207.409
10207.428
10207.447
10207.466
10207.485
10207.504
10207.522
10207.541
10207.560
10207.579
10207.598
10207.617
10207.636
10207.655
10207.674
10207.692
10207.711
10207.730
10207.749
10207.768
10207.787
10207.806
10207.825
10207.843
10207.862
10207.881
10207.900
10207.919
10207.938
10207.957
10207.976
10207.995
10208.013
10208.032
10208.051
10208.070
10208.089
10208.108
10208.127
10208.146
10208.164
10208.183
10208.202
10208.221
10208.240
10208.259
10208.278
10208.297
10208.315
10208.334
10208.353
10208.372
10208.391
10208.410
10208.429
10208.448
10208.467
10208.485
10208.504
10208.523
10208.542
10208.561
10208.580
10208.599
10208.618
10208.636
10208.655
10208.674
10208.693
10208.712
10208.731
10208.750
10208.769
10208.788
10208.806
10208.825
10208.844
10208.863
10208.882
10208.901
10208.920
10208.939
10208.957
10208.976
10208.995
10209.014
10209.033
10209.052
10209.071
10209.090
10209.108
10209.127
10209.146
10209.165
10209.184
10209.203
10209.222
10209.241
10209.260
10209.278
10209.297
10209.316
10209.335
10209.354
10209.373
10209.392
10209.411
10209.429
10209.448
10209.467
10209.486
10209.505
10209.524
10209.543
10209.562
10209.581
10209.599
10209.618
10209.637
10209.656
10209.675
10209.694
10209.713
10209.732
10209.750
10209.769
10209.788
10209.807
10209.826
10209.845
10209.864
10209.883
10209.902
10209.920
10209.939
10209.958
10209.977
10209.996
10210.015
10210.034
10210.053
10210.071
10210.090
10210.109
10210.128
10210.147
10210.166
10210.185
10210.204
10210.222
10210.241
10210.260
10210.279
10210.298
10210.317
10210.336
10210.355
10210.374
10210.392
10210.411
10210.430
10210.449
10210.468
10210.487
10210.506
10210.525
10210.543
10210.562
10210.581
10210.600
10210.619
10210.638
10210.657
10210.676
10210.695
10210.713
10210.732
10210.751
10210.770
10210.789
10210.808
10210.827
10210.846
10210.864
10210.883
10210.902
10210.921
10210.940
10210.959
10210.978
10210.997
10211.016
10211.034
10211.053
10211.072
10211.091
10211.110
10211.129
10211.148
10211.167
10211.185
10211.204
10211.223
10211.242
10211.261
10211.280
10211.299
10211.318
10211.336
10211.355
10211.374
10211.393
10211.412
10211.431
10211.450
10211.469
10211.488
10211.506
10211.525
10211.544
10211.563
10211.582
10211.601
10211.620
10211.639
10211.657
10211.676
10211.695
10211.714
10211.733
10211.752
10211.771
10211.790
10211.809
10211.827
10211.846
10211.865
10211.884
10211.903
10211.922
10211.941
10211.960
10211.978
10211.997
10212.016
10212.035
10212.054
10212.073
10212.092
10212.111
10212.129
10212.148
10212.167
10212.186
10212.205
10212.224
10212.243
10212.262
10212.281
10212.299
10212.318
10212.337
10212.356
10212.375
10212.394
10212.413
10212.432
10212.450
10212.469
10212.488
10212.507
10212.526
10212.545
10212.564
10212.583
10212.602
10212.620
10212.639
10212.658
10212.677
10212.696
10212.715
10212.734
10212.753
10212.771
10212.790
10212.809
10212.828
10212.847
10212.866
10212.885
10212.904
10212.923
10212.941
10212.960
10212.979
10212.998
10213.017
10213.036
10213.055
10213.074
10213.092
10213.111
10213.130
10213.149
10213.168
10213.187
10213.206
10213.225
10213.243
10213.262
10213.281
10213.300
10213.319
10213.338
10213.357
10213.376
10213.395
10213.413
10213.432
10213.451
10213.470
10213.489
10213.508
10213.527
10213.546
10213.564
10213.583
10213.602
10213.621
10213.640
10213.659
10213.678
10213.697
10213.716
10213.734
10213.753
10213.772
10213.791
10213.810
10213.829
10213.848
10213.867
10213.885
10213.904
10213.923
10213.942
10213.961
10213.980
10213.999
10214.018
10214.036
10214.055
10214.074
10214.093
10214.112
10214.131
10214.150
10214.169
10214.188
10214.206
10214.225
10214.244
10214.263
10214.282
10214.301
10214.320
10214.339
10214.357
10214.376
10214.395
10214.414
10214.433
10214.452
10214.471
10214.490
10214.509
10214.527
10214.546
10214.565
10214.584
10214.603
10214.622
10214.641
10214.660
10214.678
10214.697
10214.716
10214.735
10214.754
10214.773
10214.792
10214.811
10214.830
10214.848
10214.867
10214.886
10214.905
10214.924
10214.943
10214.962
10214.981
10214.999
10215.018
10215.037
10215.056
10215.075
10215.094
10215.113
10215.132
10215.150
10215.169
10215.188
10215.207
10215.226
10215.245
10215.264
10215.283
10215.302
10215.320
10215.339
10215.358
10215.377
10215.396
10215.415
10215.434
10215.453
10215.471
10215.490
10215.509
10215.528
10215.547
10215.566
10215.585
10215.604
10215.623
10215.641
10215.660
10215.679
10215.698
10215.717
10215.736
10215.755
10215.774
10215.792
10215.811
10215.830
10215.849
10215.868
10215.887
10215.906
10215.925
10215.944
10215.962
10215.981
10216.000
10216.019
10216.038
10216.057
10216.076
10216.095
10216.113
10216.132
10216.151
10216.170
10216.189
10216.208
10216.227
10216.246
10216.264
10216.283
10216.302
10216.321
10216.340
10216.359
10216.378
10216.397
10216.416
10216.434
10216.453
10216.472
10216.491
10216.510
10216.529
10216.548
10216.567
10216.585
10216.604
10216.623
10216.642
10216.661
10216.680
10216.699
10216.718
10216.737
10216.755
10216.774
10216.793
10216.812
10216.831
10216.850
10216.869
10216.888
10216.906
10216.925
10216.944
10216.963
10216.982
10217.001
10217.020
10217.039
10217.057
10217.076
10217.095
10217.114
10217.133
10217.152
10217.171
10217.190
10217.209
10217.227
10217.246
10217.265
10217.284
10217.303
10217.322
10217.341
10217.360
10217.378
10217.397
10217.416
10217.435
10217.454
10217.473
10217.492
10217.511
10217.530
10217.548
10217.567
10217.586
10217.605
10217.624
10217.643
10217.662
10217.681
10217.699
10217.718
10217.737
10217.756
10217.775
10217.794
10217.813
10217.832
10217.851
10217.869
10217.888
10217.907
10217.926
10217.945
10217.964
10217.983
10218.002
10218.020
10218.039
10218.058
10218.077
10218.096
10218.115
10218.134
10218.153
10218.171
10218.190
10218.209
10218.228
10218.247
10218.266
10218.285
10218.304
10218.323
10218.341
10218.360
10218.379
10218.398
10218.417
10218.436
10218.455
10218.474
10218.492
10218.511
10218.530
10218.549
10218.568
10218.587
10218.606
10218.625
10218.644
10218.662
10218.681
10218.700
10218.719
10218.738
10218.757
10218.776
10218.795
10218.813
10218.832
10218.851
10218.870
10218.889
10218.908
10218.927
10218.946
10218.965
10218.983
10219.002
10219.021
10219.040
10219.059
10219.078
10219.097
10219.116
10219.134
10219.153
10219.172
10219.191
10219.210
10219.229
10219.248
10219.267
10219.285
10219.304
10219.323
10219.342
10219.361
10219.380
10219.399
10219.418
10219.437
10219.455
10219.474
10219.493
10219.512
10219.531
10219.550
10219.569
10219.588
10219.606
10219.625
10219.644
10219.663
10219.682
10219.701
10219.720
10219.739
10219.758
10219.776
10219.795
10219.814
10219.833
10219.852
10219.871
10219.890
10219.909
10219.927
10219.946
10219.965
10219.984
10220.003
10220.022
10220.041
10220.060
10220.078
10220.097
10220.116
10220.135
10220.154
10220.173
10220.192
10220.211
10220.230
10220.248
10220.267
10220.286
10220.305
10220.324
10220.343
10220.362
10220.381
10220.399
10220.418
10220.437
10220.456
10220.475
10220.494
10220.513
10220.532
10220.551
10220.569
10220.588
10220.607
10220.626
10220.645
10220.664
10220.683
10220.702
10220.720
10220.739
10220.758
10220.777
10220.796
10220.815
10220.834
10220.853
10220.872
10220.890
10220.909
10220.928
10220.947
10220.966
10220.985
10221.004
10221.023
10221.041
10221.060
10221.079
10221.098
10221.117
10221.136
10221.155
10221.174
10221.192
10221.211
10221.230
10221.249
10221.268
10221.287
10221.306
10221.325
10221.344
10221.362
10221.381
10221.400
10221.419
10221.438
10221.457
10221.476
10221.495
10221.513
10221.532
10221.551
10221.570
10221.589
10221.608
10221.627
10221.646
10221.665
10221.683
10221.702
10221.721
10221.740
10221.759
10221.778
10221.797
10221.816
10221.834
10221.853
10221.872
10221.891
10221.910
10221.929
10221.948
10221.967
10221.986
10222.004
10222.023
10222.042
10222.061
10222.080
10222.099
10222.118
10222.137
10222.155
10222.174
10222.193
10222.212
10222.231
10222.250
10222.269
10222.288
10222.306
10222.325
10222.344
10222.363
10222.382
10222.401
10222.420
10222.439
10222.458
10222.476
10222.495
10222.514
10222.533
10222.552
10222.571
10222.590
10222.609
10222.627
10222.646
10222.665
10222.684
10222.703
10222.722
10222.741
10222.760
10222.779
10222.797
10222.816
10222.835
10222.854
10222.873
10222.892
10222.911
10222.930
10222.948
10222.967
10222.986
10223.005
10223.024
10223.043
10223.062
10223.081
10223.099
10223.118
10223.137
10223.156
10223.175
10223.194
10223.213
10223.232
10223.251
10223.269
10223.288
10223.307
10223.326
10223.345
10223.364
10223.383
10223.402
10223.420
10223.439
10223.458
10223.477
10223.496
10223.515
10223.534
10223.553
10223.572
10223.590
10223.609
10223.628
10223.647
10223.666
10223.685
10223.704
10223.723
10223.741
10223.760
10223.779
10223.798
10223.817
10223.836
10223.855
10223.874
10223.893
10223.911
10223.930
10223.949
10223.968
10223.987
10224.006
10224.025
10224.044
10224.062
10224.081
10224.100
10224.119
10224.138
10224.157
10224.176
10224.195
10224.213
10224.232
10224.251
10224.270
10224.289
10224.308
10224.327
10224.346
10224.365
10224.383
10224.402
10224.421
10224.440
10224.459
10224.478
10224.497
10224.516
10224.534
10224.553
10224.572
10224.591
10224.610
10224.629
10224.648
10224.667
10224.686
10224.704
10224.723
10224.742
10224.761
10224.780
10224.799
10224.818
10224.837
10224.855
10224.874
10224.893
10224.912
10224.931
10224.950
10224.969
10224.988
10225.006
10225.025
10225.044
10225.063
10225.082
10225.101
10225.120
10225.139
10225.158
10225.176
10225.195
10225.214
10225.233
10225.252
10225.271
10225.290
10225.309
10225.327
10225.346
10225.365
10225.384
10225.403
10225.422
10225.441
10225.460
10225.479
10225.497
10225.516
10225.535
10225.554
10225.573
10225.592
10225.611
10225.630
10225.648
10225.667
10225.686
10225.705
10225.724
10225.743
10225.762
10225.781
10225.800
10225.818
10225.837
10225.856
10225.875
10225.894
10225.913
10225.932
10225.951
10225.969
10225.988
10226.007
10226.026
10226.045
10226.064
10226.083
10226.102
10226.120
10226.139
10226.158
10226.177
10226.196
10226.215
10226.234
10226.253
10226.272
10226.290
10226.309
10226.328
10226.347
10226.366
10226.385
10226.404
10226.423
10226.441
10226.460
10226.479
10226.498
10226.517
10226.536
10226.555
10226.574
10226.593
10226.611
10226.630
10226.649
10226.668
10226.687
10226.706
10226.725
10226.744
10226.762
10226.781
10226.800
10226.819
10226.838
10226.857
10226.876
10226.895
10226.914
10226.932
10226.951
10226.970
10226.989
10227.008
10227.027
10227.046
10227.065
10227.083
10227.102
10227.121
10227.140
10227.159
10227.178
10227.197
