 9564.000
 9564.018
 9564.035
 9564.053
 9564.070
 9564.088
 9564.106
 9564.123
 9564.141
 9564.158
 9564.176
 9564.193
 9564.211
 9564.229
 9564.246
 9564.264
 9564.281
 9564.299
 9564.317
 9564.334
 9564.352
 9564.369
 9564.387
 9564.404
 9564.422
 9564.440
 9564.457
 9564.475
 9564.492
 9564.510
 9564.528
 9564.545
 9564.563
 9564.580
 9564.598
 9564.615
 9564.633
 9564.651
 9564.668
 9564.686
 9564.703
 9564.721
 9564.739
 9564.756
 9564.774
 9564.791
 9564.809
 9564.826
 9564.844
 9564.862
 9564.879
 9564.897
 9564.914
 9564.932
 9564.950
 9564.967
 9564.985
 9565.002
 9565.020
 9565.037
 9565.055
 9565.073
 9565.090
 9565.108
 9565.125
 9565.143
 9565.161
 9565.178
 9565.196
 9565.213
 9565.231
 9565.248
 9565.266
 9565.284
 9565.301
 9565.319
 9565.336
 9565.354
 9565.372
 9565.389
 9565.407
 9565.424
 9565.442
 9565.459
 9565.477
 9565.495
 9565.512
 9565.530
 9565.547
 9565.565
 9565.583
 9565.600
 9565.618
 9565.635
 9565.653
 9565.670
 9565.688
 9565.706
 9565.723
 9565.741
 9565.758
 9565.776
 9565.794
 9565.811
 9565.829
 9565.846
 9565.864
 9565.881
 9565.899
 9565.917
 9565.934
 9565.952
 9565.969
 9565.987
 9566.005
 9566.022
 9566.040
 9566.057
 9566.075
 9566.092
 9566.110
 9566.128
 9566.145
 9566.163
 9566.180
 9566.198
 9566.216
 9566.233
 9566.251
 9566.268
 9566.286
 9566.303
 9566.321
 9566.339
 9566.356
 9566.374
 9566.391
 9566.409
 9566.427
 9566.444
 9566.462
 9566.479
 9566.497
 9566.514
 9566.532
 9566.550
 9566.567
 9566.585
 9566.602
 9566.620
 9566.638
 9566.655
 9566.673
 9566.690
 9566.708
 9566.725
 9566.743
 9566.761
 9566.778
 9566.796
 9566.813
 9566.831
 9566.849
 9566.866
 9566.884
 9566.901
 9566.919
 9566.937
 9566.954
 9566.972
 9566.989
 9567.007
 9567.024
 9567.042
 9567.060
 9567.077
 9567.095
 9567.112
 9567.130
 9567.148
 9567.165
 9567.183
 9567.200
 9567.218
 9567.235
 9567.253
 9567.271
 9567.288
 9567.306
 9567.323
 9567.341
 9567.359
 9567.376
 9567.394
 9567.411
 9567.429
 9567.446
 9567.464
 9567.482
 9567.499
 9567.517
 9567.534
 9567.552
 9567.570
 9567.587
 9567.605
 9567.622
 9567.640
 9567.657
 9567.675
 9567.693
 9567.710
 9567.728
 9567.745
 9567.763
 9567.781
 9567.798
 9567.816
 9567.833
 9567.851
 9567.868
 9567.886
 9567.904
 9567.921
 9567.939
 9567.956
 9567.974
 9567.992
 9568.009
 9568.027
 9568.044
 9568.062
 9568.079
 9568.097
 9568.115
 9568.132
 9568.150
 9568.167
 9568.185
 9568.203
 9568.220
 9568.238
 9568.255
 9568.273
 9568.290
 9568.308
 9568.326
 9568.343
 9568.361
 9568.378
 9568.396
 9568.414
 9568.431
 9568.449
 9568.466
 9568.484
 9568.501
 9568.519
 9568.537
 9568.554
 9568.572
 9568.589
 9568.607
 9568.625
 9568.642
 9568.660
 9568.677
 9568.695
 9568.712
 9568.730
 9568.748
 9568.765
 9568.783
 9568.800
 9568.818
 9568.836
 9568.853
 9568.871
 9568.888
 9568.906
 9568.923
 9568.941
 9568.959
 9568.976
 9568.994
 9569.011
 9569.029
 9569.047
 9569.064
 9569.082
 9569.099
 9569.117
 9569.134
 9569.152
 9569.170
 9569.187
 9569.205
 9569.222
 9569.240
 9569.258
 9569.275
 9569.293
 9569.310
 9569.328
 9569.345
 9569.363
 9569.381
 9569.398
 9569.416
 9569.433
 9569.451
 9569.469
 9569.486
 9569.504
 9569.521
 9569.539
 9569.556
 9569.574
 9569.592
 9569.609
 9569.627
 9569.644
 9569.662
 9569.680
 9569.697
 9569.715
 9569.732
 9569.750
 9569.768
 9569.785
 9569.803
 9569.820
 9569.838
 9569.855
 9569.873
 9569.891
 9569.908
 9569.926
 9569.943
 9569.961
 9569.979
 9569.996
 9570.014
 9570.031
 9570.049
 9570.066
 9570.084
 9570.102
 9570.119
 9570.137
 9570.154
 9570.172
 9570.190
 9570.207
 9570.225
 9570.242
 9570.260
 9570.277
 9570.295
 9570.313
 9570.330
 9570.348
 9570.365
 9570.383
 9570.401
 9570.418
 9570.436
 9570.453
 9570.471
 9570.488
 9570.506
 9570.524
 9570.541
 9570.559
 9570.576
 9570.594
 9570.612
 9570.629
 9570.647
 9570.664
 9570.682
 9570.699
 9570.717
 9570.735
 9570.752
 9570.770
 9570.787
 9570.805
 9570.823
 9570.840
 9570.858
 9570.875
 9570.893
 9570.910
 9570.928
 9570.946
 9570.963
 9570.981
 9570.998
 9571.016
 9571.034
 9571.051
 9571.069
 9571.086
 9571.104
 9571.121
 9571.139
 9571.157
 9571.174
 9571.192
 9571.209
 9571.227
 9571.245
 9571.262
 9571.280
 9571.297
 9571.315
 9571.332
 9571.350
 9571.368
 9571.385
 9571.403
 9571.420
 9571.438
 9571.456
 9571.473
 9571.491
 9571.508
 9571.526
 9571.543
 9571.561
 9571.579
 9571.596
 9571.614
 9571.631
 9571.649
 9571.667
 9571.684
 9571.702
 9571.719
 9571.737
 9571.754
 9571.772
 9571.790
 9571.807
 9571.825
 9571.842
 9571.860
 9571.878
 9571.895
 9571.913
 9571.930
 9571.948
 9571.965
 9571.983
 9572.001
 9572.018
 9572.036
 9572.053
 9572.071
 9572.089
 9572.106
 9572.124
 9572.141
 9572.159
 9572.176
 9572.194
 9572.212
 9572.229
 9572.247
 9572.264
 9572.282
 9572.300
 9572.317
 9572.335
 9572.352
 9572.370
 9572.387
 9572.405
 9572.423
 9572.440
 9572.458
 9572.475
 9572.493
 9572.511
 9572.528
 9572.546
 9572.563
 9572.581
 9572.599
 9572.616
 9572.634
 9572.651
 9572.669
 9572.686
 9572.704
 9572.722
 9572.739
 9572.757
 9572.774
 9572.792
 9572.810
 9572.827
 9572.845
 9572.862
 9572.880
 9572.897
 9572.915
 9572.933
 9572.950
 9572.968
 9572.985
 9573.003
 9573.021
 9573.038
 9573.056
 9573.073
 9573.091
 9573.108
 9573.126
 9573.144
 9573.161
 9573.179
 9573.196
 9573.214
 9573.232
 9573.249
 9573.267
 9573.284
 9573.302
 9573.319
 9573.337
 9573.355
 9573.372
 9573.390
 9573.407
 9573.425
 9573.443
 9573.460
 9573.478
 9573.495
 9573.513
 9573.530
 9573.548
 9573.566
 9573.583
 9573.601
 9573.618
 9573.636
 9573.654
 9573.671
 9573.689
 9573.706
 9573.724
 9573.741
 9573.759
 9573.777
 9573.794
 9573.812
 9573.829
 9573.847
 9573.865
 9573.882
 9573.900
 9573.917
 9573.935
 9573.952
 9573.970
 9573.988
 9574.005
 9574.023
 9574.040
 9574.058
 9574.076
 9574.093
 9574.111
 9574.128
 9574.146
 9574.163
 9574.181
 9574.199
 9574.216
 9574.234
 9574.251
 9574.269
 9574.287
 9574.304
 9574.322
 9574.339
 9574.357
 9574.374
 9574.392
 9574.410
 9574.427
 9574.445
 9574.462
 9574.480
 9574.498
 9574.515
 9574.533
 9574.550
 9574.568
 9574.585
 9574.603
 9574.621
 9574.638
 9574.656
 9574.673
 9574.691
 9574.709
 9574.726
 9574.744
 9574.761
 9574.779
 9574.796
 9574.814
 9574.832
 9574.849
 9574.867
 9574.884
 9574.902
 9574.920
 9574.937
 9574.955
 9574.972
 9574.990
 9575.007
 9575.025
 9575.043
 9575.060
 9575.078
 9575.095
 9575.113
 9575.131
 9575.148
 9575.166
 9575.183
 9575.201
 9575.218
 9575.236
 9575.254
 9575.271
 9575.289
 9575.306
 9575.324
 9575.342
 9575.359
 9575.377
 9575.394
 9575.412
 9575.430
 9575.447
 9575.465
 9575.482
 9575.500
 9575.517
 9575.535
 9575.553
 9575.570
 9575.588
 9575.605
 9575.623
 9575.641
 9575.658
 9575.676
 9575.693
 9575.711
 9575.728
 9575.746
 9575.764
 9575.781
 9575.799
 9575.816
 9575.834
 9575.852
 9575.869
 9575.887
 9575.904
 9575.922
 9575.939
 9575.957
 9575.975
 9575.992
 9576.010
 9576.027
 9576.045
 9576.063
 9576.080
 9576.098
 9576.115
 9576.133
 9576.150
 9576.168
 9576.186
 9576.203
 9576.221
 9576.238
 9576.256
 9576.274
 9576.291
 9576.309
 9576.326
 9576.344
 9576.361
 9576.379
 9576.397
 9576.414
 9576.432
 9576.449
 9576.467
 9576.485
 9576.502
 9576.520
 9576.537
 9576.555
 9576.572
 9576.590
 9576.608
 9576.625
 9576.643
 9576.660
 9576.678
 9576.696
 9576.713
 9576.731
 9576.748
 9576.766
 9576.783
 9576.801
 9576.819
 9576.836
 9576.854
 9576.871
 9576.889
 9576.907
 9576.924
 9576.942
 9576.959
 9576.977
 9576.994
 9577.012
 9577.030
 9577.047
 9577.065
 9577.082
 9577.100
 9577.118
 9577.135
 9577.153
 9577.170
 9577.188
 9577.205
 9577.223
 9577.241
 9577.258
 9577.276
 9577.293
 9577.311
 9577.329
 9577.346
 9577.364
 9577.381
 9577.399
 9577.416
 9577.434
 9577.452
 9577.469
 9577.487
 9577.504
 9577.522
 9577.540
 9577.557
 9577.575
 9577.592
 9577.610
 9577.627
 9577.645
 9577.663
 9577.680
 9577.698
 9577.715
 9577.733
 9577.751
 9577.768
 9577.786
 9577.803
 9577.821
 9577.838
 9577.856
 9577.874
 9577.891
 9577.909
 9577.926
 9577.944
 9577.962
 9577.979
 9577.997
 9578.014
 9578.032
 9578.049
 9578.067
 9578.085
 9578.102
 9578.120
 9578.137
 9578.155
 9578.173
 9578.190
 9578.208
 9578.225
 9578.243
 9578.261
 9578.278
 9578.296
 9578.313
 9578.331
 9578.348
 9578.366
 9578.384
 9578.401
 9578.419
 9578.436
 9578.454
 9578.472
 9578.489
 9578.507
 9578.524
 9578.542
 9578.559
 9578.577
 9578.595
 9578.612
 9578.630
 9578.647
 9578.665
 9578.683
 9578.700
 9578.718
 9578.735
 9578.753
 9578.770
 9578.788
 9578.806
 9578.823
 9578.841
 9578.858
 9578.876
 9578.894
 9578.911
 9578.929
 9578.946
 9578.964
 9578.981
 9578.999
 9579.017
 9579.034
 9579.052
 9579.069
 9579.087
 9579.105
 9579.122
 9579.140
 9579.157
 9579.175
 9579.192
 9579.210
 9579.228
 9579.245
 9579.263
 9579.280
 9579.298
 9579.316
 9579.333
 9579.351
 9579.368
 9579.386
 9579.403
 9579.421
 9579.439
 9579.456
 9579.474
 9579.491
 9579.509
 9579.527
 9579.544
 9579.562
 9579.579
 9579.597
 9579.614
 9579.632
 9579.650
 9579.667
 9579.685
 9579.702
 9579.720
 9579.738
 9579.755
 9579.773
 9579.790
 9579.808
 9579.825
 9579.843
 9579.861
 9579.878
 9579.896
 9579.913
 9579.931
 9579.949
 9579.966
 9579.984
 9580.001
 9580.019
 9580.036
 9580.054
 9580.072
 9580.089
 9580.107
 9580.124
 9580.142
 9580.160
 9580.177
 9580.195
 9580.212
 9580.230
 9580.247
 9580.265
 9580.283
 9580.300
 9580.318
 9580.335
 9580.353
 9580.371
 9580.388
 9580.406
 9580.423
 9580.441
 9580.458
 9580.476
 9580.494
 9580.511
 9580.529
 9580.546
 9580.564
 9580.582
 9580.599
 9580.617
 9580.634
 9580.652
 9580.669
 9580.687
 9580.705
 9580.722
 9580.740
 9580.757
 9580.775
 9580.793
 9580.810
 9580.828
 9580.845
 9580.863
 9580.880
 9580.898
 9580.916
 9580.933
 9580.951
 9580.968
 9580.986
 9581.004
 9581.021
 9581.039
 9581.056
 9581.074
 9581.092
 9581.109
 9581.127
 9581.144
 9581.162
 9581.179
 9581.197
 9581.215
 9581.232
 9581.250
 9581.267
 9581.285
 9581.303
 9581.320
 9581.338
 9581.355
 9581.373
 9581.390
 9581.408
 9581.426
 9581.443
 9581.461
 9581.478
 9581.496
 9581.514
 9581.531
 9581.549
 9581.566
 9581.584
 9581.601
 9581.619
 9581.637
 9581.654
 9581.672
 9581.689
 9581.707
 9581.725
 9581.742
 9581.760
 9581.777
 9581.795
 9581.812
 9581.830
 9581.848
 9581.865
 9581.883
 9581.900
 9581.918
 9581.936
 9581.953
 9581.971
 9581.988
 9582.006
 9582.023
 9582.041
 9582.059
 9582.076
 9582.094
 9582.111
 9582.129
 9582.147
 9582.164
 9582.182
 9582.199
 9582.217
 9582.234
 9582.252
 9582.270
 9582.287
 9582.305
 9582.322
 9582.340
 9582.358
 9582.375
 9582.393
 9582.410
 9582.428
 9582.445
 9582.463
 9582.481
 9582.498
 9582.516
 9582.533
 9582.551
 9582.569
 9582.586
 9582.604
 9582.621
 9582.639
 9582.656
 9582.674
 9582.692
 9582.709
 9582.727
 9582.744
 9582.762
 9582.780
 9582.797
 9582.815
 9582.832
 9582.850
 9582.867
 9582.885
 9582.903
 9582.920
 9582.938
 9582.955
 9582.973
 9582.991
 9583.008
 9583.026
 9583.043
 9583.061
 9583.078
 9583.096
 9583.114
 9583.131
 9583.149
 9583.166
 9583.184
 9583.202
 9583.219
 9583.237
 9583.254
 9583.272
 9583.289
 9583.307
 9583.325
 9583.342
 9583.360
 9583.377
 9583.395
 9583.413
 9583.430
 9583.448
 9583.465
 9583.483
 9583.500
 9583.518
 9583.536
 9583.553
 9583.571
 9583.588
 9583.606
 9583.624
 9583.641
 9583.659
 9583.676
 9583.694
 9583.711
 9583.729
 9583.747
 9583.764
 9583.782
 9583.799
 9583.817
 9583.835
 9583.852
 9583.870
 9583.887
 9583.905
 9583.923
 9583.940
 9583.958
 9583.975
 9583.993
 9584.010
 9584.028
 9584.046
 9584.063
 9584.081
 9584.098
 9584.116
 9584.134
 9584.151
 9584.169
 9584.186
 9584.204
 9584.221
 9584.239
 9584.257
 9584.274
 9584.292
 9584.309
 9584.327
 9584.345
 9584.362
 9584.380
 9584.397
 9584.415
 9584.432
 9584.450
 9584.468
 9584.485
 9584.503
 9584.520
 9584.538
 9584.556
 9584.573
 9584.591
 9584.608
 9584.626
 9584.643
 9584.661
 9584.679
 9584.696
 9584.714
 9584.731
 9584.749
 9584.767
 9584.784
 9584.802
 9584.819
 9584.837
 9584.854
 9584.872
 9584.890
 9584.907
 9584.925
 9584.942
 9584.960
 9584.978
 9584.995
 9585.013
 9585.030
 9585.048
 9585.065
 9585.083
 9585.101
 9585.118
 9585.136
 9585.153
 9585.171
 9585.189
 9585.206
 9585.224
 9585.241
 9585.259
 9585.276
 9585.294
 9585.312
 9585.329
 9585.347
 9585.364
 9585.382
 9585.400
 9585.417
 9585.435
 9585.452
 9585.470
 9585.487
 9585.505
 9585.523
 9585.540
 9585.558
 9585.575
 9585.593
 9585.611
 9585.628
 9585.646
 9585.663
 9585.681
 9585.698
 9585.716
 9585.734
 9585.751
 9585.769
 9585.786
 9585.804
 9585.822
 9585.839
 9585.857
 9585.874
 9585.892
 9585.909
 9585.927
 9585.945
 9585.962
 9585.980
 9585.997
 9586.015
 9586.033
 9586.050
 9586.068
 9586.085
 9586.103
 9586.120
 9586.138
 9586.156
 9586.173
 9586.191
 9586.208
 9586.226
 9586.244
 9586.261
 9586.279
 9586.296
 9586.314
 9586.331
 9586.349
 9586.367
 9586.384
 9586.402
 9586.419
 9586.437
 9586.455
 9586.472
 9586.490
 9586.507
 9586.525
 9586.542
 9586.560
 9586.578
 9586.595
 9586.613
 9586.630
 9586.648
 9586.666
 9586.683
 9586.701
 9586.718
 9586.736
 9586.754
 9586.771
 9586.789
 9586.806
 9586.824
 9586.841
 9586.859
 9586.877
 9586.894
 9586.912
 9586.929
 9586.947
 9586.965
 9586.982
 9587.000
 9587.017
 9587.035
 9587.052
 9587.070
 9587.088
 9587.105
 9587.123
 9587.140
 9587.158
 9587.176
 9587.193
 9587.211
 9587.228
 9587.246
 9587.263
 9587.281
 9587.299
 9587.316
 9587.334
 9587.351
 9587.369
 9587.387
 9587.404
 9587.422
 9587.439
 9587.457
 9587.474
 9587.492
 9587.510
 9587.527
 9587.545
 9587.562
 9587.580
 9587.598
 9587.615
 9587.633
 9587.650
 9587.668
 9587.685
 9587.703
 9587.721
 9587.738
 9587.756
 9587.773
 9587.791
 9587.809
 9587.826
 9587.844
 9587.861
 9587.879
 9587.896
 9587.914
 9587.932
 9587.949
 9587.967
 9587.984
 9588.002
 9588.020
 9588.037
 9588.055
 9588.072
 9588.090
 9588.107
 9588.125
 9588.143
 9588.160
 9588.178
 9588.195
 9588.213
 9588.231
 9588.248
 9588.266
 9588.283
 9588.301
 9588.318
 9588.336
 9588.354
 9588.371
 9588.389
 9588.406
 9588.424
 9588.442
 9588.459
 9588.477
 9588.494
 9588.512
 9588.529
 9588.547
 9588.565
 9588.582
 9588.600
 9588.617
 9588.635
 9588.653
 9588.670
 9588.688
 9588.705
 9588.723
 9588.740
 9588.758
 9588.776
 9588.793
 9588.811
 9588.828
 9588.846
 9588.864
 9588.881
 9588.899
 9588.916
 9588.934
 9588.951
 9588.969
 9588.987
 9589.004
 9589.022
 9589.039
 9589.057
 9589.075
 9589.092
 9589.110
 9589.127
 9589.145
 9589.162
 9589.180
 9589.198
 9589.215
 9589.233
 9589.250
 9589.268
 9589.286
 9589.303
 9589.321
 9589.338
 9589.356
 9589.373
 9589.391
 9589.409
 9589.426
 9589.444
 9589.461
 9589.479
 9589.497
 9589.514
 9589.532
 9589.549
 9589.567
 9589.585
 9589.602
 9589.620
 9589.637
 9589.655
 9589.672
 9589.690
 9589.708
 9589.725
 9589.743
 9589.760
 9589.778
 9589.796
 9589.813
 9589.831
 9589.848
 9589.866
 9589.883
 9589.901
 9589.919
 9589.936
 9589.954
 9589.971
 9589.989
 9590.007
 9590.024
 9590.042
 9590.059
 9590.077
 9590.094
 9590.112
 9590.130
 9590.147
 9590.165
 9590.182
 9590.200
 9590.218
 9590.235
 9590.253
 9590.270
 9590.288
 9590.305
 9590.323
 9590.341
 9590.358
 9590.376
 9590.393
 9590.411
 9590.429
 9590.446
 9590.464
 9590.481
 9590.499
 9590.516
 9590.534
 9590.552
 9590.569
 9590.587
 9590.604
 9590.622
 9590.640
 9590.657
 9590.675
 9590.692
 9590.710
 9590.727
 9590.745
 9590.763
 9590.780
 9590.798
 9590.815
 9590.833
 9590.851
 9590.868
 9590.886
 9590.903
 9590.921
 9590.938
 9590.956
 9590.974
 9590.991
 9591.009
 9591.026
 9591.044
 9591.062
 9591.079
 9591.097
 9591.114
 9591.132
 9591.149
 9591.167
 9591.185
 9591.202
 9591.220
 9591.237
 9591.255
 9591.273
 9591.290
 9591.308
 9591.325
 9591.343
 9591.360
 9591.378
 9591.396
 9591.413
 9591.431
 9591.448
 9591.466
 9591.484
 9591.501
 9591.519
 9591.536
 9591.554
 9591.571
 9591.589
 9591.607
 9591.624
 9591.642
 9591.659
 9591.677
 9591.695
 9591.712
 9591.730
 9591.747
 9591.765
 9591.782
 9591.800
 9591.818
 9591.835
 9591.853
 9591.870
 9591.888
 9591.906
 9591.923
 9591.941
 9591.958
 9591.976
 9591.993
 9592.011
 9592.029
 9592.046
 9592.064
 9592.081
 9592.099
 9592.117
 9592.134
 9592.152
 9592.169
 9592.187
 9592.204
 9592.222
 9592.240
 9592.257
 9592.275
 9592.292
 9592.310
 9592.328
 9592.345
 9592.363
 9592.380
 9592.398
 9592.415
 9592.433
 9592.451
 9592.468
 9592.486
 9592.503
 9592.521
 9592.539
 9592.556
 9592.574
 9592.591
 9592.609
 9592.627
 9592.644
 9592.662
 9592.679
 9592.697
 9592.714
 9592.732
 9592.750
 9592.767
 9592.785
 9592.802
 9592.820
 9592.838
 9592.855
 9592.873
 9592.890
 9592.908
 9592.925
 9592.943
 9592.961
 9592.978
 9592.996
 9593.013
 9593.031
 9593.049
 9593.066
 9593.084
 9593.101
 9593.119
 9593.136
 9593.154
 9593.172
 9593.189
 9593.207
 9593.224
 9593.242
 9593.260
 9593.277
 9593.295
 9593.312
 9593.330
 9593.347
 9593.365
 9593.383
 9593.400
 9593.418
 9593.435
 9593.453
 9593.471
 9593.488
 9593.506
 9593.523
 9593.541
 9593.558
 9593.576
 9593.594
 9593.611
 9593.629
 9593.646
 9593.664
 9593.682
 9593.699
 9593.717
 9593.734
 9593.752
 9593.769
 9593.787
 9593.805
 9593.822
 9593.840
 9593.857
 9593.875
 9593.893
 9593.910
 9593.928
 9593.945
 9593.963
 9593.980
 9593.998
 9594.016
 9594.033
 9594.051
 9594.068
 9594.086
 9594.104
 9594.121
 9594.139
 9594.156
 9594.174
 9594.191
 9594.209
 9594.227
 9594.244
 9594.262
 9594.279
 9594.297
 9594.315
 9594.332
 9594.350
 9594.367
 9594.385
 9594.402
 9594.420
 9594.438
 9594.455
 9594.473
 9594.490
 9594.508
 9594.526
 9594.543
 9594.561
 9594.578
 9594.596
 9594.613
 9594.631
 9594.649
 9594.666
 9594.684
 9594.701
 9594.719
 9594.737
 9594.754
 9594.772
 9594.789
 9594.807
 9594.824
 9594.842
 9594.860
 9594.877
 9594.895
 9594.912
 9594.930
 9594.948
 9594.965
 9594.983
 9595.000
 9595.018
 9595.035
 9595.053
 9595.071
 9595.088
 9595.106
 9595.123
 9595.141
 9595.159
 9595.176
 9595.194
 9595.211
 9595.229
 9595.246
 9595.264
 9595.282
 9595.299
 9595.317
 9595.334
 9595.352
 9595.370
 9595.387
 9595.405
 9595.422
 9595.440
 9595.458
 9595.475
 9595.493
 9595.510
 9595.528
 9595.545
 9595.563
 9595.581
 9595.598
 9595.616
 9595.633
 9595.651
 9595.669
 9595.686
 9595.704
 9595.721
 9595.739
 9595.756
 9595.774
 9595.792
 9595.809
 9595.827
 9595.844
 9595.862
 9595.880
 9595.897
 9595.915
 9595.932
 9595.950
 9595.967
 9595.985
 9596.003
 9596.020
 9596.038
 9596.055
 9596.073
 9596.091
 9596.108
 9596.126
 9596.143
 9596.161
 9596.178
 9596.196
 9596.214
 9596.231
 9596.249
 9596.266
 9596.284
 9596.302
 9596.319
 9596.337
 9596.354
 9596.372
 9596.389
 9596.407
 9596.425
 9596.442
 9596.460
 9596.477
 9596.495
 9596.513
 9596.530
 9596.548
 9596.565
 9596.583
 9596.600
 9596.618
 9596.636
 9596.653
 9596.671
 9596.688
 9596.706
 9596.724
 9596.741
 9596.759
 9596.776
 9596.794
 9596.811
 9596.829
 9596.847
 9596.864
 9596.882
 9596.899
 9596.917
 9596.935
 9596.952
 9596.970
 9596.987
 9597.005
 9597.022
 9597.040
 9597.058
 9597.075
 9597.093
 9597.110
 9597.128
 9597.146
 9597.163
 9597.181
 9597.198
 9597.216
 9597.233
 9597.251
 9597.269
 9597.286
 9597.304
 9597.321
 9597.339
 9597.357
 9597.374
 9597.392
 9597.409
 9597.427
 9597.444
 9597.462
 9597.480
 9597.497
 9597.515
 9597.532
 9597.550
 9597.568
 9597.585
 9597.603
 9597.620
 9597.638
 9597.655
 9597.673
 9597.691
 9597.708
 9597.726
 9597.743
 9597.761
 9597.779
 9597.796
 9597.814
 9597.831
 9597.849
 9597.866
 9597.884
 9597.902
 9597.919
 9597.937
 9597.954
 9597.972
 9597.990
 9598.007
 9598.025
 9598.042
 9598.060
 9598.077
 9598.095
 9598.113
 9598.130
 9598.148
 9598.165
 9598.183
 9598.201
 9598.218
 9598.236
 9598.253
 9598.271
 9598.289
 9598.306
 9598.324
 9598.341
 9598.359
 9598.376
 9598.394
 9598.412
 9598.429
 9598.447
 9598.464
 9598.482
 9598.500
 9598.517
 9598.535
 9598.552
 9598.570
 9598.587
 9598.605
 9598.623
 9598.640
 9598.658
 9598.675
 9598.693
 9598.711
 9598.728
 9598.746
 9598.763
 9598.781
 9598.798
 9598.816
 9598.834
 9598.851
 9598.869
 9598.886
 9598.904
 9598.922
 9598.939
 9598.957
 9598.974
 9598.992
 9599.009
 9599.027
 9599.045
 9599.062
 9599.080
 9599.097
 9599.115
 9599.133
 9599.150
 9599.168
 9599.185
 9599.203
 9599.220
 9599.238
 9599.256
 9599.273
 9599.291
 9599.308
 9599.326
 9599.344
 9599.361
 9599.379
 9599.396
 9599.414
 9599.431
 9599.449
 9599.467
 9599.484
 9599.502
 9599.519
 9599.537
 9599.555
 9599.572
 9599.590
 9599.607
 9599.625
 9599.642
 9599.660
 9599.678
 9599.695
 9599.713
 9599.730
 9599.748
 9599.766
 9599.783
 9599.801
 9599.818
 9599.836
 9599.853
 9599.871
 9599.889
 9599.906
 9599.924
 9599.941
 9599.959
 9599.977
 9599.994
 9600.012
 9600.029
 9600.047
 9600.064
 9600.082
 9600.100
 9600.117
 9600.135
 9600.152
 9600.170
 9600.188
 9600.205
 9600.223
 9600.240
 9600.258
 9600.275
 9600.293
 9600.311
 9600.328
 9600.346
 9600.363
 9600.381
 9600.399
 9600.416
 9600.434
 9600.451
 9600.469
 9600.486
 9600.504
 9600.522
 9600.539
 9600.557
 9600.574
 9600.592
 9600.610
 9600.627
 9600.645
 9600.662
 9600.680
 9600.697
 9600.715
 9600.733
 9600.750
 9600.768
 9600.785
 9600.803
 9600.821
 9600.838
 9600.856
 9600.873
 9600.891
 9600.908
 9600.926
 9600.944
 9600.961
 9600.979
 9600.996
 9601.014
 9601.032
 9601.049
 9601.067
 9601.084
 9601.102
 9601.120
 9601.137
 9601.155
 9601.172
 9601.190
 9601.207
 9601.225
 9601.243
 9601.260
 9601.278
 9601.295
 9601.313
 9601.331
 9601.348
 9601.366
 9601.383
 9601.401
 9601.418
 9601.436
 9601.454
 9601.471
 9601.489
 9601.506
 9601.524
 9601.542
 9601.559
 9601.577
 9601.594
 9601.612
 9601.629
 9601.647
 9601.665
 9601.682
 9601.700
 9601.717
 9601.735
 9601.753
 9601.770
 9601.788
 9601.805
 9601.823
 9601.840
 9601.858
 9601.876
 9601.893
 9601.911
 9601.928
 9601.946
 9601.964
 9601.981
 9601.999
 9602.016
 9602.034
 9602.051
 9602.069
 9602.087
 9602.104
 9602.122
 9602.139
 9602.157
 9602.175
 9602.192
 9602.210
 9602.227
 9602.245
 9602.262
 9602.280
 9602.298
 9602.315
 9602.333
 9602.350
 9602.368
 9602.386
 9602.403
 9602.421
 9602.438
 9602.456
 9602.473
 9602.491
 9602.509
 9602.526
 9602.544
 9602.561
 9602.579
 9602.597
 9602.614
 9602.632
 9602.649
 9602.667
 9602.684
 9602.702
 9602.720
 9602.737
 9602.755
 9602.772
 9602.790
 9602.808
 9602.825
 9602.843
 9602.860
 9602.878
 9602.895
 9602.913
 9602.931
 9602.948
 9602.966
 9602.983
 9603.001
 9603.019
 9603.036
 9603.054
 9603.071
 9603.089
 9603.106
 9603.124
 9603.142
 9603.159
 9603.177
 9603.194
 9603.212
 9603.230
 9603.247
 9603.265
 9603.282
 9603.300
 9603.317
 9603.335
 9603.353
 9603.370
 9603.388
 9603.405
 9603.423
 9603.441
 9603.458
 9603.476
 9603.493
 9603.511
 9603.528
 9603.546
 9603.564
 9603.581
 9603.599
 9603.616
 9603.634
 9603.652
 9603.669
 9603.687
 9603.704
 9603.722
 9603.739
 9603.757
 9603.775
 9603.792
 9603.810
 9603.827
 9603.845
 9603.863
 9603.880
 9603.898
 9603.915
 9603.933
 9603.951
 9603.968
 9603.986
 9604.003
 9604.021
 9604.038
 9604.056
 9604.074
 9604.091
 9604.109
 9604.126
 9604.144
 9604.162
 9604.179
 9604.197
 9604.214
 9604.232
 9604.249
 9604.267
 9604.285
 9604.302
 9604.320
 9604.337
 9604.355
 9604.373
 9604.390
 9604.408
 9604.425
 9604.443
 9604.460
 9604.478
 9604.496
 9604.513
 9604.531
 9604.548
 9604.566
 9604.584
 9604.601
 9604.619
 9604.636
 9604.654
 9604.671
 9604.689
 9604.707
 9604.724
 9604.742
 9604.759
 9604.777
 9604.795
 9604.812
 9604.830
 9604.847
 9604.865
 9604.882
 9604.900
 9604.918
 9604.935
 9604.953
 9604.970
 9604.988
 9605.006
 9605.023
 9605.041
 9605.058
 9605.076
 9605.093
 9605.111
 9605.129
 9605.146
 9605.164
 9605.181
 9605.199
 9605.217
 9605.234
 9605.252
 9605.269
 9605.287
 9605.304
 9605.322
 9605.340
 9605.357
 9605.375
 9605.392
 9605.410
 9605.428
 9605.445
 9605.463
 9605.480
 9605.498
 9605.515
 9605.533
 9605.551
 9605.568
 9605.586
 9605.603
 9605.621
 9605.639
 9605.656
 9605.674
 9605.691
 9605.709
 9605.726
 9605.744
 9605.762
 9605.779
 9605.797
 9605.814
 9605.832
 9605.850
 9605.867
 9605.885
 9605.902
 9605.920
 9605.937
 9605.955
 9605.973
 9605.990
 9606.008
 9606.025
 9606.043
 9606.061
 9606.078
 9606.096
 9606.113
 9606.131
 9606.148
 9606.166
 9606.184
 9606.201
 9606.219
 9606.236
 9606.254
 9606.272
 9606.289
 9606.307
 9606.324
 9606.342
 9606.359
 9606.377
 9606.395
 9606.412
 9606.430
 9606.447
 9606.465
 9606.483
 9606.500
 9606.518
 9606.535
 9606.553
 9606.570
 9606.588
 9606.606
 9606.623
 9606.641
 9606.658
 9606.676
 9606.694
 9606.711
 9606.729
 9606.746
 9606.764
 9606.782
 9606.799
 9606.817
 9606.834
 9606.852
 9606.869
 9606.887
 9606.905
 9606.922
 9606.940
 9606.957
 9606.975
 9606.993
 9607.010
 9607.028
 9607.045
 9607.063
 9607.080
 9607.098
 9607.116
 9607.133
 9607.151
 9607.168
 9607.186
 9607.204
 9607.221
 9607.239
 9607.256
 9607.274
 9607.291
 9607.309
 9607.327
 9607.344
 9607.362
 9607.379
 9607.397
 9607.415
 9607.432
 9607.450
 9607.467
 9607.485
 9607.502
 9607.520
 9607.538
 9607.555
 9607.573
 9607.590
 9607.608
 9607.626
 9607.643
 9607.661
 9607.678
 9607.696
 9607.713
 9607.731
 9607.749
 9607.766
 9607.784
 9607.801
 9607.819
 9607.837
 9607.854
 9607.872
 9607.889
 9607.907
 9607.924
 9607.942
 9607.960
 9607.977
 9607.995
 9608.012
 9608.030
 9608.048
 9608.065
 9608.083
 9608.100
 9608.118
 9608.135
 9608.153
 9608.171
 9608.188
 9608.206
 9608.223
 9608.241
 9608.259
 9608.276
 9608.294
 9608.311
 9608.329
 9608.346
 9608.364
 9608.382
 9608.399
 9608.417
 9608.434
 9608.452
 9608.470
 9608.487
 9608.505
 9608.522
 9608.540
 9608.557
 9608.575
 9608.593
 9608.610
 9608.628
 9608.645
 9608.663
 9608.681
 9608.698
 9608.716
 9608.733
 9608.751
 9608.768
 9608.786
 9608.804
 9608.821
 9608.839
 9608.856
 9608.874
 9608.892
 9608.909
 9608.927
 9608.944
 9608.962
 9608.979
 9608.997
 9609.015
 9609.032
 9609.050
 9609.067
 9609.085
 9609.103
 9609.120
 9609.138
 9609.155
 9609.173
 9609.190
 9609.208
 9609.226
 9609.243
 9609.261
 9609.278
 9609.296
 9609.314
 9609.331
 9609.349
 9609.366
 9609.384
 9609.401
 9609.419
 9609.437
 9609.454
 9609.472
 9609.489
 9609.507
 9609.525
 9609.542
 9609.560
 9609.577
 9609.595
 9609.613
 9609.630
 9609.648
 9609.665
 9609.683
 9609.700
 9609.718
 9609.736
 9609.753
 9609.771
 9609.788
 9609.806
 9609.824
 9609.841
 9609.859
 9609.876
 9609.894
 9609.911
 9609.929
 9609.947
 9609.964
 9609.982
 9609.999
 9610.017
 9610.035
 9610.052
 9610.070
 9610.087
 9610.105
 9610.122
 9610.140
 9610.158
 9610.175
 9610.193
 9610.210
 9610.228
 9610.246
 9610.263
 9610.281
 9610.298
 9610.316
 9610.333
 9610.351
 9610.369
 9610.386
 9610.404
 9610.421
 9610.439
 9610.457
 9610.474
 9610.492
 9610.509
 9610.527
 9610.544
 9610.562
 9610.580
 9610.597
 9610.615
 9610.632
 9610.650
 9610.668
 9610.685
 9610.703
 9610.720
 9610.738
 9610.755
 9610.773
 9610.791
 9610.808
 9610.826
 9610.843
 9610.861
 9610.879
 9610.896
 9610.914
 9610.931
 9610.949
 9610.966
 9610.984
 9611.002
 9611.019
 9611.037
 9611.054
 9611.072
 9611.090
 9611.107
 9611.125
 9611.142
 9611.160
 9611.177
 9611.195
 9611.213
 9611.230
 9611.248
 9611.265
 9611.283
 9611.301
 9611.318
 9611.336
 9611.353
 9611.371
 9611.388
 9611.406
 9611.424
 9611.441
 9611.459
 9611.476
 9611.494
 9611.512
 9611.529
 9611.547
 9611.564
 9611.582
 9611.599
 9611.617
 9611.635
 9611.652
 9611.670
 9611.687
 9611.705
 9611.723
 9611.740
 9611.758
 9611.775
 9611.793
 9611.810
 9611.828
 9611.846
 9611.863
 9611.881
 9611.898
 9611.916
 9611.934
 9611.951
 9611.969
 9611.986
 9612.004
 9612.021
 9612.039
 9612.057
 9612.074
 9612.092
 9612.109
 9612.127
 9612.145
 9612.162
 9612.180
 9612.197
 9612.215
 9612.232
 9612.250
 9612.268
 9612.285
 9612.303
 9612.320
 9612.338
 9612.356
 9612.373
 9612.391
 9612.408
 9612.426
 9612.444
 9612.461
 9612.479
 9612.496
 9612.514
 9612.531
 9612.549
 9612.567
 9612.584
 9612.602
 9612.619
 9612.637
 9612.655
 9612.672
 9612.690
 9612.707
 9612.725
 9612.742
 9612.760
 9612.778
 9612.795
 9612.813
 9612.830
 9612.848
 9612.866
 9612.883
 9612.901
 9612.918
 9612.936
 9612.953
 9612.971
 9612.989
 9613.006
 9613.024
 9613.041
 9613.059
 9613.077
 9613.094
 9613.112
 9613.129
 9613.147
 9613.164
 9613.182
 9613.200
 9613.217
 9613.235
 9613.252
 9613.270
 9613.288
 9613.305
 9613.323
 9613.340
 9613.358
 9613.375
 9613.393
 9613.411
 9613.428
 9613.446
 9613.463
 9613.481
 9613.499
 9613.516
 9613.534
 9613.551
 9613.569
 9613.586
 9613.604
 9613.622
 9613.639
 9613.657
 9613.674
 9613.692
 9613.710
 9613.727
 9613.745
 9613.762
 9613.780
 9613.797
 9613.815
 9613.833
 9613.850
 9613.868
 9613.885
 9613.903
 9613.921
 9613.938
 9613.956
 9613.973
 9613.991
 9614.008
 9614.026
 9614.044
 9614.061
 9614.079
 9614.096
 9614.114
 9614.132
 9614.149
 9614.167
 9614.184
 9614.202
 9614.219
 9614.237
 9614.255
 9614.272
 9614.290
 9614.307
 9614.325
 9614.343
 9614.360
 9614.378
 9614.395
 9614.413
 9614.430
 9614.448
 9614.466
 9614.483
 9614.501
 9614.518
 9614.536
 9614.554
 9614.571
 9614.589
 9614.606
 9614.624
 9614.641
 9614.659
 9614.677
 9614.694
 9614.712
 9614.729
 9614.747
 9614.765
 9614.782
 9614.800
 9614.817
 9614.835
 9614.852
 9614.870
 9614.888
 9614.905
 9614.923
 9614.940
 9614.958
 9614.976
 9614.993
 9615.011
 9615.028
 9615.046
 9615.063
 9615.081
 9615.099
 9615.116
 9615.134
 9615.151
 9615.169
 9615.187
 9615.204
 9615.222
 9615.239
 9615.257
 9615.275
 9615.292
 9615.310
 9615.327
 9615.345
 9615.362
 9615.380
 9615.398
 9615.415
 9615.433
 9615.450
 9615.468
 9615.486
 9615.503
 9615.521
 9615.538
 9615.556
 9615.573
 9615.591
 9615.609
 9615.626
 9615.644
 9615.661
 9615.679
 9615.697
 9615.714
 9615.732
 9615.749
 9615.767
 9615.784
 9615.802
 9615.820
 9615.837
 9615.855
 9615.872
 9615.890
 9615.908
 9615.925
 9615.943
 9615.960
 9615.978
 9615.995
 9616.013
 9616.031
 9616.048
 9616.066
 9616.083
 9616.101
 9616.119
 9616.136
 9616.154
 9616.171
 9616.189
 9616.206
 9616.224
 9616.242
 9616.259
 9616.277
 9616.294
 9616.312
 9616.330
 9616.347
 9616.365
 9616.382
 9616.400
 9616.417
 9616.435
 9616.453
 9616.470
 9616.488
 9616.505
 9616.523
 9616.541
 9616.558
 9616.576
 9616.593
 9616.611
 9616.628
 9616.646
 9616.664
 9616.681
 9616.699
 9616.716
 9616.734
 9616.752
 9616.769
 9616.787
 9616.804
 9616.822
 9616.839
 9616.857
 9616.875
 9616.892
 9616.910
 9616.927
 9616.945
 9616.963
 9616.980
 9616.998
 9617.015
 9617.033
 9617.050
 9617.068
 9617.086
 9617.103
 9617.121
 9617.138
 9617.156
 9617.174
 9617.191
 9617.209
 9617.226
 9617.244
 9617.261
 9617.279
 9617.297
 9617.314
 9617.332
 9617.349
 9617.367
 9617.385
 9617.402
 9617.420
 9617.437
 9617.455
 9617.472
 9617.490
 9617.508
 9617.525
 9617.543
 9617.560
 9617.578
 9617.596
 9617.613
 9617.631
 9617.648
 9617.666
 9617.683
 9617.701
 9617.719
 9617.736
 9617.754
 9617.771
 9617.789
 9617.807
 9617.824
 9617.842
 9617.859
 9617.877
 9617.894
 9617.912
 9617.930
 9617.947
 9617.965
 9617.982
 9618.000
