10111.228
10111.247
10111.266
10111.285
10111.304
10111.323
10111.341
10111.360
10111.379
10111.398
10111.417
10111.436
10111.455
10111.474
10111.492
10111.511
10111.530
10111.549
10111.568
10111.587
10111.606
10111.625
10111.644
10111.662
10111.681
10111.700
10111.719
10111.738
10111.757
10111.776
10111.795
10111.813
10111.832
10111.851
10111.870
10111.889
10111.908
10111.927
10111.946
10111.965
10111.983
10112.002
10112.021
10112.040
10112.059
10112.078
10112.097
10112.116
10112.134
10112.153
10112.172
10112.191
10112.210
10112.229
10112.248
10112.267
10112.286
10112.304
10112.323
10112.342
10112.361
10112.380
10112.399
10112.418
10112.437
10112.455
10112.474
10112.493
10112.512
10112.531
10112.550
10112.569
10112.588
10112.606
10112.625
10112.644
10112.663
10112.682
10112.701
10112.720
10112.739
10112.758
10112.776
10112.795
10112.814
10112.833
10112.852
10112.871
10112.890
10112.909
10112.927
10112.946
10112.965
10112.984
10113.003
10113.022
10113.041
10113.060
10113.079
10113.097
10113.116
10113.135
10113.154
10113.173
10113.192
10113.211
10113.230
10113.248
10113.267
10113.286
10113.305
10113.324
10113.343
10113.362
10113.381
10113.400
10113.418
10113.437
10113.456
10113.475
10113.494
10113.513
10113.532
10113.551
10113.569
10113.588
10113.607
10113.626
10113.645
10113.664
10113.683
10113.702
10113.720
10113.739
10113.758
10113.777
10113.796
10113.815
10113.834
10113.853
10113.872
10113.890
10113.909
10113.928
10113.947
10113.966
10113.985
10114.004
10114.023
10114.041
10114.060
10114.079
10114.098
10114.117
10114.136
10114.155
10114.174
10114.193
10114.211
10114.230
10114.249
10114.268
10114.287
10114.306
10114.325
10114.344
10114.362
10114.381
10114.400
10114.419
10114.438
10114.457
10114.476
10114.495
10114.513
10114.532
10114.551
10114.570
10114.589
10114.608
10114.627
10114.646
10114.665
10114.683
10114.702
10114.721
10114.740
10114.759
10114.778
10114.797
10114.816
10114.834
10114.853
10114.872
10114.891
10114.910
10114.929
10114.948
10114.967
10114.986
10115.004
10115.023
10115.042
10115.061
10115.080
10115.099
10115.118
10115.137
10115.155
10115.174
10115.193
10115.212
10115.231
10115.250
10115.269
10115.288
10115.307
10115.325
10115.344
10115.363
10115.382
10115.401
10115.420
10115.439
10115.458
10115.476
10115.495
10115.514
10115.533
10115.552
10115.571
10115.590
10115.609
10115.627
10115.646
10115.665
10115.684
10115.703
10115.722
10115.741
10115.760
10115.779
10115.797
10115.816
10115.835
10115.854
10115.873
10115.892
10115.911
10115.930
10115.948
10115.967
10115.986
10116.005
10116.024
10116.043
10116.062
10116.081
10116.100
10116.118
10116.137
10116.156
10116.175
10116.194
10116.213
10116.232
10116.251
10116.269
10116.288
10116.307
10116.326
10116.345
10116.364
10116.383
10116.402
10116.421
10116.439
10116.458
10116.477
10116.496
10116.515
10116.534
10116.553
10116.572
10116.590
10116.609
10116.628
10116.647
10116.666
10116.685
10116.704
10116.723
10116.741
10116.760
10116.779
10116.798
10116.817
10116.836
10116.855
10116.874
10116.893
10116.911
10116.930
10116.949
10116.968
10116.987
10117.006
10117.025
10117.044
10117.062
10117.081
10117.100
10117.119
10117.138
10117.157
10117.176
10117.195
10117.214
10117.232
10117.251
10117.270
10117.289
10117.308
10117.327
10117.346
10117.365
10117.383
10117.402
10117.421
10117.440
10117.459
10117.478
10117.497
10117.516
10117.534
10117.553
10117.572
10117.591
10117.610
10117.629
10117.648
10117.667
10117.686
10117.704
10117.723
10117.742
10117.761
10117.780
10117.799
10117.818
10117.837
10117.855
10117.874
10117.893
10117.912
10117.931
10117.950
10117.969
10117.988
10118.007
10118.025
10118.044
10118.063
10118.082
10118.101
10118.120
10118.139
10118.158
10118.176
10118.195
10118.214
10118.233
10118.252
10118.271
10118.290
10118.309
10118.328
10118.346
10118.365
10118.384
10118.403
10118.422
10118.441
10118.460
10118.479
10118.497
10118.516
10118.535
10118.554
10118.573
10118.592
10118.611
10118.630
10118.648
10118.667
10118.686
10118.705
10118.724
10118.743
10118.762
10118.781
10118.800
10118.818
10118.837
10118.856
10118.875
10118.894
10118.913
10118.932
10118.951
10118.969
10118.988
10119.007
10119.026
10119.045
10119.064
10119.083
10119.102
10119.121
10119.139
10119.158
10119.177
10119.196
10119.215
10119.234
10119.253
10119.272
10119.290
10119.309
10119.328
10119.347
10119.366
10119.385
10119.404
10119.423
10119.442
10119.460
10119.479
10119.498
10119.517
10119.536
10119.555
10119.574
10119.593
10119.611
10119.630
10119.649
10119.668
10119.687
10119.706
10119.725
10119.744
10119.762
10119.781
10119.800
10119.819
10119.838
10119.857
10119.876
10119.895
10119.914
10119.932
10119.951
10119.970
10119.989
10120.008
10120.027
10120.046
10120.065
10120.083
10120.102
10120.121
10120.140
10120.159
10120.178
10120.197
10120.216
10120.235
10120.253
10120.272
10120.291
10120.310
10120.329
10120.348
10120.367
10120.386
10120.404
10120.423
10120.442
10120.461
10120.480
10120.499
10120.518
10120.537
10120.555
10120.574
10120.593
10120.612
10120.631
10120.650
10120.669
10120.688
10120.707
10120.725
10120.744
10120.763
10120.782
10120.801
10120.820
10120.839
10120.858
10120.876
10120.895
10120.914
10120.933
10120.952
10120.971
10120.990
10121.009
10121.028
10121.046
10121.065
10121.084
10121.103
10121.122
10121.141
10121.160
10121.179
10121.197
10121.216
10121.235
10121.254
10121.273
10121.292
10121.311
10121.330
10121.349
10121.367
10121.386
10121.405
10121.424
10121.443
10121.462
10121.481
10121.500
10121.518
10121.537
10121.556
10121.575
10121.594
10121.613
10121.632
10121.651
10121.669
10121.688
10121.707
10121.726
10121.745
10121.764
10121.783
10121.802
10121.821
10121.839
10121.858
10121.877
10121.896
10121.915
10121.934
10121.953
10121.972
10121.990
10122.009
10122.028
10122.047
10122.066
10122.085
10122.104
10122.123
10122.142
10122.160
10122.179
10122.198
10122.217
10122.236
10122.255
10122.274
10122.293
10122.311
10122.330
10122.349
10122.368
10122.387
10122.406
10122.425
10122.444
10122.462
10122.481
10122.500
10122.519
10122.538
10122.557
10122.576
10122.595
10122.614
10122.632
10122.651
10122.670
10122.689
10122.708
10122.727
10122.746
10122.765
10122.783
10122.802
10122.821
10122.840
10122.859
10122.878
10122.897
10122.916
10122.935
10122.953
10122.972
10122.991
10123.010
10123.029
10123.048
10123.067
10123.086
10123.104
10123.123
10123.142
10123.161
10123.180
10123.199
10123.218
10123.237
10123.256
10123.274
10123.293
10123.312
10123.331
10123.350
10123.369
10123.388
10123.407
10123.425
10123.444
10123.463
10123.482
10123.501
10123.520
10123.539
10123.558
10123.576
10123.595
10123.614
10123.633
10123.652
10123.671
10123.690
10123.709
10123.728
10123.746
10123.765
10123.784
10123.803
10123.822
10123.841
10123.860
10123.879
10123.897
10123.916
10123.935
10123.954
10123.973
10123.992
10124.011
10124.030
10124.049
10124.067
10124.086
10124.105
10124.124
10124.143
10124.162
10124.181
10124.200
10124.218
10124.237
10124.256
10124.275
10124.294
10124.313
10124.332
10124.351
10124.370
10124.388
10124.407
10124.426
10124.445
10124.464
10124.483
10124.502
10124.521
10124.539
10124.558
10124.577
10124.596
10124.615
10124.634
10124.653
10124.672
10124.690
10124.709
10124.728
10124.747
10124.766
10124.785
10124.804
10124.823
10124.842
10124.860
10124.879
10124.898
10124.917
10124.936
10124.955
10124.974
10124.993
10125.011
10125.030
10125.049
10125.068
10125.087
10125.106
10125.125
10125.144
10125.163
10125.181
10125.200
10125.219
10125.238
10125.257
10125.276
10125.295
10125.314
10125.332
10125.351
10125.370
10125.389
10125.408
10125.427
10125.446
10125.465
10125.483
10125.502
10125.521
10125.540
10125.559
10125.578
10125.597
10125.616
10125.635
10125.653
10125.672
10125.691
10125.710
10125.729
10125.748
10125.767
10125.786
10125.804
10125.823
10125.842
10125.861
10125.880
10125.899
10125.918
10125.937
10125.956
10125.974
10125.993
10126.012
10126.031
10126.050
10126.069
10126.088
10126.107
10126.125
10126.144
10126.163
10126.182
10126.201
10126.220
10126.239
10126.258
10126.277
10126.295
10126.314
10126.333
10126.352
10126.371
10126.390
10126.409
10126.428
10126.446
10126.465
10126.484
10126.503
10126.522
10126.541
10126.560
10126.579
10126.597
10126.616
10126.635
10126.654
10126.673
10126.692
10126.711
10126.730
10126.749
10126.767
10126.786
10126.805
10126.824
10126.843
10126.862
10126.881
10126.900
10126.918
10126.937
10126.956
10126.975
10126.994
10127.013
10127.032
10127.051
10127.070
10127.088
10127.107
10127.126
10127.145
10127.164
10127.183
10127.202
10127.221
10127.239
10127.258
10127.277
10127.296
10127.315
10127.334
10127.353
10127.372
10127.391
10127.409
10127.428
10127.447
10127.466
10127.485
10127.504
10127.523
10127.542
10127.560
10127.579
10127.598
10127.617
10127.636
10127.655
10127.674
10127.693
10127.711
10127.730
10127.749
10127.768
10127.787
10127.806
10127.825
10127.844
10127.863
10127.881
10127.900
10127.919
10127.938
10127.957
10127.976
10127.995
10128.014
10128.032
10128.051
10128.070
10128.089
10128.108
10128.127
10128.146
10128.165
10128.184
10128.202
10128.221
10128.240
10128.259
10128.278
10128.297
10128.316
10128.335
10128.353
10128.372
10128.391
10128.410
10128.429
10128.448
10128.467
10128.486
10128.504
10128.523
10128.542
10128.561
10128.580
10128.599
10128.618
10128.637
10128.656
10128.674
10128.693
10128.712
10128.731
10128.750
10128.769
10128.788
10128.807
10128.825
10128.844
10128.863
10128.882
10128.901
10128.920
10128.939
10128.958
10128.977
10128.995
10129.014
10129.033
10129.052
10129.071
10129.090
10129.109
10129.128
10129.146
10129.165
10129.184
10129.203
10129.222
10129.241
10129.260
10129.279
10129.298
10129.316
10129.335
10129.354
10129.373
10129.392
10129.411
10129.430
10129.449
10129.467
10129.486
10129.505
10129.524
10129.543
10129.562
10129.581
10129.600
10129.618
10129.637
10129.656
10129.675
10129.694
10129.713
10129.732
10129.751
10129.770
10129.788
10129.807
10129.826
10129.845
10129.864
10129.883
10129.902
10129.921
10129.939
10129.958
10129.977
10129.996
10130.015
10130.034
10130.053
10130.072
10130.091
10130.109
10130.128
10130.147
10130.166
10130.185
10130.204
10130.223
10130.242
10130.260
10130.279
10130.298
10130.317
10130.336
10130.355
10130.374
10130.393
10130.411
10130.430
10130.449
10130.468
10130.487
10130.506
10130.525
10130.544
10130.563
10130.581
10130.600
10130.619
10130.638
10130.657
10130.676
10130.695
10130.714
10130.732
10130.751
10130.770
10130.789
10130.808
10130.827
10130.846
10130.865
10130.884
10130.902
10130.921
10130.940
10130.959
10130.978
10130.997
10131.016
10131.035
10131.053
10131.072
10131.091
10131.110
10131.129
10131.148
10131.167
10131.186
10131.205
10131.223
10131.242
10131.261
10131.280
10131.299
10131.318
10131.337
10131.356
10131.374
10131.393
10131.412
10131.431
10131.450
10131.469
10131.488
10131.507
10131.525
10131.544
10131.563
10131.582
10131.601
10131.620
10131.639
10131.658
10131.677
10131.695
10131.714
10131.733
10131.752
10131.771
10131.790
10131.809
10131.828
10131.846
10131.865
10131.884
10131.903
10131.922
10131.941
10131.960
10131.979
10131.998
10132.016
10132.035
10132.054
10132.073
10132.092
10132.111
10132.130
10132.149
10132.167
10132.186
10132.205
10132.224
10132.243
10132.262
10132.281
10132.300
10132.319
10132.337
10132.356
10132.375
10132.394
10132.413
10132.432
10132.451
10132.470
10132.488
10132.507
10132.526
10132.545
10132.564
10132.583
10132.602
10132.621
10132.639
10132.658
10132.677
10132.696
10132.715
10132.734
10132.753
10132.772
10132.791
10132.809
10132.828
10132.847
10132.866
10132.885
10132.904
10132.923
10132.942
10132.960
10132.979
10132.998
10133.017
10133.036
10133.055
10133.074
10133.093
10133.112
10133.130
10133.149
10133.168
10133.187
10133.206
10133.225
10133.244
10133.263
10133.281
10133.300
10133.319
10133.338
10133.357
10133.376
10133.395
10133.414
10133.432
10133.451
10133.470
10133.489
10133.508
10133.527
10133.546
10133.565
10133.584
10133.602
10133.621
10133.640
10133.659
10133.678
10133.697
10133.716
10133.735
10133.753
10133.772
10133.791
10133.810
10133.829
10133.848
10133.867
10133.886
10133.905
10133.923
10133.942
10133.961
10133.980
10133.999
10134.018
10134.037
10134.056
10134.074
10134.093
10134.112
10134.131
10134.150
10134.169
10134.188
10134.207
10134.226
10134.244
10134.263
10134.282
10134.301
10134.320
10134.339
10134.358
10134.377
10134.395
10134.414
10134.433
10134.452
10134.471
10134.490
10134.509
10134.528
10134.546
10134.565
10134.584
10134.603
10134.622
10134.641
10134.660
10134.679
10134.698
10134.716
10134.735
10134.754
10134.773
10134.792
10134.811
10134.830
10134.849
10134.867
10134.886
10134.905
10134.924
10134.943
10134.962
10134.981
10135.000
10135.019
10135.037
10135.056
10135.075
10135.094
10135.113
10135.132
10135.151
10135.170
10135.188
10135.207
10135.226
10135.245
10135.264
10135.283
10135.302
10135.321
10135.340
10135.358
10135.377
10135.396
10135.415
10135.434
10135.453
10135.472
10135.491
10135.509
10135.528
10135.547
10135.566
10135.585
10135.604
10135.623
10135.642
10135.660
10135.679
10135.698
10135.717
10135.736
10135.755
10135.774
10135.793
10135.812
10135.830
10135.849
10135.868
10135.887
10135.906
10135.925
10135.944
10135.963
10135.981
10136.000
10136.019
10136.038
10136.057
10136.076
10136.095
10136.114
10136.133
10136.151
10136.170
10136.189
10136.208
10136.227
10136.246
10136.265
10136.284
10136.302
10136.321
10136.340
10136.359
10136.378
10136.397
10136.416
10136.435
10136.453
10136.472
10136.491
10136.510
10136.529
10136.548
10136.567
10136.586
10136.605
10136.623
10136.642
10136.661
10136.680
10136.699
10136.718
10136.737
10136.756
10136.774
10136.793
10136.812
10136.831
10136.850
10136.869
10136.888
10136.907
10136.926
10136.944
10136.963
10136.982
10137.001
10137.020
10137.039
10137.058
10137.077
10137.095
10137.114
10137.133
10137.152
10137.171
10137.190
10137.209
10137.228
10137.247
10137.265
10137.284
10137.303
10137.322
10137.341
10137.360
10137.379
10137.398
10137.416
10137.435
10137.454
10137.473
10137.492
10137.511
10137.530
10137.549
10137.567
10137.586
10137.605
10137.624
10137.643
10137.662
10137.681
10137.700
10137.719
10137.737
10137.756
10137.775
10137.794
10137.813
10137.832
10137.851
10137.870
10137.888
10137.907
10137.926
10137.945
10137.964
10137.983
10138.002
10138.021
10138.040
10138.058
10138.077
10138.096
10138.115
10138.134
10138.153
10138.172
10138.191
10138.209
10138.228
10138.247
10138.266
10138.285
10138.304
10138.323
10138.342
10138.361
10138.379
10138.398
10138.417
10138.436
10138.455
10138.474
10138.493
10138.512
10138.530
10138.549
10138.568
10138.587
10138.606
10138.625
10138.644
10138.663
10138.681
10138.700
10138.719
10138.738
10138.757
10138.776
10138.795
10138.814
10138.833
10138.851
10138.870
10138.889
10138.908
10138.927
10138.946
10138.965
10138.984
10139.002
10139.021
10139.040
10139.059
10139.078
10139.097
10139.116
10139.135
10139.154
10139.172
10139.191
10139.210
10139.229
10139.248
10139.267
10139.286
10139.305
10139.323
10139.342
10139.361
10139.380
10139.399
10139.418
10139.437
10139.456
10139.474
10139.493
10139.512
10139.531
10139.550
10139.569
10139.588
10139.607
10139.626
10139.644
10139.663
10139.682
10139.701
10139.720
10139.739
10139.758
10139.777
10139.795
10139.814
10139.833
10139.852
10139.871
10139.890
10139.909
10139.928
10139.947
10139.965
10139.984
10140.003
10140.022
10140.041
10140.060
10140.079
10140.098
10140.116
10140.135
10140.154
10140.173
10140.192
10140.211
10140.230
10140.249
10140.268
10140.286
10140.305
10140.324
10140.343
10140.362
10140.381
10140.400
10140.419
10140.437
10140.456
10140.475
10140.494
10140.513
10140.532
10140.551
10140.570
10140.588
10140.607
10140.626
10140.645
10140.664
10140.683
10140.702
10140.721
10140.740
10140.758
10140.777
10140.796
10140.815
10140.834
10140.853
10140.872
10140.891
10140.909
10140.928
10140.947
10140.966
10140.985
10141.004
10141.023
10141.042
10141.061
10141.079
10141.098
10141.117
10141.136
10141.155
10141.174
10141.193
10141.212
10141.230
10141.249
10141.268
10141.287
10141.306
10141.325
10141.344
10141.363
10141.381
10141.400
10141.419
10141.438
10141.457
10141.476
10141.495
10141.514
10141.533
10141.551
10141.570
10141.589
10141.608
10141.627
10141.646
10141.665
10141.684
10141.702
10141.721
10141.740
10141.759
10141.778
10141.797
10141.816
10141.835
10141.854
10141.872
10141.891
10141.910
10141.929
10141.948
10141.967
10141.986
10142.005
10142.023
10142.042
10142.061
10142.080
10142.099
10142.118
10142.137
10142.156
10142.175
10142.193
10142.212
10142.231
10142.250
10142.269
10142.288
10142.307
10142.326
10142.344
10142.363
10142.382
10142.401
10142.420
10142.439
10142.458
10142.477
10142.495
10142.514
10142.533
10142.552
10142.571
10142.590
10142.609
10142.628
10142.647
10142.665
10142.684
10142.703
10142.722
10142.741
10142.760
10142.779
10142.798
10142.816
10142.835
10142.854
10142.873
10142.892
10142.911
10142.930
10142.949
10142.968
10142.986
10143.005
10143.024
10143.043
10143.062
10143.081
10143.100
10143.119
10143.137
10143.156
10143.175
10143.194
10143.213
10143.232
10143.251
10143.270
10143.289
10143.307
10143.326
10143.345
10143.364
10143.383
10143.402
10143.421
10143.440
10143.458
10143.477
10143.496
10143.515
10143.534
10143.553
10143.572
10143.591
10143.609
10143.628
10143.647
10143.666
10143.685
10143.704
10143.723
10143.742
10143.761
10143.779
10143.798
10143.817
10143.836
10143.855
10143.874
10143.893
10143.912
10143.930
10143.949
10143.968
10143.987
10144.006
10144.025
10144.044
10144.063
10144.082
10144.100
10144.119
10144.138
10144.157
10144.176
10144.195
10144.214
10144.233
10144.251
10144.270
10144.289
10144.308
10144.327
10144.346
10144.365
10144.384
10144.402
10144.421
10144.440
10144.459
10144.478
10144.497
10144.516
10144.535
10144.554
10144.572
10144.591
10144.610
10144.629
10144.648
10144.667
10144.686
10144.705
10144.723
10144.742
10144.761
10144.780
10144.799
10144.818
10144.837
10144.856
10144.875
10144.893
10144.912
10144.931
10144.950
10144.969
10144.988
10145.007
10145.026
10145.044
10145.063
10145.082
10145.101
10145.120
10145.139
10145.158
10145.177
10145.196
10145.214
10145.233
10145.252
10145.271
10145.290
10145.309
10145.328
10145.347
10145.365
10145.384
10145.403
10145.422
10145.441
10145.460
10145.479
10145.498
10145.516
10145.535
10145.554
10145.573
10145.592
10145.611
10145.630
10145.649
10145.668
10145.686
10145.705
10145.724
10145.743
10145.762
10145.781
10145.800
10145.819
10145.837
10145.856
10145.875
10145.894
10145.913
10145.932
10145.951
10145.970
10145.989
10146.007
10146.026
10146.045
10146.064
10146.083
10146.102
10146.121
10146.140
10146.158
10146.177
10146.196
10146.215
10146.234
10146.253
10146.272
10146.291
10146.310
10146.328
10146.347
10146.366
10146.385
10146.404
10146.423
10146.442
10146.461
10146.479
10146.498
10146.517
10146.536
10146.555
10146.574
10146.593
10146.612
10146.630
10146.649
10146.668
10146.687
10146.706
10146.725
10146.744
10146.763
10146.782
10146.800
10146.819
10146.838
10146.857
10146.876
10146.895
10146.914
10146.933
10146.951
10146.970
10146.989
10147.008
10147.027
10147.046
10147.065
10147.084
10147.103
10147.121
10147.140
10147.159
10147.178
10147.197
10147.216
10147.235
10147.254
10147.272
10147.291
10147.310
10147.329
10147.348
10147.367
10147.386
10147.405
10147.423
10147.442
10147.461
10147.480
10147.499
10147.518
10147.537
10147.556
10147.575
10147.593
10147.612
10147.631
10147.650
10147.669
10147.688
10147.707
10147.726
10147.744
10147.763
10147.782
10147.801
10147.820
10147.839
10147.858
10147.877
10147.896
10147.914
10147.933
10147.952
10147.971
10147.990
10148.009
10148.028
10148.047
10148.065
10148.084
10148.103
10148.122
10148.141
10148.160
10148.179
10148.198
10148.217
10148.235
10148.254
10148.273
10148.292
10148.311
10148.330
10148.349
10148.368
10148.386
10148.405
10148.424
10148.443
10148.462
10148.481
10148.500
10148.519
10148.537
10148.556
10148.575
10148.594
10148.613
10148.632
10148.651
10148.670
10148.689
10148.707
10148.726
10148.745
10148.764
10148.783
10148.802
10148.821
10148.840
10148.858
10148.877
10148.896
10148.915
10148.934
10148.953
10148.972
10148.991
10149.010
10149.028
10149.047
10149.066
10149.085
10149.104
10149.123
10149.142
10149.161
10149.179
10149.198
10149.217
10149.236
10149.255
10149.274
10149.293
10149.312
10149.330
10149.349
10149.368
10149.387
10149.406
10149.425
10149.444
10149.463
10149.482
10149.500
10149.519
10149.538
10149.557
10149.576
10149.595
10149.614
10149.633
10149.651
10149.670
10149.689
10149.708
10149.727
10149.746
10149.765
10149.784
10149.803
10149.821
10149.840
10149.859
10149.878
10149.897
10149.916
10149.935
10149.954
10149.972
10149.991
10150.010
10150.029
10150.048
10150.067
10150.086
10150.105
10150.124
10150.142
10150.161
10150.180
10150.199
10150.218
10150.237
10150.256
10150.275
10150.293
10150.312
10150.331
10150.350
10150.369
10150.388
10150.407
10150.426
10150.444
10150.463
10150.482
10150.501
10150.520
10150.539
10150.558
10150.577
10150.596
10150.614
10150.633
10150.652
10150.671
10150.690
10150.709
10150.728
10150.747
10150.765
10150.784
10150.803
10150.822
10150.841
10150.860
10150.879
10150.898
10150.917
10150.935
10150.954
10150.973
10150.992
10151.011
10151.030
10151.049
10151.068
10151.086
10151.105
10151.124
10151.143
10151.162
10151.181
10151.200
10151.219
10151.238
10151.256
10151.275
10151.294
10151.313
10151.332
10151.351
10151.370
10151.389
10151.407
10151.426
10151.445
10151.464
10151.483
10151.502
10151.521
10151.540
10151.558
10151.577
10151.596
10151.615
10151.634
10151.653
10151.672
10151.691
10151.710
10151.728
10151.747
10151.766
10151.785
10151.804
10151.823
10151.842
10151.861
10151.879
10151.898
10151.917
10151.936
10151.955
10151.974
10151.993
10152.012
10152.031
10152.049
10152.068
10152.087
10152.106
10152.125
10152.144
10152.163
10152.182
10152.200
10152.219
10152.238
10152.257
10152.276
10152.295
10152.314
10152.333
10152.351
10152.370
10152.389
10152.408
10152.427
10152.446
10152.465
10152.484
10152.503
10152.521
10152.540
10152.559
10152.578
10152.597
10152.616
10152.635
10152.654
10152.672
10152.691
10152.710
10152.729
10152.748
10152.767
10152.786
10152.805
10152.824
10152.842
10152.861
10152.880
10152.899
10152.918
10152.937
10152.956
10152.975
10152.993
10153.012
10153.031
10153.050
10153.069
10153.088
10153.107
10153.126
10153.145
10153.163
10153.182
10153.201
10153.220
10153.239
10153.258
10153.277
10153.296
10153.314
10153.333
10153.352
10153.371
10153.390
10153.409
10153.428
10153.447
10153.465
10153.484
10153.503
10153.522
10153.541
10153.560
10153.579
10153.598
10153.617
10153.635
10153.654
10153.673
10153.692
10153.711
10153.730
10153.749
10153.768
10153.786
10153.805
10153.824
10153.843
10153.862
10153.881
10153.900
10153.919
10153.938
10153.956
10153.975
10153.994
10154.013
10154.032
10154.051
10154.070
10154.089
10154.107
10154.126
10154.145
10154.164
10154.183
10154.202
10154.221
10154.240
10154.259
10154.277
10154.296
10154.315
10154.334
10154.353
10154.372
10154.391
10154.410
10154.428
10154.447
10154.466
10154.485
10154.504
10154.523
10154.542
10154.561
10154.579
10154.598
10154.617
10154.636
10154.655
10154.674
10154.693
10154.712
10154.731
10154.749
10154.768
10154.787
10154.806
10154.825
10154.844
10154.863
10154.882
10154.900
10154.919
10154.938
10154.957
10154.976
10154.995
10155.014
10155.033
10155.052
10155.070
10155.089
10155.108
10155.127
10155.146
10155.165
10155.184
10155.203
10155.221
10155.240
10155.259
10155.278
10155.297
10155.316
10155.335
10155.354
10155.372
10155.391
10155.410
10155.429
10155.448
10155.467
10155.486
10155.505
10155.524
10155.542
10155.561
10155.580
10155.599
10155.618
10155.637
10155.656
10155.675
10155.693
10155.712
10155.731
10155.750
10155.769
10155.788
10155.807
10155.826
10155.845
10155.863
10155.882
10155.901
10155.920
10155.939
10155.958
10155.977
10155.996
10156.014
10156.033
10156.052
10156.071
10156.090
10156.109
10156.128
10156.147
10156.166
10156.184
10156.203
10156.222
10156.241
10156.260
10156.279
10156.298
10156.317
10156.335
10156.354
10156.373
10156.392
10156.411
10156.430
10156.449
10156.468
10156.486
10156.505
10156.524
10156.543
10156.562
10156.581
10156.600
10156.619
10156.638
10156.656
10156.675
10156.694
10156.713
10156.732
10156.751
10156.770
10156.789
10156.807
10156.826
10156.845
10156.864
10156.883
10156.902
10156.921
10156.940
10156.959
10156.977
10156.996
10157.015
10157.034
10157.053
10157.072
10157.091
10157.110
10157.128
10157.147
10157.166
10157.185
10157.204
10157.223
10157.242
10157.261
10157.280
10157.298
10157.317
10157.336
10157.355
10157.374
10157.393
10157.412
10157.431
10157.449
10157.468
10157.487
10157.506
10157.525
10157.544
10157.563
10157.582
10157.600
10157.619
10157.638
10157.657
10157.676
10157.695
10157.714
10157.733
10157.752
10157.770
10157.789
10157.808
10157.827
10157.846
10157.865
10157.884
10157.903
10157.921
10157.940
10157.959
10157.978
10157.997
10158.016
10158.035
10158.054
10158.073
10158.091
10158.110
10158.129
10158.148
10158.167
10158.186
10158.205
10158.224
10158.242
10158.261
10158.280
10158.299
10158.318
10158.337
10158.356
10158.375
10158.393
10158.412
10158.431
10158.450
10158.469
10158.488
10158.507
10158.526
10158.545
10158.563
10158.582
10158.601
10158.620
10158.639
10158.658
10158.677
10158.696
10158.714
10158.733
10158.752
10158.771
10158.790
10158.809
10158.828
10158.847
10158.866
10158.884
10158.903
10158.922
10158.941
10158.960
10158.979
10158.998
10159.017
10159.035
10159.054
10159.073
10159.092
10159.111
10159.130
10159.149
10159.168
10159.187
10159.205
10159.224
10159.243
10159.262
10159.281
10159.300
10159.319
10159.338
10159.356
10159.375
10159.394
10159.413
10159.432
10159.451
10159.470
10159.489
10159.507
10159.526
10159.545
10159.564
10159.583
10159.602
10159.621
10159.640
10159.659
10159.677
10159.696
10159.715
10159.734
10159.753
10159.772
10159.791
10159.810
10159.828
10159.847
10159.866
10159.885
10159.904
10159.923
10159.942
10159.961
10159.980
10159.998
10160.017
10160.036
10160.055
10160.074
10160.093
10160.112
10160.131
10160.149
10160.168
10160.187
10160.206
10160.225
10160.244
10160.263
10160.282
10160.300
10160.319
10160.338
10160.357
10160.376
10160.395
10160.414
10160.433
10160.452
10160.470
10160.489
10160.508
10160.527
10160.546
10160.565
10160.584
10160.603
10160.621
10160.640
10160.659
10160.678
10160.697
10160.716
10160.735
10160.754
10160.773
10160.791
10160.810
10160.829
10160.848
10160.867
10160.886
10160.905
10160.924
10160.942
10160.961
10160.980
10160.999
10161.018
10161.037
10161.056
10161.075
10161.094
10161.112
10161.131
10161.150
10161.169
10161.188
10161.207
10161.226
10161.245
10161.263
10161.282
10161.301
10161.320
10161.339
10161.358
10161.377
10161.396
10161.414
10161.433
10161.452
10161.471
10161.490
10161.509
10161.528
10161.547
10161.566
10161.584
10161.603
10161.622
10161.641
10161.660
10161.679
10161.698
10161.717
10161.735
10161.754
10161.773
10161.792
10161.811
10161.830
10161.849
10161.868
10161.887
10161.905
10161.924
10161.943
10161.962
10161.981
10162.000
10162.019
10162.038
10162.056
10162.075
10162.094
10162.113
10162.132
10162.151
10162.170
10162.189
10162.208
10162.226
10162.245
10162.264
10162.283
10162.302
10162.321
10162.340
10162.359
10162.377
10162.396
10162.415
10162.434
10162.453
10162.472
10162.491
10162.510
10162.528
10162.547
10162.566
10162.585
10162.604
10162.623
10162.642
10162.661
10162.680
10162.698
10162.717
10162.736
10162.755
10162.774
10162.793
10162.812
10162.831
10162.849
10162.868
10162.887
10162.906
10162.925
10162.944
10162.963
10162.982
10163.001
10163.019
10163.038
10163.057
10163.076
10163.095
10163.114
10163.133
10163.152
10163.170
10163.189
10163.208
10163.227
10163.246
10163.265
10163.284
10163.303
10163.321
10163.340
10163.359
10163.378
10163.397
10163.416
10163.435
10163.454
10163.473
10163.491
10163.510
10163.529
10163.548
10163.567
10163.586
10163.605
10163.624
10163.642
10163.661
10163.680
10163.699
10163.718
10163.737
10163.756
10163.775
10163.794
10163.812
10163.831
10163.850
10163.869
10163.888
10163.907
10163.926
10163.945
10163.963
10163.982
10164.001
10164.020
10164.039
10164.058
10164.077
10164.096
10164.115
10164.133
10164.152
10164.171
10164.190
10164.209
10164.228
10164.247
10164.266
10164.284
10164.303
10164.322
10164.341
10164.360
10164.379
10164.398
10164.417
10164.435
10164.454
10164.473
10164.492
10164.511
10164.530
10164.549
10164.568
10164.587
10164.605
10164.624
10164.643
10164.662
10164.681
10164.700
10164.719
10164.738
10164.756
10164.775
10164.794
10164.813
10164.832
10164.851
10164.870
10164.889
10164.908
10164.926
10164.945
10164.964
10164.983
10165.002
10165.021
10165.040
10165.059
10165.077
10165.096
10165.115
10165.134
10165.153
10165.172
10165.191
10165.210
10165.229
10165.247
10165.266
10165.285
10165.304
10165.323
10165.342
10165.361
10165.380
10165.398
10165.417
10165.436
10165.455
10165.474
10165.493
10165.512
10165.531
10165.549
10165.568
10165.587
10165.606
10165.625
10165.644
10165.663
10165.682
10165.701
10165.719
10165.738
10165.757
10165.776
10165.795
10165.814
10165.833
10165.852
10165.870
10165.889
10165.908
10165.927
10165.946
10165.965
10165.984
10166.003
10166.022
10166.040
10166.059
10166.078
10166.097
10166.116
10166.135
10166.154
10166.173
10166.191
10166.210
10166.229
10166.248
10166.267
10166.286
10166.305
10166.324
10166.342
10166.361
10166.380
10166.399
10166.418
10166.437
10166.456
10166.475
10166.494
10166.512
10166.531
10166.550
10166.569
10166.588
10166.607
10166.626
10166.645
10166.663
10166.682
10166.701
10166.720
10166.739
10166.758
10166.777
10166.796
10166.815
10166.833
10166.852
10166.871
10166.890
10166.909
10166.928
10166.947
10166.966
10166.984
10167.003
10167.022
10167.041
10167.060
10167.079
10167.098
10167.117
10167.136
10167.154
10167.173
10167.192
10167.211
10167.230
10167.249
10167.268
10167.287
10167.305
10167.324
10167.343
10167.362
10167.381
10167.400
10167.419
10167.438
10167.456
10167.475
10167.494
10167.513
10167.532
10167.551
10167.570
10167.589
10167.608
10167.626
10167.645
10167.664
10167.683
10167.702
10167.721
10167.740
10167.759
10167.777
10167.796
10167.815
10167.834
10167.853
10167.872
10167.891
10167.910
10167.929
10167.947
10167.966
10167.985
10168.004
10168.023
10168.042
10168.061
10168.080
10168.098
10168.117
10168.136
10168.155
10168.174
10168.193
10168.212
10168.231
10168.249
10168.268
10168.287
10168.306
10168.325
10168.344
10168.363
10168.382
10168.401
10168.419
10168.438
10168.457
10168.476
10168.495
10168.514
10168.533
10168.552
10168.570
10168.589
10168.608
10168.627
10168.646
10168.665
10168.684
10168.703
10168.722
10168.740
10168.759
10168.778
10168.797
10168.816
10168.835
10168.854
10168.873
10168.891
10168.910
10168.929
10168.948
10168.967
10168.986
10169.005
10169.024
10169.043
10169.061
10169.080
10169.099
10169.118
10169.137
10169.156
10169.175
10169.194
10169.212
