 9829.305
 9829.322
 9829.340
 9829.358
 9829.376
 9829.394
 9829.412
 9829.430
 9829.448
 9829.466
 9829.484
 9829.502
 9829.519
 9829.537
 9829.555
 9829.573
 9829.591
 9829.609
 9829.627
 9829.645
 9829.663
 9829.681
 9829.698
 9829.716
 9829.734
 9829.752
 9829.770
 9829.788
 9829.806
 9829.824
 9829.842
 9829.860
 9829.878
 9829.895
 9829.913
 9829.931
 9829.949
 9829.967
 9829.985
 9830.003
 9830.021
 9830.039
 9830.057
 9830.074
 9830.092
 9830.110
 9830.128
 9830.146
 9830.164
 9830.182
 9830.200
 9830.218
 9830.236
 9830.254
 9830.271
 9830.289
 9830.307
 9830.325
 9830.343
 9830.361
 9830.379
 9830.397
 9830.415
 9830.433
 9830.450
 9830.468
 9830.486
 9830.504
 9830.522
 9830.540
 9830.558
 9830.576
 9830.594
 9830.612
 9830.630
 9830.647
 9830.665
 9830.683
 9830.701
 9830.719
 9830.737
 9830.755
 9830.773
 9830.791
 9830.809
 9830.826
 9830.844
 9830.862
 9830.880
 9830.898
 9830.916
 9830.934
 9830.952
 9830.970
 9830.988
 9831.006
 9831.023
 9831.041
 9831.059
 9831.077
 9831.095
 9831.113
 9831.131
 9831.149
 9831.167
 9831.185
 9831.202
 9831.220
 9831.238
 9831.256
 9831.274
 9831.292
 9831.310
 9831.328
 9831.346
 9831.364
 9831.382
 9831.399
 9831.417
 9831.435
 9831.453
 9831.471
 9831.489
 9831.507
 9831.525
 9831.543
 9831.561
 9831.578
 9831.596
 9831.614
 9831.632
 9831.650
 9831.668
 9831.686
 9831.704
 9831.722
 9831.740
 9831.758
 9831.775
 9831.793
 9831.811
 9831.829
 9831.847
 9831.865
 9831.883
 9831.901
 9831.919
 9831.937
 9831.954
 9831.972
 9831.990
 9832.008
 9832.026
 9832.044
 9832.062
 9832.080
 9832.098
 9832.116
 9832.134
 9832.151
 9832.169
 9832.187
 9832.205
 9832.223
 9832.241
 9832.259
 9832.277
 9832.295
 9832.313
 9832.330
 9832.348
 9832.366
 9832.384
 9832.402
 9832.420
 9832.438
 9832.456
 9832.474
 9832.492
 9832.510
 9832.527
 9832.545
 9832.563
 9832.581
 9832.599
 9832.617
 9832.635
 9832.653
 9832.671
 9832.689
 9832.706
 9832.724
 9832.742
 9832.760
 9832.778
 9832.796
 9832.814
 9832.832
 9832.850
 9832.868
 9832.886
 9832.903
 9832.921
 9832.939
 9832.957
 9832.975
 9832.993
 9833.011
 9833.029
 9833.047
 9833.065
 9833.082
 9833.100
 9833.118
 9833.136
 9833.154
 9833.172
 9833.190
 9833.208
 9833.226
 9833.244
 9833.261
 9833.279
 9833.297
 9833.315
 9833.333
 9833.351
 9833.369
 9833.387
 9833.405
 9833.423
 9833.441
 9833.458
 9833.476
 9833.494
 9833.512
 9833.530
 9833.548
 9833.566
 9833.584
 9833.602
 9833.620
 9833.637
 9833.655
 9833.673
 9833.691
 9833.709
 9833.727
 9833.745
 9833.763
 9833.781
 9833.799
 9833.817
 9833.834
 9833.852
 9833.870
 9833.888
 9833.906
 9833.924
 9833.942
 9833.960
 9833.978
 9833.996
 9834.013
 9834.031
 9834.049
 9834.067
 9834.085
 9834.103
 9834.121
 9834.139
 9834.157
 9834.175
 9834.193
 9834.210
 9834.228
 9834.246
 9834.264
 9834.282
 9834.300
 9834.318
 9834.336
 9834.354
 9834.372
 9834.389
 9834.407
 9834.425
 9834.443
 9834.461
 9834.479
 9834.497
 9834.515
 9834.533
 9834.551
 9834.569
 9834.586
 9834.604
 9834.622
 9834.640
 9834.658
 9834.676
 9834.694
 9834.712
 9834.730
 9834.748
 9834.765
 9834.783
 9834.801
 9834.819
 9834.837
 9834.855
 9834.873
 9834.891
 9834.909
 9834.927
 9834.945
 9834.962
 9834.980
 9834.998
 9835.016
 9835.034
 9835.052
 9835.070
 9835.088
 9835.106
 9835.124
 9835.141
 9835.159
 9835.177
 9835.195
 9835.213
 9835.231
 9835.249
 9835.267
 9835.285
 9835.303
 9835.321
 9835.338
 9835.356
 9835.374
 9835.392
 9835.410
 9835.428
 9835.446
 9835.464
 9835.482
 9835.500
 9835.517
 9835.535
 9835.553
 9835.571
 9835.589
 9835.607
 9835.625
 9835.643
 9835.661
 9835.679
 9835.697
 9835.714
 9835.732
 9835.750
 9835.768
 9835.786
 9835.804
 9835.822
 9835.840
 9835.858
 9835.876
 9835.893
 9835.911
 9835.929
 9835.947
 9835.965
 9835.983
 9836.001
 9836.019
 9836.037
 9836.055
 9836.073
 9836.090
 9836.108
 9836.126
 9836.144
 9836.162
 9836.180
 9836.198
 9836.216
 9836.234
 9836.252
 9836.269
 9836.287
 9836.305
 9836.323
 9836.341
 9836.359
 9836.377
 9836.395
 9836.413
 9836.431
 9836.449
 9836.466
 9836.484
 9836.502
 9836.520
 9836.538
 9836.556
 9836.574
 9836.592
 9836.610
 9836.628
 9836.645
 9836.663
 9836.681
 9836.699
 9836.717
 9836.735
 9836.753
 9836.771
 9836.789
 9836.807
 9836.825
 9836.842
 9836.860
 9836.878
 9836.896
 9836.914
 9836.932
 9836.950
 9836.968
 9836.986
 9837.004
 9837.021
 9837.039
 9837.057
 9837.075
 9837.093
 9837.111
 9837.129
 9837.147
 9837.165
 9837.183
 9837.201
 9837.218
 9837.236
 9837.254
 9837.272
 9837.290
 9837.308
 9837.326
 9837.344
 9837.362
 9837.380
 9837.397
 9837.415
 9837.433
 9837.451
 9837.469
 9837.487
 9837.505
 9837.523
 9837.541
 9837.559
 9837.577
 9837.594
 9837.612
 9837.630
 9837.648
 9837.666
 9837.684
 9837.702
 9837.720
 9837.738
 9837.756
 9837.773
 9837.791
 9837.809
 9837.827
 9837.845
 9837.863
 9837.881
 9837.899
 9837.917
 9837.935
 9837.953
 9837.970
 9837.988
 9838.006
 9838.024
 9838.042
 9838.060
 9838.078
 9838.096
 9838.114
 9838.132
 9838.149
 9838.167
 9838.185
 9838.203
 9838.221
 9838.239
 9838.257
 9838.275
 9838.293
 9838.311
 9838.329
 9838.346
 9838.364
 9838.382
 9838.400
 9838.418
 9838.436
 9838.454
 9838.472
 9838.490
 9838.508
 9838.525
 9838.543
 9838.561
 9838.579
 9838.597
 9838.615
 9838.633
 9838.651
 9838.669
 9838.687
 9838.705
 9838.722
 9838.740
 9838.758
 9838.776
 9838.794
 9838.812
 9838.830
 9838.848
 9838.866
 9838.884
 9838.901
 9838.919
 9838.937
 9838.955
 9838.973
 9838.991
 9839.009
 9839.027
 9839.045
 9839.063
 9839.081
 9839.098
 9839.116
 9839.134
 9839.152
 9839.170
 9839.188
 9839.206
 9839.224
 9839.242
 9839.260
 9839.277
 9839.295
 9839.313
 9839.331
 9839.349
 9839.367
 9839.385
 9839.403
 9839.421
 9839.439
 9839.456
 9839.474
 9839.492
 9839.510
 9839.528
 9839.546
 9839.564
 9839.582
 9839.600
 9839.618
 9839.636
 9839.653
 9839.671
 9839.689
 9839.707
 9839.725
 9839.743
 9839.761
 9839.779
 9839.797
 9839.815
 9839.832
 9839.850
 9839.868
 9839.886
 9839.904
 9839.922
 9839.940
 9839.958
 9839.976
 9839.994
 9840.012
 9840.029
 9840.047
 9840.065
 9840.083
 9840.101
 9840.119
 9840.137
 9840.155
 9840.173
 9840.191
 9840.208
 9840.226
 9840.244
 9840.262
 9840.280
 9840.298
 9840.316
 9840.334
 9840.352
 9840.370
 9840.388
 9840.405
 9840.423
 9840.441
 9840.459
 9840.477
 9840.495
 9840.513
 9840.531
 9840.549
 9840.567
 9840.584
 9840.602
 9840.620
 9840.638
 9840.656
 9840.674
 9840.692
 9840.710
 9840.728
 9840.746
 9840.764
 9840.781
 9840.799
 9840.817
 9840.835
 9840.853
 9840.871
 9840.889
 9840.907
 9840.925
 9840.943
 9840.960
 9840.978
 9840.996
 9841.014
 9841.032
 9841.050
 9841.068
 9841.086
 9841.104
 9841.122
 9841.140
 9841.157
 9841.175
 9841.193
 9841.211
 9841.229
 9841.247
 9841.265
 9841.283
 9841.301
 9841.319
 9841.336
 9841.354
 9841.372
 9841.390
 9841.408
 9841.426
 9841.444
 9841.462
 9841.480
 9841.498
 9841.516
 9841.533
 9841.551
 9841.569
 9841.587
 9841.605
 9841.623
 9841.641
 9841.659
 9841.677
 9841.695
 9841.712
 9841.730
 9841.748
 9841.766
 9841.784
 9841.802
 9841.820
 9841.838
 9841.856
 9841.874
 9841.892
 9841.909
 9841.927
 9841.945
 9841.963
 9841.981
 9841.999
 9842.017
 9842.035
 9842.053
 9842.071
 9842.088
 9842.106
 9842.124
 9842.142
 9842.160
 9842.178
 9842.196
 9842.214
 9842.232
 9842.250
 9842.268
 9842.285
 9842.303
 9842.321
 9842.339
 9842.357
 9842.375
 9842.393
 9842.411
 9842.429
 9842.447
 9842.464
 9842.482
 9842.500
 9842.518
 9842.536
 9842.554
 9842.572
 9842.590
 9842.608
 9842.626
 9842.644
 9842.661
 9842.679
 9842.697
 9842.715
 9842.733
 9842.751
 9842.769
 9842.787
 9842.805
 9842.823
 9842.840
 9842.858
 9842.876
 9842.894
 9842.912
 9842.930
 9842.948
 9842.966
 9842.984
 9843.002
 9843.020
 9843.037
 9843.055
 9843.073
 9843.091
 9843.109
 9843.127
 9843.145
 9843.163
 9843.181
 9843.199
 9843.216
 9843.234
 9843.252
 9843.270
 9843.288
 9843.306
 9843.324
 9843.342
 9843.360
 9843.378
 9843.396
 9843.413
 9843.431
 9843.449
 9843.467
 9843.485
 9843.503
 9843.521
 9843.539
 9843.557
 9843.575
 9843.592
 9843.610
 9843.628
 9843.646
 9843.664
 9843.682
 9843.700
 9843.718
 9843.736
 9843.754
 9843.772
 9843.789
 9843.807
 9843.825
 9843.843
 9843.861
 9843.879
 9843.897
 9843.915
 9843.933
 9843.951
 9843.968
 9843.986
 9844.004
 9844.022
 9844.040
 9844.058
 9844.076
 9844.094
 9844.112
 9844.130
 9844.148
 9844.165
 9844.183
 9844.201
 9844.219
 9844.237
 9844.255
 9844.273
 9844.291
 9844.309
 9844.327
 9844.344
 9844.362
 9844.380
 9844.398
 9844.416
 9844.434
 9844.452
 9844.470
 9844.488
 9844.506
 9844.524
 9844.541
 9844.559
 9844.577
 9844.595
 9844.613
 9844.631
 9844.649
 9844.667
 9844.685
 9844.703
 9844.720
 9844.738
 9844.756
 9844.774
 9844.792
 9844.810
 9844.828
 9844.846
 9844.864
 9844.882
 9844.900
 9844.917
 9844.935
 9844.953
 9844.971
 9844.989
 9845.007
 9845.025
 9845.043
 9845.061
 9845.079
 9845.096
 9845.114
 9845.132
 9845.150
 9845.168
 9845.186
 9845.204
 9845.222
 9845.240
 9845.258
 9845.276
 9845.293
 9845.311
 9845.329
 9845.347
 9845.365
 9845.383
 9845.401
 9845.419
 9845.437
 9845.455
 9845.472
 9845.490
 9845.508
 9845.526
 9845.544
 9845.562
 9845.580
 9845.598
 9845.616
 9845.634
 9845.651
 9845.669
 9845.687
 9845.705
 9845.723
 9845.741
 9845.759
 9845.777
 9845.795
 9845.813
 9845.831
 9845.848
 9845.866
 9845.884
 9845.902
 9845.920
 9845.938
 9845.956
 9845.974
 9845.992
 9846.010
 9846.027
 9846.045
 9846.063
 9846.081
 9846.099
 9846.117
 9846.135
 9846.153
 9846.171
 9846.189
 9846.207
 9846.224
 9846.242
 9846.260
 9846.278
 9846.296
 9846.314
 9846.332
 9846.350
 9846.368
 9846.386
 9846.403
 9846.421
 9846.439
 9846.457
 9846.475
 9846.493
 9846.511
 9846.529
 9846.547
 9846.565
 9846.583
 9846.600
 9846.618
 9846.636
 9846.654
 9846.672
 9846.690
 9846.708
 9846.726
 9846.744
 9846.762
 9846.779
 9846.797
 9846.815
 9846.833
 9846.851
 9846.869
 9846.887
 9846.905
 9846.923
 9846.941
 9846.959
 9846.976
 9846.994
 9847.012
 9847.030
 9847.048
 9847.066
 9847.084
 9847.102
 9847.120
 9847.138
 9847.155
 9847.173
 9847.191
 9847.209
 9847.227
 9847.245
 9847.263
 9847.281
 9847.299
 9847.317
 9847.335
 9847.352
 9847.370
 9847.388
 9847.406
 9847.424
 9847.442
 9847.460
 9847.478
 9847.496
 9847.514
 9847.531
 9847.549
 9847.567
 9847.585
 9847.603
 9847.621
 9847.639
 9847.657
 9847.675
 9847.693
 9847.711
 9847.728
 9847.746
 9847.764
 9847.782
 9847.800
 9847.818
 9847.836
 9847.854
 9847.872
 9847.890
 9847.907
 9847.925
 9847.943
 9847.961
 9847.979
 9847.997
 9848.015
 9848.033
 9848.051
 9848.069
 9848.087
 9848.104
 9848.122
 9848.140
 9848.158
 9848.176
 9848.194
 9848.212
 9848.230
 9848.248
 9848.266
 9848.283
 9848.301
 9848.319
 9848.337
 9848.355
 9848.373
 9848.391
 9848.409
 9848.427
 9848.445
 9848.463
 9848.480
 9848.498
 9848.516
 9848.534
 9848.552
 9848.570
 9848.588
 9848.606
 9848.624
 9848.642
 9848.659
 9848.677
 9848.695
 9848.713
 9848.731
 9848.749
 9848.767
 9848.785
 9848.803
 9848.821
 9848.839
 9848.856
 9848.874
 9848.892
 9848.910
 9848.928
 9848.946
 9848.964
 9848.982
 9849.000
 9849.018
 9849.035
 9849.053
 9849.071
 9849.089
 9849.107
 9849.125
 9849.143
 9849.161
 9849.179
 9849.197
 9849.215
 9849.232
 9849.250
 9849.268
 9849.286
 9849.304
 9849.322
 9849.340
 9849.358
 9849.376
 9849.394
 9849.411
 9849.429
 9849.447
 9849.465
 9849.483
 9849.501
 9849.519
 9849.537
 9849.555
 9849.573
 9849.591
 9849.608
 9849.626
 9849.644
 9849.662
 9849.680
 9849.698
 9849.716
 9849.734
 9849.752
 9849.770
 9849.787
 9849.805
 9849.823
 9849.841
 9849.859
 9849.877
 9849.895
 9849.913
 9849.931
 9849.949
 9849.967
 9849.984
 9850.002
 9850.020
 9850.038
 9850.056
 9850.074
 9850.092
 9850.110
 9850.128
 9850.146
 9850.163
 9850.181
 9850.199
 9850.217
 9850.235
 9850.253
 9850.271
 9850.289
 9850.307
 9850.325
 9850.343
 9850.360
 9850.378
 9850.396
 9850.414
 9850.432
 9850.450
 9850.468
 9850.486
 9850.504
 9850.522
 9850.539
 9850.557
 9850.575
 9850.593
 9850.611
 9850.629
 9850.647
 9850.665
 9850.683
 9850.701
 9850.719
 9850.736
 9850.754
 9850.772
 9850.790
 9850.808
 9850.826
 9850.844
 9850.862
 9850.880
 9850.898
 9850.915
 9850.933
 9850.951
 9850.969
 9850.987
 9851.005
 9851.023
 9851.041
 9851.059
 9851.077
 9851.095
 9851.112
 9851.130
 9851.148
 9851.166
 9851.184
 9851.202
 9851.220
 9851.238
 9851.256
 9851.274
 9851.291
 9851.309
 9851.327
 9851.345
 9851.363
 9851.381
 9851.399
 9851.417
 9851.435
 9851.453
 9851.471
 9851.488
 9851.506
 9851.524
 9851.542
 9851.560
 9851.578
 9851.596
 9851.614
 9851.632
 9851.650
 9851.667
 9851.685
 9851.703
 9851.721
 9851.739
 9851.757
 9851.775
 9851.793
 9851.811
 9851.829
 9851.846
 9851.864
 9851.882
 9851.900
 9851.918
 9851.936
 9851.954
 9851.972
 9851.990
 9852.008
 9852.026
 9852.043
 9852.061
 9852.079
 9852.097
 9852.115
 9852.133
 9852.151
 9852.169
 9852.187
 9852.205
 9852.222
 9852.240
 9852.258
 9852.276
 9852.294
 9852.312
 9852.330
 9852.348
 9852.366
 9852.384
 9852.402
 9852.419
 9852.437
 9852.455
 9852.473
 9852.491
 9852.509
 9852.527
 9852.545
 9852.563
 9852.581
 9852.598
 9852.616
 9852.634
 9852.652
 9852.670
 9852.688
 9852.706
 9852.724
 9852.742
 9852.760
 9852.778
 9852.795
 9852.813
 9852.831
 9852.849
 9852.867
 9852.885
 9852.903
 9852.921
 9852.939
 9852.957
 9852.974
 9852.992
 9853.010
 9853.028
 9853.046
 9853.064
 9853.082
 9853.100
 9853.118
 9853.136
 9853.154
 9853.171
 9853.189
 9853.207
 9853.225
 9853.243
 9853.261
 9853.279
 9853.297
 9853.315
 9853.333
 9853.350
 9853.368
 9853.386
 9853.404
 9853.422
 9853.440
 9853.458
 9853.476
 9853.494
 9853.512
 9853.530
 9853.547
 9853.565
 9853.583
 9853.601
 9853.619
 9853.637
 9853.655
 9853.673
 9853.691
 9853.709
 9853.726
 9853.744
 9853.762
 9853.780
 9853.798
 9853.816
 9853.834
 9853.852
 9853.870
 9853.888
 9853.906
 9853.923
 9853.941
 9853.959
 9853.977
 9853.995
 9854.013
 9854.031
 9854.049
 9854.067
 9854.085
 9854.102
 9854.120
 9854.138
 9854.156
 9854.174
 9854.192
 9854.210
 9854.228
 9854.246
 9854.264
 9854.282
 9854.299
 9854.317
 9854.335
 9854.353
 9854.371
 9854.389
 9854.407
 9854.425
 9854.443
 9854.461
 9854.478
 9854.496
 9854.514
 9854.532
 9854.550
 9854.568
 9854.586
 9854.604
 9854.622
 9854.640
 9854.658
 9854.675
 9854.693
 9854.711
 9854.729
 9854.747
 9854.765
 9854.783
 9854.801
 9854.819
 9854.837
 9854.854
 9854.872
 9854.890
 9854.908
 9854.926
 9854.944
 9854.962
 9854.980
 9854.998
 9855.016
 9855.034
 9855.051
 9855.069
 9855.087
 9855.105
 9855.123
 9855.141
 9855.159
 9855.177
 9855.195
 9855.213
 9855.230
 9855.248
 9855.266
 9855.284
 9855.302
 9855.320
 9855.338
 9855.356
 9855.374
 9855.392
 9855.410
 9855.427
 9855.445
 9855.463
 9855.481
 9855.499
 9855.517
 9855.535
 9855.553
 9855.571
 9855.589
 9855.606
 9855.624
 9855.642
 9855.660
 9855.678
 9855.696
 9855.714
 9855.732
 9855.750
 9855.768
 9855.786
 9855.803
 9855.821
 9855.839
 9855.857
 9855.875
 9855.893
 9855.911
 9855.929
 9855.947
 9855.965
 9855.982
 9856.000
 9856.018
 9856.036
 9856.054
 9856.072
 9856.090
 9856.108
 9856.126
 9856.144
 9856.162
 9856.179
 9856.197
 9856.215
 9856.233
 9856.251
 9856.269
 9856.287
 9856.305
 9856.323
 9856.341
 9856.358
 9856.376
 9856.394
 9856.412
 9856.430
 9856.448
 9856.466
 9856.484
 9856.502
 9856.520
 9856.538
 9856.555
 9856.573
 9856.591
 9856.609
 9856.627
 9856.645
 9856.663
 9856.681
 9856.699
 9856.717
 9856.734
 9856.752
 9856.770
 9856.788
 9856.806
 9856.824
 9856.842
 9856.860
 9856.878
 9856.896
 9856.914
 9856.931
 9856.949
 9856.967
 9856.985
 9857.003
 9857.021
 9857.039
 9857.057
 9857.075
 9857.093
 9857.110
 9857.128
 9857.146
 9857.164
 9857.182
 9857.200
 9857.218
 9857.236
 9857.254
 9857.272
 9857.290
 9857.307
 9857.325
 9857.343
 9857.361
 9857.379
 9857.397
 9857.415
 9857.433
 9857.451
 9857.469
 9857.486
 9857.504
 9857.522
 9857.540
 9857.558
 9857.576
 9857.594
 9857.612
 9857.630
 9857.648
 9857.666
 9857.683
 9857.701
 9857.719
 9857.737
 9857.755
 9857.773
 9857.791
 9857.809
 9857.827
 9857.845
 9857.862
 9857.880
 9857.898
 9857.916
 9857.934
 9857.952
 9857.970
 9857.988
 9858.006
 9858.024
 9858.041
 9858.059
 9858.077
 9858.095
 9858.113
 9858.131
 9858.149
 9858.167
 9858.185
 9858.203
 9858.221
 9858.238
 9858.256
 9858.274
 9858.292
 9858.310
 9858.328
 9858.346
 9858.364
 9858.382
 9858.400
 9858.417
 9858.435
 9858.453
 9858.471
 9858.489
 9858.507
 9858.525
 9858.543
 9858.561
 9858.579
 9858.597
 9858.614
 9858.632
 9858.650
 9858.668
 9858.686
 9858.704
 9858.722
 9858.740
 9858.758
 9858.776
 9858.793
 9858.811
 9858.829
 9858.847
 9858.865
 9858.883
 9858.901
 9858.919
 9858.937
 9858.955
 9858.973
 9858.990
 9859.008
 9859.026
 9859.044
 9859.062
 9859.080
 9859.098
 9859.116
 9859.134
 9859.152
 9859.169
 9859.187
 9859.205
 9859.223
 9859.241
 9859.259
 9859.277
 9859.295
 9859.313
 9859.331
 9859.349
 9859.366
 9859.384
 9859.402
 9859.420
 9859.438
 9859.456
 9859.474
 9859.492
 9859.510
 9859.528
 9859.545
 9859.563
 9859.581
 9859.599
 9859.617
 9859.635
 9859.653
 9859.671
 9859.689
 9859.707
 9859.725
 9859.742
 9859.760
 9859.778
 9859.796
 9859.814
 9859.832
 9859.850
 9859.868
 9859.886
 9859.904
 9859.921
 9859.939
 9859.957
 9859.975
 9859.993
 9860.011
 9860.029
 9860.047
 9860.065
 9860.083
 9860.101
 9860.118
 9860.136
 9860.154
 9860.172
 9860.190
 9860.208
 9860.226
 9860.244
 9860.262
 9860.280
 9860.297
 9860.315
 9860.333
 9860.351
 9860.369
 9860.387
 9860.405
 9860.423
 9860.441
 9860.459
 9860.477
 9860.494
 9860.512
 9860.530
 9860.548
 9860.566
 9860.584
 9860.602
 9860.620
 9860.638
 9860.656
 9860.673
 9860.691
 9860.709
 9860.727
 9860.745
 9860.763
 9860.781
 9860.799
 9860.817
 9860.835
 9860.853
 9860.870
 9860.888
 9860.906
 9860.924
 9860.942
 9860.960
 9860.978
 9860.996
 9861.014
 9861.032
 9861.049
 9861.067
 9861.085
 9861.103
 9861.121
 9861.139
 9861.157
 9861.175
 9861.193
 9861.211
 9861.229
 9861.246
 9861.264
 9861.282
 9861.300
 9861.318
 9861.336
 9861.354
 9861.372
 9861.390
 9861.408
 9861.425
 9861.443
 9861.461
 9861.479
 9861.497
 9861.515
 9861.533
 9861.551
 9861.569
 9861.587
 9861.605
 9861.622
 9861.640
 9861.658
 9861.676
 9861.694
 9861.712
 9861.730
 9861.748
 9861.766
 9861.784
 9861.801
 9861.819
 9861.837
 9861.855
 9861.873
 9861.891
 9861.909
 9861.927
 9861.945
 9861.963
 9861.981
 9861.998
 9862.016
 9862.034
 9862.052
 9862.070
 9862.088
 9862.106
 9862.124
 9862.142
 9862.160
 9862.177
 9862.195
 9862.213
 9862.231
 9862.249
 9862.267
 9862.285
 9862.303
 9862.321
 9862.339
 9862.357
 9862.374
 9862.392
 9862.410
 9862.428
 9862.446
 9862.464
 9862.482
 9862.500
 9862.518
 9862.536
 9862.553
 9862.571
 9862.589
 9862.607
 9862.625
 9862.643
 9862.661
 9862.679
 9862.697
 9862.715
 9862.733
 9862.750
 9862.768
 9862.786
 9862.804
 9862.822
 9862.840
 9862.858
 9862.876
 9862.894
 9862.912
 9862.929
 9862.947
 9862.965
 9862.983
 9863.001
 9863.019
 9863.037
 9863.055
 9863.073
 9863.091
 9863.109
 9863.126
 9863.144
 9863.162
 9863.180
 9863.198
 9863.216
 9863.234
 9863.252
 9863.270
 9863.288
 9863.305
 9863.323
 9863.341
 9863.359
 9863.377
 9863.395
 9863.413
 9863.431
 9863.449
 9863.467
 9863.485
 9863.502
 9863.520
 9863.538
 9863.556
 9863.574
 9863.592
 9863.610
 9863.628
 9863.646
 9863.664
 9863.681
 9863.699
 9863.717
 9863.735
 9863.753
 9863.771
 9863.789
 9863.807
 9863.825
 9863.843
 9863.860
 9863.878
 9863.896
 9863.914
 9863.932
 9863.950
 9863.968
 9863.986
 9864.004
 9864.022
 9864.040
 9864.057
 9864.075
 9864.093
 9864.111
 9864.129
 9864.147
 9864.165
 9864.183
 9864.201
 9864.219
 9864.236
 9864.254
 9864.272
 9864.290
 9864.308
 9864.326
 9864.344
 9864.362
 9864.380
 9864.398
 9864.416
 9864.433
 9864.451
 9864.469
 9864.487
 9864.505
 9864.523
 9864.541
 9864.559
 9864.577
 9864.595
 9864.612
 9864.630
 9864.648
 9864.666
 9864.684
 9864.702
 9864.720
 9864.738
 9864.756
 9864.774
 9864.792
 9864.809
 9864.827
 9864.845
 9864.863
 9864.881
 9864.899
 9864.917
 9864.935
 9864.953
 9864.971
 9864.988
 9865.006
 9865.024
 9865.042
 9865.060
 9865.078
 9865.096
 9865.114
 9865.132
 9865.150
 9865.168
 9865.185
 9865.203
 9865.221
 9865.239
 9865.257
 9865.275
 9865.293
 9865.311
 9865.329
 9865.347
 9865.364
 9865.382
 9865.400
 9865.418
 9865.436
 9865.454
 9865.472
 9865.490
 9865.508
 9865.526
 9865.544
 9865.561
 9865.579
 9865.597
 9865.615
 9865.633
 9865.651
 9865.669
 9865.687
 9865.705
 9865.723
 9865.740
 9865.758
 9865.776
 9865.794
 9865.812
 9865.830
 9865.848
 9865.866
 9865.884
 9865.902
 9865.920
 9865.937
 9865.955
 9865.973
 9865.991
 9866.009
 9866.027
 9866.045
 9866.063
 9866.081
 9866.099
 9866.116
 9866.134
 9866.152
 9866.170
 9866.188
 9866.206
 9866.224
 9866.242
 9866.260
 9866.278
 9866.296
 9866.313
 9866.331
 9866.349
 9866.367
 9866.385
 9866.403
 9866.421
 9866.439
 9866.457
 9866.475
 9866.492
 9866.510
 9866.528
 9866.546
 9866.564
 9866.582
 9866.600
 9866.618
 9866.636
 9866.654
 9866.672
 9866.689
 9866.707
 9866.725
 9866.743
 9866.761
 9866.779
 9866.797
 9866.815
 9866.833
 9866.851
 9866.868
 9866.886
 9866.904
 9866.922
 9866.940
 9866.958
 9866.976
 9866.994
 9867.012
 9867.030
 9867.048
 9867.065
 9867.083
 9867.101
 9867.119
 9867.137
 9867.155
 9867.173
 9867.191
 9867.209
 9867.227
 9867.244
 9867.262
 9867.280
 9867.298
 9867.316
 9867.334
 9867.352
 9867.370
 9867.388
 9867.406
 9867.424
 9867.441
 9867.459
 9867.477
 9867.495
 9867.513
 9867.531
 9867.549
 9867.567
 9867.585
 9867.603
 9867.620
 9867.638
 9867.656
 9867.674
 9867.692
 9867.710
 9867.728
 9867.746
 9867.764
 9867.782
 9867.800
 9867.817
 9867.835
 9867.853
 9867.871
 9867.889
 9867.907
 9867.925
 9867.943
 9867.961
 9867.979
 9867.996
 9868.014
 9868.032
 9868.050
 9868.068
 9868.086
 9868.104
 9868.122
 9868.140
 9868.158
 9868.176
 9868.193
 9868.211
 9868.229
 9868.247
 9868.265
 9868.283
 9868.301
 9868.319
 9868.337
 9868.355
 9868.372
 9868.390
 9868.408
 9868.426
 9868.444
 9868.462
 9868.480
 9868.498
 9868.516
 9868.534
 9868.552
 9868.569
 9868.587
 9868.605
 9868.623
 9868.641
 9868.659
 9868.677
 9868.695
 9868.713
 9868.731
 9868.748
 9868.766
 9868.784
 9868.802
 9868.820
 9868.838
 9868.856
 9868.874
 9868.892
 9868.910
 9868.928
 9868.945
 9868.963
 9868.981
 9868.999
 9869.017
 9869.035
 9869.053
 9869.071
 9869.089
 9869.107
 9869.124
 9869.142
 9869.160
 9869.178
 9869.196
 9869.214
 9869.232
 9869.250
 9869.268
 9869.286
 9869.304
 9869.321
 9869.339
 9869.357
 9869.375
 9869.393
 9869.411
 9869.429
 9869.447
 9869.465
 9869.483
 9869.500
 9869.518
 9869.536
 9869.554
 9869.572
 9869.590
 9869.608
 9869.626
 9869.644
 9869.662
 9869.680
 9869.697
 9869.715
 9869.733
 9869.751
 9869.769
 9869.787
 9869.805
 9869.823
 9869.841
 9869.859
 9869.876
 9869.894
 9869.912
 9869.930
 9869.948
 9869.966
 9869.984
 9870.002
 9870.020
 9870.038
 9870.055
 9870.073
 9870.091
 9870.109
 9870.127
 9870.145
 9870.163
 9870.181
 9870.199
 9870.217
 9870.235
 9870.252
 9870.270
 9870.288
 9870.306
 9870.324
 9870.342
 9870.360
 9870.378
 9870.396
 9870.414
 9870.431
 9870.449
 9870.467
 9870.485
 9870.503
 9870.521
 9870.539
 9870.557
 9870.575
 9870.593
 9870.611
 9870.628
 9870.646
 9870.664
 9870.682
 9870.700
 9870.718
 9870.736
 9870.754
 9870.772
 9870.790
 9870.807
 9870.825
 9870.843
 9870.861
 9870.879
 9870.897
 9870.915
 9870.933
 9870.951
 9870.969
 9870.987
 9871.004
 9871.022
 9871.040
 9871.058
 9871.076
 9871.094
 9871.112
 9871.130
 9871.148
 9871.166
 9871.183
 9871.201
 9871.219
 9871.237
 9871.255
 9871.273
 9871.291
 9871.309
 9871.327
 9871.345
 9871.363
 9871.380
 9871.398
 9871.416
 9871.434
 9871.452
 9871.470
 9871.488
 9871.506
 9871.524
 9871.542
 9871.559
 9871.577
 9871.595
 9871.613
 9871.631
 9871.649
 9871.667
 9871.685
 9871.703
 9871.721
 9871.739
 9871.756
 9871.774
 9871.792
 9871.810
 9871.828
 9871.846
 9871.864
 9871.882
 9871.900
 9871.918
 9871.935
 9871.953
 9871.971
 9871.989
 9872.007
 9872.025
 9872.043
 9872.061
 9872.079
 9872.097
 9872.115
 9872.132
 9872.150
 9872.168
 9872.186
 9872.204
 9872.222
 9872.240
 9872.258
 9872.276
 9872.294
 9872.311
 9872.329
 9872.347
 9872.365
 9872.383
 9872.401
 9872.419
 9872.437
 9872.455
 9872.473
 9872.491
 9872.508
 9872.526
 9872.544
 9872.562
 9872.580
 9872.598
 9872.616
 9872.634
 9872.652
 9872.670
 9872.687
 9872.705
 9872.723
 9872.741
 9872.759
 9872.777
 9872.795
 9872.813
 9872.831
 9872.849
 9872.867
 9872.884
 9872.902
 9872.920
 9872.938
 9872.956
 9872.974
 9872.992
 9873.010
 9873.028
 9873.046
 9873.063
 9873.081
 9873.099
 9873.117
 9873.135
 9873.153
 9873.171
 9873.189
 9873.207
 9873.225
 9873.243
 9873.260
 9873.278
 9873.296
 9873.314
 9873.332
 9873.350
 9873.368
 9873.386
 9873.404
 9873.422
 9873.439
 9873.457
 9873.475
 9873.493
 9873.511
 9873.529
 9873.547
 9873.565
 9873.583
 9873.601
 9873.619
 9873.636
 9873.654
 9873.672
 9873.690
 9873.708
 9873.726
 9873.744
 9873.762
 9873.780
 9873.798
 9873.815
 9873.833
 9873.851
 9873.869
 9873.887
 9873.905
 9873.923
 9873.941
 9873.959
 9873.977
 9873.995
 9874.012
 9874.030
 9874.048
 9874.066
 9874.084
 9874.102
 9874.120
 9874.138
 9874.156
 9874.174
 9874.191
 9874.209
 9874.227
 9874.245
 9874.263
 9874.281
 9874.299
 9874.317
 9874.335
 9874.353
 9874.371
 9874.388
 9874.406
 9874.424
 9874.442
 9874.460
 9874.478
 9874.496
 9874.514
 9874.532
 9874.550
 9874.567
 9874.585
 9874.603
 9874.621
 9874.639
 9874.657
 9874.675
 9874.693
 9874.711
 9874.729
 9874.747
 9874.764
 9874.782
 9874.800
 9874.818
 9874.836
 9874.854
 9874.872
 9874.890
 9874.908
 9874.926
 9874.943
 9874.961
 9874.979
 9874.997
 9875.015
 9875.033
 9875.051
 9875.069
 9875.087
 9875.105
 9875.123
 9875.140
 9875.158
 9875.176
 9875.194
 9875.212
 9875.230
 9875.248
 9875.266
 9875.284
 9875.302
 9875.319
 9875.337
 9875.355
 9875.373
 9875.391
 9875.409
 9875.427
 9875.445
 9875.463
 9875.481
 9875.499
 9875.516
 9875.534
 9875.552
 9875.570
 9875.588
 9875.606
 9875.624
 9875.642
 9875.660
 9875.678
 9875.695
 9875.713
 9875.731
 9875.749
 9875.767
 9875.785
 9875.803
 9875.821
 9875.839
 9875.857
 9875.875
 9875.892
 9875.910
 9875.928
 9875.946
 9875.964
 9875.982
 9876.000
 9876.018
 9876.036
 9876.054
 9876.071
 9876.089
 9876.107
 9876.125
 9876.143
 9876.161
 9876.179
 9876.197
 9876.215
 9876.233
 9876.250
 9876.268
 9876.286
 9876.304
 9876.322
 9876.340
 9876.358
 9876.376
 9876.394
 9876.412
 9876.430
 9876.447
 9876.465
 9876.483
 9876.501
 9876.519
 9876.537
 9876.555
 9876.573
 9876.591
 9876.609
 9876.626
 9876.644
 9876.662
 9876.680
 9876.698
 9876.716
 9876.734
 9876.752
 9876.770
 9876.788
 9876.806
 9876.823
 9876.841
 9876.859
 9876.877
 9876.895
 9876.913
 9876.931
 9876.949
 9876.967
 9876.985
 9877.002
 9877.020
 9877.038
 9877.056
 9877.074
 9877.092
 9877.110
 9877.128
 9877.146
 9877.164
 9877.182
 9877.199
 9877.217
 9877.235
 9877.253
 9877.271
 9877.289
 9877.307
 9877.325
 9877.343
 9877.361
 9877.378
 9877.396
 9877.414
 9877.432
 9877.450
 9877.468
 9877.486
 9877.504
 9877.522
 9877.540
 9877.558
 9877.575
 9877.593
 9877.611
 9877.629
 9877.647
 9877.665
 9877.683
 9877.701
 9877.719
 9877.737
 9877.754
 9877.772
 9877.790
 9877.808
 9877.826
 9877.844
 9877.862
 9877.880
 9877.898
 9877.916
 9877.934
 9877.951
 9877.969
 9877.987
 9878.005
 9878.023
 9878.041
 9878.059
 9878.077
 9878.095
 9878.113
 9878.130
 9878.148
 9878.166
 9878.184
 9878.202
 9878.220
 9878.238
 9878.256
 9878.274
 9878.292
 9878.310
 9878.327
 9878.345
 9878.363
 9878.381
 9878.399
 9878.417
 9878.435
 9878.453
 9878.471
 9878.489
 9878.506
 9878.524
 9878.542
 9878.560
 9878.578
 9878.596
 9878.614
 9878.632
 9878.650
 9878.668
 9878.686
 9878.703
 9878.721
 9878.739
 9878.757
 9878.775
 9878.793
 9878.811
 9878.829
 9878.847
 9878.865
 9878.882
 9878.900
 9878.918
 9878.936
 9878.954
 9878.972
 9878.990
 9879.008
 9879.026
 9879.044
 9879.062
 9879.079
 9879.097
 9879.115
 9879.133
 9879.151
 9879.169
 9879.187
 9879.205
 9879.223
 9879.241
 9879.258
 9879.276
 9879.294
 9879.312
 9879.330
 9879.348
 9879.366
 9879.384
 9879.402
 9879.420
 9879.438
 9879.455
 9879.473
 9879.491
 9879.509
 9879.527
 9879.545
 9879.563
 9879.581
 9879.599
 9879.617
 9879.634
 9879.652
 9879.670
 9879.688
 9879.706
 9879.724
 9879.742
 9879.760
 9879.778
 9879.796
 9879.814
 9879.831
 9879.849
 9879.867
 9879.885
 9879.903
 9879.921
 9879.939
 9879.957
 9879.975
 9879.993
 9880.010
 9880.028
 9880.046
 9880.064
 9880.082
 9880.100
 9880.118
 9880.136
 9880.154
 9880.172
 9880.190
 9880.207
 9880.225
 9880.243
 9880.261
 9880.279
 9880.297
 9880.315
 9880.333
 9880.351
 9880.369
 9880.386
 9880.404
 9880.422
 9880.440
 9880.458
 9880.476
 9880.494
 9880.512
 9880.530
 9880.548
 9880.566
 9880.583
 9880.601
 9880.619
 9880.637
 9880.655
 9880.673
 9880.691
 9880.709
 9880.727
 9880.745
 9880.762
 9880.780
 9880.798
 9880.816
 9880.834
 9880.852
 9880.870
 9880.888
 9880.906
 9880.924
 9880.942
 9880.959
 9880.977
 9880.995
 9881.013
 9881.031
 9881.049
 9881.067
 9881.085
 9881.103
 9881.121
 9881.138
 9881.156
 9881.174
 9881.192
 9881.210
 9881.228
 9881.246
 9881.264
 9881.282
 9881.300
 9881.318
 9881.335
 9881.353
 9881.371
 9881.389
 9881.407
 9881.425
 9881.443
 9881.461
 9881.479
 9881.497
 9881.514
 9881.532
 9881.550
 9881.568
 9881.586
 9881.604
 9881.622
 9881.640
 9881.658
 9881.676
 9881.694
 9881.711
 9881.729
 9881.747
 9881.765
 9881.783
 9881.801
 9881.819
 9881.837
 9881.855
 9881.873
 9881.890
 9881.908
 9881.926
 9881.944
 9881.962
 9881.980
 9881.998
 9882.016
 9882.034
 9882.052
 9882.070
 9882.087
 9882.105
 9882.123
 9882.141
 9882.159
 9882.177
 9882.195
 9882.213
 9882.231
 9882.249
 9882.266
 9882.284
 9882.302
 9882.320
 9882.338
 9882.356
 9882.374
 9882.392
 9882.410
 9882.428
 9882.445
 9882.463
 9882.481
 9882.499
 9882.517
 9882.535
 9882.553
 9882.571
 9882.589
 9882.607
 9882.625
 9882.642
 9882.660
 9882.678
 9882.696
 9882.714
 9882.732
 9882.750
 9882.768
 9882.786
 9882.804
 9882.821
 9882.839
 9882.857
 9882.875
 9882.893
 9882.911
 9882.929
 9882.947
 9882.965
 9882.983
 9883.001
 9883.018
 9883.036
 9883.054
 9883.072
 9883.090
 9883.108
 9883.126
 9883.144
 9883.162
 9883.180
 9883.197
 9883.215
 9883.233
 9883.251
 9883.269
 9883.287
 9883.305
 9883.323
 9883.341
 9883.359
 9883.377
 9883.394
 9883.412
 9883.430
 9883.448
 9883.466
 9883.484
 9883.502
 9883.520
 9883.538
 9883.556
 9883.573
 9883.591
 9883.609
 9883.627
 9883.645
 9883.663
 9883.681
 9883.699
 9883.717
 9883.735
 9883.753
 9883.770
 9883.788
 9883.806
 9883.824
 9883.842
 9883.860
 9883.878
 9883.896
 9883.914
 9883.932
 9883.949
 9883.967
 9883.985
 9884.003
 9884.021
 9884.039
 9884.057
 9884.075
 9884.093
 9884.111
 9884.129
 9884.146
 9884.164
 9884.182
 9884.200
 9884.218
 9884.236
 9884.254
 9884.272
 9884.290
