11771.778   0.954248
11771.875   0.954121
11771.973   0.950528
11772.071   0.940731
11772.168   0.919882
11772.266   0.883883
11772.364   0.833430
11772.461   0.776317
11772.559   0.726246
11772.657   0.697759
11772.754   0.698432
11772.852   0.725866
11772.950   0.770203
11773.047   0.817865
11773.145   0.858101
11773.243   0.886685
11773.340   0.904215
11773.438   0.913740
11773.536   0.917144
11773.633   0.912792
11773.731   0.896390
11773.829   0.863347
11773.926   0.813200
11774.024   0.752491
11774.122   0.693729
11774.219   0.652831
11774.317   0.642533
11774.414   0.665853
11774.512   0.716135
11774.610   0.779126
11774.707   0.838966
11774.805   0.885452
11774.903   0.914097
11775.000   0.924863
11775.098   0.920856
11775.196   0.905889
11775.293   0.885125
11775.391   0.865762
11775.489   0.854876
11775.586   0.856658
11775.684   0.871495
11775.782   0.895631
11775.879   0.922528
11775.977   0.946626
11776.075   0.964918
11776.172   0.977016
11776.270   0.984524
11776.368   0.989229
11776.465   0.992158
11776.563   0.993691
11776.661   0.994136
11776.758   0.994092
11776.856   0.994288
11776.954   0.995033
11777.051   0.996216
11777.149   0.997615
11777.247   0.998609
11777.344   0.998780
11777.442   0.998525
11777.540   0.998345
11777.637   0.998428
11777.735   0.998791
11777.833   0.999208
11777.930   0.999325
11778.028   0.999039
11778.126   0.998541
11778.223   0.998119
11778.321   0.998066
11778.419   0.998414
11778.516   0.998843
11778.614   0.999070
11778.712   0.999028
11778.809   0.998689
11778.907   0.998114
11779.005   0.997669
11779.102   0.997696
11779.200   0.998078
11779.298   0.998445
11779.395   0.998461
11779.493   0.997925
11779.591   0.996789
11779.688   0.995054
11779.786   0.992708
11779.884   0.989541
11779.981   0.984918
11780.079   0.977182
11780.177   0.963312
11780.274   0.939606
11780.372   0.902957
11780.470   0.854118
11780.567   0.800454
11780.665   0.753949
11780.762   0.727062
11780.860   0.728212
11780.958   0.756892
11781.055   0.804101
11781.153   0.857240
11781.251   0.904530
11781.348   0.939773
11781.446   0.962708
11781.544   0.975991
11781.641   0.983308
11781.739   0.987376
11781.837   0.989530
11781.934   0.990481
11782.032   0.990879
11782.130   0.991468
11782.227   0.992449
11782.325   0.993388
11782.423   0.993880
11782.520   0.993901
11782.618   0.993408
11782.716   0.992009
11782.813   0.989059
11782.911   0.983855
11783.009   0.976346
11783.106   0.967641
11783.204   0.959701
11783.302   0.954732
11783.399   0.954322
11783.497   0.958705
11783.595   0.966571
11783.692   0.975648
11783.790   0.984044
11783.888   0.990822
11783.985   0.995514
11784.083   0.998021
11784.181   0.998921
11784.278   0.999056
11784.376   0.998830
11784.474   0.998309
11784.571   0.997624
11784.669   0.997066
11784.767   0.996938
11784.864   0.997432
11784.962   0.998528
11785.060   0.999874
11785.157   1.001001
11785.255   1.001570
11785.353   1.001485
11785.450   1.001045
11785.548   1.000643
11785.646   1.000402
11785.743   1.000298
11785.841   1.000225
11785.939   1.000074
11786.036   0.999938
11786.134   0.999896
11786.232   0.999853
11786.329   0.999761
11786.427   0.999628
11786.525   0.999537
11786.622   0.999660
11786.720   0.999923
11786.818   1.000020
11786.915   0.999898
11787.013   0.999697
11787.110   0.999448
11787.208   0.999312
11787.306   0.999437
11787.403   0.999693
11787.501   1.000014
11787.599   1.000334
11787.696   1.000468
11787.794   1.000465
11787.892   1.000490
11787.989   1.000543
11788.087   1.000642
11788.185   1.000739
11788.282   1.000650
11788.380   1.000426
11788.478   1.000338
11788.575   1.000454
11788.673   1.000577
11788.771   1.000400
11788.868   0.999533
11788.966   0.997857
11789.064   0.995846
11789.161   0.994180
11789.259   0.993272
11789.357   0.993123
11789.454   0.993415
11789.552   0.993917
11789.650   0.994641
11789.747   0.995510
11789.845   0.996341
11789.943   0.997019
11790.040   0.997420
11790.138   0.997528
11790.236   0.997491
11790.333   0.997404
11790.431   0.997290
11790.529   0.997066
11790.626   0.996892
11790.724   0.995978
11790.822   0.994501
11790.919   0.992518
11791.017   0.990319
11791.115   0.988246
11791.212   0.986455
11791.310   0.984763
11791.408   0.982314
11791.505   0.978121
11791.603   0.971592
11791.701   0.961584
11791.798   0.945193
11791.896   0.917851
11791.994   0.875301
11792.091   0.816377
11792.189   0.746263
11792.287   0.677980
11792.384   0.628801
11792.482   0.612543
11792.580   0.633979
11792.677   0.686983
11792.775   0.756373
11792.873   0.825812
11792.970   0.883622
11793.068   0.924602
11793.166   0.950171
11793.263   0.964709
11793.361   0.972622
11793.458   0.977227
11793.556   0.980053
11793.654   0.981499
11793.751   0.981518
11793.849   0.980002
11793.947   0.977064
11794.044   0.972768
11794.142   0.966377
11794.240   0.955752
11794.337   0.937954
11794.435   0.910917
11794.533   0.875813
11794.630   0.838877
11794.728   0.809842
11794.826   0.797605
11794.923   0.806185
11795.021   0.833270
11795.119   0.871169
11795.216   0.909969
11795.314   0.942352
11795.412   0.964998
11795.509   0.978231
11795.607   0.985017
11795.705   0.988193
11795.802   0.989707
11795.900   0.990611
11795.998   0.991222
11796.095   0.991824
11796.193   0.992613
11796.291   0.993564
11796.388   0.994474
11796.486   0.995126
11796.584   0.995384
11796.681   0.995013
11796.779   0.993664
11796.877   0.991115
11796.974   0.987125
11797.072   0.981413
11797.170   0.974401
11797.267   0.967387
11797.365   0.962183
11797.463   0.960468
11797.560   0.962793
11797.658   0.968477
11797.756   0.976047
11797.853   0.983816
11797.951   0.990345
11798.049   0.994834
11798.146   0.997425
11798.244   0.998594
11798.342   0.998896
11798.439   0.999041
11798.537   0.999333
11798.635   0.999769
11798.732   1.000307
11798.830   1.000663
11798.928   1.000706
11799.025   1.000625
11799.123   1.000627
11799.221   1.000983
11799.318   1.001600
11799.416   1.001860
11799.514   1.001591
11799.611   1.001231
11799.709   1.001032
11799.806   1.000974
11799.904   1.000991
11800.002   1.000893
11800.099   1.000445
11800.197   0.999543
11800.295   0.998270
11800.392   0.996655
11800.490   0.994243
11800.588   0.990298
11800.685   0.984753
11800.783   0.978639
11800.881   0.973601
11800.978   0.971399
11801.076   0.972812
11801.174   0.976871
11801.271   0.981882
11801.369   0.981229
11801.467   0.983671
11801.564   0.985906
11801.662   0.986983
11801.760   0.988199
11801.857   0.990189
11801.955   0.992906
11802.053   0.995895
11802.150   0.998364
11802.248   0.999801
11802.346   1.000346
11802.443   1.000433
11802.541   1.000638
11802.639   1.001428
11802.736   1.002523
11802.834   1.003190
11802.932   1.003186
11803.029   1.002763
11803.127   1.002044
11803.225   1.000901
11803.322   0.999107
11803.420   0.996478
11803.518   0.993192
11803.615   0.989699
11803.713   0.986376
11803.811   0.983556
11803.908   0.981685
11804.006   0.981316
11804.104   0.982559
11804.201   0.984667
11804.299   0.986543
11804.397   0.987109
11804.494   0.985461
11804.592   0.981306
11804.690   0.975666
11804.787   0.970854
11804.885   0.968584
11804.983   0.968891
11805.080   0.970357
11805.178   0.970096
11805.276   0.965315
11805.373   0.954904
11805.471   0.939545
11805.569   0.921572
11805.666   0.904139
11805.764   0.890847
11805.862   0.884726
11805.959   0.887478
11806.057   0.899220
11806.154   0.917459
11806.252   0.938463
11806.350   0.958386
11806.447   0.974228
11806.545   0.985185
11806.643   0.991903
11806.740   0.995627
11806.838   0.997622
11806.936   0.998796
11807.033   0.999689
11807.131   1.000579
11807.229   1.001581
11807.326   1.002597
11807.424   1.003484
11807.522   1.004037
11807.619   1.004087
11807.717   1.003877
11807.815   1.003599
11807.912   1.002903
11808.010   1.001290
11808.108   0.998627
11808.205   0.995446
11808.303   0.993002
11808.401   0.992575
11808.498   0.994239
11808.596   0.996877
11808.694   0.999270
11808.791   1.000566
11808.889   1.000653
11808.987   1.000061
11809.084   0.999027
11809.182   0.997323
11809.280   0.994386
11809.377   0.989089
11809.475   0.979664
11809.573   0.963164
11809.670   0.936251
11809.768   0.897422
11809.866   0.849535
11809.963   0.801864
11810.061   0.766790
11810.159   0.754933
11810.256   0.770262
11810.354   0.807148
11810.452   0.854444
11810.549   0.899530
11810.647   0.933692
11810.745   0.955130
11810.842   0.966423
11810.940   0.972397
11811.038   0.976905
11811.135   0.981448
11811.233   0.985972
11811.331   0.989466
11811.428   0.991069
11811.526   0.990594
11811.624   0.988522
11811.721   0.986075
11811.819   0.984381
11811.917   0.983749
11812.014   0.983769
11812.112   0.983000
11812.210   0.979573
11812.307   0.972536
11812.405   0.962222
11812.502   0.950730
11812.600   0.941438
11812.698   0.937290
11812.795   0.939740
11812.893   0.948233
11812.991   0.960454
11813.088   0.972912
11813.186   0.982305
11813.284   0.987404
11813.381   0.988934
11813.479   0.988361
11813.577   0.987068
11813.674   0.985480
11813.772   0.983176
11813.870   0.979709
11813.967   0.974837
11814.065   0.968120
11814.163   0.958337
11814.260   0.943020
11814.358   0.917852
11814.456   0.877542
11814.553   0.817815
11814.651   0.738085
11814.749   0.644083
11814.846   0.546456
11814.944   0.457333
11815.042   0.385293
11815.139   0.333338
11815.237   0.301858
11815.335   0.292029
11815.432   0.307987
11815.530   0.354401
11815.628   0.431367
11815.725   0.530936
11815.823   0.639007
11815.921   0.739307
11816.018   0.820016
11816.116   0.877469
11816.214   0.913719
11816.311   0.934248
11816.409   0.944429
11816.507   0.948030
11816.604   0.947774
11816.702   0.945905
11816.800   0.944352
11816.897   0.944240
11816.995   0.945769
11817.093   0.947930
11817.190   0.948661
11817.288   0.945028
11817.386   0.934082
11817.483   0.914419
11817.581   0.886821
11817.679   0.855248
11817.776   0.826110
11817.874   0.804676
11817.972   0.792113
11818.069   0.783171
11818.167   0.766755
11818.265   0.731654
11818.362   0.672961
11818.460   0.597332
11818.558   0.523378
11818.655   0.474139
11818.753   0.467771
11818.850   0.508938
11818.948   0.586789
11819.046   0.681745
11819.143   0.772834
11819.241   0.846417
11819.339   0.898823
11819.436   0.932367
11819.534   0.952678
11819.632   0.965045
11819.729   0.973008
11819.827   0.978620
11819.925   0.982677
11820.022   0.985621
11820.120   0.987894
11820.218   0.989674
11820.315   0.991029
11820.413   0.992260
11820.511   0.993582
11820.608   0.995156
11820.706   0.997145
11820.804   0.999329
11820.901   1.001282
11820.999   1.002697
11821.097   1.003263
11821.194   1.002963
11821.292   1.002121
11821.390   1.000946
11821.487   0.999563
11821.585   0.997940
11821.683   0.995658
11821.780   0.991974
11821.878   0.985484
11821.976   0.974409
11822.073   0.957978
11822.171   0.937237
11822.269   0.915680
11822.366   0.898365
11822.464   0.889734
11822.562   0.891888
11822.659   0.903321
11822.757   0.920026
11822.855   0.937292
11822.952   0.950956
11823.050   0.958506
11823.148   0.958306
11823.245   0.948911
11823.343   0.929768
11823.441   0.902999
11823.538   0.874441
11823.636   0.852017
11823.734   0.843402
11823.831   0.852121
11823.929   0.875436
11824.027   0.906756
11824.124   0.938022
11824.222   0.963121
11824.320   0.979592
11824.417   0.987613
11824.515   0.989150
11824.613   0.986405
11824.710   0.981312
11824.808   0.975784
11824.906   0.971980
11825.003   0.971607
11825.101   0.975024
11825.198   0.981294
11825.296   0.988387
11825.394   0.994479
11825.491   0.998643
11825.589   1.000826
11825.687   1.001840
11825.784   1.002414
11825.882   1.002919
11825.980   1.003520
11826.077   1.004053
11826.175   1.004339
11826.273   1.004210
11826.370   1.003560
11826.468   1.002636
11826.566   1.001699
11826.663   1.000716
11826.761   0.999335
11826.859   0.996814
11826.956   0.992487
11827.054   0.986417
11827.152   0.979297
11827.249   0.972269
11827.347   0.966777
11827.445   0.964033
11827.542   0.964666
11827.640   0.968683
11827.738   0.975232
11827.835   0.982895
11827.933   0.990478
11828.031   0.996669
11828.128   1.000267
11828.226   1.001590
11828.324   1.001774
11828.421   1.001368
11828.519   1.000647
11828.617   0.999726
11828.714   0.998516
11828.812   0.997301
11828.910   0.996661
11829.007   0.996811
11829.105   0.997480
11829.203   0.998177
11829.300   0.998393
11829.398   0.997871
11829.496   0.996642
11829.593   0.995129
11829.691   0.994142
11829.789   0.993920
11829.886   0.993995
11829.984   0.994330
11830.082   0.995289
11830.179   0.997019
11830.277   0.999489
11830.375   1.002325
11830.472   1.004697
11830.570   1.005982
11830.668   1.006137
11830.765   1.005567
11830.863   1.004917
11830.961   1.004521
11831.058   1.004232
11831.156   1.003862
11831.254   1.003474
11831.351   1.003143
11831.449   1.002732
11831.546   1.002260
11831.644   1.001975
11831.742   1.001917
11831.839   1.001903
11831.937   1.001724
11832.035   1.001060
11832.132   0.999736
11832.230   0.997910
11832.328   0.995517
11832.425   0.991800
11832.523   0.985457
11832.621   0.975195
11832.718   0.960747
11832.816   0.944192
11832.914   0.929617
11833.011   0.921272
11833.109   0.922174
11833.207   0.932275
11833.304   0.948134
11833.402   0.965242
11833.500   0.979625
11833.597   0.989193
11833.695   0.994096
11833.793   0.995378
11833.890   0.994397
11833.988   0.992528
11834.086   0.990834
11834.183   0.990041
11834.281   0.990507
11834.379   0.991804
11834.476   0.992839
11834.574   0.992794
11834.672   0.991027
11834.769   0.986260
11834.867   0.976171
11834.965   0.958985
11835.062   0.935661
11835.160   0.909862
11835.258   0.888011
11835.355   0.876710
11835.453   0.879341
11835.551   0.895163
11835.648   0.918940
11835.746   0.944108
11835.844   0.965625
11835.941   0.980950
11836.039   0.990442
11836.137   0.995610
11836.234   0.997930
11836.332   0.998669
11836.430   0.998800
11836.527   0.998870
11836.625   0.999082
11836.723   0.999417
11836.820   0.999667
11836.918   0.999737
11837.016   0.999677
11837.113   0.999536
11837.211   0.999403
11837.309   0.999392
11837.406   0.999490
11837.504   0.999549
11837.602   0.999592
11837.699   0.999805
11837.797   1.000153
11837.894   1.000464
11837.992   1.000552
11838.090   1.000027
11838.187   0.998422
11838.285   0.995515
11838.383   0.991471
11838.480   0.986927
11838.578   0.982747
11838.676   0.979627
11838.773   0.977526
11838.871   0.975380
11838.969   0.971775
11839.066   0.965409
11839.164   0.954532
11839.262   0.936150
11839.359   0.906451
11839.457   0.860632
11839.555   0.794909
11839.652   0.710912
11839.750   0.617237
11839.848   0.531639
11839.945   0.475120
11840.043   0.463314
11840.141   0.500819
11840.238   0.576216
11840.336   0.669848
11840.434   0.761395
11840.531   0.836155
11840.629   0.889716
11840.727   0.924228
11840.824   0.945175
11840.922   0.958106
11841.020   0.966603
11841.117   0.972301
11841.215   0.975208
11841.313   0.975012
11841.410   0.972550
11841.508   0.969412
11841.606   0.966974
11841.703   0.966418
11841.801   0.968489
11841.899   0.973027
11841.996   0.978701
11842.094   0.983828
11842.192   0.987675
11842.289   0.990307
11842.387   0.991785
11842.485   0.992013
11842.582   0.990842
11842.680   0.988086
11842.778   0.983611
11842.875   0.977628
11842.973   0.971203
11843.071   0.966101
11843.168   0.963748
11843.266   0.964630
11843.364   0.968021
11843.461   0.972236
11843.559   0.975605
11843.657   0.976849
11843.754   0.975298
11843.852   0.970682
11843.950   0.962119
11844.047   0.947547
11844.145   0.924016
11844.242   0.888387
11844.340   0.840284
11844.438   0.785943
11844.535   0.736837
11844.633   0.707121
11844.731   0.707051
11844.828   0.736474
11844.926   0.786823
11845.024   0.843542
11845.121   0.893256
11845.219   0.929398
11845.317   0.950996
11845.414   0.961011
11845.512   0.962772
11845.610   0.957789
11845.707   0.946471
11845.805   0.930380
11845.903   0.912698
11846.000   0.897504
11846.098   0.888788
11846.196   0.888710
11846.293   0.896469
11846.391   0.907246
11846.489   0.913954
11846.586   0.908974
11846.684   0.885493
11846.782   0.840419
11846.879   0.775576
11846.977   0.700370
11847.075   0.631214
11847.172   0.586178
11847.270   0.579233
11847.368   0.613037
11847.465   0.677502
11847.563   0.755314
11847.661   0.828691
11847.758   0.886512
11847.856   0.926181
11847.954   0.950658
11848.051   0.965287
11848.149   0.974377
11848.247   0.980513
11848.344   0.985062
11848.442   0.988500
11848.540   0.991177
11848.637   0.993320
11848.735   0.994944
11848.833   0.996168
11848.930   0.997205
11849.028   0.998117
11849.126   0.999062
11849.223   1.000335
11849.321   1.001726
11849.419   1.002416
11849.516   1.002093
11849.614   1.001354
11849.712   1.000681
11849.809   1.000061
11849.907   0.999514
11850.005   0.999363
11850.102   0.999818
11850.200   1.000526
11850.298   1.000836
11850.395   1.000194
11850.493   0.998512
11850.590   0.996446
11850.688   0.994716
11850.786   0.993360
11850.883   0.991745
11850.981   0.988621
11851.079   0.982862
11851.176   0.974767
11851.274   0.966093
11851.372   0.959478
11851.469   0.957368
11851.567   0.960558
11851.665   0.967987
11851.762   0.977160
11851.860   0.985247
11851.958   0.990611
11852.055   0.993162
11852.153   0.993795
11852.251   0.993705
11852.348   0.993714
11852.446   0.994119
11852.544   0.995268
11852.641   0.997408
11852.739   0.999994
11852.837   1.002217
11852.934   1.003581
11853.032   1.003785
11853.130   1.003025
11853.227   1.001858
11853.325   1.000512
11853.423   0.998812
11853.520   0.996366
11853.618   0.992825
11853.716   0.988548
11853.813   0.984813
11853.911   0.982768
11854.009   0.982776
11854.106   0.984729
11854.204   0.988098
11854.302   0.992046
11854.399   0.995798
11854.497   0.998896
11854.595   1.001118
11854.692   1.002416
11854.790   1.002817
11854.888   1.002385
11854.985   1.001538
11855.083   1.000724
11855.181   1.000064
11855.278   0.999510
11855.376   0.998525
11855.474   0.996031
11855.571   0.990379
11855.669   0.979789
11855.767   0.963571
11855.864   0.942735
11855.962   0.920883
11856.060   0.903353
11856.157   0.895194
11856.255   0.899321
11856.353   0.914512
11856.450   0.936215
11856.548   0.958570
11856.646   0.976765
11856.743   0.989115
11856.841   0.996342
11856.938   0.999742
11857.036   1.000521
11857.134   1.000130
11857.231   0.999908
11857.329   1.000241
11857.427   1.000915
11857.524   1.001692
11857.622   1.002317
11857.720   1.002657
11857.817   1.002682
11857.915   1.002232
11858.013   1.001103
11858.110   0.999450
11858.208   0.997820
11858.306   0.996659
11858.403   0.996169
11858.501   0.996651
11858.599   0.998378
11858.696   1.000910
11858.794   1.003163
11858.892   1.004370
11858.989   1.004359
11859.087   1.003456
11859.185   1.002476
11859.282   1.001967
11859.380   1.001841
11859.478   1.001799
11859.575   1.001624
11859.673   1.001365
11859.771   1.001290
11859.868   1.001514
11859.966   1.001768
11860.064   1.001708
11860.161   1.001387
11860.259   1.001103
11860.357   1.000962
11860.454   1.000847
11860.552   1.000530
11860.650   0.999819
11860.747   0.998626
11860.845   0.996854
11860.943   0.994226
11861.040   0.990070
11861.138   0.982558
11861.236   0.968925
11861.333   0.946839
11861.431   0.915683
11861.529   0.878954
11861.626   0.844219
11861.724   0.820749
11861.822   0.816233
11861.919   0.831903
11862.017   0.862191
11862.115   0.898298
11862.212   0.931494
11862.310   0.956873
11862.408   0.974050
11862.505   0.984529
11862.603   0.990368
11862.701   0.993649
11862.798   0.995799
11862.896   0.997411
11862.994   0.998697
11863.091   0.999987
11863.189   1.001450
11863.286   1.002708
11863.384   1.003287
11863.482   1.003287
11863.579   1.003126
11863.677   1.002915
11863.775   1.002458
11863.872   1.001678
11863.970   1.000755
11864.068   0.999906
11864.165   0.999253
11864.263   0.998713
11864.361   0.998064
11864.458   0.997323
11864.556   0.996729
11864.654   0.996291
11864.751   0.995679
11864.849   0.994273
11864.947   0.990809
11865.044   0.983737
11865.142   0.971236
11865.240   0.951343
11865.337   0.923456
11865.435   0.889563
11865.533   0.856278
11865.630   0.832756
11865.728   0.826177
11865.826   0.839312
11865.923   0.867986
11866.021   0.903535
11866.119   0.937456
11866.216   0.964004
11866.314   0.981606
11866.412   0.991791
11866.509   0.996998
11866.607   0.999264
11866.705   0.999956
11866.802   0.999866
11866.900   0.999533
11866.998   0.999263
11867.095   0.998947
11867.193   0.998339
11867.291   0.997127
11867.388   0.994966
11867.486   0.991614
11867.584   0.986698
11867.681   0.980260
11867.779   0.973532
11867.877   0.968510
11867.974   0.967167
11868.072   0.970053
11868.170   0.975622
11868.267   0.981491
11868.365   0.985422
11868.463   0.986473
11868.560   0.985532
11868.658   0.984079
11868.756   0.983576
11868.853   0.984931
11868.951   0.987933
11869.049   0.991744
11869.146   0.995279
11869.244   0.997662
11869.342   0.998558
11869.439   0.997997
11869.537   0.996398
11869.634   0.994305
11869.732   0.992044
11869.830   0.989970
11869.927   0.988686
11870.025   0.988530
11870.123   0.989421
11870.220   0.991210
11870.318   0.993572
11870.416   0.996029
11870.513   0.998100
11870.611   0.999497
11870.709   1.000336
11870.806   1.000780
11870.904   1.000733
11871.002   1.000020
11871.099   0.998429
11871.197   0.995851
11871.295   0.992710
11871.392   0.989502
11871.490   0.986222
11871.588   0.982559
11871.685   0.977478
11871.783   0.969055
11871.881   0.955454
11871.978   0.935978
11872.076   0.912534
11872.174   0.889795
11872.271   0.873076
11872.369   0.866230
11872.467   0.869157
11872.564   0.876902
11872.662   0.881376
11872.760   0.873190
11872.857   0.844514
11872.955   0.790718
11873.053   0.712803
11873.150   0.620050
11873.248   0.528270
11873.346   0.458240
11873.443   0.427763
11873.541   0.444474
11873.639   0.504834
11873.736   0.593017
11873.834   0.689587
11873.932   0.777990
11874.029   0.847674
11874.127   0.896732
11874.225   0.928186
11874.322   0.947382
11874.420   0.959206
11874.518   0.966974
11874.615   0.972665
11874.713   0.977114
11874.811   0.980899
11874.908   0.984261
11875.006   0.987099
11875.104   0.989146
11875.201   0.990223
11875.299   0.990469
11875.397   0.989913
11875.494   0.988136
11875.592   0.984788
11875.690   0.979779
11875.787   0.972924
11875.885   0.964100
11875.982   0.953772
11876.080   0.943537
11876.178   0.935695
11876.275   0.932033
11876.373   0.932880
11876.471   0.936712
11876.568   0.941628
11876.666   0.947088
11876.764   0.953504
11876.861   0.961013
11876.959   0.969082
11877.057   0.976511
11877.154   0.981857
11877.252   0.984559
11877.350   0.985025
11877.447   0.983628
11877.545   0.980438
11877.643   0.975091
11877.740   0.966786
11877.838   0.954563
11877.936   0.936642
11878.033   0.909238
11878.131   0.866575
11878.229   0.804214
11878.326   0.722621
11878.424   0.630160
11878.522   0.545451
11878.619   0.489581
11878.717   0.478381
11878.815   0.516422
11878.912   0.591644
11879.010   0.684261
11879.108   0.773926
11879.205   0.846060
11879.303   0.896866
11879.401   0.928904
11879.498   0.947912
11879.596   0.959407
11879.694   0.966726
11879.791   0.971575
11879.889   0.974601
11879.987   0.975901
11880.084   0.974969
11880.182   0.970650
11880.280   0.960773
11880.377   0.942985
11880.475   0.916473
11880.573   0.882897
11880.670   0.848116
11880.768   0.820555
11880.866   0.807471
11880.963   0.812499
11881.061   0.832587
11881.159   0.859522
11881.256   0.883700
11881.354   0.896444
11881.452   0.891676
11881.549   0.866982
11881.647   0.825946
11881.745   0.777903
11881.842   0.736266
11881.940   0.715493
11882.038   0.723713
11882.135   0.759313
11882.233   0.812396
11882.330   0.868350
11882.428   0.915315
11882.526   0.948134
11882.623   0.967635
11882.721   0.978364
11882.819   0.984298
11882.916   0.987550
11883.014   0.989429
11883.112   0.990624
11883.209   0.991271
11883.307   0.991257
11883.405   0.990587
11883.502   0.989611
11883.600   0.989203
11883.698   0.990375
11883.795   0.993196
11883.893   0.996498
11883.991   0.999146
11884.088   1.000719
11884.186   1.001248
11884.284   1.001066
11884.381   1.000671
11884.479   1.000672
11884.577   1.001364
11884.674   1.002354
11884.772   1.003118
11884.870   1.003439
11884.967   1.003342
11885.065   1.003086
11885.163   1.002955
11885.260   1.003111
11885.358   1.003593
11885.456   1.004047
11885.553   1.003829
11885.651   1.002213
11885.749   0.998488
11885.846   0.992422
11885.944   0.984607
11886.042   0.976612
11886.139   0.970427
11886.237   0.967647
11886.335   0.968953
11886.432   0.973483
11886.530   0.979423
11886.628   0.985265
11886.725   0.990142
11886.823   0.993755
11886.921   0.996241
11887.018   0.997902
11887.116   0.999054
11887.214   0.999863
11887.311   1.000405
11887.409   1.000744
11887.507   1.000786
11887.604   1.000434
11887.702   0.999715
11887.800   0.998656
11887.897   0.997175
11887.995   0.994752
11888.093   0.990585
11888.190   0.983948
11888.288   0.973638
11888.386   0.957471
11888.483   0.931818
11888.581   0.892818
11888.678   0.839357
11888.776   0.776272
11888.874   0.716755
11888.971   0.676432
11889.069   0.667027
11889.167   0.691990
11889.264   0.742140
11889.362   0.802806
11889.460   0.860539
11889.557   0.906494
11889.655   0.938972
11889.753   0.960509
11889.850   0.974916
11889.948   0.984763
11890.046   0.990865
11890.143   0.993819
11890.241   0.994858
11890.339   0.995183
11890.436   0.995433
11890.534   0.995979
11890.632   0.996727
11890.729   0.997148
11890.827   0.996672
11890.925   0.994962
11891.022   0.992311
11891.120   0.989663
11891.218   0.988073
11891.315   0.988198
11891.413   0.990036
11891.511   0.993131
11891.608   0.996726
11891.706   0.999923
11891.804   1.002273
11891.901   1.003784
11891.999   1.004420
11892.097   1.004258
11892.194   1.003712
11892.292   1.003194
11892.390   1.002983
11892.487   1.003231
11892.585   1.003744
11892.683   1.004212
11892.780   1.004508
11892.878   1.004562
11892.976   1.004385
11893.073   1.004068
11893.171   1.003715
11893.269   1.003560
11893.366   1.003708
11893.464   1.003978
11893.562   1.004103
11893.659   1.003811
11893.757   1.003106
11893.855   1.002380
11893.952   1.001903
11894.050   1.001615
11894.148   1.001264
11894.245   1.000447
11894.343   0.998877
11894.441   0.996134
11894.538   0.991376
11894.636   0.984127
11894.734   0.975011
11894.831   0.966024
11894.929   0.959821
11895.026   0.958493
11895.124   0.962579
11895.222   0.970566
11895.319   0.979829
11895.417   0.987868
11895.515   0.993187
11895.612   0.995560
11895.710   0.995663
11895.808   0.994699
11895.905   0.993765
11896.003   0.993676
11896.101   0.994772
11896.198   0.996436
11896.296   0.997849
11896.394   0.998823
11896.491   0.999174
11896.589   0.998195
11896.687   0.995294
11896.784   0.990869
11896.882   0.986260
11896.980   0.982950
11897.077   0.981979
11897.175   0.983312
11897.273   0.985945
11897.370   0.989143
11897.468   0.992482
11897.566   0.995312
11897.663   0.997351
11897.761   0.998698
11897.859   0.999297
11897.956   0.999291
11898.054   0.999014
11898.152   0.998368
11898.249   0.997119
11898.347   0.995309
11898.445   0.993120
11898.542   0.990759
11898.640   0.988101
11898.738   0.984212
11898.835   0.977355
11898.933   0.965279
11899.031   0.944678
11899.128   0.912366
11899.226   0.868319
11899.324   0.817266
11899.421   0.770319
11899.519   0.740366
11899.617   0.736011
11899.714   0.759237
11899.812   0.802434
11899.910   0.853056
11900.007   0.899588
11900.105   0.934554
11900.203   0.956818
11900.300   0.969443
11900.398   0.976684
11900.496   0.981813
11900.593   0.986330
11900.691   0.990370
11900.789   0.993359
11900.886   0.995045
11900.984   0.995802
11901.082   0.996119
11901.179   0.996444
11901.277   0.997044
11901.374   0.997779
11901.472   0.998482
11901.570   0.999261
11901.667   1.000270
11901.765   1.001400
11901.863   1.002325
11901.960   1.002838
11902.058   1.002891
11902.156   1.002450
11902.253   1.001535
11902.351   1.000105
11902.449   0.997820
11902.546   0.993943
11902.644   0.987343
11902.742   0.977413
11902.839   0.964872
11902.937   0.951781
11903.035   0.941491
11903.132   0.936963
11903.230   0.939392
11903.328   0.948152
11903.425   0.960447
11903.523   0.972882
11903.621   0.983036
11903.718   0.989809
11903.816   0.993491
11903.914   0.994914
11904.011   0.994794
11904.109   0.993383
11904.207   0.990440
11904.304   0.985670
11904.402   0.978174
11904.500   0.965935
11904.597   0.946463
11904.695   0.918713
11904.793   0.885942
11904.890   0.854992
11904.988   0.834346
11905.086   0.831025
11905.183   0.846137
11905.281   0.875153
11905.379   0.909782
11905.476   0.941410
11905.574   0.964924
11905.672   0.979283
11905.769   0.986246
11905.867   0.988259
11905.965   0.987134
11906.062   0.983394
11906.160   0.976294
11906.258   0.965096
11906.355   0.950205
11906.453   0.933106
11906.551   0.916516
11906.648   0.904248
11906.746   0.899844
11906.844   0.905251
11906.941   0.919449
11907.039   0.938458
11907.137   0.957252
11907.234   0.971470
11907.332   0.978475
11907.430   0.977375
11907.527   0.968572
11907.625   0.953669
11907.722   0.935790
11907.820   0.919906
11907.918   0.910811
11908.015   0.911357
11908.113   0.921760
11908.211   0.938811
11908.308   0.957629
11908.406   0.973717
11908.504   0.984675
11908.601   0.990883
11908.699   0.993930
11908.797   0.995479
11908.894   0.996516
11908.992   0.997170
11909.090   0.997225
11909.187   0.996025
11909.285   0.992727
11909.383   0.986584
11909.480   0.976840
11909.578   0.963498
11909.676   0.948104
11909.773   0.934069
11909.871   0.925090
11909.969   0.922900
11910.066   0.927187
11910.164   0.935975
11910.262   0.946542
11910.359   0.956799
11910.457   0.965840
11910.555   0.973546
11910.652   0.980086
11910.750   0.985594
11910.848   0.989866
11910.945   0.992668
11911.043   0.994136
11911.141   0.994766
11911.238   0.995110
11911.336   0.995514
11911.434   0.996154
11911.531   0.997037
11911.629   0.998050
11911.727   0.999114
11911.824   1.000130
11911.922   1.000918
11912.020   1.001388
11912.117   1.001426
11912.215   1.000737
11912.313   0.999471
11912.410   0.998359
11912.508   0.997969
11912.606   0.998538
11912.703   0.999815
11912.801   1.000839
11912.899   1.000965
11912.996   1.000572
11913.094   1.000148
11913.192   0.999789
11913.289   0.999469
11913.387   0.999042
11913.485   0.998446
11913.582   0.997865
11913.680   0.997414
11913.778   0.997007
11913.875   0.996419
11913.973   0.995246
11914.070   0.993261
11914.168   0.990556
11914.266   0.987046
11914.363   0.982477
11914.461   0.976858
11914.559   0.970373
11914.656   0.962499
11914.754   0.950830
11914.852   0.932026
11914.949   0.904118
11915.047   0.868125
11915.145   0.830458
11915.242   0.801018
11915.340   0.788770
11915.438   0.798351
11915.535   0.826312
11915.633   0.863416
11915.731   0.899860
11915.828   0.928631
11915.926   0.947569
11916.024   0.958428
11916.121   0.964145
11916.219   0.966807
11916.317   0.967556
11916.414   0.967205
11916.512   0.966764
11916.610   0.967626
11916.707   0.970972
11916.805   0.976829
11916.903   0.983761
11917.000   0.989897
11917.098   0.994197
11917.196   0.996641
11917.293   0.997589
11917.391   0.997318
11917.489   0.996045
11917.586   0.994057
11917.684   0.991833
11917.782   0.989984
11917.879   0.989083
11917.977   0.989555
11918.075   0.991186
11918.172   0.993109
11918.270   0.994925
11918.368   0.996789
11918.465   0.998536
11918.563   0.999828
11918.661   1.000725
11918.758   1.001556
11918.856   1.002380
11918.954   1.002899
11919.051   1.003009
11919.149   1.003094
11919.247   1.003478
11919.344   1.004126
11919.442   1.004760
11919.540   1.004883
11919.637   1.004244
11919.735   1.003158
11919.833   1.002193
11919.930   1.001964
11920.028   1.002567
11920.126   1.003151
11920.223   1.003078
11920.321   1.002675
11920.418   1.002335
11920.516   1.002042
11920.614   1.001694
11920.711   1.001205
11920.809   1.000668
11920.907   1.000597
11921.004   1.001260
11921.102   1.001932
11921.200   1.001807
11921.297   1.001016
11921.395   1.000076
11921.493   0.999283
11921.590   0.998752
11921.688   0.998372
11921.786   0.997648
11921.883   0.995706
11921.981   0.991831
11922.079   0.986336
11922.176   0.980295
11922.274   0.974354
11922.372   0.968541
11922.469   0.963149
11922.567   0.959146
11922.665   0.957745
11922.762   0.959957
11922.860   0.965710
11922.958   0.973370
11923.055   0.981134
11923.153   0.987943
11923.251   0.993110
11923.348   0.996394
11923.446   0.998039
11923.544   0.998319
11923.641   0.997618
11923.739   0.996624
11923.837   0.995610
11923.934   0.994123
11924.032   0.991516
11924.130   0.986783
11924.227   0.978619
11924.325   0.966480
11924.423   0.951474
11924.520   0.936950
11924.618   0.927101
11924.716   0.924934
11924.813   0.931336
11924.911   0.944033
11925.009   0.959072
11925.106   0.973152
11925.204   0.984055
11925.302   0.990737
11925.399   0.993715
11925.497   0.994631
11925.595   0.994805
11925.692   0.994749
11925.790   0.994732
11925.888   0.995126
11925.985   0.996116
11926.083   0.997519
11926.181   0.999062
11926.278   1.000196
11926.376   1.000402
11926.474   0.999881
11926.571   0.999156
11926.669   0.998836
11926.766   0.999363
11926.864   1.000339
11926.962   1.001027
11927.059   1.001132
11927.157   1.000793
11927.255   1.000372
11927.352   1.000088
11927.450   0.999725
11927.548   0.998913
11927.645   0.997727
11927.743   0.996693
11927.841   0.996285
11927.938   0.996607
11928.036   0.996922
11928.134   0.995987
11928.231   0.993487
11928.329   0.989774
11928.427   0.984572
11928.524   0.977423
11928.622   0.968752
11928.720   0.960206
11928.817   0.954106
11928.915   0.952340
11929.013   0.955346
11929.110   0.961923
11929.208   0.970149
11929.306   0.978194
11929.403   0.984910
11929.501   0.989777
11929.599   0.992479
11929.696   0.993009
11929.794   0.991963
11929.892   0.990593
11929.989   0.989669
11930.087   0.988751
11930.185   0.987313
11930.282   0.985179
11930.380   0.982053
11930.478   0.977618
11930.575   0.971596
11930.673   0.963376
11930.771   0.951875
11930.868   0.934711
11930.966   0.908048
11931.064   0.867610
11931.161   0.810475
11931.259   0.739422
11931.357   0.664218
11931.454   0.600954
11931.552   0.567551
11931.650   0.573836
11931.747   0.618219
11931.845   0.688786
11931.943   0.767305
11932.040   0.837833
11932.138   0.891640
11932.236   0.927538
11932.333   0.949433
11932.431   0.962224
11932.529   0.969669
11932.626   0.973808
11932.724   0.975366
11932.822   0.974758
11932.919   0.971841
11933.017   0.965388
11933.114   0.954172
11933.212   0.938872
11933.310   0.922761
11933.407   0.910340
11933.505   0.905623
11933.603   0.910444
11933.700   0.923378
11933.798   0.940957
11933.896   0.958935
11933.993   0.973725
11934.091   0.983776
11934.189   0.989411
11934.286   0.992002
11934.384   0.993116
11934.482   0.994086
11934.579   0.995372
11934.677   0.996435
11934.775   0.996883
11934.872   0.996993
11934.970   0.997241
11935.068   0.998168
11935.165   0.999891
11935.263   1.001502
11935.361   1.002114
11935.458   1.001835
11935.556   1.001244
11935.654   1.000805
11935.751   1.000631
11935.849   1.000564
11935.947   1.000518
11936.044   1.000470
11936.142   1.000483
11936.240   1.000692
11936.337   1.000959
11936.435   1.000955
11936.533   1.000578
11936.630   0.999849
11936.728   0.998830
11936.826   0.997960
11936.923   0.997569
11937.021   0.997379
11937.119   0.997201
11937.216   0.997140
11937.314   0.997220
11937.412   0.997248
11937.509   0.996815
11937.607   0.995906
11937.705   0.994837
11937.802   0.993314
11937.900   0.990872
11937.998   0.987872
11938.095   0.985355
11938.193   0.984439
11938.291   0.985736
11938.388   0.988726
11938.486   0.992030
11938.584   0.994672
11938.681   0.996495
11938.779   0.997611
11938.877   0.998150
11938.974   0.998392
11939.072   0.998851
11939.170   0.999833
11939.267   1.001176
11939.365   1.002350
11939.462   1.002539
11939.560   1.001575
11939.658   1.000374
11939.755   0.999727
11939.853   0.999839
11939.951   1.000541
11940.048   1.001114
11940.146   1.001082
11940.244   1.000628
11940.341   0.999826
11940.439   0.998114
11940.537   0.994561
11940.634   0.988216
11940.732   0.978075
11940.830   0.963600
11940.927   0.945558
11941.025   0.926964
11941.123   0.912618
11941.220   0.906853
11941.318   0.911753
11941.416   0.925785
11941.513   0.944247
11941.611   0.961848
11941.709   0.974774
11941.806   0.981092
11941.904   0.980271
11942.002   0.972801
11942.099   0.960146
11942.197   0.945529
11942.295   0.933708
11942.392   0.928714
11942.490   0.932368
11942.588   0.943636
11942.685   0.958773
11942.783   0.973520
11942.881   0.985032
11942.978   0.992348
11943.076   0.995931
11943.174   0.996496
11943.271   0.994381
11943.369   0.989998
11943.467   0.984410
11943.564   0.979039
11943.662   0.975398
11943.760   0.974802
11943.857   0.977574
11943.955   0.982800
11944.053   0.988753
11944.150   0.993926
11944.248   0.997762
11944.346   1.000114
11944.443   1.000691
11944.541   0.999796
11944.639   0.998683
11944.736   0.998211
11944.834   0.998253
11944.932   0.998342
11945.029   0.997979
11945.127   0.997065
11945.225   0.996123
11945.322   0.995661
11945.420   0.995785
11945.518   0.996436
11945.615   0.997549
11945.713   0.998878
11945.810   0.999904
11945.908   1.000267
11946.006   0.999918
11946.103   0.999080
11946.201   0.998300
11946.299   0.997805
11946.396   0.997302
11946.494   0.996499
11946.592   0.994883
11946.689   0.991840
11946.787   0.987141
11946.885   0.980414
11946.982   0.970180
11947.080   0.954070
11947.178   0.930805
11947.275   0.901682
11947.373   0.870628
11947.471   0.842968
11947.568   0.823001
11947.666   0.812517
11947.764   0.810970
11947.861   0.816797
11947.959   0.828958
11948.057   0.847256
11948.154   0.871321
11948.252   0.899209
11948.350   0.927251
11948.447   0.951290
11948.545   0.968714
11948.643   0.979657
11948.740   0.985808
11948.838   0.988799
11948.936   0.989741
11949.033   0.989479
11949.131   0.988645
11949.229   0.987843
11949.326   0.987796
11949.424   0.988978
11949.522   0.991377
11949.619   0.994402
11949.717   0.997020
11949.815   0.998464
11949.912   0.998867
11950.010   0.998893
11950.108   0.998976
11950.205   0.999158
11950.303   0.999281
11950.401   0.999101
11950.498   0.998608
11950.596   0.998100
11950.694   0.997657
11950.791   0.996785
11950.889   0.994904
11950.987   0.991564
11951.084   0.986101
11951.182   0.977773
11951.280   0.966229
11951.377   0.952615
11951.475   0.939762
11951.573   0.930945
11951.670   0.928708
11951.768   0.933309
11951.866   0.942242
11951.963   0.951144
11952.061   0.954974
11952.158   0.949408
11952.256   0.931968
11952.354   0.903542
11952.451   0.869009
11952.549   0.836770
11952.647   0.816792
11952.744   0.815793
11952.842   0.834298
11952.940   0.866954
11953.037   0.904432
11953.135   0.937944
11953.233   0.962669
11953.330   0.977982
11953.428   0.986099
11953.526   0.989685
11953.623   0.990472
11953.721   0.989348
11953.819   0.986326
11953.916   0.980552
11954.014   0.971111
11954.112   0.957924
11954.209   0.942501
11954.307   0.927859
11954.405   0.917408
11954.502   0.913508
11954.600   0.916159
11954.698   0.922849
11954.795   0.929356
11954.893   0.931688
11954.991   0.928207
11955.088   0.920522
11955.186   0.913187
11955.284   0.911306
11955.381   0.917655
11955.479   0.931593
11955.577   0.949585
11955.674   0.967321
11955.772   0.981698
11955.870   0.991543
11955.967   0.997238
11956.065   0.999861
11956.163   1.000722
11956.260   1.000692
11956.358   1.000159
11956.456   0.999541
11956.553   0.999096
11956.651   0.998868
11956.749   0.998953
11956.846   0.999264
11956.944   0.999282
11957.042   0.998625
11957.139   0.997467
11957.237   0.996130
11957.335   0.994667
11957.432   0.992768
11957.530   0.990091
11957.628   0.986890
11957.725   0.984084
11957.823   0.982615
11957.921   0.983032
11958.018   0.985409
11958.116   0.988821
11958.214   0.991785
11958.311   0.994005
11958.409   0.996161
11958.506   0.998111
11958.604   0.999028
11958.702   0.998823
11958.799   0.998103
11958.897   0.997385
11958.995   0.996957
11959.092   0.996638
11959.190   0.995833
11959.288   0.994136
11959.385   0.991059
11959.483   0.985547
11959.581   0.975937
11959.678   0.960109
11959.776   0.936542
11959.874   0.905919
11959.971   0.872685
11960.069   0.844192
11960.167   0.828032
11960.264   0.829335
11960.362   0.848122
11960.460   0.879291
11960.557   0.914791
11960.655   0.946717
11960.753   0.970058
11960.850   0.983968
11960.948   0.990696
11961.046   0.993018
11961.143   0.993158
11961.241   0.992058
11961.339   0.988829
11961.436   0.982223
11961.534   0.972569
11961.632   0.961619
11961.729   0.951781
11961.827   0.945725
11961.925   0.945388
11962.022   0.951105
11962.120   0.961300
11962.218   0.973205
11962.315   0.984032
11962.413   0.991993
11962.511   0.996849
11962.608   0.999410
11962.706   1.000818
11962.804   1.001763
11962.901   1.002279
11962.999   1.002394
11963.097   1.002289
11963.194   1.002207
11963.292   1.002339
11963.390   1.002475
11963.487   1.002350
11963.585   1.002077
11963.683   1.001676
11963.780   1.000978
11963.878   1.000068
11963.976   0.999254
11964.073   0.998984
11964.171   0.999645
11964.269   1.001034
11964.366   1.002509
11964.464   1.003537
11964.561   1.003779
11964.659   1.003285
11964.757   1.002648
11964.854   1.002340
11964.952   1.002412
11965.050   1.002748
11965.147   1.002895
11965.245   1.002453
11965.343   1.001525
11965.440   1.000120
11965.538   0.997741
11965.636   0.993822
11965.733   0.988038
11965.831   0.980099
11965.929   0.970045
11966.026   0.958845
11966.124   0.948600
11966.222   0.942031
11966.319   0.941281
11966.417   0.946892
11966.515   0.957150
11966.612   0.968883
11966.710   0.979376
11966.808   0.987198
11966.905   0.992072
11967.003   0.994628
11967.101   0.995711
11967.198   0.995900
11967.296   0.995750
11967.394   0.995713
11967.491   0.995902
11967.589   0.996238
11967.687   0.996809
11967.784   0.997960
11967.882   0.999642
11967.980   1.001208
11968.077   1.002064
11968.175   1.002075
11968.273   1.001697
11968.370   1.001497
11968.468   1.001277
11968.566   1.000321
11968.663   0.998030
11968.761   0.993836
11968.859   0.987829
11968.956   0.981019
11969.054   0.973910
11969.152   0.966712
11969.249   0.960871
11969.347   0.958553
11969.445   0.960757
11969.542   0.966332
11969.640   0.973094
11969.738   0.979421
11969.835   0.984454
11969.933   0.987950
11970.031   0.990121
11970.128   0.990989
11970.226   0.990703
11970.324   0.990143
11970.421   0.989946
11970.519   0.990000
11970.617   0.990131
11970.714   0.990256
11970.812   0.990297
11970.909   0.990276
11971.007   0.990111
11971.105   0.989471
11971.202   0.988200
11971.300   0.986758
11971.398   0.985702
11971.495   0.984772
11971.593   0.983096
11971.691   0.979492
11971.788   0.972649
11971.886   0.961441
11971.984   0.944266
11972.081   0.918231
11972.179   0.879916
11972.277   0.828023
11972.374   0.765773
11972.472   0.702094
11972.570   0.649777
11972.667   0.620646
11972.765   0.620602
11972.863   0.647087
11972.960   0.691386
11973.058   0.743031
11973.156   0.794010
11973.253   0.840347
11973.351   0.880379
11973.449   0.913572
11973.546   0.939732
11973.644   0.958863
11973.742   0.972075
11973.839   0.980997
11973.937   0.986776
11974.035   0.990286
11974.132   0.992227
11974.230   0.993088
11974.328   0.993465
11974.425   0.993978
11974.523   0.995000
11974.621   0.996449
11974.718   0.997857
11974.816   0.998871
11974.914   0.999375
11975.011   0.999305
11975.109   0.998721
11975.207   0.997994
11975.304   0.997686
11975.402   0.998009
11975.500   0.998613
11975.597   0.999154
11975.695   0.999776
11975.793   1.000685
11975.890   1.001721
11975.988   1.002563
11976.086   1.002765
11976.183   1.001977
11976.281   1.000480
11976.379   0.999001
11976.476   0.998229
11976.574   0.998429
11976.672   0.999301
11976.769   1.000287
11976.867   1.000809
11976.965   1.000757
11977.062   1.000650
11977.160   1.000917
11977.257   1.001736
11977.355   1.003091
11977.453   1.004165
11977.550   1.004069
11977.648   1.003136
11977.746   1.002103
11977.843   1.001271
11977.941   1.000756
11978.039   1.000106
11978.136   0.998441
11978.234   0.995592
11978.332   0.992178
11978.429   0.988896
11978.527   0.986373
11978.625   0.985154
11978.722   0.985521
11978.820   0.987398
11978.918   0.990298
11979.015   0.993451
11979.113   0.996089
11979.211   0.997745
11979.308   0.998458
11979.406   0.998501
11979.504   0.998044
11979.601   0.997337
11979.699   0.996689
11979.797   0.996113
11979.894   0.995405
11979.992   0.994398
11980.090   0.993359
11980.187   0.992876
11980.285   0.993125
11980.383   0.993836
11980.480   0.994596
11980.578   0.994975
11980.676   0.994933
11980.773   0.994662
11980.871   0.994047
11980.969   0.992718
11981.066   0.989984
11981.164   0.984810
11981.262   0.976033
11981.359   0.962481
11981.457   0.943648
11981.555   0.920787
11981.652   0.897821
11981.750   0.880299
11981.848   0.873050
11981.945   0.878411
11982.043   0.895076
11982.141   0.918401
11982.238   0.941907
11982.336   0.959987
11982.434   0.969661
11982.531   0.970676
11982.629   0.965562
11982.727   0.958069
11982.824   0.951680
11982.922   0.949043
11983.020   0.951090
11983.117   0.957088
11983.215   0.965139
11983.313   0.972811
11983.410   0.978173
11983.508   0.980466
11983.605   0.979907
11983.703   0.976701
11983.801   0.970139
11983.898   0.958397
11983.996   0.938519
11984.094   0.906957
11984.191   0.860873
11984.289   0.800396
11984.387   0.731272
11984.484   0.665105
11984.582   0.617215
11984.680   0.601139
11984.777   0.621883
11984.875   0.673807
11984.973   0.742727
11985.070   0.811878
11985.168   0.868961
11985.266   0.908697
11985.363   0.932536
11985.461   0.945792
11985.559   0.953479
11985.656   0.958719
11985.754   0.962668
11985.852   0.965116
11985.949   0.965309
11986.047   0.962360
11986.145   0.954885
11986.242   0.940632
11986.340   0.918440
11986.438   0.890685
11986.535   0.862787
11986.633   0.841832
11986.731   0.834221
11986.828   0.842573
11986.926   0.864767
11987.024   0.894540
11987.121   0.924322
11987.219   0.948393
11987.317   0.964263
11987.414   0.972273
11987.512   0.973835
11987.610   0.970299
11987.707   0.962337
11987.805   0.950050
11987.903   0.933687
11988.000   0.913980
11988.098   0.891595
11988.196   0.866204
11988.293   0.836687
11988.391   0.802266
11988.489   0.764613
11988.586   0.730735
11988.684   0.711228
11988.782   0.714675
11988.879   0.743061
11988.977   0.789977
11989.075   0.844216
11989.172   0.894542
11989.270   0.933264
11989.368   0.958783
11989.465   0.973758
11989.563   0.982099
11989.661   0.987158
11989.758   0.990677
11989.856   0.993304
11989.953   0.995211
11990.051   0.996553
11990.149   0.997513
11990.246   0.997953
11990.344   0.998076
11990.442   0.998531
11990.539   0.999439
11990.637   1.000441
11990.735   1.001202
11990.832   1.001488
11990.930   1.001457
11991.028   1.001433
11991.125   1.001471
11991.223   1.001399
11991.321   1.001027
11991.418   1.000495
11991.516   1.000147
11991.614   1.000141
11991.711   1.000455
11991.809   1.000963
11991.907   1.001447
11992.004   1.001603
11992.102   1.001272
11992.200   1.000681
11992.297   1.000170
11992.395   0.999879
11992.493   0.999796
11992.590   1.000029
11992.688   1.000683
11992.786   1.001160
11992.883   1.000593
11992.981   0.998920
11993.079   0.996415
11993.176   0.992701
11993.274   0.986389
11993.372   0.975218
11993.469   0.957213
11993.567   0.931924
11993.665   0.901158
11993.762   0.870227
11993.860   0.846661
11993.958   0.837048
11994.055   0.844690
11994.153   0.867513
11994.251   0.898814
11994.348   0.930381
11994.446   0.955885
11994.544   0.973353
11994.641   0.984019
11994.739   0.990131
11994.837   0.993874
11994.934   0.996382
11995.032   0.997829
11995.130   0.998315
11995.227   0.998297
11995.325   0.998248
11995.423   0.998326
11995.520   0.998553
11995.618   0.998898
11995.716   0.999258
11995.813   0.999540
11995.911   0.999717
11996.009   0.999856
11996.106   1.000077
11996.204   1.000335
11996.301   1.000524
11996.399   1.000698
11996.497   1.000894
11996.594   1.001116
11996.692   1.001327
11996.790   1.001327
11996.887   1.000929
11996.985   1.000247
11997.083   0.999598
11997.180   0.998955
11997.278   0.997945
11997.376   0.996216
11997.473   0.993353
11997.571   0.988876
11997.669   0.981896
11997.766   0.970326
11997.864   0.951896
11997.962   0.926066
11998.059   0.894964
11998.157   0.864452
11998.255   0.842349
11998.352   0.835006
11998.450   0.845027
11998.548   0.869345
11998.645   0.900959
11998.743   0.932348
11998.841   0.958173
11998.938   0.976745
11999.036   0.988754
11999.134   0.995789
11999.231   0.999377
11999.329   1.000576
11999.427   1.000255
11999.524   0.999331
11999.622   0.998959
11999.720   0.999454
11999.817   0.999823
11999.915   0.999342
12000.013   0.998291
12000.110   0.997137
12000.208   0.995908
12000.306   0.994537
12000.403   0.993055
12000.501   0.991208
12000.599   0.988395
12000.696   0.983704
12000.794   0.975903
12000.892   0.964014
12000.989   0.948071
12001.087   0.929745
12001.185   0.912676
12001.282   0.901398
12001.380   0.899637
12001.478   0.908505
12001.575   0.925507
12001.673   0.946006
12001.771   0.965207
12001.868   0.979981
12001.966   0.989414
12002.064   0.994195
12002.161   0.996244
12002.259   0.997269
12002.357   0.998014
12002.454   0.998730
12002.552   0.999257
12002.649   0.999346
12002.747   0.999025
12002.845   0.998710
12002.942   0.998861
12003.040   0.999283
12003.138   0.999546
12003.235   0.999772
12003.333   1.000184
12003.431   1.000707
12003.528   1.001134
12003.626   1.001059
12003.724   0.999931
12003.821   0.997480
12003.919   0.993737
12004.017   0.988605
12004.114   0.982319
12004.212   0.975877
12004.310   0.970084
12004.407   0.964902
12004.505   0.959330
12004.603   0.951164
12004.700   0.937086
12004.798   0.914151
12004.896   0.882128
12004.993   0.844329
12005.091   0.808248
12005.189   0.783880
12005.286   0.779034
12005.384   0.796578
12005.482   0.832281
12005.579   0.875848
12005.677   0.916991
12005.775   0.949142
12005.872   0.970511
12005.970   0.983107
12006.068   0.989919
12006.165   0.993438
12006.263   0.995170
12006.361   0.996289
12006.458   0.997662
12006.556   0.999041
12006.654   0.999788
12006.751   0.999664
12006.849   0.998728
12006.947   0.997113
12007.044   0.994825
12007.142   0.991675
12007.240   0.987565
12007.337   0.982840
12007.435   0.978248
12007.533   0.974797
12007.630   0.973345
12007.728   0.974214
12007.826   0.977342
12007.923   0.982207
12008.021   0.987792
12008.119   0.992960
12008.216   0.997006
12008.314   0.999768
12008.412   1.001338
12008.509   1.002236
12008.607   1.003094
12008.705   1.003849
12008.802   1.004117
12008.900   1.003864
12008.997   1.003130
12009.095   1.001656
12009.193   0.999048
12009.290   0.995094
12009.388   0.989500
12009.486   0.980975
12009.583   0.967574
12009.681   0.947800
12009.779   0.921343
12009.876   0.891088
12009.974   0.863198
12010.072   0.844721
12010.169   0.841499
12010.267   0.854772
12010.365   0.879923
12010.462   0.909205
12010.560   0.935041
12010.658   0.952721
12010.755   0.960609
12010.853   0.960083
12010.951   0.955309
12011.048   0.950495
12011.146   0.948553
12011.244   0.951113
12011.341   0.958137
12011.439   0.968096
12011.537   0.978796
12011.634   0.988406
12011.732   0.995459
12011.830   0.999314
12011.927   1.000796
12012.025   1.001094
12012.123   1.001141
12012.220   1.001695
12012.318   1.003003
12012.416   1.004675
12012.513   1.005733
12012.611   1.005362
12012.709   1.003831
12012.806   1.002043
12012.904   1.000727
12013.002   1.000089
12013.099   0.999648
12013.197   0.998710
12013.295   0.996995
12013.392   0.994754
12013.490   0.992602
12013.588   0.991108
12013.685   0.990426
12013.783   0.990268
12013.881   0.989793
12013.978   0.987880
12014.076   0.983970
12014.174   0.977824
12014.271   0.968444
12014.369   0.953859
12014.467   0.930948
12014.564   0.896708
12014.662   0.850410
12014.760   0.794334
12014.857   0.735790
12014.955   0.685874
12015.053   0.653770
12015.150   0.643330
12015.248   0.651313
12015.345   0.669400
12015.443   0.689942
12015.541   0.709746
12015.638   0.731318
12015.736   0.759718
12015.834   0.797076
12015.931   0.840975
12016.029   0.885452
12016.127   0.923282
12016.224   0.950338
12016.322   0.966792
12016.420   0.975278
12016.517   0.979921
12016.615   0.983799
12016.713   0.987370
12016.810   0.990102
12016.908   0.991801
12017.006   0.992785
12017.103   0.993702
12017.201   0.994918
12017.299   0.996132
12017.396   0.996915
12017.494   0.997182
12017.592   0.997099
12017.689   0.996981
12017.787   0.997078
12017.885   0.997408
12017.982   0.997937
12018.080   0.998565
12018.178   0.999146
12018.275   0.999601
12018.373   0.999806
12018.471   0.999762
12018.568   0.999715
12018.666   0.999709
12018.764   0.999575
12018.861   0.999492
12018.959   0.999882
12019.057   1.000750
12019.154   1.001707
12019.252   1.002461
12019.350   1.002844
12019.447   1.002717
12019.545   1.002142
12019.643   1.001495
12019.740   1.000974
12019.838   1.000301
12019.936   0.999390
12020.033   0.998493
12020.131   0.997752
12020.229   0.997327
12020.326   0.997499
12020.424   0.998218
12020.522   0.999179
12020.619   1.000256
12020.717   1.001369
12020.815   1.002280
12020.912   1.002641
12021.010   1.002173
12021.108   1.000978
12021.205   0.999567
12021.303   0.998701
12021.401   0.998840
12021.498   0.999588
12021.596   1.000234
12021.693   1.000606
12021.791   1.000860
12021.889   1.000839
12021.986   1.000212
12022.084   0.998811
12022.182   0.996612
12022.279   0.993615
12022.377   0.989111
12022.475   0.981101
12022.572   0.967680
12022.670   0.948298
12022.768   0.924349
12022.865   0.900778
12022.963   0.883967
12023.061   0.878609
12023.158   0.886716
12023.256   0.905533
12023.354   0.928880
12023.451   0.950506
12023.549   0.966110
12023.647   0.974769
12023.744   0.977996
12023.842   0.978457
12023.940   0.978851
12024.037   0.980539
12024.135   0.983718
12024.233   0.987953
12024.330   0.992235
12024.428   0.995677
12024.526   0.998085
12024.623   0.999484
12024.721   0.999928
12024.819   0.999819
12024.916   0.999568
12025.014   0.999190
12025.112   0.998580
12025.209   0.997667
12025.307   0.996429
12025.405   0.995217
12025.502   0.994739
12025.600   0.995319
12025.698   0.996766
12025.795   0.998786
12025.893   1.000725
12025.991   1.001906
12026.088   1.002391
12026.186   1.002483
12026.284   1.002273
12026.381   1.001610
12026.479   0.999818
12026.577   0.995974
12026.674   0.989422
12026.772   0.979943
12026.870   0.967817
12026.967   0.954120
12027.065   0.941140
12027.163   0.931612
12027.260   0.927846
12027.358   0.931150
12027.456   0.941012
12027.553   0.955225
12027.651   0.970336
12027.749   0.983128
12027.846   0.991938
12027.944   0.996671
12028.041   0.998633
12028.139   0.999310
12028.237   0.999403
12028.334   0.999111
12028.432   0.998674
12028.530   0.998450
12028.627   0.998320
12028.725   0.997824
12028.823   0.997053
12028.920   0.996498
12029.018   0.996232
12029.116   0.995772
12029.213   0.994124
12029.311   0.990175
12029.409   0.983037
12029.506   0.971924
12029.604   0.956242
12029.702   0.935941
12029.799   0.912449
12029.897   0.889207
12029.995   0.871022
12030.092   0.862324
12030.190   0.864974
12030.288   0.877795
12030.385   0.896647
12030.483   0.915662
12030.581   0.930778
12030.678   0.940820
12030.776   0.946678
12030.874   0.950281
12030.971   0.953005
12031.069   0.955628
12031.167   0.958295
12031.264   0.960405
12031.362   0.961672
12031.460   0.962324
12031.557   0.962423
12031.655   0.961948
12031.753   0.960899
12031.850   0.959039
12031.948   0.956511
12032.046   0.954180
12032.143   0.952594
12032.241   0.951867
12032.339   0.952193
12032.436   0.953179
12032.534   0.953890
12032.632   0.953939
12032.729   0.953556
12032.827   0.952833
12032.925   0.951285
12033.022   0.947470
12033.120   0.939413
12033.218   0.925691
12033.315   0.905220
12033.413   0.876301
12033.511   0.837050
12033.608   0.785585
12033.706   0.721832
12033.804   0.651739
12033.901   0.585632
12033.999   0.535659
12034.097   0.511620
12034.194   0.513653
12034.292   0.533279
12034.389   0.555587
12034.487   0.565366
12034.585   0.556997
12034.682   0.534351
12034.780   0.510398
12034.878   0.502640
12034.975   0.522487
12035.073   0.572190
12035.171   0.643884
12035.268   0.722999
12035.366   0.795627
12035.464   0.852129
12035.561   0.889648
12035.659   0.910576
12035.757   0.918682
12035.854   0.917689
12035.952   0.910738
12036.050   0.900479
12036.147   0.888531
12036.245   0.874972
12036.343   0.858956
12036.440   0.839235
12036.538   0.816203
12036.636   0.794052
12036.733   0.778568
12036.831   0.774869
12036.929   0.785617
12037.026   0.808606
12037.124   0.838729
12037.222   0.870140
12037.319   0.898083
12037.417   0.921329
12037.515   0.940850
12037.612   0.957389
12037.710   0.970794
12037.808   0.980280
12037.905   0.985060
12038.003   0.985046
12038.101   0.981119
12038.198   0.974393
12038.296   0.965824
12038.394   0.956948
12038.491   0.949612
12038.589   0.945938
12038.687   0.947666
12038.784   0.954018
12038.882   0.962496
12038.980   0.970811
12039.077   0.977472
12039.175   0.981997
12039.273   0.984306
12039.370   0.984027
12039.468   0.980812
12039.566   0.974677
12039.663   0.965957
12039.761   0.956206
12039.859   0.947853
12039.956   0.942677
12040.054   0.941343
12040.152   0.943168
12040.249   0.946771
12040.347   0.950861
12040.445   0.954852
12040.542   0.959293
12040.640   0.964735
12040.737   0.970664
12040.835   0.975476
12040.933   0.977208
12041.030   0.974643
12041.128   0.968360
12041.226   0.960748
12041.323   0.954743
12041.421   0.952792
12041.519   0.956083
12041.616   0.964080
12041.714   0.974565
12041.812   0.984488
12041.909   0.991720
12042.007   0.995867
12042.105   0.997615
12042.202   0.997742
12042.300   0.996459
12042.398   0.993517
12042.495   0.988734
12042.593   0.982291
12042.691   0.974847
12042.788   0.967469
12042.886   0.961437
12042.984   0.958589
12043.081   0.960533
12043.179   0.967064
12043.277   0.976354
12043.374   0.985756
12043.472   0.993068
12043.570   0.997649
12043.667   0.999973
12043.765   1.000968
12043.863   1.001149
12043.960   1.000211
12044.058   0.997892
12044.156   0.994120
12044.253   0.988831
12044.351   0.982380
12044.449   0.975385
12044.546   0.969106
12044.644   0.965379
12044.742   0.965442
12044.839   0.969617
12044.937   0.976858
12045.035   0.984840
12045.132   0.991432
12045.230   0.995536
12045.328   0.997189
12045.425   0.997448
12045.523   0.997419
12045.621   0.997108
12045.718   0.995741
12045.816   0.992793
12045.914   0.988063
12046.011   0.981536
12046.109   0.973566
12046.207   0.964324
12046.304   0.953829
12046.402   0.942517
12046.500   0.930055
12046.597   0.914466
12046.695   0.892179
12046.793   0.858425
12046.890   0.810360
12046.988   0.749293
12047.085   0.681590
12047.183   0.619741
12047.281   0.577714
12047.378   0.566676
12047.476   0.591536
12047.574   0.646684
12047.671   0.719169
12047.769   0.793314
12047.867   0.856151
12047.964   0.901622
12048.062   0.929818
12048.160   0.945363
12048.257   0.953638
12048.355   0.958811
12048.453   0.963779
12048.550   0.969535
12048.648   0.976024
12048.746   0.982912
12048.843   0.989595
12048.941   0.995132
12049.039   0.998695
12049.136   1.000363
12049.234   1.000834
12049.332   1.000778
12049.429   1.000568
12049.527   1.000164
12049.625   0.999562
12049.722   0.998870
12049.820   0.997888
12049.918   0.996361
12050.015   0.994273
12050.113   0.991827
12050.211   0.989527
12050.308   0.988102
12050.406   0.987930
12050.504   0.988798
12050.601   0.990406
12050.699   0.992459
12050.797   0.994749
12050.894   0.997090
12050.992   0.998935
12051.090   0.999638
12051.187   0.998766
12051.285   0.996267
12051.383   0.992397
12051.480   0.987544
12051.578   0.982584
12051.676   0.978585
12051.773   0.976224
12051.871   0.975932
12051.969   0.977967
12052.066   0.981959
12052.164   0.986664
12052.262   0.990890
12052.359   0.994278
12052.457   0.996924
12052.555   0.999004
12052.652   1.000601
12052.750   1.001669
12052.848   1.002258
12052.945   1.002100
12053.043   1.002204
12053.141   1.002297
12053.238   1.002434
12053.336   1.002626
12053.433   1.002857
12053.531   1.003286
12053.629   1.004063
12053.726   1.004872
12053.824   1.005214
12053.922   1.004884
12054.019   1.004037
12054.117   1.003201
12054.215   1.002925
12054.312   1.003241
12054.410   1.003776
12054.508   1.004202
12054.605   1.004471
12054.703   1.004506
12054.801   1.003981
12054.898   1.002902
12054.996   1.001730
12055.094   1.000878
12055.191   1.000559
12055.289   1.000565
12055.387   1.000254
12055.484   0.999123
12055.582   0.997099
12055.680   0.994456
12055.777   0.991679
12055.875   0.989313
12055.973   0.987910
12056.070   0.987546
12056.168   0.987769
12056.266   0.988076
12056.363   0.987533
12056.461   0.985391
12056.559   0.982283
12056.656   0.979489
12056.754   0.978310
12056.852   0.979757
12056.949   0.983513
12057.047   0.988205
12057.145   0.992410
12057.242   0.995233
12057.340   0.996798
12057.438   0.997996
12057.535   0.999259
12057.633   1.000068
12057.731   0.999969
12057.828   0.998874
12057.926   0.996406
12058.024   0.992592
12058.121   0.988485
12058.219   0.985176
12058.317   0.983497
12058.414   0.984119
12058.512   0.986925
12058.610   0.991106
12058.707   0.995540
12058.805   0.999068
12058.903   1.001034
12059.000   1.001408
12059.098   1.000868
12059.196   1.000409
12059.293   1.000318
12059.391   1.000242
12059.489   0.999882
12059.586   0.999217
12059.684   0.998403
12059.781   0.997498
12059.879   0.996625
12059.977   0.996021
12060.074   0.995704
12060.172   0.995633
12060.270   0.995216
12060.367   0.992994
12060.465   0.988474
12060.563   0.982667
12060.660   0.976780
12060.758   0.972043
12060.856   0.969232
12060.953   0.967643
12061.051   0.965493
12061.149   0.960897
12061.246   0.951760
12061.344   0.935993
12061.442   0.913348
12061.539   0.886033
12061.637   0.857770
12061.735   0.834369
12061.832   0.822268
12061.930   0.825115
12062.028   0.842767
12062.125   0.871373
12062.223   0.904292
12062.321   0.934266
12062.418   0.956801
12062.516   0.971640
12062.614   0.980531
12062.711   0.985238
12062.809   0.986921
12062.907   0.986072
12063.004   0.983130
12063.102   0.978691
12063.200   0.973386
12063.297   0.968185
12063.395   0.964278
12063.493   0.962700
12063.590   0.964203
12063.688   0.968896
12063.786   0.975969
12063.883   0.983595
12063.981   0.989748
12064.079   0.993518
12064.176   0.995096
12064.274   0.995374
12064.372   0.995395
12064.469   0.995529
12064.567   0.995887
12064.665   0.996708
12064.762   0.997732
12064.860   0.998489
12064.958   0.998841
12065.055   0.998564
12065.153   0.997589
12065.251   0.996507
12065.348   0.995767
12065.446   0.995103
12065.544   0.994081
12065.641   0.991975
12065.739   0.987627
12065.837   0.980766
12065.934   0.972388
12066.032   0.963716
12066.129   0.956074
12066.227   0.950956
12066.325   0.949081
12066.422   0.949432
12066.520   0.949400
12066.618   0.945645
12066.715   0.936178
12066.813   0.930933
12066.911   0.914436
12067.008   0.898765
12067.106   0.887785
12067.204   0.884742
12067.301   0.890885
12067.399   0.905366
12067.497   0.925141
12067.594   0.946072
12067.692   0.964261
12067.790   0.977416
12067.887   0.985362
12067.985   0.988917
12068.083   0.989659
12068.180   0.989269
12068.278   0.988227
12068.376   0.986106
12068.473   0.982590
12068.571   0.977839
12068.669   0.972174
12068.766   0.966005
12068.864   0.960386
12068.962   0.956918
12069.059   0.956780
12069.157   0.960012
12069.255   0.965592
12069.352   0.972201
12069.450   0.978807
12069.548   0.984744
12069.645   0.989367
12069.743   0.992100
12069.841   0.993027
12069.938   0.992696
12070.036   0.991599
12070.134   0.989839
12070.231   0.986797
12070.329   0.981255
12070.427   0.971876
12070.524   0.957958
12070.622   0.939480
12070.720   0.916668
12070.817   0.891329
12070.915   0.867367
12071.013   0.849341
12071.110   0.841761
12071.208   0.846909
12071.306   0.862904
12071.403   0.885102
12071.501   0.908109
12071.599   0.927583
12071.696   0.940903
