10660.000   0.997949
10660.081   0.998408
10660.163   0.999013
10660.244   0.999324
10660.326   0.998995
10660.407   0.998477
10660.488   0.998212
10660.570   0.998009
10660.651   0.997640
10660.733   0.997165
10660.814   0.996770
10660.895   0.996583
10660.977   0.996539
10661.058   0.996476
10661.140   0.996291
10661.221   0.995999
10661.303   0.995756
10661.384   0.995772
10661.465   0.996156
10661.547   0.996836
10661.628   0.997526
10661.710   0.997835
10661.791   0.997622
10661.872   0.997206
10661.954   0.996998
10662.035   0.997165
10662.117   0.997594
10662.198   0.997922
10662.279   0.997790
10662.361   0.997240
10662.442   0.996716
10662.524   0.996618
10662.605   0.997000
10662.686   0.997528
10662.768   0.997656
10662.849   0.997037
10662.931   0.995889
10663.012   0.994740
10663.093   0.994153
10663.175   0.994567
10663.256   0.995730
10663.338   0.996763
10663.419   0.997130
10663.500   0.997003
10663.582   0.996711
10663.663   0.996616
10663.745   0.996953
10663.826   0.997533
10663.908   0.998115
10663.989   0.998494
10664.070   0.998464
10664.152   0.998074
10664.233   0.997526
10664.315   0.996862
10664.396   0.996199
10664.477   0.995738
10664.559   0.995479
10664.640   0.995515
10664.722   0.995966
10664.803   0.996702
10664.884   0.997407
10664.966   0.997890
10665.047   0.998270
10665.129   0.998785
10665.210   0.999468
10665.291   1.000078
10665.373   1.000357
10665.454   1.000102
10665.536   0.999354
10665.617   0.998525
10665.698   0.997949
10665.780   0.997707
10665.861   0.997733
10665.943   0.997780
10666.024   0.997471
10666.106   0.996773
10666.187   0.996072
10666.268   0.995645
10666.350   0.995629
10666.431   0.996056
10666.513   0.996744
10666.594   0.997539
10666.675   0.998484
10666.757   0.999615
10666.838   1.000781
10666.920   1.001644
10667.001   1.001759
10667.082   1.000969
10667.164   0.999483
10667.245   0.997844
10667.327   0.996790
10667.408   0.996611
10667.489   0.997001
10667.571   0.997673
10667.652   0.998600
10667.734   0.999642
10667.815   1.000495
10667.896   1.000719
10667.978   1.000013
10668.059   0.998741
10668.141   0.997650
10668.222   0.997144
10668.303   0.997193
10668.385   0.997532
10668.466   0.997794
10668.548   0.997763
10668.629   0.997526
10668.711   0.997345
10668.792   0.997253
10668.873   0.997113
10668.955   0.996910
10669.036   0.996636
10669.118   0.996302
10669.199   0.996061
10669.280   0.996091
10669.362   0.996397
10669.443   0.996849
10669.525   0.997297
10669.606   0.997564
10669.687   0.997548
10669.769   0.997368
10669.850   0.997124
10669.932   0.996758
10670.013   0.996295
10670.094   0.995793
10670.176   0.995180
10670.257   0.994513
10670.339   0.994172
10670.420   0.994357
10670.501   0.994782
10670.583   0.995215
10670.664   0.995768
10670.746   0.996581
10670.827   0.997586
10670.908   0.998572
10670.990   0.999274
10671.071   0.999484
10671.153   0.999247
10671.234   0.998725
10671.316   0.998062
10671.397   0.997444
10671.478   0.997042
10671.560   0.996967
10671.641   0.997270
10671.723   0.997828
10671.804   0.998435
10671.885   0.998937
10671.967   0.999122
10672.048   0.998819
10672.130   0.998220
10672.211   0.997648
10672.292   0.997437
10672.374   0.997792
10672.455   0.998476
10672.537   0.999127
10672.618   0.999636
10672.699   1.000013
10672.781   1.000251
10672.862   1.000458
10672.944   1.000660
10673.025   1.000611
10673.106   1.000135
10673.188   0.999427
10673.269   0.998843
10673.351   0.998525
10673.432   0.998415
10673.514   0.998535
10673.595   0.998907
10673.676   0.999386
10673.758   0.999768
10673.839   0.999930
10673.921   0.999969
10674.002   1.000075
10674.083   1.000352
10674.165   1.000798
10674.246   1.001217
10674.328   1.001314
10674.409   1.000995
10674.490   1.000452
10674.572   0.999962
10674.653   0.999789
10674.735   1.000013
10674.816   1.000593
10674.897   1.000768
10674.979   1.000612
10675.060   1.000195
10675.142   0.999701
10675.223   0.999335
10675.304   0.999126
10675.386   0.998831
10675.467   0.998314
10675.549   0.997799
10675.630   0.997457
10675.711   0.997067
10675.793   0.996284
10675.874   0.995073
10675.956   0.993783
10676.037   0.992919
10676.119   0.992845
10676.200   0.993643
10676.281   0.995112
10676.363   0.996866
10676.444   0.998525
10676.526   0.999814
10676.607   1.000553
10676.688   1.000711
10676.770   1.000330
10676.851   0.999458
10676.933   0.998323
10677.014   0.997368
10677.095   0.996929
10677.177   0.997082
10677.258   0.997668
10677.340   0.998260
10677.421   0.998392
10677.502   0.998126
10677.584   0.998033
10677.665   0.998354
10677.747   0.998543
10677.828   0.998091
10677.909   0.997245
10677.991   0.996464
10678.072   0.995956
10678.154   0.995852
10678.235   0.996022
10678.317   0.996097
10678.398   0.996110
10678.479   0.996485
10678.561   0.997270
10678.642   0.998016
10678.724   0.998359
10678.805   0.998272
10678.886   0.997897
10678.968   0.997462
10679.049   0.997137
10679.131   0.996869
10679.212   0.996551
10679.293   0.996183
10679.375   0.995857
10679.456   0.995704
10679.538   0.995905
10679.619   0.996421
10679.700   0.996999
10679.782   0.997433
10679.863   0.997577
10679.945   0.997363
10680.026   0.996900
10680.107   0.996482
10680.189   0.996301
10680.270   0.996213
10680.352   0.995959
10680.433   0.995478
10680.514   0.994928
10680.596   0.994545
10680.677   0.994511
10680.759   0.994977
10680.840   0.995971
10680.922   0.997202
10681.003   0.998277
10681.084   0.998960
10681.166   0.999100
10681.247   0.998714
10681.329   0.998146
10681.410   0.997686
10681.491   0.997331
10681.573   0.997004
10681.654   0.996821
10681.736   0.997072
10681.817   0.997771
10681.898   0.998541
10681.980   0.999035
10682.061   0.999018
10682.143   0.998304
10682.224   0.997179
10682.305   0.996161
10682.387   0.995521
10682.468   0.995420
10682.550   0.995841
10682.631   0.996574
10682.712   0.997485
10682.794   0.998432
10682.875   0.998971
10682.957   0.999373
10683.038   0.996759
10683.120   0.997575
10683.201   0.997796
10683.282   0.997260
10683.364   0.995998
10683.445   0.994458
10683.527   0.993327
10683.608   0.992935
10683.689   0.993107
10683.771   0.993578
10683.852   0.994289
10683.934   0.995250
10684.015   0.996358
10684.096   0.997521
10684.178   0.998561
10684.259   0.999202
10684.341   0.999292
10684.422   0.998902
10684.503   0.998211
10684.585   0.997409
10684.666   0.996719
10684.748   0.996330
10684.829   0.996292
10684.910   0.996578
10684.992   0.997028
10685.073   0.997292
10685.155   0.997191
10685.236   0.996947
10685.317   0.996816
10685.399   0.996848
10685.480   0.997190
10685.562   0.997976
10685.643   0.998857
10685.725   0.999357
10685.806   0.999310
10685.887   0.998844
10685.969   0.998207
10686.050   0.997407
10686.132   0.996474
10686.213   0.995929
10686.294   0.996118
10686.376   0.996573
10686.457   0.996870
10686.539   0.997066
10686.620   0.997171
10686.701   0.997124
10686.783   0.996978
10686.864   0.996638
10686.946   0.995837
10687.027   0.994546
10687.108   0.993084
10687.190   0.991905
10687.271   0.991343
10687.353   0.991366
10687.434   0.991814
10687.515   0.992590
10687.597   0.993582
10687.678   0.994642
10687.760   0.995680
10687.841   0.996610
10687.923   0.997294
10688.004   0.997681
10688.085   0.997871
10688.167   0.997870
10688.248   0.997498
10688.330   0.996895
10688.411   0.996541
10688.492   0.996629
10688.574   0.997025
10688.655   0.997637
10688.737   0.998385
10688.818   0.999108
10688.899   0.999666
10688.981   0.999944
10689.062   0.999851
10689.144   0.999343
10689.225   0.998568
10689.306   0.997798
10689.388   0.997190
10689.469   0.996722
10689.551   0.996379
10689.632   0.996251
10689.713   0.996403
10689.795   0.996902
10689.876   0.997729
10689.958   0.998601
10690.039   0.999252
10690.120   0.999676
10690.202   0.999971
10690.283   1.000142
10690.365   1.000162
10690.446   1.000061
10690.528   0.999912
10690.609   0.999742
10690.690   0.999650
10690.772   0.999745
10690.853   0.999883
10690.935   0.999949
10691.016   0.999957
10691.097   0.999802
10691.179   0.999387
10691.260   0.998843
10691.342   0.998295
10691.423   0.997736
10691.504   0.997191
10691.586   0.996617
10691.667   0.995944
10691.749   0.995376
10691.830   0.995270
10691.911   0.995604
10691.993   0.995927
10692.074   0.995922
10692.156   0.995732
10692.237   0.995714
10692.318   0.996103
10692.400   0.996984
10692.481   0.998220
10692.563   0.999447
10692.644   1.000275
10692.725   1.000605
10692.807   1.000492
10692.888   0.999923
10692.970   0.999000
10693.051   0.997966
10693.133   0.996919
10693.214   0.995884
10693.295   0.994909
10693.377   0.993921
10693.458   0.992870
10693.540   0.991813
10693.621   0.990794
10693.702   0.989929
10693.784   0.989398
10693.865   0.989278
10693.947   0.989551
10694.028   0.990098
10694.109   0.990531
10694.191   0.990404
10694.272   0.989560
10694.354   0.988147
10694.435   0.986322
10694.516   0.984243
10694.598   0.982385
10694.679   0.981653
10694.761   0.982750
10694.842   0.985558
10694.923   0.989334
10695.005   0.993015
10695.086   0.995683
10695.168   0.997033
10695.249   0.997413
10695.331   0.997388
10695.412   0.997315
10695.493   0.997253
10695.575   0.997171
10695.656   0.997000
10695.738   0.996693
10695.819   0.996341
10695.900   0.996149
10695.982   0.996284
10696.063   0.996762
10696.145   0.997434
10696.226   0.998002
10696.307   0.998232
10696.389   0.998132
10696.470   0.997916
10696.552   0.997884
10696.633   0.998178
10696.714   0.998624
10696.796   0.998911
10696.877   0.998851
10696.959   0.998496
10697.040   0.998158
10697.121   0.998141
10697.203   0.998345
10697.284   0.998548
10697.366   0.998856
10697.447   0.999331
10697.528   0.999660
10697.610   0.999575
10697.691   0.999181
10697.773   0.998709
10697.854   0.998412
10697.936   0.998558
10698.017   0.999042
10698.098   0.999164
10698.180   0.998333
10698.261   0.996631
10698.343   0.994545
10698.424   0.992596
10698.505   0.991162
10698.587   0.990745
10698.668   0.991801
10698.750   0.993920
10698.831   0.995774
10698.912   0.996461
10698.994   0.995982
10699.075   0.994628
10699.157   0.993325
10699.238   0.993093
10699.319   0.994041
10699.401   0.995761
10699.482   0.997574
10699.564   0.998607
10699.645   0.998502
10699.726   0.997838
10699.808   0.997268
10699.889   0.997223
10699.971   0.997981
10700.052   0.999106
10700.134   0.999889
10700.215   1.000120
10700.296   1.000004
10700.378   0.999698
10700.459   0.999344
10700.541   0.999230
10700.622   0.999657
10700.703   1.000590
10700.785   1.001556
10700.866   1.001948
10700.948   1.001417
10701.029   1.000137
10701.110   0.998756
10701.192   0.997922
10701.273   0.997733
10701.355   0.997699
10701.436   0.997401
10701.517   0.996854
10701.599   0.996235
10701.680   0.995684
10701.762   0.995204
10701.843   0.994552
10701.924   0.993279
10702.006   0.991132
10702.087   0.988330
10702.169   0.985506
10702.250   0.983475
10702.331   0.982811
10702.413   0.983592
10702.494   0.985548
10702.576   0.988244
10702.657   0.991232
10702.739   0.994176
10702.820   0.996817
10702.901   0.998807
10702.983   0.999774
10703.064   0.999575
10703.146   0.998509
10703.227   0.997135
10703.308   0.996117
10703.390   0.995950
10703.471   0.996495
10703.553   0.997177
10703.634   0.997613
10703.715   0.997780
10703.797   0.997852
10703.878   0.998188
10703.960   0.998919
10704.041   0.999656
10704.122   1.000082
10704.204   1.000248
10704.285   1.000206
10704.367   0.999904
10704.448   0.999359
10704.529   0.998630
10704.611   0.997844
10704.692   0.997218
10704.774   0.996893
10704.855   0.996827
10704.937   0.996930
10705.018   0.997195
10705.099   0.997562
10705.181   0.997921
10705.262   0.998212
10705.344   0.998453
10705.425   0.998673
10705.506   0.998777
10705.588   0.998504
10705.669   0.997676
10705.751   0.996437
10705.832   0.995279
10705.913   0.994772
10705.995   0.995189
10706.076   0.996367
10706.158   0.997707
10706.239   0.998577
10706.320   0.998754
10706.402   0.998418
10706.483   0.997903
10706.565   0.997419
10706.646   0.997040
10706.727   0.996780
10706.809   0.996564
10706.890   0.996281
10706.972   0.995965
10707.053   0.995797
10707.134   0.995865
10707.216   0.996214
10707.297   0.996779
10707.379   0.997312
10707.460   0.997670
10707.542   0.997924
10707.623   0.997961
10707.704   0.997640
10707.786   0.997267
10707.867   0.997128
10707.949   0.997205
10708.030   0.997542
10708.111   0.998051
10708.193   0.998327
10708.274   0.998199
10708.356   0.997973
10708.437   0.997965
10708.518   0.998159
10708.600   0.998346
10708.681   0.998305
10708.763   0.997987
10708.844   0.997603
10708.925   0.997555
10709.007   0.998020
10709.088   0.998644
10709.170   0.999030
10709.251   0.999057
10709.332   0.998681
10709.414   0.998049
10709.495   0.997475
10709.577   0.997064
10709.658   0.996692
10709.739   0.996364
10709.821   0.996282
10709.902   0.996566
10709.984   0.996962
10710.065   0.997191
10710.147   0.997254
10710.228   0.997234
10710.309   0.997180
10710.391   0.997137
10710.472   0.997155
10710.554   0.997343
10710.635   0.997849
10710.716   0.998700
10710.798   0.999620
10710.879   1.000020
10710.961   0.999552
10711.042   0.998509
10711.123   0.997158
10711.205   0.995463
10711.286   0.993867
10711.368   0.993112
10711.449   0.993135
10711.530   0.993316
10711.612   0.993538
10711.693   0.993986
10711.775   0.994647
10711.856   0.995549
10711.937   0.996639
10712.019   0.997624
10712.100   0.998248
10712.182   0.998385
10712.263   0.998019
10712.345   0.997341
10712.426   0.996609
10712.507   0.996049
10712.589   0.995831
10712.670   0.995891
10712.752   0.996089
10712.833   0.996374
10712.914   0.996634
10712.996   0.996742
10713.077   0.996794
10713.159   0.996935
10713.240   0.997130
10713.321   0.997412
10713.403   0.998008
10713.484   0.999014
10713.566   1.000124
10713.647   1.000861
10713.728   1.000901
10713.810   1.000167
10713.891   0.998999
10713.973   0.998094
10714.054   0.997915
10714.135   0.998365
10714.217   0.999111
10714.298   0.999788
10714.380   1.000037
10714.461   0.999737
10714.542   0.999063
10714.624   0.998253
10714.705   0.997452
10714.787   0.996860
10714.868   0.996837
10714.950   0.997387
10715.031   0.997745
10715.112   0.997267
10715.194   0.996178
10715.275   0.994927
10715.357   0.994153
10715.438   0.994593
10715.519   0.996042
10715.601   0.997351
10715.682   0.997811
10715.764   0.997601
10715.845   0.996997
10715.926   0.996411
10716.008   0.996351
10716.089   0.996874
10716.171   0.997747
10716.252   0.998697
10716.333   0.999525
10716.415   1.000091
10716.496   1.000311
10716.578   1.000227
10716.659   1.000026
10716.740   0.999855
10716.822   0.999732
10716.903   0.999693
10716.985   0.999682
10717.066   0.999566
10717.148   0.999208
10717.229   0.998491
10717.310   0.997532
10717.392   0.996665
10717.473   0.996162
10717.555   0.996145
10717.636   0.996547
10717.717   0.997088
10717.799   0.997542
10717.880   0.997867
10717.962   0.998055
10718.043   0.998055
10718.124   0.997849
10718.206   0.997689
10718.287   0.998089
10718.369   0.999156
10718.450   1.000158
10718.531   1.000411
10718.613   0.999846
10718.694   0.998651
10718.776   0.997158
10718.857   0.995737
10718.938   0.994429
10719.020   0.993068
10719.101   0.991710
10719.183   0.990740
10719.264   0.990575
10719.345   0.991427
10719.427   0.993213
10719.508   0.995413
10719.590   0.997297
10719.671   0.998535
10719.753   0.999280
10719.834   0.999606
10719.915   0.999472
10719.997   0.998873
10720.078   0.997848
10720.160   0.996581
10720.241   0.995616
10720.322   0.995474
10720.404   0.996082
10720.485   0.996951
10720.567   0.997535
10720.648   0.997400
10720.729   0.996488
10720.811   0.995327
10720.892   0.994439
10720.974   0.993911
10721.055   0.993691
10721.136   0.993666
10721.218   0.993648
10721.299   0.993794
10721.381   0.994528
10721.462   0.995890
10721.543   0.997473
10721.625   0.998849
10721.706   0.999554
10721.788   0.999230
10721.869   0.998249
10721.951   0.997293
10722.032   0.996645
10722.113   0.996287
10722.195   0.996213
10722.276   0.996472
10722.358   0.997104
10722.439   0.998077
10722.520   0.999086
10722.602   0.999603
10722.683   0.999373
10722.765   0.998593
10722.846   0.997660
10722.927   0.996984
10723.009   0.996697
10723.090   0.996513
10723.172   0.995919
10723.253   0.994443
10723.334   0.991910
10723.416   0.988511
10723.497   0.984760
10723.579   0.981448
10723.660   0.979544
10723.741   0.979674
10723.823   0.981789
10723.904   0.985268
10723.986   0.989206
10724.067   0.992674
10724.148   0.995141
10724.230   0.996575
10724.311   0.997151
10724.393   0.997270
10724.474   0.997305
10724.556   0.997414
10724.637   0.997650
10724.718   0.997972
10724.800   0.998227
10724.881   0.998310
10724.963   0.998348
10725.044   0.998414
10725.125   0.998250
10725.207   0.997630
10725.288   0.996682
10725.370   0.995564
10725.451   0.994118
10725.532   0.992037
10725.614   0.989262
10725.695   0.986169
10725.777   0.983305
10725.858   0.981319
10725.939   0.980873
10726.021   0.982331
10726.102   0.985522
10726.184   0.989553
10726.265   0.993271
10726.346   0.996035
10726.428   0.997884
10726.509   0.999063
10726.591   0.999898
10726.672   1.000672
10726.754   1.001324
10726.835   1.001559
10726.916   1.001265
10726.998   1.000637
10727.079   1.000057
10727.161   0.999879
10727.242   1.000162
10727.323   1.000614
10727.405   1.000858
10727.486   1.000823
10727.568   1.000684
10727.649   1.000485
10727.730   1.000145
10727.812   0.999824
10727.893   0.999757
10727.975   0.999877
10728.056   0.999931
10728.137   0.999790
10728.219   0.999488
10728.300   0.999127
10728.382   0.998868
10728.463   0.998841
10728.544   0.998977
10728.626   0.999101
10728.707   0.999077
10728.789   0.998890
10728.870   0.998672
10728.951   0.998580
10729.033   0.998713
10729.114   0.999004
10729.196   0.999089
10729.277   0.998269
10729.359   0.996168
10729.440   0.993362
10729.521   0.990749
10729.603   0.988954
10729.684   0.988340
10729.766   0.988982
10729.847   0.990595
10729.928   0.992691
10730.010   0.994630
10730.091   0.995874
10730.173   0.996418
10730.254   0.996601
10730.335   0.996855
10730.417   0.997457
10730.498   0.998212
10730.580   0.998757
10730.661   0.999020
10730.742   0.999067
10730.824   0.998870
10730.905   0.998523
10730.987   0.998167
10731.068   0.997735
10731.149   0.997128
10731.231   0.996429
10731.312   0.995860
10731.394   0.995686
10731.475   0.996014
10731.556   0.996676
10731.638   0.997377
10731.719   0.997877
10731.801   0.998052
10731.882   0.998058
10731.964   0.998130
10732.045   0.998283
10732.126   0.998550
10732.208   0.999024
10732.289   0.999506
10732.371   0.999620
10732.452   0.999373
10732.533   0.999124
10732.615   0.999088
10732.696   0.999246
10732.778   0.999466
10732.859   0.999450
10732.940   0.998950
10733.022   0.998205
10733.103   0.997668
10733.185   0.997463
10733.266   0.997493
10733.347   0.997660
10733.429   0.997719
10733.510   0.997491
10733.592   0.997141
10733.673   0.996849
10733.754   0.996753
10733.836   0.997031
10733.917   0.997613
10733.999   0.998222
10734.080   0.998689
10734.162   0.999002
10734.243   0.999123
10734.324   0.999011
10734.406   0.998784
10734.487   0.998774
10734.569   0.999273
10734.650   1.000222
10734.731   1.001321
10734.813   1.002241
10734.894   1.002659
10734.976   1.002376
10735.057   1.001508
10735.138   1.000312
10735.220   0.999178
10735.301   0.998610
10735.383   0.998703
10735.464   0.999010
10735.545   0.999126
10735.627   0.998977
10735.708   0.998594
10735.790   0.998099
10735.871   0.997668
10735.952   0.997325
10736.034   0.997028
10736.115   0.996814
10736.197   0.996714
10736.278   0.996769
10736.359   0.997074
10736.441   0.997485
10736.522   0.997722
10736.604   0.997740
10736.685   0.997586
10736.767   0.997250
10736.848   0.996797
10736.929   0.996414
10737.011   0.996260
10737.092   0.996474
10737.174   0.997089
10737.255   0.997883
10737.336   0.998513
10737.418   0.998709
10737.499   0.998412
10737.581   0.997876
10737.662   0.997528
10737.743   0.997587
10737.825   0.998043
10737.906   0.998670
10737.988   0.999124
10738.069   0.999198
10738.150   0.998896
10738.232   0.998458
10738.313   0.998167
10738.395   0.998121
10738.476   0.998327
10738.557   0.998723
10738.639   0.998919
10738.720   0.998583
10738.802   0.997907
10738.883   0.997164
10738.965   0.996655
10739.046   0.996790
10739.127   0.997603
10739.209   0.998635
10739.290   0.999430
10739.372   0.999703
10739.453   0.999397
10739.534   0.998842
10739.616   0.998398
10739.697   0.998186
10739.779   0.998170
10739.860   0.998097
10739.941   0.997599
10740.023   0.996748
10740.104   0.996058
10740.186   0.995768
10740.267   0.995659
10740.348   0.995579
10740.430   0.995531
10740.511   0.995508
10740.593   0.995751
10740.674   0.996536
10740.755   0.997692
10740.837   0.998825
10740.918   0.999699
10741.000   1.000178
10741.081   1.000239
10741.162   1.000217
10741.244   1.000481
10741.325   1.000864
10741.407   1.001013
10741.488   1.000934
10741.570   1.000813
10741.651   1.000688
10741.732   1.000509
10741.814   1.000264
10741.895   0.999885
10741.977   0.999310
10742.058   0.998643
10742.139   0.998081
10742.221   0.997676
10742.302   0.997392
10742.384   0.997310
10742.465   0.997534
10742.546   0.998002
10742.628   0.998563
10742.709   0.999208
10742.791   1.000131
10742.872   1.001436
10742.953   1.002839
10743.035   1.003953
10743.116   1.004440
10743.198   1.003986
10743.279   1.002786
10743.360   1.001583
10743.442   1.000902
10743.523   1.000849
10743.605   1.001376
10743.686   1.002038
10743.768   1.002245
10743.849   1.001961
10743.930   1.001482
10744.012   1.001004
10744.093   1.000769
10744.175   1.000914
10744.256   1.001170
10744.337   1.001268
10744.419   1.001201
10744.500   1.000917
10744.582   1.000407
10744.663   0.999771
10744.744   0.999140
10744.826   0.998733
10744.907   0.998729
10744.989   0.999136
10745.070   0.999781
10745.151   1.000285
10745.233   1.000464
10745.314   1.000477
10745.396   1.000277
10745.477   0.999660
10745.558   0.998657
10745.640   0.997520
10745.721   0.996592
10745.803   0.995594
10745.884   0.992942
10745.965   0.986951
10746.047   0.977398
10746.128   0.965207
10746.210   0.952766
10746.291   0.943532
10746.373   0.940090
10746.454   0.943225
10746.535   0.952281
10746.617   0.964924
10746.698   0.977637
10746.780   0.987202
10746.861   0.992102
10746.942   0.993062
10747.024   0.991247
10747.105   0.987183
10747.187   0.981089
10747.268   0.973377
10747.349   0.965005
10747.431   0.957697
10747.512   0.953655
10747.594   0.954219
10747.675   0.958758
10747.756   0.965815
10747.838   0.973771
10747.919   0.981017
10748.001   0.986603
10748.082   0.990405
10748.163   0.992726
10748.245   0.994157
10748.326   0.995223
10748.408   0.996014
10748.489   0.996340
10748.570   0.995880
10748.652   0.994399
10748.733   0.991995
10748.815   0.989028
10748.896   0.986107
10748.978   0.984048
10749.059   0.983562
10749.140   0.984900
10749.222   0.987695
10749.303   0.990914
10749.385   0.993546
10749.466   0.995251
10749.547   0.996186
10749.629   0.996778
10749.710   0.997434
10749.792   0.998015
10749.873   0.998052
10749.954   0.997537
10750.036   0.996897
10750.117   0.996530
10750.199   0.996773
10750.280   0.997710
10750.361   0.998905
10750.443   0.999824
10750.524   1.000102
10750.606   0.999600
10750.687   0.998642
10750.768   0.997770
10750.850   0.997344
10750.931   0.997484
10751.013   0.998014
10751.094   0.998336
10751.176   0.998106
10751.257   0.997712
10751.338   0.997639
10751.420   0.997930
10751.501   0.998359
10751.583   0.998599
10751.664   0.998316
10751.745   0.997576
10751.827   0.996990
10751.908   0.996942
10751.990   0.997142
10752.071   0.997301
10752.152   0.997519
10752.234   0.997904
10752.315   0.998293
10752.397   0.998475
10752.478   0.998377
10752.559   0.998023
10752.641   0.997637
10752.722   0.997649
10752.804   0.998191
10752.885   0.998715
10752.966   0.998697
10753.048   0.998271
10753.129   0.997747
10753.211   0.997347
10753.292   0.997301
10753.373   0.997605
10753.455   0.998047
10753.536   0.998689
10753.618   0.999809
10753.699   1.001371
10753.781   1.002862
10753.862   1.003760
10753.943   1.003996
10754.025   1.003776
10754.106   1.003149
10754.188   1.002082
10754.269   1.000769
10754.350   0.999451
10754.432   0.998315
10754.513   0.997751
10754.595   0.997943
10754.676   0.998346
10754.757   0.998338
10754.839   0.997864
10754.920   0.997214
10755.002   0.996726
10755.083   0.996618
10755.164   0.996776
10755.246   0.996833
10755.327   0.996616
10755.409   0.996357
10755.490   0.996362
10755.571   0.996744
10755.653   0.997421
10755.734   0.998155
10755.816   0.998645
10755.897   0.998821
10755.979   0.998839
10756.060   0.998781
10756.141   0.998672
10756.223   0.998550
10756.304   0.998323
10756.386   0.997851
10756.467   0.997216
10756.548   0.996640
10756.630   0.996412
10756.711   0.996789
10756.793   0.997700
10756.874   0.998630
10756.955   0.999077
10757.037   0.998876
10757.118   0.998105
10757.200   0.997180
10757.281   0.996542
10757.362   0.996158
10757.444   0.995724
10757.525   0.995238
10757.607   0.994981
10757.688   0.995121
10757.769   0.995677
10757.851   0.996625
10757.932   0.997696
10758.014   0.998496
10758.095   0.998921
10758.176   0.999089
10758.258   0.999087
10758.339   0.998917
10758.421   0.998590
10758.502   0.998242
10758.584   0.998061
10758.665   0.998150
10758.746   0.998449
10758.828   0.998532
10758.909   0.998044
10758.991   0.997353
10759.072   0.997033
10759.153   0.997144
10759.235   0.997451
10759.316   0.997788
10759.398   0.998050
10759.479   0.998259
10759.560   0.998537
10759.642   0.998882
10759.723   0.999247
10759.805   0.999614
10759.886   0.999895
10759.967   0.999982
10760.049   0.999959
10760.130   1.000019
10760.212   1.000045
10760.293   0.999686
10760.374   0.998994
10760.456   0.998520
10760.537   0.998602
10760.619   0.999067
10760.700   0.999587
10760.782   0.999813
10760.863   0.999566
10760.944   0.998998
10761.026   0.998428
10761.107   0.998069
10761.189   0.997893
10761.270   0.997796
10761.351   0.997828
10761.433   0.998110
10761.514   0.998574
10761.596   0.999031
10761.677   0.999435
10761.758   0.999896
10761.840   1.000421
10761.921   1.000817
10762.003   1.000941
10762.084   1.000772
10762.165   1.000301
10762.247   0.999740
10762.328   0.999376
10762.410   0.999165
10762.491   0.998913
10762.572   0.998655
10762.654   0.998524
10762.735   0.998571
10762.817   0.998845
10762.898   0.999262
10762.979   0.999483
10763.061   0.999338
10763.142   0.998887
10763.224   0.998117
10763.305   0.997284
10763.387   0.996874
10763.468   0.996985
10763.549   0.997405
10763.631   0.997995
10763.712   0.998449
10763.794   0.998368
10763.875   0.997629
10763.956   0.996216
10764.038   0.994222
10764.119   0.992044
10764.201   0.990193
10764.282   0.989155
10764.363   0.989306
10764.445   0.990604
10764.526   0.992746
10764.608   0.995365
10764.689   0.997995
10764.770   1.000133
10764.852   1.001497
10764.933   1.002027
10765.015   1.001833
10765.096   1.001349
10765.177   1.001085
10765.259   1.001214
10765.340   1.001591
10765.422   1.001969
10765.503   1.002047
10765.585   1.001686
10765.666   1.001106
10765.747   1.000605
10765.829   1.000312
10765.910   1.000210
10765.992   1.000170
10766.073   0.999994
10766.154   0.999619
10766.236   0.999202
10766.317   0.998915
10766.399   0.998810
10766.480   0.998873
10766.561   0.999012
10766.643   0.999203
10766.724   0.999392
10766.806   0.999385
10766.887   0.999190
10766.968   0.999006
10767.050   0.998891
10767.131   0.998865
10767.213   0.999008
10767.294   0.999160
10767.375   0.999024
10767.457   0.998726
10767.538   0.998659
10767.620   0.998878
10767.701   0.999212
10767.782   0.999547
10767.864   0.999708
10767.945   0.999539
10768.027   0.999142
10768.108   0.998670
10768.190   0.998137
10768.271   0.997641
10768.352   0.997288
10768.434   0.997112
10768.515   0.997152
10768.597   0.997354
10768.678   0.997603
10768.759   0.997943
10768.841   0.998462
10768.922   0.998977
10769.004   0.999222
10769.085   0.999026
10769.166   0.998339
10769.248   0.997426
10769.329   0.996723
10769.411   0.996493
10769.492   0.996757
10769.573   0.997350
10769.655   0.997925
10769.736   0.998194
10769.818   0.998018
10769.899   0.997340
10769.980   0.996409
10770.062   0.995630
10770.143   0.995118
10770.225   0.994729
10770.306   0.994529
10770.387   0.994821
10770.469   0.995621
10770.550   0.996368
10770.632   0.996614
10770.713   0.996669
10770.795   0.997040
10770.876   0.997782
10770.957   0.998682
10771.039   0.999308
10771.120   0.999029
10771.202   0.997676
10771.283   0.995782
10771.364   0.993790
10771.446   0.991777
10771.527   0.989885
10771.609   0.988566
10771.690   0.988436
10771.771   0.989582
10771.853   0.991348
10771.934   0.993171
10772.016   0.994888
10772.097   0.996303
10772.178   0.997295
10772.260   0.997886
10772.341   0.997996
10772.423   0.997593
10772.504   0.997078
10772.585   0.996994
10772.667   0.997423
10772.748   0.998036
10772.830   0.998589
10772.911   0.999055
10772.993   0.999383
10773.074   0.999442
10773.155   0.999211
10773.237   0.998800
10773.318   0.998248
10773.400   0.997677
10773.481   0.997240
10773.562   0.996832
10773.644   0.996316
10773.725   0.995709
10773.807   0.994953
10773.888   0.993865
10773.969   0.992212
10774.051   0.989636
10774.132   0.985732
10774.214   0.980164
10774.295   0.972588
10774.376   0.962727
10774.458   0.950780
10774.539   0.937763
10774.621   0.925002
10774.702   0.914102
10774.783   0.907236
10774.865   0.906507
10774.946   0.912896
10775.028   0.925218
10775.109   0.940358
10775.190   0.954710
10775.272   0.965399
10775.353   0.970822
10775.435   0.971259
10775.516   0.968058
10775.598   0.963077
10775.679   0.958415
10775.760   0.956214
10775.842   0.958020
10775.923   0.963810
10776.005   0.972033
10776.086   0.980646
10776.167   0.987861
10776.249   0.992642
10776.330   0.995273
10776.412   0.996640
10776.493   0.997407
10776.574   0.997934
10776.656   0.998407
10776.737   0.998828
10776.819   0.999093
10776.900   0.999148
10776.981   0.999044
10777.063   0.998917
10777.144   0.998865
10777.226   0.998783
10777.307   0.998619
10777.388   0.998591
10777.470   0.998836
10777.551   0.999228
10777.633   0.999607
10777.714   0.999851
10777.796   0.999869
10777.877   0.999676
10777.958   0.999379
10778.040   0.999043
10778.121   0.998767
10778.203   0.998705
10778.284   0.998941
10778.365   0.999465
10778.447   1.000096
10778.528   1.000526
10778.610   1.000688
10778.691   1.000742
10778.772   1.000736
10778.854   1.000692
10778.935   1.000674
10779.017   1.000612
10779.098   1.000484
10779.179   1.000388
10779.261   1.000274
10779.342   1.000068
10779.424   0.999811
10779.505   0.999578
10779.586   0.999496
10779.668   0.999666
10779.749   1.000028
10779.831   1.000521
10779.912   1.000949
10779.993   1.001007
10780.075   1.000662
10780.156   1.000131
10780.238   0.999670
10780.319   0.999454
10780.401   0.999516
10780.482   0.999651
10780.563   0.999585
10780.645   0.999305
10780.726   0.998972
10780.808   0.998727
10780.889   0.998705
10780.970   0.998824
10781.052   0.998842
10781.133   0.998643
10781.215   0.998196
10781.296   0.997538
10781.377   0.996829
10781.459   0.996146
10781.540   0.995321
10781.622   0.994115
10781.703   0.992358
10781.784   0.990010
10781.866   0.987428
10781.947   0.985278
10782.029   0.984151
10782.110   0.984425
10782.191   0.986182
10782.273   0.988844
10782.354   0.991571
10782.436   0.993808
10782.517   0.995227
10782.599   0.995828
10782.680   0.995959
10782.761   0.995927
10782.843   0.995774
10782.924   0.995480
10783.006   0.995058
10783.087   0.994554
10783.168   0.994167
10783.250   0.994146
10783.331   0.994551
10783.413   0.995286
10783.494   0.996167
10783.575   0.996900
10783.657   0.997309
10783.738   0.997439
10783.820   0.997310
10783.901   0.996850
10783.982   0.996009
10784.064   0.994802
10784.145   0.993193
10784.227   0.991219
10784.308   0.989155
10784.389   0.987364
10784.471   0.986096
10784.552   0.985400
10784.634   0.985180
10784.715   0.985350
10784.796   0.985932
10784.878   0.987080
10784.959   0.989047
10785.041   0.991800
10785.122   0.994705
10785.204   0.997055
10785.285   0.998498
10785.366   0.999017
10785.448   0.998858
10785.529   0.998465
10785.611   0.998104
10785.692   0.997763
10785.773   0.997386
10785.855   0.996915
10785.936   0.996392
10786.018   0.995987
10786.099   0.995829
10786.180   0.995964
10786.262   0.996451
10786.343   0.997188
10786.425   0.997876
10786.506   0.998379
10786.587   0.998743
10786.669   0.998968
10786.750   0.998899
10786.832   0.998387
10786.913   0.997588
10786.994   0.996835
10787.076   0.996394
10787.157   0.996477
10787.239   0.997092
10787.320   0.997792
10787.401   0.998160
10787.483   0.998302
10787.564   0.998466
10787.646   0.998670
10787.727   0.998834
10787.809   0.998876
10787.890   0.998709
10787.971   0.998285
10788.053   0.997704
10788.134   0.997240
10788.216   0.997081
10788.297   0.997191
10788.378   0.997591
10788.460   0.998297
10788.541   0.998946
10788.623   0.999144
10788.704   0.998902
10788.785   0.998399
10788.867   0.997862
10788.948   0.997608
10789.030   0.997735
10789.111   0.998021
10789.192   0.998245
10789.274   0.998305
10789.355   0.998191
10789.437   0.998077
10789.518   0.998183
10789.599   0.998455
10789.681   0.998569
10789.762   0.998394
10789.844   0.998143
10789.925   0.998057
10790.007   0.998260
10790.088   0.998700
10790.169   0.999014
10790.251   0.998870
10790.332   0.998349
10790.414   0.997808
10790.495   0.997602
10790.576   0.997849
10790.658   0.998340
10790.739   0.998669
10790.821   0.998579
10790.902   0.998142
10790.983   0.997619
10791.065   0.997417
10791.146   0.997811
10791.228   0.998538
10791.309   0.999027
10791.390   0.999134
10791.472   0.999226
10791.553   0.999511
10791.635   0.999894
10791.716   1.000217
10791.797   1.000163
10791.879   0.999518
10791.960   0.998754
10792.042   0.998538
10792.123   0.998873
10792.204   0.999268
10792.286   0.999329
10792.367   0.998831
10792.449   0.997840
10792.530   0.996882
10792.612   0.996459
10792.693   0.996718
10792.774   0.997479
10792.856   0.998263
10792.937   0.998602
10793.019   0.998403
10793.100   0.997873
10793.181   0.997357
10793.263   0.997249
10793.344   0.997623
10793.426   0.998138
10793.507   0.998455
10793.588   0.998467
10793.670   0.998301
10793.751   0.998189
10793.833   0.998239
10793.914   0.998409
10793.995   0.998549
10794.077   0.998591
10794.158   0.998645
10794.240   0.998813
10794.321   0.999003
10794.402   0.999000
10794.484   0.998614
10794.565   0.997737
10794.647   0.996362
10794.728   0.994547
10794.810   0.992373
10794.891   0.990135
10794.972   0.988322
10795.054   0.987451
10795.135   0.987871
10795.217   0.989403
10795.298   0.991509
10795.379   0.993609
10795.461   0.995249
10795.542   0.996452
10795.624   0.997642
10795.705   0.998904
10795.786   0.999849
10795.868   1.000242
10795.949   1.000166
10796.031   0.999858
10796.112   0.999607
10796.193   0.999524
10796.275   0.999435
10796.356   0.999149
10796.438   0.998688
10796.519   0.998242
10796.600   0.998022
10796.682   0.998079
10796.763   0.998346
10796.845   0.998799
10796.926   0.999342
10797.007   0.999840
10797.089   1.000205
10797.170   1.000269
10797.252   0.999857
10797.333   0.999020
10797.415   0.997850
10797.496   0.996247
10797.577   0.994147
10797.659   0.991528
10797.740   0.988488
10797.822   0.985472
10797.903   0.983006
10797.984   0.981522
10798.066   0.981468
10798.147   0.983044
10798.229   0.985969
10798.310   0.989576
10798.391   0.993073
10798.473   0.995737
10798.554   0.997249
10798.636   0.997857
10798.717   0.998046
10798.798   0.998201
10798.880   0.998498
10798.961   0.998916
10799.043   0.999291
10799.124   0.999502
10799.205   0.999556
10799.287   0.999467
10799.368   0.999142
10799.450   0.998502
10799.531   0.997712
10799.613   0.997096
10799.694   0.996803
10799.775   0.996704
10799.857   0.996677
10799.938   0.996728
10800.020   0.996881
10800.101   0.997098
10800.182   0.997355
10800.264   0.997720
10800.345   0.998173
10800.427   0.998626
10800.508   0.999098
10800.589   0.999578
10800.671   0.999901
10800.752   0.999872
10800.834   0.999415
10800.915   0.998637
10800.996   0.997891
10801.078   0.997483
10801.159   0.997351
10801.241   0.997245
10801.322   0.996925
10801.403   0.996274
10801.485   0.995342
10801.566   0.994216
10801.648   0.992890
10801.729   0.991123
10801.810   0.988336
10801.892   0.983368
10801.973   0.974528
10802.055   0.960118
10802.136   0.938966
10802.218   0.911697
10802.299   0.882381
10802.380   0.857065
10802.462   0.841778
10802.543   0.841312
10802.625   0.856247
10802.706   0.882710
10802.787   0.914037
10802.869   0.943407
10802.950   0.966199
10803.032   0.981262
10803.113   0.989808
10803.194   0.994035
10803.276   0.995890
10803.357   0.996631
10803.439   0.996969
10803.520   0.997228
10803.601   0.997596
10803.683   0.998139
10803.764   0.998850
10803.846   0.999517
10803.927   0.999755
10804.008   0.999477
10804.090   0.999129
10804.171   0.999123
10804.253   0.999416
10804.334   0.999795
10804.415   1.000040
10804.497   1.000034
10804.578   0.999919
10804.660   0.999883
10804.741   0.999998
10804.823   1.000288
10804.904   1.000624
10804.985   1.000735
10805.067   1.000516
10805.148   1.000105
10805.230   0.999640
10805.311   0.999244
10805.392   0.999059
10805.474   0.999065
10805.555   0.999136
10805.637   0.999218
10805.718   0.999309
10805.799   0.999270
10805.881   0.998757
10805.962   0.997558
10806.044   0.995539
10806.125   0.992462
10806.206   0.988281
10806.288   0.983104
10806.369   0.977293
10806.451   0.971899
10806.532   0.968371
10806.613   0.967841
10806.695   0.970764
10806.776   0.976389
10806.858   0.983224
10806.939   0.989812
10807.021   0.995151
10807.102   0.998753
10807.183   1.000638
10807.265   1.001314
10807.346   1.001419
10807.428   1.001266
10807.509   1.000830
10807.590   1.000163
10807.672   0.999524
10807.753   0.999189
10807.835   0.999293
10807.916   0.999759
10807.997   1.000383
10808.079   1.000947
10808.160   1.001256
10808.242   1.001175
10808.323   1.000744
10808.404   1.000198
10808.486   0.999687
10808.567   0.999220
10808.649   0.998778
10808.730   0.998147
10808.811   0.996947
10808.893   0.994953
10808.974   0.992051
10809.056   0.988314
10809.137   0.984342
10809.218   0.980967
10809.300   0.978977
10809.381   0.979033
10809.463   0.981073
10809.544   0.984436
10809.626   0.988421
10809.707   0.992295
10809.788   0.995592
10809.870   0.998380
10809.951   1.000591
10810.033   1.001788
10810.114   1.001808
10810.195   1.000913
10810.277   0.999453
10810.358   0.998113
10810.440   0.997551
10810.521   0.997810
10810.602   0.998503
10810.684   0.999248
10810.765   0.999796
10810.847   0.999965
10810.928   0.999683
10811.009   0.999011
10811.091   0.998138
10811.172   0.997280
10811.254   0.996628
10811.335   0.996360
10811.416   0.996426
10811.498   0.996444
10811.579   0.996043
10811.661   0.995193
10811.742   0.994168
10811.824   0.993448
10811.905   0.993345
10811.986   0.993493
10812.068   0.993323
10812.149   0.993041
10812.231   0.993354
10812.312   0.994553
10812.393   0.996331
10812.475   0.998019
10812.556   0.998730
10812.638   0.998023
10812.719   0.996405
10812.800   0.994567
10812.882   0.992952
10812.963   0.991701
10813.045   0.990162
10813.126   0.986994
10813.207   0.981118
10813.289   0.972019
10813.370   0.959493
10813.452   0.944454
10813.533   0.929080
10813.614   0.916672
10813.696   0.910650
10813.777   0.912767
10813.859   0.922423
10813.940   0.936921
10814.021   0.952448
10814.103   0.965840
10814.184   0.975806
10814.266   0.982441
10814.347   0.986768
10814.429   0.989719
10814.510   0.991495
10814.591   0.991914
10814.673   0.991074
10814.754   0.989437
10814.836   0.987625
10814.917   0.986412
10814.998   0.986380
10815.080   0.987456
10815.161   0.989293
10815.243   0.991503
10815.324   0.993609
10815.405   0.995317
10815.487   0.996655
10815.568   0.997633
10815.650   0.998165
10815.731   0.998358
10815.812   0.998569
10815.894   0.999002
10815.975   0.999431
10816.057   0.999523
10816.138   0.999131
10816.219   0.998457
10816.301   0.998181
10816.382   0.998835
10816.464   0.999764
10816.545   0.999703
10816.627   0.998564
10816.708   0.997537
10816.789   0.997423
10816.871   0.997936
10816.952   0.998570
10817.034   0.998902
10817.115   0.998682
10817.196   0.998147
10817.278   0.997686
10817.359   0.997324
10817.441   0.996852
10817.522   0.996324
10817.603   0.996019
10817.685   0.996088
10817.766   0.996323
10817.848   0.996434
10817.929   0.996403
10818.010   0.996335
10818.092   0.996198
10818.173   0.995850
10818.255   0.995068
10818.336   0.993635
10818.417   0.991464
10818.499   0.988634
10818.580   0.985293
10818.662   0.981731
10818.743   0.978326
10818.824   0.975603
10818.906   0.974274
10818.987   0.974816
10819.069   0.977096
10819.150   0.980603
10819.232   0.984612
10819.313   0.988448
10819.394   0.991948
10819.476   0.995187
10819.557   0.997825
10819.639   0.999282
10819.720   0.999397
10819.801   0.998461
10819.883   0.997013
10819.964   0.995633
10820.046   0.994671
10820.127   0.994032
10820.208   0.993451
10820.290   0.992802
10820.371   0.992069
10820.453   0.991417
10820.534   0.991194
10820.615   0.991489
10820.697   0.992095
10820.778   0.992975
10820.860   0.994206
10820.941   0.995639
10821.022   0.996894
10821.104   0.997633
10821.185   0.997796
10821.267   0.997574
10821.348   0.997251
10821.430   0.996993
10821.511   0.996927
10821.592   0.997217
10821.674   0.997840
10821.755   0.998520
10821.837   0.999010
10821.918   0.999199
10821.999   0.999083
10822.081   0.998832
10822.162   0.998574
10822.244   0.998303
10822.325   0.998065
10822.406   0.997980
10822.488   0.998144
10822.569   0.998563
10822.651   0.999081
10822.732   0.999479
10822.813   0.999760
10822.895   1.000056
10822.976   1.000202
10823.058   0.999926
10823.139   0.999283
10823.220   0.998483
10823.302   0.997811
10823.383   0.997725
10823.465   0.998399
10823.546   0.999331
10823.627   1.000027
10823.709   1.000398
10823.790   1.000455
10823.872   1.000186
10823.953   0.999614
10824.035   0.998909
10824.116   0.998401
10824.197   0.998240
10824.279   0.998203
10824.360   0.997993
10824.442   0.997448
10824.523   0.996569
10824.604   0.995581
10824.686   0.994778
10824.767   0.994091
10824.849   0.993257
10824.930   0.992402
10825.011   0.992032
10825.093   0.992447
10825.174   0.993466
10825.256   0.994778
10825.337   0.996135
10825.418   0.997321
10825.500   0.998180
10825.581   0.998699
10825.663   0.998982
10825.744   0.999134
10825.825   0.999136
10825.907   0.998982
10825.988   0.998774
10826.070   0.998611
10826.151   0.998572
10826.232   0.998657
10826.314   0.998791
10826.395   0.998976
10826.477   0.999275
10826.558   0.999632
10826.640   0.999929
10826.721   1.000101
10826.802   1.000145
10826.884   1.000122
10826.965   1.000090
10827.047   1.000059
10827.128   1.000192
10827.209   1.000652
10827.291   1.001235
10827.372   1.001588
10827.454   1.001547
10827.535   1.001088
10827.616   1.000290
10827.698   0.999403
10827.779   0.998680
10827.861   0.998184
10827.942   0.997882
10828.023   0.997896
10828.105   0.998464
10828.186   0.999465
10828.268   1.000381
10828.349   1.000838
10828.430   1.000758
10828.512   1.000208
10828.593   0.999550
10828.675   0.999200
10828.756   0.999164
10828.838   0.999255
10828.919   0.999286
10829.000   0.999046
10829.082   0.998643
10829.163   0.998519
10829.245   0.998808
10829.326   0.999104
10829.407   0.999142
10829.489   0.999072
10829.570   0.999063
10829.652   0.999189
10829.733   0.999432
10829.814   0.999602
10829.896   0.999519
10829.977   0.999442
10830.059   0.999885
10830.140   1.000788
10830.221   1.001306
10830.303   1.000846
10830.384   0.999816
10830.466   0.998887
10830.547   0.998357
10830.628   0.998352
10830.710   0.998794
10830.791   0.999330
10830.873   0.999580
10830.954   0.999298
10831.035   0.998454
10831.117   0.997441
10831.198   0.996838
10831.280   0.996931
10831.361   0.997603
10831.443   0.998410
10831.524   0.998888
10831.605   0.998872
10831.687   0.998516
10831.768   0.998122
10831.850   0.997960
10831.931   0.998104
10832.012   0.998407
10832.094   0.998696
10832.175   0.998917
10832.257   0.999076
10832.338   0.999122
10832.419   0.998971
10832.501   0.998737
10832.582   0.998773
10832.664   0.999197
10832.745   0.999629
10832.826   0.999716
10832.908   0.999448
10832.989   0.998840
10833.071   0.998107
10833.152   0.997735
10833.233   0.997863
10833.315   0.998291
10833.396   0.998788
10833.478   0.999014
10833.559   0.998744
10833.641   0.998194
10833.722   0.997727
10833.803   0.997736
10833.885   0.998560
10833.966   0.999935
10834.048   1.001157
10834.129   1.001588
10834.210   1.000725
10834.292   0.997951
10834.373   0.992455
10834.455   0.983391
10834.536   0.969663
10834.617   0.950226
10834.699   0.925749
10834.780   0.898399
10834.862   0.871898
10834.943   0.851758
10835.024   0.843296
10835.106   0.849271
10835.187   0.868983
10835.269   0.897214
10835.350   0.927075
10835.431   0.952779
10835.513   0.970926
10835.594   0.981585
10835.676   0.986871
10835.757   0.989155
10835.838   0.990248
10835.920   0.991167
10836.001   0.992067
10836.083   0.992702
10836.164   0.992612
10836.246   0.991417
10836.327   0.988771
10836.408   0.984196
10836.490   0.977392
10836.571   0.968398
10836.653   0.957931
10836.734   0.947603
10836.815   0.939520
10836.897   0.935838
10836.978   0.937959
10837.060   0.945411
10837.141   0.956492
10837.222   0.968691
10837.304   0.979395
10837.385   0.987084
10837.467   0.991606
10837.548   0.993629
10837.629   0.994201
10837.711   0.994246
10837.792   0.994334
10837.874   0.994652
10837.955   0.994899
10838.036   0.994877
10838.118   0.994898
10838.199   0.995312
10838.281   0.995905
10838.362   0.996131
10838.444   0.995918
10838.525   0.995745
10838.606   0.995873
10838.688   0.996035
10838.769   0.995943
10838.851   0.995573
10838.932   0.995050
10839.013   0.994566
10839.095   0.994311
10839.176   0.994296
10839.258   0.994287
10839.339   0.994110
10839.420   0.993778
10839.502   0.993381
10839.583   0.993201
10839.665   0.993482
10839.746   0.993906
10839.827   0.993947
10839.909   0.993419
10839.990   0.992423
10840.072   0.991251
10840.153   0.990317
10840.234   0.989620
10840.316   0.988482
10840.397   0.986353
10840.479   0.983345
10840.560   0.979708
10840.641   0.975600
10840.723   0.971269
10840.804   0.967203
10840.886   0.964236
10840.967   0.963288
10841.049   0.964989
10841.130   0.969355
10841.211   0.975387
10841.293   0.981645
10841.374   0.986946
10841.456   0.990738
10841.537   0.993158
10841.618   0.994714
10841.700   0.995842
10841.781   0.996686
10841.863   0.997133
10841.944   0.996958
10842.025   0.996262
10842.107   0.995674
10842.188   0.995695
10842.270   0.996206
10842.351   0.996888
10842.432   0.997368
10842.514   0.997216
10842.595   0.996414
10842.677   0.995443
10842.758   0.994693
10842.839   0.994263
10842.921   0.994120
10843.002   0.994064
10843.084   0.993811
10843.165   0.993181
10843.246   0.992020
10843.328   0.990136
10843.409   0.987381
10843.491   0.983832
10843.572   0.979981
10843.654   0.976619
10843.735   0.974649
10843.816   0.974837
10843.898   0.977301
10843.979   0.981477
10844.061   0.986317
10844.142   0.990791
10844.223   0.994357
10844.305   0.997069
10844.386   0.999142
10844.468   1.000674
10844.549   1.001647
10844.630   1.001952
10844.712   1.001558
10844.793   1.000801
10844.875   1.000112
10844.956   0.999616
10845.037   0.999190
10845.119   0.998594
10845.200   0.997659
10845.282   0.996384
10845.363   0.994994
10845.444   0.993688
10845.526   0.992172
10845.607   0.989781
10845.689   0.985710
10845.770   0.979409
10845.852   0.971216
10845.933   0.962389
10846.014   0.954801
10846.096   0.950642
10846.177   0.951301
10846.259   0.956348
10846.340   0.964396
10846.421   0.973436
10846.503   0.981505
10846.584   0.987590
10846.666   0.991531
10846.747   0.993733
10846.828   0.994969
10846.910   0.995888
10846.991   0.996794
10847.073   0.997747
10847.154   0.998620
10847.235   0.999281
10847.317   0.999596
10847.398   0.999480
10847.480   0.999238
10847.561   0.999320
10847.642   0.999650
10847.724   0.999758
10847.805   0.999454
10847.887   0.998988
10847.968   0.998635
10848.049   0.998550
10848.131   0.998784
10848.212   0.999142
10848.294   0.999312
10848.375   0.999190
10848.457   0.998915
10848.538   0.998609
10848.619   0.998298
10848.701   0.997994
10848.782   0.997768
10848.864   0.997728
10848.945   0.997937
10849.026   0.998375
10849.108   0.998881
10849.189   0.999256
10849.271   0.999384
10849.352   0.999293
10849.433   0.999029
10849.515   0.998519
10849.596   0.997865
10849.678   0.997430
10849.759   0.997404
10849.840   0.997768
10849.922   0.998553
10850.003   0.999603
10850.085   1.000455
10850.166   1.000759
10850.247   1.000550
10850.329   1.000121
10850.410   0.999888
10850.492   1.000154
10850.573   1.000893
10850.655   1.001733
10850.736   1.002144
10850.817   1.001906
10850.899   1.001317
10850.980   1.000853
10851.062   1.000687
10851.143   1.000606
10851.224   1.000396
10851.306   1.000122
10851.387   0.999936
10851.469   0.999851
10851.550   0.999877
10851.631   0.999956
10851.713   0.999799
10851.794   0.999003
10851.876   0.997346
10851.957   0.994930
10852.038   0.992042
10852.120   0.989034
10852.201   0.986401
10852.283   0.984734
10852.364   0.984363
10852.445   0.985207
10852.527   0.986927
10852.608   0.989047
10852.690   0.990843
10852.771   0.991531
10852.852   0.991026
10852.934   0.990049
10853.015   0.989135
10853.097   0.988517
10853.178   0.988567
10853.260   0.989416
10853.341   0.990788
10853.422   0.992568
10853.504   0.994503
10853.585   0.995918
10853.667   0.996269
10853.748   0.995484
10853.829   0.993773
10853.911   0.991420
10853.992   0.988884
10854.074   0.986595
10854.155   0.984916
10854.236   0.984369
10854.318   0.985219
10854.399   0.987054
10854.481   0.989234
10854.562   0.991061
10854.643   0.992014
10854.725   0.992275
10854.806   0.992363
10854.888   0.992436
10854.969   0.992412
10855.050   0.992347
10855.132   0.992276
10855.213   0.992081
10855.295   0.991515
10855.376   0.990348
10855.458   0.988590
10855.539   0.986652
10855.620   0.985381
10855.702   0.985535
10855.783   0.987235
10855.865   0.990015
10855.946   0.992833
10856.027   0.994615
10856.109   0.995293
10856.190   0.995725
10856.272   0.996433
10856.353   0.997298
10856.434   0.998129
10856.516   0.998750
10856.597   0.999035
10856.679   0.999010
10856.760   0.998762
10856.841   0.998420
10856.923   0.998090
10857.004   0.997854
10857.086   0.997829
10857.167   0.998101
10857.248   0.998650
10857.330   0.999417
10857.411   1.000114
10857.493   1.000329
10857.574   1.000020
10857.655   0.999475
10857.737   0.999022
10857.818   0.998921
10857.900   0.999122
10857.981   0.999212
10858.063   0.998953
10858.144   0.998644
10858.225   0.998623
10858.307   0.998835
10858.388   0.999098
10858.470   0.999100
10858.551   0.998523
10858.632   0.997591
10858.714   0.996927
10858.795   0.996771
10858.877   0.996881
10858.958   0.997089
10859.039   0.997368
10859.121   0.997610
10859.202   0.997316
10859.284   0.995914
10859.365   0.993465
10859.446   0.990467
10859.528   0.986958
10859.609   0.982148
10859.691   0.974889
10859.772   0.963878
10859.853   0.948131
10859.935   0.928335
10860.016   0.906576
10860.098   0.886414
10860.179   0.872825
10860.261   0.869714
10860.342   0.878167
10860.423   0.896636
10860.505   0.920321
10860.586   0.943479
10860.668   0.961980
10860.749   0.973923
10860.830   0.980040
10860.912   0.982443
10860.993   0.982864
10861.075   0.982390
10861.156   0.981830
10861.237   0.981705
10861.319   0.982278
10861.400   0.983535
10861.482   0.985174
10861.563   0.986581
10861.644   0.987374
10861.726   0.987708
10861.807   0.987719
10861.889   0.987111
10861.970   0.985437
10862.051   0.982013
10862.133   0.975779
10862.214   0.965533
10862.296   0.949793
10862.377   0.927292
10862.458   0.897794
10862.540   0.861486
10862.621   0.819983
10862.703   0.777584
10862.784   0.740623
10862.866   0.716396
10862.947   0.710602
10863.028   0.725023
10863.110   0.758226
10863.191   0.804076
10863.273   0.853741
10863.354   0.899185
10863.435   0.934803
10863.517   0.958685
10863.598   0.972879
10863.680   0.980662
10863.761   0.984918
10863.842   0.987648
10863.924   0.989711
10864.005   0.991372
10864.087   0.992756
10864.168   0.994009
10864.249   0.995105
10864.331   0.995985
10864.412   0.996674
10864.494   0.997061
10864.575   0.996981
10864.656   0.996459
10864.738   0.995692
10864.819   0.995100
10864.901   0.995142
10864.982   0.995841
10865.063   0.996886
10865.145   0.997914
10865.226   0.998579
10865.308   0.998606
10865.389   0.997938
10865.471   0.996898
10865.552   0.996008
10865.633   0.995410
10865.715   0.994687
10865.796   0.993392
10865.878   0.991445
10865.959   0.989054
10866.040   0.986384
10866.122   0.983498
10866.203   0.980660
10866.285   0.978473
10866.366   0.977499
10866.447   0.978056
10866.529   0.980212
10866.610   0.983593
10866.692   0.987483
10866.773   0.991080
10866.854   0.993906
10866.936   0.995873
10867.017   0.997116
10867.099   0.997808
10867.180   0.998178
10867.261   0.998415
10867.343   0.998640
10867.424   0.999084
10867.506   1.000007
10867.587   1.001395
10867.669   1.002657
10867.750   1.002954
10867.831   1.002083
10867.913   1.000704
10867.994   0.999464
10868.076   0.998633
10868.157   0.998408
10868.238   0.998823
10868.320   0.999553
10868.401   1.000083
10868.483   1.000303
10868.564   1.000298
10868.645   0.999952
10868.727   0.999423
10868.808   0.999232
10868.890   0.999486
10868.971   0.999753
10869.052   0.999776
10869.134   0.999503
10869.215   0.998862
10869.297   0.997984
10869.378   0.997056
10869.459   0.996304
10869.541   0.996022
10869.622   0.996324
10869.704   0.997088
10869.785   0.998008
10869.866   0.998530
10869.948   0.998207
10870.029   0.997152
10870.111   0.995754
10870.192   0.994360
10870.274   0.993043
10870.355   0.991239
10870.436   0.987897
10870.518   0.982301
10870.599   0.974281
10870.681   0.964035
10870.762   0.952670
10870.843   0.942009
10870.925   0.933843
10871.006   0.929942
10871.088   0.931489
10871.169   0.938277
10871.250   0.948970
10871.332   0.961167
10871.413   0.972238
10871.495   0.980192
10871.576   0.984106
10871.657   0.984107
10871.739   0.980738
10871.820   0.975087
10871.902   0.968551
10871.983   0.962526
10872.064   0.958578
10872.146   0.957886
10872.227   0.960589
10872.309   0.966122
10872.390   0.973221
10872.472   0.980352
10872.553   0.986496
10872.634   0.991250
10872.716   0.994474
10872.797   0.996241
10872.879   0.996934
10872.960   0.997139
10873.041   0.997130
10873.123   0.996846
10873.204   0.996436
10873.286   0.996426
10873.367   0.997152
10873.448   0.998213
10873.530   0.998983
10873.611   0.999170
10873.693   0.998900
10873.774   0.998497
10873.855   0.998210
10873.937   0.998111
10874.018   0.998238
10874.100   0.998660
10874.181   0.999209
10874.262   0.999475
10874.344   0.999203
10874.425   0.998536
10874.507   0.997895
10874.588   0.997724
10874.669   0.998185
10874.751   0.998942
10874.832   0.999639
10874.914   1.000165
10874.995   1.000461
10875.077   1.000413
10875.158   1.000031
10875.239   0.999566
10875.321   0.999245
10875.402   0.999240
10875.484   0.999651
10875.565   1.000319
10875.646   1.000886
10875.728   1.001145
10875.809   1.000989
10875.891   1.000394
10875.972   0.999875
10876.053   0.999922
10876.135   1.000306
10876.216   1.000673
10876.298   1.000959
10876.379   1.001147
10876.460   1.001185
10876.542   1.001103
10876.623   1.000929
10876.705   1.000728
10876.786   1.000618
10876.867   1.000516
10876.949   1.000234
10877.030   0.999779
10877.112   0.999317
10877.193   0.998740
10877.275   0.997425
10877.356   0.994690
10877.437   0.990238
10877.519   0.984286
10877.600   0.977783
10877.682   0.971954
10877.763   0.967795
10877.844   0.966379
10877.926   0.968319
10878.007   0.973017
10878.089   0.979185
10878.170   0.985296
10878.251   0.990078
10878.333   0.993155
10878.414   0.994947
10878.496   0.996061
10878.577   0.996963
10878.658   0.997598
10878.740   0.997588
10878.821   0.996990
10878.903   0.996061
10878.984   0.994461
10879.065   0.991592
10879.147   0.988034
10879.228   0.986222
10879.310   0.987897
10879.391   0.991601
10879.472   0.994902
10879.554   0.997129
10879.635   0.998737
10879.717   0.999942
10879.798   1.000821
10879.880   1.001370
10879.961   1.001348
10880.042   1.000709
10880.124   1.000020
10880.205   0.999853
10880.287   1.000156
10880.368   1.000541
10880.449   1.000714
10880.531   1.000494
10880.612   0.999880
10880.694   0.999201
10880.775   0.998761
10880.856   0.998568
10880.938   0.998590
10881.019   0.998764
10881.101   0.998806
10881.182   0.998470
10881.263   0.997876
10881.345   0.997374
10881.426   0.997260
10881.508   0.997580
10881.589   0.998034
10881.670   0.998207
10881.752   0.997931
10881.833   0.997453
10881.915   0.997246
10881.996   0.997637
10882.077   0.998602
10882.159   0.999796
10882.240   1.000619
10882.322   1.000541
10882.403   0.999706
10882.485   0.998947
10882.566   0.998814
10882.647   0.999084
10882.729   0.999311
10882.810   0.999346
10882.892   0.999286
10882.973   0.999253
10883.054   0.999486
10883.136   1.000080
10883.217   1.000553
10883.299   1.000451
10883.380   0.999933
10883.461   0.999315
10883.543   0.998811
10883.624   0.998663
10883.706   0.998872
10883.787   0.999112
10883.868   0.999113
10883.950   0.998860
10884.031   0.998394
10884.113   0.997482
10884.194   0.995882
10884.275   0.993752
10884.357   0.991238
10884.438   0.988053
10884.520   0.983718
10884.601   0.978082
10884.683   0.971256
10884.764   0.963754
10884.845   0.956894
10884.927   0.952088
10885.008   0.950225
10885.090   0.951970
10885.171   0.957445
10885.252   0.965545
10885.334   0.974454
10885.415   0.982384
10885.497   0.988144
10885.578   0.991619
10885.659   0.993333
10885.741   0.994091
10885.822   0.994616
10885.904   0.995234
10885.985   0.995950
10886.066   0.996633
10886.148   0.997133
10886.229   0.997382
10886.311   0.997395
10886.392   0.997129
10886.473   0.996518
10886.555   0.995799
10886.636   0.995558
10886.718   0.996178
10886.799   0.997433
10886.880   0.998738
10886.962   0.999420
10887.043   0.999170
10887.125   0.998478
10887.206   0.998115
10887.288   0.998220
10887.369   0.998353
10887.450   0.998247
10887.532   0.998032
10887.613   0.997970
10887.695   0.998240
10887.776   0.998741
10887.857   0.999145
10887.939   0.999139
10888.020   0.998533
10888.102   0.997451
10888.183   0.996425
10888.264   0.995988
10888.346   0.996242
10888.427   0.996878
10888.509   0.997586
10888.590   0.998181
10888.671   0.998602
10888.753   0.998791
10888.834   0.998613
10888.916   0.997954
10888.997   0.996723
10889.078   0.994952
10889.160   0.992973
10889.241   0.991155
10889.323   0.989676
10889.404   0.988717
10889.486   0.988414
10889.567   0.988640
10889.648   0.989074
10889.730   0.989589
10889.811   0.990279
10889.893   0.991304
10889.974   0.992736
10890.055   0.994275
10890.137   0.995528
10890.218   0.996407
10890.300   0.996951
10890.381   0.997106
10890.462   0.996963
10890.544   0.996836
10890.625   0.996886
10890.707   0.996959
10890.788   0.996635
10890.869   0.995281
10890.951   0.992282
10891.032   0.987368
10891.114   0.980594
10891.195   0.971943
10891.276   0.961621
10891.358   0.950391
10891.439   0.938953
10891.521   0.927776
10891.602   0.917727
10891.683   0.910459
10891.765   0.907891
10891.846   0.911417
10891.928   0.921373
10892.009   0.936369
10892.091   0.953267
10892.172   0.968869
10892.253   0.981266
10892.335   0.989667
10892.416   0.994218
10892.498   0.995832
10892.579   0.995632
10892.660   0.994205
10892.742   0.992111
10892.823   0.990186
10892.905   0.989043
10892.986   0.988997
10893.067   0.990018
10893.149   0.991584
10893.230   0.993130
10893.312   0.994532
10893.393   0.995846
10893.474   0.996981
10893.556   0.997807
10893.637   0.998240
10893.719   0.998349
10893.800   0.998365
10893.881   0.998287
10893.963   0.998012
10894.044   0.997678
10894.126   0.997297
10894.207   0.996627
10894.289   0.995482
10894.370   0.993677
10894.451   0.990846
10894.533   0.986560
10894.614   0.980323
10894.696   0.971680
10894.777   0.960719
10894.858   0.948270
10894.940   0.935586
10895.021   0.924283
10895.103   0.916645
10895.184   0.915097
10895.265   0.925669
10895.347   0.936050
10895.428   0.950545
10895.510   0.965900
10895.591   0.978910
10895.672   0.987996
10895.754   0.993360
10895.835   0.996289
10895.917   0.997936
10895.998   0.998948
10896.079   0.999492
10896.161   0.999552
10896.242   0.999361
10896.324   0.999228
10896.405   0.999057
10896.486   0.998708
10896.568   0.998368
10896.649   0.998085
10896.731   0.997798
10896.812   0.997710
10896.894   0.997977
10896.975   0.998457
10897.056   0.998941
10897.138   0.999203
10897.219   0.999122
10897.301   0.998897
10897.382   0.998832
10897.463   0.998944
10897.545   0.999076
10897.626   0.999173
10897.708   0.999166
10897.789   0.999057
10897.870   0.999105
10897.952   0.999531
10898.033   1.000268
10898.115   1.001025
10898.196   1.001439
10898.277   1.001337
10898.359   1.001129
10898.440   1.001401
10898.522   1.002298
10898.603   1.003513
10898.684   1.004126
10898.766   1.003332
10898.847   1.001468
10898.929   0.999509
10899.010   0.998068
10899.092   0.997311
10899.173   0.997203
10899.254   0.997463
10899.336   0.997795
10899.417   0.998057
10899.499   0.998164
10899.580   0.997922
10899.661   0.997178
10899.743   0.996289
10899.824   0.995744
10899.906   0.995658
10899.987   0.995941
10900.068   0.996420
10900.150   0.996960
10900.231   0.997565
10900.313   0.998088
10900.394   0.998972
10900.475   0.999213
10900.557   0.998137
10900.638   0.996804
10900.720   0.995801
10900.801   0.995562
10900.882   0.995711
10900.964   0.995366
10901.045   0.993708
10901.127   0.990352
10901.208   0.985851
10901.289   0.981131
10901.371   0.976780
10901.452   0.973156
10901.534   0.970386
10901.615   0.968541
10901.697   0.968001
10901.778   0.969233
10901.859   0.972272
10901.941   0.976423
10902.022   0.980778
10902.104   0.984705
10902.185   0.987845
10902.266   0.990163
10902.348   0.991929
10902.429   0.993366
10902.511   0.994567
10902.592   0.995440
10902.673   0.995559
10902.755   0.994553
10902.836   0.992744
10902.918   0.990792
10902.999   0.989229
10903.080   0.988251
10903.162   0.986893
10903.243   0.983061
10903.325   0.975136
10903.406   0.962390
10903.487   0.944476
10903.569   0.922616
10903.650   0.899164
10903.732   0.876592
10903.813   0.857881
10903.894   0.846634
10903.976   0.846096
10904.057   0.857419
10904.139   0.878270
10904.220   0.904601
10904.302   0.931491
10904.383   0.954381
10904.464   0.970893
10904.546   0.981136
10904.627   0.986812
10904.709   0.989729
10904.790   0.991380
10904.871   0.992934
10904.953   0.994658
10905.034   0.995750
10905.116   0.995719
10905.197   0.994992
10905.278   0.994068
10905.360   0.993433
10905.441   0.993580
10905.523   0.994360
10905.604   0.995289
10905.685   0.995961
10905.767   0.995849
10905.848   0.994612
10905.930   0.992333
10906.011   0.988915
10906.092   0.983930
10906.174   0.977277
10906.255   0.969590
10906.337   0.961601
10906.418   0.953945
10906.500   0.947604
10906.581   0.943789
10906.662   0.943613
10906.744   0.947554
10906.825   0.954787
10906.907   0.963807
10906.988   0.973079
10907.069   0.981292
10907.151   0.987662
10907.232   0.992111
10907.314   0.994736
10907.395   0.995808
10907.476   0.995900
10907.558   0.995582
10907.639   0.995096
10907.721   0.994468
10907.802   0.993795
10907.883   0.993197
10907.965   0.992705
10908.046   0.992485
10908.128   0.992822
10908.209   0.993633
10908.290   0.994654
10908.372   0.995699
10908.453   0.996547
10908.535   0.997043
10908.616   0.997257
10908.697   0.997237
10908.779   0.997023
10908.860   0.996853
10908.942   0.996808
10909.023   0.996633
10909.105   0.996195
10909.186   0.995597
10909.267   0.995094
10909.349   0.995191
10909.430   0.996312
10909.512   0.997921
10909.593   0.998917
10909.674   0.998827
10909.756   0.997979
10909.837   0.996985
10909.919   0.996366
10910.000   0.996385
