10657.080   0.999492
10657.162   0.999845
10657.243   1.000315
10657.324   1.000763
10657.406   1.000793
10657.487   1.000444
10657.568   1.000152
10657.650   1.000013
10657.731   0.999735
10657.813   0.999195
10657.894   0.998621
10657.975   0.998218
10658.057   0.998006
10658.138   0.997903
10658.220   0.997831
10658.301   0.997711
10658.382   0.997523
10658.464   0.997427
10658.545   0.997573
10658.626   0.998014
10658.708   0.998651
10658.789   0.999143
10658.871   0.999189
10658.952   0.998885
10659.033   0.998577
10659.115   0.998520
10659.196   0.998789
10659.278   0.999199
10659.359   0.999350
10659.440   0.999015
10659.522   0.998424
10659.603   0.998029
10659.684   0.998103
10659.766   0.998574
10659.847   0.998984
10659.929   0.998833
10660.010   0.998059
10660.091   0.996985
10660.173   0.996071
10660.254   0.995845
10660.336   0.996566
10660.417   0.997698
10660.498   0.998453
10660.580   0.998601
10660.661   0.998359
10660.742   0.998082
10660.824   0.998146
10660.905   0.998652
10660.987   0.999314
10661.068   0.999841
10661.149   1.000026
10661.231   0.999758
10661.312   0.999212
10661.394   0.998619
10661.475   0.998082
10661.556   0.997669
10661.638   0.997424
10661.719   0.997310
10661.800   0.997381
10661.882   0.997784
10661.963   0.998464
10662.045   0.999128
10662.126   0.999609
10662.207   1.000083
10662.289   1.000666
10662.370   1.001228
10662.452   1.001590
10662.533   1.001571
10662.614   1.001100
10662.696   1.000382
10662.777   0.999773
10662.858   0.999435
10662.940   0.999345
10663.021   0.999363
10663.103   0.999165
10663.184   0.998578
10663.265   0.997806
10663.347   0.997219
10663.428   0.997025
10663.510   0.997280
10663.591   0.997942
10663.672   0.998789
10663.754   0.999686
10663.835   1.000658
10663.916   1.001664
10663.998   1.002531
10664.079   1.003006
10664.161   1.002866
10664.242   1.002017
10664.323   1.000661
10664.405   0.999315
10664.486   0.998516
10664.568   0.998370
10664.649   0.998715
10664.730   0.999390
10664.812   1.000302
10664.893   1.001298
10664.974   1.002035
10665.056   1.002014
10665.137   1.001108
10665.219   0.999872
10665.300   0.998969
10665.381   0.998675
10665.463   0.998867
10665.544   0.999222
10665.626   0.999402
10665.707   0.999298
10665.788   0.999054
10665.870   0.998812
10665.951   0.998584
10666.032   0.998360
10666.114   0.998176
10666.195   0.998002
10666.277   0.997821
10666.358   0.997762
10666.439   0.997894
10666.521   0.998152
10666.602   0.998474
10666.684   0.998808
10666.765   0.999005
10666.846   0.999007
10666.928   0.998939
10667.009   0.998772
10667.090   0.998391
10667.172   0.997853
10667.253   0.997198
10667.335   0.996416
10667.416   0.995757
10667.497   0.995563
10667.579   0.995822
10667.660   0.996241
10667.742   0.996751
10667.823   0.997517
10667.904   0.998515
10667.986   0.999558
10668.067   1.000427
10668.148   1.000897
10668.230   1.000921
10668.311   1.000660
10668.393   1.000213
10668.474   0.999645
10668.555   0.999118
10668.637   0.998731
10668.718   0.998648
10668.800   0.999003
10668.881   0.999651
10668.962   1.000355
10669.044   1.000859
10669.125   1.000872
10669.206   1.000341
10669.288   0.999566
10669.369   0.998987
10669.451   0.998980
10669.532   0.999558
10669.613   1.000319
10669.695   1.000988
10669.776   1.001515
10669.858   1.001814
10669.939   1.001914
10670.020   1.001972
10670.102   1.002029
10670.183   1.001881
10670.264   1.001378
10670.346   1.000678
10670.427   1.000064
10670.509   0.999720
10670.590   0.999704
10670.671   1.000033
10670.753   1.000631
10670.834   1.001231
10670.916   1.001559
10670.997   1.001592
10671.078   1.001547
10671.160   1.001637
10671.241   1.001927
10671.322   1.002353
10671.404   1.002661
10671.485   1.002633
10671.567   1.002312
10671.648   1.001847
10671.729   1.001440
10671.811   1.001327
10671.892   1.001537
10671.974   1.002059
10672.055   1.002229
10672.136   1.002034
10672.218   1.001598
10672.299   1.001102
10672.380   1.000725
10672.462   1.000434
10672.543   1.000071
10672.625   0.999684
10672.706   0.999429
10672.787   0.999170
10672.869   0.998590
10672.950   0.997555
10673.032   0.996213
10673.113   0.994954
10673.194   0.994259
10673.276   0.994443
10673.357   0.995476
10673.438   0.997049
10673.520   0.998794
10673.601   1.000423
10673.683   1.001678
10673.764   1.002363
10673.845   1.002445
10673.927   1.001934
10674.008   1.000899
10674.090   0.999695
10674.171   0.998777
10674.252   0.998401
10674.334   0.998598
10674.415   0.999180
10674.496   0.999670
10674.578   0.999732
10674.659   0.999640
10674.741   0.999804
10674.822   1.000082
10674.903   1.000026
10674.985   0.999542
10675.066   0.998883
10675.148   0.998271
10675.229   0.997898
10675.310   0.997867
10675.392   0.997929
10675.473   0.997828
10675.554   0.997836
10675.636   0.998310
10675.717   0.999099
10675.799   0.999760
10675.880   1.000020
10675.961   0.999885
10676.043   0.999521
10676.124   0.999155
10676.206   0.998856
10676.287   0.998511
10676.368   0.998102
10676.450   0.997731
10676.531   0.997475
10676.612   0.997466
10676.694   0.997809
10676.775   0.998353
10676.857   0.998826
10676.938   0.999076
10677.019   0.999048
10677.101   0.998812
10677.182   0.998520
10677.264   0.998242
10677.345   0.997979
10677.426   0.997709
10677.508   0.997375
10677.589   0.996900
10677.670   0.996394
10677.752   0.996111
10677.833   0.996222
10677.915   0.996859
10677.996   0.997976
10678.077   0.999245
10678.159   1.000286
10678.240   1.000799
10678.322   1.000681
10678.403   1.000166
10678.484   0.999615
10678.566   0.999172
10678.647   0.998830
10678.728   0.998600
10678.810   0.998617
10678.891   0.999066
10678.973   0.999802
10679.054   1.000441
10679.135   1.000729
10679.217   1.000478
10679.298   0.999651
10679.380   0.998605
10679.461   0.997759
10679.542   0.997308
10679.624   0.997358
10679.705   0.997832
10679.786   0.998547
10679.868   0.999386
10679.949   1.000138
10680.031   1.001045
10680.112   0.998496
10680.193   0.999437
10680.275   0.999887
10680.356   0.999674
10680.438   0.998806
10680.519   0.997497
10680.600   0.996176
10680.682   0.995282
10680.763   0.995008
10680.844   0.995235
10680.926   0.995785
10681.007   0.996595
10681.089   0.997654
10681.170   0.998846
10681.251   0.999954
10681.333   1.000719
10681.414   1.000944
10681.496   1.000656
10681.577   1.000072
10681.658   0.999468
10681.740   0.998986
10681.821   0.998628
10681.902   0.998450
10681.984   0.998519
10682.065   0.998802
10682.147   0.999128
10682.228   0.999235
10682.309   0.999072
10682.391   0.998879
10682.472   0.998869
10682.554   0.999063
10682.635   0.999475
10682.716   1.000090
10682.798   1.000669
10682.879   1.000891
10682.960   1.000707
10683.042   1.000309
10683.123   0.999769
10683.205   0.998995
10683.286   0.998220
10683.367   0.997949
10683.449   0.998248
10683.530   0.998677
10683.612   0.998912
10683.693   0.998985
10683.774   0.998983
10683.856   0.998888
10683.937   0.998639
10684.018   0.998142
10684.100   0.997262
10684.181   0.995983
10684.263   0.994593
10684.344   0.993613
10684.425   0.993288
10684.507   0.993520
10684.588   0.994223
10684.670   0.995259
10684.751   0.996346
10684.832   0.997340
10684.914   0.998170
10684.995   0.998728
10685.076   0.999001
10685.158   0.999073
10685.239   0.999101
10685.321   0.999096
10685.402   0.998959
10685.483   0.998819
10685.565   0.998895
10685.646   0.999169
10685.728   0.999555
10685.809   1.000071
10685.890   1.000684
10685.972   1.001272
10686.053   1.001715
10686.134   1.001846
10686.216   1.001577
10686.297   1.001005
10686.379   1.000342
10686.460   0.999770
10686.541   0.999279
10686.623   0.998770
10686.704   0.998359
10686.786   0.998240
10686.867   0.998469
10686.948   0.999077
10687.030   0.999982
10687.111   1.000811
10687.192   1.001347
10687.274   1.001717
10687.355   1.001964
10687.437   1.002052
10687.518   1.002035
10687.599   1.001906
10687.681   1.001674
10687.762   1.001516
10687.844   1.001562
10687.925   1.001735
10688.006   1.001862
10688.088   1.001872
10688.169   1.001753
10688.250   1.001509
10688.332   1.001172
10688.413   1.000774
10688.495   1.000295
10688.576   0.999694
10688.657   0.999000
10688.739   0.998253
10688.820   0.997517
10688.902   0.997031
10688.983   0.996991
10689.064   0.997176
10689.146   0.997240
10689.227   0.997200
10689.308   0.997298
10689.390   0.997714
10689.471   0.998522
10689.553   0.999627
10689.634   1.000803
10689.715   1.001857
10689.797   1.002600
10689.878   1.002829
10689.960   1.002484
10690.041   1.001689
10690.122   1.000644
10690.204   0.999539
10690.285   0.998509
10690.366   0.997593
10690.448   0.996738
10690.529   0.995817
10690.611   0.994748
10690.692   0.993550
10690.773   0.992302
10690.855   0.991207
10690.936   0.990550
10691.018   0.990466
10691.099   0.990966
10691.180   0.991866
10691.262   0.992583
10691.343   0.992553
10691.424   0.991618
10691.506   0.989848
10691.587   0.987459
10691.669   0.984970
10691.750   0.983263
10691.831   0.983263
10691.913   0.985348
10691.994   0.988982
10692.076   0.993072
10692.157   0.996537
10692.238   0.998746
10692.320   0.999725
10692.401   0.999883
10692.482   0.999686
10692.564   0.999413
10692.645   0.999184
10692.727   0.999022
10692.808   0.998840
10692.889   0.998551
10692.971   0.998261
10693.052   0.998171
10693.134   0.998384
10693.215   0.998915
10693.296   0.999558
10693.378   0.999974
10693.459   1.000048
10693.540   0.999916
10693.622   0.999808
10693.703   0.999986
10693.785   1.000455
10693.866   1.000857
10693.947   1.000894
10694.029   1.000560
10694.110   1.000122
10694.192   0.999935
10694.273   1.000120
10694.354   1.000492
10694.436   1.000882
10694.517   1.001324
10694.598   1.001699
10694.680   1.001743
10694.761   1.001391
10694.843   1.000813
10694.924   1.000294
10695.005   1.000144
10695.087   1.000514
10695.168   1.001054
10695.250   1.001026
10695.331   0.999971
10695.412   0.998052
10695.494   0.995753
10695.575   0.993657
10695.656   0.992427
10695.738   0.992740
10695.819   0.994613
10695.901   0.996950
10695.982   0.998463
10696.063   0.998556
10696.145   0.997379
10696.226   0.995756
10696.308   0.994844
10696.389   0.995249
10696.470   0.996698
10696.552   0.998568
10696.633   1.000045
10696.714   1.000471
10696.796   1.000010
10696.877   0.999309
10696.959   0.998938
10697.040   0.999282
10697.121   1.000275
10697.203   1.001333
10697.284   1.001985
10697.366   1.002201
10697.447   1.002041
10697.528   1.001602
10697.610   1.001109
10697.691   1.000926
10697.772   1.001366
10697.854   1.002253
10697.935   1.003046
10698.017   1.003242
10698.098   1.002618
10698.179   1.001434
10698.261   1.000368
10698.342   0.999882
10698.424   0.999754
10698.505   0.999554
10698.586   0.999139
10698.668   0.998569
10698.749   0.997924
10698.830   0.997327
10698.912   0.996778
10698.993   0.995911
10699.075   0.994258
10699.156   0.991779
10699.237   0.988835
10699.319   0.986060
10699.400   0.984277
10699.482   0.984063
10699.563   0.985466
10699.644   0.988099
10699.726   0.991350
10699.807   0.994604
10699.888   0.997442
10699.970   0.999665
10700.051   1.001098
10700.133   1.001575
10700.214   1.001129
10700.295   0.999968
10700.377   0.998585
10700.458   0.997683
10700.540   0.997623
10700.621   0.998187
10700.702   0.998921
10700.784   0.999463
10700.865   0.999692
10700.946   0.999851
10701.028   1.000251
10701.109   1.000838
10701.191   1.001327
10701.272   1.001645
10701.353   1.001856
10701.435   1.001893
10701.516   1.001644
10701.598   1.001118
10701.679   1.000385
10701.760   0.999573
10701.842   0.998940
10701.923   0.998696
10702.004   0.998756
10702.086   0.998947
10702.167   0.999195
10702.249   0.999490
10702.330   0.999829
10702.411   1.000170
10702.493   1.000467
10702.574   1.000654
10702.656   1.000524
10702.737   0.999888
10702.818   0.998825
10702.900   0.997658
10702.981   0.996791
10703.062   0.996641
10703.144   0.997408
10703.225   0.998761
10703.307   1.000009
10703.388   1.000632
10703.469   1.000560
10703.551   1.000033
10703.632   0.999463
10703.714   0.999068
10703.795   0.998763
10703.876   0.998487
10703.958   0.998226
10704.039   0.997941
10704.120   0.997670
10704.202   0.997527
10704.283   0.997625
10704.365   0.998055
10704.446   0.998764
10704.527   0.999472
10704.609   0.999964
10704.690   1.000134
10704.772   0.999856
10704.853   0.999265
10704.934   0.998809
10705.016   0.998734
10705.097   0.998979
10705.178   0.999425
10705.260   0.999856
10705.341   0.999962
10705.423   0.999746
10705.504   0.999578
10705.585   0.999692
10705.667   0.999941
10705.748   1.000118
10705.830   1.000117
10705.911   0.999863
10705.992   0.999563
10706.074   0.999647
10706.155   1.000132
10706.236   1.000631
10706.318   1.000896
10706.399   1.000831
10706.481   1.000377
10706.562   0.999731
10706.643   0.999166
10706.725   0.998668
10706.806   0.998205
10706.888   0.997966
10706.969   0.998105
10707.050   0.998492
10707.132   0.998815
10707.213   0.998903
10707.294   0.998848
10707.376   0.998820
10707.457   0.998932
10707.539   0.999148
10707.620   0.999382
10707.701   0.999727
10707.783   1.000388
10707.864   1.001305
10707.946   1.001936
10708.027   1.001741
10708.108   1.000765
10708.190   0.999514
10708.271   0.998290
10708.352   0.997037
10708.434   0.995826
10708.515   0.994960
10708.597   0.994693
10708.678   0.994954
10708.759   0.995511
10708.841   0.996238
10708.922   0.997106
10709.004   0.998080
10709.085   0.998997
10709.166   0.999700
10709.248   1.000077
10709.329   1.000017
10709.410   0.999578
10709.492   0.998967
10709.573   0.998344
10709.655   0.997869
10709.736   0.997667
10709.817   0.997656
10709.899   0.997760
10709.980   0.998021
10710.062   0.998343
10710.143   0.998624
10710.224   0.998916
10710.306   0.999226
10710.387   0.999513
10710.468   0.999916
10710.550   1.000617
10710.631   1.001523
10710.713   1.002311
10710.794   1.002637
10710.875   1.002257
10710.957   1.001246
10711.038   1.000127
10711.120   0.999521
10711.201   0.999670
10711.282   1.000323
10711.364   1.001070
10711.445   1.001607
10711.526   1.001730
10711.608   1.001388
10711.689   1.000707
10711.771   0.999850
10711.852   0.998988
10711.933   0.998513
10712.015   0.998764
10712.096   0.999307
10712.178   0.999288
10712.259   0.998447
10712.340   0.997200
10712.422   0.996191
10712.503   0.996142
10712.584   0.997271
10712.666   0.998731
10712.747   0.999559
10712.829   0.999570
10712.910   0.999037
10712.991   0.998352
10713.073   0.998000
10713.154   0.998297
10713.236   0.999114
10713.317   1.000142
10713.398   1.001063
10713.480   1.001593
10713.561   1.001713
10713.642   1.001631
10713.724   1.001527
10713.805   1.001514
10713.887   1.001635
10713.968   1.001823
10714.049   1.001952
10714.131   1.001883
10714.212   1.001480
10714.294   1.000686
10714.375   0.999615
10714.456   0.998614
10714.538   0.997992
10714.619   0.997882
10714.700   0.998305
10714.782   0.999019
10714.863   0.999598
10714.945   0.999828
10715.026   0.999822
10715.107   0.999733
10715.189   0.999559
10715.270   0.999394
10715.352   0.999655
10715.433   1.000590
10715.514   1.001742
10715.596   1.002340
10715.677   1.002054
10715.758   1.001091
10715.840   0.999820
10715.921   0.998538
10716.003   0.997324
10716.084   0.996012
10716.165   0.994512
10716.247   0.993077
10716.328   0.992212
10716.410   0.992384
10716.491   0.993714
10716.572   0.995886
10716.654   0.998154
10716.735   0.999869
10716.816   1.000916
10716.898   1.001457
10716.979   1.001532
10717.061   1.001147
10717.142   1.000378
10717.223   0.999267
10717.305   0.998107
10717.386   0.997500
10717.468   0.997771
10717.549   0.998617
10717.630   0.999495
10717.712   0.999813
10717.793   0.999134
10717.874   0.997719
10717.956   0.996297
10718.037   0.995336
10718.119   0.994953
10718.200   0.995040
10718.281   0.995283
10718.363   0.995528
10718.444   0.996031
10718.526   0.997052
10718.607   0.998464
10718.688   0.999897
10718.770   1.000898
10718.851   1.001108
10718.932   1.000545
10719.014   0.999612
10719.095   0.998811
10719.177   0.998355
10719.258   0.998167
10719.339   0.998182
10719.421   0.998491
10719.502   0.999215
10719.584   1.000286
10719.665   1.001250
10719.746   1.001564
10719.828   1.001139
10719.909   1.000274
10719.990   0.999356
10720.072   0.998753
10720.153   0.998557
10720.235   0.998338
10720.316   0.997467
10720.397   0.995546
10720.479   0.992529
10720.560   0.988739
10720.642   0.984873
10720.723   0.981902
10720.804   0.980753
10720.886   0.981825
10720.967   0.984800
10721.048   0.988872
10721.130   0.992913
10721.211   0.996038
10721.293   0.997997
10721.374   0.998916
10721.455   0.999149
10721.537   0.999193
10721.618   0.999331
10721.700   0.999559
10721.781   0.999867
10721.862   1.000199
10721.944   1.000406
10722.025   1.000453
10722.106   1.000456
10722.188   1.000399
10722.269   1.000080
10722.351   0.999436
10722.432   0.998565
10722.513   0.997407
10722.595   0.995640
10722.676   0.993025
10722.758   0.989730
10722.839   0.986260
10722.920   0.983408
10723.002   0.982033
10723.083   0.982663
10723.164   0.985305
10723.246   0.989342
10723.327   0.993517
10723.409   0.996764
10723.490   0.998949
10723.571   1.000394
10723.653   1.001393
10723.734   1.002242
10723.816   1.003024
10723.897   1.003464
10723.978   1.003317
10724.060   1.002711
10724.141   1.002067
10724.222   1.001744
10724.304   1.001843
10724.385   1.002231
10724.467   1.002643
10724.548   1.002804
10724.629   1.002654
10724.711   1.002367
10724.792   1.002047
10724.874   1.001742
10724.955   1.001570
10725.036   1.001564
10725.118   1.001608
10725.199   1.001583
10725.280   1.001416
10725.362   1.001077
10725.443   1.000707
10725.525   1.000501
10725.606   1.000562
10725.687   1.000803
10725.769   1.000966
10725.850   1.000866
10725.932   1.000562
10726.013   1.000311
10726.094   1.000353
10726.176   1.000706
10726.257   1.001028
10726.338   1.000664
10726.420   0.999088
10726.501   0.996418
10726.583   0.993416
10726.664   0.990993
10726.745   0.989710
10726.827   0.989767
10726.908   0.991039
10726.990   0.993152
10727.071   0.995523
10727.152   0.997406
10727.234   0.998326
10727.315   0.998417
10727.396   0.998288
10727.478   0.998554
10727.559   0.999326
10727.641   1.000199
10727.722   1.000792
10727.803   1.001028
10727.885   1.001013
10727.966   1.000806
10728.048   1.000382
10728.129   0.999775
10728.210   0.999137
10728.292   0.998579
10728.373   0.998124
10728.454   0.997860
10728.536   0.997925
10728.617   0.998270
10728.699   0.998758
10728.780   0.999253
10728.861   0.999606
10728.943   0.999779
10729.024   0.999870
10729.106   0.999948
10729.187   1.000015
10729.268   1.000162
10729.350   1.000426
10729.431   1.000686
10729.512   1.000803
10729.594   1.000867
10729.675   1.001018
10729.757   1.001235
10729.838   1.001436
10729.919   1.001463
10730.001   1.001087
10730.082   1.000342
10730.164   0.999652
10730.245   0.999331
10730.326   0.999269
10730.408   0.999313
10730.489   0.999394
10730.570   0.999384
10730.652   0.999186
10730.733   0.998861
10730.815   0.998599
10730.896   0.998589
10730.977   0.998902
10731.059   0.999460
10731.140   1.000092
10731.222   1.000595
10731.303   1.000818
10731.384   1.000763
10731.466   1.000529
10731.547   1.000372
10731.628   1.000625
10731.710   1.001387
10731.791   1.002470
10731.873   1.003528
10731.954   1.004198
10732.035   1.004254
10732.117   1.003699
10732.198   1.002713
10732.280   1.001583
10732.361   1.000696
10732.442   1.000360
10732.524   1.000476
10732.605   1.000662
10732.686   1.000641
10732.768   1.000384
10732.849   1.000024
10732.931   0.999672
10733.012   0.999351
10733.093   0.999009
10733.175   0.998638
10733.256   0.998343
10733.338   0.998303
10733.419   0.998608
10733.500   0.999088
10733.582   0.999454
10733.663   0.999537
10733.744   0.999331
10733.826   0.998939
10733.907   0.998523
10733.989   0.998187
10734.070   0.998007
10734.151   0.998114
10734.233   0.998569
10734.314   0.999230
10734.396   0.999848
10734.477   1.000187
10734.558   1.000097
10734.640   0.999696
10734.721   0.999318
10734.802   0.999239
10734.884   0.999512
10734.965   1.000009
10735.047   1.000544
10735.128   1.000883
10735.209   1.000826
10735.291   1.000422
10735.372   1.000002
10735.454   0.999797
10735.535   0.999841
10735.616   1.000140
10735.698   1.000496
10735.779   1.000533
10735.860   1.000121
10735.942   0.999489
10736.023   0.998895
10736.105   0.998648
10736.186   0.999008
10736.267   0.999827
10736.349   1.000700
10736.430   1.001241
10736.512   1.001223
10736.593   1.000796
10736.674   1.000357
10736.756   1.000084
10736.837   0.999927
10736.918   0.999790
10737.000   0.999477
10737.081   0.998859
10737.163   0.998191
10737.244   0.997839
10737.325   0.997697
10737.407   0.997498
10737.488   0.997299
10737.570   0.997270
10737.651   0.997507
10737.732   0.998125
10737.814   0.999126
10737.895   1.000202
10737.976   1.001072
10738.058   1.001666
10738.139   1.001938
10738.221   1.002014
10738.302   1.002216
10738.383   1.002655
10738.465   1.003072
10738.546   1.003232
10738.628   1.003122
10738.709   1.002811
10738.790   1.002376
10738.872   1.001904
10738.953   1.001506
10739.034   1.001168
10739.116   1.000764
10739.197   1.000289
10739.279   0.999853
10739.360   0.999466
10739.441   0.999134
10739.523   0.999068
10739.604   0.999403
10739.686   1.000003
10739.767   1.000706
10739.848   1.001535
10739.930   1.002653
10740.011   1.003984
10740.092   1.005162
10740.174   1.005865
10740.255   1.005811
10740.337   1.004883
10740.418   1.003579
10740.499   1.002634
10740.581   1.002321
10740.662   1.002580
10740.744   1.003175
10740.825   1.003628
10740.906   1.003638
10740.988   1.003346
10741.069   1.002965
10741.150   1.002635
10741.232   1.002534
10741.313   1.002653
10741.395   1.002739
10741.476   1.002687
10741.557   1.002498
10741.639   1.002153
10741.720   1.001714
10741.802   1.001235
10741.883   1.000750
10741.964   1.000442
10742.046   1.000514
10742.127   1.000964
10742.208   1.001542
10742.290   1.001975
10742.371   1.002173
10742.453   1.002128
10742.534   1.001721
10742.615   1.000857
10742.697   0.999748
10742.778   0.998910
10742.860   0.998524
10742.941   0.997497
10743.022   0.993882
10743.104   0.986244
10743.185   0.974550
10743.266   0.960646
10743.348   0.948134
10743.429   0.940692
10743.511   0.940383
10743.592   0.947253
10743.673   0.959247
10743.755   0.973000
10743.836   0.984887
10743.918   0.992413
10743.999   0.995331
10744.080   0.994904
10744.162   0.992114
10744.243   0.987097
10744.324   0.979914
10744.406   0.971243
10744.487   0.962540
10744.569   0.956051
10744.650   0.953879
10744.731   0.956546
10744.813   0.962941
10744.894   0.971174
10744.976   0.979270
10745.057   0.985859
10745.138   0.990539
10745.220   0.993553
10745.301   0.995479
10745.382   0.996848
10745.464   0.997875
10745.545   0.998516
10745.627   0.998491
10745.708   0.997436
10745.789   0.995294
10745.871   0.992357
10745.952   0.989128
10746.034   0.986388
10746.115   0.984980
10746.196   0.985388
10746.278   0.987549
10746.359   0.990748
10746.440   0.993937
10746.522   0.996362
10746.603   0.997819
10746.685   0.998588
10746.766   0.999149
10746.847   0.999675
10746.929   0.999861
10747.010   0.999476
10747.092   0.998758
10747.173   0.998132
10747.254   0.998038
10747.336   0.998704
10747.417   0.999857
10747.498   1.000964
10747.580   1.001672
10747.661   1.001763
10747.743   1.001225
10747.824   1.000411
10747.905   0.999714
10747.987   0.999415
10748.068   0.999627
10748.150   1.000028
10748.231   1.000095
10748.312   0.999745
10748.394   0.999425
10748.475   0.999471
10748.556   0.999752
10748.638   1.000001
10748.719   1.000003
10748.801   0.999635
10748.882   0.999121
10748.963   0.998859
10749.045   0.998921
10749.126   0.999064
10749.208   0.999212
10749.289   0.999503
10749.370   0.999906
10749.452   1.000189
10749.533   1.000179
10749.614   0.999904
10749.696   0.999525
10749.777   0.999345
10749.859   0.999661
10749.940   1.000296
10750.021   1.000635
10750.103   1.000365
10750.184   0.999802
10750.266   0.999342
10750.347   0.999180
10750.428   0.999386
10750.510   0.999785
10750.591   1.000265
10750.672   1.001118
10750.754   1.002531
10750.835   1.004169
10750.917   1.005477
10750.998   1.006072
10751.079   1.005901
10751.161   1.005207
10751.242   1.004156
10751.324   1.002837
10751.405   1.001507
10751.486   1.000389
10751.568   0.999649
10751.649   0.999494
10751.730   0.999793
10751.812   1.000037
10751.893   0.999879
10751.975   0.999349
10752.056   0.998721
10752.137   0.998358
10752.219   0.998413
10752.300   0.998627
10752.382   0.998650
10752.463   0.998465
10752.544   0.998315
10752.626   0.998398
10752.707   0.998755
10752.788   0.999316
10752.870   0.999894
10752.951   1.000264
10753.033   1.000418
10753.114   1.000472
10753.195   1.000472
10753.277   1.000448
10753.358   1.000372
10753.440   1.000072
10753.521   0.999468
10753.602   0.998748
10753.684   0.998225
10753.765   0.998179
10753.846   0.998737
10753.928   0.999682
10754.009   1.000522
10754.091   1.000823
10754.172   1.000441
10754.253   0.999586
10754.335   0.998719
10754.416   0.998131
10754.498   0.997694
10754.579   0.997227
10754.660   0.996818
10754.742   0.996679
10754.823   0.996974
10754.904   0.997780
10754.986   0.998945
10755.067   1.000054
10755.149   1.000785
10755.230   1.001103
10755.311   1.001093
10755.393   1.000877
10755.474   1.000552
10755.556   1.000165
10755.637   0.999784
10755.718   0.999600
10755.800   0.999762
10755.881   1.000051
10755.962   1.000006
10756.044   0.999549
10756.125   0.999067
10756.207   0.998863
10756.288   0.998957
10756.369   0.999204
10756.451   0.999467
10756.532   0.999731
10756.614   1.000048
10756.695   1.000416
10756.776   1.000826
10756.858   1.001281
10756.939   1.001635
10757.020   1.001763
10757.102   1.001725
10757.183   1.001678
10757.265   1.001702
10757.346   1.001579
10757.427   1.001048
10757.509   1.000358
10757.590   1.000089
10757.672   1.000403
10757.753   1.000979
10757.834   1.001420
10757.916   1.001437
10757.997   1.001017
10758.078   1.000451
10758.160   1.000001
10758.241   0.999755
10758.323   0.999678
10758.404   0.999682
10758.485   0.999770
10758.567   1.000017
10758.648   1.000359
10758.730   1.000661
10758.811   1.001021
10758.892   1.001590
10758.974   1.002196
10759.055   1.002566
10759.136   1.002632
10759.218   1.002425
10759.299   1.002014
10759.381   1.001588
10759.462   1.001253
10759.543   1.000922
10759.625   1.000603
10759.706   1.000430
10759.788   1.000463
10759.869   1.000683
10759.950   1.001062
10760.032   1.001391
10760.113   1.001360
10760.194   1.000937
10760.276   1.000266
10760.357   0.999449
10760.439   0.998789
10760.520   0.998640
10760.601   0.998945
10760.683   0.999465
10760.764   1.000032
10760.846   1.000357
10760.927   1.000124
10761.008   0.999160
10761.090   0.997421
10761.171   0.995139
10761.252   0.992810
10761.334   0.991035
10761.415   0.990390
10761.497   0.991143
10761.578   0.993083
10761.659   0.995732
10761.741   0.998541
10761.822   1.000932
10761.904   1.002497
10761.985   1.003177
10762.066   1.003211
10762.148   1.002957
10762.229   1.002783
10762.310   1.002906
10762.392   1.003247
10762.473   1.003605
10762.555   1.003768
10762.636   1.003582
10762.717   1.003111
10762.799   1.002581
10762.880   1.002149
10762.962   1.001910
10763.043   1.001872
10763.124   1.001822
10763.206   1.001543
10763.287   1.001087
10763.368   1.000633
10763.450   1.000343
10763.531   1.000343
10763.613   1.000550
10763.694   1.000816
10763.775   1.001064
10763.857   1.001148
10763.938   1.000970
10764.020   1.000707
10764.101   1.000569
10764.182   1.000537
10764.264   1.000610
10764.345   1.000759
10764.426   1.000747
10764.508   1.000481
10764.589   1.000256
10764.671   1.000332
10764.752   1.000631
10764.833   1.000993
10764.915   1.001256
10764.996   1.001243
10765.078   1.000971
10765.159   1.000583
10765.240   1.000131
10765.322   0.999669
10765.403   0.999321
10765.484   0.999136
10765.566   0.999109
10765.647   0.999259
10765.729   0.999532
10765.810   0.999822
10765.891   1.000129
10765.973   1.000455
10766.054   1.000685
10766.136   1.000652
10766.217   1.000274
10766.298   0.999644
10766.380   0.998988
10766.461   0.998552
10766.542   0.998508
10766.624   0.998871
10766.705   0.999408
10766.787   0.999841
10766.868   0.999973
10766.949   0.999609
10767.031   0.998727
10767.112   0.997685
10767.194   0.996902
10767.275   0.996497
10767.356   0.996400
10767.438   0.996646
10767.519   0.997283
10767.600   0.998046
10767.682   0.998529
10767.763   0.998716
10767.845   0.998989
10767.926   0.999589
10768.007   1.000406
10768.089   1.001110
10768.170   1.001269
10768.252   1.000574
10768.333   0.999114
10768.414   0.997228
10768.496   0.995179
10768.577   0.993087
10768.658   0.991144
10768.740   0.989968
10768.821   0.990181
10768.903   0.991601
10768.984   0.993550
10769.065   0.995581
10769.147   0.997446
10769.228   0.998818
10769.310   0.999555
10769.391   0.999765
10769.472   0.999560
10769.554   0.999110
10769.635   0.998827
10769.716   0.999007
10769.798   0.999491
10769.879   0.999974
10769.961   1.000411
10770.042   1.000875
10770.123   1.001256
10770.205   1.001343
10770.286   1.001091
10770.368   1.000541
10770.449   0.999792
10770.530   0.999129
10770.612   0.998685
10770.693   0.998279
10770.774   0.997802
10770.856   0.997268
10770.937   0.996576
10771.019   0.995477
10771.100   0.993601
10771.181   0.990545
10771.263   0.985950
10771.344   0.979470
10771.426   0.970854
10771.507   0.960027
10771.588   0.947345
10771.670   0.933748
10771.751   0.920779
10771.832   0.910635
10771.914   0.905916
10771.995   0.908643
10772.077   0.918852
10772.158   0.933919
10772.239   0.949923
10772.321   0.963238
10772.402   0.971479
10772.484   0.974075
10772.565   0.972014
10772.646   0.967059
10772.728   0.961427
10772.809   0.957486
10772.890   0.957209
10772.972   0.961404
10773.053   0.969057
10773.135   0.978073
10773.216   0.986392
10773.297   0.992564
10773.379   0.996199
10773.460   0.997980
10773.542   0.998834
10773.623   0.999363
10773.704   0.999821
10773.786   1.000283
10773.867   1.000706
10773.948   1.000954
10774.030   1.000932
10774.111   1.000740
10774.193   1.000570
10774.274   1.000479
10774.355   1.000459
10774.437   1.000549
10774.518   1.000733
10774.600   1.000958
10774.681   1.001184
10774.762   1.001340
10774.844   1.001387
10774.925   1.001363
10775.006   1.001269
10775.088   1.001051
10775.169   1.000773
10775.251   1.000626
10775.332   1.000705
10775.413   1.001013
10775.495   1.001533
10775.576   1.002052
10775.658   1.002334
10775.739   1.002426
10775.820   1.002458
10775.902   1.002437
10775.983   1.002380
10776.064   1.002310
10776.146   1.002199
10776.227   1.002082
10776.309   1.002001
10776.390   1.001904
10776.471   1.001742
10776.553   1.001543
10776.634   1.001387
10776.716   1.001362
10776.797   1.001519
10776.878   1.001881
10776.960   1.002362
10777.041   1.002724
10777.122   1.002731
10777.204   1.002309
10777.285   1.001640
10777.367   1.001123
10777.448   1.000995
10777.529   1.001125
10777.611   1.001250
10777.692   1.001169
10777.774   1.000815
10777.855   1.000378
10777.936   1.000224
10778.018   1.000427
10778.099   1.000673
10778.180   1.000706
10778.262   1.000447
10778.343   0.999866
10778.425   0.999117
10778.506   0.998420
10778.587   0.997708
10778.669   0.996733
10778.750   0.995235
10778.832   0.993037
10778.913   0.990304
10778.994   0.987639
10779.076   0.985761
10779.157   0.985249
10779.238   0.986415
10779.320   0.988931
10779.401   0.991921
10779.483   0.994606
10779.564   0.996480
10779.645   0.997386
10779.727   0.997616
10779.808   0.997567
10779.890   0.997446
10779.971   0.997298
10780.052   0.997065
10780.134   0.996679
10780.215   0.996265
10780.296   0.996111
10780.378   0.996334
10780.459   0.996848
10780.541   0.997565
10780.622   0.998327
10780.703   0.998902
10780.785   0.999222
10780.866   0.999336
10780.948   0.999142
10781.029   0.998492
10781.110   0.997438
10781.192   0.996053
10781.273   0.994255
10781.354   0.992140
10781.436   0.990078
10781.517   0.988426
10781.599   0.987392
10781.680   0.986961
10781.761   0.986961
10781.843   0.987284
10781.924   0.988032
10782.006   0.989491
10782.087   0.991805
10782.168   0.994669
10782.250   0.997391
10782.331   0.999377
10782.412   1.000431
10782.494   1.000675
10782.575   1.000476
10782.657   1.000177
10782.738   0.999851
10782.819   0.999468
10782.901   0.998992
10782.982   0.998416
10783.064   0.997918
10783.145   0.997720
10783.226   0.997855
10783.308   0.998247
10783.389   0.998821
10783.470   0.999413
10783.552   0.999886
10783.633   1.000285
10783.715   1.000664
10783.796   1.000875
10783.877   1.000658
10783.959   0.999947
10784.040   0.999030
10784.122   0.998282
10784.203   0.997978
10784.284   0.998278
10784.366   0.998977
10784.447   0.999572
10784.528   0.999851
10784.610   0.999994
10784.691   1.000157
10784.773   1.000350
10784.854   1.000533
10784.935   1.000584
10785.017   1.000364
10785.098   0.999861
10785.180   0.999259
10785.261   0.998874
10785.342   0.998839
10785.424   0.999114
10785.505   0.999670
10785.586   1.000350
10785.668   1.000787
10785.749   1.000785
10785.831   1.000513
10785.912   1.000135
10785.993   0.999813
10786.075   0.999759
10786.156   0.999905
10786.238   1.000011
10786.319   1.000010
10786.400   0.999943
10786.482   0.999844
10786.563   0.999813
10786.644   0.999928
10786.726   1.000040
10786.807   0.999947
10786.889   0.999757
10786.970   0.999762
10787.051   1.000041
10787.133   1.000437
10787.214   1.000715
10787.296   1.000613
10787.377   1.000081
10787.458   0.999434
10787.540   0.999089
10787.621   0.999272
10787.702   0.999868
10787.784   1.000469
10787.865   1.000647
10787.947   1.000286
10788.028   0.999664
10788.109   0.999209
10788.191   0.999285
10788.272   0.999905
10788.354   1.000606
10788.435   1.000962
10788.516   1.001083
10788.598   1.001308
10788.679   1.001643
10788.760   1.001891
10788.842   1.001868
10788.923   1.001381
10789.005   1.000571
10789.086   1.000059
10789.167   1.000197
10789.249   1.000640
10789.330   1.000898
10789.412   1.000696
10789.493   0.999992
10789.574   0.999079
10789.656   0.998447
10789.737   0.998414
10789.818   0.998926
10789.900   0.999621
10789.981   1.000053
10790.063   1.000002
10790.144   0.999577
10790.225   0.999082
10790.307   0.998862
10790.388   0.999059
10790.470   0.999528
10790.551   0.999984
10790.632   1.000212
10790.714   1.000176
10790.795   0.999996
10790.876   0.999865
10790.958   0.999879
10791.039   1.000006
10791.121   1.000223
10791.202   1.000518
10791.283   1.000811
10791.365   1.000996
10791.446   1.000936
10791.528   1.000524
10791.609   0.999766
10791.690   0.998669
10791.772   0.997162
10791.853   0.995166
10791.934   0.992799
10792.016   0.990485
10792.097   0.988888
10792.179   0.988625
10792.260   0.989810
10792.341   0.991955
10792.423   0.994372
10792.504   0.996481
10792.586   0.997996
10792.667   0.999145
10792.748   1.000245
10792.830   1.001191
10792.911   1.001717
10792.992   1.001769
10793.074   1.001546
10793.155   1.001301
10793.237   1.001180
10793.318   1.001166
10793.399   1.001061
10793.481   1.000709
10793.562   1.000252
10793.644   0.999977
10793.725   0.999942
10793.806   1.000061
10793.888   1.000346
10793.969   1.000765
10794.050   1.001194
10794.132   1.001530
10794.213   1.001686
10794.295   1.001515
10794.376   1.000985
10794.457   1.000186
10794.539   0.999087
10794.620   0.997519
10794.702   0.995238
10794.783   0.992167
10794.864   0.988751
10794.946   0.985701
10795.027   0.983541
10795.108   0.982694
10795.190   0.983519
10795.271   0.985891
10795.353   0.989267
10795.434   0.992983
10795.515   0.996260
10795.597   0.998439
10795.678   0.999458
10795.760   0.999800
10795.841   0.999922
10795.922   1.000040
10796.004   1.000277
10796.085   1.000654
10796.166   1.001047
10796.248   1.001321
10796.329   1.001410
10796.411   1.001230
10796.492   1.000665
10796.573   0.999788
10796.655   0.999013
10796.736   0.998676
10796.818   0.998666
10796.899   0.998735
10796.980   0.998736
10797.062   0.998667
10797.143   0.998620
10797.224   0.998718
10797.306   0.999049
10797.387   0.999603
10797.469   1.000264
10797.550   1.000887
10797.631   1.001411
10797.713   1.001766
10797.794   1.001829
10797.876   1.001481
10797.957   1.000747
10798.038   0.999890
10798.120   0.999239
10798.201   0.998927
10798.282   0.998809
10798.364   0.998626
10798.445   0.998192
10798.527   0.997512
10798.608   0.996644
10798.689   0.995574
10798.771   0.994246
10798.852   0.992314
10798.934   0.988935
10799.015   0.982792
10799.096   0.972106
10799.178   0.954957
10799.259   0.930288
10799.340   0.899971
10799.422   0.869514
10799.503   0.846232
10799.585   0.836913
10799.666   0.844930
10799.747   0.867922
10799.829   0.899375
10799.910   0.931461
10799.992   0.958056
10800.073   0.976595
10800.154   0.987719
10800.236   0.993571
10800.317   0.996351
10800.398   0.997651
10800.480   0.998326
10800.561   0.998764
10800.643   0.999152
10800.724   0.999614
10800.805   1.000166
10800.887   1.000763
10800.968   1.001243
10801.050   1.001337
10801.131   1.001063
10801.212   1.000828
10801.294   1.000987
10801.375   1.001469
10801.456   1.001931
10801.538   1.002099
10801.619   1.001981
10801.701   1.001807
10801.782   1.001769
10801.863   1.001960
10801.945   1.002295
10802.026   1.002460
10802.108   1.002228
10802.189   1.001730
10802.270   1.001287
10802.352   1.001049
10802.433   1.000930
10802.514   1.000923
10802.596   1.001043
10802.677   1.001148
10802.759   1.001204
10802.840   1.001256
10802.921   1.001034
10803.003   1.000168
10803.084   0.998584
10803.166   0.996224
10803.247   0.992819
10803.328   0.988161
10803.410   0.982353
10803.491   0.976188
10803.572   0.971193
10803.654   0.968905
10803.735   0.970232
10803.817   0.974966
10803.898   0.981670
10803.979   0.988641
10804.061   0.994610
10804.142   0.998874
10804.224   1.001318
10804.305   1.002327
10804.386   1.002622
10804.468   1.002764
10804.549   1.002755
10804.630   1.002407
10804.712   1.001853
10804.793   1.001387
10804.875   1.001179
10804.956   1.001333
10805.037   1.001805
10805.119   1.002350
10805.200   1.002772
10805.282   1.002934
10805.363   1.002737
10805.444   1.002293
10805.526   1.001817
10805.607   1.001427
10805.688   1.001130
10805.770   1.000731
10805.851   0.999845
10805.933   0.998169
10806.014   0.995557
10806.095   0.991951
10806.177   0.987695
10806.258   0.983633
10806.340   0.980703
10806.421   0.979751
10806.502   0.981145
10806.584   0.984398
10806.665   0.988586
10806.746   0.992769
10806.828   0.996266
10806.909   0.998990
10806.991   1.001195
10807.072   1.002807
10807.153   1.003517
10807.235   1.003197
10807.316   1.002078
10807.398   1.000714
10807.479   0.999704
10807.560   0.999414
10807.642   0.999833
10807.723   1.000631
10807.804   1.001416
10807.886   1.001962
10807.967   1.002110
10808.049   1.001707
10808.130   1.000830
10808.211   0.999773
10808.293   0.998813
10808.374   0.998201
10808.456   0.998102
10808.537   0.998308
10808.618   0.998303
10808.700   0.997698
10808.781   0.996558
10808.862   0.995432
10808.944   0.994936
10809.025   0.995049
10809.107   0.995160
10809.188   0.994973
10809.269   0.994929
10809.351   0.995639
10809.432   0.997178
10809.514   0.999025
10809.595   1.000351
10809.676   1.000468
10809.758   0.999328
10809.839   0.997539
10809.920   0.995823
10810.002   0.994545
10810.083   0.993397
10810.165   0.991362
10810.246   0.987250
10810.327   0.980124
10810.409   0.969328
10810.490   0.954935
10810.572   0.938491
10810.653   0.923042
10810.734   0.912522
10810.816   0.910148
10810.897   0.916641
10810.978   0.929926
10811.060   0.946072
10811.141   0.961139
10811.223   0.972917
10811.304   0.981144
10811.385   0.986507
10811.467   0.990036
10811.548   0.992401
10811.630   0.993636
10811.711   0.993578
10811.792   0.992358
10811.874   0.990492
10811.955   0.988742
10812.036   0.987901
10812.118   0.988354
10812.199   0.989909
10812.281   0.992079
10812.362   0.994250
10812.443   0.996021
10812.525   0.997460
10812.606   0.998689
10812.688   0.999552
10812.769   0.999977
10812.850   1.000222
10812.932   1.000529
10813.013   1.000811
10813.094   1.000858
10813.176   1.000654
10813.257   1.000318
10813.339   1.000111
10813.420   1.000485
10813.501   1.001386
10813.583   1.001733
10813.664   1.000789
10813.746   0.999408
10813.827   0.998771
10813.908   0.999032
10813.990   0.999710
10814.071   1.000348
10814.152   1.000604
10814.234   1.000340
10814.315   0.999787
10814.397   0.999236
10814.478   0.998766
10814.559   0.998319
10814.641   0.997915
10814.722   0.997736
10814.804   0.997826
10814.885   0.997973
10814.966   0.998024
10815.048   0.998037
10815.129   0.998049
10815.210   0.997921
10815.292   0.997459
10815.373   0.996454
10815.455   0.994757
10815.536   0.992369
10815.617   0.989322
10815.699   0.985721
10815.780   0.981880
10815.862   0.978342
10815.943   0.975895
10816.024   0.975305
10816.106   0.976814
10816.187   0.979960
10816.268   0.983940
10816.350   0.987986
10816.431   0.991684
10816.513   0.995106
10816.594   0.998228
10816.675   1.000488
10816.757   1.001316
10816.838   1.000750
10816.920   0.999294
10817.001   0.997644
10817.082   0.996460
10817.164   0.995931
10817.245   0.995650
10817.326   0.995203
10817.408   0.994546
10817.489   0.993802
10817.571   0.993167
10817.652   0.992971
10817.733   0.993342
10817.815   0.994091
10817.896   0.995138
10817.978   0.996486
10818.059   0.997929
10818.140   0.999067
10818.222   0.999561
10818.303   0.999425
10818.384   0.999008
10818.466   0.998662
10818.547   0.998577
10818.629   0.998887
10818.710   0.999630
10818.791   1.000485
10818.873   1.001041
10818.954   1.001194
10819.036   1.001021
10819.117   1.000675
10819.198   1.000422
10819.280   1.000288
10819.361   1.000036
10819.442   0.999703
10819.524   0.999599
10819.605   0.999890
10819.687   1.000439
10819.768   1.000971
10819.849   1.001288
10819.931   1.001464
10820.012   1.001632
10820.094   1.001635
10820.175   1.001258
10820.256   1.000582
10820.338   0.999861
10820.419   0.999460
10820.500   0.999746
10820.582   1.000597
10820.663   1.001443
10820.745   1.001917
10820.826   1.002042
10820.907   1.001937
10820.989   1.001669
10821.070   1.001263
10821.152   1.000777
10821.233   1.000361
10821.314   1.000097
10821.396   0.999844
10821.477   0.999391
10821.558   0.998675
10821.640   0.997854
10821.721   0.997135
10821.803   0.996476
10821.884   0.995625
10821.965   0.994586
10822.047   0.993822
10822.128   0.993828
10822.210   0.994644
10822.291   0.995903
10822.372   0.997256
10822.454   0.998456
10822.535   0.999347
10822.616   0.999983
10822.698   1.000521
10822.779   1.000989
10822.861   1.001218
10822.942   1.001098
10823.023   1.000747
10823.105   1.000395
10823.186   1.000269
10823.268   1.000471
10823.349   1.000833
10823.430   1.001120
10823.512   1.001373
10823.593   1.001651
10823.674   1.001849
10823.756   1.001959
10823.837   1.002027
10823.919   1.002020
10824.000   1.001929
10824.081   1.001826
10824.163   1.001861
10824.244   1.002192
10824.326   1.002740
10824.407   1.003208
10824.488   1.003349
10824.570   1.003031
10824.651   1.002293
10824.732   1.001414
10824.814   1.000659
10824.895   1.000026
10824.977   0.999484
10825.058   0.999179
10825.139   0.999388
10825.221   1.000314
10825.302   1.001684
10825.384   1.002826
10825.465   1.003213
10825.546   1.002741
10825.628   1.001785
10825.709   1.001001
10825.790   1.000756
10825.872   1.000898
10825.953   1.001080
10826.035   1.001023
10826.116   1.000645
10826.197   1.000233
10826.279   1.000193
10826.360   1.000463
10826.442   1.000692
10826.523   1.000776
10826.604   1.000830
10826.686   1.000953
10826.767   1.001149
10826.848   1.001325
10826.930   1.001329
10827.011   1.001203
10827.093   1.001311
10827.174   1.001912
10827.255   1.002613
10827.337   1.002672
10827.418   1.001932
10827.500   1.000917
10827.581   1.000216
10827.662   1.000088
10827.744   1.000417
10827.825   1.000884
10827.906   1.001195
10827.988   1.001178
10828.069   1.000690
10828.151   0.999809
10828.232   0.998992
10828.313   0.998715
10828.395   0.999086
10828.476   0.999817
10828.558   1.000484
10828.639   1.000757
10828.720   1.000586
10828.802   1.000219
10828.883   0.999932
10828.964   0.999834
10829.046   0.999881
10829.127   1.000022
10829.209   1.000229
10829.290   1.000502
10829.371   1.000757
10829.453   1.000787
10829.534   1.000591
10829.616   1.000484
10829.697   1.000745
10829.778   1.001252
10829.860   1.001608
10829.941   1.001599
10830.022   1.001197
10830.104   1.000472
10830.185   0.999808
10830.267   0.999615
10830.348   0.999863
10830.429   1.000314
10830.511   1.000692
10830.592   1.000615
10830.674   1.000078
10830.755   0.999548
10830.836   0.999476
10830.918   1.000146
10830.999   1.001543
10831.080   1.003143
10831.162   1.004211
10831.243   1.004154
10831.325   1.002483
10831.406   0.998605
10831.487   0.991769
10831.569   0.981063
10831.650   0.965198
10831.732   0.943118
10831.813   0.915736
10831.894   0.886235
10831.976   0.859982
10832.057   0.843687
10832.138   0.842437
10832.220   0.856919
10832.301   0.883199
10832.383   0.914103
10832.464   0.942685
10832.545   0.964616
10832.627   0.978623
10832.708   0.986230
10832.790   0.989848
10832.871   0.991506
10832.952   0.992531
10833.034   0.993511
10833.115   0.994377
10833.196   0.994751
10833.278   0.994206
10833.359   0.992443
10833.441   0.989104
10833.522   0.983664
10833.603   0.975831
10833.685   0.965811
10833.766   0.954618
10833.848   0.944294
10833.929   0.937464
10834.010   0.936314
10834.092   0.941454
10834.173   0.951498
10834.254   0.963947
10834.336   0.975933
10834.417   0.985294
10834.499   0.991357
10834.580   0.994524
10834.661   0.995673
10834.743   0.995852
10834.824   0.995954
10834.906   0.996315
10834.987   0.996684
10835.068   0.996780
10835.150   0.996676
10835.231   0.996739
10835.312   0.997238
10835.394   0.997875
10835.475   0.998084
10835.557   0.997853
10835.638   0.997682
10835.719   0.997736
10835.801   0.997743
10835.882   0.997559
10835.964   0.997299
10836.045   0.996985
10836.126   0.996614
10836.208   0.996380
10836.289   0.996333
10836.370   0.996208
10836.452   0.995864
10836.533   0.995444
10836.615   0.995157
10836.696   0.995185
10836.777   0.995541
10836.859   0.995886
10836.940   0.995807
10837.022   0.995137
10837.103   0.994032
10837.184   0.992874
10837.266   0.991929
10837.347   0.991034
10837.428   0.989654
10837.510   0.987396
10837.591   0.984269
10837.673   0.980341
10837.754   0.975756
10837.835   0.971024
10837.917   0.966973
10837.998   0.964611
10838.080   0.964912
10838.161   0.968233
10838.242   0.973966
10838.324   0.980573
10838.405   0.986516
10838.486   0.991010
10838.568   0.993883
10838.649   0.995508
10838.731   0.996592
10838.812   0.997616
10838.893   0.998502
10838.975   0.998942
10839.056   0.998730
10839.138   0.998080
10839.219   0.997619
10839.300   0.997669
10839.382   0.998059
10839.463   0.998563
10839.544   0.998867
10839.626   0.998602
10839.707   0.997839
10839.789   0.997054
10839.870   0.996534
10839.951   0.996273
10840.033   0.996172
10840.114   0.996046
10840.196   0.995740
10840.277   0.995082
10840.358   0.993724
10840.440   0.991324
10840.521   0.987845
10840.602   0.983670
10840.684   0.979587
10840.765   0.976607
10840.847   0.975681
10840.928   0.977297
10841.009   0.981019
10841.091   0.985819
10841.172   0.990584
10841.254   0.994542
10841.335   0.997502
10841.416   0.999766
10841.498   1.001665
10841.579   1.003119
10841.660   1.003862
10841.742   1.003813
10841.823   1.003151
10841.905   1.002247
10841.986   1.001481
10842.067   1.000994
10842.149   1.000640
10842.230   1.000128
10842.312   0.999244
10842.393   0.998048
10842.474   0.996787
10842.556   0.995436
10842.637   0.993519
10842.718   0.990391
10842.800   0.985352
10842.881   0.977948
10842.963   0.968774
10843.044   0.959645
10843.125   0.953003
10843.207   0.950948
10843.288   0.954115
10843.370   0.961259
10843.451   0.970331
10843.532   0.979195
10843.614   0.986345
10843.695   0.991365
10843.776   0.994506
10843.858   0.996323
10843.939   0.997494
10844.021   0.998469
10844.102   0.999366
10844.183   1.000139
10844.265   1.000667
10844.346   1.000967
10844.428   1.001068
10844.509   1.001024
10844.590   1.001112
10844.672   1.001471
10844.753   1.001741
10844.834   1.001556
10844.916   1.001022
10844.997   1.000518
10845.079   1.000341
10845.160   1.000536
10845.241   1.000869
10845.323   1.001053
10845.404   1.000997
10845.486   1.000759
10845.567   1.000470
10845.648   1.000222
10845.730   0.999951
10845.811   0.999665
10845.892   0.999553
10845.974   0.999699
10846.055   1.000051
10846.137   1.000485
10846.218   1.000820
10846.299   1.000966
10846.381   1.000990
10846.462   1.000906
10846.544   1.000571
10846.625   0.999977
10846.706   0.999412
10846.788   0.999193
10846.869   0.999369
10846.950   0.999903
10847.032   1.000756
10847.113   1.001681
10847.195   1.002334
10847.276   1.002531
10847.357   1.002311
10847.439   1.001943
10847.520   1.001816
10847.602   1.002185
10847.683   1.002894
10847.764   1.003483
10847.846   1.003605
10847.927   1.003300
10848.008   1.002901
10848.090   1.002708
10848.171   1.002633
10848.253   1.002366
10848.334   1.001913
10848.415   1.001546
10848.497   1.001425
10848.578   1.001528
10848.660   1.001723
10848.741   1.001722
10848.822   1.001209
10848.904   0.999963
10848.985   0.997899
10849.066   0.995191
10849.148   0.992210
10849.229   0.989341
10849.311   0.987109
10849.392   0.986092
10849.473   0.986436
10849.555   0.987837
10849.636   0.989804
10849.718   0.991784
10849.799   0.993095
10849.880   0.993221
10849.962   0.992342
10850.043   0.991140
10850.124   0.990167
10850.206   0.989898
10850.287   0.990645
10850.369   0.992136
10850.450   0.993908
10850.531   0.995682
10850.613   0.997106
10850.694   0.997798
10850.776   0.997645
10850.857   0.996612
10850.938   0.994748
10851.020   0.992374
10851.101   0.989890
10851.182   0.987644
10851.264   0.986191
10851.345   0.986140
10851.427   0.987536
10851.508   0.989752
10851.589   0.991913
10851.671   0.993324
10851.752   0.993849
10851.834   0.993926
10851.915   0.993980
10851.996   0.994076
10852.078   0.994113
10852.159   0.994067
10852.240   0.993958
10852.322   0.993669
10852.403   0.992906
10852.485   0.991407
10852.566   0.989397
10852.647   0.987654
10852.729   0.987007
10852.810   0.987919
10852.892   0.990222
10852.973   0.993060
10853.054   0.995311
10853.136   0.996505
10853.217   0.997147
10853.298   0.997895
10853.380   0.998876
10853.461   0.999830
10853.543   1.000502
10853.624   1.000806
10853.705   1.000730
10853.787   1.000384
10853.868   1.000016
10853.950   0.999775
10854.031   0.999644
10854.112   0.999642
10854.194   0.999821
10854.275   1.000130
10854.356   1.000574
10854.438   1.001151
10854.519   1.001638
10854.601   1.001791
10854.682   1.001605
10854.763   1.001244
10854.845   1.000962
10854.926   1.000869
10855.008   1.000686
10855.089   1.000274
10855.170   0.999982
10855.252   1.000080
10855.333   1.000437
10855.414   1.000805
10855.496   1.000954
10855.577   1.000636
10855.659   0.999875
10855.740   0.999109
10855.821   0.998710
10855.903   0.998732
10855.984   0.998991
10856.066   0.999238
10856.147   0.999368
10856.228   0.999238
10856.310   0.998382
10856.391   0.996519
10856.472   0.993973
10856.554   0.991090
10856.635   0.987541
10856.717   0.982263
10856.798   0.973871
10856.879   0.960951
10856.961   0.942664
10857.042   0.920218
10857.124   0.896982
10857.205   0.877973
10857.286   0.868469
10857.368   0.871476
10857.449   0.886264
10857.530   0.908996
10857.612   0.933732
10857.693   0.955161
10857.775   0.970546
10857.856   0.979429
10857.937   0.983344
10858.019   0.984385
10858.100   0.984075
10858.182   0.983451
10858.263   0.983267
10858.344   0.983772
10858.426   0.984921
10858.507   0.986460
10858.588   0.987924
10858.670   0.988889
10858.751   0.989350
10858.833   0.989505
10858.914   0.989284
10858.995   0.988372
10859.077   0.986377
10859.158   0.982512
10859.240   0.975437
10859.321   0.963549
10859.402   0.945202
10859.484   0.919216
10859.565   0.885576
10859.646   0.845381
10859.728   0.801590
10859.809   0.759438
10859.891   0.725919
10859.972   0.708546
10860.053   0.712384
10860.135   0.737406
10860.216   0.779393
10860.298   0.829809
10860.379   0.879061
10860.460   0.920163
10860.542   0.949695
10860.623   0.968186
10860.704   0.978794
10860.786   0.984724
10860.867   0.988173
10860.949   0.990511
10861.030   0.992291
10861.111   0.993726
10861.193   0.994994
10861.274   0.996261
10861.356   0.997480
10861.437   0.998441
10861.518   0.998945
10861.600   0.998870
10861.681   0.998269
10861.762   0.997426
10861.844   0.996746
10861.925   0.996638
10862.007   0.997267
10862.088   0.998335
10862.169   0.999352
10862.251   1.000056
10862.332   1.000330
10862.414   1.000058
10862.495   0.999344
10862.576   0.998534
10862.658   0.997880
10862.739   0.997248
10862.820   0.996300
10862.902   0.994808
10862.983   0.992746
10863.065   0.990139
10863.146   0.987077
10863.227   0.983913
10863.309   0.981205
10863.390   0.979529
10863.472   0.979329
10863.553   0.980703
10863.634   0.983459
10863.716   0.987131
10863.797   0.991030
10863.878   0.994437
10863.960   0.996992
10864.041   0.998694
10864.123   0.999601
10864.204   0.999911
10864.285   1.000082
10864.367   1.000401
10864.448   1.000847
10864.530   1.001488
10864.611   1.002471
10864.692   1.003658
10864.774   1.004466
10864.855   1.004335
10864.936   1.003336
10865.018   1.002122
10865.099   1.001190
10865.181   1.000691
10865.262   1.000731
10865.343   1.001204
10865.425   1.001727
10865.506   1.002005
10865.588   1.002036
10865.669   1.001811
10865.750   1.001301
10865.832   1.000866
10865.913   1.000958
10865.994   1.001484
10866.076   1.001965
10866.157   1.001973
10866.239   1.001371
10866.320   1.000337
10866.401   0.999227
10866.483   0.998386
10866.564   0.997981
10866.646   0.998072
10866.727   0.998654
10866.808   0.999502
10866.890   1.000162
10866.971   1.000197
10867.052   0.999491
10867.134   0.998272
10867.215   0.996940
10867.297   0.995755
10867.378   0.994507
10867.459   0.992405
10867.541   0.988354
10867.622   0.981623
10867.704   0.972201
10867.785   0.960733
10867.866   0.948818
10867.948   0.938516
10868.029   0.931867
10868.110   0.930611
10868.192   0.935272
10868.273   0.944702
10868.355   0.956730
10868.436   0.968726
10868.517   0.978386
10868.599   0.984441
10868.680   0.986465
10868.762   0.984803
10868.843   0.980214
10868.924   0.973843
10869.006   0.967105
10869.087   0.961563
10869.168   0.958811
10869.250   0.959822
10869.331   0.964272
10869.413   0.970951
10869.494   0.978314
10869.575   0.985099
10869.657   0.990656
10869.738   0.994709
10869.820   0.997227
10869.901   0.998475
10869.982   0.998945
10870.064   0.999068
10870.145   0.998963
10870.226   0.998622
10870.308   0.998306
10870.389   0.998469
10870.471   0.999277
10870.552   1.000291
10870.633   1.000933
10870.715   1.000998
10870.796   1.000667
10870.878   1.000255
10870.959   0.999945
10871.040   0.999845
10871.122   1.000088
10871.203   1.000682
10871.284   1.001280
10871.366   1.001371
10871.447   1.000798
10871.529   0.999878
10871.610   0.999230
10871.691   0.999327
10871.773   1.000109
10871.854   1.001085
10871.936   1.001832
10872.017   1.002218
10872.098   1.002191
10872.180   1.001863
10872.261   1.001470
10872.342   1.001153
10872.424   1.001027
10872.505   1.001231
10872.587   1.001712
10872.668   1.002233
10872.749   1.002649
10872.831   1.002804
10872.912   1.002512
10872.994   1.001970
10873.075   1.001664
10873.156   1.001778
10873.238   1.002111
10873.319   1.002462
10873.400   1.002723
10873.482   1.002801
10873.563   1.002689
10873.645   1.002490
10873.726   1.002377
10873.807   1.002399
10873.889   1.002403
10873.970   1.002245
10874.052   1.001937
10874.133   1.001560
10874.214   1.001161
10874.296   1.000478
10874.377   0.998742
10874.458   0.995235
10874.540   0.989884
10874.621   0.983228
10874.703   0.976408
10874.784   0.970880
10874.865   0.967938
10874.947   0.968341
10875.028   0.971937
10875.110   0.977621
10875.191   0.983906
10875.272   0.989351
10875.354   0.993211
10875.435   0.995692
10875.516   0.997291
10875.598   0.998442
10875.679   0.999261
10875.761   0.999505
10875.842   0.999060
10875.923   0.998145
10876.005   0.996821
10876.086   0.994573
10876.168   0.991220
10876.249   0.988282
10876.330   0.988074
10876.412   0.991008
10876.493   0.994950
10876.574   0.997914
10876.656   0.999764
10876.737   1.001066
10876.819   1.001996
10876.900   1.002579
10876.981   1.002821
10877.063   1.002604
10877.144   1.002088
10877.226   1.001796
10877.307   1.001950
10877.388   1.002247
10877.470   1.002415
10877.551   1.002333
10877.632   1.001906
10877.714   1.001278
10877.795   1.000757
10877.877   1.000429
10877.958   1.000242
10878.039   1.000228
10878.121   1.000295
10878.202   1.000200
10878.284   0.999874
10878.365   0.999503
10878.446   0.999272
10878.528   0.999254
10878.609   0.999437
10878.690   0.999660
10878.772   0.999694
10878.853   0.999495
10878.935   0.999302
10879.016   0.999404
10879.097   0.999906
10879.179   1.000808
10879.260   1.001843
10879.342   1.002419
10879.423   1.002136
10879.504   1.001275
10879.586   1.000567
10879.667   1.000407
10879.748   1.000564
10879.830   1.000754
10879.911   1.000942
10879.993   1.001091
10880.074   1.001236
10880.155   1.001575
10880.237   1.001964
10880.318   1.001934
10880.400   1.001452
10880.481   1.000913
10880.562   1.000600
10880.644   1.000588
10880.725   1.000725
10880.806   1.000767
10880.888   1.000631
10880.969   1.000388
10881.051   1.000129
10881.132   0.999678
10881.213   0.998623
10881.295   0.996808
10881.376   0.994502
10881.458   0.991871
10881.539   0.988517
10881.620   0.983761
10881.702   0.977351
10881.783   0.969626
10881.864   0.961513
10881.946   0.954747
10882.027   0.951008
10882.109   0.951157
10882.190   0.955374
10882.271   0.962764
10882.353   0.971660
10882.434   0.980314
10882.516   0.987300
10882.597   0.991890
10882.678   0.994309
10882.760   0.995369
10882.841   0.995918
10882.922   0.996470
10883.004   0.997131
10883.085   0.997844
10883.167   0.998465
10883.248   0.998828
10883.329   0.998929
10883.411   0.998809
10883.492   0.998449
10883.574   0.997884
10883.655   0.997427
10883.736   0.997608
10883.818   0.998576
10883.899   0.999865
10883.980   1.000796
10884.062   1.000935
10884.143   1.000456
10884.225   0.999955
10884.306   0.999807
10884.387   0.999841
10884.469   0.999748
10884.550   0.999595
10884.632   0.999613
10884.713   0.999895
10884.794   1.000361
10884.876   1.000752
10884.957   1.000797
10885.038   1.000372
10885.120   0.999509
10885.201   0.998463
10885.283   0.997734
10885.364   0.997683
10885.445   0.998215
10885.527   0.998939
10885.608   0.999581
10885.690   1.000113
10885.771   1.000517
10885.852   1.000655
10885.934   1.000269
10886.015   0.999213
10886.096   0.997589
10886.178   0.995648
10886.259   0.993706
10886.341   0.992044
10886.422   0.990820
10886.503   0.990143
10886.585   0.990024
10886.666   0.990332
10886.748   0.990864
10886.829   0.991496
10886.910   0.992372
10886.992   0.993669
10887.073   0.995264
10887.154   0.996736
10887.236   0.997745
10887.317   0.998360
10887.399   0.998699
10887.480   0.998708
10887.561   0.998552
10887.643   0.998541
10887.724   0.998657
10887.806   0.998601
10887.887   0.997957
10887.968   0.996193
10888.050   0.992726
10888.131   0.987138
10888.212   0.979342
10888.294   0.969613
10888.375   0.958661
10888.457   0.947196
10888.538   0.935636
10888.619   0.924487
10888.701   0.914833
10888.782   0.908813
10888.864   0.908843
10888.945   0.915949
10889.026   0.929313
10889.108   0.946178
10889.189   0.962911
10889.270   0.976888
10889.352   0.987135
10889.433   0.993500
10889.515   0.996570
10889.596   0.997349
10889.677   0.996605
10889.759   0.994855
10889.840   0.992798
10889.922   0.991139
10890.003   0.990346
10890.084   0.990681
10890.166   0.991909
10890.247   0.993509
10890.328   0.995204
10890.410   0.996749
10890.491   0.997924
10890.573   0.998828
10890.654   0.999535
10890.735   0.999927
10890.817   1.000044
10890.898   0.999945
10890.980   0.999620
10891.061   0.999226
10891.142   0.998895
10891.224   0.998493
10891.305   0.997764
10891.386   0.996491
10891.468   0.994400
10891.549   0.991192
10891.631   0.986395
10891.712   0.979359
10891.793   0.969784
10891.875   0.957819
10891.956   0.944130
10892.038   0.930555
10892.119   0.919715
10892.200   0.914381
10892.282   0.916499
10892.363   0.928613
10892.444   0.944945
10892.526   0.960675
10892.607   0.975184
10892.689   0.986094
10892.770   0.993012
10892.851   0.996752
10892.933   0.998614
10893.014   0.999597
10893.096   1.000154
10893.177   1.000451
10893.258   1.000543
10893.340   1.000619
10893.421   1.000741
10893.502   1.000683
10893.584   1.000351
10893.665   0.999929
10893.747   0.999483
10893.828   0.999030
10893.909   0.998921
10893.991   0.999366
10894.072   1.000077
10894.154   1.000590
10894.235   1.000689
10894.316   1.000494
10894.398   1.000271
10894.479   1.000136
10894.560   1.000098
10894.642   1.000264
10894.723   1.000543
10894.805   1.000630
10894.886   1.000534
10894.967   1.000614
10895.049   1.000991
10895.130   1.001638
10895.212   1.002394
10895.293   1.002824
10895.374   1.002846
10895.456   1.002914
10895.537   1.003494
10895.618   1.004561
10895.700   1.005467
10895.781   1.005282
10895.863   1.003810
10895.944   1.001824
10896.025   1.000044
10896.107   0.998823
10896.188   0.998289
10896.270   0.998266
10896.351   0.998505
10896.432   0.998961
10896.514   0.999483
10896.595   0.999640
10896.676   0.999147
10896.758   0.998235
10896.839   0.997464
10896.921   0.997152
10897.002   0.997214
10897.083   0.997454
10897.165   0.997746
10897.246   0.998197
10897.328   0.999709
10897.409   1.000645
10897.490   1.000803
10897.572   1.000123
10897.653   0.999008
10897.734   0.997922
10897.816   0.997307
10897.897   0.997170
10897.979   0.996985
10898.060   0.995970
10898.141   0.993567
10898.223   0.989881
10898.304   0.985552
10898.386   0.981117
10898.467   0.976916
10898.548   0.973307
10898.630   0.970558
10898.711   0.969006
10898.792   0.969188
10898.874   0.971299
10898.955   0.974948
10899.037   0.979307
10899.118   0.983562
10899.199   0.987230
10899.281   0.990091
10899.362   0.992163
10899.444   0.993738
10899.525   0.995081
10899.606   0.996195
10899.688   0.996782
10899.769   0.996428
10899.850   0.995106
10899.932   0.993274
10900.013   0.991525
10900.095   0.990299
10900.176   0.989390
10900.257   0.987341
10900.339   0.982180
10900.420   0.972680
10900.502   0.958180
10900.583   0.938682
10900.664   0.915844
10900.746   0.891980
10900.827   0.869871
10900.908   0.853140
10900.990   0.845569
10901.071   0.849706
10901.153   0.865352
10901.234   0.889088
10901.315   0.916283
10901.397   0.942095
10901.478   0.962532
10901.560   0.976401
10901.641   0.984679
10901.722   0.989200
10901.804   0.991575
10901.885   0.993081
10901.966   0.994517
10902.048   0.995756
10902.129   0.996256
10902.211   0.996101
10902.292   0.995697
10902.373   0.995233
10902.455   0.995035
10902.536   0.995407
10902.618   0.996147
10902.699   0.996884
10902.780   0.997246
10902.862   0.996742
10902.943   0.995198
10903.024   0.992612
10903.106   0.988668
10903.187   0.983090
10903.269   0.976084
10903.350   0.968267
10903.431   0.960200
10903.513   0.952637
10903.594   0.946848
10903.676   0.944159
10903.757   0.945511
10903.838   0.950976
10903.920   0.959218
10904.001   0.968551
10904.082   0.977576
10904.164   0.985147
10904.245   0.990750
10904.327   0.994459
10904.408   0.996485
10904.489   0.997172
10904.571   0.997100
10904.652   0.996717
10904.734   0.996167
10904.815   0.995516
10904.896   0.994873
10904.978   0.994268
10905.059   0.993847
10905.140   0.993915
10905.222   0.994567
10905.303   0.995534
10905.385   0.996517
10905.466   0.997304
10905.547   0.997752
10905.629   0.998021
10905.710   0.998246
10905.792   0.998335
10905.873   0.998349
10905.954   0.998406
10906.036   0.998342
10906.117   0.997898
10906.198   0.997144
10906.280   0.996413
10906.361   0.996148
10906.443   0.996826
10906.524   0.998363
10906.605   0.999766
10906.687   1.000098
10906.768   0.999443
10906.850   0.998526
10906.931   0.997951
10907.012   0.997845
