 9107.500   0.836109
 9107.559   0.858517
 9107.617   0.880375
 9107.676   0.898221
 9107.734   0.909366
 9107.793   0.912577
 9107.852   0.908199
 9107.910   0.897813
 9107.969   0.883246
 9108.027   0.866310
 9108.086   0.848780
 9108.145   0.832529
 9108.203   0.819592
 9108.262   0.812347
 9108.320   0.813073
 9108.379   0.823051
 9108.438   0.841756
 9108.496   0.866800
 9108.555   0.894596
 9108.613   0.921477
 9108.672   0.944570
 9108.731   0.962368
 9108.789   0.974690
 9108.848   0.982367
 9108.906   0.986645
 9108.965   0.988877
 9109.024   0.990025
 9109.082   0.990566
 9109.141   0.990720
 9109.199   0.990696
 9109.258   0.990641
 9109.317   0.990717
 9109.375   0.991075
 9109.434   0.991723
 9109.492   0.992497
 9109.551   0.993270
 9109.610   0.993999
 9109.668   0.994674
 9109.727   0.995256
 9109.785   0.995715
 9109.844   0.996045
 9109.903   0.996235
 9109.961   0.996209
 9110.020   0.995809
 9110.078   0.994812
 9110.137   0.993005
 9110.196   0.990363
 9110.254   0.987188
 9110.313   0.984051
 9110.371   0.981568
 9110.430   0.980287
 9110.489   0.980535
 9110.547   0.982302
 9110.606   0.985203
 9110.664   0.988557
 9110.723   0.991642
 9110.782   0.993930
 9110.840   0.995216
 9110.899   0.995564
 9110.957   0.995260
 9111.016   0.994693
 9111.075   0.994228
 9111.133   0.994091
 9111.192   0.994354
 9111.250   0.994959
 9111.309   0.995764
 9111.367   0.996581
 9111.426   0.997202
 9111.485   0.997510
 9111.543   0.997556
 9111.602   0.997399
 9111.660   0.997015
 9111.719   0.996402
 9111.778   0.995750
 9111.836   0.995307
 9111.895   0.995238
 9111.953   0.995656
 9112.012   0.996546
 9112.071   0.997631
 9112.129   0.998482
 9112.188   0.998800
 9112.246   0.998517
 9112.305   0.997674
 9112.364   0.996450
 9112.422   0.995023
 9112.481   0.993343
 9112.539   0.991006
 9112.598   0.987754
 9112.657   0.983763
 9112.715   0.979460
 9112.774   0.975262
 9112.832   0.971732
 9112.891   0.969547
 9112.950   0.969218
 9113.008   0.970876
 9113.067   0.974287
 9113.125   0.978827
 9113.184   0.983686
 9113.243   0.988139
 9113.301   0.991714
 9113.360   0.994241
 9113.418   0.995906
 9113.477   0.997057
 9113.536   0.997951
 9113.594   0.998641
 9113.653   0.999044
 9113.711   0.999034
 9113.770   0.998543
 9113.829   0.997650
 9113.887   0.996658
 9113.946   0.995531
 9114.004   0.995006
 9114.063   0.994005
 9114.122   0.992802
 9114.180   0.991337
 9114.239   0.989808
 9114.297   0.988559
 9114.356   0.987896
 9114.415   0.988070
 9114.473   0.989150
 9114.532   0.990901
 9114.590   0.992927
 9114.649   0.994921
 9114.708   0.996641
 9114.766   0.997744
 9114.825   0.997872
 9114.883   0.996938
 9114.942   0.995204
 9115.001   0.993075
 9115.059   0.990626
 9115.118   0.987434
 9115.176   0.982832
 9115.235   0.976338
 9115.293   0.967642
 9115.352   0.956637
 9115.411   0.943797
 9115.469   0.930519
 9115.528   0.918813
 9115.586   0.910872
 9115.645   0.908626
 9115.704   0.913044
 9115.762   0.923427
 9115.821   0.937626
 9115.879   0.952797
 9115.938   0.966450
 9115.997   0.976915
 9116.055   0.983500
 9116.114   0.986375
 9116.172   0.986508
 9116.231   0.985063
 9116.290   0.982806
 9116.348   0.980005
 9116.407   0.976606
 9116.465   0.972212
 9116.524   0.966112
 9116.583   0.957776
 9116.641   0.947334
 9116.700   0.935601
 9116.758   0.923778
 9116.817   0.913406
 9116.876   0.906073
 9116.934   0.902776
 9116.993   0.903384
 9117.051   0.906872
 9117.110   0.911791
 9117.169   0.916720
 9117.227   0.920586
 9117.286   0.923021
 9117.344   0.924224
 9117.403   0.924374
 9117.462   0.923077
 9117.520   0.919251
 9117.579   0.911183
 9117.637   0.897153
 9117.696   0.876391
 9117.755   0.849669
 9117.813   0.819455
 9117.872   0.790122
 9117.930   0.767217
 9117.989   0.755562
 9118.048   0.757371
 9118.106   0.771769
 9118.165   0.794893
 9118.223   0.820859
 9118.282   0.843124
 9118.341   0.856301
 9118.399   0.857053
 9118.458   0.844013
 9118.516   0.817144
 9118.575   0.777788
 9118.634   0.728903
 9118.692   0.675162
 9118.751   0.623194
 9118.809   0.581044
 9118.868   0.556522
 9118.926   0.554919
 9118.985   0.577498
 9119.044   0.620851
 9119.102   0.678005
 9119.161   0.740463
 9119.219   0.800224
 9119.278   0.851693
 9119.337   0.892394
 9119.395   0.922386
 9119.454   0.943128
 9119.512   0.956976
 9119.571   0.963404
 9119.630   0.969748
 9119.688   0.975162
 9119.747   0.978823
 9119.805   0.981144
 9119.864   0.982302
 9119.923   0.982553
 9119.981   0.982297
 9120.040   0.982043
 9120.098   0.982358
 9120.157   0.983450
 9120.216   0.985044
 9120.274   0.986625
 9120.333   0.987823
 9120.391   0.988348
 9120.450   0.987964
 9120.509   0.986597
 9120.567   0.984550
 9120.626   0.982390
 9120.684   0.980736
 9120.743   0.980080
 9120.802   0.980636
 9120.860   0.982312
 9120.919   0.984710
 9120.977   0.987348
 9121.036   0.989820
 9121.095   0.991943
 9121.153   0.993689
 9121.212   0.995146
 9121.270   0.996387
 9121.329   0.997441
 9121.388   0.998259
 9121.446   0.998840
 9121.505   0.999265
 9121.563   0.999643
 9121.622   0.999987
 9121.681   1.000249
 9121.739   1.000347
 9121.798   1.000186
 9121.856   0.999726
 9121.915   0.999119
 9121.974   0.998661
 9122.032   0.998546
 9122.091   0.998754
 9122.149   0.999131
 9122.208   0.999483
 9122.267   0.999622
 9122.325   0.999440
 9122.384   0.999018
 9122.442   0.998517
 9122.501   0.998035
 9122.560   0.997612
 9122.618   0.997352
 9122.677   0.997300
 9122.735   0.997235
 9122.794   0.996845
 9122.852   0.996190
 9122.911   0.995622
 9122.970   0.995381
 9123.028   0.995456
 9123.087   0.995806
 9123.145   0.996361
 9123.204   0.996838
 9123.263   0.996904
 9123.321   0.996421
 9123.380   0.995404
 9123.438   0.993841
 9123.497   0.991626
 9123.556   0.988480
 9123.614   0.984006
 9123.673   0.977898
 9123.731   0.970198
 9123.790   0.961232
 9123.849   0.951463
 9123.907   0.941323
 9123.966   0.931216
 9124.024   0.921370
 9124.083   0.912034
 9124.142   0.903803
 9124.200   0.897783
 9124.259   0.895233
 9124.317   0.896912
 9124.376   0.902564
 9124.435   0.910816
 9124.493   0.919461
 9124.552   0.926162
 9124.610   0.929495
 9124.669   0.929564
 9124.728   0.927927
 9124.786   0.926743
 9124.845   0.927955
 9124.903   0.932669
 9124.962   0.940869
 9125.021   0.951388
 9125.079   0.962526
 9125.138   0.972736
 9125.196   0.981031
 9125.255   0.987012
 9125.314   0.990872
 9125.372   0.993150
 9125.431   0.994405
 9125.489   0.994943
 9125.548   0.994902
 9125.607   0.994483
 9125.665   0.994051
 9125.724   0.993950
 9125.782   0.994276
 9125.841   0.994853
 9125.900   0.995457
 9125.958   0.995909
 9126.017   0.996107
 9126.075   0.995985
 9126.134   0.995486
 9126.193   0.994513
 9126.251   0.992977
 9126.310   0.990819
 9126.368   0.988073
 9126.427   0.984951
 9126.486   0.981907
 9126.544   0.979474
 9126.603   0.977962
 9126.661   0.977405
 9126.720   0.977593
 9126.778   0.978131
 9126.837   0.978565
 9126.896   0.978580
 9126.954   0.978062
 9127.013   0.977056
 9127.071   0.975821
 9127.130   0.974691
 9127.189   0.973750
 9127.247   0.972619
 9127.306   0.970490
 9127.364   0.966118
 9127.423   0.958018
 9127.482   0.944988
 9127.540   0.926769
 9127.599   0.904503
 9127.657   0.880941
 9127.716   0.860000
 9127.775   0.845730
 9127.833   0.840890
 9127.892   0.845938
 9127.950   0.858598
 9128.009   0.874488
 9128.068   0.888321
 9128.126   0.895659
 9128.185   0.893885
 9128.243   0.882577
 9128.302   0.863063
 9128.361   0.838418
 9128.419   0.813079
 9128.478   0.791934
 9128.536   0.779261
 9128.595   0.778073
 9128.654   0.789459
 9128.712   0.811897
 9128.771   0.841386
 9128.829   0.872427
 9128.888   0.899806
 9128.947   0.919998
 9129.005   0.931760
 9129.064   0.935894
 9129.122   0.934719
 9129.181   0.931047
 9129.240   0.926937
 9129.298   0.922900
 9129.357   0.917911
 9129.415   0.909769
 9129.474   0.895798
 9129.533   0.873887
 9129.591   0.843933
 9129.650   0.808546
 9129.708   0.772725
 9129.767   0.742543
 9129.826   0.723391
 9129.884   0.718138
 9129.943   0.725908
 9130.001   0.742150
 9130.060   0.759458
 9130.119   0.769722
 9130.177   0.766102
 9130.236   0.744588
 9130.294   0.704723
 9130.353   0.650735
 9130.412   0.591003
 9130.470   0.536319
 9130.529   0.497704
 9130.587   0.483898
 9130.646   0.498590
 9130.704   0.539352
 9130.763   0.599137
 9130.822   0.668085
 9130.880   0.736430
 9130.939   0.796821
 9130.997   0.845334
 9131.056   0.880884
 9131.115   0.904929
 9131.173   0.920381
 9131.232   0.930176
 9131.290   0.936739
 9131.349   0.941939
 9131.408   0.946883
 9131.466   0.951819
 9131.525   0.956529
 9131.583   0.960634
 9131.642   0.963741
 9131.701   0.965612
 9131.759   0.966243
 9131.818   0.965761
 9131.876   0.964037
 9131.935   0.960516
 9131.994   0.954278
 9132.052   0.944292
 9132.111   0.929690
 9132.169   0.910295
 9132.228   0.887379
 9132.287   0.863867
 9132.345   0.843895
 9132.404   0.831723
 9132.462   0.830477
 9132.521   0.840934
 9132.580   0.861231
 9132.638   0.887381
 9132.697   0.914555
 9132.755   0.938660
 9132.814   0.957397
 9132.873   0.970230
 9132.931   0.977901
 9132.990   0.981987
 9133.048   0.984110
 9133.107   0.985348
 9133.166   0.986150
 9133.224   0.986596
 9133.283   0.986675
 9133.341   0.986409
 9133.400   0.985806
 9133.459   0.984861
 9133.517   0.983603
 9133.576   0.981934
 9133.634   0.979480
 9133.693   0.975703
 9133.752   0.969921
 9133.810   0.961216
 9133.869   0.948355
 9133.927   0.930203
 9133.986   0.906197
 9134.045   0.877165
 9134.103   0.845618
 9134.162   0.815719
 9134.220   0.792395
 9134.279   0.779777
 9134.337   0.779179
 9134.396   0.788479
 9134.455   0.803010
 9134.513   0.817224
 9134.572   0.826774
 9134.630   0.830022
 9134.689   0.828250
 9134.748   0.824704
 9134.806   0.823161
 9134.865   0.826156
 9134.923   0.834024
 9134.982   0.845279
 9135.041   0.857845
 9135.099   0.869980
 9135.158   0.880638
 9135.216   0.889589
 9135.275   0.897049
 9135.334   0.902946
 9135.392   0.906331
 9135.451   0.905481
 9135.509   0.898371
 9135.568   0.883033
 9135.627   0.857724
 9135.685   0.821568
 9135.744   0.775819
 9135.802   0.724242
 9135.861   0.673094
 9135.920   0.629840
 9135.978   0.601073
 9136.037   0.589524
 9136.095   0.592934
 9136.154   0.604012
 9136.213   0.612628
 9136.271   0.609525
 9136.330   0.590503
 9136.388   0.557673
 9136.447   0.518924
 9136.506   0.485685
 9136.564   0.468479
 9136.623   0.472429
 9136.681   0.495917
 9136.740   0.531912
 9136.799   0.570336
 9136.857   0.602482
 9136.916   0.624787
 9136.974   0.639633
 9137.033   0.653048
 9137.092   0.672026
 9137.150   0.701355
 9137.209   0.741565
 9137.267   0.788729
 9137.326   0.836907
 9137.385   0.880453
 9137.443   0.915482
 9137.502   0.940599
 9137.560   0.956973
 9137.619   0.966973
 9137.678   0.972951
 9137.736   0.976902
 9137.795   0.980154
 9137.853   0.983108
 9137.912   0.985572
 9137.971   0.987410
 9138.029   0.988725
 9138.088   0.989752
 9138.146   0.990636
 9138.205   0.991368
 9138.263   0.991834
 9138.322   0.992042
 9138.381   0.992143
 9138.439   0.992360
 9138.498   0.992834
 9138.556   0.993588
 9138.615   0.994457
 9138.674   0.995220
 9138.732   0.995685
 9138.791   0.995818
 9138.849   0.995664
 9138.908   0.995390
 9138.967   0.995200
 9139.025   0.995258
 9139.084   0.995513
 9139.142   0.995742
 9139.201   0.995707
 9139.260   0.995308
 9139.318   0.994525
 9139.377   0.993332
 9139.435   0.991617
 9139.494   0.989204
 9139.553   0.986028
 9139.611   0.982346
 9139.670   0.978765
 9139.728   0.975986
 9139.787   0.974524
 9139.846   0.974562
 9139.904   0.975856
 9139.963   0.977589
 9140.021   0.978369
 9140.080   0.976727
 9140.139   0.971765
 9140.197   0.963539
 9140.256   0.952963
 9140.314   0.941909
 9140.373   0.932773
 9140.432   0.927636
 9140.490   0.927408
 9140.549   0.931757
 9140.607   0.939168
 9140.666   0.947441
 9140.725   0.954429
 9140.783   0.958736
 9140.842   0.959941
 9140.900   0.958624
 9140.959   0.956159
 9141.018   0.954134
 9141.076   0.953805
 9141.135   0.955804
 9141.193   0.960140
 9141.252   0.966226
 9141.311   0.973173
 9141.369   0.979974
 9141.428   0.985799
 9141.486   0.990194
 9141.545   0.993254
 9141.604   0.995358
 9141.662   0.996925
 9141.721   0.998187
 9141.779   0.999182
 9141.838   0.999913
 9141.897   1.000417
 9141.955   1.000661
 9142.014   1.000510
 9142.072   0.999904
 9142.131   0.998774
 9142.189   0.996924
 9142.248   0.994028
 9142.307   0.989768
 9142.365   0.983845
 9142.424   0.976221
 9142.482   0.967519
 9142.541   0.959009
 9142.600   0.952278
 9142.658   0.948703
 9142.717   0.949062
 9142.775   0.953041
 9142.834   0.959385
 9142.893   0.966164
 9142.951   0.971351
 9143.010   0.973441
 9143.068   0.971980
 9143.127   0.967383
 9143.186   0.960565
 9143.244   0.952828
 9143.303   0.945591
 9143.361   0.940049
 9143.420   0.937005
 9143.479   0.936933
 9143.537   0.939727
 9143.596   0.944516
 9143.654   0.949703
 9143.713   0.953297
 9143.772   0.953432
 9143.830   0.948924
 9143.889   0.939742
 9143.947   0.927255
 9144.006   0.914127
 9144.065   0.903317
 9144.123   0.897024
 9144.182   0.896010
 9144.240   0.899508
 9144.299   0.905367
 9144.358   0.911226
 9144.416   0.915818
 9144.475   0.919459
 9144.533   0.923457
 9144.592   0.929393
 9144.651   0.938228
 9144.709   0.949787
 9144.768   0.962681
 9144.826   0.975097
 9144.885   0.985521
 9144.944   0.993126
 9145.002   0.997815
 9145.061   1.000194
 9145.119   1.001083
 9145.178   1.001074
 9145.237   1.000371
 9145.295   0.998925
 9145.354   0.996647
 9145.412   0.993613
 9145.471   0.990121
 9145.530   0.986656
 9145.588   0.983780
 9145.647   0.981974
 9145.705   0.981417
 9145.764   0.981862
 9145.823   0.982608
 9145.881   0.982812
 9145.940   0.981919
 9145.998   0.980010
 9146.057   0.977706
 9146.115   0.975980
 9146.174   0.975783
 9146.233   0.977587
 9146.291   0.981097
 9146.350   0.985467
 9146.408   0.989630
 9146.467   0.992595
 9146.526   0.993757
 9146.584   0.993198
 9146.643   0.991533
 9146.701   0.989457
 9146.760   0.987528
 9146.819   0.986142
 9146.877   0.985535
 9146.936   0.985712
 9146.994   0.986546
 9147.053   0.987928
 9147.112   0.989875
 9147.170   0.992338
 9147.229   0.995068
 9147.287   0.997721
 9147.346   0.999969
 9147.405   1.001516
 9147.463   1.002217
 9147.522   1.002183
 9147.580   1.001581
 9147.639   1.000411
 9147.698   0.998587
 9147.756   0.996112
 9147.815   0.993130
 9147.873   0.989947
 9147.932   0.987054
 9147.991   0.985014
 9148.049   0.984232
 9148.108   0.984709
 9148.166   0.985936
 9148.225   0.987082
 9148.284   0.987204
 9148.342   0.985545
 9148.401   0.981782
 9148.459   0.976284
 9148.518   0.969961
 9148.577   0.964088
 9148.635   0.959903
 9148.694   0.958321
 9148.752   0.959683
 9148.811   0.963847
 9148.870   0.970171
 9148.928   0.977611
 9148.987   0.985016
 9149.045   0.991449
 9149.104   0.996277
 9149.163   0.999246
 9149.221   1.000485
 9149.280   1.000356
 9149.338   0.999163
 9149.397   0.996894
 9149.456   0.993222
 9149.514   0.987557
 9149.573   0.979114
 9149.631   0.966855
 9149.690   0.949745
 9149.749   0.927345
 9149.807   0.900813
 9149.866   0.872831
 9149.924   0.847312
 9149.983   0.828762
 9150.041   0.821064
 9150.100   0.825742
 9150.159   0.841557
 9150.217   0.865076
 9150.276   0.891099
 9150.334   0.914311
 9150.393   0.931062
 9150.452   0.940039
 9150.510   0.941599
 9150.569   0.937716
 9150.627   0.931252
 9150.686   0.925012
 9150.745   0.921204
 9150.803   0.921246
 9150.862   0.925491
 9150.920   0.933248
 9150.979   0.943165
 9151.038   0.953339
 9151.096   0.961844
 9151.155   0.967244
 9151.213   0.968712
 9151.272   0.965664
 9151.331   0.957661
 9151.389   0.944476
 9151.448   0.926486
 9151.506   0.905094
 9151.565   0.882423
 9151.624   0.860980
 9151.682   0.843171
 9151.741   0.830601
 9151.799   0.823348
 9151.858   0.820365
 9151.917   0.820190
 9151.975   0.821439
 9152.034   0.822981
 9152.092   0.823497
 9152.151   0.821093
 9152.210   0.813310
 9152.268   0.797764
 9152.327   0.772966
 9152.385   0.739958
 9152.444   0.702775
 9152.503   0.667080
 9152.561   0.638654
 9152.620   0.621834
 9152.678   0.617559
 9152.737   0.622454
 9152.796   0.630769
 9152.854   0.636242
 9152.913   0.634073
 9152.971   0.623049
 9153.030   0.607350
 9153.089   0.594312
 9153.147   0.591922
 9153.206   0.606335
 9153.264   0.640055
 9153.323   0.689658
 9153.382   0.747946
 9153.440   0.806827
 9153.499   0.859369
 9153.557   0.900930
 9153.616   0.930508
 9153.674   0.949737
 9153.733   0.961016
 9153.792   0.966797
 9153.850   0.969161
 9153.909   0.969545
 9153.967   0.968884
 9154.026   0.967967
 9154.085   0.967418
 9154.143   0.967624
 9154.202   0.968655
 9154.260   0.970276
 9154.319   0.972165
 9154.378   0.974032
 9154.436   0.975553
 9154.495   0.976370
 9154.553   0.976088
 9154.612   0.974377
 9154.671   0.970966
 9154.729   0.965529
 9154.788   0.957534
 9154.846   0.946038
 9154.905   0.929694
 9154.964   0.906696
 9155.022   0.874837
 9155.081   0.832134
 9155.139   0.778067
 9155.198   0.714275
 9155.257   0.644130
 9155.315   0.572652
 9155.374   0.505286
 9155.432   0.446878
 9155.491   0.401054
 9155.550   0.370483
 9155.608   0.356988
 9155.667   0.361863
 9155.725   0.385625
 9155.784   0.426726
 9155.843   0.481751
 9155.901   0.545070
 9155.960   0.609927
 9156.018   0.670474
 9156.077   0.723634
 9156.136   0.768535
 9156.194   0.805887
 9156.253   0.837227
 9156.311   0.863566
 9156.370   0.884487
 9156.429   0.898703
 9156.487   0.905031
 9156.546   0.903288
 9156.604   0.894550
 9156.663   0.881569
 9156.722   0.868632
 9156.780   0.860231
 9156.839   0.859556
 9156.897   0.867908
 9156.956   0.884416
 9157.015   0.905876
 9157.073   0.928335
 9157.132   0.948537
 9157.190   0.964519
 9157.249   0.975493
 9157.308   0.982029
 9157.366   0.985330
 9157.425   0.986571
 9157.483   0.986684
 9157.542   0.986359
 9157.600   0.985979
 9157.659   0.985682
 9157.718   0.985490
 9157.776   0.985424
 9157.835   0.985569
 9157.893   0.986030
 9157.952   0.986761
 9158.011   0.987692
 9158.069   0.988747
 9158.128   0.989816
 9158.186   0.990740
 9158.245   0.991455
 9158.304   0.991929
 9158.362   0.992053
 9158.421   0.991677
 9158.479   0.990794
 9158.538   0.989588
 9158.597   0.988315
 9158.655   0.987306
 9158.714   0.986946
 9158.772   0.987494
 9158.831   0.988816
 9158.890   0.990541
 9158.948   0.992285
 9159.007   0.993750
 9159.065   0.994702
 9159.124   0.995044
 9159.183   0.994749
 9159.241   0.993827
 9159.300   0.992246
 9159.358   0.989880
 9159.417   0.986449
 9159.476   0.981572
 9159.534   0.974748
 9159.593   0.965169
 9159.651   0.951922
 9159.710   0.934399
 9159.769   0.912702
 9159.827   0.887578
 9159.886   0.861022
 9159.944   0.836349
 9160.003   0.817487
 9160.062   0.807989
 9160.120   0.810193
 9160.179   0.824042
 9160.237   0.846512
 9160.296   0.872956
 9160.355   0.897923
 9160.413   0.916403
 9160.472   0.925119
 9160.530   0.923346
 9160.589   0.911884
 9160.648   0.892968
 9160.706   0.870270
 9160.765   0.848167
 9160.823   0.831350
 9160.882   0.824032
 9160.941   0.828548
 9160.999   0.844147
 9161.058   0.868117
 9161.116   0.896218
 9161.175   0.923795
 9161.234   0.947230
 9161.292   0.965061
 9161.351   0.977228
 9161.409   0.984640
 9161.468   0.988767
 9161.526   0.991002
 9161.585   0.992248
 9161.644   0.993041
 9161.702   0.993620
 9161.761   0.993902
 9161.819   0.993668
 9161.878   0.992714
 9161.937   0.990853
 9161.995   0.987949
 9162.054   0.984001
 9162.112   0.979113
 9162.171   0.973343
 9162.230   0.966658
 9162.288   0.959041
 9162.347   0.950752
 9162.405   0.942373
 9162.464   0.934852
 9162.523   0.929487
 9162.581   0.927528
 9162.640   0.929567
 9162.698   0.935391
 9162.757   0.944215
 9162.816   0.954617
 9162.874   0.964965
 9162.933   0.974001
 9162.991   0.981104
 9163.050   0.986031
 9163.109   0.988917
 9163.167   0.990121
 9163.226   0.989971
 9163.284   0.988641
 9163.343   0.986151
 9163.402   0.982227
 9163.460   0.976413
 9163.519   0.968370
 9163.577   0.958164
 9163.636   0.946249
 9163.695   0.933675
 9163.753   0.922107
 9163.812   0.913145
 9163.870   0.907619
 9163.929   0.905659
 9163.988   0.906902
 9164.046   0.910460
 9164.105   0.915382
 9164.163   0.921245
 9164.222   0.928035
 9164.281   0.935687
 9164.339   0.943813
 9164.398   0.951832
 9164.456   0.959022
 9164.515   0.964755
 9164.574   0.968767
 9164.632   0.971528
 9164.691   0.973925
 9164.749   0.976654
 9164.808   0.979930
 9164.867   0.983677
 9164.925   0.987528
 9164.984   0.990899
 9165.042   0.993371
 9165.101   0.995021
 9165.160   0.996110
 9165.218   0.996796
 9165.277   0.997129
 9165.335   0.997225
 9165.394   0.997222
 9165.452   0.997210
 9165.511   0.997212
 9165.570   0.997261
 9165.628   0.997448
 9165.687   0.997816
 9165.745   0.998208
 9165.804   0.998384
 9165.863   0.998260
 9165.921   0.997931
 9165.980   0.997510
 9166.038   0.997027
 9166.097   0.996462
 9166.156   0.995825
 9166.214   0.995192
 9166.273   0.994651
 9166.331   0.994276
 9166.390   0.994122
 9166.449   0.994185
 9166.507   0.994308
 9166.566   0.994272
 9166.624   0.993905
 9166.683   0.993068
 9166.742   0.991590
 9166.800   0.989233
 9166.859   0.985727
 9166.917   0.980763
 9166.976   0.974129
 9167.035   0.965814
 9167.093   0.956336
 9167.152   0.946623
 9167.210   0.937932
 9167.269   0.931479
 9167.328   0.927970
 9167.386   0.926692
 9167.445   0.925584
 9167.503   0.921857
 9167.562   0.912419
 9167.621   0.894810
 9167.679   0.868912
 9167.738   0.837835
 9167.796   0.806640
 9167.855   0.781938
 9167.914   0.770186
 9167.972   0.775138
 9168.031   0.795632
 9168.089   0.827510
 9168.148   0.864513
 9168.207   0.899799
 9168.265   0.927960
 9168.324   0.946771
 9168.382   0.956059
 9168.441   0.956790
 9168.500   0.950878
 9168.558   0.940641
 9168.617   0.928707
 9168.675   0.917871
 9168.734   0.910619
 9168.793   0.908316
 9168.851   0.911120
 9168.910   0.917436
 9168.968   0.924241
 9169.027   0.928535
 9169.085   0.928667
 9169.144   0.924481
 9169.203   0.917475
 9169.261   0.910723
 9169.320   0.907425
 9169.378   0.909492
 9169.437   0.917257
 9169.496   0.929794
 9169.554   0.944812
 9169.613   0.959698
 9169.671   0.972506
 9169.730   0.982261
 9169.789   0.988692
 9169.847   0.992372
 9169.906   0.994212
 9169.964   0.994928
 9170.023   0.994976
 9170.082   0.994703
 9170.140   0.994218
 9170.199   0.993366
 9170.257   0.991916
 9170.316   0.989603
 9170.375   0.986160
 9170.433   0.981495
 9170.492   0.975940
 9170.550   0.970180
 9170.609   0.965243
 9170.668   0.962124
 9170.726   0.961329
 9170.785   0.962515
 9170.843   0.964949
 9170.902   0.967798
 9170.961   0.970255
 9171.019   0.971776
 9171.078   0.972392
 9171.136   0.972429
 9171.195   0.971990
 9171.254   0.970864
 9171.312   0.968747
 9171.371   0.965420
 9171.429   0.960832
 9171.488   0.955328
 9171.547   0.949787
 9171.605   0.945256
 9171.664   0.942589
 9171.722   0.942343
 9171.781   0.944680
 9171.840   0.948955
 9171.898   0.953898
 9171.957   0.957938
 9172.015   0.959316
 9172.074   0.956321
 9172.133   0.947717
 9172.191   0.933075
 9172.250   0.913074
 9172.308   0.890108
 9172.367   0.867449
 9172.426   0.848335
 9172.484   0.835135
 9172.543   0.828839
 9172.601   0.828123
 9172.660   0.830514
 9172.719   0.833978
 9172.777   0.837899
 9172.836   0.842770
 9172.894   0.850140
 9172.953   0.861662
 9173.011   0.877876
 9173.070   0.897238
 9173.129   0.917108
 9173.187   0.934735
 9173.246   0.947897
 9173.304   0.955219
 9173.363   0.956757
 9173.422   0.953286
 9173.480   0.945198
 9173.539   0.932035
 9173.597   0.912777
 9173.656   0.885481
 9173.715   0.847585
 9173.773   0.797124
 9173.832   0.734654
 9173.890   0.663145
 9173.949   0.588796
 9174.008   0.521057
 9174.066   0.469879
 9174.125   0.442753
 9174.183   0.443693
 9174.242   0.472282
 9174.301   0.522144
 9174.359   0.584479
 9174.418   0.650539
 9174.476   0.712749
 9174.535   0.765273
 9174.594   0.805450
 9174.652   0.832546
 9174.711   0.846865
 9174.769   0.849516
 9174.828   0.841628
 9174.887   0.823842
 9174.945   0.796838
 9175.004   0.762185
 9175.062   0.723767
 9175.121   0.687219
 9175.180   0.659818
 9175.238   0.648922
 9175.297   0.659593
 9175.355   0.690905
 9175.414   0.737488
 9175.473   0.791494
 9175.531   0.844135
 9175.590   0.887947
 9175.648   0.919771
 9175.707   0.940106
 9175.766   0.950903
 9175.824   0.955030
 9175.883   0.955386
 9175.941   0.954111
 9176.000   0.952418
 9176.059   0.950926
 9176.117   0.949396
 9176.176   0.947070
 9176.234   0.942991
 9176.293   0.936128
 9176.352   0.925478
 9176.410   0.910156
 9176.469   0.889253
 9176.527   0.861823
 9176.586   0.827383
 9176.645   0.786528
 9176.703   0.742180
 9176.762   0.700196
 9176.820   0.667604
 9176.879   0.651031
 9176.937   0.655150
 9176.996   0.680829
 9177.055   0.723204
 9177.113   0.774817
 9177.172   0.827903
 9177.230   0.875772
 9177.289   0.913812
 9177.348   0.941268
 9177.406   0.959613
 9177.465   0.970933
 9177.523   0.977526
 9177.582   0.981495
 9177.641   0.984102
 9177.699   0.985876
 9177.758   0.987007
 9177.816   0.987426
 9177.875   0.986952
 9177.934   0.985393
 9177.992   0.982438
 9178.051   0.977604
 9178.109   0.970180
 9178.168   0.959481
 9178.227   0.945095
 9178.285   0.927384
 9178.344   0.907587
 9178.402   0.888464
 9178.461   0.873737
 9178.520   0.866778
 9178.578   0.869245
 9178.637   0.881132
 9178.695   0.900266
 9178.754   0.922580
 9178.813   0.943847
 9178.871   0.961175
 9178.930   0.973080
 9178.988   0.979343
 9179.047   0.981147
 9179.106   0.980192
 9179.164   0.978047
 9179.223   0.976015
 9179.281   0.975123
 9179.340   0.975858
 9179.399   0.978228
 9179.457   0.981865
 9179.516   0.986126
 9179.574   0.990346
 9179.633   0.994000
 9179.692   0.996734
 9179.750   0.998446
 9179.809   0.999263
 9179.867   0.999392
 9179.926   0.999051
 9179.985   0.998524
 9180.043   0.998054
 9180.102   0.997754
 9180.160   0.997610
 9180.219   0.997589
 9180.278   0.997652
 9180.336   0.997764
 9180.395   0.997825
 9180.453   0.997684
 9180.512   0.997175
 9180.571   0.996149
 9180.629   0.994371
 9180.688   0.991344
 9180.746   0.986309
 9180.805   0.978422
 9180.863   0.966887
 9180.922   0.951207
 9180.981   0.931908
 9181.039   0.911302
 9181.098   0.892713
 9181.156   0.879785
 9181.215   0.875553
 9181.274   0.881440
 9181.332   0.895881
 9181.391   0.915612
 9181.449   0.936891
 9181.508   0.956262
 9181.567   0.971136
 9181.625   0.980747
 9181.684   0.985607
 9181.742   0.986627
 9181.801   0.984885
 9181.860   0.981487
 9181.918   0.977536
 9181.977   0.974091
 9182.035   0.972097
 9182.094   0.972113
 9182.153   0.974331
 9182.211   0.978445
 9182.270   0.983641
 9182.328   0.988968
 9182.387   0.993589
 9182.446   0.996880
 9182.504   0.998657
 9182.563   0.999339
 9182.621   0.999510
 9182.680   0.999448
 9182.739   0.999142
 9182.797   0.998552
 9182.856   0.997651
 9182.914   0.996291
 9182.973   0.994164
 9183.032   0.990879
 9183.090   0.986086
 9183.149   0.979515
 9183.207   0.971085
 9183.266   0.961078
 9183.325   0.950438
 9183.383   0.940467
 9183.442   0.932642
 9183.500   0.928234
 9183.559   0.928005
 9183.618   0.931556
 9183.676   0.937678
 9183.735   0.944575
 9183.793   0.949993
 9183.852   0.951647
 9183.911   0.947506
 9183.969   0.935679
 9184.028   0.914440
 9184.086   0.883001
 9184.145   0.842069
 9184.204   0.795168
 9184.262   0.748833
 9184.321   0.710580
 9184.379   0.686993
 9184.438   0.682146
 9184.497   0.695454
 9184.555   0.719944
 9184.614   0.746129
 9184.672   0.765128
 9184.731   0.770803
 9184.789   0.761294
 9184.848   0.741987
 9184.907   0.722006
 9184.965   0.710431
 9185.024   0.713803
 9185.082   0.735254
 9185.141   0.771728
 9185.200   0.816232
 9185.258   0.861419
 9185.317   0.901622
 9185.375   0.933083
 9185.434   0.955103
 9185.493   0.969441
 9185.551   0.978359
 9185.610   0.983796
 9185.668   0.987292
 9185.727   0.989747
 9185.786   0.991356
 9185.844   0.992130
 9185.903   0.992246
 9185.961   0.991966
 9186.020   0.991319
 9186.079   0.989964
 9186.137   0.987488
 9186.196   0.983736
 9186.254   0.978859
 9186.313   0.973292
 9186.372   0.967973
 9186.430   0.964012
 9186.489   0.962209
 9186.547   0.962761
 9186.606   0.965479
 9186.665   0.969703
 9186.723   0.974526
 9186.782   0.979110
 9186.840   0.982904
 9186.899   0.985556
 9186.958   0.986944
 9187.016   0.987117
 9187.075   0.986235
 9187.133   0.984718
 9187.192   0.983242
 9187.251   0.982409
 9187.309   0.982514
 9187.368   0.983606
 9187.426   0.985409
 9187.485   0.987353
 9187.544   0.988848
 9187.602   0.989578
 9187.661   0.989550
 9187.719   0.989038
 9187.778   0.988493
 9187.837   0.988337
 9187.895   0.988749
 9187.954   0.989668
 9188.012   0.990896
 9188.071   0.992165
 9188.130   0.993265
 9188.188   0.994142
 9188.247   0.994863
 9188.305   0.995483
 9188.364   0.996062
 9188.422   0.996638
 9188.481   0.997189
 9188.540   0.997630
 9188.598   0.997969
 9188.657   0.998309
 9188.715   0.998690
 9188.774   0.999061
 9188.833   0.999383
 9188.891   0.999636
 9188.950   0.999747
 9189.008   0.999681
 9189.067   0.999469
 9189.126   0.999165
 9189.184   0.998771
 9189.243   0.998341
 9189.301   0.998014
 9189.360   0.997873
 9189.419   0.997766
 9189.477   0.997457
 9189.536   0.996820
 9189.594   0.995822
 9189.653   0.994354
 9189.712   0.992108
 9189.770   0.988602
 9189.829   0.983228
 9189.887   0.975367
 9189.946   0.964724
 9190.005   0.951895
 9190.063   0.938693
 9190.122   0.927464
 9190.180   0.920475
 9190.239   0.919453
 9190.298   0.924992
 9190.356   0.935629
 9190.415   0.948823
 9190.473   0.962155
 9190.532   0.973840
 9190.591   0.982727
 9190.649   0.988660
 9190.708   0.992204
 9190.766   0.994038
 9190.825   0.994754
 9190.884   0.994822
 9190.942   0.994550
 9191.001   0.993977
 9191.059   0.992959
 9191.118   0.991209
 9191.177   0.988425
 9191.235   0.984310
 9191.294   0.978612
 9191.352   0.971335
 9191.411   0.963141
 9191.470   0.955189
 9191.528   0.948785
 9191.587   0.945218
 9191.645   0.945456
 9191.704   0.949454
 9191.763   0.956018
 9191.821   0.963564
 9191.880   0.970457
 9191.938   0.975167
 9191.997   0.976508
 9192.056   0.973884
 9192.114   0.966855
 9192.173   0.954662
 9192.231   0.936436
 9192.290   0.911944
 9192.348   0.882719
 9192.407   0.851885
 9192.466   0.824301
 9192.524   0.805651
 9192.583   0.800526
 9192.641   0.810015
 9192.700   0.832189
 9192.759   0.862842
 9192.817   0.895995
 9192.876   0.925997
 9192.934   0.949807
 9192.993   0.966897
 9193.052   0.977914
 9193.110   0.984328
 9193.169   0.987775
 9193.227   0.989457
 9193.286   0.990102
 9193.345   0.990240
 9193.403   0.990231
 9193.462   0.990313
 9193.520   0.990595
 9193.579   0.991078
 9193.638   0.991744
 9193.696   0.992594
 9193.755   0.993560
 9193.813   0.994511
 9193.872   0.995300
 9193.931   0.995813
 9193.989   0.995940
 9194.048   0.995645
 9194.106   0.995001
 9194.165   0.994228
 9194.224   0.993504
 9194.282   0.992865
 9194.341   0.992189
 9194.399   0.991318
 9194.458   0.990067
 9194.517   0.988208
 9194.575   0.985575
 9194.634   0.982109
 9194.692   0.977728
 9194.751   0.971974
 9194.810   0.963742
 9194.868   0.951390
 9194.927   0.932649
 9194.985   0.905059
 9195.044   0.866902
 9195.103   0.818727
 9195.161   0.763430
 9195.220   0.706935
 9195.278   0.657628
 9195.337   0.623893
 9195.396   0.611290
 9195.454   0.621505
 9195.513   0.651276
 9195.571   0.691721
 9195.630   0.732244
 9195.689   0.763738
 9195.747   0.780337
 9195.806   0.780513
 9195.864   0.769479
 9195.923   0.755795
 9195.982   0.748052
 9196.040   0.752663
 9196.099   0.772754
 9196.157   0.805679
 9196.216   0.845231
 9196.274   0.884913
 9196.333   0.919692
 9196.392   0.946364
 9196.450   0.964514
 9196.509   0.975840
 9196.567   0.982398
 9196.626   0.985893
 9196.685   0.987661
 9196.743   0.988549
 9196.802   0.988942
 9196.860   0.989062
 9196.919   0.989019
 9196.978   0.988774
 9197.036   0.988303
 9197.095   0.987740
 9197.153   0.987318
 9197.212   0.987119
 9197.271   0.987060
 9197.329   0.987083
 9197.388   0.987282
 9197.446   0.987788
 9197.505   0.988605
 9197.564   0.989623
 9197.622   0.990727
 9197.681   0.991821
 9197.739   0.992759
 9197.798   0.993383
 9197.857   0.993713
 9197.915   0.993926
 9197.974   0.994139
 9198.032   0.994362
 9198.091   0.994597
 9198.150   0.994831
 9198.208   0.994966
 9198.267   0.994864
 9198.325   0.994457
 9198.384   0.993778
 9198.443   0.992910
 9198.501   0.991868
 9198.560   0.990531
 9198.618   0.988661
 9198.677   0.985952
 9198.736   0.981991
 9198.794   0.976442
 9198.853   0.969347
 9198.911   0.961467
 9198.970   0.953970
 9199.029   0.948156
 9199.087   0.945279
 9199.146   0.946260
 9199.204   0.951033
 9199.263   0.958572
 9199.322   0.967440
 9199.380   0.976112
 9199.439   0.983257
 9199.497   0.988239
 9199.556   0.991257
 9199.615   0.992860
 9199.673   0.993584
 9199.732   0.993869
 9199.790   0.994070
 9199.849   0.994354
 9199.908   0.994706
 9199.966   0.995023
 9200.025   0.995296
 9200.083   0.995556
 9200.142   0.995750
 9200.200   0.995756
 9200.259   0.995508
 9200.318   0.995030
 9200.376   0.994412
 9200.435   0.993755
 9200.493   0.993122
 9200.552   0.992492
 9200.611   0.991720
 9200.669   0.990607
 9200.728   0.989087
 9200.786   0.987399
 9200.845   0.985939
 9200.904   0.985022
 9200.962   0.984762
 9201.021   0.985171
 9201.079   0.986205
 9201.138   0.987759
 9201.197   0.989629
 9201.255   0.991607
 9201.314   0.993514
 9201.372   0.995147
 9201.431   0.996294
 9201.490   0.996872
 9201.548   0.997012
 9201.607   0.996898
 9201.665   0.996702
 9201.724   0.996566
 9201.783   0.996548
 9201.841   0.996552
 9201.900   0.996436
 9201.958   0.996139
 9202.017   0.995760
 9202.076   0.995483
 9202.134   0.995458
 9202.193   0.995718
 9202.251   0.996198
 9202.310   0.996763
 9202.369   0.997249
 9202.427   0.997524
 9202.486   0.997532
 9202.544   0.997299
 9202.603   0.996980
 9202.662   0.996765
 9202.720   0.996759
 9202.779   0.996862
 9202.837   0.996944
 9202.896   0.996872
 9202.955   0.996554
 9203.013   0.995958
 9203.072   0.995294
 9203.130   0.994818
 9203.189   0.994562
 9203.248   0.994306
 9203.306   0.993890
 9203.365   0.993367
 9203.423   0.992863
 9203.482   0.992505
 9203.541   0.992385
 9203.599   0.992504
 9203.658   0.992652
 9203.716   0.992571
 9203.775   0.992199
 9203.833   0.991739
 9203.892   0.991375
 9203.951   0.991091
 9204.009   0.990684
 9204.068   0.989861
 9204.126   0.988278
 9204.185   0.985727
 9204.244   0.982361
 9204.302   0.978780
 9204.361   0.975743
 9204.419   0.973961
 9204.478   0.973838
 9204.537   0.975367
 9204.595   0.978069
 9204.654   0.981302
 9204.712   0.984406
 9204.771   0.986837
 9204.830   0.988255
 9204.888   0.988653
 9204.947   0.988159
 9205.005   0.986752
 9205.064   0.984068
 9205.123   0.979494
 9205.181   0.972338
 9205.240   0.962010
 9205.298   0.948202
 9205.357   0.931353
 9205.416   0.912908
 9205.474   0.895679
 9205.533   0.883158
 9205.591   0.878273
 9205.650   0.882187
 9205.709   0.894362
 9205.767   0.912468
 9205.826   0.932710
 9205.884   0.951375
 9205.943   0.966289
 9206.002   0.976793
 9206.060   0.983165
 9206.119   0.986440
 9206.177   0.987812
 9206.236   0.988005
 9206.295   0.987062
 9206.353   0.984615
 9206.412   0.980142
 9206.470   0.973227
 9206.529   0.963627
 9206.588   0.951608
 9206.646   0.938132
 9206.705   0.925119
 9206.763   0.914975
 9206.822   0.909884
 9206.881   0.911015
 9206.939   0.918285
 9206.998   0.930081
 9207.056   0.943671
 9207.115   0.956399
 9207.174   0.966619
 9207.232   0.973582
 9207.291   0.977121
 9207.349   0.977513
 9207.408   0.975096
 9207.467   0.969798
 9207.525   0.961287
 9207.584   0.949515
 9207.642   0.935360
 9207.701   0.920511
 9207.759   0.907346
 9207.818   0.898475
 9207.877   0.895957
 9207.935   0.900316
 9207.994   0.910539
 9208.052   0.924373
 9208.111   0.938518
 9208.170   0.949642
 9208.228   0.955439
 9208.287   0.955027
 9208.345   0.948680
 9208.404   0.938071
 9208.463   0.925867
 9208.521   0.915222
 9208.580   0.909055
 9208.638   0.909250
 9208.697   0.915829
 9208.756   0.927414
 9208.814   0.941871
 9208.873   0.956621
 9208.931   0.969334
 9208.990   0.978774
 9209.049   0.984829
 9209.107   0.987922
 9209.166   0.988797
 9209.224   0.988327
 9209.283   0.987281
 9209.342   0.986204
 9209.400   0.985493
 9209.459   0.985426
 9209.517   0.986173
 9209.576   0.987699
 9209.635   0.989706
 9209.693   0.991833
 9209.752   0.993828
 9209.810   0.995498
 9209.869   0.996698
 9209.928   0.997422
 9209.986   0.997826
 9210.045   0.998090
 9210.103   0.998316
 9210.162   0.998494
 9210.221   0.998546
 9210.279   0.998360
 9210.338   0.997821
 9210.396   0.996770
 9210.455   0.995100
 9210.514   0.992880
 9210.572   0.990430
 9210.631   0.988155
 9210.689   0.986388
 9210.748   0.985413
 9210.807   0.985459
 9210.865   0.986494
 9210.924   0.988241
 9210.982   0.990356
 9211.041   0.992597
 9211.100   0.994784
 9211.158   0.996713
 9211.217   0.998143
 9211.275   0.998932
 9211.334   0.999132
 9211.393   0.998949
 9211.451   0.998672
 9211.510   0.998670
 9211.568   0.999105
 9211.627   0.999765
 9211.685   1.000255
 9211.744   1.000357
 9211.803   1.000003
 9211.861   0.999239
 9211.920   0.998310
 9211.978   0.997531
 9212.037   0.996937
 9212.096   0.996222
 9212.154   0.995033
 9212.213   0.992998
 9212.271   0.989607
 9212.330   0.984186
 9212.389   0.975927
 9212.447   0.963923
 9212.506   0.947431
 9212.564   0.926588
 9212.623   0.902885
 9212.682   0.879636
 9212.740   0.861047
 9212.799   0.851115
 9212.857   0.852287
 9212.916   0.864825
 9212.975   0.886056
 9213.033   0.911477
 9213.092   0.936559
 9213.150   0.957944
 9213.209   0.973716
 9213.268   0.983722
 9213.326   0.989221
 9213.385   0.991740
 9213.443   0.992475
 9213.502   0.992255
 9213.561   0.991527
 9213.619   0.990409
 9213.678   0.989053
 9213.736   0.987775
 9213.795   0.986825
 9213.854   0.986201
 9213.912   0.985514
 9213.971   0.984144
 9214.029   0.981479
 9214.088   0.976969
 9214.147   0.969955
 9214.205   0.959254
 9214.264   0.943284
 9214.322   0.920624
 9214.381   0.891066
 9214.440   0.856030
 9214.498   0.819189
 9214.557   0.786058
 9214.615   0.762551
 9214.674   0.753231
 9214.733   0.760235
 9214.791   0.782298
 9214.850   0.814652
 9214.908   0.851347
 9214.967   0.887041
 9215.026   0.917792
 9215.084   0.941412
 9215.143   0.957749
 9215.201   0.967630
 9215.260   0.972196
 9215.319   0.972820
 9215.377   0.970882
 9215.436   0.967569
 9215.494   0.963907
 9215.553   0.960976
 9215.611   0.959751
 9215.670   0.960839
 9215.729   0.964146
 9215.787   0.969042
 9215.846   0.974651
 9215.904   0.980071
 9215.963   0.984601
 9216.022   0.988027
 9216.080   0.990490
 9216.139   0.992171
 9216.197   0.993225
 9216.256   0.993754
 9216.315   0.993729
 9216.373   0.993011
 9216.432   0.991476
 9216.490   0.988850
 9216.549   0.984459
 9216.608   0.977260
 9216.666   0.965989
 9216.725   0.949413
 9216.783   0.926609
 9216.842   0.897411
 9216.901   0.862627
 9216.959   0.824211
 9217.018   0.784852
 9217.076   0.747483
 9217.135   0.715186
 9217.194   0.691027
 9217.252   0.677875
 9217.311   0.677959
 9217.369   0.692428
 9217.428   0.720416
 9217.487   0.759231
 9217.545   0.804477
 9217.604   0.850550
 9217.662   0.892188
 9217.721   0.926138
 9217.780   0.951320
 9217.838   0.968296
 9217.897   0.978955
 9217.955   0.985499
 9218.014   0.989592
 9218.073   0.992261
 9218.131   0.994148
 9218.190   0.995618
 9218.248   0.996868
 9218.307   0.998096
 9218.366   0.999381
 9218.424   1.000627
 9218.483   1.001672
 9218.541   1.002493
 9218.600   1.003125
 9218.659   1.003549
 9218.717   1.003759
 9218.776   1.003842
 9218.834   1.003827
 9218.893   1.003623
 9218.952   1.003208
 9219.010   1.002720
 9219.069   1.002298
 9219.127   1.001887
 9219.186   1.001307
 9219.245   1.000398
 9219.303   0.999045
 9219.362   0.997251
 9219.420   0.995249
 9219.479   0.993487
 9219.537   0.992463
 9219.596   0.992478
 9219.655   0.993508
 9219.713   0.995236
 9219.772   0.997225
 9219.830   0.999033
 9219.889   1.000267
 9219.948   1.000735
 9220.006   1.000434
 9220.065   0.999364
 9220.123   0.997470
 9220.182   0.994838
 9220.241   0.991771
 9220.299   0.988724
 9220.358   0.986236
 9220.416   0.984818
 9220.475   0.984784
 9220.534   0.986118
 9220.592   0.988472
 9220.651   0.991203
 9220.709   0.993670
 9220.768   0.995544
 9220.827   0.996902
 9220.885   0.997991
 9220.944   0.998952
 9221.002   0.999777
 9221.061   1.000444
 9221.120   1.000936
 9221.178   1.001141
 9221.237   1.000858
 9221.295   1.000020
 9221.354   0.998692
 9221.413   0.996884
 9221.471   0.994439
 9221.530   0.990991
 9221.588   0.985887
 9221.647   0.978271
 9221.706   0.967521
 9221.764   0.953798
 9221.823   0.938248
 9221.881   0.923019
 9221.940   0.910768
 9221.999   0.904035
 9222.057   0.904384
 9222.116   0.911858
 9222.174   0.924671
 9222.233   0.940173
 9222.292   0.955744
 9222.350   0.969364
 9222.409   0.979871
 9222.467   0.987119
 9222.526   0.991589
 9222.585   0.993973
 9222.643   0.995077
 9222.702   0.995640
 9222.760   0.996102
 9222.819   0.996572
 9222.878   0.997025
 9222.936   0.997415
 9222.995   0.997720
 9223.053   0.997920
 9223.112   0.997982
 9223.170   0.997918
 9223.229   0.997782
 9223.288   0.997591
 9223.346   0.997305
 9223.405   0.997010
 9223.463   0.996934
 9223.522   0.997176
 9223.581   0.997509
 9223.639   0.997632
 9223.698   0.997566
 9223.756   0.997509
 9223.815   0.997512
 9223.874   0.997425
 9223.932   0.997154
 9223.991   0.996754
 9224.049   0.996261
 9224.108   0.995599
 9224.167   0.994595
 9224.225   0.993106
 9224.284   0.991039
 9224.342   0.988271
 9224.401   0.984566
 9224.460   0.979337
 9224.518   0.971597
 9224.577   0.959879
 9224.635   0.942397
 9224.694   0.917604
 9224.753   0.885556
 9224.811   0.848828
 9224.870   0.812312
 9224.928   0.782457
 9224.987   0.765467
 9225.046   0.765331
 9225.104   0.782284
 9225.163   0.813019
 9225.221   0.851136
 9225.280   0.889586
 9225.339   0.923055
 9225.397   0.948961
 9225.456   0.966676
 9225.514   0.977368
 9225.573   0.983331
 9225.632   0.986713
 9225.690   0.988887
 9225.749   0.990686
 9225.807   0.992531
 9225.866   0.994380
 9225.925   0.995987
 9225.983   0.997291
 9226.042   0.998462
 9226.100   0.999610
 9226.159   1.000571
 9226.218   1.001119
 9226.276   1.001262
 9226.335   1.001247
 9226.393   1.001299
 9226.452   1.001461
 9226.511   1.001620
 9226.569   1.001632
 9226.628   1.001398
 9226.686   1.000941
 9226.745   1.000424
 9226.804   1.000048
 9226.862   0.999902
 9226.921   0.999835
 9226.979   0.999614
 9227.038   0.999124
 9227.096   0.998432
 9227.155   0.997659
 9227.214   0.996977
 9227.272   0.996518
 9227.331   0.996268
 9227.389   0.996015
 9227.448   0.995586
 9227.507   0.995009
 9227.565   0.994431
 9227.624   0.993939
 9227.682   0.993545
 9227.741   0.993294
 9227.800   0.993224
 9227.858   0.993232
 9227.917   0.993061
 9227.975   0.992449
 9228.034   0.991211
 9228.093   0.989237
 9228.151   0.986516
 9228.210   0.983073
 9228.268   0.978822
 9228.327   0.973452
 9228.386   0.966557
 9228.444   0.958099
 9228.503   0.948810
 9228.561   0.940312
 9228.620   0.934605
 9228.679   0.933217
 9228.737   0.936528
 9228.796   0.943751
 9228.854   0.953269
 9228.913   0.963012
 9228.972   0.971200
 9229.030   0.976834
 9229.089   0.979509
 9229.147   0.979006
 9229.206   0.975317
 9229.265   0.968623
 9229.323   0.959173
 9229.382   0.947533
 9229.440   0.934947
 9229.499   0.923445
 9229.558   0.915201
 9229.616   0.911904
 9229.675   0.914189
 9229.733   0.921532
 9229.792   0.932216
 9229.851   0.943936
 9229.909   0.954688
 9229.968   0.963128
 9230.026   0.968364
 9230.085   0.969944
 9230.144   0.967947
 9230.202   0.962684
 9230.261   0.954601
 9230.319   0.944722
 9230.378   0.934852
 9230.437   0.927239
 9230.495   0.923752
 9230.554   0.925311
 9230.612   0.931496
 9230.671   0.940668
 9230.730   0.950350
 9230.788   0.958223
 9230.847   0.962970
 9230.905   0.964544
 9230.964   0.963845
 9231.022   0.962351
 9231.081   0.961514
 9231.140   0.962128
 9231.198   0.964059
 9231.257   0.966678
 9231.315   0.969456
 9231.374   0.972321
 9231.433   0.975497
 9231.491   0.979119
 9231.550   0.983014
 9231.608   0.986855
 9231.667   0.990229
 9231.726   0.992766
 9231.784   0.994317
 9231.843   0.995091
 9231.901   0.995357
 9231.960   0.995267
 9232.019   0.994868
 9232.077   0.994162
 9232.136   0.993074
 9232.194   0.991403
 9232.253   0.988624
 9232.312   0.983788
 9232.370   0.975780
 9232.429   0.963958
 9232.487   0.948483
 9232.546   0.930453
 9232.605   0.912057
 9232.663   0.896433
 9232.722   0.886994
 9232.780   0.886048
 9232.839   0.893819
 9232.898   0.908439
 9232.956   0.926997
 9233.015   0.946167
 9233.073   0.962962
 9233.132   0.975728
 9233.191   0.984483
 9233.249   0.990026
 9233.308   0.993277
 9233.366   0.995162
 9233.425   0.996384
 9233.484   0.997161
 9233.542   0.997468
 9233.601   0.997395
 9233.659   0.997156
 9233.718   0.996954
 9233.777   0.996851
 9233.835   0.996811
 9233.894   0.996738
 9233.952   0.996579
 9234.011   0.996271
 9234.070   0.995639
 9234.128   0.994277
 9234.187   0.991788
 9234.245   0.987796
 9234.304   0.981706
 9234.363   0.972533
 9234.421   0.959275
 9234.480   0.941295
 9234.538   0.918783
 9234.597   0.893303
 9234.656   0.868095
 9234.714   0.847546
 9234.773   0.835577
 9234.831   0.834170
 9234.890   0.842730
 9234.948   0.858554
 9235.007   0.877487
 9235.066   0.895535
 9235.124   0.910481
 9235.183   0.922082
 9235.241   0.931078
 9235.300   0.938541
 9235.359   0.945443
 9235.417   0.951942
 9235.476   0.957284
 9235.534   0.960670
 9235.593   0.962058
 9235.652   0.962060
 9235.710   0.961567
 9235.769   0.961595
 9235.827   0.963063
 9235.886   0.966294
 9235.945   0.970979
 9236.003   0.976520
 9236.062   0.982296
 9236.120   0.987568
 9236.179   0.991679
 9236.238   0.994288
 9236.296   0.995457
 9236.355   0.995474
 9236.413   0.994780
 9236.472   0.993853
 9236.531   0.993101
 9236.589   0.992702
 9236.648   0.992602
 9236.706   0.992525
 9236.765   0.992071
 9236.824   0.990706
 9236.882   0.987905
 9236.941   0.983275
 9236.999   0.976830
 9237.058   0.969096
 9237.117   0.961130
 9237.175   0.954273
 9237.234   0.949859
 9237.292   0.948817
 9237.351   0.951324
 9237.410   0.956546
 9237.468   0.962760
 9237.527   0.967998
 9237.585   0.970579
 9237.644   0.969070
 9237.703   0.962187
 9237.761   0.949149
 9237.820   0.930153
 9237.878   0.906601
 9237.937   0.881566
 9237.996   0.859376
 9238.054   0.844690
 9238.113   0.840828
 9238.171   0.848660
 9238.230   0.866141
 9238.289   0.889437
 9238.347   0.914010
 9238.406   0.935493
 9238.464   0.950651
 9238.523   0.958033
 9238.581   0.957380
 9238.640   0.948851
 9238.699   0.933346
 9238.757   0.912749
 9238.816   0.890139
 9238.874   0.869436
 9238.933   0.854716
 9238.992   0.849154
 9239.050   0.854180
 9239.109   0.868923
 9239.167   0.890359
 9239.226   0.914622
 9239.285   0.938083
 9239.343   0.957954
 9239.402   0.972669
 9239.460   0.982001
 9239.519   0.986463
 9239.578   0.986951
 9239.636   0.984683
 9239.695   0.980869
 9239.753   0.976415
 9239.812   0.972056
 9239.871   0.968466
 9239.929   0.965919
 9239.988   0.964005
 9240.046   0.961760
 9240.105   0.958291
 9240.164   0.953241
 9240.222   0.947051
 9240.281   0.940883
 9240.339   0.936379
 9240.398   0.935002
 9240.457   0.937445
 9240.515   0.943252
 9240.574   0.951140
 9240.632   0.959626
 9240.691   0.967525
 9240.750   0.974214
 9240.808   0.979681
 9240.867   0.984284
 9240.925   0.988343
 9240.984   0.991916
 9241.043   0.994866
 9241.101   0.997124
 9241.160   0.998759
 9241.218   0.999927
 9241.277   1.000757
 9241.336   1.001403
 9241.394   1.001968
 9241.453   1.002465
 9241.511   1.002797
 9241.570   1.002893
 9241.629   1.002740
 9241.687   1.002336
 9241.746   1.001602
 9241.804   1.000418
 9241.863   0.998682
 9241.922   0.996361
 9241.980   0.993518
 9242.039   0.990302
 9242.097   0.986991
 9242.156   0.983988
 9242.215   0.981748
 9242.273   0.980490
 9242.332   0.980095
 9242.390   0.980065
 9242.449   0.979540
 9242.507   0.977256
 9242.566   0.972020
 9242.625   0.963198
 9242.683   0.951222
 9242.742   0.937402
 9242.800   0.923721
 9242.859   0.912160
 9242.918   0.904260
 9242.976   0.900765
 9243.035   0.901699
 9243.093   0.906239
 9243.152   0.913192
 9243.211   0.921604
 9243.269   0.931143
 9243.328   0.941540
 9243.386   0.952257
 9243.445   0.962479
 9243.504   0.971476
 9243.562   0.978688
 9243.621   0.983819
 9243.679   0.986813
 9243.738   0.987886
 9243.797   0.987363
 9243.855   0.985465
 9243.914   0.982185
 9243.972   0.977320
 9244.031   0.970579
 9244.090   0.961628
 9244.148   0.950114
 9244.207   0.936010
 9244.265   0.919963
 9244.324   0.903422
 9244.383   0.888157
 9244.441   0.875731
 9244.500   0.866939
 9244.558   0.861466
 9244.617   0.857873
 9244.676   0.854652
 9244.734   0.851473
 9244.793   0.849662
 9244.851   0.851207
 9244.910   0.857668
 9244.969   0.869489
 9245.027   0.885866
 9245.086   0.904688
 9245.144   0.923311
 9245.203   0.939691
 9245.262   0.953033
 9245.320   0.963374
 9245.379   0.971023
 9245.437   0.976375
 9245.496   0.979722
 9245.555   0.981164
 9245.613   0.980681
 9245.672   0.978233
 9245.730   0.973570
 9245.789   0.966086
 9245.848   0.954676
 9245.906   0.937902
 9245.965   0.914305
 9246.023   0.883528
 9246.082   0.847349
 9246.141   0.810031
 9246.199   0.777694
 9246.258   0.756623
 9246.316   0.751469
 9246.375   0.763645
 9246.433   0.790825
 9246.492   0.827181
 9246.551   0.865968
 9246.609   0.901751
 9246.668   0.931105
 9246.726   0.952451
 9246.785   0.966450
 9246.844   0.975105
 9246.902   0.980303
 9246.961   0.983337
 9247.019   0.985177
 9247.078   0.986558
 9247.137   0.987854
 9247.195   0.989183
 9247.254   0.990480
 9247.312   0.991590
 9247.371   0.992331
 9247.430   0.992646
 9247.488   0.992661
 9247.547   0.992698
 9247.605   0.993044
 9247.664   0.993776
 9247.723   0.994665
 9247.781   0.995362
 9247.840   0.995622
 9247.898   0.995465
 9247.957   0.995144
 9248.016   0.994995
 9248.074   0.995202
 9248.133   0.995659
 9248.191   0.996027
 9248.250   0.995978
 9248.309   0.995400
 9248.367   0.994431
 9248.426   0.993318
 9248.484   0.992331
 9248.543   0.991595
 9248.602   0.991039
 9248.660   0.990476
 9248.719   0.989790
 9248.777   0.988874
 9248.836   0.987505
 9248.895   0.985408
 9248.953   0.982369
 9249.012   0.978170
 9249.070   0.972391
 9249.129   0.964440
 9249.188   0.953909
 9249.246   0.941116
 9249.305   0.927305
 9249.363   0.914491
 9249.422   0.905006
 9249.481   0.900920
 9249.539   0.903279
 9249.598   0.911736
 9249.656   0.924666
 9249.715   0.939605
 9249.774   0.954089
 9249.832   0.966322
 9249.891   0.975429
 9249.949   0.981375
 9250.008   0.984882
 9250.067   0.986890
 9250.125   0.988025
 9250.184   0.988491
 9250.242   0.988340
 9250.301   0.987609
 9250.359   0.986312
 9250.418   0.984331
 9250.477   0.981305
 9250.535   0.976644
 9250.594   0.969399
 9250.652   0.958098
 9250.711   0.940947
 9250.770   0.916544
 9250.828   0.884785
 9250.887   0.847468
 9250.945   0.808928
 9251.004   0.775230
 9251.063   0.752940
 9251.121   0.746819
 9251.180   0.758260
 9251.238   0.784445
 9251.297   0.820195
 9251.356   0.859355
 9251.414   0.896055
 9251.473   0.926189
 9251.531   0.948722
 9251.590   0.964564
 9251.649   0.975041
 9251.707   0.981574
 9251.766   0.985504
 9251.824   0.987777
 9251.883   0.988914
 9251.942   0.989218
 9252.000   0.988776
 9252.059   0.987546
 9252.117   0.985381
 9252.176   0.982156
 9252.235   0.977981
 9252.293   0.973557
 9252.352   0.969960
 9252.410   0.968155
 9252.469   0.968576
 9252.528   0.971147
 9252.586   0.975170
 9252.645   0.979444
 9252.703   0.982756
 9252.762   0.984326
 9252.821   0.983848
 9252.879   0.981284
 9252.938   0.977031
 9252.996   0.971931
 9253.055   0.967162
 9253.114   0.963842
 9253.172   0.962802
 9253.231   0.964257
 9253.289   0.967761
 9253.348   0.972193
 9253.407   0.976301
 9253.465   0.979163
 9253.524   0.980505
 9253.582   0.980461
 9253.641   0.979498
 9253.700   0.978145
 9253.758   0.976842
 9253.817   0.975774
 9253.875   0.974837
 9253.934   0.973457
 9253.992   0.970595
 9254.051   0.965235
 9254.110   0.957064
 9254.168   0.946986
 9254.227   0.936920
 9254.285   0.929295
 9254.344   0.926078
 9254.403   0.928208
 9254.461   0.935219
 9254.520   0.945621
 9254.578   0.957213
 9254.637   0.967834
 9254.696   0.975986
 9254.754   0.980990
 9254.813   0.982579
 9254.871   0.980863
 9254.930   0.976599
 9254.989   0.971055
 9255.047   0.965688
 9255.106   0.961885
 9255.164   0.960763
 9255.223   0.962764
 9255.282   0.967548
 9255.340   0.974107
 9255.399   0.981223
 9255.457   0.987847
 9255.516   0.993227
 9255.575   0.996892
 9255.633   0.998885
 9255.692   0.999817
 9255.750   1.000411
 9255.809   1.001072
 9255.868   1.001856
 9255.926   1.002615
 9255.985   1.003147
 9256.043   1.003346
 9256.102   1.003262
 9256.161   1.003067
 9256.219   1.002918
 9256.278   1.002692
 9256.336   1.001933
 9256.395   1.000200
 9256.454   0.997449
 9256.512   0.993907
 9256.571   0.989849
 9256.629   0.985589
 9256.688   0.981498
 9256.747   0.977914
 9256.805   0.975143
 9256.864   0.973436
 9256.922   0.973006
 9256.981   0.973944
 9257.040   0.976134
 9257.098   0.979174
 9257.157   0.982629
 9257.215   0.986205
 9257.274   0.989774
 9257.333   0.993190
 9257.391   0.996304
 9257.450   0.998931
 9257.508   1.000957
 9257.567   1.002330
 9257.626   1.003083
 9257.684   1.003275
 9257.743   1.002998
 9257.801   1.002347
 9257.860   1.001322
 9257.918   0.999882
 9257.977   0.998148
 9258.036   0.996501
 9258.094   0.995273
 9258.153   0.994508
 9258.211   0.994114
 9258.270   0.994048
 9258.329   0.994230
 9258.387   0.994451
 9258.446   0.994572
 9258.504   0.994603
 9258.563   0.994406
 9258.622   0.993399
 9258.680   0.990795
 9258.739   0.986012
 9258.797   0.978802
 9258.856   0.969335
 9258.915   0.958571
 9258.973   0.948229
 9259.032   0.940233
 9259.090   0.935819
 9259.149   0.935207
 9259.208   0.937689
 9259.266   0.942095
 9259.325   0.947189
 9259.383   0.952210
 9259.442   0.957063
 9259.501   0.961970
 9259.559   0.966857
 9259.618   0.971355
 9259.676   0.975089
 9259.735   0.977657
 9259.794   0.978202
 9259.852   0.975464
 9259.911   0.968143
 9259.969   0.955050
 9260.028   0.935122
 9260.087   0.907999
 9260.145   0.875175
 9260.204   0.840068
 9260.262   0.807806
 9260.321   0.783797
 9260.380   0.772268
 9260.438   0.774806
 9260.497   0.790294
 9260.555   0.814641
 9260.614   0.842352
 9260.673   0.868494
 9260.731   0.889771
 9260.790   0.904515
 9260.848   0.913195
 9260.907   0.918089
 9260.966   0.921894
 9261.024   0.926752
 9261.083   0.933877
 9261.141   0.942990
 9261.200   0.952304
 9261.259   0.959662
 9261.317   0.963625
 9261.376   0.963838
 9261.434   0.960982
 9261.493   0.956744
 9261.552   0.953132
 9261.610   0.951635
 9261.669   0.952612
 9261.727   0.955417
 9261.786   0.958332
 9261.844   0.959133
 9261.903   0.955736
 9261.962   0.947191
 9262.020   0.933780
 9262.079   0.917335
 9262.137   0.900978
 9262.196   0.888342
 9262.255   0.882391
 9262.313   0.884628
 9262.372   0.894619
 9262.430   0.910265
 9262.489   0.928684
 9262.548   0.946758
 9262.606   0.961698
 9262.665   0.971877
 9262.723   0.977204
 9262.782   0.978404
 9262.841   0.976416
 9262.899   0.972424
 9262.958   0.967744
 9263.016   0.963632
 9263.075   0.961179
 9263.134   0.961223
 9263.192   0.963983
 9263.251   0.968983
 9263.309   0.975048
 9263.368   0.980873
 9263.427   0.985450
 9263.485   0.988366
 9263.544   0.989724
 9263.602   0.990084
 9263.661   0.990047
 9263.720   0.990005
 9263.778   0.990300
 9263.837   0.991343
 9263.895   0.993304
 9263.954   0.995879
 9264.013   0.998624
 9264.071   1.001227
 9264.130   1.003480
 9264.188   1.005217
 9264.247   1.006521
 9264.306   1.007598
 9264.364   1.008456
 9264.423   1.008862
 9264.481   1.008707
 9264.540   1.008208
 9264.599   1.007645
 9264.657   1.007177
 9264.716   1.006853
 9264.774   1.006694
 9264.833   1.006606
 9264.892   1.006334
 9264.950   1.005636
 9265.009   1.004536
 9265.067   1.003387
 9265.126   1.002558
 9265.185   1.002200
 9265.243   1.002175
 9265.302   1.002216
 9265.360   1.002121
 9265.419   1.001884
 9265.478   1.001487
 9265.536   1.000892
 9265.595   1.000139
 9265.653   0.999316
 9265.712   0.998237
 9265.770   0.996302
 9265.829   0.992770
 9265.888   0.987061
 9265.946   0.979022
 9266.005   0.969050
 9266.063   0.958359
 9266.122   0.948931
 9266.181   0.942929
 9266.239   0.941856
 9266.298   0.946085
 9266.356   0.954737
 9266.415   0.965970
 9266.474   0.977683
 9266.532   0.987997
 9266.591   0.995639
 9266.649   1.000274
 9266.708   1.002505
 9266.767   1.003147
 9266.825   1.002759
 9266.884   1.001701
 9266.942   1.000299
 9267.001   0.998853
 9267.060   0.997598
 9267.118   0.996761
 9267.177   0.996540
 9267.235   0.997073
 9267.294   0.998219
 9267.353   0.999589
 9267.411   1.000896
 9267.470   1.002204
 9267.528   1.003704
 9267.587   1.005387
 9267.646   1.007089
 9267.704   1.008651
 9267.763   1.009894
 9267.821   1.010565
 9267.880   1.010555
 9267.939   1.010002
 9267.997   1.009104
 9268.056   1.007962
 9268.114   1.006726
 9268.173   1.005642
 9268.232   1.004888
 9268.290   1.004411
 9268.349   1.003887
 9268.407   1.002845
 9268.466   1.000871
 9268.525   0.997695
 9268.583   0.993249
 9268.642   0.987643
 9268.700   0.981070
 9268.759   0.973643
 9268.818   0.965509
 9268.876   0.957208
 9268.935   0.949649
 9268.993   0.943860
 9269.052   0.940586
 9269.111   0.940085
 9269.169   0.942129
 9269.228   0.946286
 9269.286   0.951880
 9269.345   0.958076
 9269.404   0.964073
 9269.462   0.969375
 9269.521   0.973753
 9269.579   0.977052
 9269.638   0.979090
 9269.696   0.979633
 9269.755   0.978522
 9269.814   0.975800
 9269.872   0.971982
 9269.931   0.968065
 9269.989   0.965202
 9270.048   0.964314
 9270.107   0.965826
 9270.165   0.969524
 9270.224   0.974586
 9270.282   0.980047
 9270.341   0.985130
 9270.400   0.989156
 9270.458   0.991533
 9270.517   0.992097
 9270.575   0.991169
 9270.634   0.989312
 9270.693   0.987233
 9270.751   0.985671
 9270.810   0.985119
 9270.868   0.985623
 9270.927   0.986959
 9270.986   0.988832
 9271.044   0.991012
 9271.103   0.993358
 9271.161   0.995785
 9271.220   0.998175
 9271.279   0.999929
 9271.337   1.001468
 9271.396   1.001638
 9271.454   1.002048
 9271.513   1.002231
 9271.572   1.002280
 9271.630   1.002033
 9271.689   1.001173
 9271.747   0.999368
 9271.806   0.996363
 9271.865   0.991989
 9271.923   0.986214
 9271.982   0.979134
 9272.040   0.971293
 9272.099   0.963764
 9272.158   0.957897
 9272.216   0.954661
 9272.275   0.954275
 9272.333   0.956112
 9272.392   0.958941
 9272.451   0.961158
 9272.509   0.960806
 9272.568   0.956043
 9272.626   0.945628
 9272.685   0.929279
 9272.744   0.907624
 9272.802   0.882700
 9272.861   0.857513
 9272.919   0.835320
 9272.978   0.819141
 9273.037   0.811468
 9273.095   0.813398
 9273.154   0.824424
 9273.212   0.843002
 9273.271   0.866503
 9273.329   0.891922
 9273.388   0.916639
 9273.447   0.938791
 9273.505   0.957168
 9273.564   0.971421
 9273.622   0.981739
 9273.681   0.988475
 9273.740   0.992133
 9273.798   0.993367
 9273.857   0.992653
 9273.915   0.990341
 9273.974   0.986782
 9274.033   0.982428
 9274.091   0.977800
 9274.150   0.973719
 9274.208   0.971134
 9274.267   0.970755
 9274.326   0.972627
 9274.384   0.976286
 9274.443   0.980924
 9274.501   0.985340
 9274.560   0.988197
 9274.619   0.988439
 9274.677   0.985401
 9274.736   0.978694
 9274.794   0.968407
 9274.853   0.955223
 9274.912   0.940682
 9274.970   0.927373
 9275.029   0.918176
 9275.087   0.915139
 9275.146   0.918811
 9275.205   0.928149
 9275.263   0.940448
 9275.322   0.952583
 9275.380   0.962225
 9275.439   0.968234
 9275.498   0.970505
 9275.556   0.970166
 9275.615   0.968882
 9275.673   0.967986
 9275.732   0.968304
 9275.791   0.970228
 9275.849   0.973451
 9275.908   0.977070
 9275.966   0.980349
 9276.025   0.982945
 9276.084   0.984646
 9276.142   0.985373
 9276.201   0.985452
 9276.259   0.985333
 9276.318   0.985256
 9276.377   0.985037
 9276.435   0.984175
 9276.494   0.981901
 9276.552   0.977667
 9276.611   0.971641
 9276.670   0.964807
 9276.728   0.958486
 9276.787   0.953929
 9276.845   0.951932
 9276.904   0.952591
 9276.963   0.955045
 9277.021   0.957861
 9277.080   0.959291
 9277.138   0.958045
 9277.197   0.953723
 9277.255   0.947006
 9277.314   0.939021
 9277.373   0.931264
 9277.431   0.925286
 9277.490   0.922307
 9277.548   0.922785
 9277.607   0.926697
 9277.666   0.933506
 9277.724   0.942126
 9277.783   0.951230
 9277.841   0.959616
 9277.900   0.966182
 9277.959   0.970172
 9278.017   0.971250
 9278.076   0.969307
 9278.134   0.964160
 9278.193   0.955436
 9278.252   0.942390
 9278.310   0.923417
 9278.369   0.896412
 9278.427   0.859475
 9278.486   0.812009
 9278.545   0.760641
 9278.603   0.716151
 9278.662   0.673243
 9278.720   0.657649
 9278.779   0.631128
 9278.838   0.623942
 9278.896   0.637625
 9278.955   0.669271
 9279.013   0.713671
 9279.072   0.763990
 9279.131   0.813057
 9279.189   0.855292
 9279.248   0.887735
 9279.306   0.908781
 9279.365   0.918019
 9279.424   0.916719
 9279.482   0.906959
 9279.541   0.891401
 9279.599   0.873153
 9279.658   0.855328
 9279.717   0.840081
 9279.775   0.828403
 9279.834   0.819819
 9279.892   0.813110
 9279.951   0.807437
 9280.010   0.803197
 9280.068   0.801858
 9280.127   0.805668
 9280.185   0.816411
 9280.244   0.834391
 9280.303   0.857692
 9280.361   0.883247
 9280.420   0.908051
 9280.478   0.929690
 9280.537   0.946531
 9280.596   0.958443
 9280.654   0.966521
 9280.713   0.972053
 9280.771   0.976168
 9280.830   0.979866
 9280.889   0.983773
 9280.947   0.987868
 9281.006   0.991780
 9281.064   0.995157
 9281.123   0.997843
 9281.181   0.999810
 9281.240   1.001015
 9281.299   1.001346
 9281.357   1.000705
 9281.416   0.999041
 9281.474   0.996326
 9281.533   0.992589
 9281.592   0.988090
 9281.650   0.983421
 9281.709   0.979399
 9281.767   0.976728
 9281.826   0.975466
 9281.885   0.975081
 9281.943   0.974922
 9282.002   0.974759
 9282.060   0.974723
 9282.119   0.975047
 9282.178   0.975699
 9282.236   0.976276
 9282.295   0.976119
 9282.353   0.974521
 9282.412   0.970985
 9282.471   0.965623
 9282.529   0.959196
 9282.588   0.953011
 9282.646   0.948553
 9282.705   0.947147
 9282.764   0.949650
 9282.822   0.956127
 9282.881   0.965395
 9282.939   0.975399
 9282.998   0.984290
 9283.057   0.991373
 9283.115   0.996714
 9283.174   1.000595
 9283.232   1.003290
 9283.291   1.005038
 9283.350   1.005953
 9283.408   1.006175
 9283.467   1.005764
 9283.525   1.004650
 9283.584   1.002619
 9283.643   0.999543
 9283.701   0.995417
 9283.760   0.990356
 9283.818   0.984605
 9283.877   0.978498
 9283.936   0.972429
 9283.994   0.966860
 9284.053   0.962128
 9284.111   0.958185
 9284.170   0.954633
 9284.229   0.951093
 9284.287   0.947002
 9284.346   0.941396
 9284.404   0.932765
 9284.463   0.919341
 9284.522   0.899638
 9284.580   0.873243
 9284.639   0.841053
 9284.697   0.805091
 9284.756   0.769159
 9284.815   0.738276
 9284.873   0.717666
 9284.932   0.711229
 9284.990   0.720559
 9285.049   0.743296
 9285.107   0.774651
 9285.166   0.809382
 9285.225   0.842667
 9285.283   0.870602
 9285.342   0.891687
 9285.400   0.906617
 9285.459   0.916829
 9285.518   0.924037
 9285.576   0.929996
 9285.635   0.935985
 9285.693   0.942524
 9285.752   0.949467
 9285.811   0.955939
 9285.869   0.960618
 9285.928   0.962156
 9285.986   0.959185
 9286.045   0.950382
 9286.104   0.934968
 9286.162   0.913355
 9286.221   0.886915
 9286.279   0.858318
 9286.338   0.831120
 9286.397   0.809302
 9286.455   0.796041
 9286.514   0.792919
 9286.572   0.798979
 9286.631   0.811829
 9286.690   0.828929
 9286.748   0.848029
 9286.807   0.867294
 9286.865   0.886091
 9286.924   0.904654
 9286.983   0.923133
 9287.041   0.941010
 9287.100   0.957379
 9287.158   0.971450
 9287.217   0.982735
 9287.276   0.990921
 9287.334   0.995841
 9287.393   0.997694
 9287.451   0.996949
