 9110.000   0.836109
 9110.059   0.858517
 9110.117   0.880375
 9110.176   0.898221
 9110.234   0.909366
 9110.293   0.912577
 9110.352   0.908199
 9110.410   0.897813
 9110.469   0.883246
 9110.528   0.866310
 9110.586   0.848780
 9110.645   0.832529
 9110.703   0.819592
 9110.762   0.812347
 9110.821   0.813073
 9110.879   0.823051
 9110.938   0.841756
 9110.996   0.866800
 9111.055   0.894596
 9111.114   0.921477
 9111.172   0.944570
 9111.231   0.962368
 9111.289   0.974690
 9111.348   0.982367
 9111.407   0.986645
 9111.465   0.988877
 9111.524   0.990025
 9111.583   0.990566
 9111.641   0.990720
 9111.700   0.990696
 9111.758   0.990641
 9111.817   0.990717
 9111.876   0.991075
 9111.934   0.991723
 9111.993   0.992497
 9112.051   0.993270
 9112.110   0.993999
 9112.169   0.994674
 9112.227   0.995256
 9112.286   0.995715
 9112.345   0.996045
 9112.403   0.996235
 9112.462   0.996209
 9112.520   0.995809
 9112.579   0.994812
 9112.638   0.993005
 9112.696   0.990363
 9112.755   0.987188
 9112.813   0.984051
 9112.872   0.981568
 9112.931   0.980287
 9112.989   0.980535
 9113.048   0.982302
 9113.106   0.985203
 9113.165   0.988557
 9113.224   0.991642
 9113.282   0.993930
 9113.341   0.995216
 9113.400   0.995564
 9113.458   0.995260
 9113.517   0.994693
 9113.575   0.994228
 9113.634   0.994091
 9113.693   0.994354
 9113.751   0.994959
 9113.810   0.995764
 9113.868   0.996581
 9113.927   0.997202
 9113.986   0.997510
 9114.044   0.997556
 9114.103   0.997399
 9114.162   0.997015
 9114.220   0.996402
 9114.279   0.995750
 9114.337   0.995307
 9114.396   0.995238
 9114.455   0.995656
 9114.513   0.996546
 9114.572   0.997631
 9114.630   0.998482
 9114.689   0.998800
 9114.748   0.998517
 9114.806   0.997674
 9114.865   0.996450
 9114.923   0.995023
 9114.982   0.993343
 9115.041   0.991006
 9115.099   0.987754
 9115.158   0.983763
 9115.217   0.979460
 9115.275   0.975262
 9115.334   0.971732
 9115.392   0.969547
 9115.451   0.969218
 9115.510   0.970876
 9115.568   0.974287
 9115.627   0.978827
 9115.685   0.983686
 9115.744   0.988139
 9115.803   0.991714
 9115.861   0.994241
 9115.920   0.995906
 9115.979   0.997057
 9116.037   0.997951
 9116.096   0.998641
 9116.154   0.999044
 9116.213   0.999034
 9116.272   0.998543
 9116.330   0.997650
 9116.389   0.996658
 9116.447   0.995531
 9116.506   0.995006
 9116.565   0.994005
 9116.623   0.992802
 9116.682   0.991337
 9116.740   0.989808
 9116.799   0.988559
 9116.858   0.987896
 9116.916   0.988070
 9116.975   0.989150
 9117.034   0.990901
 9117.092   0.992927
 9117.151   0.994921
 9117.209   0.996641
 9117.268   0.997744
 9117.327   0.997872
 9117.385   0.996938
 9117.444   0.995204
 9117.502   0.993075
 9117.561   0.990626
 9117.620   0.987434
 9117.678   0.982832
 9117.737   0.976338
 9117.796   0.967642
 9117.854   0.956637
 9117.913   0.943797
 9117.971   0.930519
 9118.030   0.918813
 9118.089   0.910872
 9118.147   0.908626
 9118.206   0.913044
 9118.264   0.923427
 9118.323   0.937626
 9118.382   0.952797
 9118.440   0.966450
 9118.499   0.976915
 9118.557   0.983500
 9118.616   0.986375
 9118.675   0.986508
 9118.733   0.985063
 9118.792   0.982806
 9118.851   0.980005
 9118.909   0.976606
 9118.968   0.972212
 9119.026   0.966112
 9119.085   0.957776
 9119.144   0.947334
 9119.202   0.935601
 9119.261   0.923778
 9119.319   0.913406
 9119.378   0.906073
 9119.437   0.902776
 9119.495   0.903384
 9119.554   0.906872
 9119.613   0.911791
 9119.671   0.916720
 9119.730   0.920586
 9119.788   0.923021
 9119.847   0.924224
 9119.906   0.924374
 9119.964   0.923077
 9120.023   0.919251
 9120.081   0.911183
 9120.140   0.897153
 9120.199   0.876391
 9120.257   0.849669
 9120.316   0.819455
 9120.374   0.790122
 9120.433   0.767217
 9120.492   0.755562
 9120.550   0.757371
 9120.609   0.771769
 9120.668   0.794893
 9120.726   0.820859
 9120.785   0.843124
 9120.843   0.856301
 9120.902   0.857053
 9120.961   0.844013
 9121.019   0.817144
 9121.078   0.777788
 9121.136   0.728903
 9121.195   0.675162
 9121.254   0.623194
 9121.312   0.581044
 9121.371   0.556522
 9121.430   0.554919
 9121.488   0.577498
 9121.547   0.620851
 9121.605   0.678005
 9121.664   0.740463
 9121.723   0.800224
 9121.781   0.851693
 9121.840   0.892394
 9121.898   0.922386
 9121.957   0.943128
 9122.016   0.956976
 9122.074   0.963404
 9122.133   0.969748
 9122.191   0.975162
 9122.250   0.978823
 9122.309   0.981144
 9122.367   0.982302
 9122.426   0.982553
 9122.485   0.982297
 9122.543   0.982043
 9122.602   0.982358
 9122.660   0.983450
 9122.719   0.985044
 9122.778   0.986625
 9122.836   0.987823
 9122.895   0.988348
 9122.953   0.987964
 9123.012   0.986597
 9123.071   0.984550
 9123.129   0.982390
 9123.188   0.980736
 9123.246   0.980080
 9123.305   0.980636
 9123.364   0.982312
 9123.422   0.984710
 9123.481   0.987348
 9123.540   0.989820
 9123.598   0.991943
 9123.657   0.993689
 9123.715   0.995146
 9123.774   0.996387
 9123.833   0.997441
 9123.891   0.998259
 9123.950   0.998840
 9124.008   0.999265
 9124.067   0.999643
 9124.126   0.999987
 9124.184   1.000249
 9124.243   1.000347
 9124.302   1.000186
 9124.360   0.999726
 9124.419   0.999119
 9124.477   0.998661
 9124.536   0.998546
 9124.595   0.998754
 9124.653   0.999131
 9124.712   0.999483
 9124.770   0.999622
 9124.829   0.999440
 9124.888   0.999018
 9124.946   0.998517
 9125.005   0.998035
 9125.063   0.997612
 9125.122   0.997352
 9125.181   0.997300
 9125.239   0.997235
 9125.298   0.996845
 9125.357   0.996190
 9125.415   0.995622
 9125.474   0.995381
 9125.532   0.995456
 9125.591   0.995806
 9125.650   0.996361
 9125.708   0.996838
 9125.767   0.996904
 9125.825   0.996421
 9125.884   0.995404
 9125.943   0.993841
 9126.001   0.991626
 9126.060   0.988480
 9126.119   0.984006
 9126.177   0.977898
 9126.236   0.970198
 9126.294   0.961232
 9126.353   0.951463
 9126.412   0.941323
 9126.470   0.931216
 9126.529   0.921370
 9126.587   0.912034
 9126.646   0.903803
 9126.705   0.897783
 9126.763   0.895233
 9126.822   0.896912
 9126.880   0.902564
 9126.939   0.910816
 9126.998   0.919461
 9127.056   0.926162
 9127.115   0.929495
 9127.174   0.929564
 9127.232   0.927927
 9127.291   0.926743
 9127.349   0.927955
 9127.408   0.932669
 9127.467   0.940869
 9127.525   0.951388
 9127.584   0.962526
 9127.642   0.972736
 9127.701   0.981031
 9127.760   0.987012
 9127.818   0.990872
 9127.877   0.993150
 9127.936   0.994405
 9127.994   0.994943
 9128.053   0.994902
 9128.111   0.994483
 9128.170   0.994051
 9128.229   0.993950
 9128.287   0.994276
 9128.346   0.994853
 9128.404   0.995457
 9128.463   0.995909
 9128.522   0.996107
 9128.580   0.995985
 9128.639   0.995486
 9128.697   0.994513
 9128.756   0.992977
 9128.815   0.990819
 9128.873   0.988073
 9128.932   0.984951
 9128.991   0.981907
 9129.049   0.979474
 9129.108   0.977962
 9129.166   0.977405
 9129.225   0.977593
 9129.284   0.978131
 9129.342   0.978565
 9129.401   0.978580
 9129.459   0.978062
 9129.518   0.977056
 9129.577   0.975821
 9129.635   0.974691
 9129.694   0.973750
 9129.753   0.972619
 9129.811   0.970490
 9129.870   0.966118
 9129.928   0.958018
 9129.987   0.944988
 9130.046   0.926769
 9130.104   0.904503
 9130.163   0.880941
 9130.221   0.860000
 9130.280   0.845730
 9130.339   0.840890
 9130.397   0.845938
 9130.456   0.858598
 9130.514   0.874488
 9130.573   0.888321
 9130.632   0.895659
 9130.690   0.893885
 9130.749   0.882577
 9130.808   0.863063
 9130.866   0.838418
 9130.925   0.813079
 9130.983   0.791934
 9131.042   0.779261
 9131.101   0.778073
 9131.159   0.789459
 9131.218   0.811897
 9131.276   0.841386
 9131.335   0.872427
 9131.394   0.899806
 9131.452   0.919998
 9131.511   0.931760
 9131.570   0.935894
 9131.628   0.934719
 9131.687   0.931047
 9131.745   0.926937
 9131.804   0.922900
 9131.863   0.917911
 9131.921   0.909769
 9131.980   0.895798
 9132.038   0.873887
 9132.097   0.843933
 9132.156   0.808546
 9132.214   0.772725
 9132.273   0.742543
 9132.331   0.723391
 9132.390   0.718138
 9132.449   0.725908
 9132.507   0.742150
 9132.566   0.759458
 9132.625   0.769722
 9132.683   0.766102
 9132.742   0.744588
 9132.800   0.704723
 9132.859   0.650735
 9132.918   0.591003
 9132.976   0.536319
 9133.035   0.497704
 9133.093   0.483898
 9133.152   0.498590
 9133.211   0.539352
 9133.269   0.599137
 9133.328   0.668085
 9133.387   0.736430
 9133.445   0.796821
 9133.504   0.845334
 9133.562   0.880884
 9133.621   0.904929
 9133.680   0.920381
 9133.738   0.930176
 9133.797   0.936739
 9133.855   0.941939
 9133.914   0.946883
 9133.973   0.951819
 9134.031   0.956529
 9134.090   0.960634
 9134.148   0.963741
 9134.207   0.965612
 9134.266   0.966243
 9134.324   0.965761
 9134.383   0.964037
 9134.442   0.960516
 9134.500   0.954278
 9134.559   0.944292
 9134.617   0.929690
 9134.676   0.910295
 9134.735   0.887379
 9134.793   0.863867
 9134.852   0.843895
 9134.910   0.831723
 9134.969   0.830477
 9135.028   0.840934
 9135.086   0.861231
 9135.145   0.887381
 9135.204   0.914555
 9135.262   0.938660
 9135.321   0.957397
 9135.379   0.970230
 9135.438   0.977901
 9135.497   0.981987
 9135.555   0.984110
 9135.614   0.985348
 9135.672   0.986150
 9135.731   0.986596
 9135.790   0.986675
 9135.848   0.986409
 9135.907   0.985806
 9135.965   0.984861
 9136.024   0.983603
 9136.083   0.981934
 9136.141   0.979480
 9136.200   0.975703
 9136.259   0.969921
 9136.317   0.961216
 9136.376   0.948355
 9136.434   0.930203
 9136.493   0.906197
 9136.552   0.877165
 9136.610   0.845618
 9136.669   0.815719
 9136.727   0.792395
 9136.786   0.779777
 9136.845   0.779179
 9136.903   0.788479
 9136.962   0.803010
 9137.021   0.817224
 9137.079   0.826774
 9137.138   0.830022
 9137.196   0.828250
 9137.255   0.824704
 9137.314   0.823161
 9137.372   0.826156
 9137.431   0.834024
 9137.489   0.845279
 9137.548   0.857845
 9137.607   0.869980
 9137.665   0.880638
 9137.724   0.889589
 9137.782   0.897049
 9137.841   0.902946
 9137.900   0.906331
 9137.958   0.905481
 9138.017   0.898371
 9138.076   0.883033
 9138.134   0.857724
 9138.193   0.821568
 9138.251   0.775819
 9138.310   0.724242
 9138.369   0.673094
 9138.427   0.629840
 9138.486   0.601073
 9138.544   0.589524
 9138.603   0.592934
 9138.662   0.604012
 9138.720   0.612628
 9138.779   0.609525
 9138.838   0.590503
 9138.896   0.557673
 9138.955   0.518924
 9139.013   0.485685
 9139.072   0.468479
 9139.131   0.472429
 9139.189   0.495917
 9139.248   0.531912
 9139.306   0.570336
 9139.365   0.602482
 9139.424   0.624787
 9139.482   0.639633
 9139.541   0.653048
 9139.599   0.672026
 9139.658   0.701355
 9139.717   0.741565
 9139.775   0.788729
 9139.834   0.836907
 9139.893   0.880453
 9139.951   0.915482
 9140.010   0.940599
 9140.068   0.956973
 9140.127   0.966973
 9140.186   0.972951
 9140.244   0.976902
 9140.303   0.980154
 9140.361   0.983108
 9140.420   0.985572
 9140.479   0.987410
 9140.537   0.988725
 9140.596   0.989752
 9140.655   0.990636
 9140.713   0.991368
 9140.772   0.991834
 9140.830   0.992042
 9140.889   0.992143
 9140.948   0.992360
 9141.006   0.992834
 9141.065   0.993588
 9141.123   0.994457
 9141.182   0.995220
 9141.241   0.995685
 9141.299   0.995818
 9141.358   0.995664
 9141.416   0.995390
 9141.475   0.995200
 9141.534   0.995258
 9141.592   0.995513
 9141.651   0.995742
 9141.710   0.995707
 9141.768   0.995308
 9141.827   0.994525
 9141.885   0.993332
 9141.944   0.991617
 9142.003   0.989204
 9142.061   0.986028
 9142.120   0.982346
 9142.178   0.978765
 9142.237   0.975986
 9142.296   0.974524
 9142.354   0.974562
 9142.413   0.975856
 9142.472   0.977589
 9142.530   0.978369
 9142.589   0.976727
 9142.647   0.971765
 9142.706   0.963539
 9142.765   0.952963
 9142.823   0.941909
 9142.882   0.932773
 9142.940   0.927636
 9142.999   0.927408
 9143.058   0.931757
 9143.116   0.939168
 9143.175   0.947441
 9143.233   0.954429
 9143.292   0.958736
 9143.351   0.959941
 9143.409   0.958624
 9143.468   0.956159
 9143.527   0.954134
 9143.585   0.953805
 9143.644   0.955804
 9143.702   0.960140
 9143.761   0.966226
 9143.820   0.973173
 9143.878   0.979974
 9143.937   0.985799
 9143.995   0.990194
 9144.054   0.993254
 9144.113   0.995358
 9144.171   0.996925
 9144.230   0.998187
 9144.289   0.999182
 9144.347   0.999913
 9144.406   1.000417
 9144.464   1.000661
 9144.523   1.000510
 9144.582   0.999904
 9144.640   0.998774
 9144.699   0.996924
 9144.757   0.994028
 9144.816   0.989768
 9144.875   0.983845
 9144.933   0.976221
 9144.992   0.967519
 9145.050   0.959009
 9145.109   0.952278
 9145.168   0.948703
 9145.226   0.949062
 9145.285   0.953041
 9145.344   0.959385
 9145.402   0.966164
 9145.461   0.971351
 9145.519   0.973441
 9145.578   0.971980
 9145.637   0.967383
 9145.695   0.960565
 9145.754   0.952828
 9145.812   0.945591
 9145.871   0.940049
 9145.930   0.937005
 9145.988   0.936933
 9146.047   0.939727
 9146.106   0.944516
 9146.164   0.949703
 9146.223   0.953297
 9146.281   0.953432
 9146.340   0.948924
 9146.399   0.939742
 9146.457   0.927255
 9146.516   0.914127
 9146.574   0.903317
 9146.633   0.897024
 9146.692   0.896010
 9146.750   0.899508
 9146.809   0.905367
 9146.867   0.911226
 9146.926   0.915818
 9146.985   0.919459
 9147.043   0.923457
 9147.102   0.929393
 9147.161   0.938228
 9147.219   0.949787
 9147.278   0.962681
 9147.336   0.975097
 9147.395   0.985521
 9147.454   0.993126
 9147.512   0.997815
 9147.571   1.000194
 9147.629   1.001083
 9147.688   1.001074
 9147.747   1.000371
 9147.805   0.998925
 9147.864   0.996647
 9147.923   0.993613
 9147.981   0.990121
 9148.040   0.986656
 9148.098   0.983780
 9148.157   0.981974
 9148.216   0.981417
 9148.274   0.981862
 9148.333   0.982608
 9148.391   0.982812
 9148.450   0.981919
 9148.509   0.980010
 9148.567   0.977706
 9148.626   0.975980
 9148.684   0.975783
 9148.743   0.977587
 9148.802   0.981097
 9148.860   0.985467
 9148.919   0.989630
 9148.978   0.992595
 9149.036   0.993757
 9149.095   0.993198
 9149.153   0.991533
 9149.212   0.989457
 9149.271   0.987528
 9149.329   0.986142
 9149.388   0.985535
 9149.446   0.985712
 9149.505   0.986546
 9149.564   0.987928
 9149.622   0.989875
 9149.681   0.992338
 9149.739   0.995068
 9149.798   0.997721
 9149.857   0.999969
 9149.915   1.001516
 9149.974   1.002217
 9150.033   1.002183
 9150.091   1.001581
 9150.150   1.000411
 9150.208   0.998587
 9150.267   0.996112
 9150.326   0.993130
 9150.384   0.989947
 9150.443   0.987054
 9150.501   0.985014
 9150.560   0.984232
 9150.619   0.984709
 9150.677   0.985936
 9150.736   0.987082
 9150.795   0.987204
 9150.853   0.985545
 9150.912   0.981782
 9150.970   0.976284
 9151.029   0.969961
 9151.088   0.964088
 9151.146   0.959903
 9151.205   0.958321
 9151.263   0.959683
 9151.322   0.963847
 9151.381   0.970171
 9151.439   0.977611
 9151.498   0.985016
 9151.556   0.991449
 9151.615   0.996277
 9151.674   0.999246
 9151.732   1.000485
 9151.791   1.000356
 9151.850   0.999163
 9151.908   0.996894
 9151.967   0.993222
 9152.025   0.987557
 9152.084   0.979114
 9152.143   0.966855
 9152.201   0.949745
 9152.260   0.927345
 9152.318   0.900813
 9152.377   0.872831
 9152.436   0.847312
 9152.494   0.828762
 9152.553   0.821064
 9152.612   0.825742
 9152.670   0.841557
 9152.729   0.865076
 9152.787   0.891099
 9152.846   0.914311
 9152.905   0.931062
 9152.963   0.940039
 9153.022   0.941599
 9153.080   0.937716
 9153.139   0.931252
 9153.198   0.925012
 9153.256   0.921204
 9153.315   0.921246
 9153.373   0.925491
 9153.432   0.933248
 9153.491   0.943165
 9153.549   0.953339
 9153.608   0.961844
 9153.667   0.967244
 9153.725   0.968712
 9153.784   0.965664
 9153.842   0.957661
 9153.901   0.944476
 9153.960   0.926486
 9154.018   0.905094
 9154.077   0.882423
 9154.135   0.860980
 9154.194   0.843171
 9154.253   0.830601
 9154.311   0.823348
 9154.370   0.820365
 9154.429   0.820190
 9154.487   0.821439
 9154.546   0.822981
 9154.604   0.823497
 9154.663   0.821093
 9154.722   0.813310
 9154.780   0.797764
 9154.839   0.772966
 9154.897   0.739958
 9154.956   0.702775
 9155.015   0.667080
 9155.073   0.638654
 9155.132   0.621834
 9155.190   0.617559
 9155.249   0.622454
 9155.308   0.630769
 9155.366   0.636242
 9155.425   0.634073
 9155.484   0.623049
 9155.542   0.607350
 9155.601   0.594312
 9155.659   0.591922
 9155.718   0.606335
 9155.777   0.640055
 9155.835   0.689658
 9155.894   0.747946
 9155.952   0.806827
 9156.011   0.859369
 9156.070   0.900930
 9156.128   0.930508
 9156.187   0.949737
 9156.246   0.961016
 9156.304   0.966797
 9156.363   0.969161
 9156.421   0.969545
 9156.480   0.968884
 9156.539   0.967967
 9156.597   0.967418
 9156.656   0.967624
 9156.714   0.968655
 9156.773   0.970276
 9156.832   0.972165
 9156.890   0.974032
 9156.949   0.975553
 9157.007   0.976370
 9157.066   0.976088
 9157.125   0.974377
 9157.183   0.970966
 9157.242   0.965529
 9157.301   0.957534
 9157.359   0.946038
 9157.418   0.929694
 9157.476   0.906696
 9157.535   0.874837
 9157.594   0.832134
 9157.652   0.778067
 9157.711   0.714275
 9157.769   0.644130
 9157.828   0.572652
 9157.887   0.505286
 9157.945   0.446878
 9158.004   0.401054
 9158.063   0.370483
 9158.121   0.356988
 9158.180   0.361863
 9158.238   0.385625
 9158.297   0.426726
 9158.356   0.481751
 9158.414   0.545070
 9158.473   0.609927
 9158.531   0.670474
 9158.590   0.723634
 9158.649   0.768535
 9158.707   0.805887
 9158.766   0.837227
 9158.824   0.863566
 9158.883   0.884487
 9158.942   0.898703
 9159.000   0.905031
 9159.059   0.903288
 9159.118   0.894550
 9159.176   0.881569
 9159.235   0.868632
 9159.293   0.860231
 9159.352   0.859556
 9159.411   0.867908
 9159.469   0.884416
 9159.528   0.905876
 9159.586   0.928335
 9159.645   0.948537
 9159.704   0.964519
 9159.762   0.975493
 9159.821   0.982029
 9159.880   0.985330
 9159.938   0.986571
 9159.997   0.986684
 9160.055   0.986359
 9160.114   0.985979
 9160.173   0.985682
 9160.231   0.985490
 9160.290   0.985424
 9160.348   0.985569
 9160.407   0.986030
 9160.466   0.986761
 9160.524   0.987692
 9160.583   0.988747
 9160.641   0.989816
 9160.700   0.990740
 9160.759   0.991455
 9160.817   0.991929
 9160.876   0.992053
 9160.935   0.991677
 9160.993   0.990794
 9161.052   0.989588
 9161.110   0.988315
 9161.169   0.987306
 9161.228   0.986946
 9161.286   0.987494
 9161.345   0.988816
 9161.403   0.990541
 9161.462   0.992285
 9161.521   0.993750
 9161.579   0.994702
 9161.638   0.995044
 9161.697   0.994749
 9161.755   0.993827
 9161.814   0.992246
 9161.872   0.989880
 9161.931   0.986449
 9161.990   0.981572
 9162.048   0.974748
 9162.107   0.965169
 9162.165   0.951922
 9162.224   0.934399
 9162.283   0.912702
 9162.341   0.887578
 9162.400   0.861022
 9162.458   0.836349
 9162.517   0.817487
 9162.576   0.807989
 9162.634   0.810193
 9162.693   0.824042
 9162.752   0.846512
 9162.810   0.872956
 9162.869   0.897923
 9162.927   0.916403
 9162.986   0.925119
 9163.045   0.923346
 9163.103   0.911884
 9163.162   0.892968
 9163.220   0.870270
 9163.279   0.848167
 9163.338   0.831350
 9163.396   0.824032
 9163.455   0.828548
 9163.514   0.844147
 9163.572   0.868117
 9163.631   0.896218
 9163.689   0.923795
 9163.748   0.947230
 9163.807   0.965061
 9163.865   0.977228
 9163.924   0.984640
 9163.982   0.988767
 9164.041   0.991002
 9164.100   0.992248
 9164.158   0.993041
 9164.217   0.993620
 9164.275   0.993902
 9164.334   0.993668
 9164.393   0.992714
 9164.451   0.990853
 9164.510   0.987949
 9164.569   0.984001
 9164.627   0.979113
 9164.686   0.973343
 9164.744   0.966658
 9164.803   0.959041
 9164.862   0.950752
 9164.920   0.942373
 9164.979   0.934852
 9165.037   0.929487
 9165.096   0.927528
 9165.155   0.929567
 9165.213   0.935391
 9165.272   0.944215
 9165.331   0.954617
 9165.389   0.964965
 9165.448   0.974001
 9165.506   0.981104
 9165.565   0.986031
 9165.624   0.988917
 9165.682   0.990121
 9165.741   0.989971
 9165.799   0.988641
 9165.858   0.986151
 9165.917   0.982227
 9165.975   0.976413
 9166.034   0.968370
 9166.092   0.958164
 9166.151   0.946249
 9166.210   0.933675
 9166.268   0.922107
 9166.327   0.913145
 9166.386   0.907619
 9166.444   0.905659
 9166.503   0.906902
 9166.561   0.910460
 9166.620   0.915382
 9166.679   0.921245
 9166.737   0.928035
 9166.796   0.935687
 9166.854   0.943813
 9166.913   0.951832
 9166.972   0.959022
 9167.030   0.964755
 9167.089   0.968767
 9167.148   0.971528
 9167.206   0.973925
 9167.265   0.976654
 9167.323   0.979930
 9167.382   0.983677
 9167.441   0.987528
 9167.499   0.990899
 9167.558   0.993371
 9167.616   0.995021
 9167.675   0.996110
 9167.734   0.996796
 9167.792   0.997129
 9167.851   0.997225
 9167.909   0.997222
 9167.968   0.997210
 9168.027   0.997212
 9168.085   0.997261
 9168.144   0.997448
 9168.203   0.997816
 9168.261   0.998208
 9168.320   0.998384
 9168.378   0.998260
 9168.437   0.997931
 9168.496   0.997510
 9168.554   0.997027
 9168.613   0.996462
 9168.671   0.995825
 9168.730   0.995192
 9168.789   0.994651
 9168.847   0.994276
 9168.906   0.994122
 9168.965   0.994185
 9169.023   0.994308
 9169.082   0.994272
 9169.140   0.993905
 9169.199   0.993068
 9169.258   0.991590
 9169.316   0.989233
 9169.375   0.985727
 9169.433   0.980763
 9169.492   0.974129
 9169.551   0.965814
 9169.609   0.956336
 9169.668   0.946623
 9169.726   0.937932
 9169.785   0.931479
 9169.844   0.927970
 9169.902   0.926692
 9169.961   0.925584
 9170.020   0.921857
 9170.078   0.912419
 9170.137   0.894810
 9170.195   0.868912
 9170.254   0.837835
 9170.313   0.806640
 9170.371   0.781938
 9170.430   0.770186
 9170.488   0.775138
 9170.547   0.795632
 9170.606   0.827510
 9170.664   0.864513
 9170.723   0.899799
 9170.782   0.927960
 9170.840   0.946771
 9170.899   0.956059
 9170.957   0.956790
 9171.016   0.950878
 9171.075   0.940641
 9171.133   0.928707
 9171.192   0.917871
 9171.250   0.910619
 9171.309   0.908316
 9171.368   0.911120
 9171.426   0.917436
 9171.485   0.924241
 9171.543   0.928535
 9171.602   0.928667
 9171.661   0.924481
 9171.719   0.917475
 9171.778   0.910723
 9171.837   0.907425
 9171.895   0.909492
 9171.954   0.917257
 9172.012   0.929794
 9172.071   0.944812
 9172.130   0.959698
 9172.188   0.972506
 9172.247   0.982261
 9172.305   0.988692
 9172.364   0.992372
 9172.423   0.994212
 9172.481   0.994928
 9172.540   0.994976
 9172.599   0.994703
 9172.657   0.994218
 9172.716   0.993366
 9172.774   0.991916
 9172.833   0.989603
 9172.892   0.986160
 9172.950   0.981495
 9173.009   0.975940
 9173.067   0.970180
 9173.126   0.965243
 9173.185   0.962124
 9173.243   0.961329
 9173.302   0.962515
 9173.360   0.964949
 9173.419   0.967798
 9173.478   0.970255
 9173.536   0.971776
 9173.595   0.972392
 9173.654   0.972429
 9173.712   0.971990
 9173.771   0.970864
 9173.829   0.968747
 9173.888   0.965420
 9173.947   0.960832
 9174.005   0.955328
 9174.064   0.949787
 9174.122   0.945256
 9174.181   0.942589
 9174.240   0.942343
 9174.298   0.944680
 9174.357   0.948955
 9174.415   0.953898
 9174.474   0.957938
 9174.533   0.959316
 9174.591   0.956321
 9174.650   0.947717
 9174.709   0.933075
 9174.767   0.913074
 9174.826   0.890108
 9174.884   0.867449
 9174.943   0.848335
 9175.002   0.835135
 9175.060   0.828839
 9175.119   0.828123
 9175.177   0.830514
 9175.236   0.833978
 9175.295   0.837899
 9175.353   0.842770
 9175.412   0.850140
 9175.471   0.861662
 9175.529   0.877876
 9175.588   0.897238
 9175.646   0.917108
 9175.705   0.934735
 9175.764   0.947897
 9175.822   0.955219
 9175.881   0.956757
 9175.939   0.953286
 9175.998   0.945198
 9176.057   0.932035
 9176.115   0.912777
 9176.174   0.885481
 9176.232   0.847585
 9176.291   0.797124
 9176.350   0.734654
 9176.408   0.663145
 9176.467   0.588796
 9176.526   0.521057
 9176.584   0.469879
 9176.643   0.442753
 9176.701   0.443693
 9176.760   0.472282
 9176.819   0.522144
 9176.877   0.584479
 9176.936   0.650539
 9176.994   0.712749
 9177.053   0.765273
 9177.112   0.805450
 9177.170   0.832546
 9177.229   0.846865
 9177.288   0.849516
 9177.346   0.841628
 9177.405   0.823842
 9177.463   0.796838
 9177.522   0.762185
 9177.581   0.723767
 9177.639   0.687219
 9177.698   0.659818
 9177.756   0.648922
 9177.815   0.659593
 9177.874   0.690905
 9177.932   0.737488
 9177.991   0.791494
 9178.049   0.844135
 9178.108   0.887947
 9178.167   0.919771
 9178.225   0.940106
 9178.284   0.950903
 9178.343   0.955030
 9178.401   0.955386
 9178.460   0.954111
 9178.518   0.952418
 9178.577   0.950926
 9178.636   0.949396
 9178.694   0.947070
 9178.753   0.942991
 9178.811   0.936128
 9178.870   0.925478
 9178.929   0.910156
 9178.987   0.889253
 9179.046   0.861823
 9179.105   0.827383
 9179.163   0.786528
 9179.222   0.742180
 9179.280   0.700196
 9179.339   0.667604
 9179.398   0.651031
 9179.456   0.655150
 9179.515   0.680829
 9179.573   0.723204
 9179.632   0.774817
 9179.691   0.827903
 9179.749   0.875772
 9179.808   0.913812
 9179.866   0.941268
 9179.925   0.959613
 9179.984   0.970933
 9180.042   0.977526
 9180.101   0.981495
 9180.160   0.984102
 9180.218   0.985876
 9180.277   0.987007
 9180.335   0.987426
 9180.394   0.986952
 9180.453   0.985393
 9180.511   0.982438
 9180.570   0.977604
 9180.628   0.970180
 9180.687   0.959481
 9180.746   0.945095
 9180.804   0.927384
 9180.863   0.907587
 9180.922   0.888464
 9180.980   0.873737
 9181.039   0.866778
 9181.097   0.869245
 9181.156   0.881132
 9181.215   0.900266
 9181.273   0.922580
 9181.332   0.943847
 9181.390   0.961175
 9181.449   0.973080
 9181.508   0.979343
 9181.566   0.981147
 9181.625   0.980192
 9181.683   0.978047
 9181.742   0.976015
 9181.801   0.975123
 9181.859   0.975858
 9181.918   0.978228
 9181.977   0.981865
 9182.035   0.986126
 9182.094   0.990346
 9182.152   0.994000
 9182.211   0.996734
 9182.270   0.998446
 9182.328   0.999263
 9182.387   0.999392
 9182.445   0.999051
 9182.504   0.998524
 9182.563   0.998054
 9182.621   0.997754
 9182.680   0.997610
 9182.739   0.997589
 9182.797   0.997652
 9182.856   0.997764
 9182.914   0.997825
 9182.973   0.997684
 9183.032   0.997175
 9183.090   0.996149
 9183.149   0.994371
 9183.207   0.991344
 9183.266   0.986309
 9183.325   0.978422
 9183.383   0.966887
 9183.442   0.951207
 9183.500   0.931908
 9183.559   0.911302
 9183.618   0.892713
 9183.676   0.879785
 9183.735   0.875553
 9183.794   0.881440
 9183.852   0.895881
 9183.911   0.915612
 9183.969   0.936891
 9184.028   0.956262
 9184.087   0.971136
 9184.145   0.980747
 9184.204   0.985607
 9184.262   0.986627
 9184.321   0.984885
 9184.380   0.981487
 9184.438   0.977536
 9184.497   0.974091
 9184.556   0.972097
 9184.614   0.972113
 9184.673   0.974331
 9184.731   0.978445
 9184.790   0.983641
 9184.849   0.988968
 9184.907   0.993589
 9184.966   0.996880
 9185.024   0.998657
 9185.083   0.999339
 9185.142   0.999510
 9185.200   0.999448
 9185.259   0.999142
 9185.317   0.998552
 9185.376   0.997651
 9185.435   0.996291
 9185.493   0.994164
 9185.552   0.990879
 9185.611   0.986086
 9185.669   0.979515
 9185.728   0.971085
 9185.786   0.961078
 9185.845   0.950438
 9185.904   0.940467
 9185.962   0.932642
 9186.021   0.928234
 9186.079   0.928005
 9186.138   0.931556
 9186.197   0.937678
 9186.255   0.944575
 9186.314   0.949993
 9186.373   0.951647
 9186.431   0.947506
 9186.490   0.935679
 9186.548   0.914440
 9186.607   0.883001
 9186.666   0.842069
 9186.724   0.795168
 9186.783   0.748833
 9186.841   0.710580
 9186.900   0.686993
 9186.959   0.682146
 9187.017   0.695454
 9187.076   0.719944
 9187.134   0.746129
 9187.193   0.765128
 9187.252   0.770803
 9187.310   0.761294
 9187.369   0.741987
 9187.428   0.722006
 9187.486   0.710431
 9187.545   0.713803
 9187.603   0.735254
 9187.662   0.771728
 9187.721   0.816232
 9187.779   0.861419
 9187.838   0.901622
 9187.896   0.933083
 9187.955   0.955103
 9188.014   0.969441
 9188.072   0.978359
 9188.131   0.983796
 9188.190   0.987292
 9188.248   0.989747
 9188.307   0.991356
 9188.365   0.992130
 9188.424   0.992246
 9188.483   0.991966
 9188.541   0.991319
 9188.600   0.989964
 9188.658   0.987488
 9188.717   0.983736
 9188.776   0.978859
 9188.834   0.973292
 9188.893   0.967973
 9188.951   0.964012
 9189.010   0.962209
 9189.069   0.962761
 9189.127   0.965479
 9189.186   0.969703
 9189.245   0.974526
 9189.303   0.979110
 9189.362   0.982904
 9189.420   0.985556
 9189.479   0.986944
 9189.538   0.987117
 9189.596   0.986235
 9189.655   0.984718
 9189.713   0.983242
 9189.772   0.982409
 9189.831   0.982514
 9189.889   0.983606
 9189.948   0.985409
 9190.007   0.987353
 9190.065   0.988848
 9190.124   0.989578
 9190.182   0.989550
 9190.241   0.989038
 9190.300   0.988493
 9190.358   0.988337
 9190.417   0.988749
 9190.475   0.989668
 9190.534   0.990896
 9190.593   0.992165
 9190.651   0.993265
 9190.710   0.994142
 9190.768   0.994863
 9190.827   0.995483
 9190.886   0.996062
 9190.944   0.996638
 9191.003   0.997189
 9191.062   0.997630
 9191.120   0.997969
 9191.179   0.998309
 9191.237   0.998690
 9191.296   0.999061
 9191.355   0.999383
 9191.413   0.999636
 9191.472   0.999747
 9191.530   0.999681
 9191.589   0.999469
 9191.648   0.999165
 9191.706   0.998771
 9191.765   0.998341
 9191.824   0.998014
 9191.882   0.997873
 9191.941   0.997766
 9191.999   0.997457
 9192.058   0.996820
 9192.117   0.995822
 9192.175   0.994354
 9192.234   0.992108
 9192.292   0.988602
 9192.351   0.983228
 9192.410   0.975367
 9192.468   0.964724
 9192.527   0.951895
 9192.585   0.938693
 9192.644   0.927464
 9192.703   0.920475
 9192.761   0.919453
 9192.820   0.924992
 9192.879   0.935629
 9192.937   0.948823
 9192.996   0.962155
 9193.054   0.973840
 9193.113   0.982727
 9193.172   0.988660
 9193.230   0.992204
 9193.289   0.994038
 9193.347   0.994754
 9193.406   0.994822
 9193.465   0.994550
 9193.523   0.993977
 9193.582   0.992959
 9193.641   0.991209
 9193.699   0.988425
 9193.758   0.984310
 9193.816   0.978612
 9193.875   0.971335
 9193.934   0.963141
 9193.992   0.955189
 9194.051   0.948785
 9194.109   0.945218
 9194.168   0.945456
 9194.227   0.949454
 9194.285   0.956018
 9194.344   0.963564
 9194.402   0.970457
 9194.461   0.975167
 9194.520   0.976508
 9194.578   0.973884
 9194.637   0.966855
 9194.696   0.954662
 9194.754   0.936436
 9194.813   0.911944
 9194.871   0.882719
 9194.930   0.851885
 9194.989   0.824301
 9195.047   0.805651
 9195.106   0.800526
 9195.164   0.810015
 9195.223   0.832189
 9195.282   0.862842
 9195.340   0.895995
 9195.399   0.925997
 9195.458   0.949807
 9195.516   0.966897
 9195.575   0.977914
 9195.633   0.984328
 9195.692   0.987775
 9195.751   0.989457
 9195.809   0.990102
 9195.868   0.990240
 9195.926   0.990231
 9195.985   0.990313
 9196.044   0.990595
 9196.102   0.991078
 9196.161   0.991744
 9196.219   0.992594
 9196.278   0.993560
 9196.337   0.994511
 9196.395   0.995300
 9196.454   0.995813
 9196.513   0.995940
 9196.571   0.995645
 9196.630   0.995001
 9196.688   0.994228
 9196.747   0.993504
 9196.806   0.992865
 9196.864   0.992189
 9196.923   0.991318
 9196.981   0.990067
 9197.040   0.988208
 9197.099   0.985575
 9197.157   0.982109
 9197.216   0.977728
 9197.275   0.971974
 9197.333   0.963742
 9197.392   0.951390
 9197.450   0.932649
 9197.509   0.905059
 9197.568   0.866902
 9197.626   0.818727
 9197.685   0.763430
 9197.743   0.706935
 9197.802   0.657628
 9197.861   0.623893
 9197.919   0.611290
 9197.978   0.621505
 9198.036   0.651276
 9198.095   0.691721
 9198.154   0.732244
 9198.212   0.763738
 9198.271   0.780337
 9198.330   0.780513
 9198.388   0.769479
 9198.447   0.755795
 9198.505   0.748052
 9198.564   0.752663
 9198.623   0.772754
 9198.681   0.805679
 9198.740   0.845231
 9198.798   0.884913
 9198.857   0.919692
 9198.916   0.946364
 9198.974   0.964514
 9199.033   0.975840
 9199.092   0.982398
 9199.150   0.985893
 9199.209   0.987661
 9199.267   0.988549
 9199.326   0.988942
 9199.385   0.989062
 9199.443   0.989019
 9199.502   0.988774
 9199.560   0.988303
 9199.619   0.987740
 9199.678   0.987318
 9199.736   0.987119
 9199.795   0.987060
 9199.853   0.987083
 9199.912   0.987282
 9199.971   0.987788
 9200.029   0.988605
 9200.088   0.989623
 9200.147   0.990727
 9200.205   0.991821
 9200.264   0.992759
 9200.322   0.993383
 9200.381   0.993713
 9200.440   0.993926
 9200.498   0.994139
 9200.557   0.994362
 9200.615   0.994597
 9200.674   0.994831
 9200.733   0.994966
 9200.791   0.994864
 9200.850   0.994457
 9200.908   0.993778
 9200.967   0.992910
 9201.026   0.991868
 9201.084   0.990531
 9201.143   0.988661
 9201.202   0.985952
 9201.260   0.981991
 9201.319   0.976442
 9201.377   0.969347
 9201.436   0.961467
 9201.495   0.953970
 9201.553   0.948156
 9201.612   0.945279
 9201.670   0.946260
 9201.729   0.951033
 9201.788   0.958572
 9201.846   0.967440
 9201.905   0.976112
 9201.964   0.983257
 9202.022   0.988239
 9202.081   0.991257
 9202.139   0.992860
 9202.198   0.993584
 9202.257   0.993869
 9202.315   0.994070
 9202.374   0.994354
 9202.432   0.994706
 9202.491   0.995023
 9202.550   0.995296
 9202.608   0.995556
 9202.667   0.995750
 9202.725   0.995756
 9202.784   0.995508
 9202.843   0.995030
 9202.901   0.994412
 9202.960   0.993755
 9203.019   0.993122
 9203.077   0.992492
 9203.136   0.991720
 9203.194   0.990607
 9203.253   0.989087
 9203.312   0.987399
 9203.370   0.985939
 9203.429   0.985022
 9203.487   0.984762
 9203.546   0.985171
 9203.605   0.986205
 9203.663   0.987759
 9203.722   0.989629
 9203.781   0.991607
 9203.839   0.993514
 9203.898   0.995147
 9203.956   0.996294
 9204.015   0.996872
 9204.074   0.997012
 9204.132   0.996898
 9204.191   0.996702
 9204.249   0.996566
 9204.308   0.996548
 9204.367   0.996552
 9204.425   0.996436
 9204.484   0.996139
 9204.542   0.995760
 9204.601   0.995483
 9204.660   0.995458
 9204.718   0.995718
 9204.777   0.996198
 9204.836   0.996763
 9204.894   0.997249
 9204.953   0.997524
 9205.011   0.997532
 9205.070   0.997299
 9205.129   0.996980
 9205.187   0.996765
 9205.246   0.996759
 9205.304   0.996862
 9205.363   0.996944
 9205.422   0.996872
 9205.480   0.996554
 9205.539   0.995958
 9205.598   0.995294
 9205.656   0.994818
 9205.715   0.994562
 9205.773   0.994306
 9205.832   0.993890
 9205.891   0.993367
 9205.949   0.992863
 9206.008   0.992505
 9206.066   0.992385
 9206.125   0.992504
 9206.184   0.992652
 9206.242   0.992571
 9206.301   0.992199
 9206.359   0.991739
 9206.418   0.991375
 9206.477   0.991091
 9206.535   0.990684
 9206.594   0.989861
 9206.653   0.988278
 9206.711   0.985727
 9206.770   0.982361
 9206.828   0.978780
 9206.887   0.975743
 9206.946   0.973961
 9207.004   0.973838
 9207.063   0.975367
 9207.121   0.978069
 9207.180   0.981302
 9207.239   0.984406
 9207.297   0.986837
 9207.356   0.988255
 9207.415   0.988653
 9207.473   0.988159
 9207.532   0.986752
 9207.590   0.984068
 9207.649   0.979494
 9207.708   0.972338
 9207.766   0.962010
 9207.825   0.948202
 9207.883   0.931353
 9207.942   0.912908
 9208.001   0.895679
 9208.059   0.883158
 9208.118   0.878273
 9208.176   0.882187
 9208.235   0.894362
 9208.294   0.912468
 9208.352   0.932710
 9208.411   0.951375
 9208.470   0.966289
 9208.528   0.976793
 9208.587   0.983165
 9208.645   0.986440
 9208.704   0.987812
 9208.763   0.988005
 9208.821   0.987062
 9208.880   0.984615
 9208.938   0.980142
 9208.997   0.973227
 9209.056   0.963627
 9209.114   0.951608
 9209.173   0.938132
 9209.232   0.925119
 9209.290   0.914975
 9209.349   0.909884
 9209.407   0.911015
 9209.466   0.918285
 9209.525   0.930081
 9209.583   0.943671
 9209.642   0.956399
 9209.700   0.966619
 9209.759   0.973582
 9209.818   0.977121
 9209.876   0.977513
 9209.935   0.975096
 9209.993   0.969798
 9210.052   0.961287
 9210.111   0.949515
 9210.169   0.935360
 9210.228   0.920511
 9210.287   0.907346
 9210.345   0.898475
 9210.404   0.895957
 9210.462   0.900316
 9210.521   0.910539
 9210.580   0.924373
 9210.638   0.938518
 9210.697   0.949642
 9210.755   0.955439
 9210.814   0.955027
 9210.873   0.948680
 9210.931   0.938071
 9210.990   0.925867
 9211.049   0.915222
 9211.107   0.909055
 9211.166   0.909250
 9211.224   0.915829
 9211.283   0.927414
 9211.342   0.941871
 9211.400   0.956621
 9211.459   0.969334
 9211.517   0.978774
 9211.576   0.984829
 9211.635   0.987922
 9211.693   0.988797
 9211.752   0.988327
 9211.810   0.987281
 9211.869   0.986204
 9211.928   0.985493
 9211.986   0.985426
 9212.045   0.986173
 9212.104   0.987699
 9212.162   0.989706
 9212.221   0.991833
 9212.279   0.993828
 9212.338   0.995498
 9212.397   0.996698
 9212.455   0.997422
 9212.514   0.997826
 9212.572   0.998090
 9212.631   0.998316
 9212.690   0.998494
 9212.748   0.998546
 9212.807   0.998360
 9212.866   0.997821
 9212.924   0.996770
 9212.983   0.995100
 9213.041   0.992880
 9213.100   0.990430
 9213.159   0.988155
 9213.217   0.986388
 9213.276   0.985413
 9213.334   0.985459
 9213.393   0.986494
 9213.452   0.988241
 9213.510   0.990356
 9213.569   0.992597
 9213.627   0.994784
 9213.686   0.996713
 9213.745   0.998143
 9213.803   0.998932
 9213.862   0.999132
 9213.921   0.998949
 9213.979   0.998672
 9214.038   0.998670
 9214.096   0.999105
 9214.155   0.999765
 9214.214   1.000255
 9214.272   1.000357
 9214.331   1.000003
 9214.389   0.999239
 9214.448   0.998310
 9214.507   0.997531
 9214.565   0.996937
 9214.624   0.996222
 9214.683   0.995033
 9214.741   0.992998
 9214.800   0.989607
 9214.858   0.984186
 9214.917   0.975927
 9214.976   0.963923
 9215.034   0.947431
 9215.093   0.926588
 9215.151   0.902885
 9215.210   0.879636
 9215.269   0.861047
 9215.327   0.851115
 9215.386   0.852287
 9215.444   0.864825
 9215.503   0.886056
 9215.562   0.911477
 9215.620   0.936559
 9215.679   0.957944
 9215.738   0.973716
 9215.796   0.983722
 9215.855   0.989221
 9215.913   0.991740
 9215.972   0.992475
 9216.031   0.992255
 9216.089   0.991527
 9216.148   0.990409
 9216.206   0.989053
 9216.265   0.987775
 9216.324   0.986825
 9216.382   0.986201
 9216.441   0.985514
 9216.500   0.984144
 9216.558   0.981479
 9216.617   0.976969
 9216.675   0.969955
 9216.734   0.959254
 9216.793   0.943284
 9216.851   0.920624
 9216.910   0.891066
 9216.968   0.856030
 9217.027   0.819189
 9217.086   0.786058
 9217.144   0.762551
 9217.203   0.753231
 9217.261   0.760235
 9217.320   0.782298
 9217.379   0.814652
 9217.437   0.851347
 9217.496   0.887041
 9217.555   0.917792
 9217.613   0.941412
 9217.672   0.957749
 9217.730   0.967630
 9217.789   0.972196
 9217.848   0.972820
 9217.906   0.970882
 9217.965   0.967569
 9218.023   0.963907
 9218.082   0.960976
 9218.141   0.959751
 9218.199   0.960839
 9218.258   0.964146
 9218.317   0.969042
 9218.375   0.974651
 9218.434   0.980071
 9218.492   0.984601
 9218.551   0.988027
 9218.610   0.990490
 9218.668   0.992171
 9218.727   0.993225
 9218.785   0.993754
 9218.844   0.993729
 9218.903   0.993011
 9218.961   0.991476
 9219.020   0.988850
 9219.078   0.984459
 9219.137   0.977260
 9219.196   0.965989
 9219.254   0.949413
 9219.313   0.926609
 9219.372   0.897411
 9219.430   0.862627
 9219.489   0.824211
 9219.547   0.784852
 9219.606   0.747483
 9219.665   0.715186
 9219.723   0.691027
 9219.782   0.677875
 9219.840   0.677959
 9219.899   0.692428
 9219.958   0.720416
 9220.016   0.759231
 9220.075   0.804477
 9220.134   0.850550
 9220.192   0.892188
 9220.251   0.926138
 9220.309   0.951320
 9220.368   0.968296
 9220.427   0.978955
 9220.485   0.985499
 9220.544   0.989592
 9220.602   0.992261
 9220.661   0.994148
 9220.720   0.995618
 9220.778   0.996868
 9220.837   0.998096
 9220.895   0.999381
 9220.954   1.000627
 9221.013   1.001672
 9221.071   1.002493
 9221.130   1.003125
 9221.189   1.003549
 9221.247   1.003759
 9221.306   1.003842
 9221.364   1.003827
 9221.423   1.003623
 9221.482   1.003208
 9221.540   1.002720
 9221.599   1.002298
 9221.657   1.001887
 9221.716   1.001307
 9221.775   1.000398
 9221.833   0.999045
 9221.892   0.997251
 9221.951   0.995249
 9222.009   0.993487
 9222.068   0.992463
 9222.126   0.992478
 9222.185   0.993508
 9222.244   0.995236
 9222.302   0.997225
 9222.361   0.999033
 9222.419   1.000267
 9222.478   1.000735
 9222.537   1.000434
 9222.595   0.999364
 9222.654   0.997470
 9222.712   0.994838
 9222.771   0.991771
 9222.830   0.988724
 9222.888   0.986236
 9222.947   0.984818
 9223.006   0.984784
 9223.064   0.986118
 9223.123   0.988472
 9223.181   0.991203
 9223.240   0.993670
 9223.299   0.995544
 9223.357   0.996902
 9223.416   0.997991
 9223.474   0.998952
 9223.533   0.999777
 9223.592   1.000444
 9223.650   1.000936
 9223.709   1.001141
 9223.768   1.000858
 9223.826   1.000020
 9223.885   0.998692
 9223.943   0.996884
 9224.002   0.994439
 9224.061   0.990991
 9224.119   0.985887
 9224.178   0.978271
 9224.236   0.967521
 9224.295   0.953798
 9224.354   0.938248
 9224.412   0.923019
 9224.471   0.910768
 9224.529   0.904035
 9224.588   0.904384
 9224.647   0.911858
 9224.705   0.924671
 9224.764   0.940173
 9224.823   0.955744
 9224.881   0.969364
 9224.940   0.979871
 9224.998   0.987119
 9225.057   0.991589
 9225.116   0.993973
 9225.174   0.995077
 9225.233   0.995640
 9225.291   0.996102
 9225.350   0.996572
 9225.409   0.997025
 9225.467   0.997415
 9225.526   0.997720
 9225.585   0.997920
 9225.643   0.997982
 9225.702   0.997918
 9225.760   0.997782
 9225.819   0.997591
 9225.878   0.997305
 9225.936   0.997010
 9225.995   0.996934
 9226.053   0.997176
 9226.112   0.997509
 9226.171   0.997632
 9226.229   0.997566
 9226.288   0.997509
 9226.346   0.997512
 9226.405   0.997425
 9226.464   0.997154
 9226.522   0.996754
 9226.581   0.996261
 9226.640   0.995599
 9226.698   0.994595
 9226.757   0.993106
 9226.815   0.991039
 9226.874   0.988271
 9226.933   0.984566
 9226.991   0.979337
 9227.050   0.971597
 9227.108   0.959879
 9227.167   0.942397
 9227.226   0.917604
 9227.284   0.885556
 9227.343   0.848828
 9227.401   0.812312
 9227.460   0.782457
 9227.519   0.765467
 9227.577   0.765331
 9227.636   0.782284
 9227.695   0.813019
 9227.753   0.851136
 9227.812   0.889586
 9227.870   0.923055
 9227.929   0.948961
 9227.988   0.966676
 9228.046   0.977368
 9228.105   0.983331
 9228.163   0.986713
 9228.222   0.988887
 9228.281   0.990686
 9228.339   0.992531
 9228.398   0.994380
 9228.457   0.995987
 9228.515   0.997291
 9228.574   0.998462
 9228.632   0.999610
 9228.691   1.000571
 9228.750   1.001119
 9228.808   1.001262
 9228.867   1.001247
 9228.925   1.001299
 9228.984   1.001461
 9229.043   1.001620
 9229.101   1.001632
 9229.160   1.001398
 9229.218   1.000941
 9229.277   1.000424
 9229.336   1.000048
 9229.394   0.999902
 9229.453   0.999835
 9229.512   0.999614
 9229.570   0.999124
 9229.629   0.998432
 9229.687   0.997659
 9229.746   0.996977
 9229.805   0.996518
 9229.863   0.996268
 9229.922   0.996015
 9229.980   0.995586
 9230.039   0.995009
 9230.098   0.994431
 9230.156   0.993939
 9230.215   0.993545
 9230.274   0.993294
 9230.332   0.993224
 9230.391   0.993232
 9230.449   0.993061
 9230.508   0.992449
 9230.567   0.991211
 9230.625   0.989237
 9230.684   0.986516
 9230.742   0.983073
 9230.801   0.978822
 9230.860   0.973452
 9230.918   0.966557
 9230.977   0.958099
 9231.035   0.948810
 9231.094   0.940312
 9231.153   0.934605
 9231.211   0.933217
 9231.270   0.936528
 9231.329   0.943751
 9231.387   0.953269
 9231.446   0.963012
 9231.504   0.971200
 9231.563   0.976834
 9231.622   0.979509
 9231.680   0.979006
 9231.739   0.975317
 9231.797   0.968623
 9231.856   0.959173
 9231.915   0.947533
 9231.973   0.934947
 9232.032   0.923445
 9232.091   0.915201
 9232.149   0.911904
 9232.208   0.914189
 9232.266   0.921532
 9232.325   0.932216
 9232.384   0.943936
 9232.442   0.954688
 9232.501   0.963128
 9232.559   0.968364
 9232.618   0.969944
 9232.677   0.967947
 9232.735   0.962684
 9232.794   0.954601
 9232.852   0.944722
 9232.911   0.934852
 9232.970   0.927239
 9233.028   0.923752
 9233.087   0.925311
 9233.146   0.931496
 9233.204   0.940668
 9233.263   0.950350
 9233.321   0.958223
 9233.380   0.962970
 9233.439   0.964544
 9233.497   0.963845
 9233.556   0.962351
 9233.614   0.961514
 9233.673   0.962128
 9233.732   0.964059
 9233.790   0.966678
 9233.849   0.969456
 9233.908   0.972321
 9233.966   0.975497
 9234.025   0.979119
 9234.083   0.983014
 9234.142   0.986855
 9234.201   0.990229
 9234.259   0.992766
 9234.318   0.994317
 9234.376   0.995091
 9234.435   0.995357
 9234.494   0.995267
 9234.552   0.994868
 9234.611   0.994162
 9234.669   0.993074
 9234.728   0.991403
 9234.787   0.988624
 9234.845   0.983788
 9234.904   0.975780
 9234.963   0.963958
 9235.021   0.948483
 9235.080   0.930453
 9235.138   0.912057
 9235.197   0.896433
 9235.256   0.886994
 9235.314   0.886048
 9235.373   0.893819
 9235.431   0.908439
 9235.490   0.926997
 9235.549   0.946167
 9235.607   0.962962
 9235.666   0.975728
 9235.725   0.984483
 9235.783   0.990026
 9235.842   0.993277
 9235.900   0.995162
 9235.959   0.996384
 9236.018   0.997161
 9236.076   0.997468
 9236.135   0.997395
 9236.193   0.997156
 9236.252   0.996954
 9236.311   0.996851
 9236.369   0.996811
 9236.428   0.996738
 9236.486   0.996579
 9236.545   0.996271
 9236.604   0.995639
 9236.662   0.994277
 9236.721   0.991788
 9236.780   0.987796
 9236.838   0.981706
 9236.897   0.972533
 9236.955   0.959275
 9237.014   0.941295
 9237.073   0.918783
 9237.131   0.893303
 9237.190   0.868095
 9237.248   0.847546
 9237.307   0.835577
 9237.366   0.834170
 9237.424   0.842730
 9237.483   0.858554
 9237.542   0.877487
 9237.600   0.895535
 9237.659   0.910481
 9237.717   0.922082
 9237.776   0.931078
 9237.835   0.938541
 9237.893   0.945443
 9237.952   0.951942
 9238.010   0.957284
 9238.069   0.960670
 9238.128   0.962058
 9238.186   0.962060
 9238.245   0.961567
 9238.303   0.961595
 9238.362   0.963063
 9238.421   0.966294
 9238.479   0.970979
 9238.538   0.976520
 9238.597   0.982296
 9238.655   0.987568
 9238.714   0.991679
 9238.772   0.994288
 9238.831   0.995457
 9238.890   0.995474
 9238.948   0.994780
 9239.007   0.993853
 9239.065   0.993101
 9239.124   0.992702
 9239.183   0.992602
 9239.241   0.992525
 9239.300   0.992071
 9239.359   0.990706
 9239.417   0.987905
 9239.476   0.983275
 9239.534   0.976830
 9239.593   0.969096
 9239.652   0.961130
 9239.710   0.954273
 9239.769   0.949859
 9239.827   0.948817
 9239.886   0.951324
 9239.945   0.956546
 9240.003   0.962760
 9240.062   0.967998
 9240.120   0.970579
 9240.179   0.969070
 9240.238   0.962187
 9240.296   0.949149
 9240.355   0.930153
 9240.414   0.906601
 9240.472   0.881566
 9240.531   0.859376
 9240.589   0.844690
 9240.648   0.840828
 9240.707   0.848660
 9240.765   0.866141
 9240.824   0.889437
 9240.882   0.914010
 9240.941   0.935493
 9241.000   0.950651
 9241.058   0.958033
 9241.117   0.957380
 9241.176   0.948851
 9241.234   0.933346
 9241.293   0.912749
 9241.351   0.890139
 9241.410   0.869436
 9241.469   0.854716
 9241.527   0.849154
 9241.586   0.854180
 9241.644   0.868923
 9241.703   0.890359
 9241.762   0.914622
 9241.820   0.938083
 9241.879   0.957954
 9241.937   0.972669
 9241.996   0.982001
 9242.055   0.986463
 9242.113   0.986951
 9242.172   0.984683
 9242.231   0.980869
 9242.289   0.976415
 9242.348   0.972056
 9242.406   0.968466
 9242.465   0.965919
 9242.524   0.964005
 9242.582   0.961760
 9242.641   0.958291
 9242.699   0.953241
 9242.758   0.947051
 9242.817   0.940883
 9242.875   0.936379
 9242.934   0.935002
 9242.993   0.937445
 9243.051   0.943252
 9243.110   0.951140
 9243.168   0.959626
 9243.227   0.967525
 9243.286   0.974214
 9243.344   0.979681
 9243.403   0.984284
 9243.461   0.988343
 9243.520   0.991916
 9243.579   0.994866
 9243.637   0.997124
 9243.696   0.998759
 9243.754   0.999927
 9243.813   1.000757
 9243.872   1.001403
 9243.930   1.001968
 9243.989   1.002465
 9244.048   1.002797
 9244.106   1.002893
 9244.165   1.002740
 9244.223   1.002336
 9244.282   1.001602
 9244.341   1.000418
 9244.399   0.998682
 9244.458   0.996361
 9244.516   0.993518
 9244.575   0.990302
 9244.634   0.986991
 9244.692   0.983988
 9244.751   0.981748
 9244.810   0.980490
 9244.868   0.980095
 9244.927   0.980065
 9244.985   0.979540
 9245.044   0.977256
 9245.103   0.972020
 9245.161   0.963198
 9245.220   0.951222
 9245.278   0.937402
 9245.337   0.923721
 9245.396   0.912160
 9245.454   0.904260
 9245.513   0.900765
 9245.571   0.901699
 9245.630   0.906239
 9245.689   0.913192
 9245.747   0.921604
 9245.806   0.931143
 9245.865   0.941540
 9245.923   0.952257
 9245.982   0.962479
 9246.040   0.971476
 9246.099   0.978688
 9246.158   0.983819
 9246.216   0.986813
 9246.275   0.987886
 9246.333   0.987363
 9246.392   0.985465
 9246.451   0.982185
 9246.509   0.977320
 9246.568   0.970579
 9246.627   0.961628
 9246.685   0.950114
 9246.744   0.936010
 9246.802   0.919963
 9246.861   0.903422
 9246.920   0.888157
 9246.978   0.875731
 9247.037   0.866939
 9247.095   0.861466
 9247.154   0.857873
 9247.213   0.854652
 9247.271   0.851473
 9247.330   0.849662
 9247.388   0.851207
 9247.447   0.857668
 9247.506   0.869489
 9247.564   0.885866
 9247.623   0.904688
 9247.682   0.923311
 9247.740   0.939691
 9247.799   0.953033
 9247.857   0.963374
 9247.916   0.971023
 9247.975   0.976375
 9248.033   0.979722
 9248.092   0.981164
 9248.150   0.980681
 9248.209   0.978233
 9248.268   0.973570
 9248.326   0.966086
 9248.385   0.954676
 9248.444   0.937902
 9248.502   0.914305
 9248.561   0.883528
 9248.619   0.847349
 9248.678   0.810031
 9248.737   0.777694
 9248.795   0.756623
 9248.854   0.751469
 9248.912   0.763645
 9248.971   0.790825
 9249.030   0.827181
 9249.088   0.865968
 9249.147   0.901751
 9249.205   0.931105
 9249.264   0.952451
 9249.323   0.966450
 9249.381   0.975105
 9249.440   0.980303
 9249.499   0.983337
 9249.557   0.985177
 9249.616   0.986558
 9249.674   0.987854
 9249.733   0.989183
 9249.792   0.990480
 9249.850   0.991590
 9249.909   0.992331
 9249.967   0.992646
 9250.026   0.992661
 9250.085   0.992698
 9250.143   0.993044
 9250.202   0.993776
 9250.261   0.994665
 9250.319   0.995362
 9250.378   0.995622
 9250.436   0.995465
 9250.495   0.995144
 9250.554   0.994995
 9250.612   0.995202
 9250.671   0.995659
 9250.729   0.996027
 9250.788   0.995978
 9250.847   0.995400
 9250.905   0.994431
 9250.964   0.993318
 9251.022   0.992331
 9251.081   0.991595
 9251.140   0.991039
 9251.198   0.990476
 9251.257   0.989790
 9251.316   0.988874
 9251.374   0.987505
 9251.433   0.985408
 9251.491   0.982369
 9251.550   0.978170
 9251.609   0.972391
 9251.667   0.964440
 9251.726   0.953909
 9251.784   0.941116
 9251.843   0.927305
 9251.902   0.914491
 9251.960   0.905006
 9252.019   0.900920
 9252.077   0.903279
 9252.136   0.911736
 9252.195   0.924666
 9252.253   0.939605
 9252.312   0.954089
 9252.371   0.966322
 9252.429   0.975429
 9252.488   0.981375
 9252.546   0.984882
 9252.605   0.986890
 9252.664   0.988025
 9252.722   0.988491
 9252.781   0.988340
 9252.839   0.987609
 9252.898   0.986312
 9252.957   0.984331
 9253.015   0.981305
 9253.074   0.976644
 9253.133   0.969399
 9253.191   0.958098
 9253.250   0.940947
 9253.308   0.916544
 9253.367   0.884785
 9253.426   0.847468
 9253.484   0.808928
 9253.543   0.775230
 9253.601   0.752940
 9253.660   0.746819
 9253.719   0.758260
 9253.777   0.784445
 9253.836   0.820195
 9253.894   0.859355
 9253.953   0.896055
 9254.012   0.926189
 9254.070   0.948722
 9254.129   0.964564
 9254.188   0.975041
 9254.246   0.981574
 9254.305   0.985504
 9254.363   0.987777
 9254.422   0.988914
 9254.481   0.989218
 9254.539   0.988776
 9254.598   0.987546
 9254.656   0.985381
 9254.715   0.982156
 9254.774   0.977981
 9254.832   0.973557
 9254.891   0.969960
 9254.950   0.968155
 9255.008   0.968576
 9255.067   0.971147
 9255.125   0.975170
 9255.184   0.979444
 9255.243   0.982756
 9255.301   0.984326
 9255.360   0.983848
 9255.418   0.981284
 9255.477   0.977031
 9255.536   0.971931
 9255.594   0.967162
 9255.653   0.963842
 9255.711   0.962802
 9255.770   0.964257
 9255.829   0.967761
 9255.887   0.972193
 9255.946   0.976301
 9256.005   0.979163
 9256.063   0.980505
 9256.122   0.980461
 9256.180   0.979498
 9256.239   0.978145
 9256.298   0.976842
 9256.356   0.975774
 9256.415   0.974837
 9256.473   0.973457
 9256.532   0.970595
 9256.591   0.965235
 9256.649   0.957064
 9256.708   0.946986
 9256.767   0.936920
 9256.825   0.929295
 9256.884   0.926078
 9256.942   0.928208
 9257.001   0.935219
 9257.060   0.945621
 9257.118   0.957213
 9257.177   0.967834
 9257.235   0.975986
 9257.294   0.980990
 9257.353   0.982579
 9257.411   0.980863
 9257.470   0.976599
 9257.528   0.971055
 9257.587   0.965688
 9257.646   0.961885
 9257.704   0.960763
 9257.763   0.962764
 9257.822   0.967548
 9257.880   0.974107
 9257.939   0.981223
 9257.997   0.987847
 9258.056   0.993227
 9258.115   0.996892
 9258.173   0.998885
 9258.232   0.999817
 9258.290   1.000411
 9258.349   1.001072
 9258.408   1.001856
 9258.466   1.002615
 9258.525   1.003147
 9258.584   1.003346
 9258.642   1.003262
 9258.701   1.003067
 9258.759   1.002918
 9258.818   1.002692
 9258.877   1.001933
 9258.935   1.000200
 9258.994   0.997449
 9259.052   0.993907
 9259.111   0.989849
 9259.170   0.985589
 9259.228   0.981498
 9259.287   0.977914
 9259.345   0.975143
 9259.404   0.973436
 9259.463   0.973006
 9259.521   0.973944
 9259.580   0.976134
 9259.639   0.979174
 9259.697   0.982629
 9259.756   0.986205
 9259.814   0.989774
 9259.873   0.993190
 9259.932   0.996304
 9259.990   0.998931
 9260.049   1.000957
 9260.107   1.002330
 9260.166   1.003083
 9260.225   1.003275
 9260.283   1.002998
 9260.342   1.002347
 9260.401   1.001322
 9260.459   0.999882
 9260.518   0.998148
 9260.576   0.996501
 9260.635   0.995273
 9260.694   0.994508
 9260.752   0.994114
 9260.811   0.994048
 9260.869   0.994230
 9260.928   0.994451
 9260.987   0.994572
 9261.045   0.994603
 9261.104   0.994406
 9261.162   0.993399
 9261.221   0.990795
 9261.280   0.986012
 9261.338   0.978802
 9261.397   0.969335
 9261.456   0.958571
 9261.514   0.948229
 9261.573   0.940233
 9261.631   0.935819
 9261.690   0.935207
 9261.749   0.937689
 9261.807   0.942095
 9261.866   0.947189
 9261.924   0.952210
 9261.983   0.957063
 9262.042   0.961970
 9262.100   0.966857
 9262.159   0.971355
 9262.218   0.975089
 9262.276   0.977657
 9262.335   0.978202
 9262.393   0.975464
 9262.452   0.968143
 9262.511   0.955050
 9262.569   0.935122
 9262.628   0.907999
 9262.686   0.875175
 9262.745   0.840068
 9262.804   0.807806
 9262.862   0.783797
 9262.921   0.772268
 9262.979   0.774806
 9263.038   0.790294
 9263.097   0.814641
 9263.155   0.842352
 9263.214   0.868494
 9263.273   0.889771
 9263.331   0.904515
 9263.390   0.913195
 9263.448   0.918089
 9263.507   0.921894
 9263.566   0.926752
 9263.624   0.933877
 9263.683   0.942990
 9263.741   0.952304
 9263.800   0.959662
 9263.859   0.963625
 9263.917   0.963838
 9263.976   0.960982
 9264.035   0.956744
 9264.093   0.953132
 9264.152   0.951635
 9264.210   0.952612
 9264.269   0.955417
 9264.328   0.958332
 9264.386   0.959133
 9264.445   0.955736
 9264.503   0.947191
 9264.562   0.933780
 9264.621   0.917335
 9264.679   0.900978
 9264.738   0.888342
 9264.796   0.882391
 9264.855   0.884628
 9264.914   0.894619
 9264.972   0.910265
 9265.031   0.928684
 9265.090   0.946758
 9265.148   0.961698
 9265.207   0.971877
 9265.265   0.977204
 9265.324   0.978404
 9265.383   0.976416
 9265.441   0.972424
 9265.500   0.967744
 9265.558   0.963632
 9265.617   0.961179
 9265.676   0.961223
 9265.734   0.963983
 9265.793   0.968983
 9265.852   0.975048
 9265.910   0.980873
 9265.969   0.985450
 9266.027   0.988366
 9266.086   0.989724
 9266.145   0.990084
 9266.203   0.990047
 9266.262   0.990005
 9266.320   0.990300
 9266.379   0.991343
 9266.438   0.993304
 9266.496   0.995879
 9266.555   0.998624
 9266.613   1.001227
 9266.672   1.003480
 9266.731   1.005217
 9266.789   1.006521
 9266.848   1.007598
 9266.907   1.008456
 9266.965   1.008862
 9267.024   1.008707
 9267.082   1.008208
 9267.141   1.007645
 9267.200   1.007177
 9267.258   1.006853
 9267.317   1.006694
 9267.375   1.006606
 9267.434   1.006334
 9267.493   1.005636
 9267.551   1.004536
 9267.610   1.003387
 9267.669   1.002558
 9267.727   1.002200
 9267.786   1.002175
 9267.844   1.002216
 9267.903   1.002121
 9267.962   1.001884
 9268.020   1.001487
 9268.079   1.000892
 9268.137   1.000139
 9268.196   0.999316
 9268.255   0.998237
 9268.313   0.996302
 9268.372   0.992770
 9268.430   0.987061
 9268.489   0.979022
 9268.548   0.969050
 9268.606   0.958359
 9268.665   0.948931
 9268.724   0.942929
 9268.782   0.941856
 9268.841   0.946085
 9268.899   0.954737
 9268.958   0.965970
 9269.017   0.977683
 9269.075   0.987997
 9269.134   0.995639
 9269.192   1.000274
 9269.251   1.002505
 9269.310   1.003147
 9269.368   1.002759
 9269.427   1.001701
 9269.486   1.000299
 9269.544   0.998853
 9269.603   0.997598
 9269.661   0.996761
 9269.720   0.996540
 9269.779   0.997073
 9269.837   0.998219
 9269.896   0.999589
 9269.954   1.000896
 9270.013   1.002204
 9270.072   1.003704
 9270.130   1.005387
 9270.189   1.007089
 9270.247   1.008651
 9270.306   1.009894
 9270.365   1.010565
 9270.423   1.010555
 9270.482   1.010002
 9270.541   1.009104
 9270.599   1.007962
 9270.658   1.006726
 9270.716   1.005642
 9270.775   1.004888
 9270.834   1.004411
 9270.892   1.003887
 9270.951   1.002845
 9271.009   1.000871
 9271.068   0.997695
 9271.127   0.993249
 9271.185   0.987643
 9271.244   0.981070
 9271.303   0.973643
 9271.361   0.965509
 9271.420   0.957208
 9271.478   0.949649
 9271.537   0.943860
 9271.596   0.940586
 9271.654   0.940085
 9271.713   0.942129
 9271.771   0.946286
 9271.830   0.951880
 9271.889   0.958076
 9271.947   0.964073
 9272.006   0.969375
 9272.064   0.973753
 9272.123   0.977052
 9272.182   0.979090
 9272.240   0.979633
 9272.299   0.978522
 9272.358   0.975800
 9272.416   0.971982
 9272.475   0.968065
 9272.533   0.965202
 9272.592   0.964314
 9272.651   0.965826
 9272.709   0.969524
 9272.768   0.974586
 9272.826   0.980047
 9272.885   0.985130
 9272.944   0.989156
 9273.002   0.991533
 9273.061   0.992097
 9273.120   0.991169
 9273.178   0.989312
 9273.237   0.987233
 9273.295   0.985671
 9273.354   0.985119
 9273.413   0.985623
 9273.471   0.986959
 9273.530   0.988832
 9273.588   0.991012
 9273.647   0.993358
 9273.706   0.995785
 9273.764   0.998175
 9273.823   0.999929
 9273.881   1.001468
 9273.940   1.001638
 9273.999   1.002048
 9274.057   1.002231
 9274.116   1.002280
 9274.175   1.002033
 9274.233   1.001173
 9274.292   0.999368
 9274.350   0.996363
 9274.409   0.991989
 9274.468   0.986214
 9274.526   0.979134
 9274.585   0.971293
 9274.643   0.963764
 9274.702   0.957897
 9274.761   0.954661
 9274.819   0.954275
 9274.878   0.956112
 9274.937   0.958941
 9274.995   0.961158
 9275.054   0.960806
 9275.112   0.956043
 9275.171   0.945628
 9275.230   0.929279
 9275.288   0.907624
 9275.347   0.882700
 9275.405   0.857513
 9275.464   0.835320
 9275.523   0.819141
 9275.581   0.811468
 9275.640   0.813398
 9275.698   0.824424
 9275.757   0.843002
 9275.816   0.866503
 9275.874   0.891922
 9275.933   0.916639
 9275.992   0.938791
 9276.050   0.957168
 9276.109   0.971421
 9276.167   0.981739
 9276.226   0.988475
 9276.285   0.992133
 9276.343   0.993367
 9276.402   0.992653
 9276.460   0.990341
 9276.519   0.986782
 9276.578   0.982428
 9276.636   0.977800
 9276.695   0.973719
 9276.754   0.971134
 9276.812   0.970755
 9276.871   0.972627
 9276.929   0.976286
 9276.988   0.980924
 9277.047   0.985340
 9277.105   0.988197
 9277.164   0.988439
 9277.222   0.985401
 9277.281   0.978694
 9277.340   0.968407
 9277.398   0.955223
 9277.457   0.940682
 9277.515   0.927373
 9277.574   0.918176
 9277.633   0.915139
 9277.691   0.918811
 9277.750   0.928149
 9277.809   0.940448
 9277.867   0.952583
 9277.926   0.962225
 9277.984   0.968234
 9278.043   0.970505
 9278.102   0.970166
 9278.160   0.968882
 9278.219   0.967986
 9278.277   0.968304
 9278.336   0.970228
 9278.395   0.973451
 9278.453   0.977070
 9278.512   0.980349
 9278.570   0.982945
 9278.629   0.984646
 9278.688   0.985373
 9278.746   0.985452
 9278.805   0.985333
 9278.864   0.985256
 9278.922   0.985037
 9278.981   0.984175
 9279.039   0.981901
 9279.098   0.977667
 9279.157   0.971641
 9279.215   0.964807
 9279.274   0.958486
 9279.332   0.953929
 9279.391   0.951932
 9279.450   0.952591
 9279.508   0.955045
 9279.567   0.957861
 9279.626   0.959291
 9279.684   0.958045
 9279.743   0.953723
 9279.801   0.947006
 9279.860   0.939021
 9279.919   0.931264
 9279.977   0.925286
 9280.036   0.922307
 9280.094   0.922785
 9280.153   0.926697
 9280.212   0.933506
 9280.270   0.942126
 9280.329   0.951230
 9280.387   0.959616
 9280.446   0.966182
 9280.505   0.970172
 9280.563   0.971250
 9280.622   0.969307
 9280.681   0.964160
 9280.739   0.955436
 9280.798   0.942390
 9280.856   0.923417
 9280.915   0.896412
 9280.974   0.859475
 9281.032   0.812009
 9281.091   0.760641
 9281.149   0.716151
 9281.208   0.673243
 9281.267   0.657649
 9281.325   0.631128
 9281.384   0.623942
 9281.443   0.637625
 9281.501   0.669271
 9281.560   0.713671
 9281.618   0.763990
 9281.677   0.813057
 9281.736   0.855292
 9281.794   0.887735
 9281.853   0.908781
 9281.911   0.918019
 9281.970   0.916719
 9282.029   0.906959
 9282.087   0.891401
 9282.146   0.873153
 9282.204   0.855328
 9282.263   0.840081
 9282.322   0.828403
 9282.380   0.819819
 9282.439   0.813110
 9282.498   0.807437
 9282.556   0.803197
 9282.615   0.801858
 9282.673   0.805668
 9282.732   0.816411
 9282.791   0.834391
 9282.849   0.857692
 9282.908   0.883247
 9282.966   0.908051
 9283.025   0.929690
 9283.084   0.946531
 9283.142   0.958443
 9283.201   0.966521
 9283.260   0.972053
 9283.318   0.976168
 9283.377   0.979866
 9283.435   0.983773
 9283.494   0.987868
 9283.553   0.991780
 9283.611   0.995157
 9283.670   0.997843
 9283.728   0.999810
 9283.787   1.001015
 9283.846   1.001346
 9283.904   1.000705
 9283.963   0.999041
 9284.021   0.996326
 9284.080   0.992589
 9284.139   0.988090
 9284.197   0.983421
 9284.256   0.979399
 9284.315   0.976728
 9284.373   0.975466
 9284.432   0.975081
 9284.490   0.974922
 9284.549   0.974759
 9284.608   0.974723
 9284.666   0.975047
 9284.725   0.975699
 9284.783   0.976276
 9284.842   0.976119
 9284.901   0.974521
 9284.959   0.970985
 9285.018   0.965623
 9285.077   0.959196
 9285.135   0.953011
 9285.194   0.948553
 9285.252   0.947147
 9285.311   0.949650
 9285.370   0.956127
 9285.428   0.965395
 9285.487   0.975399
 9285.545   0.984290
 9285.604   0.991373
 9285.663   0.996714
 9285.721   1.000595
 9285.780   1.003290
 9285.838   1.005038
 9285.897   1.005953
 9285.956   1.006175
 9286.014   1.005764
 9286.073   1.004650
 9286.132   1.002619
 9286.190   0.999543
 9286.249   0.995417
 9286.307   0.990356
 9286.366   0.984605
 9286.425   0.978498
 9286.483   0.972429
 9286.542   0.966860
 9286.600   0.962128
 9286.659   0.958185
 9286.718   0.954633
 9286.776   0.951093
 9286.835   0.947002
 9286.894   0.941396
 9286.952   0.932765
 9287.011   0.919341
 9287.069   0.899638
 9287.128   0.873243
 9287.187   0.841053
 9287.245   0.805091
 9287.304   0.769159
 9287.362   0.738276
 9287.421   0.717666
 9287.480   0.711229
 9287.538   0.720559
 9287.597   0.743296
 9287.655   0.774651
 9287.714   0.809382
 9287.773   0.842667
 9287.831   0.870602
 9287.890   0.891687
 9287.949   0.906617
 9288.007   0.916829
 9288.066   0.924037
 9288.124   0.929996
 9288.183   0.935985
 9288.242   0.942524
 9288.300   0.949467
 9288.359   0.955939
 9288.417   0.960618
 9288.476   0.962156
 9288.535   0.959185
 9288.593   0.950382
 9288.652   0.934968
 9288.711   0.913355
 9288.769   0.886915
 9288.828   0.858318
 9288.886   0.831120
 9288.945   0.809302
 9289.004   0.796041
 9289.062   0.792919
 9289.121   0.798979
 9289.179   0.811829
 9289.238   0.828929
 9289.297   0.848029
 9289.355   0.867294
 9289.414   0.886091
 9289.472   0.904654
 9289.531   0.923133
 9289.590   0.941010
 9289.648   0.957379
 9289.707   0.971450
 9289.766   0.982735
 9289.824   0.990921
 9289.883   0.995841
 9289.941   0.997694
 9290.000   0.996949
