12866.480   0.998586
12866.591   0.998309
12866.702   0.998228
12866.812   0.998159
12866.923   0.997916
12867.034   0.997382
12867.144   0.996515
12867.255   0.995582
12867.366   0.994996
12867.476   0.995012
12867.587   0.995468
12867.698   0.995921
12867.809   0.996040
12867.919   0.995759
12868.030   0.995259
12868.141   0.994741
12868.251   0.994283
12868.362   0.993604
12868.473   0.991977
12868.583   0.988643
12868.694   0.983448
12868.805   0.977471
12868.915   0.972624
12869.026   0.970484
12869.137   0.971526
12869.247   0.974930
12869.358   0.979192
12869.469   0.982988
12869.579   0.985669
12869.690   0.987499
12869.801   0.989272
12869.911   0.991303
12870.022   0.993110
12870.133   0.994299
12870.244   0.994945
12870.354   0.995205
12870.465   0.995382
12870.576   0.995642
12870.686   0.995662
12870.797   0.995382
12870.908   0.995219
12871.018   0.995371
12871.129   0.995823
12871.240   0.996508
12871.350   0.997105
12871.461   0.997407
12871.572   0.997572
12871.682   0.997774
12871.793   0.998217
12871.904   0.998920
12872.014   0.999484
12872.125   0.999619
12872.236   0.999509
12872.347   0.999541
12872.457   0.999860
12872.568   1.000283
12872.679   1.000442
12872.789   1.000156
12872.900   0.999694
12873.011   0.999416
12873.121   0.999536
12873.232   1.000099
12873.343   1.000792
12873.453   1.001158
12873.564   1.001014
12873.675   1.000511
12873.785   0.999879
12873.896   0.999354
12874.007   0.999202
12874.117   0.999395
12874.228   0.999743
12874.339   1.000014
12874.449   0.999764
12874.560   0.999160
12874.671   0.998926
12874.782   0.999197
12874.892   0.999744
12875.003   1.000215
12875.114   1.000118
12875.224   0.999576
12875.335   0.999031
12875.446   0.998683
12875.556   0.998774
12875.667   0.999174
12875.778   0.999407
12875.888   0.999272
12875.999   0.998821
12876.110   0.998212
12876.220   0.997556
12876.331   0.997070
12876.442   0.996876
12876.552   0.996535
12876.663   0.995576
12876.774   0.994098
12876.885   0.992510
12876.995   0.991216
12877.106   0.990595
12877.217   0.990610
12877.327   0.991005
12877.438   0.991875
12877.549   0.993158
12877.659   0.994581
12877.770   0.995975
12877.881   0.996916
12877.991   0.996957
12878.102   0.995818
12878.213   0.993182
12878.323   0.988875
12878.434   0.982853
12878.545   0.975327
12878.655   0.967051
12878.766   0.959559
12878.877   0.954657
12878.987   0.953604
12879.098   0.952974
12879.209   0.960892
12879.320   0.970591
12879.430   0.980040
12879.541   0.987504
12879.652   0.992452
12879.762   0.995117
12879.873   0.996081
12879.984   0.996184
12880.094   0.996042
12880.205   0.995879
12880.316   0.995763
12880.426   0.995703
12880.537   0.995791
12880.648   0.996173
12880.758   0.996682
12880.869   0.996877
12880.980   0.996457
12881.090   0.995463
12881.201   0.994252
12881.312   0.993396
12881.423   0.993176
12881.533   0.993321
12881.644   0.993613
12881.755   0.993939
12881.865   0.994059
12881.976   0.993887
12882.087   0.993581
12882.197   0.993305
12882.308   0.993299
12882.419   0.993965
12882.529   0.995320
12882.640   0.996748
12882.751   0.997610
12882.861   0.997789
12882.972   0.997591
12883.083   0.997464
12883.193   0.997700
12883.304   0.998157
12883.415   0.998568
12883.526   0.998847
12883.636   0.999070
12883.747   0.999257
12883.858   0.999000
12883.968   0.997669
12884.079   0.994880
12884.190   0.990680
12884.300   0.985676
12884.411   0.981049
12884.522   0.978024
12884.632   0.976956
12884.743   0.977042
12884.854   0.975961
12884.964   0.970822
12885.075   0.960542
12885.186   0.946329
12885.296   0.932095
12885.407   0.922779
12885.518   0.921343
12885.628   0.928405
12885.739   0.933958
12885.850   0.945133
12885.961   0.963512
12886.071   0.977340
12886.182   0.986071
12886.293   0.990631
12886.403   0.992763
12886.514   0.993913
12886.625   0.994681
12886.735   0.995100
12886.846   0.994788
12886.957   0.993298
12887.067   0.990484
12887.178   0.986695
12887.289   0.982993
12887.399   0.980697
12887.510   0.980776
12887.621   0.983263
12887.731   0.987135
12887.842   0.991264
12887.953   0.994865
12888.064   0.997432
12888.174   0.998952
12888.285   0.999790
12888.396   1.000222
12888.506   1.000378
12888.617   1.000345
12888.728   1.000048
12888.838   0.999435
12888.949   0.998586
12889.060   0.997565
12889.170   0.996253
12889.281   0.994203
12889.392   0.990766
12889.502   0.985507
12889.613   0.978977
12889.724   0.972815
12889.834   0.969039
12889.945   0.969183
12890.056   0.973092
12890.166   0.979156
12890.277   0.985524
12890.388   0.990728
12890.499   0.994013
12890.609   0.995451
12890.720   0.995876
12890.831   0.996113
12890.941   0.996475
12891.052   0.996993
12891.163   0.997445
12891.273   0.997613
12891.384   0.997626
12891.495   0.997666
12891.605   0.997749
12891.716   0.997813
12891.827   0.997741
12891.937   0.997477
12892.048   0.997047
12892.159   0.996649
12892.269   0.996698
12892.380   0.997189
12892.491   0.997683
12892.602   0.998120
12892.712   0.998707
12892.823   0.999506
12892.934   1.000528
12893.044   1.001629
12893.155   1.002444
12893.266   1.002581
12893.376   1.001929
12893.487   1.000853
12893.598   0.999856
12893.708   0.999330
12893.819   0.999410
12893.930   0.999735
12894.040   0.999974
12894.151   1.000037
12894.262   0.999804
12894.372   0.999476
12894.483   0.999426
12894.594   0.999657
12894.704   1.000078
12894.815   1.000627
12894.926   1.000989
12895.037   1.000884
12895.147   1.000497
12895.258   1.000297
12895.369   1.000403
12895.479   1.000524
12895.590   1.000294
12895.701   0.999563
12895.811   0.998661
12895.922   0.997836
12896.033   0.996912
12896.143   0.995765
12896.254   0.994139
12896.365   0.991482
12896.475   0.987545
12896.586   0.982632
12896.697   0.977395
12896.807   0.973170
12896.918   0.971456
12897.029   0.972704
12897.140   0.976552
12897.250   0.981955
12897.361   0.987295
12897.472   0.991465
12897.582   0.994118
12897.693   0.995365
12897.804   0.995966
12897.914   0.996679
12898.025   0.997480
12898.136   0.997978
12898.246   0.997891
12898.357   0.997375
12898.468   0.996820
12898.578   0.996269
12898.689   0.995611
12898.800   0.994421
12898.910   0.991949
12899.021   0.988059
12899.132   0.983548
12899.242   0.980012
12899.353   0.978997
12899.464   0.980974
12899.575   0.985328
12899.685   0.990727
12899.796   0.995871
12899.907   0.999949
12900.017   1.002621
12900.128   1.003869
12900.239   1.003809
12900.349   1.002738
12900.460   1.001223
12900.571   0.999845
12900.681   0.998920
12900.792   0.998631
12900.903   0.998742
12901.013   0.998730
12901.124   0.998521
12901.235   0.998287
12901.345   0.998261
12901.456   0.998544
12901.567   0.998841
12901.678   0.999249
12901.788   1.000458
12901.899   1.002780
12902.010   1.005669
12902.120   1.008285
12902.231   1.009662
12902.342   1.009035
12902.452   1.006685
12902.563   1.003484
12902.674   1.000382
12902.784   0.998086
12902.895   0.996740
12903.006   0.996306
12903.116   0.996518
12903.227   0.996941
12903.338   0.997381
12903.448   0.997704
12903.559   0.997821
12903.670   0.997948
12903.781   0.998277
12903.891   0.998792
12904.002   0.999455
12904.113   1.000016
12904.223   1.000209
12904.334   1.000281
12904.445   1.000582
12904.555   1.000770
12904.666   1.000203
12904.777   0.998899
12904.887   0.997368
12904.998   0.996297
12905.109   0.996265
12905.219   0.996954
12905.330   0.997724
12905.441   0.998378
12905.551   0.998691
12905.662   0.998446
12905.773   0.997414
12905.883   0.995255
12905.994   0.992026
12906.105   0.988487
12906.216   0.985875
12906.326   0.985131
12906.437   0.986517
12906.548   0.989343
12906.658   0.992177
12906.769   0.994252
12906.880   0.995413
12906.990   0.995446
12907.101   0.994696
12907.212   0.993990
12907.322   0.993711
12907.433   0.993676
12907.544   0.993783
12907.654   0.994348
12907.765   0.995513
12907.876   0.996617
12907.986   0.997062
12908.097   0.997051
12908.208   0.996925
12908.319   0.996845
12908.429   0.996866
12908.540   0.996819
12908.651   0.996602
12908.761   0.996385
12908.872   0.996360
12908.983   0.996556
12909.093   0.996814
12909.204   0.996963
12909.315   0.996941
12909.425   0.996649
12909.536   0.996182
12909.647   0.995861
12909.757   0.995851
12909.868   0.996216
12909.979   0.996862
12910.089   0.997495
12910.200   0.997716
12910.311   0.997335
12910.421   0.996810
12910.532   0.996729
12910.643   0.997125
12910.754   0.997605
12910.864   0.997835
12910.975   0.997922
12911.086   0.998109
12911.196   0.998282
12911.307   0.998056
12911.418   0.997188
12911.528   0.996043
12911.639   0.995260
12911.750   0.995068
12911.860   0.995316
12911.971   0.995520
12912.082   0.995275
12912.192   0.994711
12912.303   0.994007
12912.414   0.993154
12912.524   0.992000
12912.635   0.990456
12912.746   0.988899
12912.857   0.987641
12912.967   0.986484
12913.078   0.984990
12913.189   0.982480
12913.299   0.977492
12913.410   0.967776
12913.521   0.951910
12913.631   0.930600
12913.742   0.908331
12913.853   0.892009
12913.963   0.886853
12914.074   0.895105
12914.185   0.914157
12914.295   0.937662
12914.406   0.959698
12914.517   0.976520
12914.627   0.987212
12914.738   0.992948
12914.849   0.995500
12914.959   0.996281
12915.070   0.996077
12915.181   0.995148
12915.292   0.993667
12915.402   0.992071
12915.513   0.991070
12915.624   0.991331
12915.734   0.992995
12915.845   0.995552
12915.956   0.997909
12916.066   0.999212
12916.177   0.999495
12916.288   0.999187
12916.398   0.998542
12916.509   0.997187
12916.620   0.993818
12916.730   0.987424
12916.841   0.978286
12916.952   0.968180
12917.062   0.960519
12917.173   0.957958
12917.284   0.961286
12917.395   0.969765
12917.505   0.980434
12917.616   0.990163
12917.727   0.997186
12917.837   1.000808
12917.948   1.001579
12918.059   1.000501
12918.169   0.998264
12918.280   0.995376
12918.391   0.992110
12918.501   0.988606
12918.612   0.985267
12918.723   0.982817
12918.833   0.982053
12918.944   0.983201
12919.055   0.985722
12919.165   0.988673
12919.276   0.991064
12919.387   0.992405
12919.497   0.992628
12919.608   0.991824
12919.719   0.990514
12919.830   0.989513
12919.940   0.989302
12920.051   0.989869
12920.162   0.991126
12920.272   0.993058
12920.383   0.995415
12920.494   0.997566
12920.604   0.998990
12920.715   0.999658
12920.826   0.999834
12920.936   0.999932
12921.047   1.000276
12921.158   1.000740
12921.268   1.000988
12921.379   1.000871
12921.490   1.000481
12921.600   1.000079
12921.711   0.999942
12921.822   1.000022
12921.933   0.999877
12922.043   0.998949
12922.154   0.996744
12922.265   0.993193
12922.375   0.988858
12922.486   0.984521
12922.597   0.980328
12922.707   0.975270
12922.818   0.968467
12922.929   0.959919
12923.039   0.950429
12923.150   0.942893
12923.261   0.940772
12923.371   0.945588
12923.482   0.956301
12923.593   0.969214
12923.703   0.980723
12923.814   0.989102
12923.925   0.993995
12924.036   0.996366
12924.146   0.997438
12924.257   0.997913
12924.368   0.998215
12924.478   0.998413
12924.589   0.998564
12924.700   0.998814
12924.810   0.999215
12924.921   0.999894
12925.032   1.000708
12925.142   1.001247
12925.253   1.001354
12925.364   1.001098
12925.474   1.000658
12925.585   1.000263
12925.696   0.999710
12925.806   0.998454
12925.917   0.996239
12926.028   0.993080
12926.138   0.989436
12926.249   0.986183
12926.360   0.984199
12926.471   0.984299
12926.581   0.986554
12926.692   0.990071
12926.803   0.993731
12926.913   0.996821
12927.024   0.999183
12927.135   1.000840
12927.245   1.001739
12927.356   1.001972
12927.467   1.001778
12927.577   1.001184
12927.688   1.000131
12927.799   0.998723
12927.909   0.997060
12928.020   0.995289
12928.131   0.993866
12928.241   0.993174
12928.352   0.993455
12928.463   0.994858
12928.574   0.996866
12928.684   0.998792
12928.795   1.000209
12928.906   1.000620
12929.016   0.999887
12929.127   0.998698
12929.238   0.997859
12929.348   0.997553
12929.459   0.997656
12929.570   0.997864
12929.680   0.997954
12929.791   0.998155
12929.902   0.998483
12930.012   0.998574
12930.123   0.998290
12930.234   0.997865
12930.344   0.997600
12930.455   0.997616
12930.566   0.997790
12930.676   0.997936
12930.787   0.998074
12930.898   0.998330
12931.009   0.998755
12931.119   0.999284
12931.230   0.999719
12931.341   0.999815
12931.451   0.999579
12931.562   0.999371
12931.673   0.999472
12931.783   0.999819
12931.894   1.000145
12932.005   1.000042
12932.115   0.999426
12932.226   0.998779
12932.337   0.998414
12932.447   0.998265
12932.558   0.998175
12932.669   0.997981
12932.779   0.997853
12932.890   0.998192
12933.001   0.999009
12933.112   0.999748
12933.222   0.999933
12933.333   0.999682
12933.444   0.999217
12933.554   0.998614
12933.665   0.998051
12933.776   0.997661
12933.886   0.997475
12933.997   0.997447
12934.108   0.997267
12934.218   0.996461
12934.329   0.994686
12934.440   0.991386
12934.550   0.985892
12934.661   0.978084
12934.772   0.968920
12934.882   0.961077
12934.993   0.957468
12935.104   0.959523
12935.214   0.966515
12935.325   0.975493
12935.436   0.983635
12935.547   0.989508
12935.657   0.992595
12935.768   0.993275
12935.879   0.992078
12935.989   0.989276
12936.100   0.985834
12936.211   0.983085
12936.321   0.981750
12936.432   0.982340
12936.543   0.984759
12936.653   0.988094
12936.764   0.991501
12936.875   0.994186
12936.985   0.995437
12937.096   0.995280
12937.207   0.993892
12937.317   0.990694
12937.428   0.985214
12937.539   0.977996
12937.650   0.971085
12937.760   0.967255
12937.871   0.967979
12937.982   0.973057
12938.092   0.980650
12938.203   0.988149
12938.314   0.993928
12938.424   0.997580
12938.535   0.999455
12938.646   1.000120
12938.756   1.000124
12938.867   0.999932
12938.978   0.999660
12939.088   0.999392
12939.199   0.999369
12939.310   0.999514
12939.420   0.999645
12939.531   0.999805
12939.642   1.000031
12939.752   1.000384
12939.863   1.000845
12939.974   1.001088
12940.085   1.000918
12940.195   1.000388
12940.306   0.999556
12940.417   0.998681
12940.527   0.998062
12940.638   0.997786
12940.749   0.997884
12940.859   0.998118
12940.970   0.998115
12941.081   0.997984
12941.191   0.998066
12941.302   0.998200
12941.413   0.997881
12941.523   0.997022
12941.634   0.995975
12941.745   0.995134
12941.855   0.994709
12941.966   0.994338
12942.077   0.993397
12942.188   0.991722
12942.298   0.989530
12942.409   0.987189
12942.520   0.985231
12942.630   0.984253
12942.741   0.984459
12942.852   0.985484
12942.962   0.986967
12943.073   0.988480
12943.184   0.989732
12943.294   0.991144
12943.405   0.992886
12943.516   0.994595
12943.626   0.995958
12943.737   0.996578
12943.848   0.996349
12943.958   0.995421
12944.069   0.993616
12944.180   0.990672
12944.290   0.986597
12944.401   0.982226
12944.512   0.978824
12944.623   0.977273
12944.733   0.978123
12944.844   0.981212
12944.955   0.985528
12945.065   0.989700
12945.176   0.992783
12945.287   0.994607
12945.397   0.995281
12945.508   0.994906
12945.619   0.993589
12945.729   0.991024
12945.840   0.986531
12945.951   0.980004
12946.061   0.972473
12946.172   0.966309
12946.283   0.964020
12946.393   0.966526
12946.504   0.972887
12946.615   0.980771
12946.726   0.988021
12946.836   0.993429
12946.947   0.996322
12947.058   0.996894
12947.168   0.996082
12947.279   0.994895
12947.390   0.994183
12947.500   0.994186
12947.611   0.994429
12947.722   0.994438
12947.832   0.994149
12947.943   0.993826
12948.054   0.993739
12948.164   0.994035
12948.275   0.994888
12948.386   0.996184
12948.496   0.997400
12948.607   0.998133
12948.718   0.998127
12948.829   0.997552
12948.939   0.997519
12949.050   0.998542
12949.161   0.999538
12949.271   0.999740
12949.382   0.999336
12949.493   0.998497
12949.603   0.997453
12949.714   0.996497
12949.825   0.995847
12949.935   0.995589
12950.046   0.995328
12950.157   0.994688
12950.267   0.993710
12950.378   0.992488
12950.489   0.991398
12950.599   0.990796
12950.710   0.990434
12950.821   0.989625
12950.931   0.986947
12951.042   0.980825
12951.153   0.969831
12951.264   0.953199
12951.374   0.933320
12951.485   0.915056
12951.596   0.904356
12951.706   0.905857
12951.817   0.918881
12951.928   0.938594
12952.038   0.958688
12952.149   0.974134
12952.260   0.983641
12952.370   0.988447
12952.481   0.990283
12952.592   0.990217
12952.702   0.988141
12952.813   0.983421
12952.924   0.975539
12953.034   0.964258
12953.145   0.949542
12953.256   0.931827
12953.367   0.912718
12953.477   0.895778
12953.588   0.886027
12953.699   0.886780
12953.809   0.898623
12953.920   0.919248
12954.031   0.943068
12954.141   0.964292
12954.252   0.979503
12954.363   0.988295
12954.473   0.992542
12954.584   0.994130
12954.695   0.994070
12954.805   0.992559
12954.916   0.988841
12955.027   0.982212
12955.137   0.973008
12955.248   0.963216
12955.359   0.955943
12955.469   0.953745
12955.580   0.957393
12955.691   0.965116
12955.802   0.974099
12955.912   0.982178
12956.023   0.988006
12956.134   0.991456
12956.244   0.993343
12956.355   0.994560
12956.466   0.995734
12956.576   0.997024
12956.687   0.997924
12956.798   0.997833
12956.908   0.996992
12957.019   0.996114
12957.130   0.995716
12957.240   0.996177
12957.351   0.997097
12957.462   0.997536
12957.572   0.997209
12957.683   0.996181
12957.794   0.994528
12957.905   0.992370
12958.015   0.989536
12958.126   0.986013
12958.237   0.982468
12958.347   0.979944
12958.458   0.979128
12958.569   0.980118
12958.679   0.982785
12958.790   0.986529
12958.901   0.990444
12959.011   0.993867
12959.122   0.996490
12959.233   0.998416
12959.343   0.999971
12959.454   1.001499
12959.565   1.002899
12959.675   1.003719
12959.786   1.003941
12959.897   1.003837
12960.007   1.003550
12960.118   1.003069
12960.229   1.001911
12960.340   0.999200
12960.450   0.994614
12960.561   0.988665
12960.672   0.982714
12960.782   0.978776
12960.893   0.978185
12961.004   0.981033
12961.114   0.986305
12961.225   0.992273
12961.336   0.997490
12961.446   1.001225
12961.557   1.003313
12961.668   1.004111
12961.778   1.004183
12961.889   1.003827
12962.000   1.003241
12962.110   1.002649
12962.221   1.001888
12962.332   1.000131
12962.443   0.995809
12962.553   0.987822
12962.664   0.977131
12962.775   0.965977
12962.885   0.957414
12962.996   0.954426
12963.107   0.957890
12963.217   0.966610
12963.328   0.977748
12963.439   0.988079
12963.549   0.995856
12963.660   1.000826
12963.771   1.003614
12963.881   1.005085
12963.992   1.005498
12964.103   1.004221
12964.213   1.000233
12964.324   0.993450
12964.435   0.984966
12964.545   0.976486
12964.656   0.970658
12964.767   0.969699
12964.878   0.973863
12964.988   0.981653
12965.099   0.990269
12965.210   0.997004
12965.320   1.000587
12965.431   1.000564
12965.542   0.996277
12965.652   0.987674
12965.763   0.975706
12965.874   0.962799
12965.984   0.953038
12966.095   0.949613
12966.206   0.953545
12966.316   0.963526
12966.427   0.975966
12966.538   0.987101
12966.648   0.994859
12966.759   0.999054
12966.870   1.000844
12966.981   1.001804
12967.091   1.002662
12967.202   1.003162
12967.313   1.003067
12967.423   1.002548
12967.534   1.002045
12967.645   1.001935
12967.755   1.002210
12967.866   1.002611
12967.977   1.002728
12968.087   1.002221
12968.198   1.001198
12968.309   0.999873
12968.419   0.998372
12968.530   0.996807
12968.641   0.994467
12968.751   0.990065
12968.862   0.982533
12968.973   0.969587
12969.084   0.948235
12969.194   0.916723
12969.305   0.876269
12969.416   0.834409
12969.526   0.802571
12969.637   0.791050
12969.748   0.804400
12969.858   0.837372
12969.969   0.878791
12970.080   0.917081
12970.190   0.943660
12970.301   0.954852
12970.412   0.950975
12970.522   0.934491
12970.633   0.910200
12970.744   0.886107
12970.854   0.870473
12970.965   0.869218
12971.076   0.883799
12971.186   0.909447
12971.297   0.938241
12971.408   0.963192
12971.519   0.980310
12971.629   0.989530
12971.740   0.993418
12971.851   0.994593
12971.961   0.994743
12972.072   0.994664
12972.183   0.994687
12972.293   0.995020
12972.404   0.995551
12972.515   0.996126
12972.625   0.996704
12972.736   0.997129
12972.847   0.997132
12972.957   0.996431
12973.068   0.995007
12973.179   0.993454
12973.289   0.992665
12973.400   0.992849
12973.511   0.993398
12973.622   0.993836
12973.732   0.994168
12973.843   0.994542
12973.954   0.995131
12974.064   0.995918
12974.175   0.996423
12974.286   0.996167
12974.396   0.995029
12974.507   0.993200
12974.618   0.991264
12974.728   0.989763
12974.839   0.988936
12974.950   0.988709
12975.060   0.988634
12975.171   0.988140
12975.282   0.986167
12975.392   0.981318
12975.503   0.972635
12975.614   0.960407
12975.724   0.947311
12975.835   0.937513
12975.946   0.934670
12976.057   0.939941
12976.167   0.951016
12976.278   0.964142
12976.389   0.976083
12976.499   0.984908
12976.610   0.990492
12976.721   0.993887
12976.831   0.996182
12976.942   0.997649
12977.053   0.998047
12977.163   0.997643
12977.274   0.996992
12977.385   0.996345
12977.495   0.995835
12977.606   0.995481
12977.717   0.995124
12977.827   0.994787
12977.938   0.994516
12978.049   0.993954
12978.160   0.992938
12978.270   0.991936
12978.381   0.991172
12978.492   0.989691
12978.602   0.986383
12978.713   0.981119
12978.824   0.973943
12978.934   0.965522
12979.045   0.958072
12979.156   0.954324
12979.266   0.955757
12979.377   0.961394
12979.488   0.968993
12979.598   0.976745
12979.709   0.983341
12979.820   0.988243
12979.930   0.991726
12980.041   0.994145
12980.152   0.995775
12980.262   0.996781
12980.373   0.997150
12980.484   0.996903
12980.595   0.996300
12980.705   0.995898
12980.816   0.995960
12980.927   0.996353
12981.037   0.996966
12981.148   0.997529
12981.259   0.997873
12981.369   0.998194
12981.480   0.998398
12981.591   0.998191
12981.701   0.997781
12981.812   0.997671
12981.923   0.998150
12982.033   0.999126
12982.144   1.000152
12982.255   1.000809
12982.365   1.001085
12982.476   1.001203
12982.587   1.001110
12982.698   1.000676
12982.808   1.000072
12982.919   0.999458
12983.030   0.998841
12983.140   0.998257
12983.251   0.997725
12983.362   0.997225
12983.472   0.996785
12983.583   0.996525
12983.694   0.996666
12983.804   0.997242
12983.915   0.997994
12984.026   0.998672
12984.136   0.999083
12984.247   0.999248
12984.358   0.999311
12984.468   0.999227
12984.579   0.998990
12984.690   0.998682
12984.800   0.998376
12984.911   0.998246
12985.022   0.998477
12985.133   0.998885
12985.243   0.998988
12985.354   0.998758
12985.465   0.998652
12985.575   0.998936
12985.686   0.999588
12985.797   1.000299
12985.907   1.000559
12986.018   1.000289
12986.129   0.999884
12986.239   0.999621
12986.350   0.999614
12986.461   0.999790
12986.571   0.999783
12986.682   0.999537
12986.793   0.999414
12986.903   0.999441
12987.014   0.999401
12987.125   0.999323
12987.236   0.999309
12987.346   0.999319
12987.457   0.999289
12987.568   0.999233
12987.678   0.999145
12987.789   0.999037
12987.900   0.998884
12988.010   0.998416
12988.121   0.997394
12988.232   0.996071
12988.342   0.994903
12988.453   0.993959
12988.564   0.993255
12988.674   0.993014
12988.785   0.993481
12988.896   0.994783
12989.006   0.996570
12989.117   0.998066
12989.228   0.998647
12989.339   0.998265
12989.449   0.997387
12989.560   0.996600
12989.671   0.996110
12989.781   0.995577
12989.892   0.994693
12990.003   0.993651
12990.113   0.992639
12990.224   0.991263
12990.335   0.988988
12990.445   0.984825
12990.556   0.976743
12990.667   0.961365
12990.777   0.934376
12990.888   0.894809
12990.999   0.847827
12991.109   0.804746
12991.220   0.780121
12991.331   0.783231
12991.441   0.813123
12991.552   0.859487
12991.663   0.907274
12991.774   0.944690
12991.884   0.967678
12991.995   0.978561
12992.106   0.982509
12992.216   0.983996
12992.327   0.985076
12992.438   0.986102
12992.548   0.987297
12992.659   0.989073
12992.770   0.991023
12992.880   0.992372
12992.991   0.992831
12993.102   0.992326
12993.212   0.990546
12993.323   0.986146
12993.434   0.977063
12993.544   0.960970
12993.655   0.936725
12993.766   0.907488
12993.877   0.880769
12993.987   0.865969
12994.098   0.869559
12994.209   0.890293
12994.319   0.920428
12994.430   0.950303
12994.541   0.972816
12994.651   0.986000
12994.762   0.991544
12994.873   0.992381
12994.983   0.991481
12995.094   0.990796
12995.205   0.991286
12995.315   0.992926
12995.426   0.994657
12995.537   0.995697
12995.647   0.996041
12995.758   0.996009
12995.869   0.995926
12995.979   0.995757
12996.090   0.995282
12996.201   0.994444
12996.312   0.993268
12996.422   0.991703
12996.533   0.989855
12996.644   0.988192
12996.754   0.987208
12996.865   0.987063
12996.976   0.987508
12997.086   0.988090
12997.197   0.988527
12997.308   0.989000
12997.418   0.989996
12997.529   0.991851
12997.640   0.994332
12997.750   0.996453
12997.861   0.997351
12997.972   0.997293
12998.082   0.997087
12998.193   0.996962
12998.304   0.996610
12998.415   0.996246
12998.525   0.996644
12998.636   0.997692
12998.747   0.998510
12998.857   0.998762
12998.968   0.998493
12999.079   0.997597
12999.189   0.996114
12999.300   0.994564
12999.411   0.993348
12999.521   0.992455
12999.632   0.991841
12999.743   0.991118
12999.853   0.989808
12999.964   0.987350
13000.075   0.982598
13000.185   0.973590
13000.296   0.956702
13000.407   0.928272
13000.517   0.887044
13000.628   0.837029
13000.739   0.789684
13000.850   0.759001
13000.960   0.755583
13001.071   0.781858
13001.182   0.828586
13001.292   0.880435
13001.403   0.924591
13001.514   0.954614
13001.624   0.971359
13001.735   0.979561
13001.846   0.983389
13001.956   0.985450
13002.067   0.986542
13002.178   0.986219
13002.288   0.983973
13002.399   0.978886
13002.510   0.969594
13002.620   0.955359
13002.731   0.936201
13002.842   0.913587
13002.953   0.891173
13003.063   0.874185
13003.174   0.868069
13003.285   0.875709
13003.395   0.895473
13003.506   0.921752
13003.617   0.947471
13003.727   0.967645
13003.838   0.980853
13003.949   0.988144
13004.059   0.991714
13004.170   0.993556
13004.281   0.994807
13004.391   0.996041
13004.502   0.997223
13004.613   0.997898
13004.723   0.997783
13004.834   0.996766
13004.945   0.995021
13005.055   0.992861
13005.166   0.990178
13005.277   0.987098
13005.388   0.984443
13005.498   0.983050
13005.609   0.983361
13005.720   0.985079
13005.830   0.987237
13005.941   0.988845
13006.052   0.989116
13006.162   0.987489
13006.273   0.983267
13006.384   0.975442
13006.494   0.962258
13006.605   0.940212
13006.716   0.906181
13006.826   0.860572
13006.937   0.809614
13007.048   0.766030
13007.158   0.743513
13007.269   0.749694
13007.380   0.782597
13007.491   0.830962
13007.601   0.880492
13007.712   0.920919
13007.823   0.948140
13007.933   0.963568
13008.044   0.971192
13008.155   0.974614
13008.265   0.976463
13008.376   0.978269
13008.487   0.980693
13008.597   0.983771
13008.708   0.987119
13008.819   0.990337
13008.929   0.993134
13009.040   0.995183
13009.151   0.996137
13009.261   0.996299
13009.372   0.996408
13009.483   0.996469
13009.593   0.995910
13009.704   0.994503
13009.815   0.992644
13009.926   0.990947
13010.036   0.989584
13010.147   0.988193
13010.258   0.986477
13010.368   0.985056
13010.479   0.985252
13010.590   0.987518
13010.700   0.990989
13010.811   0.994316
13010.922   0.996494
13011.032   0.997541
13011.143   0.998153
13011.254   0.998657
13011.364   0.998880
13011.475   0.998909
13011.586   0.999053
13011.696   0.999280
13011.807   0.999480
13011.918   0.999648
13012.029   0.999695
13012.139   0.999733
13012.250   0.999848
13012.361   0.999691
13012.471   0.999144
13012.582   0.998625
13012.693   0.998472
13012.803   0.998589
13012.914   0.998775
13013.025   0.998898
13013.135   0.998790
13013.246   0.998495
13013.357   0.998084
13013.467   0.997494
13013.578   0.997011
13013.689   0.997053
13013.799   0.997356
13013.910   0.997263
13014.021   0.996792
13014.132   0.996707
13014.242   0.997471
13014.353   0.998874
13014.464   1.000422
13014.574   1.001479
13014.685   1.001748
13014.796   1.001542
13014.906   1.001180
13015.017   1.000874
13015.128   1.000958
13015.238   1.001476
13015.349   1.001933
13015.460   1.001944
13015.570   1.001616
13015.681   1.001144
13015.792   1.000659
13015.902   1.000338
13016.013   1.000125
13016.124   0.999796
13016.234   0.999654
13016.345   1.000047
13016.456   1.000506
13016.567   1.000576
13016.677   1.000465
13016.788   1.000615
13016.899   1.001097
13017.009   1.001568
13017.120   1.001879
13017.231   1.002118
13017.341   1.002311
13017.452   1.002485
13017.563   1.002826
13017.673   1.003821
13017.784   1.006050
13017.895   1.009268
13018.005   1.012101
13018.116   1.013127
13018.227   1.012008
13018.337   1.009282
13018.448   1.005635
13018.559   1.001847
13018.670   0.998234
13018.780   0.994364
13018.891   0.989050
13019.002   0.980021
13019.112   0.965063
13019.223   0.943706
13019.334   0.918450
13019.444   0.894768
13019.555   0.879413
13019.666   0.877601
13019.776   0.890140
13019.887   0.912993
13019.998   0.939463
13020.108   0.962928
13020.219   0.979376
13020.330   0.988798
13020.440   0.993634
13020.551   0.996100
13020.662   0.997198
13020.772   0.997522
13020.883   0.997915
13020.994   0.998703
13021.105   0.999506
13021.215   1.000130
13021.326   1.000691
13021.437   1.001043
13021.547   1.000901
13021.658   1.000487
13021.769   1.000297
13021.879   1.000164
13021.990   0.999750
13022.101   0.999345
13022.211   0.999223
13022.322   0.999401
13022.433   0.999803
13022.543   0.999871
13022.654   0.999086
13022.765   0.997944
13022.875   0.997178
13022.986   0.996680
13023.097   0.996104
13023.208   0.995092
13023.318   0.993318
13023.429   0.990785
13023.540   0.987084
13023.650   0.981423
13023.761   0.973162
13023.872   0.961329
13023.982   0.944992
13024.093   0.923768
13024.204   0.896865
13024.314   0.864013
13024.425   0.827511
13024.536   0.793273
13024.646   0.771069
13024.757   0.770305
13024.868   0.793669
13024.978   0.835420
13025.089   0.883716
13025.200   0.926298
13025.310   0.956681
13025.421   0.974572
13025.532   0.983531
13025.643   0.988140
13025.753   0.991119
13025.864   0.993378
13025.975   0.994975
13026.085   0.995688
13026.196   0.995862
13026.307   0.996275
13026.417   0.997011
13026.528   0.997742
13026.639   0.998527
13026.749   0.999419
13026.860   1.000403
13026.971   1.001457
13027.081   1.002026
13027.192   1.001303
13027.303   0.999706
13027.413   0.998669
13027.524   0.998561
13027.635   0.998740
13027.746   0.998646
13027.856   0.997890
13027.967   0.996877
13028.078   0.996556
13028.188   0.996869
13028.299   0.997045
13028.410   0.996859
13028.520   0.996331
13028.631   0.995384
13028.742   0.994231
13028.852   0.993145
13028.963   0.992262
13029.074   0.991743
13029.184   0.991612
13029.295   0.991755
13029.406   0.992039
13029.516   0.992184
13029.627   0.991966
13029.738   0.991562
13029.848   0.991222
13029.959   0.991102
13030.070   0.991224
13030.181   0.990979
13030.291   0.989563
13030.402   0.986507
13030.513   0.981425
13030.623   0.973071
13030.734   0.957879
13030.845   0.930467
13030.955   0.886058
13031.066   0.825257
13031.177   0.758502
13031.287   0.703971
13031.398   0.680386
13031.509   0.697206
13031.619   0.748213
13031.730   0.815993
13031.841   0.880957
13031.951   0.929663
13032.062   0.959534
13032.173   0.974973
13032.284   0.982235
13032.394   0.986413
13032.505   0.989434
13032.616   0.991582
13032.726   0.993178
13032.837   0.994429
13032.948   0.995206
13033.058   0.995363
13033.169   0.995193
13033.280   0.995200
13033.390   0.995468
13033.501   0.995687
13033.612   0.995558
13033.722   0.995107
13033.833   0.994669
13033.944   0.994337
13034.054   0.993977
13034.165   0.993699
13034.276   0.993581
13034.387   0.993587
13034.497   0.993720
13034.608   0.993823
13034.719   0.993931
13034.829   0.994251
13034.940   0.994493
13035.051   0.994269
13035.161   0.993783
13035.272   0.993322
13035.383   0.992592
13035.493   0.991281
13035.604   0.989725
13035.715   0.988138
13035.825   0.985618
13035.936   0.980782
13036.047   0.972178
13036.157   0.957644
13036.268   0.935087
13036.379   0.904122
13036.489   0.867319
13036.600   0.830910
13036.711   0.803174
13036.822   0.790522
13036.932   0.795014
13037.043   0.814350
13037.154   0.843605
13037.264   0.877169
13037.375   0.909462
13037.486   0.936222
13037.596   0.955400
13037.707   0.966990
13037.818   0.972427
13037.928   0.973505
13038.039   0.970959
13038.150   0.963053
13038.260   0.946039
13038.371   0.917383
13038.482   0.877852
13038.592   0.829879
13038.703   0.776380
13038.814   0.721397
13038.925   0.669247
13039.035   0.623477
13039.146   0.589772
13039.257   0.577377
13039.367   0.594128
13039.478   0.641395
13039.589   0.711310
13039.699   0.787496
13039.810   0.853745
13039.921   0.901663
13040.031   0.930356
13040.142   0.943205
13040.253   0.943684
13040.363   0.933326
13040.474   0.913149
13040.585   0.886045
13040.695   0.857769
13040.806   0.835215
13040.917   0.823183
13041.027   0.822364
13041.138   0.828821
13041.249   0.836461
13041.360   0.842688
13041.470   0.849653
13041.581   0.861499
13041.692   0.881545
13041.802   0.908495
13041.913   0.936482
13042.024   0.960004
13042.134   0.976441
13042.245   0.985956
13042.356   0.990724
13042.466   0.993059
13042.577   0.994396
13042.688   0.995551
13042.798   0.997147
13042.909   0.999052
13043.020   1.000228
13043.130   1.000363
13043.241   1.000146
13043.352   1.000050
13043.463   1.000230
13043.573   1.000520
13043.684   1.000245
13043.795   0.999263
13043.905   0.998481
13044.016   0.998377
13044.127   0.998620
13044.237   0.998970
13044.348   0.999202
13044.459   0.999127
13044.569   0.998597
13044.680   0.997625
13044.791   0.996808
13044.901   0.996602
13045.012   0.996863
13045.123   0.997165
13045.233   0.996887
13045.344   0.995713
13045.455   0.993667
13045.565   0.990591
13045.676   0.986329
13045.787   0.981040
13045.898   0.975475
13046.008   0.971010
13046.119   0.969035
13046.230   0.970575
13046.340   0.975631
13046.451   0.982558
13046.562   0.989104
13046.672   0.993624
13046.783   0.995715
13046.894   0.996222
13047.004   0.996144
13047.115   0.996148
13047.226   0.996442
13047.336   0.996695
13047.447   0.996894
13047.558   0.997382
13047.668   0.998143
13047.779   0.998889
13047.890   0.999311
13048.001   0.999175
13048.111   0.998682
13048.222   0.998554
13048.333   0.999045
13048.443   0.999367
13048.554   0.999135
13048.665   0.999270
13048.775   1.000655
13048.886   1.003023
13048.997   1.005442
13049.107   1.006957
13049.218   1.007144
13049.329   1.006483
13049.439   1.005528
13049.550   1.004455
13049.661   1.003491
13049.771   1.002617
13049.882   1.001608
13049.993   1.000420
13050.103   0.999063
13050.214   0.997638
13050.325   0.996429
13050.436   0.995695
13050.546   0.995184
13050.657   0.994285
13050.768   0.993018
13050.878   0.991905
13050.989   0.990857
13051.100   0.989357
13051.210   0.986894
13051.321   0.982228
13051.432   0.973543
13051.542   0.958678
13051.653   0.934925
13051.764   0.901623
13051.874   0.863087
13051.985   0.828307
13052.096   0.808457
13052.206   0.811029
13052.317   0.835207
13052.428   0.873051
13052.539   0.913142
13052.649   0.946390
13052.760   0.969131
13052.871   0.982028
13052.981   0.988345
13053.092   0.991307
13053.203   0.993053
13053.313   0.994655
13053.424   0.995878
13053.535   0.996212
13053.645   0.995995
13053.756   0.995733
13053.867   0.995608
13053.977   0.995803
13054.088   0.996175
13054.199   0.996257
13054.309   0.995533
13054.420   0.993591
13054.531   0.990404
13054.641   0.986058
13054.752   0.980482
13054.863   0.974138
13054.974   0.968479
13055.084   0.965352
13055.195   0.966215
13055.306   0.971064
13055.416   0.978206
13055.527   0.985506
13055.638   0.991258
13055.748   0.994884
13055.859   0.997180
13055.970   0.998970
13056.080   1.000247
13056.191   1.000777
13056.302   1.000537
13056.412   0.999827
13056.523   0.999184
13056.634   0.998899
13056.744   0.998970
13056.855   0.999291
13056.966   0.999672
13057.077   1.000001
13057.187   1.000149
13057.298   0.999886
13057.409   0.999239
13057.519   0.998566
13057.630   0.998243
13057.741   0.998391
13057.851   0.998863
13057.962   0.999556
13058.073   1.000359
13058.183   1.000889
13058.294   1.000905
13058.405   1.000277
13058.515   0.998972
13058.626   0.997944
13058.737   0.998070
13058.847   0.998825
13058.958   0.999415
13059.069   0.999446
13059.180   0.998933
13059.290   0.998454
13059.401   0.998439
13059.512   0.998670
13059.622   0.998634
13059.733   0.998045
13059.844   0.997136
13059.954   0.996432
13060.065   0.996049
13060.176   0.995460
13060.286   0.994298
13060.397   0.992586
13060.508   0.990139
13060.618   0.986408
13060.729   0.980271
13060.840   0.970588
13060.950   0.957800
13061.061   0.944229
13061.172   0.933036
13061.282   0.927023
13061.393   0.927178
13061.504   0.932111
13061.615   0.938329
13061.725   0.941745
13061.836   0.939789
13061.947   0.931282
13062.057   0.915478
13062.168   0.890754
13062.279   0.853882
13062.389   0.801911
13062.500   0.734919
13062.611   0.658033
13062.721   0.581566
13062.832   0.518998
13062.943   0.483932
13063.053   0.485945
13063.164   0.526402
13063.275   0.597621
13063.385   0.684780
13063.496   0.770948
13063.607   0.843202
13063.718   0.895771
13063.828   0.929803
13063.939   0.950053
13064.050   0.961685
13064.160   0.968274
13064.271   0.971819
13064.382   0.973454
13064.492   0.972865
13064.603   0.968352
13064.714   0.957761
13064.824   0.939286
13064.935   0.912823
13065.046   0.882234
13065.156   0.855587
13065.267   0.841497
13065.378   0.845193
13065.488   0.865528
13065.599   0.895025
13065.710   0.924619
13065.820   0.947558
13065.931   0.961998
13066.042   0.970679
13066.153   0.976820
13066.263   0.981931
13066.374   0.986129
13066.485   0.988887
13066.595   0.990009
13066.706   0.990218
13066.817   0.990293
13066.927   0.990171
13067.038   0.989254
13067.149   0.986783
13067.259   0.982023
13067.370   0.973770
13067.481   0.959702
13067.591   0.936709
13067.702   0.902164
13067.813   0.857348
13067.923   0.810752
13068.034   0.775705
13068.145   0.764155
13068.256   0.780945
13068.366   0.820524
13068.477   0.870104
13068.588   0.916079
13068.698   0.949510
13068.809   0.968539
13068.920   0.975611
13069.030   0.974916
13069.141   0.970509
13069.252   0.964731
13069.362   0.959464
13069.473   0.957394
13069.584   0.960503
13069.694   0.968017
13069.805   0.977431
13069.916   0.986094
13070.026   0.992118
13070.137   0.995555
13070.248   0.997493
13070.358   0.998299
13070.469   0.997829
13070.580   0.996350
13070.691   0.994598
13070.801   0.993327
13070.912   0.992925
13071.023   0.993385
13071.133   0.994690
13071.244   0.996902
13071.355   0.999588
13071.465   1.001764
13071.576   1.002803
13071.687   1.002849
13071.797   1.002637
13071.908   1.003077
13072.019   1.004215
13072.129   1.004867
13072.240   1.004378
13072.351   1.003551
13072.461   1.003025
13072.572   1.002575
13072.683   1.001915
13072.794   1.000882
13072.904   0.999546
13073.015   0.998473
13073.126   0.998124
13073.236   0.998222
13073.347   0.998270
13073.458   0.998245
13073.568   0.998206
13073.679   0.998053
13073.790   0.997929
13073.900   0.997937
13074.011   0.997953
13074.122   0.998008
13074.232   0.997916
13074.343   0.997288
13074.454   0.996420
13074.564   0.995965
13074.675   0.996066
13074.786   0.996460
13074.896   0.996757
13075.007   0.996582
13075.118   0.995890
13075.229   0.994917
13075.339   0.993935
13075.450   0.993135
13075.561   0.992404
13075.671   0.991433
13075.782   0.990088
13075.893   0.988469
13076.003   0.986793
13076.114   0.985117
13076.225   0.983097
13076.335   0.980024
13076.446   0.974869
13076.557   0.966704
13076.667   0.954883
13076.778   0.937818
13076.889   0.911424
13076.999   0.869443
13077.110   0.806399
13077.221   0.721650
13077.332   0.624089
13077.442   0.532758
13077.553   0.471421
13077.664   0.458548
13077.774   0.498141
13077.885   0.577902
13077.996   0.674611
13078.106   0.766010
13078.217   0.839085
13078.328   0.890887
13078.438   0.924916
13078.549   0.946286
13078.660   0.959850
13078.770   0.968738
13078.881   0.974481
13078.992   0.978497
13079.102   0.981955
13079.213   0.985125
13079.324   0.987693
13079.435   0.989232
13079.545   0.989593
13079.656   0.989427
13079.767   0.989584
13079.877   0.990392
13079.988   0.992004
13080.099   0.994143
13080.209   0.995834
13080.320   0.996425
13080.431   0.996098
13080.541   0.995483
13080.652   0.995158
13080.763   0.995215
13080.873   0.995585
13080.984   0.996565
13081.095   0.998427
13081.205   1.000934
13081.316   1.003538
13081.427   1.005426
13081.537   1.005722
13081.648   1.004211
13081.759   1.001220
13081.870   0.997078
13081.980   0.992444
13082.091   0.988512
13082.202   0.986401
13082.312   0.986563
13082.423   0.988490
13082.534   0.991056
13082.644   0.993346
13082.755   0.994674
13082.866   0.994816
13082.976   0.994581
13083.087   0.994667
13083.198   0.994875
13083.308   0.994632
13083.419   0.993001
13083.530   0.989154
13083.640   0.983136
13083.751   0.975446
13083.862   0.966695
13083.973   0.957936
13084.083   0.950894
13084.194   0.947605
13084.305   0.949440
13084.415   0.956023
13084.526   0.965330
13084.637   0.974862
13084.747   0.982432
13084.858   0.987187
13084.969   0.989814
13085.079   0.991252
13085.190   0.992114
13085.301   0.992538
13085.411   0.992202
13085.522   0.991135
13085.633   0.989710
13085.743   0.987973
13085.854   0.985804
13085.965   0.982693
13086.075   0.977975
13086.186   0.972184
13086.297   0.966129
13086.408   0.959333
13086.518   0.951363
13086.629   0.943333
13086.740   0.937775
13086.850   0.937331
13086.961   0.942858
13087.072   0.952949
13087.182   0.964897
13087.293   0.975191
13087.404   0.981080
13087.514   0.982818
13087.625   0.982463
13087.736   0.981318
13087.846   0.979886
13087.957   0.978631
13088.068   0.977324
13088.178   0.975426
13088.289   0.973247
13088.400   0.971132
13088.511   0.969777
13088.621   0.970671
13088.732   0.973815
13088.843   0.977840
13088.953   0.982228
13089.064   0.986979
13089.175   0.991799
13089.285   0.996047
13089.396   0.998811
13089.507   0.999552
13089.617   0.998700
13089.728   0.997286
13089.839   0.996110
13089.949   0.995786
13090.060   0.996432
13090.171   0.997717
13090.281   0.999724
13090.392   1.002357
13090.503   1.004825
13090.613   1.006065
13090.724   1.005859
13090.835   1.005403
13090.946   1.005567
13091.056   1.005643
13091.167   1.004712
13091.278   1.002773
13091.388   1.000045
13091.499   0.997055
13091.610   0.994675
13091.720   0.992972
13091.831   0.991642
13091.942   0.990445
13092.052   0.988022
13092.163   0.982679
13092.274   0.973678
13092.384   0.959525
13092.495   0.936374
13092.606   0.898371
13092.716   0.840556
13092.827   0.762377
13092.938   0.670288
13093.049   0.579102
13093.159   0.509840
13093.270   0.482793
13093.381   0.506833
13093.491   0.575110
13093.602   0.668822
13093.713   0.764976
13093.823   0.846138
13093.934   0.905220
13094.045   0.942945
13094.155   0.964034
13094.266   0.975277
13094.377   0.981757
13094.487   0.985458
13094.598   0.987110
13094.709   0.986240
13094.819   0.981160
13094.930   0.970035
13095.041   0.952265
13095.151   0.929572
13095.262   0.905261
13095.373   0.882040
13095.484   0.860374
13095.594   0.838103
13095.705   0.811420
13095.816   0.778128
13095.926   0.741949
13096.037   0.713863
13096.148   0.706530
13096.258   0.726403
13096.369   0.770486
13096.480   0.827550
13096.590   0.883500
13096.701   0.927693
13096.812   0.956431
13096.922   0.971869
13097.033   0.979577
13097.144   0.985546
13097.254   0.992016
13097.365   0.998179
13097.476   1.002755
13097.587   1.004357
13097.697   1.003261
13097.808   1.002060
13097.919   1.002675
13098.029   1.004870
13098.140   1.007054
13098.251   1.007412
13098.361   1.005501
13098.472   1.002425
13098.583   0.999742
13098.693   0.998076
13098.804   0.996273
13098.915   0.993308
13099.025   0.990148
13099.136   0.988612
13099.247   0.989882
13099.357   0.993484
13099.468   0.997466
13099.579   1.000320
13099.690   1.001534
13099.800   1.001056
13099.911   0.999789
13100.022   0.998934
13100.132   0.998131
13100.243   0.996202
13100.354   0.993154
13100.464   0.989398
13100.575   0.984266
13100.686   0.976939
13100.796   0.967040
13100.907   0.952869
13101.018   0.929829
13101.128   0.892132
13101.239   0.835470
13101.350   0.759572
13101.460   0.672278
13101.571   0.589100
13101.682   0.530357
13101.792   0.513573
13101.903   0.543582
13102.014   0.611659
13102.125   0.698701
13102.235   0.783188
13102.346   0.848897
13102.457   0.888263
13102.567   0.902005
13102.678   0.894956
13102.789   0.874391
13102.899   0.849876
13103.010   0.832977
13103.121   0.832814
13103.231   0.850932
13103.342   0.882273
13103.453   0.918340
13103.563   0.950573
13103.674   0.973947
13103.785   0.988078
13103.895   0.995082
13104.006   0.997934
13104.117   0.999436
13104.228   1.000920
13104.338   1.002307
13104.449   1.002533
13104.560   1.000983
13104.670   0.999187
13104.781   0.998871
13104.892   0.998506
13105.002   0.994793
13105.113   0.986694
13105.224   0.975339
13105.334   0.961997
13105.445   0.948679
13105.556   0.939433
13105.666   0.938065
13105.777   0.944775
13105.888   0.956815
13105.998   0.970716
13106.109   0.983080
13106.220   0.991203
13106.330   0.994114
13106.441   0.991554
13106.552   0.982775
13106.663   0.968027
13106.773   0.948617
13106.884   0.927026
13106.995   0.907953
13107.105   0.896592
13107.216   0.896061
13107.327   0.906246
13107.437   0.923827
13107.548   0.943448
13107.659   0.960531
13107.769   0.972771
13107.880   0.979825
13107.991   0.983328
13108.101   0.985391
13108.212   0.986853
13108.323   0.988087
13108.433   0.989599
13108.544   0.991091
13108.655   0.991669
13108.766   0.990908
13108.876   0.988908
13108.987   0.986000
13109.098   0.983142
13109.208   0.981335
13109.319   0.980665
13109.430   0.981089
13109.540   0.982663
13109.651   0.984989
13109.762   0.987584
13109.872   0.990080
13109.983   0.992007
13110.094   0.992974
13110.204   0.993004
13110.315   0.992609
13110.426   0.992475
13110.536   0.992639
13110.647   0.992492
13110.758   0.992185
13110.868   0.992387
13110.979   0.992790
13111.090   0.993036
13111.201   0.993325
13111.311   0.993447
13111.422   0.993377
13111.533   0.993193
13111.643   0.992507
13111.754   0.991620
13111.865   0.991380
13111.975   0.991798
13112.086   0.992319
13112.197   0.992691
13112.307   0.993035
13112.418   0.993661
13112.529   0.994472
13112.639   0.994840
13112.750   0.994633
13112.861   0.994224
13112.971   0.994055
13113.082   0.994555
13113.193   0.995410
13113.304   0.995868
13113.414   0.995799
13113.525   0.995639
13113.636   0.995933
13113.746   0.996768
13113.857   0.997624
13113.968   0.998203
13114.078   0.998603
13114.189   0.998834
13114.300   0.998954
13114.410   0.998896
13114.521   0.998413
13114.632   0.997785
13114.742   0.997677
13114.853   0.998218
13114.964   0.998882
13115.074   0.999069
13115.185   0.998762
13115.296   0.998461
13115.406   0.998369
13115.517   0.998234
13115.628   0.997796
13115.739   0.996826
13115.849   0.995108
13115.960   0.992693
13116.071   0.990018
13116.181   0.987941
13116.292   0.987448
13116.403   0.988793
13116.513   0.991386
13116.624   0.994155
13116.735   0.996059
13116.845   0.997079
13116.956   0.997613
13117.067   0.997403
13117.177   0.996343
13117.288   0.994869
13117.399   0.993263
13117.509   0.990983
13117.620   0.986643
13117.731   0.978792
13117.842   0.966239
13117.952   0.948818
13118.063   0.928215
13118.174   0.907496
13118.284   0.890115
13118.395   0.878088
13118.506   0.869936
13118.616   0.859938
13118.727   0.840466
13118.838   0.806306
13118.948   0.758222
13119.059   0.705848
13119.170   0.664649
13119.280   0.649186
13119.391   0.667110
13119.502   0.714497
13119.612   0.778548
13119.723   0.843236
13119.834   0.896140
13119.944   0.933007
13120.055   0.955726
13120.166   0.968846
13120.277   0.976395
13120.387   0.980624
13120.498   0.982299
13120.609   0.981032
13120.719   0.975960
13120.830   0.966125
13120.941   0.950581
13121.051   0.929718
13121.162   0.906809
13121.273   0.887921
13121.383   0.879129
13121.494   0.883706
13121.605   0.900724
13121.715   0.924906
13121.826   0.949378
13121.937   0.968852
13122.047   0.981206
13122.158   0.987300
13122.269   0.989507
13122.380   0.990206
13122.490   0.991013
13122.601   0.992566
13122.712   0.994606
13122.822   0.996593
13122.933   0.998201
13123.044   0.999358
13123.154   0.999965
13123.265   0.999849
13123.376   0.998990
13123.486   0.997421
13123.597   0.995238
13123.708   0.992717
13123.818   0.990400
13123.929   0.989206
13124.040   0.989981
13124.150   0.992503
13124.261   0.995280
13124.372   0.996975
13124.483   0.997271
13124.593   0.996374
13124.704   0.994813
13124.815   0.992881
13124.925   0.990032
13125.036   0.985501
13125.147   0.978463
13125.257   0.967476
13125.368   0.949708
13125.479   0.921190
13125.589   0.878104
13125.700   0.818904
13125.811   0.748089
13125.921   0.677122
13126.032   0.623522
13126.143   0.603788
13126.253   0.624484
13126.364   0.680266
13126.475   0.754779
13126.585   0.829231
13126.696   0.890561
13126.807   0.933595
13126.918   0.960400
13127.028   0.976162
13127.139   0.985760
13127.250   0.991889
13127.360   0.995407
13127.471   0.996837
13127.582   0.996721
13127.692   0.995333
13127.803   0.992775
13127.914   0.989223
13128.024   0.985199
13128.135   0.981540
13128.246   0.978629
13128.356   0.975295
13128.467   0.968247
13128.578   0.953664
13128.688   0.929325
13128.799   0.896522
13128.910   0.861520
13129.021   0.834271
13129.131   0.824250
13129.242   0.835044
13129.353   0.862941
13129.463   0.899632
13129.574   0.935608
13129.685   0.963888
13129.795   0.982362
13129.906   0.993017
13130.017   0.998910
13130.127   1.002246
13130.238   1.004111
13130.349   1.004933
13130.459   1.005005
13130.570   1.004634
13130.681   1.004080
13130.791   1.003391
13130.902   1.002444
13131.013   1.001060
13131.123   0.999285
13131.234   0.997571
13131.345   0.996145
13131.456   0.994669
13131.566   0.992758
13131.677   0.990105
13131.788   0.986544
13131.898   0.982001
13132.009   0.975710
13132.120   0.966012
13132.230   0.951162
13132.341   0.928688
13132.452   0.895130
13132.562   0.846502
13132.673   0.779511
13132.784   0.693996
13132.894   0.594627
13133.005   0.491251
13133.116   0.395962
13133.226   0.321109
13133.337   0.276856
13133.448   0.270394
13133.559   0.304743
13133.669   0.376495
13133.780   0.475834
13133.891   0.586616
13134.001   0.692568
13134.112   0.781824
13134.223   0.848856
13134.333   0.895035
13134.444   0.924984
13134.555   0.944034
13134.665   0.956643
13134.776   0.965762
13134.887   0.973097
13134.997   0.979385
13135.108   0.984540
13135.219   0.988361
13135.329   0.991346
13135.440   0.993990
13135.551   0.996204
13135.661   0.997771
13135.772   0.997983
13135.883   0.995976
13135.994   0.991617
13136.104   0.984277
13136.215   0.972633
13136.326   0.956850
13136.436   0.939940
13136.547   0.926732
13136.658   0.921877
13136.768   0.927401
13136.879   0.941150
13136.990   0.958818
13137.100   0.976064
13137.211   0.989642
13137.322   0.998336
13137.432   1.002735
13137.543   1.004394
13137.654   1.004701
13137.764   1.004401
13137.875   1.003482
13137.986   1.001336
13138.097   0.997148
13138.207   0.989488
13138.318   0.976483
13138.429   0.956090
13138.539   0.926682
13138.650   0.888618
13138.761   0.845267
13138.871   0.804343
13138.982   0.776097
13139.093   0.769649
13139.203   0.788314
13139.314   0.826328
13139.425   0.872991
13139.535   0.917378
13139.646   0.952154
13139.757   0.975629
13139.867   0.989391
13139.978   0.996132
13140.089   0.998726
13140.199   0.999187
13140.310   0.998458
13140.421   0.997120
13140.532   0.995557
13140.642   0.994039
13140.753   0.992776
13140.864   0.991515
13140.974   0.989126
13141.085   0.983770
13141.196   0.973368
13141.306   0.955731
13141.417   0.929638
13141.528   0.896271
13141.638   0.860943
13141.749   0.832263
13141.860   0.818160
13141.970   0.822977
13142.081   0.844777
13142.192   0.876038
13142.302   0.907830
13142.413   0.933591
13142.524   0.951090
13142.635   0.961536
13142.745   0.967555
13142.856   0.971697
13142.967   0.975976
13143.077   0.980999
13143.188   0.985366
13143.299   0.987072
13143.409   0.984320
13143.520   0.975951
13143.631   0.961462
13143.741   0.939563
13143.852   0.908948
13143.963   0.871142
13144.073   0.832488
13144.184   0.802227
13144.295   0.788722
13144.405   0.795497
13144.516   0.818820
13144.627   0.850276
13144.738   0.880126
13144.848   0.900624
13144.959   0.906985
13145.070   0.896713
13145.180   0.869203
13145.291   0.826491
13145.402   0.776001
13145.512   0.730185
13145.623   0.704113
13145.734   0.708209
13145.844   0.742303
13145.955   0.796663
13146.066   0.855531
13146.176   0.905527
13146.287   0.940744
13146.398   0.961254
13146.508   0.970706
13146.619   0.973683
13146.730   0.973905
13146.840   0.973954
13146.951   0.975355
13147.062   0.978210
13147.173   0.981815
13147.283   0.985527
13147.394   0.988700
13147.505   0.990634
13147.615   0.990809
13147.726   0.989477
13147.837   0.987459
13147.947   0.985279
13148.058   0.983597
13148.169   0.983295
13148.279   0.984678
13148.390   0.987249
13148.501   0.989682
13148.611   0.990434
13148.722   0.988896
13148.833   0.985532
13148.943   0.980839
13149.054   0.974878
13149.165   0.967782
13149.276   0.959950
13149.386   0.951176
13149.497   0.939336
13149.608   0.921014
13149.718   0.892808
13149.829   0.853210
13149.940   0.805890
13150.050   0.759761
13150.161   0.727825
13150.272   0.721452
13150.382   0.743350
13150.493   0.787429
13150.604   0.840769
13150.714   0.890303
13150.825   0.928657
13150.936   0.953972
13151.046   0.968257
13151.157   0.974846
13151.268   0.976671
13151.378   0.976056
13151.489   0.974590
13151.600   0.972178
13151.711   0.967682
13151.821   0.960693
13151.932   0.951986
13152.043   0.942269
13152.153   0.930422
13152.264   0.913273
13152.375   0.885996
13152.485   0.844179
13152.596   0.787776
13152.707   0.725408
13152.817   0.672954
13152.928   0.646105
13153.039   0.654771
13153.149   0.696875
13153.260   0.759159
13153.371   0.825228
13153.481   0.881576
13153.592   0.922195
13153.703   0.948101
13153.814   0.963362
13153.924   0.972136
13154.035   0.977588
13154.146   0.981244
13154.256   0.982422
13154.367   0.979610
13154.478   0.971973
13154.588   0.959240
13154.699   0.942625
13154.810   0.925419
13154.920   0.912222
13155.031   0.907489
13155.142   0.913288
13155.252   0.928253
13155.363   0.947851
13155.474   0.966752
13155.584   0.981292
13155.695   0.990446
13155.806   0.995392
13155.916   0.997655
13156.027   0.998305
13156.138   0.998171
13156.249   0.998048
13156.359   0.998464
13156.470   0.999461
13156.581   1.000728
13156.691   1.001736
13156.802   1.002430
13156.913   1.003163
13157.023   1.003929
13157.134   1.004509
13157.245   1.004588
13157.355   1.003917
13157.466   1.002564
13157.577   1.000495
13157.687   0.997527
13157.798   0.993189
13157.909   0.986547
13158.019   0.976626
13158.130   0.962716
13158.241   0.945364
13158.352   0.927627
13158.462   0.914168
13158.573   0.909212
13158.684   0.915102
13158.794   0.930314
13158.905   0.949956
13159.016   0.968734
13159.126   0.982903
13159.237   0.991544
13159.348   0.995933
13159.458   0.997806
13159.569   0.998415
13159.680   0.998565
13159.790   0.998899
13159.901   0.999453
13160.012   0.999965
13160.122   1.000489
13160.233   1.000871
13160.344   1.000696
13160.454   0.999814
13160.565   0.998438
13160.676   0.996977
13160.787   0.995905
13160.897   0.995586
13161.008   0.995919
13161.119   0.996478
13161.229   0.997069
13161.340   0.997700
13161.451   0.998363
13161.561   0.999085
13161.672   0.999653
13161.783   0.999988
13161.893   1.000421
13162.004   1.000748
13162.115   1.000511
13162.225   0.999929
13162.336   0.999402
13162.447   0.999091
13162.557   0.998830
13162.668   0.997972
13162.779   0.996206
13162.890   0.994291
13163.000   0.993156
13163.111   0.992960
13163.222   0.993251
13163.332   0.993356
13163.443   0.992924
13163.554   0.992233
13163.664   0.991539
13163.775   0.990675
13163.886   0.989558
13163.996   0.988351
13164.107   0.987118
13164.218   0.985812
13164.328   0.984390
13164.439   0.982621
13164.550   0.980030
13164.660   0.976226
13164.771   0.971045
13164.882   0.964192
13164.992   0.954813
13165.103   0.941194
13165.214   0.921100
13165.325   0.891603
13165.435   0.849080
13165.546   0.789975
13165.657   0.712385
13165.767   0.620557
13165.878   0.525470
13165.989   0.445383
13166.099   0.399850
13166.210   0.399441
13166.321   0.444550
13166.431   0.521500
13166.542   0.608608
13166.653   0.685867
13166.763   0.739133
13166.874   0.766334
13166.985   0.774981
13167.095   0.777090
13167.206   0.783932
13167.317   0.801247
13167.428   0.829126
13167.538   0.863070
13167.649   0.896997
13167.760   0.926272
13167.870   0.948687
13167.981   0.964215
13168.092   0.974226
13168.202   0.980719
13168.313   0.985097
13168.424   0.987926
13168.534   0.989351
13168.645   0.989176
13168.756   0.987222
13168.866   0.983662
13168.977   0.979132
13169.088   0.974605
13169.198   0.970600
13169.309   0.967334
13169.420   0.965569
13169.531   0.966227
13169.641   0.969850
13169.752   0.976003
13169.863   0.982804
13169.973   0.988272
13170.084   0.991873
13170.195   0.994082
13170.305   0.995418
13170.416   0.996164
13170.527   0.996293
13170.637   0.995855
13170.748   0.995524
13170.859   0.996017
13170.969   0.997269
13171.080   0.998716
13171.191   0.999880
13171.301   1.000609
13171.412   1.001068
13171.523   1.001446
13171.633   1.001726
13171.744   1.001697
13171.855   1.001252
13171.966   1.000674
13172.076   1.000486
13172.187   1.000961
13172.298   1.001833
13172.408   1.002605
13172.519   1.002838
13172.630   1.002563
13172.740   1.002393
13172.851   1.002303
13172.962   1.001496
13173.072   0.999995
13173.183   0.998673
13173.294   0.997961
13173.404   0.997665
13173.515   0.997425
13173.626   0.996968
13173.736   0.996452
13173.847   0.996435
13173.958   0.997095
13174.069   0.997905
13174.179   0.998453
13174.290   0.998820
13174.401   0.999110
13174.511   0.999454
13174.622   0.999777
13174.733   0.999532
13174.843   0.998421
13174.954   0.996869
13175.065   0.995363
13175.175   0.993594
13175.286   0.990710
13175.397   0.986132
13175.507   0.979887
13175.618   0.972432
13175.729   0.964560
13175.839   0.957927
13175.950   0.954586
13176.061   0.955620
13176.171   0.960525
13176.282   0.967489
13176.393   0.974472
13176.504   0.980362
13176.614   0.985041
13176.725   0.988729
13176.836   0.991609
13176.946   0.993616
13177.057   0.994777
13177.168   0.995334
13177.278   0.995207
13177.389   0.994379
13177.500   0.993093
13177.610   0.991443
13177.721   0.989747
13177.832   0.988223
13177.942   0.986464
13178.053   0.984030
13178.164   0.980951
13178.274   0.977497
13178.385   0.973303
13178.496   0.967387
13178.607   0.958335
13178.717   0.943503
13178.828   0.918100
13178.939   0.877066
13179.049   0.816834
13179.160   0.737276
13179.271   0.646613
13179.381   0.559992
13179.492   0.497722
13179.603   0.477328
13179.713   0.503476
13179.824   0.568570
13179.935   0.654127
13180.045   0.740214
13180.156   0.813716
13180.267   0.868985
13180.377   0.907208
13180.488   0.932360
13180.599   0.948620
13180.709   0.959348
13180.820   0.966476
13180.931   0.970976
13181.042   0.973535
13181.152   0.973757
13181.263   0.969871
13181.374   0.960863
13181.484   0.946540
13181.595   0.926354
13181.706   0.901220
13181.816   0.875744
13181.927   0.856855
13182.038   0.849734
13182.148   0.856120
13182.259   0.873805
13182.370   0.897121
13182.480   0.920252
13182.591   0.939369
13182.702   0.952554
13182.812   0.959512
13182.923   0.961198
13183.034   0.959331
13183.145   0.955969
13183.255   0.952752
13183.366   0.950523
13183.477   0.949277
13183.587   0.947413
13183.698   0.941783
13183.809   0.927943
13183.919   0.900846
13184.030   0.855541
13184.141   0.789581
13184.251   0.707267
13184.362   0.619281
13184.473   0.544194
13184.583   0.502259
13184.694   0.505076
13184.805   0.552927
13184.915   0.631644
13185.026   0.720444
13185.137   0.801170
13185.247   0.863213
13185.358   0.906099
13185.469   0.933737
13185.580   0.950876
13185.690   0.961803
13185.801   0.968766
13185.912   0.972942
13186.022   0.975297
13186.133   0.976693
13186.244   0.978384
13186.354   0.980824
13186.465   0.983513
13186.576   0.986384
13186.686   0.989440
13186.797   0.992269
13186.908   0.994389
13187.018   0.995590
13187.129   0.995972
13187.240   0.996278
13187.350   0.997393
13187.461   0.998880
13187.572   0.999496
13187.683   0.998638
13187.793   0.996837
13187.904   0.995261
13188.015   0.994442
13188.125   0.993900
13188.236   0.992795
13188.347   0.990830
13188.457   0.988065
13188.568   0.984224
13188.679   0.979308
13188.789   0.973037
13188.900   0.964158
13189.011   0.950980
13189.121   0.931635
13189.232   0.905019
13189.343   0.870685
13189.453   0.829498
13189.564   0.785261
13189.675   0.743534
13189.786   0.708679
13189.896   0.681770
13190.007   0.660542
13190.118   0.642256
13190.228   0.627556
13190.339   0.621650
13190.450   0.629808
13190.560   0.650896
13190.671   0.678231
13190.782   0.703110
13190.892   0.718922
13191.003   0.727259
13191.114   0.736877
13191.224   0.756805
13191.335   0.790690
13191.446   0.834254
13191.556   0.878539
13191.667   0.915619
13191.778   0.942133
13191.888   0.959379
13191.999   0.970555
13192.110   0.978384
13192.221   0.984403
13192.331   0.988977
13192.442   0.992173
13192.553   0.994720
13192.663   0.996934
13192.774   0.998437
13192.885   0.999388
13192.995   1.000060
13193.106   1.000492
13193.217   1.000955
13193.327   1.001603
13193.438   1.002026
13193.549   1.001613
13193.659   1.000674
13193.770   1.000140
13193.881   1.000325
13193.991   1.000930
13194.102   1.001303
13194.213   1.001504
13194.324   1.002173
13194.434   1.002512
13194.545   1.001377
13194.656   0.999337
13194.766   0.997398
13194.877   0.996154
13194.988   0.995567
13195.098   0.994085
13195.209   0.991870
13195.320   0.989446
13195.430   0.987607
13195.541   0.985966
13195.652   0.984078
13195.762   0.982068
13195.873   0.979923
13195.984   0.977029
13196.094   0.972507
13196.205   0.965262
13196.316   0.953890
13196.426   0.936726
13196.537   0.912171
13196.648   0.878627
13196.759   0.835009
13196.869   0.781447
13196.980   0.719162
13197.091   0.650743
13197.201   0.580373
13197.312   0.515622
13197.423   0.466568
13197.533   0.444919
13197.644   0.457560
13197.755   0.501687
13197.865   0.568595
13197.976   0.644572
13198.087   0.717394
13198.197   0.780164
13198.308   0.829525
13198.419   0.865492
13198.529   0.890930
13198.640   0.910264
13198.751   0.925830
13198.862   0.937545
13198.972   0.945835
13199.083   0.951421
13199.194   0.953982
13199.304   0.952583
13199.415   0.945871
13199.526   0.932118
13199.636   0.908398
13199.747   0.871125
13199.858   0.820910
13199.968   0.763682
13200.079   0.710715
13200.190   0.675259
13200.300   0.666107
13200.411   0.686056
13200.522   0.727999
13200.632   0.779338
13200.743   0.828978
13200.854   0.868540
13200.964   0.894858
13201.075   0.909751
13201.186   0.918302
13201.297   0.925210
13201.407   0.932956
13201.518   0.942541
13201.629   0.953231
13201.739   0.963466
13201.850   0.972214
13201.961   0.979307
13202.071   0.984840
13202.182   0.988904
13202.293   0.991733
13202.403   0.993604
13202.514   0.995215
13202.625   0.997070
13202.735   0.998732
13202.846   0.999699
13202.957   0.999838
13203.067   0.999516
13203.178   0.999620
13203.289   1.000089
13203.400   0.999807
13203.510   0.998513
13203.621   0.996896
13203.732   0.995804
13203.842   0.996080
13203.953   0.997451
13204.064   0.998606
13204.174   0.998749
13204.285   0.997586
13204.396   0.995531
13204.506   0.993641
13204.617   0.992207
13204.728   0.991207
13204.838   0.990819
13204.949   0.990911
13205.060   0.991731
13205.170   0.993627
13205.281   0.995886
13205.392   0.997306
13205.502   0.997059
13205.613   0.995243
13205.724   0.993238
13205.835   0.992068
13205.945   0.990500
13206.056   0.986365
13206.167   0.978348
13206.277   0.965597
13206.388   0.948041
