 9560.000   0.622204
 9560.072   0.662777
 9560.143   0.710782
 9560.215   0.760873
 9560.287   0.807896
 9560.358   0.848386
 9560.430   0.880401
 9560.501   0.902568
 9560.573   0.913853
 9560.645   0.913963
 9560.716   0.904384
 9560.788   0.887869
 9560.860   0.869429
 9560.931   0.854811
 9561.003   0.847572
 9561.075   0.849209
 9561.146   0.858930
 9561.218   0.873446
 9561.289   0.889461
 9561.361   0.905191
 9561.433   0.920171
 9561.504   0.935169
 9561.576   0.950772
 9561.648   0.966057
 9561.719   0.979267
 9561.791   0.988951
 9561.863   0.994345
 9561.934   0.995917
 9562.006   0.995491
 9562.077   0.994686
 9562.149   0.994152
 9562.221   0.994179
 9562.292   0.994891
 9562.364   0.996397
 9562.436   0.998507
 9562.507   1.000627
 9562.579   1.002234
 9562.651   1.003004
 9562.722   1.002866
 9562.794   1.002379
 9562.866   1.002163
 9562.937   1.002140
 9563.009   1.001921
 9563.080   1.001337
 9563.152   1.000399
 9563.224   0.999309
 9563.295   0.998457
 9563.367   0.997977
 9563.439   0.997525
 9563.510   0.996806
 9563.582   0.996158
 9563.654   0.996212
 9563.725   0.997179
 9563.797   0.998644
 9563.868   0.999913
 9563.940   1.000479
 9564.012   1.000161
 9564.083   0.999025
 9564.155   0.997170
 9564.227   0.994529
 9564.298   0.990709
 9564.370   0.984999
 9564.442   0.976607
 9564.513   0.964670
 9564.585   0.948283
 9564.656   0.926741
 9564.728   0.899735
 9564.800   0.867303
 9564.871   0.830984
 9564.943   0.793371
 9565.015   0.757595
 9565.086   0.727711
 9565.158   0.707558
 9565.230   0.700113
 9565.301   0.707552
 9565.373   0.729337
 9565.444   0.763108
 9565.516   0.804181
 9565.588   0.846086
 9565.659   0.882980
 9565.731   0.910674
 9565.803   0.926714
 9565.874   0.931029
 9565.946   0.924341
 9566.018   0.907590
 9566.089   0.881557
 9566.161   0.848273
 9566.232   0.811155
 9566.304   0.775183
 9566.376   0.747581
 9566.447   0.734852
 9566.519   0.739914
 9566.591   0.762663
 9566.662   0.797236
 9566.734   0.835146
 9566.806   0.869144
 9566.877   0.893626
 9566.949   0.905555
 9567.021   0.904877
 9567.092   0.892326
 9567.164   0.868560
 9567.235   0.834373
 9567.307   0.791998
 9567.379   0.744626
 9567.450   0.698148
 9567.522   0.661088
 9567.594   0.640629
 9567.665   0.641448
 9567.737   0.665067
 9567.809   0.706339
 9567.880   0.757262
 9567.952   0.809070
 9568.023   0.853838
 9568.095   0.887670
 9568.167   0.659802
 9568.238   0.499733
 9568.310   0.653022
 9568.382   0.802343
 9568.453   0.643141
 9568.525  -0.063823
 9568.597  -0.802615
 9568.668  -0.601744
 9568.740   0.545567
 9568.811   1.435822
 9568.883   1.325902
 9568.955   0.803647
 9569.026   0.533427
 9569.098   0.505093
 9569.170   0.500337
 9569.241   0.468656
 9569.313   0.469403
 9569.385   0.525076
 9569.456   0.609214
 9569.528   0.696968
 9569.599   0.778883
 9569.671   0.849515
 9569.743   0.905401
 9569.814   0.945389
 9569.886   0.971876
 9569.958   0.988764
 9570.029   0.999047
 9570.101   1.004713
 9570.173   1.007331
 9570.244   1.007938
 9570.316   1.007377
 9570.387   1.006168
 9570.459   1.004620
 9570.531   1.002529
 9570.602   0.999329
 9570.674   0.994081
 9570.746   0.985611
 9570.817   0.972466
 9570.889   0.952819
 9570.961   0.925219
 9571.032   0.889186
 9571.104   0.845305
 9571.176   0.796545
 9571.247   0.747292
 9571.319   0.702809
 9571.390   0.669792
 9571.462   0.654063
 9571.534   0.659120
 9571.605   0.685854
 9571.677   0.730030
 9571.749   0.784546
 9571.820   0.841142
 9571.892   0.891680
 9571.964   0.931234
 9572.035   0.958596
 9572.107   0.974660
 9572.178   0.982236
 9572.250   0.984176
 9572.322   0.982176
 9572.393   0.977051
 9572.465   0.968583
 9572.537   0.955686
 9572.608   0.938214
 9572.680   0.917427
 9572.752   0.895294
 9572.823   0.875239
 9572.895   0.861300
 9572.966   0.855687
 9573.038   0.857872
 9573.110   0.863916
 9573.181   0.868076
 9573.253   0.865544
 9573.325   0.853872
 9573.396   0.833364
 9573.468   0.806189
 9573.540   0.774435
 9573.611   0.740086
 9573.683   0.705111
 9573.754   0.673424
 9573.826   0.651546
 9573.898   0.645770
 9573.969   0.660842
 9574.041   0.697400
 9574.113   0.749211
 9574.184   0.807009
 9574.256   0.861608
 9574.328   0.906005
 9574.399   0.937820
 9574.471   0.958443
 9574.542   0.970681
 9574.614   0.977466
 9574.686   0.980927
 9574.757   0.981935
 9574.829   0.980696
 9574.901   0.977197
 9574.972   0.967873
 9575.044   0.959987
 9575.116   0.950729
 9575.187   0.941293
 9575.259   0.933377
 9575.331   0.928766
 9575.402   0.929069
 9575.474   0.935349
 9575.545   0.946954
 9575.617   0.961747
 9575.689   0.976727
 9575.760   0.989117
 9575.832   0.997584
 9575.904   1.002290
 9575.975   1.004154
 9576.047   1.004396
 9576.119   1.003931
 9576.190   1.003231
 9576.262   1.002512
 9576.333   1.001671
 9576.405   1.000567
 9576.477   0.999110
 9576.548   0.997061
 9576.620   0.994346
 9576.692   0.991255
 9576.763   0.988175
 9576.835   0.985553
 9576.907   0.984002
 9576.978   0.984042
 9577.050   0.985765
 9577.121   0.988754
 9577.193   0.992308
 9577.265   0.995659
 9577.336   0.998150
 9577.408   0.999596
 9577.480   1.000195
 9577.551   0.999918
 9577.623   0.998396
 9577.695   0.995110
 9577.766   0.989502
 9577.838   0.980902
 9577.909   0.968913
 9577.981   0.953846
 9578.053   0.936873
 9578.124   0.920724
 9578.196   0.908996
 9578.268   0.904506
 9578.339   0.908705
 9578.411   0.920799
 9578.483   0.937561
 9578.554   0.955281
 9578.626   0.970801
 9578.697   0.981992
 9578.769   0.988522
 9578.841   0.990998
 9578.912   0.989953
 9578.984   0.985715
 9579.056   0.978132
 9579.127   0.965958
 9579.199   0.947991
 9579.271   0.923672
 9579.342   0.893128
 9579.414   0.859079
 9579.486   0.826989
 9579.557   0.803572
 9579.629   0.795619
 9579.700   0.806582
 9579.772   0.834083
 9579.844   0.871525
 9579.915   0.910282
 9579.987   0.943471
 9580.059   0.967964
 9580.130   0.983493
 9580.202   0.992178
 9580.274   0.996672
 9580.345   0.998849
 9580.417   1.000051
 9580.488   1.001062
 9580.560   1.001837
 9580.632   1.002244
 9580.703   1.002340
 9580.775   1.002133
 9580.847   1.001735
 9580.918   1.001276
 9580.990   1.000550
 9581.062   0.999158
 9581.133   0.996703
 9581.205   0.992668
 9581.276   0.986528
 9581.348   0.977891
 9581.420   0.966333
 9581.491   0.951448
 9581.563   0.932810
 9581.635   0.910504
 9581.706   0.885751
 9581.778   0.860267
 9581.850   0.835857
 9581.921   0.813685
 9581.993   0.792014
 9582.064   0.766237
 9582.136   0.731479
 9582.208   0.684826
 9582.279   0.628062
 9582.351   0.568597
 9582.423   0.516322
 9582.494   0.480888
 9582.566   0.468397
 9582.638   0.479498
 9582.709   0.512022
 9582.781   0.561139
 9582.852   0.619654
 9582.924   0.679396
 9582.996   0.731938
 9583.067   0.769880
 9583.139   0.787948
 9583.211   0.783352
 9583.282   0.756291
 9583.354   0.708534
 9583.426   0.645285
 9583.497   0.575514
 9583.569   0.510625
 9583.641   0.463995
 9583.712   0.446005
 9583.784   0.459379
 9583.855   0.499805
 9583.927   0.555046
 9583.999   0.609014
 9584.070   0.649191
 9584.142   0.669366
 9584.214   0.671453
 9584.285   0.665791
 9584.357   0.664887
 9584.429   0.678605
 9584.500   0.711149
 9584.572   0.758698
 9584.643   0.812457
 9584.715   0.863101
 9584.787   0.903990
 9584.858   0.933101
 9584.930   0.952359
 9585.002   0.965006
 9585.073   0.974193
 9585.145   0.981687
 9585.217   0.987734
 9585.288   0.992298
 9585.360   0.995465
 9585.431   0.997473
 9585.503   0.998728
 9585.575   0.999587
 9585.646   1.000055
 9585.718   0.999506
 9585.790   0.997061
 9585.861   0.992237
 9585.933   0.985014
 9586.005   0.976348
 9586.076   0.968401
 9586.148   0.963415
 9586.219   0.962858
 9586.291   0.967001
 9586.363   0.974483
 9586.434   0.983040
 9586.506   0.990625
 9586.578   0.995986
 9586.649   0.998761
 9586.721   0.999281
 9586.793   0.998219
 9586.864   0.996016
 9586.936   0.992703
 9587.007   0.988200
 9587.079   0.982625
 9587.151   0.976652
 9587.222   0.971563
 9587.294   0.968798
 9587.366   0.969514
 9587.437   0.973865
 9587.509   0.980771
 9587.581   0.988346
 9587.652   0.994323
 9587.724   0.997042
 9587.796   0.995966
 9587.867   0.990852
 9587.939   0.981504
 9588.010   0.967909
 9588.082   0.950364
 9588.154   0.929365
 9588.225   0.906055
 9588.297   0.882909
 9588.369   0.863057
 9588.440   0.849573
 9588.512   0.845442
 9588.584   0.851981
 9588.655   0.867800
 9588.727   0.889261
 9588.798   0.911505
 9588.870   0.930333
 9588.942   0.943619
 9589.013   0.950778
 9589.085   0.951815
 9589.157   0.951051
 9589.228   0.943022
 9589.300   0.925551
 9589.372   0.896229
 9589.443   0.854900
 9589.515   0.805133
 9589.586   0.755459
 9589.658   0.717297
 9589.730   0.700690
 9589.801   0.711261
 9589.873   0.746807
 9589.945   0.798348
 9590.016   0.853525
 9590.088   0.901304
 9590.160   0.935917
 9590.231   0.956908
 9590.303   0.966204
 9590.374   0.966334
 9590.446   0.958889
 9590.518   0.943637
 9590.589   0.918867
 9590.661   0.882680
 9590.733   0.834012
 9590.804   0.773786
 9590.876   0.705941
 9590.948   0.636640
 9591.019   0.572971
 9591.091   0.521854
 9591.162   0.487018
 9591.234   0.467716
 9591.306   0.458508
 9591.377   0.451100
 9591.449   0.438502
 9591.521   0.419330
 9591.592   0.399130
 9591.664   0.388000
 9591.736   0.395441
 9591.807   0.424567
 9591.879   0.470971
 9591.951   0.525089
 9592.022   0.577343
 9592.094   0.622507
 9592.165   0.660080
 9592.237   0.691933
 9592.309   0.718136
 9592.380   0.734381
 9592.452   0.734128
 9592.524   0.712383
 9592.595   0.671089
 9592.667   0.620905
 9592.739   0.578212
 9592.810   0.559522
 9592.882   0.574967
 9592.953   0.622923
 9593.025   0.692061
 9593.097   0.765497
 9593.168   0.827371
 9593.240   0.868049
 9593.312   0.883601
 9593.383   0.874458
 9593.455   0.843425
 9593.527   0.793471
 9593.598   0.729931
 9593.670   0.662158
 9593.741   0.602890
 9593.813   0.565910
 9593.885   0.559871
 9593.956   0.584626
 9594.028   0.630179
 9594.100   0.679466
 9594.171   0.715265
 9594.243   0.726972
 9594.315   0.712640
 9594.386   0.680150
 9594.458   0.642897
 9594.529   0.613231
 9594.601   0.597734
 9594.673   0.594138
 9594.744   0.592448
 9594.816   0.581021
 9594.888   0.554118
 9594.959   0.515407
 9595.031   0.478442
 9595.103   0.460981
 9595.174   0.475908
 9595.246   0.526467
 9595.317   0.604569
 9595.389   0.694244
 9595.461   0.779224
 9595.532   0.848457
 9595.604   0.897555
 9595.676   0.929011
 9595.747   0.948093
 9595.819   0.959460
 9595.891   0.966236
 9595.962   0.969703
 9596.034   0.969826
 9596.106   0.966049
 9596.177   0.957254
 9596.249   0.942179
 9596.320   0.919394
 9596.392   0.886655
 9596.464   0.842862
 9596.535   0.790144
 9596.607   0.734646
 9596.679   0.685972
 9596.750   0.654450
 9596.822   0.645714
 9596.894   0.657876
 9596.965   0.680889
 9597.037   0.701257
 9597.108   0.708994
 9597.180   0.701362
 9597.252   0.684226
 9597.323   0.669514
 9597.395   0.668904
 9597.467   0.688427
 9597.538   0.727648
 9597.610   0.779530
 9597.682   0.834279
 9597.753   0.883617
 9597.825   0.922531
 9597.896   0.949881
 9597.968   0.967697
 9598.040   0.979107
 9598.111   0.986987
 9598.183   0.993073
 9598.255   0.997473
 9598.326   0.999638
 9598.398   0.998818
 9598.470   0.994121
 9598.541   0.984961
 9598.613   0.970835
 9598.684   0.951270
 9598.756   0.926977
 9598.828   0.900256
 9598.899   0.875243
 9598.971   0.857174
 9599.043   0.850255
 9599.114   0.856157
 9599.186   0.873425
 9599.258   0.897848
 9599.329   0.924095
 9599.401   0.947245
 9599.472   0.963923
 9599.544   0.972865
 9599.616   0.973889
 9599.687   0.966992
 9599.759   0.951113
 9599.831   0.924072
 9599.902   0.884390
 9599.974   0.833059
 9600.046   0.774901
 9600.117   0.717995
 9600.189   0.671421
 9600.261   0.641746
 9600.332   0.629973
 9600.404   0.633246
 9600.475   0.647720
 9600.547   0.670516
 9600.619   0.700842
 9600.690   0.738322
 9600.762   0.780508
 9600.834   0.821407
 9600.905   0.852802
 9600.977   0.867001
 9601.049   0.858466
 9601.120   0.825797
 9601.192   0.772742
 9601.263   0.707190
 9601.335   0.641658
 9601.407   0.591357
 9601.478   0.568842
 9601.550   0.580854
 9601.622   0.624187
 9601.693   0.687011
 9601.765   0.753647
 9601.837   0.810002
 9601.908   0.848581
 9601.980   0.870705
 9602.051   0.882401
 9602.123   0.890693
 9602.195   0.900845
 9602.266   0.914393
 9602.338   0.930168
 9602.410   0.945946
 9602.481   0.959321
 9602.553   0.968476
 9602.625   0.972411
 9602.696   0.970654
 9602.768   0.963600
 9602.839   0.952353
 9602.911   0.938812
 9602.983   0.925649
 9603.054   0.915597
 9603.126   0.910634
 9603.198   0.911429
 9603.269   0.916260
 9603.341   0.921548
 9603.413   0.922971
 9603.484   0.916751
 9603.556   0.902283
 9603.627   0.882966
 9603.699   0.865119
 9603.771   0.855890
 9603.842   0.860155
 9603.914   0.877727
 9603.986   0.904352
 9604.057   0.933404
 9604.129   0.958823
 9604.201   0.977792
 9604.272   0.990328
 9604.344   0.997971
 9604.415   1.002886
 9604.487   1.006598
 9604.559   1.009528
 9604.630   1.011695
 9604.702   1.012971
 9604.774   1.013207
 9604.845   1.012532
 9604.917   1.011424
 9604.989   1.010422
 9605.060   1.009890
 9605.132   1.009772
 9605.204   1.009596
 9605.275   1.008791
 9605.347   1.006598
 9605.418   1.002303
 9605.490   0.995417
 9605.562   0.985500
 9605.633   0.972510
 9605.705   0.957155
 9605.777   0.940408
 9605.848   0.923681
 9605.920   0.909154
 9605.992   0.899317
 9606.063   0.896391
 9606.135   0.901396
 9606.206   0.913630
 9606.278   0.930322
 9606.350   0.947113
 9606.421   0.959706
 9606.493   0.965046
 9606.565   0.961359
 9606.636   0.947990
 9606.708   0.924276
 9606.780   0.889383
 9606.851   0.842712
 9606.923   0.785466
 9606.994   0.722539
 9607.066   0.662126
 9607.138   0.612955
 9607.209   0.580990
 9607.281   0.564658
 9607.353   0.555294
 9607.424   0.540973
 9607.496   0.512237
 9607.568   0.469225
 9607.639   0.422930
 9607.711   0.389714
 9607.782   0.384991
 9607.854   0.417647
 9607.926   0.483750
 9607.997   0.570567
 9608.069   0.661445
 9608.141   0.740446
 9608.212   0.797694
 9608.284   0.829470
 9608.356   0.835551
 9608.427   0.818867
 9608.499   0.783548
 9608.570   0.736205
 9608.642   0.687227
 9608.714   0.649372
 9608.785   0.634431
 9608.857   0.648374
 9608.929   0.688616
 9609.000   0.745794
 9609.072   0.806757
 9609.144   0.859786
 9609.215   0.899341
 9609.287   0.925261
 9609.359   0.941356
 9609.430   0.952449
 9609.502   0.961533
 9609.573   0.969318
 9609.645   0.975322
 9609.717   0.978758
 9609.788   0.979333
 9609.860   0.977213
 9609.932   0.972448
 9610.003   0.964238
 9610.075   0.950727
 9610.147   0.930014
 9610.218   0.901263
 9610.290   0.865309
 9610.361   0.825541
 9610.433   0.786910
 9610.505   0.754232
 9610.576   0.731190
 9610.648   0.719631
 9610.720   0.719921
 9610.791   0.731714
 9610.863   0.754326
 9610.935   0.786627
 9611.006   0.825826
 9611.078   0.867279
 9611.149   0.905531
 9611.221   0.935819
 9611.293   0.956131
 9611.364   0.967285
 9611.436   0.971636
 9611.508   0.972067
 9611.579   0.970991
 9611.651   0.969510
 9611.723   0.967662
 9611.794   0.964989
 9611.866   0.960885
 9611.937   0.954162
 9612.009   0.943610
 9612.081   0.928422
 9612.152   0.907149
 9612.224   0.877125
 9612.296   0.835647
 9612.367   0.781256
 9612.439   0.717260
 9612.511   0.652662
 9612.582   0.600756
 9612.654   0.575083
 9612.725   0.583051
 9612.797   0.622117
 9612.869   0.681319
 9612.940   0.744810
 9613.012   0.798525
 9613.084   0.836561
 9613.155   0.860146
 9613.227   0.875432
 9613.299   0.889639
 9613.370   0.906987
 9613.442   0.927547
 9613.514   0.948890
 9613.585   0.967780
 9613.657   0.981883
 9613.728   0.990806
 9613.800   0.995472
 9613.872   0.997353
 9613.943   0.997815
 9614.015   0.997863
 9614.087   0.998100
 9614.158   0.998724
 9614.230   0.999624
 9614.302   1.000710
 9614.373   1.001889
 9614.445   1.002956
 9614.516   1.003603
 9614.588   1.003461
 9614.660   1.002368
 9614.731   1.000506
 9614.803   0.998154
 9614.875   0.995395
 9614.946   0.992113
 9615.018   0.988518
 9615.090   0.985502
 9615.161   0.984296
 9615.233   0.985722
 9615.304   0.989505
 9615.376   0.994229
 9615.448   0.998355
 9615.519   1.001161
 9615.591   1.002543
 9615.663   1.002651
 9615.734   1.001810
 9615.806   1.000459
 9615.878   0.998925
 9615.949   0.997024
 9616.021   0.994035
 9616.092   0.988973
 9616.164   0.980308
 9616.236   0.966013
 9616.307   0.944608
 9616.379   0.915602
 9616.451   0.881076
 9616.522   0.846457
 9616.594   0.819016
 9616.666   0.805515
 9616.737   0.809744
 9616.809   0.829577
 9616.880   0.858348
 9616.952   0.886606
 9617.024   0.904887
 9617.095   0.906802
 9617.167   0.888890
 9617.239   0.849918
 9617.310   0.791580
 9617.382   0.718731
 9617.454   0.640995
 9617.525   0.571532
 9617.597   0.522602
 9617.669   0.501652
 9617.740   0.506750
 9617.812   0.528187
 9617.883   0.554883
 9617.955   0.580800
 9618.027   0.607262
 9618.098   0.641057
 9618.170   0.688459
 9618.242   0.748978
 9618.313   0.815445
 9618.385   0.877544
 9618.457   0.926530
 9618.528   0.959129
 9618.600   0.977669
 9618.671   0.986592
 9618.743   0.990357
 9618.815   0.992349
 9618.886   0.994279
 9618.958   0.996761
 9619.030   0.999446
 9619.101   1.001553
 9619.173   1.002747
 9619.245   1.003330
 9619.316   1.003632
 9619.388   1.003775
 9619.459   1.003693
 9619.531   1.003010
 9619.603   1.001407
 9619.674   0.999073
 9619.746   0.996361
 9619.818   0.993330
 9619.889   0.989646
 9619.961   0.984406
 9620.033   0.976162
 9620.104   0.963476
 9620.176   0.944612
 9620.247   0.917072
 9620.319   0.878573
 9620.391   0.827818
 9620.462   0.766242
 9620.534   0.700348
 9620.606   0.640827
 9620.677   0.600080
 9620.749   0.588547
 9620.821   0.608484
 9620.892   0.654093
 9620.964   0.713695
 9621.035   0.774044
 9621.107   0.825691
 9621.179   0.865568
 9621.250   0.895149
 9621.322   0.918081
 9621.394   0.937242
 9621.465   0.953545
 9621.537   0.966711
 9621.609   0.976006
 9621.680   0.981061
 9621.752   0.982268
 9621.824   0.980347
 9621.895   0.975670
 9621.967   0.967957
 9622.038   0.956379
 9622.110   0.939013
 9622.182   0.912968
 9622.253   0.875607
 9622.325   0.825583
 9622.397   0.765047
 9622.468   0.701645
 9622.540   0.646619
 9622.612   0.611900
 9622.683   0.607129
 9622.755   0.633394
 9622.826   0.683532
 9622.898   0.744717
 9622.970   0.802601
 9623.041   0.846238
 9623.113   0.870595
 9623.185   0.875062
 9623.256   0.861689
 9623.328   0.832121
 9623.400   0.786240
 9623.471   0.723449
 9623.543   0.646210
 9623.614   0.561491
 9623.686   0.481318
 9623.758   0.421375
 9623.829   0.395825
 9623.901   0.411047
 9623.973   0.465530
 9624.044   0.547709
 9624.116   0.640707
 9624.188   0.729016
 9624.259   0.801521
 9624.331   0.853552
 9624.402   0.886532
 9624.474   0.904082
 9624.546   0.909774
 9624.617   0.906105
 9624.689   0.893899
 9624.761   0.873111
 9624.832   0.843065
 9624.904   0.802546
 9624.976   0.750901
 9625.047   0.689563
 9625.119   0.623548
 9625.190   0.563685
 9625.262   0.523899
 9625.334   0.515701
 9625.405   0.545180
 9625.477   0.607642
 9625.549   0.689076
 9625.620   0.772993
 9625.692   0.845841
 9625.764   0.899913
 9625.835   0.935549
 9625.907   0.957160
 9625.979   0.969997
 9626.050   0.978359
 9626.122   0.984376
 9626.193   0.988633
 9626.265   0.991152
 9626.337   0.991730
 9626.408   0.990264
 9626.480   0.986673
 9626.552   0.980437
 9626.623   0.970028
 9626.695   0.953196
 9626.767   0.928212
 9626.838   0.894726
 9626.910   0.854945
 9626.981   0.815295
 9627.053   0.784813
 9627.125   0.771322
 9627.196   0.779030
 9627.268   0.804966
 9627.340   0.840177
 9627.411   0.873538
 9627.483   0.895516
 9627.555   0.901515
 9627.626   0.892967
 9627.698   0.874396
 9627.769   0.851804
 9627.841   0.830972
 9627.913   0.814224
 9627.984   0.800075
 9628.056   0.785137
 9628.128   0.765942
 9628.199   0.741327
 9628.271   0.714834
 9628.343   0.692821
 9628.414   0.679528
 9628.486   0.674359
 9628.557   0.670120
 9628.629   0.655914
 9628.701   0.624844
 9628.772   0.578662
 9628.844   0.528314
 9628.916   0.491599
 9628.987   0.485244
 9629.059   0.515917
 9629.131   0.580267
 9629.202   0.664921
 9629.274   0.752510
 9629.345   0.829471
 9629.417   0.888536
 9629.489   0.928623
 9629.560   0.953742
 9629.632   0.969137
 9629.704   0.978964
 9629.775   0.985985
 9629.847   0.991316
 9629.919   0.995173
 9629.990   0.997514
 9630.062   0.998314
 9630.134   0.997337
 9630.205   0.993817
 9630.277   0.986678
 9630.348   0.974733
 9630.420   0.956850
 9630.492   0.933640
 9630.563   0.907926
 9630.635   0.883805
 9630.707   0.865926
 9630.778   0.857566
 9630.850   0.857851
 9630.922   0.862532
 9630.993   0.866097
 9631.065   0.863884
 9631.136   0.855618
 9631.208   0.846064
 9631.280   0.841689
 9631.351   0.847174
 9631.423   0.863580
 9631.495   0.887168
 9631.566   0.911692
 9631.638   0.932007
 9631.710   0.945806
 9631.781   0.953905
 9631.853   0.958926
 9631.924   0.963618
 9631.996   0.969402
 9632.068   0.975913
 9632.139   0.981394
 9632.211   0.984088
 9632.283   0.982999
 9632.354   0.977733
 9632.426   0.969212
 9632.498   0.959818
 9632.569   0.952400
 9632.641   0.949304
 9632.712   0.951645
 9632.784   0.958483
 9632.856   0.967595
 9632.927   0.976702
 9632.999   0.984268
 9633.071   0.989949
 9633.142   0.994192
 9633.214   0.997558
 9633.286   1.000139
 9633.357   1.001580
 9633.429   1.001632
 9633.500   1.000566
 9633.572   0.999302
 9633.644   0.998911
 9633.715   1.000031
 9633.787   1.002778
 9633.859   1.006673
 9633.930   1.010749
 9634.002   1.014015
 9634.074   1.015777
 9634.145   1.015742
 9634.217   1.014268
 9634.289   1.012042
 9634.360   1.009654
 9634.432   1.007654
 9634.503   1.006512
 9634.575   1.006458
 9634.647   1.007525
 9634.718   1.009453
 9634.790   1.011670
 9634.862   1.013522
 9634.933   1.014627
 9635.005   1.015003
 9635.077   1.014808
 9635.148   1.014175
 9635.220   1.013127
 9635.291   1.011448
 9635.363   1.008815
 9635.435   1.005220
 9635.506   1.001034
 9635.578   0.996626
 9635.650   0.992074
 9635.721   0.987084
 9635.793   0.981127
 9635.865   0.973869
 9635.936   0.965749
 9636.008   0.958470
 9636.079   0.954250
 9636.151   0.954660
 9636.223   0.960240
 9636.294   0.969850
 9636.366   0.981076
 9636.438   0.991545
 9636.509   0.999761
 9636.581   1.005134
 9636.653   1.007949
 9636.724   1.008822
 9636.796   1.008193
 9636.867   1.006214
 9636.939   1.002932
 9637.011   0.998405
 9637.082   0.992815
 9637.154   0.986653
 9637.226   0.980731
 9637.297   0.976212
 9637.369   0.974132
 9637.441   0.974426
 9637.512   0.976049
 9637.584   0.977193
 9637.655   0.975667
 9637.727   0.969921
 9637.799   0.959495
 9637.870   0.944456
 9637.942   0.925167
 9638.014   0.902012
 9638.085   0.874710
 9638.157   0.842369
 9638.229   0.805361
 9638.300   0.766152
 9638.372   0.728604
 9638.444   0.696954
 9638.515   0.674184
 9638.587   0.660020
 9638.658   0.651375
 9638.730   0.644536
 9638.802   0.637247
 9638.873   0.630118
 9638.945   0.626098
 9639.017   0.628357
 9639.088   0.638405
 9639.160   0.655386
 9639.232   0.675867
 9639.303   0.694957
 9639.375   0.707960
 9639.446   0.711438
 9639.518   0.702514
 9639.590   0.677893
 9639.661   0.635337
 9639.733   0.575201
 9639.805   0.502162
 9639.876   0.427017
 9639.948   0.363726
 9640.020   0.324745
 9640.091   0.318144
 9640.163   0.343985
 9640.234   0.396902
 9640.306   0.468846
 9640.378   0.551024
 9640.449   0.635620
 9640.521   0.715754
 9640.593   0.784991
 9640.664   0.838666
 9640.736   0.874267
 9640.808   0.893103
 9640.879   0.899878
 9640.951   0.900652
 9641.022   0.901515
 9641.094   0.907080
 9641.166   0.918665
 9641.237   0.935002
 9641.309   0.953282
 9641.381   0.970317
 9641.452   0.983961
 9641.524   0.993632
 9641.596   0.999753
 9641.667   1.003138
 9641.739   1.004706
 9641.810   1.005171
 9641.882   1.004923
 9641.954   1.004151
 9642.025   1.002874
 9642.097   1.000693
 9642.169   0.996993
 9642.240   0.990759
 9642.312   0.979974
 9642.384   0.962172
 9642.455   0.935331
 9642.527   0.898551
 9642.599   0.854317
 9642.670   0.808381
 9642.742   0.767106
 9642.813   0.735352
 9642.885   0.714501
 9642.957   0.700958
 9643.028   0.689192
 9643.100   0.677428
 9643.172   0.668915
 9643.243   0.670175
 9643.315   0.688142
 9643.387   0.724952
 9643.458   0.775465
 9643.530   0.829886
 9643.601   0.878880
 9643.673   0.917084
 9643.745   0.944321
 9643.816   0.963480
 9643.888   0.977992
 9643.960   0.989894
 9644.031   0.999560
 9644.103   1.006755
 9644.175   1.011371
 9644.246   1.013753
 9644.318   1.014589
 9644.389   1.014527
 9644.461   1.014060
 9644.533   1.013510
 9644.604   1.013050
 9644.676   1.012778
 9644.748   1.012893
 9644.819   1.013479
 9644.891   1.014303
 9644.963   1.014853
 9645.034   1.014378
 9645.106   1.012172
 9645.177   1.007647
 9645.249   1.000023
 9645.321   0.988162
 9645.392   0.970725
 9645.464   0.947649
 9645.536   0.921339
 9645.607   0.896081
 9645.679   0.877594
 9645.751   0.871541
 9645.822   0.879915
 9645.894   0.900293
 9645.965   0.927162
 9646.037   0.954061
 9646.109   0.975917
 9646.180   0.990765
 9646.252   0.999266
 9646.324   1.003473
 9646.395   1.005446
 9646.467   1.006486
 9646.539   1.007055
 9646.610   1.006897
 9646.682   1.005579
 9646.754   1.002800
 9646.825   0.998285
 9646.897   0.991512
 9646.968   0.981457
 9647.040   0.966702
 9647.112   0.945379
 9647.183   0.915278
 9647.255   0.874834
 9647.327   0.823717
 9647.398   0.763324
 9647.470   0.697108
 9647.542   0.630027
 9647.613   0.567420
 9647.685   0.513680
 9647.756   0.470422
 9647.828   0.436706
 9647.900   0.410446
 9647.971   0.389824
 9648.043   0.375892
 9648.115   0.374398
 9648.186   0.392833
 9648.258   0.435872
 9648.330   0.503147
 9648.401   0.586111
 9648.473   0.670429
 9648.544   0.741086
 9648.616   0.786016
 9648.688   0.799466
 9648.759   0.782398
 9648.831   0.740983
 9648.903   0.686865
 9648.974   0.634960
 9649.046   0.600236
 9649.118   0.595241
 9649.189   0.624354
 9649.261   0.682177
 9649.332   0.756106
 9649.404   0.830995
 9649.476   0.894376
 9649.547   0.940655
 9649.619   0.970182
 9649.691   0.987086
 9649.762   0.996225
 9649.834   1.001365
 9649.906   1.004717
 9649.977   1.007254
 9650.049   1.009318
 9650.120   1.010883
 9650.192   1.011562
 9650.264   1.010962
 9650.335   1.008895
 9650.407   1.005174
 9650.479   0.999578
 9650.550   0.991890
 9650.622   0.981847
 9650.694   0.969580
 9650.765   0.955799
 9650.837   0.940986
 9650.908   0.924904
 9650.980   0.906957
 9651.052   0.886596
 9651.123   0.865071
 9651.195   0.846807
 9651.267   0.837561
 9651.338   0.841690
 9651.410   0.860434
 9651.482   0.889912
 9651.553   0.922428
 9651.625   0.950093
 9651.697   0.967506
 9651.768   0.973241
 9651.840   0.969046
 9651.911   0.958596
 9651.983   0.946498
 9652.055   0.937147
 9652.126   0.933706
 9652.198   0.937822
 9652.270   0.948469
 9652.341   0.962251
 9652.413   0.975139
 9652.485   0.983847
 9652.556   0.986678
 9652.628   0.984050
 9652.699   0.978023
 9652.771   0.971625
 9652.843   0.967864
 9652.914   0.968239
 9652.986   0.972555
 9653.058   0.979357
 9653.129   0.986233
 9653.201   0.990811
 9653.273   0.992207
 9653.344   0.990951
 9653.416   0.988449
 9653.487   0.986550
 9653.559   0.986621
 9653.631   0.988840
 9653.702   0.992465
 9653.774   0.996530
 9653.846   0.999762
 9653.917   1.001052
 9653.989   1.000139
 9654.061   0.996839
 9654.132   0.990069
 9654.204   0.978283
 9654.275   0.960382
 9654.347   0.937283
 9654.419   0.912728
 9654.490   0.891905
 9654.562   0.879646
 9654.634   0.879024
 9654.705   0.889218
 9654.777   0.905717
 9654.849   0.922401
 9654.920   0.933973
 9654.992   0.936663
 9655.063   0.927620
 9655.135   0.905907
 9655.207   0.873301
 9655.278   0.834105
 9655.350   0.796358
 9655.422   0.770698
 9655.493   0.765288
 9655.565   0.782857
 9655.637   0.819284
 9655.708   0.864895
 9655.780   0.908627
 9655.852   0.942595
 9655.923   0.963765
 9655.995   0.973858
 9656.066   0.977081
 9656.138   0.977833
 9656.210   0.979310
 9656.281   0.982828
 9656.353   0.987927
 9656.425   0.993008
 9656.496   0.996128
 9656.568   0.995537
 9656.640   0.990147
 9656.711   0.979655
 9656.783   0.964284
 9656.854   0.944208
 9656.926   0.919629
 9656.998   0.890712
 9657.069   0.858798
 9657.141   0.828444
 9657.213   0.806427
 9657.284   0.798966
 9657.356   0.810049
 9657.428   0.838680
 9657.499   0.878327
 9657.571   0.919886
 9657.642   0.955749
 9657.714   0.981841
 9657.786   0.997862
 9657.857   1.006097
 9657.929   1.009525
 9658.001   1.010143
 9658.072   1.008433
 9658.144   1.004035
 9658.216   0.996635
 9658.287   0.986483
 9658.359   0.974365
 9658.430   0.961414
 9658.502   0.948906
 9658.574   0.937743
 9658.645   0.928420
 9658.717   0.921889
 9658.789   0.919953
 9658.860   0.924024
 9658.932   0.934129
 9659.004   0.948768
 9659.075   0.964886
 9659.147   0.978817
 9659.218   0.987969
 9659.290   0.991341
 9659.362   0.988887
 9659.433   0.980598
 9659.505   0.965686
 9659.577   0.942049
 9659.648   0.908096
 9659.720   0.865385
 9659.792   0.819194
 9659.863   0.778639
 9659.935   0.754427
 9660.007   0.753361
 9660.078   0.776078
 9660.150   0.816749
 9660.221   0.865183
 9660.293   0.910949
 9660.365   0.947249
 9660.436   0.971721
 9660.508   0.985642
 9660.580   0.992012
 9660.651   0.994060
 9660.723   0.994297
 9660.795   0.994420
 9660.866   0.995527
 9660.938   0.997908
 9661.009   1.001148
 9661.081   1.004650
 9661.153   1.007809
 9661.224   1.010154
 9661.296   1.011518
 9661.368   1.011863
 9661.439   1.011179
 9661.511   1.009560
 9661.583   1.007061
 9661.654   1.003440
 9661.726   0.998240
 9661.797   0.990682
 9661.869   0.979409
 9661.941   0.962582
 9662.012   0.938256
 9662.084   0.906260
 9662.156   0.869550
 9662.227   0.833937
 9662.299   0.807321
 9662.371   0.797449
 9662.442   0.807591
 9662.514   0.835203
 9662.585   0.872896
 9662.657   0.911254
 9662.729   0.942137
 9662.800   0.961177
 9662.872   0.967779
 9662.944   0.963111
 9663.015   0.948219
 9663.087   0.922830
 9663.159   0.885790
 9663.230   0.837740
 9663.302   0.782660
 9663.373   0.728610
 9663.445   0.687384
 9663.517   0.670035
 9663.588   0.681436
 9663.660   0.718847
 9663.732   0.772500
 9663.803   0.828909
 9663.875   0.876306
 9663.947   0.907960
 9664.018   0.922564
 9664.090   0.922425
 9664.162   0.911644
 9664.233   0.894371
 9664.305   0.873351
 9664.376   0.848713
 9664.448   0.817965
 9664.520   0.776782
 9664.591   0.720687
 9664.663   0.649197
 9664.735   0.568532
 9664.806   0.491320
 9664.878   0.434259
 9664.950   0.412885
 9665.021   0.434272
 9665.093   0.494477
 9665.164   0.579585
 9665.236   0.670739
 9665.308   0.750789
 9665.379   0.809189
 9665.451   0.843388
 9665.523   0.856600
 9665.594   0.854958
 9665.666   0.845484
 9665.738   0.834633
 9665.809   0.827857
 9665.881   0.829696
 9665.952   0.842040
 9666.024   0.863253
 9666.096   0.889188
 9666.167   0.914469
 9666.239   0.933574
 9666.311   0.943032
 9666.382   0.942885
 9666.454   0.936433
 9666.526   0.928171
 9666.597   0.921271
 9666.669   0.916401
 9666.740   0.911424
 9666.812   0.901429
 9666.884   0.880660
 9666.955   0.845633
 9667.027   0.796758
 9667.099   0.740407
 9667.170   0.688847
 9667.242   0.655565
 9667.314   0.650164
 9667.385   0.675121
 9667.457   0.724007
 9667.528   0.783940
 9667.600   0.842076
 9667.672   0.890161
 9667.743   0.925490
 9667.815   0.949629
 9667.887   0.966407
 9667.958   0.978800
 9668.030   0.987985
 9668.102   0.994396
 9668.173   0.998329
 9668.245   1.000002
 9668.317   0.999884
 9668.388   0.998771
 9668.460   0.997154
 9668.531   0.994723
 9668.603   0.991033
 9668.675   0.986099
 9668.746   0.979969
 9668.818   0.972458
 9668.890   0.963274
 9668.961   0.952166
 9669.033   0.939438
 9669.105   0.926210
 9669.176   0.913615
 9669.248   0.901987
 9669.319   0.890654
 9669.391   0.878001
 9669.463   0.862496
 9669.534   0.844300
 9669.606   0.825557
 9669.678   0.809817
 9669.749   0.801139
 9669.821   0.802673
 9669.893   0.815741
 9669.964   0.839305
 9670.036   0.870114
 9670.107   0.903708
 9670.179   0.935462
 9670.251   0.961216
 9670.322   0.978313
 9670.394   0.986207
 9670.466   0.986435
 9670.537   0.981245
 9670.609   0.972739
 9670.681   0.962988
 9670.752   0.954143
 9670.824   0.948248
 9670.895   0.947036
 9670.967   0.951045
 9671.039   0.959246
 9671.110   0.969554
 9671.182   0.979723
 9671.254   0.988041
 9671.325   0.993760
 9671.397   0.997061
 9671.469   0.998658
 9671.540   0.999112
 9671.612   0.998394
 9671.683   0.996171
 9671.755   0.992136
 9671.827   0.986067
 9671.898   0.977692
 9671.970   0.966615
 9672.042   0.952259
 9672.113   0.933538
 9672.185   0.908651
 9672.257   0.875800
 9672.328   0.834235
 9672.400   0.786172
 9672.472   0.738183
 9672.543   0.699352
 9672.615   0.677129
 9672.686   0.674043
 9672.758   0.684920
 9672.830   0.697386
 9672.901   0.698081
 9672.973   0.679117
 9673.045   0.642013
 9673.116   0.598154
 9673.188   0.564924
 9673.260   0.557664
 9673.331   0.583707
 9673.403   0.640060
 9673.474   0.714601
 9673.546   0.791472
 9673.618   0.857814
 9673.689   0.907202
 9673.761   0.939400
 9673.833   0.958737
 9673.904   0.970455
 9673.976   0.978102
 9674.048   0.983425
 9674.119   0.987259
 9674.191   0.990044
 9674.262   0.992081
 9674.334   0.993630
 9674.406   0.994963
 9674.477   0.996204
 9674.549   0.997295
 9674.621   0.998047
 9674.692   0.998285
 9674.764   0.998077
 9674.836   0.997775
 9674.907   0.997823
 9674.979   0.998372
 9675.050   0.998993
 9675.122   0.999176
 9675.194   0.998835
 9675.265   0.998229
 9675.337   0.997737
 9675.409   0.997703
 9675.480   0.998137
 9675.552   0.998774
 9675.624   0.999443
 9675.695   1.000124
 9675.767   1.000837
 9675.838   1.001537
 9675.910   1.002099
 9675.982   1.002407
 9676.053   1.002421
 9676.125   1.002211
 9676.197   1.001933
 9676.268   1.001772
 9676.340   1.001832
 9676.412   1.002103
 9676.483   1.002502
 9676.555   1.002929
 9676.627   1.003343
 9676.698   1.003690
 9676.770   1.003805
 9676.841   1.003521
 9676.913   1.002972
 9676.985   1.002438
 9677.056   1.001899
 9677.128   1.001175
 9677.200   1.000414
 9677.271   1.000124
 9677.343   1.000520
 9677.415   1.001190
 9677.486   1.001509
 9677.558   1.001100
 9677.629   0.999923
 9677.701   0.998243
 9677.773   0.996711
 9677.844   0.996088
 9677.916   0.996678
 9677.988   0.998181
 9678.059   0.999974
 9678.131   1.001471
 9678.203   1.002395
 9678.274   1.002810
 9678.346   1.002716
 9678.417   1.001945
 9678.489   1.000492
 9678.561   0.998531
 9678.632   0.996310
 9678.704   0.994335
 9678.776   0.993182
 9678.847   0.993016
 9678.919   0.993676
 9678.991   0.994898
 9679.062   0.996255
 9679.134   0.997195
 9679.205   0.997455
 9679.277   0.997105
 9679.349   0.996384
 9679.420   0.995647
 9679.492   0.995272
 9679.564   0.995335
 9679.635   0.995744
 9679.707   0.996464
 9679.779   0.997322
 9679.850   0.997993
 9679.922   0.998357
 9679.993   0.998605
 9680.065   0.998925
 9680.137   0.999325
 9680.208   0.999763
 9680.280   1.000085
 9680.352   1.000018
 9680.423   0.999575
 9680.495   0.999079
 9680.567   0.998745
 9680.638   0.998560
 9680.710   0.998534
 9680.782   0.998703
 9680.853   0.998968
 9680.925   0.999057
 9680.996   0.998708
 9681.068   0.997928
 9681.140   0.996954
 9681.211   0.995969
 9681.283   0.995108
 9681.355   0.994392
 9681.426   0.993573
 9681.498   0.992454
 9681.570   0.991121
 9681.641   0.989688
 9681.713   0.988063
 9681.784   0.986032
 9681.856   0.983467
 9681.928   0.980326
 9681.999   0.976475
 9682.071   0.971590
 9682.143   0.965117
 9682.214   0.956266
 9682.286   0.944046
 9682.358   0.927365
 9682.429   0.904747
 9682.501   0.873589
 9682.572   0.830438
 9682.644   0.772120
 9682.716   0.698587
 9682.787   0.615447
 9682.859   0.534781
 9682.931   0.471951
 9683.002   0.441500
 9683.074   0.451665
 9683.146   0.499721
 9683.217   0.573264
 9683.289   0.655385
 9683.360   0.729615
 9683.432   0.785315
 9683.504   0.820842
 9683.575   0.840814
 9683.647   0.852990
 9683.719   0.864486
 9683.790   0.878602
 9683.862   0.894359
 9683.934   0.908095
 9684.005   0.915567
 9684.077   0.914165
 9684.148   0.904419
 9684.220   0.889981
 9684.292   0.876583
 9684.363   0.869772
 9684.435   0.872992
 9684.507   0.886299
 9684.578   0.906454
 9684.650   0.928169
 9684.722   0.946572
 9684.793   0.958923
 9684.865   0.964905
 9684.937   0.966237
 9685.008   0.965441
 9685.080   0.964651
 9685.151   0.965176
 9685.223   0.967420
 9685.295   0.971117
 9685.366   0.975767
 9685.438   0.980705
 9685.510   0.985248
 9685.581   0.988950
 9685.653   0.991713
 9685.725   0.993721
 9685.796   0.995294
 9685.868   0.996589
 9685.939   0.997542
 9686.011   0.998078
 9686.083   0.998120
 9686.154   0.997644
 9686.226   0.996733
 9686.298   0.995374
 9686.369   0.993231
 9686.441   0.989849
 9686.513   0.985012
 9686.584   0.978966
 9686.656   0.972647
 9686.727   0.967581
 9686.799   0.965253
 9686.871   0.966496
 9686.942   0.971147
 9687.014   0.978023
 9687.086   0.985363
 9687.157   0.991696
 9687.229   0.996430
 9687.301   0.999680
 9687.372   1.001738
 9687.444   1.002775
 9687.515   1.003026
 9687.587   1.002818
 9687.659   1.002331
 9687.730   1.001618
 9687.802   1.000726
 9687.874   0.999652
 9687.945   0.998209
 9688.017   0.995964
 9688.089   0.992526
 9688.160   0.987895
 9688.232   0.982543
 9688.303   0.977275
 9688.375   0.972991
 9688.447   0.970123
 9688.518   0.968048
 9688.590   0.965226
 9688.662   0.959785
 9688.733   0.950412
 9688.805   0.937353
 9688.877   0.923032
 9688.948   0.911480
 9689.020   0.906724
 9689.092   0.911048
 9689.163   0.923939
 9689.235   0.942456
 9689.306   0.962065
 9689.378   0.978741
 9689.450   0.990562
 9689.521   0.997589
 9689.593   1.000967
 9689.665   1.002383
 9689.736   1.003169
 9689.808   1.003832
 9689.880   1.004350
 9689.951   1.004448
 9690.023   1.004026
 9690.094   1.003334
 9690.166   1.002605
 9690.238   1.001793
 9690.309   1.000576
 9690.381   0.998437
 9690.453   0.995083
 9690.524   0.990942
 9690.596   0.987013
 9690.668   0.984205
 9690.739   0.982678
 9690.811   0.981592
 9690.882   0.979698
 9690.954   0.976132
 9691.026   0.970607
 9691.097   0.963664
 9691.169   0.956914
 9691.241   0.952571
 9691.312   0.952401
 9691.384   0.956953
 9691.456   0.965126
 9691.527   0.974676
 9691.599   0.983331
 9691.670   0.989552
 9691.742   0.992648
 9691.814   0.992734
 9691.885   0.991010
 9691.957   0.989110
 9692.029   0.988187
 9692.100   0.988583
 9692.172   0.990034
 9692.244   0.991759
 9692.315   0.992800
 9692.387   0.992505
 9692.458   0.990597
 9692.530   0.987108
 9692.602   0.982431
 9692.673   0.977563
 9692.745   0.973919
 9692.817   0.972725
 9692.888   0.974483
 9692.960   0.978840
 9693.032   0.984732
 9693.103   0.990905
 9693.175   0.996180
 9693.246   0.999704
 9693.318   1.001373
 9693.390   1.001704
 9693.461   1.001229
 9693.533   1.000307
 9693.605   0.999110
 9693.676   0.997376
 9693.748   0.994691
 9693.820   0.990837
 9693.891   0.985558
 9693.963   0.978148
 9694.035   0.967366
 9694.106   0.951609
 9694.178   0.929703
 9694.249   0.901839
 9694.321   0.870525
 9694.393   0.840625
 9694.464   0.818704
 9694.536   0.810353
 9694.608   0.817457
 9694.679   0.837645
 9694.751   0.865510
 9694.823   0.894602
 9694.894   0.920283
 9694.966   0.941042
 9695.037   0.957055
 9695.109   0.969222
 9695.181   0.978447
 9695.252   0.985216
 9695.324   0.989796
 9695.396   0.992553
 9695.467   0.993973
 9695.539   0.994617
 9695.611   0.995046
 9695.682   0.995676
 9695.754   0.996648
 9695.825   0.997840
 9695.897   0.998904
 9695.969   0.999475
 9696.040   0.999429
 9696.112   0.998893
 9696.184   0.998187
 9696.255   0.997671
 9696.327   0.997342
 9696.399   0.996864
 9696.470   0.995964
 9696.542   0.994466
 9696.613   0.992310
 9696.685   0.989787
 9696.757   0.987149
 9696.828   0.983917
 9696.900   0.979067
 9696.972   0.971712
 9697.043   0.961543
 9697.115   0.949337
 9697.187   0.937201
 9697.258   0.927696
 9697.330   0.922751
 9697.401   0.923375
 9697.473   0.929626
 9697.545   0.940047
 9697.616   0.952560
 9697.688   0.965547
 9697.760   0.977642
 9697.831   0.987287
 9697.903   0.993358
 9697.975   0.995748
 9698.046   0.995486
 9698.118   0.994091
 9698.190   0.992895
 9698.261   0.992742
 9698.333   0.993911
 9698.404   0.996247
 9698.476   0.999035
 9698.548   1.001320
 9698.619   1.002661
 9698.691   1.003343
 9698.763   1.003716
 9698.834   1.003986
 9698.906   1.004365
 9698.978   1.004757
 9699.049   1.004786
 9699.121   1.004387
 9699.192   1.003919
 9699.264   1.003621
 9699.336   1.003400
 9699.407   1.003101
 9699.479   1.002566
 9699.551   1.001636
 9699.622   1.000308
 9699.694   0.998752
 9699.766   0.997268
 9699.837   0.996268
 9699.909   0.996038
 9699.980   0.996547
 9700.052   0.997476
 9700.124   0.998284
 9700.195   0.998547
 9700.267   0.997707
 9700.339   0.994813
 9700.410   0.988970
 9700.482   0.979646
 9700.554   0.966171
 9700.625   0.948099
 9700.697   0.926161
 9700.768   0.902992
 9700.840   0.882857
 9700.912   0.870805
 9700.983   0.870590
 9701.055   0.882659
 9701.127   0.903980
 9701.198   0.929366
 9701.270   0.953100
 9701.342   0.971337
 9701.413   0.983462
 9701.485   0.990567
 9701.556   0.994247
 9701.628   0.995813
 9701.700   0.995916
 9701.771   0.994831
 9701.843   0.992613
 9701.915   0.989169
 9701.986   0.984626
 9702.058   0.979403
 9702.130   0.974144
 9702.201   0.969682
 9702.273   0.966395
 9702.345   0.963334
 9702.416   0.958492
 9702.488   0.950049
 9702.559   0.937627
 9702.631   0.922849
 9702.703   0.909533
 9702.774   0.902112
 9702.846   0.903415
 9702.918   0.913361
 9702.989   0.928762
 9703.061   0.944740
 9703.133   0.957028
 9703.204   0.963208
 9703.276   0.962687
 9703.347   0.956394
 9703.419   0.945207
 9703.491   0.928731
 9703.562   0.905173
 9703.634   0.871186
 9703.706   0.823353
 9703.777   0.761348
 9703.849   0.690295
 9703.921   0.620512
 9703.992   0.566600
 9704.064   0.542368
 9704.135   0.554547
 9704.207   0.601545
 9704.279   0.672421
 9704.350   0.751227
 9704.422   0.823884
 9704.494   0.881541
 9704.565   0.921128
 9704.637   0.945947
 9704.709   0.961264
 9704.780   0.971255
 9704.852   0.978583
 9704.923   0.984320
 9704.995   0.988679
 9705.067   0.991820
 9705.138   0.994044
 9705.210   0.995715
 9705.282   0.997074
 9705.353   0.998199
 9705.425   0.999140
 9705.497   0.999934
 9705.568   1.000501
 9705.640   1.000803
 9705.711   1.000962
 9705.783   1.001177
 9705.855   1.001555
 9705.926   1.001994
 9705.998   1.002395
 9706.070   1.002830
 9706.141   1.003360
 9706.213   1.003837
 9706.285   1.004150
 9706.356   1.004294
 9706.428   1.004204
 9706.500   1.003870
 9706.571   1.003444
 9706.643   1.002988
 9706.714   1.002433
 9706.786   1.001834
 9706.858   1.001374
 9706.929   1.001155
 9707.001   1.001028
 9707.073   1.000770
 9707.144   1.000335
 9707.216   0.999727
 9707.288   0.998873
 9707.359   0.997828
 9707.431   0.996703
 9707.502   0.995200
 9707.574   0.992632
 9707.646   0.988359
 9707.717   0.982245
 9707.789   0.974743
 9707.861   0.967157
 9707.932   0.961366
 9708.004   0.958994
 9708.076   0.960745
 9708.147   0.966254
 9708.219   0.974243
 9708.290   0.983017
 9708.362   0.991027
 9708.434   0.997285
 9708.505   1.001451
 9708.577   1.003573
 9708.649   1.004224
 9708.720   1.004209
 9708.792   1.004055
 9708.864   1.003975
 9708.935   1.004063
 9709.007   1.004125
 9709.078   1.003855
 9709.150   1.003397
 9709.222   1.003098
 9709.293   1.002913
 9709.365   1.002567
 9709.437   1.002038
 9709.508   1.001410
 9709.580   1.000769
 9709.652   1.000285
 9709.723   1.000079
 9709.795   1.000020
 9709.866   0.999854
 9709.938   0.999556
 9710.010   0.999227
 9710.081   0.998820
 9710.153   0.998142
 9710.225   0.997138
 9710.296   0.996089
 9710.368   0.995305
 9710.440   0.994768
 9710.511   0.994142
 9710.583   0.993023
 9710.655   0.991242
 9710.726   0.988842
 9710.798   0.985776
 9710.869   0.981852
 9710.941   0.976710
 9711.013   0.969432
 9711.084   0.958059
 9711.156   0.940260
 9711.228   0.914530
 9711.299   0.881015
 9711.371   0.843000
 9711.443   0.807411
 9711.514   0.782708
 9711.586   0.775740
 9711.657   0.789293
 9711.729   0.819811
 9711.801   0.859801
 9711.872   0.900434
 9711.944   0.934354
 9712.016   0.958426
 9712.087   0.973642
 9712.159   0.982530
 9712.231   0.987814
 9712.302   0.991469
 9712.374   0.994230
 9712.445   0.996217
 9712.517   0.997537
 9712.589   0.998501
 9712.660   0.999298
 9712.732   0.999724
 9712.804   0.999594
 9712.875   0.998977
 9712.947   0.997933
 9713.019   0.996540
 9713.090   0.995027
 9713.162   0.993559
 9713.233   0.992208
 9713.305   0.991120
 9713.377   0.990386
 9713.448   0.990114
 9713.520   0.990605
 9713.592   0.992009
 9713.663   0.993844
 9713.735   0.995531
 9713.807   0.996905
 9713.878   0.997907
 9713.950   0.998470
 9714.021   0.998673
 9714.093   0.998553
 9714.165   0.997910
 9714.236   0.996581
 9714.308   0.994644
 9714.380   0.992197
 9714.451   0.989588
 9714.523   0.987506
 9714.595   0.986441
 9714.666   0.986392
 9714.738   0.986999
 9714.810   0.987609
 9714.881   0.987547
 9714.953   0.986482
 9715.024   0.984439
 9715.096   0.981948
 9715.168   0.979985
 9715.239   0.979243
 9715.311   0.979757
 9715.383   0.981285
 9715.454   0.983525
 9715.526   0.986183
 9715.598   0.989153
 9715.669   0.992436
 9715.741   0.995656
 9715.812   0.998221
 9715.884   0.999731
 9715.956   1.000186
 9716.027   0.999893
 9716.099   0.999281
 9716.171   0.998628
 9716.242   0.997949
 9716.314   0.997117
 9716.386   0.995954
 9716.457   0.994429
 9716.529   0.992711
 9716.600   0.991093
 9716.672   0.989920
 9716.744   0.989399
 9716.815   0.989385
 9716.887   0.989146
 9716.959   0.987878
 9717.030   0.985084
 9717.102   0.980403
 9717.174   0.973485
 9717.245   0.963774
 9717.317   0.950034
 9717.388   0.930125
 9717.460   0.901199
 9717.532   0.859760
 9717.603   0.803122
 9717.675   0.732886
 9717.747   0.655616
 9717.818   0.583521
 9717.890   0.532168
 9717.962   0.514157
 9718.033   0.533841
 9718.105   0.587520
 9718.176   0.662328
 9718.248   0.742555
 9718.320   0.815643
 9718.391   0.873687
 9718.463   0.914741
 9718.535   0.941574
 9718.606   0.958094
 9718.678   0.968039
 9718.750   0.974256
 9718.821   0.978004
 9718.893   0.979901
 9718.965   0.980542
 9719.036   0.980591
 9719.108   0.980634
 9719.179   0.981081
 9719.251   0.982265
 9719.323   0.984361
 9719.394   0.987254
 9719.466   0.990478
 9719.538   0.993516
 9719.609   0.995979
 9719.681   0.997621
 9719.753   0.998447
 9719.824   0.998660
 9719.896   0.998467
 9719.967   0.998102
 9720.039   0.997784
 9720.111   0.997675
 9720.182   0.997768
 9720.254   0.997806
 9720.326   0.997633
 9720.397   0.997424
 9720.469   0.997442
 9720.541   0.997872
 9720.612   0.998850
 9720.684   1.000274
 9720.755   1.001607
 9720.827   1.002393
 9720.899   1.002660
 9720.970   1.002613
 9721.042   1.002514
 9721.114   1.002807
 9721.185   1.003652
 9721.257   1.004733
 9721.329   1.005695
 9721.400   1.006327
 9721.472   1.006482
 9721.543   1.006217
 9721.615   1.005741
 9721.687   1.005181
 9721.758   1.004697
 9721.830   1.004330
 9721.902   1.003611
 9721.973   1.001991
 9722.045   0.999537
 9722.117   0.996666
 9722.188   0.993855
 9722.260   0.991754
 9722.331   0.990877
 9722.403   0.991185
 9722.475   0.992517
 9722.546   0.994839
 9722.618   0.997816
 9722.690   1.000586
 9722.761   1.002317
 9722.833   1.002761
 9722.905   1.002150
 9722.976   1.000769
 9723.048   0.998837
 9723.120   0.996560
 9723.191   0.994272
 9723.263   0.992375
 9723.334   0.991096
 9723.406   0.990626
 9723.478   0.991236
 9723.549   0.992990
 9723.621   0.995554
 9723.693   0.998351
 9723.764   1.000880
 9723.836   1.002804
 9723.908   1.003988
 9723.979   1.004587
 9724.051   1.004888
 9724.122   1.005101
 9724.194   1.005270
 9724.266   1.005371
 9724.337   1.005339
 9724.409   1.004934
 9724.481   1.003798
 9724.552   1.001874
 9724.624   0.999602
 9724.696   0.997391
 9724.767   0.995287
 9724.839   0.993261
 9724.910   0.991240
 9724.982   0.988922
 9725.054   0.985838
 9725.125   0.981157
 9725.197   0.973547
 9725.269   0.961138
 9725.340   0.941798
 9725.412   0.913260
 9725.484   0.873643
 9725.555   0.823767
 9725.627   0.769079
 9725.698   0.718777
 9725.770   0.684265
 9725.842   0.675150
 9725.913   0.693629
 9725.985   0.734895
 9726.057   0.788526
 9726.128   0.842628
 9726.200   0.888555
 9726.272   0.922638
 9726.343   0.944835
 9726.415   0.957746
 9726.486   0.964152
 9726.558   0.965691
 9726.630   0.962865
 9726.701   0.954754
 9726.773   0.939402
 9726.845   0.914858
 9726.916   0.880364
 9726.988   0.837713
 9727.060   0.793066
 9727.131   0.755276
 9727.203   0.733369
 9727.275   0.733975
 9727.346   0.757758
 9727.418   0.799173
 9727.489   0.848641
 9727.561   0.895679
 9727.633   0.932971
 9727.704   0.958773
 9727.776   0.974492
 9727.848   0.983277
 9727.919   0.988309
 9727.991   0.991583
 9728.063   0.994096
 9728.134   0.996258
 9728.206   0.997997
 9728.277   0.999144
 9728.349   0.999543
 9728.421   0.999030
 9728.492   0.997685
 9728.564   0.995812
 9728.636   0.993478
 9728.707   0.990445
 9728.779   0.986714
 9728.851   0.982624
 9728.922   0.978337
 9728.994   0.973671
 9729.065   0.968410
 9729.137   0.962572
 9729.209   0.956565
 9729.280   0.951607
 9729.352   0.949574
 9729.424   0.951842
 9729.495   0.958367
 9729.567   0.967824
 9729.639   0.977682
 9729.710   0.985464
 9729.782   0.989919
 9729.853   0.990803
 9729.925   0.988349
 9729.997   0.983007
 9730.068   0.975313
 9730.140   0.966131
 9730.212   0.956785
 9730.283   0.948833
 9730.355   0.943631
 9730.427   0.941850
 9730.498   0.943598
 9730.570   0.948471
 9730.641   0.955634
 9730.713   0.963943
 9730.785   0.971869
 9730.856   0.977848
 9730.928   0.980862
 9731.000   0.980566
 9731.071   0.977680
 9731.143   0.973727
 9731.215   0.970313
 9731.286   0.968616
 9731.358   0.969144
 9731.430   0.971559
 9731.501   0.975110
 9731.573   0.979045
 9731.644   0.982835
 9731.716   0.986103
 9731.788   0.988689
 9731.859   0.990825
 9731.931   0.992943
 9732.003   0.995253
 9732.074   0.997489
 9732.146   0.999287
 9732.218   1.000538
 9732.289   1.001240
 9732.361   1.001081
 9732.432   0.999638
 9732.504   0.996988
 9732.576   0.993426
 9732.647   0.988689
 9732.719   0.981942
 9732.791   0.971841
 9732.862   0.956253
 9732.934   0.933084
 9733.006   0.902290
 9733.077   0.866325
 9733.149   0.830658
 9733.220   0.803207
 9733.292   0.791351
 9733.364   0.798511
 9733.435   0.823173
 9733.507   0.858559
 9733.579   0.896089
 9733.650   0.928600
 9733.722   0.951882
 9733.794   0.965669
 9733.865   0.972487
 9733.937   0.975553
 9734.008   0.977740
 9734.080   0.980893
 9734.152   0.985313
 9734.223   0.990392
 9734.295   0.995143
 9734.367   0.998857
 9734.438   1.001399
 9734.510   1.002938
 9734.582   1.003737
 9734.653   1.004193
 9734.725   1.004629
 9734.796   1.005358
 9734.868   1.006539
 9734.940   1.007659
 9735.011   1.007992
 9735.083   1.007487
 9735.155   1.006714
 9735.226   1.006054
 9735.298   1.005396
 9735.370   1.004545
 9735.441   1.003497
 9735.513   1.002334
 9735.585   1.001368
 9735.656   1.001193
 9735.728   1.001966
 9735.799   1.003085
 9735.871   1.003879
 9735.943   1.003933
 9736.014   1.003080
 9736.086   1.001879
 9736.158   1.001064
 9736.229   1.000736
 9736.301   1.000624
 9736.373   1.000431
 9736.444   0.999757
 9736.516   0.998238
 9736.587   0.995771
 9736.659   0.992282
 9736.731   0.987478
 9736.802   0.980638
 9736.874   0.970620
 9736.946   0.956418
 9737.017   0.937807
 9737.089   0.915439
 9737.161   0.889558
 9737.232   0.858823
 9737.304   0.821275
 9737.375   0.776160
 9737.447   0.725409
 9737.519   0.676441
 9737.590   0.640852
 9737.662   0.629205
 9737.734   0.646699
 9737.805   0.690847
 9737.877   0.751463
 9737.949   0.815675
 9738.020   0.872233
 9738.092   0.914113
 9738.163   0.940566
 9738.235   0.954367
 9738.307   0.959094
 9738.378   0.957698
 9738.450   0.951277
 9738.522   0.938601
 9738.593   0.917419
 9738.665   0.885550
 9738.737   0.842106
 9738.808   0.790046
 9738.880   0.736072
 9738.951   0.688645
 9739.023   0.655265
 9739.095   0.639399
 9739.166   0.638395
 9739.238   0.646233
 9739.310   0.657394
 9739.381   0.669479
 9739.453   0.683370
 9739.525   0.700784
 9739.596   0.722184
 9739.668   0.746009
 9739.739   0.769836
 9739.811   0.792486
 9739.883   0.814624
 9739.954   0.837532
 9740.026   0.861343
 9740.098   0.883846
 9740.169   0.901189
 9740.241   0.910293
 9740.313   0.910773
 9740.384   0.905225
 9740.456   0.898727
 9740.528   0.896437
 9740.599   0.900831
 9740.671   0.911226
 9740.742   0.924078
 9740.814   0.934989
 9740.886   0.941307
 9740.957   0.943112
 9741.029   0.942379
 9741.101   0.942019
 9741.172   0.944484
 9741.244   0.950425
 9741.316   0.958724
 9741.387   0.967065
 9741.459   0.973175
 9741.530   0.976241
 9741.602   0.977078
 9741.674   0.977061
 9741.745   0.977302
 9741.817   0.978515
 9741.889   0.981050
 9741.960   0.984783
 9742.032   0.989125
 9742.104   0.993377
 9742.175   0.996849
 9742.247   0.998848
 9742.318   0.999202
 9742.390   0.998608
 9742.462   0.997918
 9742.533   0.997773
 9742.605   0.998491
 9742.677   0.999766
 9742.748   1.000906
 9742.820   1.001364
 9742.892   1.000779
 9742.963   0.999028
 9743.035   0.996585
 9743.106   0.994081
 9743.178   0.991969
 9743.250   0.990625
 9743.321   0.990209
 9743.393   0.990651
 9743.465   0.991846
 9743.536   0.993614
 9743.608   0.995438
 9743.680   0.996721
 9743.751   0.997174
 9743.823   0.996624
 9743.894   0.994879
 9743.966   0.991943
 9744.038   0.987903
 9744.109   0.982841
 9744.181   0.977204
 9744.253   0.972010
 9744.324   0.968548
 9744.396   0.967812
 9744.468   0.969864
 9744.539   0.973964
 9744.611   0.979029
 9744.683   0.984101
 9744.754   0.988300
 9744.826   0.990786
 9744.897   0.991309
 9744.969   0.990380
 9745.041   0.988457
 9745.112   0.985545
 9745.184   0.981472
 9745.256   0.975757
 9745.327   0.967735
 9745.399   0.956830
 9745.471   0.942267
 9745.542   0.922011
 9745.614   0.892763
 9745.685   0.850930
 9745.757   0.793604
 9745.829   0.720159
 9745.900   0.636027
 9745.972   0.552232
 9746.044   0.483361
 9746.115   0.444470
 9746.187   0.445314
 9746.259   0.485935
 9746.330   0.557908
 9746.402   0.645859
 9746.473   0.733643
 9746.545   0.809636
 9746.617   0.867937
 9746.688   0.908613
 9746.760   0.935373
 9746.832   0.952627
 9746.903   0.964009
 9746.975   0.972056
 9747.047   0.978073
 9747.118   0.982531
 9747.190   0.985015
 9747.261   0.984914
 9747.333   0.982307
 9747.405   0.977904
 9747.476   0.972698
 9747.548   0.968114
 9747.620   0.965522
 9747.691   0.965435
 9747.763   0.967745
 9747.835   0.971938
 9747.906   0.977104
 9747.978   0.982506
 9748.049   0.987827
 9748.121   0.992748
 9748.193   0.996924
 9748.264   1.000211
 9748.336   1.002730
 9748.408   1.004619
 9748.479   1.005910
 9748.551   1.006538
 9748.623   1.006502
 9748.694   1.005993
 9748.766   1.005202
 9748.838   1.004140
 9748.909   1.002836
 9748.981   1.001443
 9749.052   1.000145
 9749.124   0.999145
 9749.196   0.998669
 9749.267   0.998765
 9749.339   0.999426
 9749.411   1.000708
 9749.482   1.002372
 9749.554   1.003926
 9749.626   1.004873
 9749.697   1.004985
 9749.769   1.004613
 9749.840   1.004371
 9749.912   1.004267
 9749.984   1.003516
 9750.055   1.001368
 9750.127   0.997515
 9750.199   0.992233
 9750.270   0.986779
 9750.342   0.982697
 9750.414   0.980688
 9750.485   0.980688
 9750.557   0.982362
 9750.628   0.985105
 9750.700   0.988068
 9750.772   0.990355
 9750.843   0.991330
 9750.915   0.990931
 9750.987   0.989308
 9751.058   0.986142
 9751.130   0.980764
 9751.202   0.972576
 9751.273   0.960903
 9751.345   0.944296
 9751.416   0.920631
 9751.488   0.887189
 9751.560   0.840684
 9751.631   0.778955
 9751.703   0.704785
 9751.775   0.626270
 9751.846   0.555795
 9751.918   0.507850
 9751.990   0.494000
 9752.061   0.517914
 9752.133   0.574761
 9752.204   0.652063
 9752.276   0.734991
 9752.348   0.810684
 9752.419   0.870928
 9752.491   0.914001
 9752.563   0.942723
 9752.634   0.961222
 9752.706   0.973255
 9752.778   0.981380
 9752.849   0.986899
 9752.921   0.990672
 9752.993   0.993434
 9753.064   0.995729
 9753.136   0.997700
 9753.207   0.999277
 9753.279   1.000405
 9753.351   1.001063
 9753.422   1.001404
 9753.494   1.001929
 9753.566   1.003051
 9753.637   1.004540
 9753.709   1.005758
 9753.781   1.006478
 9753.852   1.006886
 9753.924   1.007039
 9753.995   1.007077
 9754.067   1.007265
 9754.139   1.007450
 9754.210   1.007215
 9754.282   1.006659
 9754.354   1.006199
 9754.425   1.005935
 9754.497   1.005763
 9754.569   1.005655
 9754.640   1.005445
 9754.712   1.005038
 9754.783   1.004730
 9754.855   1.004685
 9754.927   1.004443
 9754.998   1.003216
 9755.070   1.000540
 9755.142   0.996655
 9755.213   0.992193
 9755.285   0.987916
 9755.357   0.984622
 9755.428   0.982720
 9755.500   0.981953
 9755.571   0.981459
 9755.643   0.980428
 9755.715   0.978105
 9755.786   0.973534
 9755.858   0.965211
 9755.930   0.950756
 9756.001   0.927215
 9756.073   0.892014
 9756.145   0.843829
 9756.216   0.784925
 9756.288   0.721982
 9756.359   0.665710
 9756.431   0.628675
 9756.503   0.620809
 9756.574   0.644713
 9756.646   0.694918
 9756.718   0.759452
 9756.789   0.824934
 9756.861   0.881068
 9756.933   0.922983
 9757.004   0.951213
 9757.076   0.968878
 9757.148   0.979394
 9757.219   0.985466
 9757.291   0.988679
 9757.362   0.989803
 9757.434   0.989387
 9757.506   0.987300
 9757.577   0.982905
 9757.649   0.976087
 9757.721   0.967444
 9757.792   0.958045
 9757.864   0.949477
 9757.936   0.943494
 9758.007   0.940996
 9758.079   0.941733
 9758.150   0.944370
 9758.222   0.946732
 9758.294   0.946562
 9758.365   0.942471
 9758.437   0.934726
 9758.509   0.925633
 9758.580   0.918519
 9758.652   0.916221
 9758.724   0.920114
 9758.795   0.929468
 9758.867   0.941854
 9758.938   0.954302
 9759.010   0.964413
 9759.082   0.970911
 9759.153   0.973772
 9759.225   0.973705
 9759.297   0.971528
 9759.368   0.967685
 9759.440   0.962285
 9759.512   0.955376
 9759.583   0.946883
 9759.655   0.936583
 9759.726   0.923394
 9759.798   0.904664
 9759.870   0.876506
 9759.941   0.835241
 9760.013   0.778815
 9760.085   0.709303
 9760.156   0.633718
 9760.228   0.564006
 9760.300   0.514712
 9760.371   0.497847
 9760.443   0.518325
 9760.514   0.572038
 9760.586   0.646353
 9760.658   0.725577
 9760.729   0.795907
 9760.801   0.848675
 9760.873   0.881936
 9760.944   0.898727
 9761.016   0.904245
 9761.088   0.904352
 9761.159   0.904369
 9761.231   0.908040
 9761.303   0.916958
 9761.374   0.929804
 9761.446   0.943541
 9761.517   0.955150
 9761.589   0.962935
 9761.661   0.966854
 9761.732   0.968282
 9761.804   0.968988
 9761.876   0.970102
 9761.947   0.972026
 9762.019   0.974751
 9762.091   0.978219
 9762.162   0.982271
 9762.234   0.986382
 9762.305   0.989844
 9762.377   0.992281
 9762.449   0.993698
 9762.520   0.994305
 9762.592   0.994443
 9762.664   0.994457
 9762.735   0.994291
 9762.807   0.993801
 9762.879   0.993399
 9762.950   0.993566
 9763.022   0.994176
 9763.093   0.994835
 9763.165   0.995332
 9763.237   0.995609
 9763.308   0.995602
 9763.380   0.995235
 9763.452   0.994598
 9763.523   0.993969
 9763.595   0.993195
 9763.667   0.991411
 9763.738   0.987986
 9763.810   0.982834
 9763.881   0.975887
 9763.953   0.967098
 9764.025   0.956156
 9764.096   0.942253
 9764.168   0.924954
 9764.240   0.905431
 9764.311   0.886720
 9764.383   0.872526
 9764.455   0.865761
 9764.526   0.872884
 9764.598   0.906875
 9764.669   0.919327
 9764.741   0.931295
 9764.813   0.938925
 9764.884   0.939394
 9764.956   0.931082
 9765.028   0.912697
 9765.099   0.883764
 9765.171   0.844895
 9765.243   0.798988
 9765.314   0.751370
 9765.386   0.709241
 9765.458   0.680232
 9765.529   0.669619
 9765.601   0.678117
 9765.672   0.702833
 9765.744   0.737706
 9765.816   0.776135
 9765.887   0.813193
 9765.959   0.846535
 9766.031   0.875795
 9766.102   0.901005
 9766.174   0.922016
 9766.246   0.939032
 9766.317   0.952249
 9766.389   0.961361
 9766.460   0.965901
 9766.532   0.966143
 9766.604   0.963120
 9766.675   0.958126
 9766.747   0.952769
 9766.819   0.948796
 9766.890   0.947385
 9766.962   0.948887
 9767.034   0.952845
 9767.105   0.958472
 9767.177   0.964673
 9767.248   0.970439
 9767.320   0.974987
 9767.392   0.977493
 9767.463   0.977114
 9767.535   0.973504
 9767.607   0.966498
 9767.678   0.955252
 9767.750   0.938518
 9767.822   0.916197
 9767.893   0.889717
 9767.965   0.862340
 9768.036   0.839361
 9768.108   0.826294
 9768.180   0.826566
 9768.251   0.840761
 9768.323   0.865706
 9768.395   0.896046
 9768.466   0.925736
 9768.538   0.950179
 9768.610   0.967654
 9768.681   0.978892
 9768.753   0.985455
 9768.824   0.989074
 9768.896   0.991089
 9768.968   0.992134
 9769.039   0.992477
 9769.111   0.992364
 9769.183   0.992216
 9769.254   0.992396
 9769.326   0.992836
 9769.398   0.993247
 9769.469   0.993549
 9769.541   0.993900
 9769.613   0.994368
 9769.684   0.994968
 9769.756   0.995749
 9769.827   0.996536
 9769.899   0.997057
 9769.971   0.997229
 9770.042   0.997029
 9770.114   0.996444
 9770.186   0.995625
 9770.257   0.994894
 9770.329   0.994370
 9770.401   0.993815
 9770.472   0.993030
 9770.544   0.991979
 9770.615   0.990529
 9770.687   0.988280
 9770.759   0.984809
 9770.830   0.979577
 9770.902   0.971911
 9770.974   0.961524
 9771.045   0.948935
 9771.117   0.935472
 9771.189   0.923521
 9771.260   0.916224
 9771.332   0.915949
 9771.403   0.923078
 9771.475   0.936172
 9771.547   0.951906
 9771.618   0.966813
 9771.690   0.978704
 9771.762   0.986790
 9771.833   0.991518
 9771.905   0.994158
 9771.977   0.995726
 9772.048   0.996709
 9772.120   0.997349
 9772.191   0.997705
 9772.263   0.997816
 9772.335   0.997718
 9772.406   0.997550
 9772.478   0.997455
 9772.550   0.997521
 9772.621   0.997996
 9772.693   0.999073
 9772.765   1.000328
 9772.836   1.000862
 9772.908   1.000309
 9772.979   0.999218
 9773.051   0.998567
 9773.123   0.998867
 9773.194   0.999557
 9773.266   0.999676
 9773.338   0.999021
 9773.409   0.998059
 9773.481   0.997375
 9773.553   0.997420
 9773.624   0.998021
 9773.696   0.998405
 9773.768   0.998149
 9773.839   0.997722
 9773.911   0.997711
 9773.982   0.998202
 9774.054   0.998997
 9774.126   0.999698
 9774.197   0.999836
 9774.269   0.999533
 9774.341   0.999436
 9774.412   0.999580
 9774.484   0.999283
 9774.556   0.998330
 9774.627   0.997295
 9774.699   0.996623
 9774.770   0.996288
 9774.842   0.996056
 9774.914   0.995924
 9774.985   0.996104
 9775.057   0.996681
 9775.129   0.997801
 9775.200   0.999546
 9775.272   1.001180
 9775.344   1.001624
 9775.415   1.001086
 9775.487   1.000702
 9775.558   1.000743
 9775.630   1.000602
 9775.702   0.999885
 9775.773   0.998421
 9775.845   0.995649
 9775.917   0.990896
 9775.988   0.983598
 9776.060   0.973031
 9776.132   0.958175
 9776.203   0.938392
 9776.275   0.914228
 9776.346   0.888095
 9776.418   0.864250
 9776.490   0.847487
 9776.561   0.841537
 9776.633   0.847772
 9776.705   0.864186
 9776.776   0.886754
 9776.848   0.910555
 9776.920   0.931346
 9776.991   0.947064
 9777.063   0.958006
 9777.134   0.965646
 9777.206   0.971608
 9777.278   0.976957
 9777.349   0.982184
 9777.421   0.987248
 9777.493   0.991359
 9777.564   0.993776
 9777.636   0.994576
 9777.708   0.994215
 9777.779   0.993081
 9777.851   0.991824
 9777.923   0.991274
 9777.994   0.991614
 9778.066   0.992452
 9778.137   0.993560
 9778.209   0.995060
 9778.281   0.997043
 9778.352   0.999125
 9778.424   1.000650
 9778.496   1.001147
 9778.567   1.000514
 9778.639   0.998984
 9778.711   0.997021
 9778.782   0.994896
 9778.854   0.992158
 9778.925   0.987691
 9778.997   0.980414
 9779.069   0.969354
 9779.140   0.953724
 9779.212   0.934001
 9779.284   0.913168
 9779.355   0.895395
 9779.427   0.884237
 9779.499   0.881981
 9779.570   0.889200
 9779.642   0.904498
 9779.713   0.924815
 9779.785   0.946038
 9779.857   0.964769
 9779.928   0.979200
 9780.000   0.988856
