12016.711   0.992298
12016.819   0.993531
12016.926   0.994664
12017.033   0.995447
12017.141   0.996289
12017.248   0.997324
12017.356   0.998310
12017.463   0.999198
12017.571   0.999932
12017.678   1.000419
12017.785   1.000588
12017.893   1.000303
12018.000   0.999547
12018.108   0.998602
12018.215   0.997956
12018.323   0.997975
12018.430   0.998688
12018.537   0.999749
12018.645   1.000695
12018.752   1.001143
12018.860   1.001042
12018.967   1.000622
12019.075   1.000080
12019.182   0.999556
12019.289   0.999159
12019.397   0.999068
12019.504   0.999262
12019.612   0.999492
12019.719   0.999665
12019.827   0.999717
12019.934   0.999665
12020.041   0.999714
12020.149   0.999906
12020.256   1.000272
12020.364   1.000842
12020.471   1.001382
12020.579   1.001717
12020.686   1.001845
12020.793   1.001697
12020.901   1.001415
12021.008   0.998964
12021.116   0.997991
12021.223   0.997412
12021.331   0.997456
12021.438   0.997928
12021.545   0.998605
12021.653   0.999336
12021.760   1.000030
12021.868   1.000378
12021.975   1.000111
12022.083   0.999292
12022.190   0.997579
12022.297   0.994195
12022.405   0.987966
12022.512   0.977322
12022.620   0.961882
12022.727   0.943262
12022.835   0.925675
12022.942   0.914569
12023.049   0.914043
12023.157   0.924462
12023.264   0.941904
12023.372   0.960383
12023.479   0.974419
12023.587   0.982187
12023.694   0.984756
12023.801   0.984555
12023.909   0.984219
12024.016   0.985145
12024.124   0.987788
12024.231   0.991419
12024.338   0.995007
12024.446   0.997763
12024.553   0.999180
12024.661   0.999748
12024.768   1.000043
12024.876   1.000069
12024.983   0.999602
12025.090   0.998420
12025.198   0.996940
12025.305   0.995919
12025.413   0.995764
12025.520   0.996527
12025.628   0.997592
12025.735   0.998191
12025.842   0.998604
12025.950   0.999427
12026.057   1.000301
12026.165   1.000683
12026.272   1.000460
12026.380   0.999427
12026.487   0.997086
12026.594   0.992869
12026.702   0.986092
12026.809   0.976498
12026.917   0.965065
12027.024   0.954009
12027.132   0.946696
12027.239   0.945781
12027.346   0.951975
12027.454   0.963350
12027.561   0.976202
12027.669   0.987351
12027.776   0.994815
12027.884   0.998501
12027.991   0.999497
12028.098   0.999138
12028.206   0.998566
12028.313   0.998455
12028.421   0.998918
12028.528   0.999465
12028.636   0.999657
12028.743   0.999337
12028.850   0.998545
12028.958   0.997438
12029.065   0.996102
12029.173   0.994513
12029.280   0.992155
12029.388   0.987680
12029.495   0.979153
12029.602   0.964791
12029.710   0.945083
12029.817   0.923449
12029.925   0.905654
12030.032   0.897119
12030.140   0.899785
12030.247   0.911922
12030.354   0.928043
12030.462   0.942717
12030.569   0.953150
12030.677   0.958892
12030.784   0.961595
12030.892   0.963222
12030.999   0.965099
12031.106   0.967384
12031.214   0.969507
12031.321   0.971281
12031.429   0.972785
12031.536   0.973578
12031.644   0.972977
12031.751   0.971023
12031.858   0.968310
12031.966   0.965821
12032.073   0.964528
12032.181   0.964652
12032.288   0.965673
12032.396   0.966587
12032.503   0.966931
12032.610   0.966888
12032.718   0.966703
12032.825   0.966221
12032.933   0.964129
12033.040   0.958737
12033.148   0.949282
12033.255   0.935439
12033.362   0.915380
12033.470   0.885129
12033.577   0.841286
12033.685   0.783858
12033.792   0.720690
12033.900   0.665558
12034.007   0.632946
12034.114   0.630146
12034.222   0.649235
12034.329   0.673584
12034.437   0.684465
12034.544   0.672723
12034.652   0.645582
12034.759   0.620374
12034.866   0.617285
12034.974   0.645815
12035.081   0.702278
12035.189   0.772474
12035.296   0.838714
12035.404   0.890611
12035.511   0.924222
12035.618   0.941346
12035.726   0.945919
12035.833   0.942026
12035.941   0.933885
12036.048   0.924433
12036.156   0.914957
12036.263   0.904014
12036.370   0.889016
12036.478   0.869781
12036.585   0.850307
12036.693   0.837313
12036.800   0.836111
12036.908   0.848205
12037.015   0.869737
12037.122   0.894308
12037.230   0.917471
12037.337   0.937060
12037.445   0.953383
12037.552   0.967283
12037.660   0.978628
12037.767   0.986852
12037.874   0.991363
12037.982   0.991859
12038.089   0.988341
12038.197   0.981120
12038.304   0.971624
12038.412   0.962674
12038.519   0.957674
12038.626   0.958248
12038.734   0.963880
12038.841   0.972478
12038.949   0.981125
12039.056   0.987946
12039.164   0.992084
12039.271   0.993384
12039.378   0.991792
12039.486   0.987130
12039.593   0.979605
12039.701   0.970582
12039.808   0.962392
12039.916   0.957342
12040.023   0.956487
12040.130   0.956164
12040.238   0.960475
12040.345   0.965451
12040.453   0.970787
12040.560   0.976541
12040.668   0.982113
12040.775   0.986259
12040.882   0.987160
12040.990   0.983227
12041.097   0.975215
12041.205   0.965997
12041.312   0.959519
12041.419   0.958997
12041.527   0.964631
12041.634   0.974319
12041.742   0.984208
12041.849   0.991349
12041.957   0.995242
12042.064   0.996630
12042.171   0.997064
12042.279   0.997057
12042.386   0.995459
12042.494   0.991202
12042.601   0.984066
12042.709   0.975281
12042.816   0.967455
12042.923   0.963416
12043.031   0.965115
12043.138   0.971963
12043.246   0.981465
12043.353   0.990147
12043.461   0.995597
12043.568   0.998208
12043.675   0.999043
12043.783   0.999095
12043.890   0.998923
12043.998   0.997984
12044.105   0.995444
12044.213   0.990521
12044.320   0.983263
12044.427   0.974995
12044.535   0.967968
12044.642   0.964716
12044.750   0.966439
12044.857   0.972821
12044.965   0.981592
12045.072   0.989793
12045.179   0.995420
12045.287   0.997665
12045.394   0.997703
12045.502   0.996748
12045.609   0.995129
12045.717   0.993078
12045.824   0.990283
12045.931   0.985947
12046.039   0.979149
12046.146   0.969704
12046.254   0.958862
12046.361   0.948240
12046.469   0.938330
12046.576   0.926312
12046.683   0.906276
12046.791   0.871634
12046.898   0.818379
12047.006   0.751857
12047.113   0.685255
12047.221   0.637945
12047.328   0.626708
12047.435   0.655270
12047.543   0.716041
12047.650   0.789564
12047.758   0.856859
12047.865   0.906522
12047.973   0.935609
12048.080   0.949555
12048.187   0.955238
12048.295   0.958808
12048.402   0.963557
12048.510   0.969936
12048.617   0.977031
12048.725   0.983537
12048.832   0.988702
12048.939   0.992278
12049.047   0.994466
12049.154   0.995577
12049.262   0.995878
12049.369   0.995825
12049.477   0.995941
12049.584   0.996344
12049.691   0.996679
12049.799   0.996461
12049.906   0.995193
12050.014   0.992749
12050.121   0.989578
12050.229   0.986562
12050.336   0.984883
12050.443   0.985254
12050.551   0.987521
12050.658   0.990741
12050.766   0.993943
12050.873   0.996445
12050.981   0.997629
12051.088   0.997396
12051.195   0.995699
12051.303   0.992142
12051.410   0.986905
12051.518   0.980999
12051.625   0.975701
12051.733   0.972705
12051.840   0.973127
12051.947   0.976719
12052.055   0.982130
12052.162   0.987463
12052.270   0.991479
12052.377   0.993937
12052.485   0.995452
12052.592   0.996647
12052.699   0.997592
12052.807   0.998225
12052.914   0.998650
12053.022   0.999039
12053.129   0.999451
12053.237   0.999949
12053.344   1.000561
12053.451   1.001090
12053.559   1.001124
12053.666   1.000768
12053.774   1.000875
12053.881   1.001644
12053.989   1.002433
12054.096   1.003007
12054.203   1.003017
12054.311   1.002975
12054.418   1.003282
12054.526   1.003764
12054.633   1.004023
12054.741   1.003751
12054.848   1.002967
12054.955   1.002041
12055.063   1.001184
12055.170   1.000274
12055.278   0.999215
12055.385   0.997936
12055.493   0.996352
12055.600   0.994424
12055.707   0.992067
12055.815   0.989535
12055.922   0.987811
12056.030   0.987698
12056.137   0.988528
12056.245   0.988633
12056.352   0.986911
12056.459   0.983390
12056.567   0.979387
12056.674   0.976847
12056.782   0.977244
12056.889   0.980898
12056.997   0.986342
12057.104   0.991662
12057.211   0.995648
12057.319   0.997825
12057.426   0.998692
12057.534   0.998898
12057.641   0.998643
12057.749   0.997729
12057.856   0.995625
12057.963   0.992036
12058.071   0.987346
12058.178   0.982726
12058.286   0.979675
12058.393   0.979246
12058.500   0.981770
12058.608   0.986335
12058.715   0.991335
12058.823   0.995528
12058.930   0.998349
12059.038   0.999589
12059.145   0.999436
12059.252   0.998315
12059.360   0.996474
12059.467   0.994586
12059.575   0.993062
12059.682   0.991902
12059.790   0.991397
12059.897   0.991692
12060.004   0.992598
12060.112   0.993647
12060.219   0.993756
12060.327   0.991579
12060.434   0.986570
12060.542   0.979088
12060.649   0.970754
12060.756   0.963867
12060.864   0.960139
12060.971   0.959645
12061.079   0.959545
12061.186   0.955361
12061.294   0.941613
12061.401   0.914785
12061.508   0.876439
12061.616   0.834190
12061.723   0.801581
12061.831   0.790410
12061.938   0.805906
12062.046   0.842834
12062.153   0.888084
12062.260   0.929427
12062.368   0.959022
12062.475   0.976384
12062.583   0.985241
12062.690   0.989301
12062.798   0.990879
12062.905   0.990204
12063.012   0.986689
12063.120   0.980234
12063.227   0.971960
12063.335   0.964460
12063.442   0.960444
12063.550   0.961631
12063.657   0.967817
12063.764   0.977070
12063.872   0.986836
12063.979   0.994752
12064.087   0.999711
12064.194   1.001795
12064.302   1.002086
12064.409   1.001636
12064.516   1.001026
12064.624   1.000717
12064.731   1.000833
12064.839   1.001284
12064.946   1.001716
12065.054   1.001680
12065.161   1.001119
12065.268   1.000282
12065.376   0.999548
12065.483   0.998815
12065.591   0.997099
12065.698   0.993340
12065.806   0.986776
12065.913   0.977571
12066.020   0.967117
12066.128   0.958067
12066.235   0.953378
12066.343   0.953693
12066.450   0.956538
12066.558   0.955703
12066.665   0.944799
12066.772   0.921443
12066.880   0.888132
12066.987   0.854266
12067.095   0.831487
12067.202   0.828982
12067.310   0.848838
12067.417   0.883757
12067.524   0.922516
12067.632   0.954474
12067.739   0.975145
12067.847   0.985949
12067.954   0.990199
12068.062   0.991165
12068.169   0.990478
12068.276   0.988344
12068.384   0.984501
12068.491   0.978584
12068.599   0.970388
12068.706   0.960624
12068.814   0.951104
12068.921   0.944140
12069.028   0.942392
12069.136   0.947172
12069.243   0.957394
12069.351   0.970076
12069.458   0.981306
12069.566   0.988905
12069.673   0.992817
12069.780   0.994211
12069.888   0.994287
12069.995   0.993243
12070.103   0.990864
12070.210   0.987057
12070.318   0.981060
12070.425   0.969776
12070.532   0.949253
12070.640   0.916515
12070.747   0.871960
12070.855   0.823288
12070.962   0.782691
12071.070   0.763578
12071.177   0.773012
12071.284   0.806713
12071.392   0.852339
12071.499   0.894270
12071.607   0.922639
12071.714   0.935477
12071.822   0.937653
12071.929   0.937101
12072.036   0.939813
12072.144   0.948412
12072.251   0.961092
12072.359   0.974559
12072.466   0.985943
12072.574   0.993519
12072.681   0.997615
12072.788   0.999317
12072.896   0.999847
12073.003   1.000052
12073.111   0.999993
12073.218   0.999667
12073.326   0.999509
12073.433   0.999664
12073.540   0.999845
12073.648   0.999922
12073.755   0.999893
12073.863   0.999926
12073.970   1.000126
12074.078   1.000456
12074.185   1.000817
12074.292   1.000796
12074.400   0.999887
12074.507   0.997258
12074.615   0.992048
12074.722   0.984094
12074.830   0.974146
12074.937   0.964457
12075.044   0.958074
12075.152   0.957621
12075.259   0.963512
12075.367   0.973707
12075.474   0.984830
12075.581   0.993660
12075.689   0.999122
12075.796   1.001547
12075.904   1.002035
12076.011   1.001830
12076.119   1.001297
12076.226   1.000636
12076.333   1.000375
12076.441   1.000547
12076.548   1.000676
12076.656   1.000581
12076.763   1.000018
12076.871   0.998666
12076.978   0.996484
12077.085   0.993072
12077.193   0.987367
12077.300   0.977165
12077.408   0.958998
12077.515   0.930011
12077.623   0.889822
12077.730   0.843791
12077.837   0.801405
12077.945   0.770749
12078.052   0.755205
12078.160   0.751326
12078.267   0.753701
12078.375   0.761293
12078.482   0.777058
12078.589   0.804673
12078.697   0.843943
12078.804   0.888200
12078.912   0.929069
12079.019   0.960192
12079.127   0.979742
12079.234   0.990363
12079.341   0.995477
12079.449   0.997765
12079.556   0.998913
12079.664   0.999744
12079.771   1.000482
12079.879   1.001155
12079.986   1.001606
12080.093   1.001548
12080.201   1.001140
12080.308   1.000930
12080.416   1.001312
12080.523   1.002169
12080.631   1.002820
12080.738   1.002683
12080.845   1.001515
12080.953   0.998865
12081.060   0.993883
12081.168   0.985603
12081.275   0.973263
12081.383   0.957891
12081.490   0.942173
12081.597   0.929176
12081.705   0.921574
12081.812   0.920476
12081.920   0.926009
12082.027   0.937244
12082.135   0.952084
12082.242   0.967449
12082.349   0.980621
12082.457   0.990367
12082.564   0.996262
12082.672   0.998464
12082.779   0.997996
12082.887   0.996379
12082.994   0.994304
12083.101   0.992008
12083.209   0.990064
12083.316   0.989132
12083.424   0.989828
12083.531   0.992276
12083.639   0.995610
12083.746   0.998675
12083.853   1.000537
12083.961   1.000967
12084.068   1.000770
12084.176   1.000531
12084.283   1.000004
12084.391   0.998352
12084.498   0.994343
12084.605   0.987556
12084.713   0.978817
12084.820   0.970192
12084.928   0.964756
12085.035   0.964776
12085.143   0.970605
12085.250   0.979824
12085.357   0.988839
12085.465   0.995398
12085.572   0.998839
12085.680   1.000224
12085.787   1.000765
12085.895   1.000489
12086.002   0.999378
12086.109   0.998045
12086.217   0.997102
12086.324   0.997046
12086.432   0.997613
12086.539   0.997574
12086.647   0.996327
12086.754   0.994172
12086.861   0.991790
12086.969   0.989825
12087.076   0.987878
12087.184   0.984904
12087.291   0.979726
12087.399   0.970506
12087.506   0.954008
12087.613   0.925749
12087.721   0.880600
12087.828   0.816657
12087.936   0.741440
12088.043   0.670421
12088.151   0.624078
12088.258   0.616955
12088.365   0.649514
12088.473   0.710701
12088.580   0.781876
12088.688   0.847426
12088.795   0.899138
12088.903   0.935607
12089.010   0.959495
12089.117   0.974298
12089.225   0.983127
12089.332   0.988255
12089.440   0.991312
12089.547   0.992876
12089.655   0.993285
12089.762   0.993218
12089.869   0.993195
12089.977   0.993749
12090.084   0.994920
12090.192   0.995735
12090.299   0.995618
12090.407   0.994550
12090.514   0.992655
12090.621   0.990379
12090.729   0.988093
12090.836   0.986044
12090.944   0.984734
12091.051   0.984852
12091.159   0.986566
12091.266   0.989421
12091.373   0.992484
12091.481   0.994536
12091.588   0.994496
12091.696   0.991783
12091.803   0.986686
12091.911   0.980576
12092.018   0.976022
12092.125   0.974987
12092.233   0.977815
12092.340   0.983634
12092.448   0.990414
12092.555   0.996119
12092.663   0.999628
12092.770   1.001243
12092.877   1.002021
12092.985   1.002510
12093.092   1.002830
12093.200   1.003038
12093.307   1.003197
12093.414   1.003340
12093.522   1.003325
12093.629   1.002779
12093.737   1.001539
12093.844   1.000010
12093.952   0.998773
12094.059   0.998291
12094.166   0.998514
12094.274   0.998902
12094.381   0.999134
12094.489   0.999032
12094.596   0.998692
12094.704   0.998497
12094.811   0.998238
12094.918   0.997486
12095.026   0.996172
12095.133   0.994126
12095.241   0.990821
12095.348   0.985356
12095.456   0.976497
12095.563   0.963216
12095.670   0.944621
12095.778   0.918908
12095.885   0.883018
12095.993   0.835882
12096.100   0.782334
12096.208   0.733553
12096.315   0.705008
12096.422   0.707417
12096.530   0.741198
12096.637   0.795756
12096.745   0.854298
12096.852   0.904086
12096.960   0.939699
12097.067   0.962570
12097.174   0.976836
12097.282   0.985784
12097.389   0.991424
12097.497   0.995004
12097.604   0.997563
12097.712   0.999599
12097.819   1.001132
12097.926   1.002057
12098.034   1.002400
12098.141   1.002341
12098.249   1.002035
12098.356   1.001679
12098.464   1.001533
12098.571   1.001670
12098.678   1.001819
12098.786   1.001640
12098.893   1.001179
12099.001   1.000672
12099.108   0.999877
12099.216   0.998078
12099.323   0.994847
12099.430   0.990635
12099.538   0.986730
12099.645   0.984517
12099.753   0.984893
12099.860   0.987495
12099.968   0.990903
12100.075   0.994174
12100.182   0.996889
12100.290   0.998783
12100.397   0.999929
12100.505   1.000667
12100.612   1.001242
12100.720   1.001462
12100.827   1.000985
12100.934   0.999867
12101.042   0.998547
12101.149   0.997611
12101.257   0.997356
12101.364   0.997723
12101.472   0.998517
12101.579   0.999486
12101.686   1.000515
12101.794   1.001435
12101.901   1.001972
12102.009   1.001941
12102.116   1.001592
12102.224   1.001500
12102.331   1.002036
12102.438   1.003206
12102.546   1.004243
12102.653   1.004310
12102.761   1.003460
12102.868   1.002052
12102.976   1.000467
12103.083   0.998743
12103.190   0.996267
12103.298   0.992844
12103.405   0.989290
12103.513   0.986612
12103.620   0.985574
12103.728   0.986531
12103.835   0.989166
12103.942   0.992605
12104.050   0.995672
12104.157   0.997693
12104.265   0.998820
12104.372   0.999559
12104.480   1.000309
12104.587   1.001073
12104.694   1.001647
12104.802   1.001885
12104.909   1.001732
12105.017   1.001322
12105.124   1.000851
12105.232   1.000494
12105.339   1.000406
12105.446   1.000637
12105.554   1.001206
12105.661   1.001985
12105.769   1.002678
12105.876   1.003123
12105.984   1.003098
12106.091   1.002305
12106.198   1.000846
12106.306   0.998984
12106.413   0.997212
12106.521   0.995889
12106.628   0.994140
12106.736   0.990585
12106.843   0.984408
12106.950   0.975553
12107.058   0.965443
12107.165   0.956553
12107.273   0.951305
12107.380   0.951159
12107.488   0.955711
12107.595   0.963142
12107.702   0.971285
12107.810   0.978602
12107.917   0.984433
12108.025   0.988632
12108.132   0.991394
12108.240   0.992850
12108.347   0.993038
12108.454   0.992346
12108.562   0.990869
12108.669   0.987772
12108.777   0.981897
12108.884   0.972294
12108.992   0.959105
12109.099   0.944628
12109.206   0.931739
12109.314   0.922182
12109.421   0.915284
12109.529   0.906403
12109.636   0.888823
12109.744   0.856046
12109.851   0.806167
12109.958   0.745290
12110.066   0.686690
12110.173   0.646808
12110.281   0.637106
12110.388   0.660198
12110.495   0.708600
12110.603   0.769635
12110.710   0.831316
12110.818   0.884707
12110.925   0.925576
12111.033   0.953514
12111.140   0.971060
12111.247   0.981375
12111.355   0.986731
12111.462   0.988555
12111.570   0.987947
12111.677   0.986335
12111.785   0.985520
12111.892   0.986248
12111.999   0.988196
12112.107   0.990923
12112.214   0.993720
12112.322   0.995851
12112.429   0.996685
12112.537   0.995322
12112.644   0.991097
12112.751   0.984387
12112.859   0.976198
12112.966   0.967884
12113.074   0.960875
12113.181   0.956168
12113.289   0.953900
12113.396   0.953463
12113.503   0.954318
12113.611   0.956611
12113.718   0.961144
12113.826   0.968364
12113.933   0.977256
12114.041   0.985714
12114.148   0.992026
12114.255   0.995634
12114.363   0.997063
12114.470   0.997206
12114.578   0.996522
12114.685   0.994942
12114.793   0.992397
12114.900   0.989135
12115.007   0.985802
12115.115   0.982836
12115.222   0.979597
12115.330   0.974489
12115.437   0.964969
12115.545   0.948593
12115.652   0.925492
12115.759   0.900645
12115.867   0.882555
12115.974   0.878064
12116.082   0.889486
12116.189   0.913051
12116.297   0.940783
12116.404   0.965066
12116.511   0.981520
12116.619   0.990154
12116.726   0.993442
12116.834   0.993869
12116.941   0.993163
12117.049   0.992806
12117.156   0.993662
12117.263   0.995713
12117.371   0.998267
12117.478   1.000001
12117.586   1.000183
12117.693   0.999206
12117.801   0.998095
12117.908   0.997749
12118.015   0.998180
12118.123   0.998966
12118.230   0.999577
12118.338   0.999390
12118.445   0.997828
12118.553   0.994659
12118.660   0.990374
12118.767   0.986176
12118.875   0.983838
12118.982   0.983942
12119.090   0.984993
12119.197   0.984700
12119.305   0.979935
12119.412   0.967792
12119.519   0.947412
12119.627   0.921183
12119.734   0.895336
12119.842   0.877390
12119.949   0.871847
12120.057   0.876146
12120.164   0.881945
12120.271   0.880619
12120.379   0.868273
12120.486   0.849278
12120.594   0.833675
12120.701   0.831584
12120.809   0.847474
12120.916   0.877262
12121.023   0.912391
12121.131   0.944456
12121.238   0.968219
12121.346   0.982651
12121.453   0.990002
12121.561   0.993370
12121.668   0.995021
12121.775   0.996274
12121.883   0.996950
12121.990   0.996335
12122.098   0.994190
12122.205   0.990356
12122.313   0.985125
12122.420   0.979335
12122.527   0.973814
12122.635   0.969828
12122.742   0.968909
12122.850   0.971372
12122.957   0.975792
12123.065   0.979726
12123.172   0.980677
12123.279   0.977962
12123.387   0.973227
12123.494   0.969001
12123.602   0.967537
12123.709   0.969661
12123.817   0.974662
12123.924   0.981296
12124.031   0.988086
12124.139   0.993483
12124.246   0.996864
12124.354   0.998512
12124.461   0.998853
12124.569   0.998523
12124.676   0.997941
12124.783   0.997083
12124.891   0.996061
12124.998   0.995267
12125.106   0.995009
12125.213   0.995222
12125.321   0.995822
12125.428   0.996963
12125.535   0.998226
12125.643   0.998867
12125.750   0.998946
12125.858   0.998577
12125.965   0.997279
12126.073   0.994990
12126.180   0.992367
12126.287   0.990105
12126.395   0.988557
12126.502   0.987275
12126.610   0.984743
12126.717   0.979337
12126.825   0.970178
12126.932   0.957874
12127.039   0.945261
12127.147   0.936087
12127.254   0.933748
12127.362   0.939575
12127.469   0.951593
12127.576   0.966045
12127.684   0.979113
12127.791   0.988741
12127.899   0.995021
12128.006   0.998800
12128.114   1.000807
12128.221   1.001340
12128.328   1.000732
12128.436   0.999966
12128.543   0.999802
12128.651   1.000186
12128.758   1.000601
12128.866   1.000263
12128.973   0.999048
12129.080   0.997449
12129.188   0.995599
12129.295   0.993678
12129.403   0.992095
12129.510   0.991363
12129.618   0.992124
12129.725   0.994234
12129.832   0.996504
12129.940   0.997951
12130.047   0.998538
12130.155   0.998737
12130.262   0.999195
12130.370   1.000344
12130.477   1.001932
12130.584   1.003128
12130.692   1.003140
12130.799   1.002119
12130.907   1.000962
12131.014   1.000469
12131.122   1.000924
12131.229   1.001794
12131.336   1.002270
12131.444   1.002151
12131.551   1.001826
12131.659   1.001668
12131.766   1.001673
12131.874   1.001597
12131.981   1.001418
12132.088   1.001434
12132.196   1.002037
12132.303   1.003462
12132.411   1.005227
12132.518   1.006292
12132.626   1.006082
12132.733   1.004780
12132.840   1.003008
12132.948   1.001422
12133.055   1.000135
12133.163   0.998909
12133.270   0.997773
12133.378   0.996773
12133.485   0.995714
12133.592   0.994415
12133.700   0.992628
12133.807   0.990056
12133.915   0.986039
12134.022   0.979427
12134.130   0.969615
12134.237   0.957271
12134.344   0.944909
12134.452   0.936229
12134.559   0.934380
12134.667   0.939898
12134.774   0.949893
12134.882   0.959664
12134.989   0.964478
12135.096   0.961715
12135.204   0.951663
12135.311   0.937407
12135.419   0.923860
12135.526   0.915533
12135.634   0.914853
12135.741   0.921331
12135.848   0.932761
12135.956   0.946296
12136.063   0.959422
12136.171   0.970774
12136.278   0.979427
12136.386   0.984548
12136.493   0.986155
12136.600   0.984737
12136.708   0.980344
12136.815   0.972877
12136.923   0.963009
12137.030   0.952952
12137.138   0.945542
12137.245   0.942844
12137.352   0.944548
12137.460   0.947143
12137.567   0.945031
12137.675   0.933372
12137.782   0.911877
12137.890   0.885867
12137.997   0.864944
12138.104   0.858237
12138.212   0.869251
12138.319   0.894779
12138.427   0.926264
12138.534   0.954664
12138.642   0.974983
12138.749   0.986599
12138.856   0.991561
12138.964   0.993034
12139.071   0.993346
12139.179   0.993420
12139.286   0.993712
12139.394   0.994430
12139.501   0.995417
12139.608   0.996139
12139.716   0.995925
12139.823   0.994028
12139.931   0.989981
12140.038   0.983106
12140.146   0.971791
12140.253   0.954399
12140.360   0.931358
12140.468   0.906875
12140.575   0.887347
12140.683   0.879252
12140.790   0.886548
12140.898   0.907589
12141.005   0.935342
12141.112   0.961378
12141.220   0.979952
12141.327   0.989864
12141.435   0.994065
12141.542   0.995891
12141.650   0.996496
12141.757   0.995824
12141.864   0.993837
12141.972   0.989987
12142.079   0.982728
12142.187   0.971003
12142.294   0.955636
12142.402   0.939456
12142.509   0.927103
12142.616   0.923068
12142.724   0.929262
12142.831   0.943784
12142.939   0.961712
12143.046   0.977461
12143.154   0.987737
12143.261   0.993264
12143.368   0.996215
12143.476   0.997744
12143.583   0.998246
12143.691   0.997726
12143.798   0.996388
12143.906   0.995041
12144.013   0.993969
12144.120   0.992488
12144.228   0.989929
12144.335   0.985740
12144.443   0.979323
12144.550   0.970519
12144.657   0.959896
12144.765   0.949120
12144.872   0.940626
12144.980   0.936183
12145.087   0.935006
12145.195   0.933345
12145.302   0.925693
12145.409   0.906837
12145.517   0.876188
12145.624   0.840374
12145.732   0.812380
12145.839   0.805341
12145.947   0.824304
12146.054   0.863184
12146.161   0.908051
12146.269   0.946134
12146.376   0.971524
12146.484   0.984650
12146.591   0.989261
12146.699   0.989842
12146.806   0.989668
12146.913   0.989929
12147.021   0.990890
12147.128   0.992341
12147.236   0.993714
12147.343   0.994666
12147.451   0.995141
12147.558   0.995238
12147.665   0.994922
12147.773   0.993724
12147.880   0.991087
12147.988   0.986340
12148.095   0.978773
12148.203   0.968474
12148.310   0.957201
12148.417   0.948398
12148.525   0.945278
12148.632   0.949263
12148.740   0.958853
12148.847   0.970384
12148.955   0.980672
12149.062   0.987858
12149.169   0.991913
12149.277   0.994055
12149.384   0.995084
12149.492   0.995508
12149.599   0.995851
12149.707   0.996169
12149.814   0.996215
12149.921   0.995829
12150.029   0.995099
12150.136   0.994170
12150.244   0.992964
12150.351   0.991196
12150.459   0.988462
12150.566   0.983573
12150.673   0.974162
12150.781   0.957648
12150.888   0.932415
12150.996   0.900622
12151.103   0.869016
12151.211   0.846965
12151.318   0.842831
12151.425   0.858876
12151.533   0.889794
12151.640   0.925217
12151.748   0.955414
12151.855   0.975603
12151.963   0.986576
12152.070   0.991897
12152.177   0.994515
12152.285   0.996100
12152.392   0.997194
12152.500   0.997865
12152.607   0.998144
12152.715   0.998084
12152.822   0.998046
12152.929   0.998260
12153.037   0.998631
12153.144   0.998991
12153.252   0.999197
12153.359   0.999492
12153.467   1.000068
12153.574   1.000751
12153.681   1.001308
12153.789   1.001490
12153.896   1.001177
12154.004   1.000870
12154.111   1.001184
12154.219   1.001392
12154.326   1.000421
12154.433   0.998938
12154.541   0.998194
12154.648   0.998325
12154.756   0.998865
12154.863   0.999539
12154.971   1.000293
12155.078   1.001100
12155.185   1.001752
12155.293   1.001920
12155.400   1.001530
12155.508   1.000684
12155.615   0.999845
12155.723   0.999610
12155.830   1.000046
12155.937   1.001018
12156.045   1.002125
12156.152   1.002937
12156.260   1.003451
12156.367   1.003619
12156.475   1.003221
12156.582   1.002357
12156.689   1.001511
12156.797   1.000907
12156.904   1.000492
12157.012   1.000221
12157.119   1.000112
12157.227   1.000308
12157.334   1.000749
12157.441   1.001127
12157.549   1.001161
12157.656   1.000828
12157.764   1.000481
12157.871   1.000176
12157.979   0.999477
12158.086   0.998343
12158.193   0.997094
12158.301   0.996133
12158.408   0.995472
12158.516   0.993993
12158.623   0.990208
12158.731   0.983712
12158.838   0.975666
12158.945   0.968395
12159.053   0.964447
12159.160   0.965249
12159.268   0.970266
12159.375   0.977238
12159.483   0.983438
12159.590   0.986958
12159.697   0.987448
12159.805   0.985745
12159.912   0.982864
12160.020   0.979653
12160.127   0.976667
12160.235   0.974070
12160.342   0.971411
12160.449   0.967592
12160.557   0.962203
12160.664   0.956267
12160.772   0.951754
12160.879   0.951051
12160.987   0.955251
12161.094   0.963553
12161.201   0.974037
12161.309   0.983839
12161.416   0.990464
12161.524   0.993650
12161.631   0.994794
12161.738   0.995225
12161.846   0.995445
12161.953   0.995657
12162.061   0.996024
12162.168   0.995941
12162.276   0.994838
12162.383   0.993169
12162.490   0.991340
12162.598   0.988960
12162.705   0.985433
12162.813   0.980425
12162.920   0.974131
12163.028   0.967645
12163.135   0.962606
12163.242   0.960698
12163.350   0.962830
12163.457   0.968355
12163.565   0.975497
12163.672   0.982327
12163.780   0.987645
12163.887   0.990901
12163.994   0.991787
12164.102   0.990018
12164.209   0.985353
12164.317   0.978157
12164.424   0.969013
12164.532   0.958055
12164.639   0.944811
12164.746   0.927384
12164.854   0.904044
12164.961   0.876101
12165.069   0.849808
12165.176   0.834775
12165.284   0.838267
12165.391   0.860601
12165.498   0.894753
12165.606   0.930111
12165.713   0.958164
12165.821   0.976213
12165.928   0.986047
12166.036   0.990713
12166.143   0.992367
12166.250   0.992113
12166.358   0.990434
12166.465   0.987469
12166.573   0.983483
12166.680   0.979441
12166.788   0.976748
12166.895   0.976554
12167.002   0.979199
12167.110   0.983674
12167.217   0.988751
12167.325   0.993660
12167.432   0.997330
12167.540   0.999064
12167.647   0.999377
12167.754   0.999053
12167.862   0.998728
12167.969   0.998748
12168.077   0.999010
12168.184   0.999488
12168.292   1.000044
12168.399   1.000421
12168.506   1.000541
12168.614   1.000337
12168.721   0.999882
12168.829   0.999616
12168.936   0.999973
12169.044   1.000743
12169.151   1.001313
12169.258   1.001499
12169.366   1.001523
12169.473   1.001372
12169.581   1.000959
12169.688   1.000489
12169.796   1.000283
12169.903   1.000657
12170.010   1.001611
12170.118   1.002550
12170.225   1.002969
12170.333   1.002991
12170.440   1.002773
12170.548   1.002289
12170.655   1.001606
12170.762   1.000806
12170.870   1.000178
12170.977   1.000086
12171.085   1.000427
12171.192   1.000832
12171.300   1.001206
12171.407   1.001568
12171.514   1.001769
12171.622   1.001661
12171.729   1.001252
12171.837   1.000766
12171.944   1.000610
12172.052   1.000942
12172.159   1.001219
12172.266   1.001073
12172.374   1.001020
12172.481   1.001325
12172.589   1.001798
12172.696   1.002257
12172.804   1.002329
12172.911   1.001983
12173.018   1.001494
12173.126   1.001033
12173.233   1.000581
12173.341   0.999699
12173.448   0.998136
12173.556   0.996341
12173.663   0.995117
12173.770   0.995011
12173.878   0.996010
12173.985   0.997785
12174.093   0.999878
12174.200   1.001858
12174.308   1.003353
12174.415   1.003860
12174.522   1.003405
12174.630   1.002580
12174.737   1.001928
12174.845   1.001914
12174.952   1.002057
12175.060   1.001287
12175.167   0.999392
12175.274   0.996669
12175.382   0.992833
12175.489   0.986269
12175.597   0.974444
12175.704   0.955546
12175.812   0.931253
12175.919   0.907427
12176.026   0.891861
12176.134   0.890885
12176.241   0.905589
12176.349   0.930730
12176.456   0.957548
12176.564   0.978861
12176.671   0.991813
12176.778   0.998013
12176.886   1.000780
12176.993   1.001352
12177.101   0.999185
12177.208   0.993991
12177.316   0.985942
12177.423   0.975530
12177.530   0.963615
12177.638   0.951409
12177.745   0.940736
12177.853   0.933687
12177.960   0.931578
12178.068   0.934323
12178.175   0.940918
12178.282   0.950046
12178.390   0.960363
12178.497   0.970271
12178.605   0.978207
12178.712   0.983323
12178.819   0.985708
12178.927   0.986319
12179.034   0.986736
12179.142   0.988066
12179.249   0.989901
12179.357   0.991065
12179.464   0.990833
12179.571   0.989509
12179.679   0.988194
12179.786   0.987930
12179.894   0.989005
12180.001   0.990500
12180.109   0.991163
12180.216   0.990536
12180.323   0.989200
12180.431   0.988599
12180.538   0.989523
12180.646   0.991420
12180.753   0.992894
12180.861   0.992359
12180.968   0.989468
12181.075   0.985339
12181.183   0.981868
12181.290   0.981302
12181.398   0.984586
12181.505   0.990055
12181.613   0.994841
12181.720   0.996426
12181.827   0.993632
12181.935   0.987734
12182.042   0.981512
12182.150   0.977642
12182.257   0.977794
12182.365   0.981764
12182.472   0.987634
12182.579   0.992926
12182.687   0.995635
12182.794   0.994738
12182.902   0.990494
12183.009   0.984279
12183.117   0.978261
12183.224   0.974983
12183.331   0.976100
12183.439   0.981151
12183.546   0.987549
12183.654   0.992621
12183.761   0.995436
12183.869   0.996066
12183.976   0.994553
12184.083   0.990569
12184.191   0.984248
12184.298   0.977860
12184.406   0.974691
12184.513   0.976100
12184.621   0.980898
12184.728   0.986848
12184.835   0.991878
12184.943   0.994388
12185.050   0.993465
12185.158   0.988782
12185.265   0.979945
12185.373   0.967027
12185.480   0.951749
12185.587   0.938047
12185.695   0.930643
12185.802   0.932146
12185.910   0.942018
12186.017   0.956848
12186.125   0.971927
12186.232   0.983878
12186.339   0.991025
12186.447   0.992564
12186.554   0.989512
12186.662   0.983615
12186.769   0.976033
12186.877   0.968660
12186.984   0.963595
12187.091   0.961914
12187.199   0.962884
12187.306   0.963786
12187.414   0.961536
12187.521   0.954330
12187.629   0.942962
12187.736   0.930487
12187.843   0.920771
12187.951   0.917117
12188.058   0.920581
12188.166   0.928875
12188.273   0.938071
12188.381   0.946032
12188.488   0.953217
12188.595   0.961287
12188.703   0.970900
12188.810   0.980755
12188.918   0.988843
12189.025   0.993973
12189.133   0.996210
12189.240   0.996506
12189.347   0.995835
12189.455   0.994115
12189.562   0.990074
12189.670   0.982028
12189.777   0.968794
12189.885   0.950718
12189.992   0.930509
12190.099   0.912703
12190.207   0.901754
12190.314   0.900475
12190.422   0.908897
12190.529   0.924576
12190.637   0.943489
12190.744   0.961463
12190.851   0.975883
12190.959   0.985774
12191.066   0.991307
12191.174   0.992943
12191.281   0.990969
12191.389   0.985590
12191.496   0.978007
12191.603   0.970848
12191.711   0.966966
12191.818   0.968285
12191.926   0.974632
12192.033   0.983297
12192.141   0.990653
12192.248   0.994899
12192.355   0.996599
12192.463   0.997315
12192.570   0.998438
12192.678   1.000111
12192.785   1.001426
12192.893   1.001361
12193.000   0.999062
12193.107   0.994254
12193.215   0.987488
12193.322   0.980339
12193.430   0.975083
12193.537   0.973475
12193.645   0.976027
12193.752   0.981475
12193.859   0.987559
12193.967   0.992675
12194.074   0.996123
12194.182   0.997929
12194.289   0.998656
12194.397   0.998865
12194.504   0.998874
12194.611   0.998600
12194.719   0.997471
12194.826   0.994675
12194.934   0.989383
12195.041   0.980900
12195.149   0.969409
12195.256   0.956486
12195.363   0.945036
12195.471   0.938656
12195.578   0.940109
12195.686   0.949258
12195.793   0.962803
12195.901   0.976232
12196.008   0.986020
12196.115   0.991737
12196.223   0.995070
12196.330   0.997254
12196.438   0.998644
12196.545   0.999034
12196.652   0.998381
12196.760   0.997439
12196.867   0.996548
12196.975   0.994900
12197.082   0.991847
12197.190   0.987991
12197.297   0.984874
12197.404   0.983925
12197.512   0.985639
12197.619   0.989470
12197.727   0.994036
12197.834   0.997588
12197.942   0.999380
12198.049   0.999813
12198.156   0.999463
12198.264   0.998992
12198.371   0.998737
12198.479   0.998427
12198.586   0.997883
12198.694   0.997153
12198.801   0.996052
12198.908   0.994102
12199.016   0.990920
12199.123   0.986116
12199.231   0.978777
12199.338   0.968166
12199.446   0.953974
12199.553   0.935857
12199.660   0.914749
12199.768   0.894098
12199.875   0.879635
12199.983   0.877069
12200.090   0.888858
12200.198   0.911841
12200.305   0.939057
12200.412   0.963595
12200.520   0.981209
12200.627   0.991545
12200.735   0.996473
12200.842   0.998151
12200.950   0.998214
12201.057   0.997867
12201.164   0.997674
12201.272   0.997329
12201.379   0.996734
12201.487   0.996422
12201.594   0.996759
12201.702   0.997794
12201.809   0.998952
12201.916   0.999341
12202.024   0.999130
12202.131   0.999042
12202.239   0.999177
12202.346   0.999324
12202.454   0.999538
12202.561   0.999815
12202.668   0.999404
12202.776   0.997741
12202.883   0.995447
12202.991   0.992909
12203.098   0.989797
12203.206   0.986637
12203.313   0.984884
12203.420   0.985218
12203.528   0.987133
12203.635   0.989945
12203.743   0.993179
12203.850   0.996225
12203.958   0.998393
12204.065   0.999780
12204.172   1.000901
12204.280   1.001575
12204.387   1.001626
12204.495   1.001362
12204.602   1.000935
12204.710   1.000375
12204.817   0.999504
12204.924   0.997985
12205.032   0.996117
12205.139   0.994994
12205.247   0.995263
12205.354   0.996430
12205.462   0.997978
12205.569   0.999731
12205.676   1.001062
12205.784   1.001471
12205.891   1.001233
12205.999   1.000671
12206.106   1.000273
12206.214   1.000492
12206.321   1.000931
12206.428   1.001081
12206.536   1.000712
12206.643   0.999973
12206.751   0.999712
12206.858   1.000322
12206.966   1.001014
12207.073   1.000704
12207.180   0.998536
12207.288   0.994578
12207.395   0.990095
12207.503   0.986352
12207.610   0.984432
12207.718   0.985175
12207.825   0.988294
12207.932   0.992678
12208.040   0.996941
12208.147   0.999810
12208.255   1.001019
12208.362   1.001042
12208.470   1.000431
12208.577   0.999975
12208.684   1.000179
12208.792   1.000961
12208.899   1.001897
12209.007   1.002278
12209.114   1.001904
12209.222   1.001283
12209.329   1.000428
12209.436   0.998714
12209.544   0.996246
12209.651   0.993697
12209.759   0.990574
12209.866   0.985804
12209.974   0.979402
12210.081   0.972284
12210.188   0.965589
12210.296   0.960034
12210.403   0.955144
12210.511   0.950014
12210.618   0.944880
12210.726   0.940646
12210.833   0.938239
12210.940   0.938650
12211.048   0.942159
12211.155   0.947779
12211.263   0.953064
12211.370   0.954581
12211.478   0.950064
12211.585   0.941240
12211.692   0.933136
12211.800   0.931111
12211.907   0.937976
12212.015   0.951793
12212.122   0.967688
12212.230   0.980301
12212.337   0.986291
12212.444   0.986071
12212.552   0.981734
12212.659   0.975943
12212.767   0.971626
12212.874   0.970909
12212.982   0.974169
12213.089   0.980049
12213.196   0.986561
12213.304   0.991585
12213.411   0.993118
12213.519   0.990339
12213.626   0.984905
12213.733   0.978144
12213.841   0.966618
12213.948   0.945377
12214.056   0.914015
12214.163   0.876950
12214.271   0.843417
12214.378   0.823997
12214.485   0.824848
12214.593   0.845639
12214.700   0.879121
12214.808   0.915138
12214.915   0.945118
12215.023   0.964961
12215.130   0.974870
12215.237   0.977238
12215.345   0.975301
12215.452   0.972078
12215.560   0.970231
12215.667   0.971530
12215.775   0.976070
12215.882   0.982449
12215.989   0.988780
12216.097   0.993673
12216.204   0.996745
12216.312   0.998084
12216.419   0.998321
12216.527   0.998889
12216.634   1.000378
12216.741   1.002028
12216.849   1.002857
12216.956   1.002307
12217.064   1.000813
12217.171   0.999296
12217.279   0.998053
12217.386   0.996912
12217.493   0.996223
12217.601   0.996533
12217.708   0.997378
12217.816   0.997628
12217.923   0.996157
12218.031   0.992227
12218.138   0.986014
12218.245   0.978659
12218.353   0.972336
12218.460   0.969334
12218.568   0.970770
12218.675   0.976292
12218.783   0.984024
12218.890   0.991405
12218.997   0.996505
12219.105   0.998852
12219.212   0.999357
12219.320   0.999543
12219.427   1.000341
12219.535   1.001400
12219.642   1.002025
12219.749   1.002026
12219.857   1.001502
12219.964   1.000535
12220.072   0.999366
12220.179   0.998676
12220.287   0.998885
12220.394   0.999714
12220.501   1.000509
12220.609   1.000268
12220.716   0.998707
12220.824   0.996454
12220.931   0.993556
12221.039   0.989586
12221.146   0.984024
12221.253   0.976984
12221.361   0.970713
12221.468   0.968035
12221.576   0.969923
12221.683   0.975558
12221.791   0.982732
12221.898   0.988741
12222.005   0.991571
12222.113   0.990744
12222.220   0.986816
12222.328   0.979284
12222.435   0.965811
12222.543   0.944038
12222.650   0.913822
12222.757   0.879422
12222.865   0.849762
12222.972   0.834249
12223.080   0.838887
12223.187   0.862641
12223.295   0.897739
12223.402   0.933587
12223.509   0.961577
12223.617   0.978868
12223.724   0.987203
12223.832   0.990377
12223.939   0.991044
12224.047   0.989785
12224.154   0.986408
12224.261   0.980981
12224.369   0.974915
12224.476   0.970785
12224.584   0.970582
12224.691   0.974562
12224.799   0.981286
12224.906   0.988471
12225.013   0.994477
12225.121   0.998761
12225.228   1.001243
12225.336   1.002270
12225.443   1.002664
12225.551   1.003128
12225.658   1.004243
12225.765   1.005833
12225.873   1.006733
12225.980   1.006290
12226.088   1.004726
12226.195   1.002669
12226.303   1.000853
12226.410   0.999426
12226.517   0.997806
12226.625   0.995776
12226.732   0.993768
12226.840   0.991817
12226.947   0.989378
12227.055   0.985435
12227.162   0.978778
12227.269   0.969097
12227.377   0.957387
12227.484   0.946094
12227.592   0.938575
12227.699   0.937531
12227.807   0.943794
12227.914   0.955586
12228.021   0.969365
12228.129   0.981361
12228.236   0.989410
12228.344   0.993614
12228.451   0.995285
12228.559   0.995891
12228.666   0.996193
12228.773   0.996472
12228.881   0.996862
12228.988   0.997161
12229.096   0.997269
12229.203   0.997419
12229.311   0.997756
12229.418   0.998485
12229.525   0.999544
12229.633   1.000255
12229.740   1.000063
12229.848   0.999034
12229.955   0.997745
12230.063   0.996843
12230.170   0.996611
12230.277   0.996821
12230.385   0.996672
12230.492   0.995015
12230.600   0.991061
12230.707   0.984800
12230.814   0.977135
12230.922   0.970603
12231.029   0.968063
12231.137   0.970237
12231.244   0.975876
12231.352   0.982112
12231.459   0.986227
12231.566   0.987687
12231.674   0.987097
12231.781   0.985265
12231.889   0.982447
12231.996   0.977766
12232.104   0.969952
12232.211   0.957931
12232.318   0.942143
12232.426   0.925509
12232.533   0.912545
12232.641   0.908053
12232.748   0.914053
12232.856   0.928735
12232.963   0.947772
12233.070   0.965967
12233.178   0.979395
12233.285   0.986644
12233.393   0.988613
12233.500   0.986617
12233.608   0.981112
12233.715   0.971373
12233.822   0.956281
12233.930   0.936385
12234.037   0.915271
12234.145   0.898464
12234.252   0.891668
12234.360   0.897720
12234.467   0.914976
12234.574   0.938095
12234.682   0.960414
12234.789   0.977553
12234.897   0.988255
12235.004   0.993875
12235.112   0.996567
12235.219   0.997804
12235.326   0.998344
12235.434   0.998564
12235.541   0.998631
12235.649   0.998418
12235.756   0.998012
12235.864   0.997709
12235.971   0.997646
12236.078   0.997899
12236.186   0.998200
12236.293   0.998169
12236.401   0.998055
12236.508   0.998126
12236.616   0.998283
12236.723   0.998535
12236.830   0.998747
12236.938   0.998722
12237.045   0.998786
12237.153   0.999130
12237.260   0.998979
12237.368   0.997453
12237.475   0.994510
12237.582   0.990552
12237.690   0.986023
12237.797   0.981761
12237.905   0.979244
12238.012   0.979393
12238.120   0.982029
12238.227   0.986303
12238.334   0.990670
12238.442   0.993662
12238.549   0.994672
12238.657   0.994109
12238.764   0.992350
12238.872   0.988287
12238.979   0.980575
12239.086   0.969576
12239.194   0.956987
12239.301   0.945818
12239.409   0.939572
12239.516   0.940755
12239.624   0.949549
12239.731   0.962824
12239.838   0.976102
12239.946   0.985840
12240.053   0.991498
12240.161   0.994912
12240.268   0.997034
12240.376   0.997764
12240.483   0.997658
12240.590   0.997377
12240.698   0.996210
12240.805   0.992953
12240.913   0.987254
12241.020   0.979575
12241.128   0.971120
12241.235   0.963162
12241.342   0.956688
12241.450   0.952870
12241.557   0.952987
12241.665   0.957582
12241.772   0.965770
12241.880   0.975511
12241.987   0.984354
12242.094   0.990844
12242.202   0.995022
12242.309   0.997841
12242.417   1.000335
12242.524   1.002342
12242.632   1.003097
12242.739   1.002777
12242.846   1.002044
12242.954   1.001587
12243.061   1.001853
12243.169   1.002453
12243.276   1.002978
12243.384   1.003472
12243.491   1.003810
12243.598   1.003668
12243.706   1.003023
12243.813   1.002194
12243.921   1.001592
12244.028   1.001490
12244.136   1.001731
12244.243   1.001946
12244.350   1.002029
12244.458   1.001979
12244.565   1.001602
12244.673   1.000595
12244.780   0.998650
12244.888   0.995653
12244.995   0.992029
12245.102   0.988586
12245.210   0.986419
12245.317   0.986380
12245.425   0.988290
12245.532   0.991303
12245.640   0.994376
12245.747   0.996808
12245.854   0.998607
12245.962   0.999985
12246.069   1.001019
12246.177   1.001451
12246.284   1.000979
12246.392   1.000186
12246.499   0.999607
12246.606   0.998120
12246.714   0.994336
12246.821   0.988219
12246.929   0.981008
12247.036   0.975253
12247.144   0.972922
12247.251   0.973924
12247.358   0.977396
12247.466   0.982364
12247.573   0.987584
12247.681   0.991752
12247.788   0.994612
12247.895   0.996739
12248.003   0.998148
12248.110   0.998818
12248.218   0.999285
12248.325   0.999901
12248.433   1.000410
12248.540   1.000242
12248.647   0.999121
12248.755   0.997123
12248.862   0.994419
12248.970   0.991406
12249.077   0.988832
12249.185   0.987275
12249.292   0.986662
12249.399   0.986699
12249.507   0.987091
12249.614   0.987520
12249.722   0.988105
12249.829   0.989056
12249.937   0.989982
12250.044   0.990252
12250.151   0.989062
12250.259   0.985223
12250.366   0.977577
12250.474   0.965644
12250.581   0.950327
12250.689   0.934904
12250.796   0.923678
12250.903   0.920127
12251.011   0.925827
12251.118   0.939399
12251.226   0.957120
12251.333   0.974125
12251.441   0.986956
12251.548   0.994709
12251.655   0.998542
12251.763   1.000390
12251.870   1.001316
12251.978   1.001644
12252.085   1.001522
12252.193   1.001176
12252.300   1.000549
12252.407   0.999370
12252.515   0.998091
12252.622   0.996939
12252.730   0.995249
12252.837   0.993094
12252.945   0.991355
12253.052   0.990808
12253.159   0.991950
12253.267   0.994318
12253.374   0.996683
12253.482   0.998470
12253.589   0.999779
12253.697   1.000642
12253.804   1.001178
12253.911   1.001855
12254.019   1.003105
12254.126   1.004497
12254.234   1.005165
12254.341   1.005110
12254.449   1.004874
12254.556   1.004763
12254.663   1.004674
12254.771   1.004281
12254.878   1.003648
12254.986   1.002825
12255.093   1.001671
12255.201   1.000507
12255.308   0.999620
12255.415   0.999158
12255.523   0.999272
12255.630   0.999753
12255.738   1.000226
12255.845   1.000463
12255.953   1.000627
12256.060   1.001055
12256.167   1.001286
12256.275   1.000611
12256.382   0.999483
12256.490   0.998459
12256.597   0.996995
12256.705   0.994006
12256.812   0.988251
12256.919   0.979444
12257.027   0.969013
12257.134   0.959152
12257.242   0.952400
12257.349   0.950867
12257.457   0.955377
12257.564   0.964530
12257.671   0.975182
12257.779   0.984704
12257.886   0.991521
12257.994   0.995277
12258.101   0.996695
12258.209   0.996847
12258.316   0.996497
12258.423   0.995554
12258.531   0.994038
12258.638   0.992986
12258.746   0.993352
12258.853   0.995168
12258.961   0.997577
12259.068   0.999285
12259.175   0.999932
12259.283   1.000329
12259.390   1.001208
12259.498   1.002547
12259.605   1.003359
12259.713   1.002678
12259.820   1.001218
12259.927   1.000232
12260.035   0.999975
12260.142   1.000270
12260.250   1.000870
12260.357   1.001429
12260.465   1.001517
12260.572   1.000826
12260.679   0.999464
12260.787   0.997709
12260.894   0.995987
12261.002   0.994620
12261.109   0.993626
12261.217   0.993139
12261.324   0.993340
12261.431   0.994272
12261.539   0.995879
12261.646   0.997793
12261.754   0.999402
12261.861   1.000064
12261.969   0.999655
12262.076   0.999141
12262.183   0.999322
12262.291   0.999722
12262.398   0.999535
12262.506   0.998657
12262.613   0.997644
12262.721   0.997073
12262.828   0.996692
12262.935   0.995141
12263.043   0.991053
12263.150   0.984231
12263.258   0.975364
12263.365   0.965335
12263.473   0.955852
12263.580   0.949184
12263.687   0.947038
12263.795   0.950790
12263.902   0.959667
12264.010   0.970418
12264.117   0.980284
12264.225   0.987843
12264.332   0.992606
12264.439   0.995284
12264.547   0.997087
12264.654   0.998453
12264.762   0.999316
12264.869   0.999510
12264.976   0.998863
12265.084   0.997580
12265.191   0.995905
12265.299   0.993964
12265.406   0.992276
12265.514   0.991579
12265.621   0.992168
12265.728   0.993483
12265.836   0.994596
12265.943   0.994674
12266.051   0.993341
12266.158   0.990929
12266.266   0.987301
12266.373   0.980961
12266.480   0.969731
12266.588   0.951336
12266.695   0.924719
12266.803   0.892117
12266.910   0.860235
12267.018   0.839232
12267.125   0.836398
12267.232   0.852572
12267.340   0.882027
12267.447   0.914819
12267.555   0.942520
12267.662   0.961017
12267.770   0.971068
12267.877   0.976166
12267.984   0.979779
12268.092   0.983693
12268.199   0.987714
12268.307   0.991118
12268.414   0.993691
12268.522   0.995538
12268.629   0.996844
12268.736   0.997952
12268.844   0.999014
12268.951   0.999578
12269.059   0.999079
12269.166   0.998024
12269.274   0.997340
12269.381   0.996437
12269.488   0.993927
12269.596   0.989235
12269.703   0.982648
12269.811   0.975816
12269.918   0.970781
12270.026   0.968475
12270.133   0.969600
12270.240   0.974472
12270.348   0.981814
12270.455   0.989091
12270.563   0.993945
12270.670   0.995161
12270.778   0.993581
12270.885   0.991329
12270.992   0.989983
12271.100   0.990304
12271.207   0.992076
12271.315   0.994510
12271.422   0.996452
12271.530   0.996739
12271.637   0.995416
12271.744   0.992992
12271.852   0.989395
12271.959   0.984636
12272.067   0.979454
12272.174   0.975183
12272.282   0.973591
12272.389   0.975561
12272.496   0.980359
12272.604   0.986733
12272.711   0.993097
12272.819   0.997913
12272.926   1.000344
12273.034   1.000708
12273.141   1.000215
12273.248   0.999824
12273.356   0.999823
12273.463   0.999945
12273.571   0.999879
12273.678   0.999639
12273.786   0.999389
12273.893   0.999298
12274.000   0.999265
12274.108   0.998912
12274.215   0.998154
12274.323   0.997337
12274.430   0.996757
12274.538   0.996264
12274.645   0.995605
12274.752   0.994921
12274.860   0.994143
12274.967   0.993199
12275.075   0.992893
12275.182   0.993728
12275.290   0.995415
12275.397   0.997693
12275.504   0.998974
12275.612   0.997709
12275.719   0.995211
12275.827   0.993001
12275.934   0.991422
12276.042   0.989887
12276.149   0.986443
12276.256   0.981862
12276.364   0.980096
12276.471   0.982249
12276.579   0.986420
12276.686   0.991137
12276.794   0.995113
12276.901   0.997426
12277.008   0.998257
12277.116   0.998331
12277.223   0.998421
12277.331   0.998696
12277.438   0.998714
12277.546   0.998312
12277.653   0.997794
12277.760   0.997569
12277.868   0.997962
12277.975   0.999160
12278.083   1.000814
12278.190   1.002143
12278.298   1.002628
12278.405   1.001931
12278.512   1.000514
12278.620   0.999285
12278.727   0.998332
12278.835   0.997597
12278.942   0.997294
12279.050   0.997781
12279.157   0.998795
12279.264   0.999277
12279.372   0.999148
12279.479   0.999092
12279.587   0.999060
12279.694   0.998835
12279.802   0.998476
12279.909   0.997957
12280.016   0.997467
12280.124   0.997192
12280.231   0.996716
12280.339   0.995836
12280.446   0.995047
12280.554   0.994290
12280.661   0.993324
12280.768   0.992738
12280.876   0.992967
12280.983   0.993870
12281.091   0.995190
12281.198   0.997005
12281.306   0.999345
12281.413   1.001097
12281.520   1.001298
12281.628   1.000549
12281.735   0.999855
12281.843   0.999816
12281.950   1.000417
12282.057   1.000828
12282.165   1.000582
12282.272   1.000238
12282.380   1.000151
12282.487   1.000211
12282.595   1.000522
12282.702   1.001143
12282.809   1.002044
12282.917   1.003115
12283.024   1.004025
12283.132   1.004648
12283.239   1.005012
12283.347   1.005098
12283.454   1.005386
12283.561   1.006191
12283.669   1.007008
12283.776   1.007217
12283.884   1.006298
12283.991   1.004351
12284.099   1.002066
12284.206   0.999759
12284.313   0.997327
12284.421   0.994662
12284.528   0.991931
12284.636   0.989280
12284.743   0.987104
12284.851   0.986696
12284.958   0.988820
12285.065   0.991928
12285.173   0.993608
12285.280   0.992271
12285.388   0.987105
12285.495   0.978722
12285.603   0.969188
12285.710   0.961505
12285.817   0.958121
12285.925   0.959677
12286.032   0.965685
12286.140   0.974599
12286.247   0.983936
12286.355   0.991466
12286.462   0.996220
12286.569   0.998375
12286.677   0.998961
12286.784   0.999098
12286.892   0.999253
12286.999   0.999436
12287.107   0.999677
12287.214   1.000129
12287.321   1.000494
12287.429   1.000375
12287.536   0.999926
12287.644   0.999524
12287.751   0.999335
12287.859   0.999274
12287.966   0.999344
12288.073   0.999571
12288.181   0.999896
12288.288   1.000149
12288.396   1.000036
12288.503   0.999540
12288.611   0.998913
12288.718   0.998420
12288.825   0.998119
12288.933   0.998108
12289.040   0.998613
12289.148   0.999037
12289.255   0.998840
12289.363   0.998684
12289.470   0.999083
12289.577   0.999928
12289.685   1.000938
12289.792   1.001403
12289.900   1.000887
12290.007   0.999536
12290.115   0.997666
12290.222   0.995879
12290.329   0.994775
12290.437   0.994645
12290.544   0.995409
12290.652   0.996782
12290.759   0.998269
12290.867   0.999310
12290.974   0.999367
12291.081   0.997779
12291.189   0.994109
12291.296   0.988219
12291.404   0.979772
12291.511   0.967931
12291.619   0.952421
12291.726   0.935416
12291.833   0.921868
12291.941   0.916380
12292.048   0.921208
12292.156   0.935480
12292.263   0.954474
12292.371   0.972211
12292.478   0.984534
12292.585   0.991081
12292.693   0.994368
12292.800   0.996534
12292.908   0.998057
12293.015   0.998711
12293.123   0.998623
12293.230   0.998480
12293.337   0.998841
12293.445   0.999596
12293.552   1.000200
12293.660   1.000296
12293.767   1.000087
12293.875   0.999730
12293.982   0.999304
12294.089   0.999286
12294.197   0.999568
12294.304   0.999482
12294.412   0.999172
12294.519   0.999257
12294.627   0.999848
12294.734   1.000552
12294.841   1.000833
12294.949   1.000407
12295.056   0.999491
12295.164   0.998662
12295.271   0.998472
12295.379   0.998985
12295.486   0.999816
12295.593   1.000217
12295.701   0.999612
12295.808   0.998602
12295.916   0.998249
12296.023   0.998566
12296.131   0.999020
12296.238   0.999489
12296.345   0.999800
12296.453   0.999716
12296.560   0.999365
12296.668   0.998710
12296.775   0.997254
12296.883   0.994358
12296.990   0.989474
12297.097   0.982562
12297.205   0.974730
12297.312   0.968135
12297.420   0.964065
12297.527   0.962841
12297.635   0.964532
12297.742   0.968111
12297.849   0.972847
12297.957   0.978466
12298.064   0.983659
12298.172   0.987595
12298.279   0.990633
12298.387   0.992859
12298.494   0.994265
12298.601   0.995173
12298.709   0.995981
12298.816   0.996848
12298.924   0.997624
12299.031   0.998347
12299.138   0.998922
12299.246   0.998941
12299.353   0.998253
12299.461   0.997144
12299.568   0.995966
12299.676   0.994718
12299.783   0.993340
12299.890   0.992253
12299.998   0.992096
12300.105   0.992922
12300.213   0.994366
12300.320   0.996008
12300.428   0.997399
12300.535   0.998360
12300.642   0.998758
12300.750   0.998689
12300.857   0.998782
12300.965   0.999567
12301.072   1.000744
12301.180   1.001371
12301.287   1.000973
12301.394   1.000013
12301.502   0.999244
12301.609   0.998855
12301.717   0.998689
12301.824   0.998709
12301.932   0.998645
12302.039   0.998595
12302.146   0.998979
12302.254   0.999458
12302.361   0.999492
12302.469   0.999044
12302.576   0.998435
12302.684   0.998006
12302.791   0.997839
12302.898   0.997852
12303.006   0.998137
12303.113   0.998768
12303.221   0.999605
12303.328   1.000517
12303.436   1.001139
12303.543   1.001123
12303.650   1.000416
12303.758   0.999415
12303.865   0.999027
12303.973   0.999620
12304.080   1.000685
12304.188   1.001342
12304.295   1.001116
12304.402   1.000711
12304.510   1.000809
12304.617   1.000865
12304.725   1.000323
12304.832   0.999617
12304.940   0.999218
12305.047   0.999175
12305.154   0.999186
12305.262   0.998413
12305.369   0.996773
12305.477   0.995059
12305.584   0.993437
12305.692   0.992058
12305.799   0.991657
12305.906   0.992494
12306.014   0.994206
12306.121   0.996321
12306.229   0.998211
12306.336   0.999400
12306.444   0.999616
12306.551   0.998881
12306.658   0.998396
12306.766   0.999052
12306.873   1.000209
12306.981   1.001214
12307.088   1.001586
12307.196   1.001128
12307.303   1.000350
12307.410   0.999728
12307.518   0.999635
12307.625   1.000209
12307.733   1.001026
12307.840   1.001423
12307.948   1.000896
12308.055   0.999753
12308.162   0.998683
12308.270   0.997793
12308.377   0.996867
12308.485   0.995652
12308.592   0.993930
12308.700   0.991857
12308.807   0.989797
12308.914   0.988152
12309.022   0.987282
12309.129   0.987440
12309.237   0.988690
12309.344   0.990686
12309.452   0.992975
12309.559   0.994782
12309.666   0.995517
12309.774   0.995674
12309.881   0.995955
12309.989   0.996598
12310.096   0.997513
12310.204   0.998287
12310.311   0.998698
12310.418   0.999015
12310.526   0.999431
12310.633   0.999797
12310.741   0.999694
12310.848   0.998802
12310.956   0.997327
12311.063   0.996071
12311.170   0.995902
12311.278   0.996778
12311.385   0.997949
12311.493   0.998790
12311.600   0.999249
12311.708   0.999622
12311.815   0.999927
12311.922   0.999963
12312.030   0.999607
12312.137   0.999253
12312.245   0.999417
12312.352   0.999837
12312.460   0.999918
12312.567   0.999501
12312.674   0.999047
12312.782   0.998842
12312.889   0.998726
12312.997   0.998936
12313.104   0.999385
12313.212   0.999418
12313.319   0.998869
12313.426   0.997957
12313.534   0.996963
12313.641   0.996063
12313.749   0.995220
12313.856   0.994339
12313.964   0.993239
12314.071   0.991717
12314.178   0.989606
12314.286   0.986925
12314.393   0.984115
12314.501   0.981745
12314.608   0.980395
12314.716   0.980612
12314.823   0.982533
12314.930   0.985767
12315.038   0.989387
12315.145   0.992489
12315.253   0.994740
12315.360   0.996155
12315.468   0.997032
12315.575   0.997668
12315.682   0.998098
12315.790   0.998585
12315.897   0.999312
12316.005   0.999962
12316.112   1.000521
12316.220   1.001360
12316.327   1.002299
12316.434   1.002447
12316.542   1.001484
12316.649   1.000365
12316.757   0.999960
12316.864   1.000268
12316.971   1.000784
12317.079   1.000927
12317.186   1.000690
12317.294   1.000386
12317.401   1.000237
12317.509   1.000503
12317.616   1.001069
12317.723   1.001711
12317.831   1.002207
12317.938   1.002160
12318.046   1.001568
12318.153   1.000685
12318.261   0.999810
12318.368   0.999241
12318.475   0.999012
12318.583   0.999246
12318.690   1.000187
12318.798   1.001490
12318.905   1.002564
12319.013   1.003127
12319.120   1.002887
12319.227   1.002203
12319.335   1.002027
12319.442   1.002404
12319.550   1.002702
12319.657   1.002444
12319.765   1.001416
12319.872   1.000344
12319.979   1.000112
12320.087   1.000324
12320.194   1.000372
12320.302   1.000343
12320.409   1.000385
12320.517   1.000494
12320.624   1.000624
12320.731   1.000955
12320.839   1.001636
12320.946   1.002127
12321.054   1.001864
12321.161   1.001051
12321.269   1.000503
12321.376   1.000918
12321.483   1.001762
12321.591   1.001919
12321.698   1.001449
12321.806   1.001225
12321.913   1.001447
12322.021   1.001756
12322.128   1.001794
12322.235   1.001097
12322.343   0.999418
12322.450   0.996731
12322.558   0.993289
12322.665   0.989637
12322.773   0.986288
12322.880   0.983877
12322.987   0.982854
12323.095   0.983482
12323.202   0.985749
12323.310   0.988776
12323.417   0.992505
12323.525   0.994017
12323.632   0.993926
12323.739   0.993215
12323.847   0.993279
12323.954   0.994536
12324.062   0.996203
12324.169   0.996217
12324.277   0.993539
12324.384   0.989259
12324.491   0.984432
12324.599   0.979791
12324.706   0.976416
12324.814   0.975185
12324.921   0.976643
12325.029   0.981125
12325.136   0.987533
12325.243   0.993395
12325.351   0.997045
12325.458   0.998262
12325.566   0.998103
12325.673   0.997790
12325.781   0.997647
12325.888   0.997711
12325.995   0.998072
12326.103   0.998558
12326.210   0.998619
12326.318   0.998095
12326.425   0.997387
12326.533   0.996734
12326.640   0.996043
12326.747   0.994930
12326.855   0.993141
12326.962   0.990890
12327.070   0.988444
12327.177   0.986287
12327.285   0.985235
12327.392   0.985650
12327.499   0.987294
12327.607   0.989478
12327.714   0.991639
12327.822   0.993934
12327.929   0.996221
12328.037   0.997630
12328.144   0.997727
12328.251   0.996777
12328.359   0.995254
12328.466   0.993571
12328.574   0.992181
12328.681   0.991516
12328.789   0.991446
12328.896   0.992146
12329.003   0.994087
12329.111   0.996675
12329.218   0.998913
12329.326   1.000395
12329.433   1.000861
12329.541   1.000217
12329.648   0.998712
12329.755   0.996553
12329.863   0.993864
12329.970   0.990360
12330.078   0.985387
12330.185   0.978581
12330.293   0.970184
12330.400   0.961851
12330.507   0.956560
12330.615   0.956389
12330.722   0.961739
12330.830   0.971030
12330.937   0.980805
12331.045   0.988438
12331.152   0.993367
12331.259   0.996114
12331.367   0.997525
12331.474   0.998147
12331.582   0.998421
12331.689   0.999063
12331.797   1.000050
12331.904   1.000619
12332.011   1.000196
12332.119   1.000309
12332.226   1.000642
12332.334   1.000914
12332.441   1.000934
12332.549   1.000584
12332.656   1.000058
12332.763   0.999823
12332.871   0.999997
12332.978   1.000246
12333.086   1.000279
12333.193   1.000091
12333.301   0.999678
12333.408   0.999220
12333.515   0.999050
12333.623   0.999043
12333.730   0.999042
12333.838   0.999149
12333.945   0.999460
12334.052   1.000027
12334.160   1.000584
12334.267   1.000803
12334.375   1.000663
12334.482   1.000229
12334.590   0.999458
12334.697   0.998587
12334.804   0.998292
12334.912   0.998788
12335.019   0.999539
12335.127   0.999847
12335.234   0.999504
12335.342   0.999368
12335.449   1.000110
12335.556   1.000783
12335.664   1.000627
12335.771   1.000275
12335.879   1.000059
12335.986   0.999660
12336.094   0.999210
12336.201   0.998948
12336.308   0.998877
12336.416   0.999135
12336.523   0.999457
12336.631   0.999456
12336.738   0.999510
12336.846   0.999965
12336.953   1.000379
12337.060   1.000246
12337.168   0.999626
12337.275   0.998908
12337.383   0.998907
12337.490   0.999985
12337.598   1.001248
12337.705   1.001980
12337.812   1.001978
12337.920   1.001477
12338.027   1.001237
12338.135   1.001218
12338.242   1.000983
12338.350   1.000704
12338.457   1.000456
12338.564   0.999826
12338.672   0.998728
12338.779   0.998166
12338.887   0.998804
12338.994   0.999765
12339.102   1.000347
12339.209   1.000917
12339.316   1.001643
12339.424   1.001916
12339.531   1.001446
12339.639   1.000965
12339.746   1.001007
12339.854   1.001108
12339.961   1.000754
12340.068   0.999758
12340.176   0.998684
12340.283   0.998690
12340.391   0.999474
12340.498   0.999880
12340.606   0.999816
12340.713   0.999500
12340.820   0.998843
12340.928   0.997919
12341.035   0.997124
12341.143   0.996830
12341.250   0.996954
12341.358   0.996971
12341.465   0.996475
12341.572   0.995699
12341.680   0.995164
12341.787   0.995235
12341.895   0.995922
12342.002   0.996799
12342.110   0.997631
12342.217   0.998449
12342.324   0.999072
12342.432   0.999302
12342.539   0.999004
12342.647   0.998309
12342.754   0.997537
12342.862   0.996807
12342.969   0.996388
12343.076   0.996434
12343.184   0.996875
12343.291   0.997954
12343.399   0.999355
12343.506   1.000105
12343.614   0.999921
12343.721   0.999197
12343.828   0.998539
12343.936   0.998549
12344.043   0.999234
12344.151   1.000254
12344.258   1.001114
12344.366   1.001218
12344.473   1.000561
12344.580   0.999463
12344.688   0.998460
12344.795   0.998097
12344.903   0.998012
12345.010   0.997774
12345.118   0.997456
12345.225   0.997190
12345.332   0.997246
12345.440   0.997691
12345.547   0.998595
12345.655   0.999815
12345.762   1.000189
12345.870   0.999261
12345.977   0.998100
12346.084   0.997700
12346.192   0.998441
12346.299   0.999804
12346.407   1.000738
12346.514   1.000962
12346.622   1.000747
