 9740.000   0.899542
 9740.065   0.913724
 9740.130   0.925539
 9740.195   0.933456
 9740.261   0.936668
 9740.326   0.935786
 9740.391   0.932684
 9740.456   0.929904
 9740.521   0.929542
 9740.586   0.932620
 9740.651   0.938656
 9740.716   0.946104
 9740.782   0.953065
 9740.847   0.958067
 9740.912   0.960529
 9740.977   0.961067
 9741.042   0.961024
 9741.107   0.961741
 9741.172   0.963976
 9741.237   0.967832
 9741.303   0.972709
 9741.368   0.977618
 9741.433   0.981620
 9741.498   0.984283
 9741.563   0.985706
 9741.628   0.986402
 9741.693   0.986988
 9741.758   0.987954
 9741.824   0.989535
 9741.889   0.991748
 9741.954   0.994433
 9742.019   0.997276
 9742.084   0.999906
 9742.149   1.002006
 9742.214   1.003403
 9742.279   1.004160
 9742.345   1.004563
 9742.410   1.004917
 9742.475   1.005336
 9742.540   1.005793
 9742.605   1.006185
 9742.670   1.006324
 9742.735   1.006021
 9742.800   1.005179
 9742.866   1.003795
 9742.931   1.002025
 9742.996   1.000178
 9743.061   0.998591
 9743.126   0.997470
 9743.191   0.996951
 9743.256   0.997034
 9743.321   0.997619
 9743.387   0.998580
 9743.452   0.999758
 9743.517   1.000871
 9743.582   1.001674
 9743.647   1.002100
 9743.712   1.002174
 9743.777   1.001891
 9743.842   1.001236
 9743.908   1.000116
 9743.973   0.998297
 9744.038   0.995514
 9744.103   0.991852
 9744.168   0.987766
 9744.233   0.983982
 9744.298   0.981284
 9744.363   0.980312
 9744.429   0.981150
 9744.494   0.983406
 9744.559   0.986444
 9744.624   0.989639
 9744.689   0.992501
 9744.754   0.994683
 9744.819   0.995932
 9744.884   0.996202
 9744.950   0.995648
 9745.015   0.994356
 9745.080   0.992283
 9745.145   0.989381
 9745.210   0.985607
 9745.275   0.980842
 9745.340   0.974931
 9745.405   0.967393
 9745.471   0.957205
 9745.536   0.942858
 9745.601   0.922444
 9745.666   0.893641
 9745.731   0.847781
 9745.796   0.786285
 9745.861   0.724629
 9745.926   0.661239
 9745.992   0.604910
 9746.057   0.565135
 9746.122   0.549156
 9746.187   0.560358
 9746.252   0.596700
 9746.317   0.651745
 9746.382   0.716167
 9746.447   0.780614
 9746.513   0.837908
 9746.578   0.884241
 9746.643   0.918536
 9746.708   0.942190
 9746.773   0.957997
 9746.838   0.968628
 9746.903   0.976017
 9746.968   0.981466
 9747.034   0.985549
 9747.099   0.988258
 9747.164   0.989452
 9747.229   0.989185
 9747.294   0.987626
 9747.359   0.985048
 9747.424   0.981870
 9747.489   0.978609
 9747.555   0.975754
 9747.620   0.973784
 9747.685   0.973099
 9747.750   0.973919
 9747.815   0.976190
 9747.880   0.979542
 9747.945   0.983452
 9748.010   0.987394
 9748.076   0.990943
 9748.141   0.993900
 9748.206   0.996319
 9748.271   0.998278
 9748.336   0.999798
 9748.401   1.000875
 9748.466   1.001502
 9748.531   1.001730
 9748.597   1.001688
 9748.662   1.001436
 9748.727   1.000957
 9748.792   1.000307
 9748.857   0.999540
 9748.922   0.998605
 9748.987   0.997511
 9749.052   0.996470
 9749.118   0.995765
 9749.183   0.995550
 9749.248   0.995874
 9749.313   0.996671
 9749.378   0.997731
 9749.443   0.998749
 9749.508   0.999512
 9749.573   0.999981
 9749.639   1.000234
 9749.704   1.000308
 9749.769   1.000204
 9749.834   0.999883
 9749.899   0.999231
 9749.964   0.998115
 9750.029   0.996482
 9750.094   0.994320
 9750.160   0.991562
 9750.225   0.988205
 9750.290   0.984541
 9750.355   0.981292
 9750.420   0.979221
 9750.485   0.978738
 9750.550   0.979760
 9750.615   0.981866
 9750.681   0.984294
 9750.746   0.986246
 9750.811   0.987252
 9750.876   0.987192
 9750.941   0.986081
 9751.006   0.983992
 9751.071   0.980980
 9751.136   0.976785
 9751.202   0.970738
 9751.267   0.962022
 9751.332   0.949486
 9751.397   0.931470
 9751.462   0.906116
 9751.527   0.871920
 9751.592   0.827945
 9751.657   0.775409
 9751.723   0.718325
 9751.788   0.663402
 9751.853   0.618655
 9751.918   0.592029
 9751.983   0.588824
 9752.048   0.610297
 9752.113   0.652700
 9752.178   0.708506
 9752.244   0.768954
 9752.309   0.826241
 9752.374   0.874813
 9752.439   0.912375
 9752.504   0.939392
 9752.569   0.957612
 9752.634   0.969448
 9752.699   0.977300
 9752.765   0.982841
 9752.830   0.986853
 9752.895   0.989631
 9752.960   0.991385
 9753.025   0.992525
 9753.090   0.993527
 9753.155   0.994521
 9753.220   0.995429
 9753.286   0.996160
 9753.351   0.996743
 9753.416   0.997213
 9753.481   0.997624
 9753.546   0.998089
 9753.611   0.998671
 9753.676   0.999309
 9753.741   0.999826
 9753.807   1.000062
 9753.872   0.999961
 9753.937   0.999621
 9754.002   0.999287
 9754.067   0.999212
 9754.132   0.999476
 9754.197   0.999962
 9754.262   1.000475
 9754.328   1.000869
 9754.393   1.001058
 9754.458   1.001034
 9754.523   1.000861
 9754.588   1.000631
 9754.653   1.000370
 9754.718   1.000057
 9754.783   0.999729
 9754.849   0.999443
 9754.914   0.999037
 9754.979   0.998150
 9755.044   0.996528
 9755.109   0.994214
 9755.174   0.991408
 9755.239   0.988495
 9755.304   0.985939
 9755.370   0.984020
 9755.435   0.982701
 9755.500   0.981860
 9755.565   0.981256
 9755.630   0.980368
 9755.695   0.978596
 9755.760   0.975249
 9755.825   0.969443
 9755.891   0.959946
 9755.956   0.945142
 9756.021   0.923120
 9756.086   0.892536
 9756.151   0.853252
 9756.216   0.801480
 9756.281   0.719945
 9756.346   0.666660
 9756.412   0.630086
 9756.477   0.617097
 9756.542   0.630555
 9756.607   0.668228
 9756.672   0.723060
 9756.737   0.784899
 9756.802   0.843949
 9756.867   0.893615
 9756.933   0.930953
 9756.998   0.956089
 9757.063   0.971582
 9757.128   0.980709
 9757.193   0.986177
 9757.258   0.989703
 9757.323   0.991999
 9757.388   0.992966
 9757.454   0.992312
 9757.519   0.989816
 9757.584   0.985409
 9757.649   0.979234
 9757.714   0.971802
 9757.779   0.963910
 9757.844   0.956618
 9757.909   0.950918
 9757.975   0.947572
 9758.040   0.946703
 9758.105   0.947852
 9758.170   0.949827
 9758.235   0.951061
 9758.300   0.950088
 9758.365   0.946294
 9758.430   0.939964
 9758.496   0.932618
 9758.561   0.926639
 9758.626   0.924365
 9758.691   0.926800
 9758.756   0.933681
 9758.821   0.943621
 9758.886   0.954620
 9758.951   0.964700
 9759.017   0.972629
 9759.082   0.977852
 9759.147   0.980398
 9759.212   0.980679
 9759.277   0.979133
 9759.342   0.975991
 9759.407   0.971300
 9759.472   0.965166
 9759.538   0.957721
 9759.603   0.949057
 9759.668   0.938857
 9759.733   0.926047
 9759.798   0.908420
 9759.863   0.882774
 9759.928   0.845661
 9759.993   0.795082
 9760.059   0.732205
 9760.124   0.661971
 9760.189   0.593332
 9760.254   0.537128
 9760.319   0.503834
 9760.384   0.500361
 9760.449   0.528218
 9760.514   0.581659
 9760.580   0.650902
 9760.645   0.724216
 9760.710   0.790864
 9760.775   0.843271
 9760.840   0.879125
 9760.905   0.899471
 9760.970   0.907983
 9761.035   0.909604
 9761.101   0.909123
 9761.166   0.910098
 9761.231   0.914846
 9761.296   0.923758
 9761.361   0.935535
 9761.426   0.948205
 9761.491   0.959835
 9761.556   0.968851
 9761.622   0.974610
 9761.687   0.977386
 9761.752   0.977971
 9761.817   0.977575
 9761.882   0.977525
 9761.947   0.978665
 9762.012   0.981101
 9762.077   0.984573
 9762.143   0.988508
 9762.208   0.992184
 9762.273   0.995060
 9762.338   0.997069
 9762.403   0.998328
 9762.468   0.998969
 9762.533   0.999171
 9762.599   0.999263
 9762.664   0.999519
 9762.729   0.999994
 9762.794   1.000536
 9762.859   1.000989
 9762.924   1.001194
 9762.989   1.000953
 9763.054   1.000208
 9763.120   0.999228
 9763.185   0.998380
 9763.250   0.997849
 9763.315   0.997629
 9763.380   0.997670
 9763.445   0.997815
 9763.510   0.997782
 9763.575   0.997326
 9763.641   0.996247
 9763.706   0.994254
 9763.771   0.990970
 9763.836   0.986138
 9763.901   0.979583
 9763.966   0.971035
 9764.031   0.960078
 9764.096   0.946467
 9764.162   0.930455
 9764.227   0.912959
 9764.292   0.895920
 9764.357   0.881897
 9764.422   0.873475
 9764.487   0.872442
 9764.552   0.879204
 9764.617   0.891927
 9764.683   0.907537
 9764.748   0.922381
 9764.813   0.932808
 9764.878   0.935803
 9764.943   0.929454
 9765.008   0.912330
 9765.073   0.883355
 9765.138   0.842720
 9765.204   0.792065
 9765.269   0.735654
 9765.334   0.679632
 9765.399   0.631642
 9765.464   0.598890
 9765.529   0.586558
 9765.594   0.595167
 9765.659   0.621904
 9765.725   0.661222
 9765.790   0.706241
 9765.855   0.750792
 9765.920   0.791528
 9765.985   0.827182
 9766.050   0.857968
 9766.115   0.885008
 9766.180   0.909245
 9766.246   0.930360
 9766.311   0.947206
 9766.376   0.958724
 9766.441   0.964641
 9766.506   0.965282
 9766.571   0.961847
 9766.636   0.956098
 9766.701   0.949816
 9766.767   0.944288
 9766.832   0.940460
 9766.897   0.939016
 9766.962   0.940488
 9767.027   0.944947
 9767.092   0.951611
 9767.157   0.959286
 9767.222   0.966683
 9767.288   0.972686
 9767.353   0.976511
 9767.418   0.977880
 9767.483   0.976690
 9767.548   0.972655
 9767.613   0.965130
 9767.678   0.953038
 9767.743   0.935125
 9767.809   0.910454
 9767.874   0.879691
 9767.939   0.845628
 9768.004   0.813034
 9768.069   0.788051
 9768.134   0.776381
 9768.199   0.780924
 9768.264   0.801092
 9768.330   0.833246
 9768.395   0.870933
 9768.460   0.907481
 9768.525   0.938313
 9768.590   0.961292
 9768.655   0.976126
 9768.720   0.984559
 9768.785   0.989009
 9768.851   0.991404
 9768.916   0.992928
 9768.981   0.994227
 9769.046   0.995375
 9769.111   0.996239
 9769.176   0.996747
 9769.241   0.996955
 9769.306   0.996998
 9769.372   0.997072
 9769.437   0.997303
 9769.502   0.997648
 9769.567   0.997880
 9769.632   0.997824
 9769.697   0.997513
 9769.762   0.997115
 9769.827   0.996741
 9769.893   0.996426
 9769.958   0.996164
 9770.023   0.995907
 9770.088   0.995594
 9770.153   0.995199
 9770.218   0.994652
 9770.283   0.993881
 9770.348   0.992888
 9770.414   0.991796
 9770.479   0.990701
 9770.544   0.989529
 9770.609   0.988072
 9770.674   0.986037
 9770.739   0.983081
 9770.804   0.978655
 9770.869   0.971896
 9770.935   0.961947
 9771.000   0.948696
 9771.065   0.932977
 9771.130   0.916641
 9771.195   0.902615
 9771.260   0.894029
 9771.325   0.892916
 9771.390   0.899789
 9771.456   0.913511
 9771.521   0.931185
 9771.586   0.949452
 9771.651   0.965688
 9771.716   0.978293
 9771.781   0.986737
 9771.846   0.991733
 9771.911   0.994418
 9771.977   0.995808
 9772.042   0.996673
 9772.107   0.997488
 9772.172   0.998344
 9772.237   0.999165
 9772.302   0.999887
 9772.367   1.000487
 9772.432   1.000975
 9772.498   1.001338
 9772.563   1.001585
 9772.628   1.001759
 9772.693   1.001895
 9772.758   1.002007
 9772.823   1.002133
 9772.888   1.002341
 9772.953   1.002637
 9773.019   1.002930
 9773.084   1.003045
 9773.149   1.002932
 9773.214   1.002652
 9773.279   1.002282
 9773.344   1.001834
 9773.409   1.001345
 9773.474   1.000898
 9773.540   1.000568
 9773.605   1.000367
 9773.670   1.000248
 9773.735   1.000112
 9773.800   0.999864
 9773.865   0.999488
 9773.930   0.999085
 9773.995   0.998808
 9774.061   0.998735
 9774.126   0.998838
 9774.191   0.999064
 9774.256   0.999371
 9774.321   0.999692
 9774.386   0.999938
 9774.451   0.999977
 9774.516   0.999645
 9774.582   0.998799
 9774.647   0.997475
 9774.712   0.995849
 9774.777   0.994302
 9774.842   0.993291
 9774.907   0.993130
 9774.972   0.993776
 9775.037   0.994986
 9775.103   0.996388
 9775.168   0.997599
 9775.233   0.998385
 9775.298   0.998736
 9775.363   0.998733
 9775.428   0.998527
 9775.493   0.998251
 9775.558   0.997903
 9775.624   0.997290
 9775.689   0.996207
 9775.754   0.994500
 9775.819   0.992077
 9775.884   0.988784
 9775.949   0.984034
 9776.014   0.976801
 9776.079   0.965607
 9776.145   0.948935
 9776.210   0.925654
 9776.275   0.896389
 9776.340   0.863429
 9776.405   0.831272
 9776.470   0.805645
 9776.535   0.791831
 9776.600   0.792285
 9776.666   0.806916
 9776.731   0.832288
 9776.796   0.862518
 9776.861   0.891743
 9776.926   0.916365
 9776.991   0.934669
 9777.056   0.947023
 9777.121   0.955417
 9777.187   0.962044
 9777.252   0.968184
 9777.317   0.974298
 9777.382   0.980202
 9777.447   0.985419
 9777.512   0.989526
 9777.577   0.992300
 9777.642   0.993686
 9777.708   0.993803
 9777.773   0.992941
 9777.838   0.991523
 9777.903   0.990150
 9777.968   0.989426
 9778.033   0.989659
 9778.098   0.990734
 9778.163   0.992343
 9778.229   0.994025
 9778.294   0.995332
 9778.359   0.996032
 9778.424   0.996201
 9778.489   0.995987
 9778.554   0.995453
 9778.619   0.994552
 9778.684   0.993232
 9778.750   0.991443
 9778.815   0.989085
 9778.880   0.985752
 9778.945   0.980677
 9779.010   0.972661
 9779.075   0.960285
 9779.140   0.942443
 9779.205   0.919607
 9779.271   0.893996
 9779.336   0.869219
 9779.401   0.849981
 9779.466   0.840664
 9779.531   0.843167
 9779.596   0.856694
 9779.661   0.878651
 9779.726   0.904677
 9779.792   0.930172
 9779.857   0.951956
 9779.922   0.968562
 9779.987   0.979711
 9780.052   0.986541
 9780.117   0.990615
 9780.182   0.993052
 9780.247   0.994374
 9780.313   0.994953
 9780.378   0.995115
 9780.443   0.995125
 9780.508   0.995128
 9780.573   0.995134
 9780.638   0.995098
 9780.703   0.994934
 9780.768   0.994589
 9780.834   0.994114
 9780.899   0.993672
 9780.964   0.993327
 9781.029   0.992671
 9781.094   0.991081
 9781.159   0.988138
 9781.224   0.983822
 9781.289   0.978273
 9781.355   0.971856
 9781.420   0.964966
 9781.485   0.957513
 9781.550   0.948412
 9781.615   0.935941
 9781.680   0.918143
 9781.745   0.893595
 9781.810   0.862746
 9781.876   0.829229
 9781.941   0.798479
 9782.006   0.776888
 9782.071   0.770040
 9782.136   0.780498
 9782.201   0.805761
 9782.266   0.840834
 9782.331   0.879130
 9782.397   0.914255
 9782.462   0.941943
 9782.527   0.961573
 9782.592   0.974143
 9782.657   0.981667
 9782.722   0.986355
 9782.787   0.989808
 9782.852   0.992508
 9782.918   0.994511
 9782.983   0.995750
 9783.048   0.996225
 9783.113   0.996053
 9783.178   0.995521
 9783.243   0.994936
 9783.308   0.994507
 9783.373   0.994324
 9783.439   0.994398
 9783.504   0.994569
 9783.569   0.994661
 9783.634   0.994608
 9783.699   0.994441
 9783.764   0.994181
 9783.829   0.993868
 9783.894   0.993500
 9783.960   0.992918
 9784.025   0.991801
 9784.090   0.989877
 9784.155   0.986920
 9784.220   0.982720
 9784.285   0.977039
 9784.350   0.969426
 9784.415   0.959089
 9784.481   0.944294
 9784.546   0.922621
 9784.611   0.891488
 9784.676   0.849062
 9784.741   0.794701
 9784.806   0.731600
 9784.871   0.666250
 9784.937   0.607963
 9785.002   0.567298
 9785.067   0.553312
 9785.132   0.568532
 9785.197   0.609878
 9785.262   0.669537
 9785.327   0.736182
 9785.392   0.798974
 9785.458   0.851410
 9785.523   0.890746
 9785.588   0.917319
 9785.653   0.934279
 9785.718   0.945201
 9785.783   0.952767
 9785.848   0.958775
 9785.913   0.964303
 9785.979   0.969689
 9786.044   0.974972
 9786.109   0.979953
 9786.174   0.984367
 9786.239   0.988064
 9786.304   0.991092
 9786.369   0.993591
 9786.434   0.995706
 9786.500   0.997557
 9786.565   0.999218
 9786.630   1.000644
 9786.695   1.001744
 9786.760   1.002577
 9786.825   1.003352
 9786.890   1.004217
 9786.955   1.005052
 9787.021   1.005662
 9787.086   1.005933
 9787.151   1.005865
 9787.216   1.005490
 9787.281   1.004891
 9787.346   1.004164
 9787.411   1.003339
 9787.476   1.002362
 9787.542   1.001196
 9787.607   0.999987
 9787.672   0.998953
 9787.737   0.998138
 9787.802   0.997366
 9787.867   0.996520
 9787.932   0.995799
 9787.997   0.995482
 9788.063   0.995636
 9788.128   0.996034
 9788.193   0.996329
 9788.258   0.996170
 9788.323   0.995299
 9788.388   0.993745
 9788.453   0.991808
 9788.518   0.989835
 9788.584   0.988203
 9788.649   0.987320
 9788.714   0.987465
 9788.779   0.988594
 9788.844   0.990410
 9788.909   0.992381
 9788.974   0.993942
 9789.039   0.994651
 9789.105   0.994145
 9789.170   0.992114
 9789.235   0.988098
 9789.300   0.981312
 9789.365   0.970628
 9789.430   0.955133
 9789.495   0.934582
 9789.560   0.910412
 9789.626   0.885345
 9789.691   0.863204
 9789.756   0.848449
 9789.821   0.844955
 9789.886   0.853662
 9789.951   0.872845
 9790.016   0.898760
 9790.081   0.926177
 9790.147   0.950366
 9790.212   0.968971
 9790.277   0.981554
 9790.342   0.988838
 9790.407   0.992636
 9790.472   0.994648
 9790.537   0.995832
 9790.602   0.996710
 9790.668   0.997649
 9790.733   0.998574
 9790.798   0.999273
 9790.863   0.999657
 9790.928   0.999835
 9790.993   0.999898
 9791.058   0.999776
 9791.123   0.999253
 9791.189   0.998077
 9791.254   0.996101
 9791.319   0.993273
 9791.384   0.989689
 9791.449   0.985624
 9791.514   0.981686
 9791.579   0.978551
 9791.644   0.976580
 9791.710   0.975517
 9791.775   0.974916
 9791.840   0.974380
 9791.905   0.973710
 9791.970   0.972957
 9792.035   0.972618
 9792.100   0.973296
 9792.165   0.975175
 9792.231   0.977821
 9792.296   0.980615
 9792.361   0.983017
 9792.426   0.984600
 9792.491   0.985225
 9792.556   0.985191
 9792.621   0.984960
 9792.686   0.984748
 9792.752   0.984478
 9792.817   0.983831
 9792.882   0.982327
 9792.947   0.979457
 9793.012   0.974518
 9793.077   0.966479
 9793.142   0.953844
 9793.207   0.934584
 9793.273   0.906662
 9793.338   0.869521
 9793.403   0.824550
 9793.468   0.775771
 9793.533   0.730772
 9793.598   0.698131
 9793.663   0.684339
 9793.728   0.692528
 9793.794   0.721674
 9793.859   0.764982
 9793.924   0.813760
 9793.989   0.860197
 9794.054   0.898778
 9794.119   0.926883
 9794.184   0.945794
 9794.249   0.958050
 9794.315   0.966115
 9794.380   0.971856
 9794.445   0.976364
 9794.510   0.979737
 9794.575   0.981833
 9794.640   0.982705
 9794.705   0.982631
 9794.770   0.981832
 9794.836   0.980231
 9794.901   0.977498
 9794.966   0.973102
 9795.031   0.966478
 9795.096   0.957393
 9795.161   0.946435
 9795.226   0.934733
 9795.291   0.923521
 9795.357   0.913566
 9795.422   0.904649
 9795.487   0.894345
 9795.552   0.878904
 9795.617   0.854492
 9795.682   0.818675
 9795.747   0.771346
 9795.812   0.717776
 9795.878   0.666582
 9795.943   0.627671
 9796.008   0.609770
 9796.073   0.618410
 9796.138   0.651333
 9796.203   0.701477
 9796.268   0.759710
 9796.333   0.816873
 9796.399   0.865670
 9796.464   0.903492
 9796.529   0.930760
 9796.594   0.949416
 9796.659   0.962166
 9796.724   0.971327
 9796.789   0.978124
 9796.854   0.983118
 9796.920   0.986737
 9796.985   0.989340
 9797.050   0.991236
 9797.115   0.992526
 9797.180   0.993177
 9797.245   0.993144
 9797.310   0.992495
 9797.375   0.991261
 9797.441   0.989147
 9797.506   0.985617
 9797.571   0.980202
 9797.636   0.972760
 9797.701   0.963502
 9797.766   0.953485
 9797.831   0.944409
 9797.896   0.938008
 9797.962   0.935590
 9798.027   0.937911
 9798.092   0.944470
 9798.157   0.953744
 9798.222   0.963971
 9798.287   0.973557
 9798.352   0.981277
 9798.417   0.986729
 9798.483   0.990227
 9798.548   0.992332
 9798.613   0.993679
 9798.678   0.994793
 9798.743   0.995903
 9798.808   0.997002
 9798.873   0.997989
 9798.938   0.998736
 9799.004   0.999134
 9799.069   0.999255
 9799.134   0.999342
 9799.199   0.999604
 9799.264   1.000023
 9799.329   1.000466
 9799.394   1.000798
 9799.459   1.000914
 9799.525   1.000787
 9799.590   1.000525
 9799.655   1.000259
 9799.720   1.000060
 9799.785   0.999959
 9799.850   0.999945
 9799.915   0.999894
 9799.980   0.999661
 9800.046   0.999185
 9800.111   0.998461
 9800.176   0.997539
 9800.241   0.996547
 9800.306   0.995651
 9800.371   0.994915
 9800.436   0.994332
 9800.501   0.993847
 9800.567   0.993356
 9800.632   0.992777
 9800.697   0.992135
 9800.762   0.991506
 9800.827   0.990946
 9800.892   0.990507
 9800.957   0.990275
 9801.022   0.990321
 9801.088   0.990650
 9801.153   0.991209
 9801.218   0.991773
 9801.283   0.991987
 9801.348   0.991423
 9801.413   0.989558
 9801.478   0.985891
 9801.543   0.979932
 9801.609   0.970895
 9801.674   0.957334
 9801.739   0.937246
 9801.804   0.909008
 9801.869   0.873349
 9801.934   0.833716
 9801.999   0.795636
 9802.064   0.766407
 9802.130   0.752871
 9802.195   0.758144
 9802.260   0.781015
 9802.325   0.817254
 9802.390   0.859380
 9802.455   0.899717
 9802.520   0.933291
 9802.585   0.958302
 9802.651   0.974708
 9802.716   0.984379
 9802.781   0.989617
 9802.846   0.992168
 9802.911   0.993039
 9802.976   0.992940
 9803.041   0.992392
 9803.106   0.991797
 9803.172   0.991372
 9803.237   0.991180
 9803.302   0.991198
 9803.367   0.991216
 9803.432   0.990927
 9803.497   0.990009
 9803.562   0.988102
 9803.627   0.984791
 9803.693   0.979317
 9803.758   0.970641
 9803.823   0.957266
 9803.888   0.937057
 9803.953   0.907719
 9804.018   0.868289
 9804.083   0.819609
 9804.148   0.765477
 9804.214   0.713572
 9804.279   0.672975
 9804.344   0.651538
 9804.409   0.654097
 9804.474   0.680524
 9804.539   0.724326
 9804.604   0.776779
 9804.669   0.829155
 9804.735   0.874641
 9804.800   0.909754
 9804.865   0.935176
 9804.930   0.952871
 9804.995   0.965070
 9805.060   0.973623
 9805.125   0.979637
 9805.190   0.983309
 9805.256   0.984619
 9805.321   0.983387
 9805.386   0.979081
 9805.451   0.970738
 9805.516   0.957136
 9805.581   0.937396
 9805.646   0.912373
 9805.711   0.884925
 9805.777   0.859277
 9805.842   0.840532
 9805.907   0.833237
 9805.972   0.839198
 9806.037   0.857114
 9806.102   0.883575
 9806.167   0.913222
 9806.232   0.940808
 9806.298   0.963071
 9806.363   0.978964
 9806.428   0.988754
 9806.493   0.994053
 9806.558   0.996656
 9806.623   0.997868
 9806.688   0.998417
 9806.754   0.998735
 9806.819   0.999026
 9806.884   0.999405
 9806.949   0.999882
 9807.014   1.000435
 9807.079   1.001067
 9807.144   1.001637
 9807.209   1.001892
 9807.275   1.001695
 9807.340   1.001062
 9807.405   1.000000
 9807.470   0.998454
 9807.535   0.996331
 9807.600   0.993591
 9807.665   0.990369
 9807.730   0.987004
 9807.796   0.984070
 9807.861   0.982241
 9807.926   0.982007
 9807.991   0.983390
 9808.056   0.986043
 9808.121   0.989306
 9808.186   0.992500
 9808.251   0.995117
 9808.317   0.996854
 9808.382   0.997585
 9808.447   0.997392
 9808.512   0.996427
 9808.577   0.994862
 9808.642   0.992993
 9808.707   0.991162
 9808.772   0.989613
 9808.838   0.988519
 9808.903   0.988085
 9808.968   0.988461
 9809.033   0.989636
 9809.098   0.991386
 9809.163   0.993429
 9809.228   0.995469
 9809.293   0.997206
 9809.359   0.998470
 9809.424   0.999361
 9809.489   1.000047
 9809.554   1.000585
 9809.619   1.000955
 9809.684   1.001150
 9809.749   1.001166
 9809.814   1.001020
 9809.880   1.000790
 9809.945   1.000610
 9810.010   1.000603
 9810.075   1.000771
 9810.140   1.000961
 9810.205   1.000983
 9810.270   1.000700
 9810.335   1.000019
 9810.401   0.998935
 9810.466   0.997581
 9810.531   0.996150
 9810.596   0.994739
 9810.661   0.993333
 9810.726   0.991699
 9810.791   0.989409
 9810.856   0.986062
 9810.922   0.981627
 9810.987   0.976351
 9811.052   0.970816
 9811.117   0.965966
 9811.182   0.962853
 9811.247   0.962318
 9811.312   0.964718
 9811.377   0.969637
 9811.443   0.975998
 9811.508   0.982655
 9811.573   0.988584
 9811.638   0.993032
 9811.703   0.995814
 9811.768   0.997365
 9811.833   0.998185
 9811.898   0.998584
 9811.964   0.998782
 9812.029   0.998992
 9812.094   0.999291
 9812.159   0.999623
 9812.224   0.999832
 9812.289   0.999780
 9812.354   0.999317
 9812.419   0.998352
 9812.485   0.996860
 9812.550   0.994830
 9812.615   0.992209
 9812.680   0.989073
 9812.745   0.985758
 9812.810   0.982778
 9812.875   0.980780
 9812.940   0.980329
 9813.006   0.981565
 9813.071   0.984112
 9813.136   0.987435
 9813.201   0.990925
 9813.266   0.993982
 9813.331   0.996259
 9813.396   0.997803
 9813.461   0.998765
 9813.527   0.999264
 9813.592   0.999433
 9813.657   0.999437
 9813.722   0.999406
 9813.787   0.999423
 9813.852   0.999510
 9813.917   0.999643
 9813.982   0.999785
 9814.048   0.999894
 9814.113   0.999900
 9814.178   0.999746
 9814.243   0.999426
 9814.308   0.998865
 9814.373   0.997732
 9814.438   0.995589
 9814.503   0.992128
 9814.569   0.987252
 9814.634   0.981102
 9814.699   0.974308
 9814.764   0.967898
 9814.829   0.963091
 9814.894   0.960943
 9814.959   0.962010
 9815.024   0.965962
 9815.090   0.971951
 9815.155   0.978796
 9815.220   0.985178
 9815.285   0.990106
 9815.350   0.993256
 9815.415   0.994586
 9815.480   0.994084
 9815.545   0.991732
 9815.611   0.987306
 9815.676   0.980172
 9815.741   0.969517
 9815.806   0.954947
 9815.871   0.937052
 9815.936   0.917453
 9816.001   0.899169
 9816.066   0.885794
 9816.132   0.880283
 9816.197   0.883934
 9816.262   0.896381
 9816.327   0.914867
 9816.392   0.935575
 9816.457   0.955036
 9816.522   0.970971
 9816.587   0.982228
 9816.653   0.989224
 9816.718   0.993103
 9816.783   0.995058
 9816.848   0.996039
 9816.913   0.996707
 9816.978   0.997288
 9817.043   0.997806
 9817.108   0.998190
 9817.174   0.998312
 9817.239   0.998094
 9817.304   0.997652
 9817.369   0.997233
 9817.434   0.997042
 9817.499   0.997050
 9817.564   0.997046
 9817.629   0.996730
 9817.695   0.995792
 9817.760   0.993982
 9817.825   0.991165
 9817.890   0.987191
 9817.955   0.981756
 9818.020   0.974659
 9818.085   0.966214
 9818.150   0.957532
 9818.216   0.950046
 9818.281   0.945109
 9818.346   0.943596
 9818.411   0.945561
 9818.476   0.949900
 9818.541   0.955146
 9818.606   0.960127
 9818.671   0.964155
 9818.737   0.966920
 9818.802   0.968489
 9818.867   0.969012
 9818.932   0.968573
 9818.997   0.967253
 9819.062   0.965277
 9819.127   0.963280
 9819.192   0.962203
 9819.258   0.962823
 9819.323   0.965381
 9819.388   0.969649
 9819.453   0.974892
 9819.518   0.980225
 9819.583   0.984894
 9819.648   0.988430
 9819.713   0.990497
 9819.779   0.990877
 9819.844   0.989277
 9819.909   0.985325
 9819.974   0.978598
 9820.039   0.968835
 9820.104   0.956315
 9820.169   0.942067
 9820.234   0.927997
 9820.300   0.916779
 9820.365   0.910899
 9820.430   0.911664
 9820.495   0.918983
 9820.560   0.931453
 9820.625   0.946430
 9820.690   0.961210
 9820.755   0.973787
 9820.821   0.983060
 9820.886   0.988719
 9820.951   0.991267
 9821.016   0.991479
 9821.081   0.990346
 9821.146   0.988860
 9821.211   0.987723
 9821.276   0.987234
 9821.342   0.987519
 9821.407   0.988609
 9821.472   0.990399
 9821.537   0.992648
 9821.602   0.994884
 9821.667   0.996705
 9821.732   0.997986
 9821.797   0.998796
 9821.863   0.999211
 9821.928   0.999347
 9821.993   0.999332
 9822.058   0.999234
 9822.123   0.999097
 9822.188   0.998988
 9822.253   0.998960
 9822.318   0.999017
 9822.384   0.999148
 9822.449   0.999280
 9822.514   0.999285
 9822.579   0.999129
 9822.644   0.998938
 9822.709   0.998870
 9822.774   0.998919
 9822.839   0.999008
 9822.905   0.999179
 9822.970   0.999569
 9823.035   1.000185
 9823.100   1.000829
 9823.165   1.001259
 9823.230   1.001334
 9823.295   1.001021
 9823.360   1.000399
 9823.426   0.999653
 9823.491   0.998924
 9823.556   0.998175
 9823.621   0.997266
 9823.686   0.996099
 9823.751   0.994602
 9823.816   0.992687
 9823.881   0.990056
 9823.947   0.986141
 9824.012   0.980111
 9824.077   0.971163
 9824.142   0.958964
 9824.207   0.944454
 9824.272   0.929719
 9824.337   0.917395
 9824.402   0.910064
 9824.468   0.909481
 9824.533   0.915770
 9824.598   0.927583
 9824.663   0.942648
 9824.728   0.958154
 9824.793   0.971751
 9824.858   0.982154
 9824.923   0.989004
 9824.989   0.992651
 9825.054   0.994140
 9825.119   0.994487
 9825.184   0.994385
 9825.249   0.994248
 9825.314   0.994278
 9825.379   0.994416
 9825.444   0.994584
 9825.510   0.994701
 9825.575   0.994651
 9825.640   0.994320
 9825.705   0.993646
 9825.770   0.992570
 9825.835   0.991106
 9825.900   0.989319
 9825.965   0.987217
 9826.031   0.984739
 9826.096   0.981926
 9826.161   0.978976
 9826.226   0.976141
 9826.291   0.973742
 9826.356   0.972223
 9826.421   0.971963
 9826.486   0.973065
 9826.552   0.975317
 9826.617   0.978257
 9826.682   0.981146
 9826.747   0.983300
 9826.812   0.984241
 9826.877   0.983576
 9826.942   0.980761
 9827.007   0.975116
 9827.073   0.965852
 9827.138   0.952533
 9827.203   0.935697
 9827.268   0.917150
 9827.333   0.899963
 9827.398   0.887473
 9827.463   0.882009
 9827.528   0.884057
 9827.594   0.892128
 9827.659   0.902169
 9827.724   0.908748
 9827.789   0.906829
 9827.854   0.893250
 9827.919   0.867551
 9827.984   0.833538
 9828.049   0.798224
 9828.115   0.769813
 9828.180   0.755739
 9828.245   0.760491
 9828.310   0.783136
 9828.375   0.818508
 9828.440   0.859362
 9828.505   0.897800
 9828.570   0.927561
 9828.636   0.945926
 9828.701   0.952962
 9828.766   0.950330
 9828.831   0.941177
 9828.896   0.929143
 9828.961   0.917817
 9829.026   0.910292
 9829.092   0.908721
 9829.157   0.913661
 9829.222   0.924269
 9829.287   0.938171
 9829.352   0.952398
 9829.417   0.964553
 9829.482   0.973455
 9829.547   0.978958
 9829.613   0.981931
 9829.678   0.983670
 9829.743   0.985237
 9829.808   0.987191
 9829.873   0.989691
 9829.938   0.992438
 9830.003   0.994916
 9830.068   0.996739
 9830.134   0.997872
 9830.199   0.998464
 9830.264   0.998728
 9830.329   0.998838
 9830.394   0.998909
 9830.459   0.999013
 9830.524   0.999181
 9830.589   0.999368
 9830.655   0.999480
 9830.720   0.999492
 9830.785   0.999497
 9830.850   0.999588
 9830.915   0.999766
 9830.980   0.999949
 9831.045   1.000022
 9831.110   0.999861
 9831.176   0.999412
 9831.241   0.998742
 9831.306   0.998063
 9831.371   0.997575
 9831.436   0.997336
 9831.501   0.997309
 9831.566   0.997412
 9831.631   0.997475
 9831.697   0.997275
 9831.762   0.996684
 9831.827   0.995753
 9831.892   0.994720
 9831.957   0.993923
 9832.022   0.993668
 9832.087   0.994061
 9832.152   0.994996
 9832.218   0.996192
 9832.283   0.997373
 9832.348   0.998390
 9832.413   0.999186
 9832.478   0.999703
 9832.543   0.999908
 9832.608   0.999824
 9832.673   0.999478
 9832.739   0.998885
 9832.804   0.998101
 9832.869   0.997282
 9832.934   0.996560
 9832.999   0.995899
 9833.064   0.995036
 9833.129   0.993593
 9833.194   0.991177
 9833.260   0.987492
 9833.325   0.982523
 9833.390   0.976831
 9833.455   0.971476
 9833.520   0.967625
 9833.585   0.966171
 9833.650   0.967445
 9833.715   0.970942
 9833.781   0.975578
 9833.846   0.980148
 9833.911   0.983528
 9833.976   0.984917
 9834.041   0.983776
 9834.106   0.979425
 9834.171   0.970855
 9834.236   0.957167
 9834.302   0.937901
 9834.367   0.913737
 9834.432   0.887049
 9834.497   0.861765
 9834.562   0.842769
 9834.627   0.834352
 9834.692   0.838713
 9834.757   0.855190
 9834.823   0.880677
 9834.888   0.909778
 9834.953   0.937190
 9835.018   0.959424
 9835.083   0.975260
 9835.148   0.984937
 9835.213   0.990086
 9835.278   0.992559
 9835.344   0.993746
 9835.409   0.994406
 9835.474   0.994917
 9835.539   0.995384
 9835.604   0.995879
 9835.669   0.996438
 9835.734   0.996951
 9835.799   0.997340
 9835.865   0.997723
 9835.930   0.998273
 9835.995   0.998981
 9836.060   0.999655
 9836.125   1.000102
 9836.190   1.000244
 9836.255   1.000077
 9836.320   0.999645
 9836.386   0.999078
 9836.451   0.998598
 9836.516   0.998453
 9836.581   0.998714
 9836.646   0.999222
 9836.711   0.999676
 9836.776   0.999853
 9836.841   0.999710
 9836.907   0.999372
 9836.972   0.999035
 9837.037   0.998894
 9837.102   0.999043
 9837.167   0.999356
 9837.232   0.999582
 9837.297   0.999605
 9837.362   0.999506
 9837.428   0.999342
 9837.493   0.999211
 9837.558   0.999334
 9837.623   0.999782
 9837.688   1.000214
 9837.753   1.000211
 9837.818   0.999621
 9837.883   0.998375
 9837.949   0.996299
 9838.014   0.993202
 9838.079   0.988930
 9838.144   0.983348
 9838.209   0.976597
 9838.274   0.969439
 9838.339   0.963302
 9838.404   0.959660
 9838.470   0.959395
 9838.535   0.962548
 9838.600   0.968440
 9838.665   0.975717
 9838.730   0.982928
 9838.795   0.988998
 9838.860   0.993392
 9838.925   0.996029
 9838.991   0.997299
 9839.056   0.997743
 9839.121   0.997869
 9839.186   0.998071
 9839.251   0.998520
 9839.316   0.999127
 9839.381   0.999742
 9839.446   1.000168
 9839.512   1.000194
 9839.577   0.999752
 9839.642   0.999091
 9839.707   0.998527
 9839.772   0.998242
 9839.837   0.998237
 9839.902   0.998407
 9839.967   0.998582
 9840.033   0.998657
 9840.098   0.998606
 9840.163   0.998454
 9840.228   0.998287
 9840.293   0.998219
 9840.358   0.998315
 9840.423   0.998508
 9840.488   0.998710
 9840.554   0.998870
 9840.619   0.998957
 9840.684   0.998912
 9840.749   0.998698
 9840.814   0.998257
 9840.879   0.997516
 9840.944   0.996438
 9841.009   0.995145
 9841.075   0.993932
 9841.140   0.993206
 9841.205   0.993306
 9841.270   0.994388
 9841.335   0.996355
 9841.400   0.998789
 9841.465   1.001028
 9841.530   1.002553
 9841.596   1.003211
 9841.661   1.003138
 9841.726   1.002606
 9841.791   1.001952
 9841.856   1.001420
 9841.921   1.001085
 9841.986   1.000904
 9842.051   1.000764
 9842.117   1.000499
 9842.182   0.999969
 9842.247   0.999079
 9842.312   0.997702
 9842.377   0.995639
 9842.442   0.992709
 9842.507   0.988877
 9842.572   0.984492
 9842.638   0.980323
 9842.703   0.977260
 9842.768   0.975979
 9842.833   0.976785
 9842.898   0.979491
 9842.963   0.983490
 9843.028   0.988048
 9843.093   0.992505
 9843.159   0.996424
 9843.224   0.999501
 9843.289   1.001487
 9843.354   1.002277
 9843.419   1.002319
 9843.484   1.002217
 9843.549   1.002250
 9843.614   1.002334
 9843.680   1.002396
 9843.745   1.002430
 9843.810   1.002407
 9843.875   1.002322
 9843.940   1.002201
 9844.005   1.002051
 9844.070   1.001792
 9844.135   1.001388
 9844.201   1.000889
 9844.266   1.000401
 9844.331   0.999963
 9844.396   0.999498
 9844.461   0.998873
 9844.526   0.997979
 9844.591   0.996722
 9844.656   0.994900
 9844.722   0.991983
 9844.787   0.987049
 9844.852   0.979054
 9844.917   0.967307
 9844.982   0.951840
 9845.047   0.933816
 9845.112   0.915606
 9845.177   0.900415
 9845.243   0.891501
 9845.308   0.890945
 9845.373   0.898831
 9845.438   0.913465
 9845.503   0.931988
 9845.568   0.950753
 9845.633   0.966776
 9845.698   0.978723
 9845.764   0.986605
 9845.829   0.990963
 9845.894   0.992702
 9845.959   0.992711
 9846.024   0.991657
 9846.089   0.989823
 9846.154   0.987045
 9846.219   0.982686
 9846.285   0.975915
 9846.350   0.966227
 9846.415   0.953967
 9846.480   0.940634
 9846.545   0.928774
 9846.610   0.921051
 9846.675   0.919357
 9846.740   0.924255
 9846.806   0.934860
 9846.871   0.948757
 9846.936   0.963205
 9847.001   0.975859
 9847.066   0.985219
 9847.131   0.990724
 9847.196   0.992950
 9847.261   0.992839
 9847.327   0.991436
 9847.392   0.989732
 9847.457   0.988400
 9847.522   0.987545
 9847.587   0.987063
 9847.652   0.986931
 9847.717   0.987283
 9847.782   0.988246
 9847.848   0.989746
 9847.913   0.991572
 9847.978   0.993461
 9848.043   0.995140
 9848.108   0.996321
 9848.173   0.996812
 9848.238   0.996496
 9848.303   0.995296
 9848.369   0.993224
 9848.434   0.990453
 9848.499   0.987336
 9848.564   0.984384
 9848.629   0.982191
 9848.694   0.981316
 9848.759   0.982015
 9848.824   0.984007
 9848.890   0.986617
 9848.955   0.989096
 9849.020   0.990814
 9849.085   0.991472
 9849.150   0.991329
 9849.215   0.990988
 9849.280   0.991006
 9849.345   0.991699
 9849.411   0.993153
 9849.476   0.995111
 9849.541   0.997088
 9849.606   0.998670
 9849.671   0.999645
 9849.736   0.999876
 9849.801   0.999262
 9849.866   0.997758
 9849.932   0.995355
 9849.997   0.992102
 9850.062   0.988253
 9850.127   0.984342
 9850.192   0.981091
 9850.257   0.979187
 9850.322   0.979097
 9850.387   0.980867
 9850.453   0.984075
 9850.518   0.988032
 9850.583   0.992014
 9850.648   0.995254
 9850.713   0.997236
 9850.778   0.997864
 9850.843   0.997295
 9850.908   0.995646
 9850.974   0.992823
 9851.039   0.988274
 9851.104   0.980880
 9851.169   0.969229
 9851.234   0.952083
 9851.299   0.928988
 9851.364   0.901006
 9851.430   0.871363
 9851.495   0.844878
 9851.560   0.826275
 9851.625   0.819112
 9851.690   0.824951
 9851.755   0.842464
 9851.820   0.867780
 9851.885   0.896490
 9851.951   0.924432
 9852.016   0.948381
 9852.081   0.966809
 9852.146   0.979961
 9852.211   0.988703
 9852.276   0.994064
 9852.341   0.996976
 9852.406   0.998245
 9852.472   0.998572
 9852.537   0.998467
 9852.602   0.998089
 9852.667   0.997408
 9852.732   0.996265
 9852.797   0.994339
 9852.862   0.991256
 9852.927   0.986885
 9852.993   0.981544
 9853.058   0.976110
 9853.123   0.971803
 9853.188   0.969691
 9853.253   0.970312
 9853.318   0.973570
 9853.383   0.978717
 9853.448   0.984478
 9853.514   0.989703
 9853.579   0.993723
 9853.644   0.996224
 9853.709   0.997113
 9853.774   0.996680
 9853.839   0.995429
 9853.904   0.993939
 9853.969   0.992761
 9854.035   0.992272
 9854.100   0.992535
 9854.165   0.993397
 9854.230   0.994641
 9854.295   0.996053
 9854.360   0.997441
 9854.425   0.998621
 9854.490   0.999441
 9854.556   0.999879
 9854.621   1.000084
 9854.686   1.000216
 9854.751   1.000235
 9854.816   0.999997
 9854.881   0.999379
 9854.946   0.998345
 9855.011   0.996980
 9855.077   0.995608
 9855.142   0.994569
 9855.207   0.993908
 9855.272   0.993380
 9855.337   0.992726
 9855.402   0.991773
 9855.467   0.990492
 9855.532   0.989144
 9855.598   0.988286
 9855.663   0.988403
 9855.728   0.989540
 9855.793   0.991416
 9855.858   0.993645
 9855.923   0.995833
 9855.988   0.997624
 9856.053   0.998889
 9856.119   0.999751
 9856.184   1.000375
 9856.249   1.000794
 9856.314   1.000992
 9856.379   1.001001
 9856.444   1.000831
 9856.509   1.000568
 9856.574   1.000431
 9856.640   1.000574
 9856.705   1.000781
 9856.770   1.000716
 9856.835   1.000190
 9856.900   0.999255
 9856.965   0.998080
 9857.030   0.996884
 9857.095   0.995837
 9857.161   0.995028
 9857.226   0.994565
 9857.291   0.994549
 9857.356   0.994987
 9857.421   0.995744
 9857.486   0.996550
 9857.551   0.997008
 9857.616   0.996890
 9857.682   0.996452
 9857.747   0.996220
 9857.812   0.996555
 9857.877   0.997498
 9857.942   0.998829
 9858.007   1.000120
 9858.072   1.000940
 9858.137   1.001161
 9858.203   1.000980
 9858.268   1.000693
 9858.333   1.000385
 9858.398   0.999978
 9858.463   0.999442
 9858.528   0.998927
 9858.593   0.998549
 9858.658   0.998311
 9858.724   0.998161
 9858.789   0.998051
 9858.854   0.997877
 9858.919   0.997547
 9858.984   0.997001
 9859.049   0.996239
 9859.114   0.995287
 9859.179   0.994187
 9859.245   0.992958
 9859.310   0.991693
 9859.375   0.990477
 9859.440   0.989286
 9859.505   0.987924
 9859.570   0.986242
 9859.635   0.984343
 9859.700   0.982637
 9859.766   0.981540
 9859.831   0.981223
 9859.896   0.981704
 9859.961   0.982992
 9860.026   0.985004
 9860.091   0.987490
 9860.156   0.990104
 9860.221   0.992561
 9860.287   0.994678
 9860.352   0.996370
 9860.417   0.997662
 9860.482   0.998669
 9860.547   0.999453
 9860.612   0.999959
 9860.677   1.000188
 9860.742   1.000222
 9860.808   1.000223
 9860.873   1.000321
 9860.938   1.000541
 9861.003   1.000784
 9861.068   1.000968
 9861.133   1.001028
 9861.198   1.000883
 9861.263   1.000561
 9861.329   1.000300
 9861.394   1.000307
 9861.459   1.000490
 9861.524   1.000618
 9861.589   1.000613
 9861.654   1.000660
 9861.719   1.000933
 9861.784   1.001396
 9861.850   1.001891
 9861.915   1.002293
 9861.980   1.002511
 9862.045   1.002466
 9862.110   1.002225
 9862.175   1.001943
 9862.240   1.001710
 9862.305   1.001466
 9862.371   1.001152
 9862.436   1.000777
 9862.501   1.000410
 9862.566   1.000117
 9862.631   0.999871
 9862.696   0.999601
 9862.761   0.999289
 9862.826   0.998999
 9862.892   0.998812
 9862.957   0.998736
 9863.022   0.998744
 9863.087   0.998691
 9863.152   0.998326
 9863.217   0.997372
 9863.282   0.995781
 9863.347   0.993774
 9863.413   0.991850
 9863.478   0.990529
 9863.543   0.990081
 9863.608   0.990450
 9863.673   0.991409
 9863.738   0.992685
 9863.803   0.993998
 9863.868   0.995172
 9863.934   0.996063
 9863.999   0.996603
 9864.064   0.996864
 9864.129   0.997098
 9864.194   0.997524
 9864.259   0.998129
 9864.324   0.998711
 9864.389   0.999089
 9864.455   0.999292
 9864.520   0.999464
 9864.585   0.999733
 9864.650   1.000121
 9864.715   1.000485
 9864.780   1.000616
 9864.845   1.000472
 9864.910   1.000300
 9864.976   1.000399
 9865.041   1.000799
 9865.106   1.001176
 9865.171   1.001142
 9865.236   1.000645
 9865.301   0.999911
 9865.366   0.999256
 9865.431   0.998925
 9865.497   0.999068
 9865.562   0.999511
 9865.627   0.999907
 9865.692   1.000016
 9865.757   0.999938
 9865.822   0.999879
 9865.887   0.999995
 9865.952   1.000320
 9866.018   1.000782
 9866.083   1.001189
 9866.148   1.001349
 9866.213   1.001256
 9866.278   1.001078
 9866.343   1.000925
 9866.408   1.000719
 9866.473   1.000395
 9866.539   0.999980
 9866.604   0.999498
 9866.669   0.998909
 9866.734   0.998245
 9866.799   0.997602
 9866.864   0.997091
 9866.929   0.996812
 9866.994   0.996818
 9867.060   0.997077
 9867.125   0.997491
 9867.190   0.997946
 9867.255   0.998289
 9867.320   0.998423
 9867.385   0.998412
 9867.450   0.998431
 9867.515   0.998531
 9867.581   0.998510
 9867.646   0.998022
 9867.711   0.996856
 9867.776   0.994893
 9867.841   0.992030
 9867.906   0.988288
 9867.971   0.983964
 9868.036   0.979698
 9868.102   0.976260
 9868.167   0.974356
 9868.232   0.974450
 9868.297   0.976599
 9868.362   0.980360
 9868.427   0.985023
 9868.492   0.989770
 9868.557   0.993747
 9868.623   0.996410
 9868.688   0.997882
 9868.753   0.998617
 9868.818   0.998980
 9868.883   0.999069
 9868.948   0.998873
 9869.013   0.998363
 9869.078   0.997587
 9869.144   0.996664
 9869.209   0.995771
 9869.274   0.995052
 9869.339   0.994521
 9869.404   0.994067
 9869.469   0.993546
 9869.534   0.992977
 9869.599   0.992477
 9869.665   0.992066
 9869.730   0.991623
 9869.795   0.991097
 9869.860   0.990538
 9869.925   0.989958
 9869.990   0.989337
 9870.055   0.988644
 9870.120   0.987718
 9870.186   0.986185
 9870.251   0.983792
 9870.316   0.980765
 9870.381   0.977665
 9870.446   0.975058
 9870.511   0.973482
 9870.576   0.973375
 9870.641   0.974728
 9870.707   0.977099
 9870.772   0.980012
 9870.837   0.983169
 9870.902   0.986324
 9870.967   0.989130
 9871.032   0.991169
 9871.097   0.992183
 9871.162   0.992253
 9871.228   0.991531
 9871.293   0.990134
 9871.358   0.988269
 9871.423   0.986250
 9871.488   0.984441
 9871.553   0.983185
 9871.618   0.982805
 9871.683   0.983454
 9871.749   0.985058
 9871.814   0.987211
 9871.879   0.989457
 9871.944   0.991436
 9872.009   0.992954
 9872.074   0.993897
 9872.139   0.994303
 9872.204   0.994261
 9872.270   0.993779
 9872.335   0.992733
 9872.400   0.990959
 9872.465   0.988269
 9872.530   0.984468
 9872.595   0.979475
 9872.660   0.973476
 9872.725   0.966953
 9872.791   0.960796
 9872.856   0.956111
 9872.921   0.953908
 9872.986   0.954793
 9873.051   0.958841
 9873.116   0.965209
 9873.181   0.972530
 9873.246   0.979573
 9873.312   0.985555
 9873.377   0.990033
 9873.442   0.992983
 9873.507   0.994672
 9873.572   0.995462
 9873.637   0.995738
 9873.702   0.995779
 9873.768   0.995769
 9873.833   0.995886
 9873.898   0.996280
 9873.963   0.996886
 9874.028   0.997536
 9874.093   0.998152
 9874.158   0.998736
 9874.223   0.999280
 9874.289   0.999741
 9874.354   1.000086
 9874.419   1.000291
 9874.484   1.000403
 9874.549   1.000553
 9874.614   1.000814
 9874.679   1.001093
 9874.744   1.001313
 9874.810   1.001476
 9874.875   1.001605
 9874.940   1.001659
 9875.005   1.001668
 9875.070   1.001557
 9875.135   1.001151
 9875.200   1.000280
 9875.265   0.999050
 9875.331   0.997631
 9875.396   0.996237
 9875.461   0.995059
 9875.526   0.994218
 9875.591   0.993597
 9875.656   0.993049
 9875.721   0.992330
 9875.786   0.990889
 9875.852   0.987888
 9875.917   0.982498
 9875.982   0.974049
 9876.047   0.962296
 9876.112   0.947918
 9876.177   0.932609
 9876.242   0.918967
 9876.307   0.909550
 9876.373   0.905992
 9876.438   0.908543
 9876.503   0.916527
 9876.568   0.928341
 9876.633   0.941953
 9876.698   0.955413
 9876.763   0.967157
 9876.828   0.976140
 9876.894   0.982128
 9876.959   0.985449
 9877.024   0.986711
 9877.089   0.986733
 9877.154   0.986278
 9877.219   0.985876
 9877.284   0.985977
 9877.349   0.986902
 9877.415   0.988536
 9877.480   0.990489
 9877.545   0.992538
 9877.610   0.994575
 9877.675   0.996447
 9877.740   0.997978
 9877.805   0.999159
 9877.870   1.000078
 9877.936   1.000836
 9878.001   1.001456
 9878.066   1.001894
 9878.131   1.002080
 9878.196   1.002032
 9878.261   1.001829
 9878.326   1.001565
 9878.391   1.001377
 9878.457   1.001375
 9878.522   1.001440
 9878.587   1.001302
 9878.652   1.000861
 9878.717   1.000357
 9878.782   1.000097
 9878.847   1.000257
 9878.912   1.000851
 9878.978   1.001718
 9879.043   1.002452
 9879.108   1.002673
 9879.173   1.002316
 9879.238   1.001617
 9879.303   1.000855
 9879.368   1.000155
 9879.433   0.999442
 9879.499   0.998562
 9879.564   0.997515
 9879.629   0.996490
 9879.694   0.995633
 9879.759   0.994995
 9879.824   0.994579
 9879.889   0.994343
 9879.954   0.994148
 9880.020   0.993935
 9880.085   0.993789
 9880.150   0.993777
 9880.215   0.993791
 9880.280   0.993696
 9880.345   0.993388
 9880.410   0.992668
 9880.475   0.991258
 9880.541   0.988979
 9880.606   0.985828
 9880.671   0.982069
 9880.736   0.978218
 9880.801   0.974898
 9880.866   0.972693
 9880.931   0.971964
 9880.996   0.972588
 9881.062   0.974127
 9881.127   0.976215
 9881.192   0.978718
 9881.257   0.981572
 9881.322   0.984604
 9881.387   0.987529
 9881.452   0.990025
 9881.517   0.991931
 9881.583   0.993234
 9881.648   0.994029
 9881.713   0.994456
 9881.778   0.994677
 9881.843   0.994798
 9881.908   0.994794
 9881.973   0.994500
 9882.038   0.993739
 9882.104   0.992428
 9882.169   0.990712
 9882.234   0.988946
 9882.299   0.987453
 9882.364   0.986401
 9882.429   0.985889
 9882.494   0.985965
 9882.559   0.986553
 9882.625   0.987467
 9882.690   0.988547
 9882.755   0.989727
 9882.820   0.990909
 9882.885   0.991958
 9882.950   0.992749
 9883.015   0.993217
 9883.080   0.993332
 9883.146   0.993241
 9883.211   0.993199
 9883.276   0.993401
 9883.341   0.993885
 9883.406   0.994635
 9883.471   0.995563
 9883.536   0.996507
 9883.601   0.997292
 9883.667   0.997751
 9883.732   0.997796
 9883.797   0.997547
 9883.862   0.997176
 9883.927   0.996791
 9883.992   0.996479
 9884.057   0.996357
 9884.122   0.996375
 9884.188   0.996425
 9884.253   0.996524
 9884.318   0.996824
 9884.383   0.997379
 9884.448   0.998124
 9884.513   0.998952
 9884.578   0.999709
 9884.643   1.000144
 9884.709   1.000078
 9884.774   0.999659
 9884.839   0.999222
 9884.904   0.998993
 9884.969   0.999001
 9885.034   0.999244
 9885.099   0.999722
 9885.164   1.000315
 9885.230   1.000906
 9885.295   1.001457
 9885.360   1.001934
 9885.425   1.002181
 9885.490   1.002091
 9885.555   1.001724
 9885.620   1.001264
 9885.685   1.000829
 9885.751   1.000531
 9885.816   1.000479
 9885.881   1.000704
 9885.946   1.001051
 9886.011   1.001349
 9886.076   1.001470
 9886.141   1.001382
 9886.206   1.001105
 9886.272   1.000755
 9886.337   1.000431
 9886.402   1.000138
 9886.467   0.999848
 9886.532   0.999636
 9886.597   0.999564
 9886.662   0.999537
 9886.727   0.999316
 9886.793   0.998724
 9886.858   0.997682
 9886.923   0.996264
 9886.988   0.994698
 9887.053   0.993305
 9887.118   0.992350
 9887.183   0.991953
 9887.248   0.992127
 9887.314   0.992802
 9887.379   0.993873
 9887.444   0.995174
 9887.509   0.996488
 9887.574   0.997544
 9887.639   0.998136
 9887.704   0.998162
 9887.769   0.997628
 9887.835   0.996693
 9887.900   0.995671
 9887.965   0.994804
 9888.030   0.994150
 9888.095   0.993819
 9888.160   0.993969
 9888.225   0.994556
 9888.290   0.995330
 9888.356   0.996039
 9888.421   0.996439
 9888.486   0.996292
 9888.551   0.995650
 9888.616   0.994922
 9888.681   0.994557
 9888.746   0.994672
 9888.811   0.995200
 9888.877   0.996025
 9888.942   0.996998
 9889.007   0.997915
 9889.072   0.998615
 9889.137   0.999054
 9889.202   0.999298
 9889.267   0.999427
 9889.332   0.999457
 9889.398   0.999404
 9889.463   0.999328
 9889.528   0.999308
 9889.593   0.999337
 9889.658   0.999330
 9889.723   0.999211
 9889.788   0.998990
 9889.853   0.998745
 9889.919   0.998566
 9889.984   0.998502
 9890.049   0.998583
 9890.114   0.998763
 9890.179   0.998789
 9890.244   0.998322
 9890.309   0.997263
 9890.374   0.995785
 9890.440   0.994085
 9890.505   0.992417
 9890.570   0.991114
 9890.635   0.990426
 9890.700   0.990424
 9890.765   0.991094
 9890.830   0.992330
 9890.895   0.993829
 9890.961   0.995278
 9891.026   0.996506
 9891.091   0.997498
 9891.156   0.998312
 9891.221   0.998980
 9891.286   0.999434
 9891.351   0.999630
 9891.416   0.999616
 9891.482   0.999428
 9891.547   0.999029
 9891.612   0.998419
 9891.677   0.997758
 9891.742   0.997271
 9891.807   0.997142
 9891.872   0.997391
 9891.937   0.997918
 9892.003   0.998534
 9892.068   0.999061
 9892.133   0.999364
 9892.198   0.999400
 9892.263   0.999201
 9892.328   0.998854
 9892.393   0.998412
 9892.458   0.997890
 9892.524   0.997310
 9892.589   0.996758
 9892.654   0.996344
 9892.719   0.996145
 9892.784   0.996120
 9892.849   0.996151
 9892.914   0.996179
 9892.979   0.996263
 9893.045   0.996489
 9893.110   0.996907
 9893.175   0.997480
 9893.240   0.998124
 9893.305   0.998703
 9893.370   0.999125
 9893.435   0.999384
 9893.500   0.999525
 9893.566   0.999552
 9893.631   0.999487
 9893.696   0.999322
 9893.761   0.998991
 9893.826   0.998436
 9893.891   0.997690
 9893.956   0.996833
 9894.021   0.995972
 9894.087   0.995288
 9894.152   0.995010
 9894.217   0.995261
 9894.282   0.995914
 9894.347   0.996704
 9894.412   0.997480
 9894.477   0.998263
 9894.542   0.999030
 9894.608   0.999651
 9894.673   1.000004
 9894.738   1.000055
 9894.803   0.999922
 9894.868   0.999844
 9894.933   0.999950
 9894.998   1.000199
 9895.063   1.000450
 9895.129   1.000642
 9895.194   1.000706
 9895.259   1.000641
 9895.324   1.000507
 9895.389   1.000389
 9895.454   1.000196
 9895.519   0.999797
 9895.585   0.999245
 9895.650   0.998807
 9895.715   0.998703
 9895.780   0.998927
 9895.845   0.999391
 9895.910   0.999998
 9895.975   1.000532
 9896.040   1.000724
 9896.106   1.000397
 9896.171   0.999574
 9896.236   0.998497
 9896.301   0.997570
 9896.366   0.997073
 9896.431   0.996843
 9896.496   0.996447
 9896.561   0.995655
 9896.627   0.994678
 9896.692   0.993885
 9896.757   0.993554
 9896.822   0.993858
 9896.887   0.994866
 9896.952   0.996397
 9897.017   0.998134
 9897.082   0.999636
 9897.148   1.000464
 9897.213   1.000365
 9897.278   0.999442
 9897.343   0.997950
 9897.408   0.996291
 9897.473   0.994955
 9897.538   0.994270
 9897.603   0.994264
 9897.669   0.994887
 9897.734   0.996026
 9897.799   0.997398
 9897.864   0.998737
 9897.929   0.999953
 9897.994   1.001006
 9898.059   1.001800
 9898.124   1.002285
 9898.190   1.002466
 9898.255   1.002279
 9898.320   1.001609
 9898.385   1.000492
 9898.450   0.999188
 9898.515   0.997971
 9898.580   0.996925
 9898.645   0.996035
 9898.711   0.995288
 9898.776   0.994719
 9898.841   0.994353
 9898.906   0.994173
 9898.971   0.994094
 9899.036   0.994125
 9899.101   0.994374
 9899.166   0.994929
 9899.232   0.995669
 9899.297   0.996469
 9899.362   0.997392
 9899.427   0.998441
 9899.492   0.999385
 9899.557   0.999887
 9899.622   0.999762
 9899.687   0.998928
 9899.753   0.997449
 9899.818   0.995514
 9899.883   0.993426
 9899.948   0.991471
 9900.013   0.989891
 9900.078   0.988991
 9900.143   0.989040
 9900.208   0.990050
 9900.274   0.991705
 9900.339   0.993586
 9900.404   0.995255
 9900.469   0.996370
 9900.534   0.996743
 9900.599   0.996325
 9900.664   0.995323
 9900.729   0.994281
 9900.795   0.993743
 9900.860   0.993895
 9900.925   0.994644
 9900.990   0.995708
 9901.055   0.996571
 9901.120   0.996721
 9901.185   0.995949
 9901.250   0.994128
 9901.316   0.991069
 9901.381   0.986753
 9901.446   0.981523
 9901.511   0.975994
 9901.576   0.971086
 9901.641   0.967868
 9901.706   0.967055
 9901.771   0.968581
 9901.837   0.971605
 9901.902   0.974978
 9901.967   0.977785
 9902.032   0.979570
 9902.097   0.980206
 9902.162   0.979835
 9902.227   0.978888
 9902.292   0.977884
 9902.358   0.977310
 9902.423   0.977557
 9902.488   0.978800
 9902.553   0.980904
 9902.618   0.983618
 9902.683   0.986693
 9902.748   0.989770
 9902.813   0.992331
 9902.879   0.994002
 9902.944   0.994684
 9903.009   0.994504
 9903.074   0.993624
 9903.139   0.992227
 9903.204   0.990554
 9903.269   0.988909
 9903.334   0.987692
 9903.400   0.987326
 9903.465   0.988028
 9903.530   0.989626
 9903.595   0.991756
 9903.660   0.993983
 9903.725   0.995909
 9903.790   0.997324
 9903.855   0.998317
 9903.921   0.998938
 9903.986   0.999083
 9904.051   0.998688
 9904.116   0.997806
 9904.181   0.996584
 9904.246   0.995286
 9904.311   0.994317
 9904.376   0.994013
 9904.442   0.994444
 9904.507   0.995366
 9904.572   0.996458
 9904.637   0.997521
 9904.702   0.998509
 9904.767   0.999365
 9904.832   0.999893
 9904.897   0.999944
 9904.963   0.999696
 9905.028   0.999478
 9905.093   0.999492
 9905.158   0.999727
 9905.223   1.000131
 9905.288   1.000636
 9905.353   1.001175
 9905.418   1.001657
 9905.484   1.001942
 9905.549   1.001938
 9905.614   1.001700
 9905.679   1.001366
 9905.744   1.001032
 9905.809   1.000727
 9905.874   1.000475
 9905.939   1.000275
 9906.005   1.000130
 9906.070   1.000034
 9906.135   1.000030
 9906.200   1.000226
 9906.265   1.000639
 9906.330   1.001095
 9906.395   1.001391
 9906.460   1.001522
 9906.526   1.001617
 9906.591   1.001831
 9906.656   1.002183
 9906.721   1.002493
 9906.786   1.002487
 9906.851   1.002058
 9906.916   1.001409
 9906.981   1.000847
 9907.047   1.000599
 9907.112   1.000598
 9907.177   1.000578
 9907.242   1.000322
 9907.307   0.999808
 9907.372   0.999074
 9907.437   0.998154
 9907.502   0.997183
 9907.568   0.996227
 9907.633   0.995251
 9907.698   0.994297
 9907.763   0.993662
 9907.828   0.993541
 9907.893   0.993924
 9907.958   0.994664
 9908.023   0.995574
 9908.089   0.996340
 9908.154   0.996736
 9908.219   0.996815
 9908.284   0.996955
 9908.349   0.997462
 9908.414   0.998353
 9908.479   0.999464
 9908.544   1.000566
 9908.610   1.001348
 9908.675   1.001630
 9908.740   1.001561
 9908.805   1.001382
 9908.870   1.001162
 9908.935   1.000839
 9909.000   1.000316
 9909.065   0.999546
 9909.131   0.998643
 9909.196   0.997925
 9909.261   0.997543
 9909.326   0.997417
 9909.391   0.997396
 9909.456   0.997474
 9909.521   0.997669
 9909.586   0.997987
 9909.652   0.998435
 9909.717   0.998954
 9909.782   0.999395
 9909.847   0.999537
 9909.912   0.999235
 9909.977   0.998449
 9910.042   0.997437
 9910.107   0.996471
 9910.173   0.995713
 9910.238   0.995214
 9910.303   0.995100
 9910.368   0.995193
 9910.433   0.995129
 9910.498   0.994645
 9910.563   0.993656
 9910.628   0.992001
 9910.694   0.989727
 9910.759   0.987216
 9910.824   0.984809
 9910.889   0.982562
 9910.954   0.980603
 9911.019   0.979355
 9911.084   0.979283
 9911.149   0.980571
 9911.215   0.982983
 9911.280   0.986073
 9911.345   0.989337
 9911.410   0.992123
 9911.475   0.993848
 9911.540   0.994528
 9911.605   0.994736
 9911.670   0.994891
 9911.736   0.995035
 9911.801   0.995151
 9911.866   0.995329
 9911.931   0.995599
 9911.996   0.995862
 9912.061   0.995972
 9912.126   0.995869
 9912.191   0.995804
 9912.257   0.996092
 9912.322   0.996586
 9912.387   0.996636
 9912.452   0.995742
 9912.517   0.994175
 9912.582   0.992522
 9912.647   0.991193
 9912.712   0.990309
 9912.778   0.989929
 9912.843   0.989941
 9912.908   0.990173
 9912.973   0.990573
 9913.038   0.991248
 9913.103   0.992181
 9913.168   0.993109
 9913.233   0.993736
 9913.299   0.994071
 9913.364   0.994473
 9913.429   0.995268
 9913.494   0.996337
 9913.559   0.997270
 9913.624   0.997753
 9913.689   0.997811
 9913.754   0.997600
 9913.820   0.997278
 9913.885   0.996987
 9913.950   0.996860
 9914.015   0.996854
 9914.080   0.996769
 9914.145   0.996448
 9914.210   0.995964
 9914.275   0.995431
 9914.341   0.994921
 9914.406   0.994573
 9914.471   0.994687
 9914.536   0.995391
 9914.601   0.996452
 9914.666   0.997387
 9914.731   0.997890
 9914.796   0.998051
 9914.862   0.998156
 9914.927   0.998408
 9914.992   0.998730
 9915.057   0.998919
 9915.122   0.998877
 9915.187   0.998755
 9915.252   0.998779
 9915.317   0.999011
 9915.383   0.999398
 9915.448   0.999809
 9915.513   1.000158
 9915.578   1.000329
 9915.643   1.000277
 9915.708   1.000052
 9915.773   0.999770
 9915.838   0.999398
 9915.904   0.998878
 9915.969   0.998273
 9916.034   0.997667
 9916.099   0.996987
 9916.164   0.996188
 9916.229   0.995378
 9916.294   0.994611
 9916.359   0.993810
 9916.425   0.993079
 9916.490   0.992807
 9916.555   0.993340
 9916.620   0.994663
 9916.685   0.996501
 9916.750   0.998368
 9916.815   0.999741
 9916.880   1.000352
 9916.946   1.000443
 9917.011   1.000431
 9917.076   1.000616
 9917.141   1.001086
 9917.206   1.001754
 9917.271   1.002372
 9917.336   1.002719
 9917.401   1.002751
 9917.467   1.002627
 9917.532   1.002460
 9917.597   1.002100
 9917.662   1.001244
 9917.727   0.999815
 9917.792   0.998081
 9917.857   0.996391
 9917.923   0.994850
 9917.988   0.993511
 9918.053   0.992441
 9918.118   0.991718
 9918.183   0.991475
 9918.248   0.991984
 9918.313   0.993306
 9918.378   0.995157
 9918.444   0.997015
 9918.509   0.998355
 9918.574   0.998800
 9918.639   0.998426
 9918.704   0.997719
 9918.769   0.997190
 9918.834   0.997053
 9918.899   0.997302
 9918.965   0.997724
 9919.030   0.998010
 9919.095   0.997930
 9919.160   0.997594
 9919.225   0.997315
 9919.290   0.997363
 9919.355   0.997774
 9919.420   0.998415
 9919.486   0.999062
 9919.551   0.999507
 9919.616   0.999714
 9919.681   0.999799
 9919.746   0.999754
 9919.811   0.999427
 9919.876   0.998706
 9919.941   0.997633
 9920.007   0.996401
 9920.072   0.995565
 9920.137   0.995642
 9920.202   0.996603
 9920.267   0.997963
 9920.332   0.999278
 9920.397   1.000078
 9920.462   0.999886
 9920.528   0.998799
 9920.593   0.997574
 9920.658   0.996860
 9920.723   0.996702
 9920.788   0.996965
 9920.853   0.997372
 9920.918   0.997422
 9920.983   0.996754
 9921.049   0.995834
 9921.114   0.995390
 9921.179   0.995680
 9921.244   0.996305
 9921.309   0.996897
 9921.374   0.997238
 9921.439   0.997184
 9921.504   0.996691
 9921.570   0.995943
 9921.635   0.995115
 9921.700   0.994223
 9921.765   0.993182
 9921.830   0.992057
 9921.895   0.991187
 9921.960   0.991003
 9922.025   0.991522
 9922.091   0.992417
 9922.156   0.993335
 9922.221   0.994157
 9922.286   0.994830
 9922.351   0.995266
 9922.416   0.995254
 9922.481   0.994599
 9922.546   0.993299
 9922.612   0.991491
 9922.677   0.989334
 9922.742   0.987148
 9922.807   0.985342
 9922.872   0.984077
 9922.937   0.983310
 9923.002   0.983232
 9923.067   0.984123
 9923.133   0.985835
 9923.198   0.987735
 9923.263   0.989349
 9923.328   0.990601
 9923.393   0.991585
 9923.458   0.992330
 9923.523   0.992888
 9923.588   0.993382
 9923.654   0.993893
 9923.719   0.994447
 9923.784   0.995085
 9923.849   0.995899
 9923.914   0.996856
 9923.979   0.997801
 9924.044   0.998562
 9924.109   0.999071
 9924.175   0.999261
 9924.240   0.999204
 9924.305   0.998937
 9924.370   0.998859
 9924.435   0.998956
 9924.500   0.999060
 9924.565   0.999093
 9924.630   0.999068
 9924.696   0.999036
 9924.761   0.999039
 9924.826   0.999093
 9924.891   0.999029
 9924.956   0.998606
 9925.021   0.997684
 9925.086   0.996404
 9925.151   0.995273
 9925.217   0.994867
 9925.282   0.995274
 9925.347   0.996008
 9925.412   0.996610
 9925.477   0.996974
 9925.542   0.997029
 9925.607   0.996700
 9925.672   0.996173
 9925.738   0.995773
 9925.803   0.995549
 9925.868   0.995336
 9925.933   0.995121
 9925.998   0.995018
 9926.063   0.995024
 9926.128   0.994980
 9926.193   0.994861
 9926.259   0.994864
 9926.324   0.995250
 9926.389   0.996128
 9926.454   0.997308
 9926.519   0.998478
 9926.584   0.999392
 9926.649   1.000005
 9926.714   1.000266
 9926.780   1.000110
 9926.845   0.999518
 9926.910   0.998675
 9926.975   0.997881
 9927.040   0.997433
 9927.105   0.997495
 9927.170   0.998030
 9927.235   0.998806
 9927.301   0.999524
 9927.366   1.000048
 9927.431   1.000469
 9927.496   1.000937
 9927.561   1.001439
 9927.626   1.001808
 9927.691   1.001881
 9927.756   1.001651
 9927.822   1.001297
 9927.887   1.001007
 9927.952   1.000821
 9928.017   1.000670
 9928.082   1.000500
 9928.147   1.000290
 9928.212   1.000026
 9928.277   0.999606
 9928.343   0.998911
 9928.408   0.997905
 9928.473   0.996581
 9928.538   0.994861
 9928.603   0.992675
 9928.668   0.989959
 9928.733   0.986584
 9928.798   0.982420
 9928.864   0.977613
 9928.929   0.972672
 9928.994   0.968472
 9929.059   0.965906
 9929.124   0.965368
 9929.189   0.966536
 9929.254   0.968780
 9929.319   0.971426
 9929.385   0.973879
 9929.450   0.975848
 9929.515   0.977410
 9929.580   0.978798
 9929.645   0.980134
 9929.710   0.981460
 9929.775   0.982719
 9929.840   0.983841
 9929.906   0.984991
 9929.971   0.986525
 9930.036   0.988551
 9930.101   0.990716
 9930.166   0.992597
 9930.231   0.993968
 9930.296   0.994803
 9930.361   0.995197
 9930.427   0.995414
 9930.492   0.995717
 9930.557   0.996187
 9930.622   0.996771
 9930.687   0.997379
 9930.752   0.997918
 9930.817   0.998301
 9930.882   0.998638
 9930.948   0.999118
 9931.013   0.999754
 9931.078   1.000146
 9931.143   0.999910
 9931.208   0.998994
 9931.273   0.997627
 9931.338   0.996026
 9931.403   0.994362
 9931.469   0.992782
 9931.534   0.991540
 9931.599   0.990897
 9931.664   0.990962
 9931.729   0.991612
 9931.794   0.992740
 9931.859   0.994226
 9931.924   0.995857
 9931.990   0.997387
 9932.055   0.998695
 9932.120   0.999682
 9932.185   1.000331
 9932.250   1.000715
 9932.315   1.000892
 9932.380   1.000742
 9932.445   1.000217
 9932.511   0.999590
 9932.576   0.999310
 9932.641   0.999593
 9932.706   1.000223
 9932.771   1.000813
 9932.836   1.001185
 9932.901   1.001389
 9932.966   1.001405
 9933.032   1.001153
 9933.097   1.000719
 9933.162   1.000261
 9933.227   0.999792
 9933.292   0.999190
 9933.357   0.998511
 9933.422   0.997869
 9933.487   0.997253
 9933.553   0.996618
 9933.618   0.996160
 9933.683   0.995945
 9933.748   0.995824
 9933.813   0.995752
 9933.878   0.995989
 9933.943   0.996670
 9934.008   0.997621
 9934.074   0.998585
 9934.139   0.999382
 9934.204   0.999894
 9934.269   1.000163
 9934.334   1.000423
 9934.399   1.000909
 9934.464   1.001643
 9934.529   1.002357
 9934.595   1.002699
 9934.660   1.002584
 9934.725   1.002210
 9934.790   1.001778
 9934.855   1.001246
 9934.920   1.000515
 9934.985   0.999650
 9935.050   0.998937
 9935.116   0.998635
 9935.181   0.998753
 9935.246   0.999039
 9935.311   0.999243
 9935.376   0.999211
 9935.441   0.998897
 9935.506   0.998402
 9935.571   0.997988
 9935.637   0.997867
 9935.702   0.998013
 9935.767   0.998317
 9935.832   0.998749
 9935.897   0.999275
 9935.962   0.999567
 9936.027   0.999318
 9936.092   0.998616
 9936.158   0.998035
 9936.223   0.998035
 9936.288   0.998560
 9936.353   0.999137
 9936.418   0.999362
 9936.483   0.999201
 9936.548   0.998815
 9936.613   0.998279
 9936.679   0.997576
 9936.744   0.996722
 9936.809   0.995799
 9936.874   0.994823
 9936.939   0.993828
 9937.004   0.992983
 9937.069   0.992994
 9937.134   0.995468
 9937.200   0.995318
 9937.265   0.995103
 9937.330   0.995154
 9937.395   0.995477
 9937.460   0.995925
 9937.525   0.996508
 9937.590   0.997280
 9937.655   0.998019
 9937.721   0.998479
 9937.786   0.998634
 9937.851   0.998553
 9937.916   0.998247
 9937.981   0.997719
 9938.046   0.997096
 9938.111   0.996679
 9938.176   0.996751
 9938.242   0.997224
 9938.307   0.997678
 9938.372   0.997753
 9938.437   0.997424
 9938.502   0.996797
 9938.567   0.996148
 9938.632   0.995857
 9938.697   0.996198
 9938.763   0.997083
 9938.828   0.998158
 9938.893   0.999000
 9938.958   0.999348
 9939.023   0.999205
 9939.088   0.998734
 9939.153   0.998083
 9939.218   0.997472
 9939.284   0.997122
 9939.349   0.997067
 9939.414   0.997227
 9939.479   0.997611
 9939.544   0.998192
 9939.609   0.998626
 9939.674   0.998567
 9939.739   0.998040
 9939.805   0.997431
 9939.870   0.997081
 9939.935   0.997094
 9940.000   0.997380
