10080.000   0.994600
10080.072   0.993102
10080.143   0.991516
10080.215   0.989876
10080.287   0.988293
10080.358   0.986928
10080.430   0.985913
10080.501   0.985570
10080.573   0.986299
10080.645   0.988119
10080.716   0.990547
10080.788   0.993037
10080.860   0.995202
10080.931   0.996783
10081.003   0.997778
10081.075   0.998355
10081.146   0.998618
10081.218   0.998529
10081.289   0.998055
10081.361   0.997303
10081.433   0.996489
10081.504   0.995843
10081.576   0.995544
10081.648   0.995681
10081.719   0.996109
10081.791   0.996556
10081.863   0.996941
10081.934   0.997388
10082.006   0.997887
10082.077   0.998243
10082.149   0.998353
10082.221   0.998205
10082.292   0.997779
10082.364   0.997277
10082.436   0.997185
10082.507   0.997713
10082.579   0.998509
10082.651   0.999132
10082.722   0.999415
10082.794   0.999339
10082.866   0.998967
10082.937   0.998488
10083.009   0.998071
10083.080   0.997799
10083.152   0.997695
10083.224   0.997825
10083.295   0.998262
10083.367   0.998902
10083.439   0.999448
10083.510   0.999689
10083.582   0.999618
10083.654   0.999233
10083.725   0.998576
10083.797   0.997864
10083.868   0.997333
10083.940   0.996889
10084.012   0.996315
10084.083   0.995638
10084.155   0.995026
10084.227   0.994539
10084.298   0.994211
10084.370   0.994115
10084.442   0.994116
10084.513   0.994023
10084.585   0.993948
10084.656   0.994099
10084.728   0.994461
10084.800   0.994860
10084.871   0.995248
10084.943   0.995630
10085.015   0.996231
10085.086   0.995633
10085.158   0.996184
10085.230   0.996778
10085.301   0.997438
10085.373   0.998171
10085.444   0.998885
10085.516   0.999431
10085.588   0.999690
10085.659   0.999591
10085.731   0.999212
10085.803   0.998720
10085.874   0.998242
10085.946   0.997827
10086.018   0.997536
10086.089   0.997451
10086.161   0.997661
10086.232   0.998165
10086.304   0.998664
10086.376   0.998790
10086.447   0.998515
10086.519   0.998189
10086.591   0.998054
10086.662   0.997999
10086.734   0.997794
10086.806   0.997504
10086.877   0.997489
10086.949   0.997810
10087.021   0.997979
10087.092   0.997519
10087.164   0.996649
10087.235   0.995883
10087.307   0.995474
10087.379   0.995477
10087.450   0.995901
10087.522   0.996539
10087.594   0.996970
10087.665   0.996959
10087.737   0.996553
10087.809   0.995966
10087.880   0.995553
10087.952   0.995725
10088.023   0.996551
10088.095   0.997749
10088.167   0.998901
10088.238   0.999672
10088.310   0.999942
10088.382   0.999941
10088.453   0.999962
10088.525   1.000079
10088.597   1.000224
10088.668   1.000260
10088.740   1.000023
10088.811   0.999496
10088.883   0.999067
10088.955   0.999069
10089.026   0.999361
10089.098   0.999566
10089.170   0.999428
10089.241   0.998860
10089.313   0.997914
10089.385   0.996737
10089.456   0.995314
10089.528   0.993434
10089.599   0.990997
10089.671   0.988167
10089.743   0.985325
10089.814   0.982936
10089.886   0.981587
10089.958   0.981822
10090.029   0.983703
10090.101   0.986764
10090.173   0.990315
10090.244   0.993661
10090.316   0.996265
10090.387   0.997997
10090.459   0.999042
10090.531   0.999621
10090.602   0.999827
10090.674   0.999780
10090.746   0.999672
10090.817   0.999593
10090.889   0.999486
10090.961   0.999365
10091.032   0.999328
10091.104   0.999356
10091.176   0.999427
10091.247   0.999585
10091.319   0.999820
10091.390   1.000028
10091.462   1.000030
10091.534   0.999695
10091.605   0.999054
10091.677   0.998375
10091.749   0.997989
10091.820   0.998063
10091.892   0.998394
10091.964   0.998517
10092.035   0.998109
10092.107   0.997316
10092.178   0.996482
10092.250   0.996000
10092.322   0.996198
10092.393   0.997077
10092.465   0.998233
10092.537   0.999273
10092.608   1.000004
10092.680   1.000380
10092.752   1.000492
10092.823   1.000518
10092.895   1.000560
10092.966   1.000641
10093.038   1.000769
10093.110   1.000838
10093.181   1.000686
10093.253   1.000303
10093.325   0.999838
10093.396   0.999417
10093.468   0.999180
10093.540   0.999341
10093.611   0.999754
10093.683   0.999852
10093.754   0.999169
10093.826   0.997613
10093.898   0.995286
10093.969   0.992573
10094.041   0.990067
10094.113   0.988286
10094.184   0.987563
10094.256   0.988024
10094.328   0.989498
10094.399   0.991612
10094.471   0.993851
10094.542   0.995653
10094.614   0.996722
10094.686   0.997169
10094.757   0.997219
10094.829   0.996981
10094.901   0.996475
10094.972   0.995699
10095.044   0.994528
10095.116   0.992761
10095.187   0.990277
10095.259   0.987183
10095.331   0.983839
10095.402   0.980803
10095.474   0.978837
10095.545   0.978658
10095.617   0.979410
10095.689   0.981701
10095.760   0.986441
10095.832   0.991088
10095.904   0.994711
10095.975   0.996821
10096.047   0.997756
10096.119   0.998120
10096.190   0.998267
10096.262   0.998268
10096.333   0.998176
10096.405   0.998116
10096.477   0.998130
10096.548   0.998186
10096.620   0.998259
10096.692   0.998417
10096.763   0.998761
10096.835   0.999254
10096.907   0.999601
10096.978   0.999564
10097.050   0.999219
10097.121   0.998703
10097.193   0.998013
10097.265   0.997139
10097.336   0.996098
10097.408   0.994804
10097.480   0.993243
10097.551   0.991745
10097.623   0.990821
10097.695   0.990812
10097.766   0.991767
10097.838   0.993378
10097.909   0.995107
10097.981   0.996542
10098.053   0.997563
10098.124   0.998204
10098.196   0.998601
10098.268   0.998984
10098.339   0.999510
10098.411   1.000124
10098.483   1.000650
10098.554   1.000959
10098.626   1.001018
10098.697   1.000818
10098.769   1.000490
10098.841   1.000272
10098.912   1.000260
10098.984   1.000328
10099.056   1.000377
10099.127   1.000373
10099.199   1.000351
10099.271   1.000418
10099.342   1.000606
10099.414   1.000758
10099.486   1.000743
10099.557   1.000592
10099.629   1.000420
10099.700   1.000244
10099.772   0.999970
10099.844   0.999517
10099.915   0.998897
10099.987   0.998134
10100.059   0.997215
10100.130   0.996195
10100.202   0.995205
10100.274   0.994395
10100.345   0.993851
10100.417   0.993687
10100.488   0.994090
10100.560   0.995123
10100.632   0.996528
10100.703   0.997938
10100.775   0.999069
10100.847   0.999766
10100.918   1.000065
10100.990   1.000154
10101.062   1.000176
10101.133   1.000213
10101.205   1.000368
10101.276   1.000566
10101.348   1.000647
10101.420   1.000615
10101.491   1.000525
10101.563   1.000291
10101.635   0.999874
10101.706   0.999443
10101.778   0.999115
10101.850   0.998817
10101.921   0.998525
10101.993   0.998379
10102.064   0.998490
10102.136   0.998758
10102.208   0.998939
10102.279   0.998700
10102.351   0.997624
10102.423   0.995488
10102.494   0.992779
10102.566   0.990456
10102.638   0.989272
10102.709   0.989468
10102.781   0.990838
10102.852   0.992794
10102.924   0.994707
10102.996   0.996356
10103.067   0.997776
10103.139   0.998959
10103.211   0.999859
10103.282   1.000473
10103.354   1.000747
10103.426   1.000610
10103.497   1.000210
10103.569   0.999868
10103.641   0.999783
10103.712   0.999869
10103.784   0.999930
10103.855   0.999925
10103.927   0.999952
10103.999   1.000059
10104.070   1.000151
10104.142   1.000162
10104.214   1.000099
10104.285   1.000004
10104.357   0.999956
10104.429   1.000023
10104.500   1.000109
10104.572   1.000066
10104.643   0.999887
10104.715   0.999688
10104.787   0.999536
10104.858   0.999420
10104.930   0.999314
10105.002   0.999191
10105.073   0.998970
10105.145   0.998598
10105.217   0.998240
10105.288   0.998164
10105.360   0.998437
10105.431   0.998918
10105.503   0.999429
10105.575   0.999752
10105.646   0.999668
10105.718   0.999130
10105.790   0.998365
10105.861   0.997690
10105.933   0.997338
10106.005   0.997439
10106.076   0.997972
10106.148   0.998757
10106.219   0.999506
10106.291   0.999995
10106.363   1.000122
10106.434   0.999919
10106.506   0.999464
10106.578   0.998868
10106.649   0.998367
10106.721   0.998141
10106.793   0.998112
10106.864   0.998112
10106.936   0.998040
10107.007   0.997824
10107.079   0.997485
10107.151   0.997291
10107.222   0.997355
10107.294   0.997407
10107.366   0.997211
10107.437   0.996964
10107.509   0.996958
10107.581   0.997257
10107.652   0.997841
10107.724   0.998604
10107.796   0.999129
10107.867   0.999445
10107.939   0.998034
10108.010   0.997190
10108.082   0.996297
10108.154   0.995446
10108.225   0.994642
10108.297   0.993779
10108.369   0.992783
10108.440   0.991815
10108.512   0.991234
10108.584   0.991294
10108.655   0.991939
10108.727   0.992911
10108.798   0.994018
10108.870   0.995206
10108.942   0.996500
10109.013   0.997853
10109.085   0.999109
10109.157   0.999951
10109.228   1.000131
10109.300   0.999869
10109.372   0.999638
10109.443   0.999650
10109.515   0.999784
10109.586   0.999844
10109.658   0.999640
10109.730   0.999113
10109.801   0.998378
10109.873   0.997594
10109.945   0.996933
10110.016   0.996588
10110.088   0.996671
10110.160   0.997110
10110.231   0.997752
10110.303   0.998400
10110.374   0.998877
10110.446   0.999091
10110.518   0.999083
10110.589   0.998938
10110.661   0.998751
10110.733   0.998626
10110.804   0.998596
10110.876   0.998588
10110.948   0.998576
10111.019   0.998597
10111.091   0.998618
10111.162   0.998593
10111.234   0.998640
10111.306   0.998798
10111.377   0.998952
10111.449   0.999089
10111.521   0.999329
10111.592   0.999611
10111.664   0.999764
10111.736   0.999804
10111.807   0.999795
10111.879   0.999674
10111.951   0.999372
10112.022   0.999032
10112.094   0.998784
10112.165   0.998542
10112.237   0.998189
10112.309   0.997759
10112.380   0.997334
10112.452   0.996944
10112.524   0.996658
10112.595   0.996530
10112.667   0.996559
10112.739   0.996740
10112.810   0.997089
10112.882   0.997528
10112.953   0.997942
10113.025   0.998369
10113.097   0.998912
10113.168   0.999532
10113.240   1.000105
10113.312   1.000579
10113.383   1.000931
10113.455   1.001112
10113.527   1.001120
10113.598   1.000967
10113.670   1.000634
10113.741   1.000201
10113.813   0.999836
10113.885   0.999613
10113.956   0.999484
10114.028   0.999337
10114.100   0.999050
10114.171   0.998568
10114.243   0.998088
10114.315   0.997856
10114.386   0.997957
10114.458   0.998328
10114.529   0.998853
10114.601   0.999349
10114.673   0.999703
10114.744   0.999876
10114.816   0.999816
10114.888   0.999497
10114.959   0.998964
10115.031   0.998333
10115.103   0.997847
10115.174   0.997767
10115.246   0.998078
10115.317   0.998576
10115.389   0.999129
10115.461   0.999680
10115.532   1.000124
10115.604   1.000333
10115.676   1.000308
10115.747   1.000118
10115.819   0.999866
10115.891   0.999649
10115.962   0.999519
10116.034   0.999457
10116.106   0.999372
10116.177   0.999148
10116.249   0.998783
10116.320   0.998466
10116.392   0.998401
10116.464   0.998630
10116.535   0.999017
10116.607   0.999342
10116.679   0.999400
10116.750   0.999123
10116.822   0.998679
10116.894   0.998320
10116.965   0.998140
10117.037   0.998080
10117.108   0.998098
10117.180   0.998188
10117.252   0.998374
10117.323   0.998735
10117.395   0.999284
10117.467   0.999866
10117.538   1.000265
10117.610   1.000379
10117.682   1.000199
10117.753   0.999739
10117.825   0.998937
10117.896   0.997806
10117.968   0.996447
10118.040   0.995050
10118.111   0.993936
10118.183   0.993547
10118.255   0.994116
10118.326   0.995433
10118.398   0.996994
10118.470   0.998320
10118.541   0.999184
10118.613   0.999586
10118.684   0.999675
10118.756   0.999674
10118.828   0.999727
10118.899   0.999699
10118.971   0.999496
10119.043   0.999305
10119.114   0.999380
10119.186   0.999698
10119.258   1.000125
10119.329   1.000621
10119.401   1.001156
10119.472   1.001704
10119.544   1.002238
10119.616   1.002647
10119.687   1.002783
10119.759   1.002563
10119.831   1.001998
10119.902   1.001206
10119.974   1.000412
10120.046   0.999805
10120.117   0.999459
10120.189   0.999369
10120.261   0.999421
10120.332   0.999521
10120.404   0.999673
10120.475   0.999883
10120.547   1.000048
10120.619   1.000037
10120.690   0.999896
10120.762   0.999806
10120.834   0.999934
10120.905   1.000282
10120.977   1.000669
10121.049   1.000763
10121.120   1.000235
10121.192   0.999021
10121.263   0.997297
10121.335   0.995149
10121.407   0.992444
10121.478   0.989069
10121.550   0.985219
10121.622   0.981467
10121.693   0.978648
10121.765   0.977576
10121.837   0.978682
10121.908   0.981778
10121.980   0.986109
10122.051   0.990701
10122.123   0.994769
10122.195   0.997872
10122.266   0.999875
10122.338   1.000917
10122.410   1.001376
10122.481   1.001630
10122.553   1.001860
10122.625   1.002135
10122.696   1.002464
10122.768   1.002822
10122.839   1.003244
10122.911   1.003681
10122.983   1.003885
10123.054   1.003706
10123.126   1.003194
10123.198   1.002407
10123.269   1.001492
10123.341   1.000748
10123.413   1.000345
10123.484   1.000270
10123.556   1.000462
10123.627   1.000792
10123.699   1.001135
10123.771   1.001558
10123.842   1.002179
10123.914   1.002859
10123.986   1.003216
10124.057   1.002987
10124.129   1.002193
10124.201   1.001010
10124.272   0.999704
10124.344   0.998593
10124.415   0.997854
10124.487   0.997487
10124.559   0.997456
10124.630   0.997740
10124.702   0.998217
10124.774   0.998664
10124.845   0.998937
10124.917   0.999078
10124.989   0.999229
10125.060   0.999500
10125.132   0.999900
10125.204   1.000343
10125.275   1.000759
10125.347   1.001146
10125.418   1.001491
10125.490   1.001741
10125.562   1.001915
10125.633   1.001962
10125.705   1.001717
10125.777   1.001118
10125.848   1.000280
10125.920   0.999355
10125.992   0.998475
10126.063   0.997819
10126.135   0.997532
10126.206   0.997630
10126.278   0.997994
10126.350   0.998419
10126.421   0.998718
10126.493   0.998840
10126.565   0.998942
10126.636   0.999204
10126.708   0.999622
10126.780   1.000077
10126.851   1.000505
10126.923   1.000895
10126.994   1.001197
10127.066   1.001295
10127.138   1.001078
10127.209   1.000539
10127.281   0.999700
10127.353   0.998597
10127.424   0.997390
10127.496   0.996364
10127.568   0.995681
10127.639   0.995336
10127.711   0.995252
10127.782   0.995373
10127.854   0.995663
10127.926   0.996113
10127.997   0.996663
10128.069   0.997181
10128.141   0.997525
10128.212   0.997703
10128.284   0.997805
10128.356   0.997896
10128.427   0.998021
10128.499   0.998201
10128.570   0.998462
10128.642   0.998805
10128.714   0.999159
10128.785   0.999362
10128.857   0.999347
10128.929   0.999156
10129.000   0.998774
10129.072   0.998204
10129.144   0.997603
10129.215   0.997147
10129.287   0.996863
10129.359   0.996738
10129.430   0.996773
10129.502   0.996933
10129.573   0.997154
10129.645   0.997399
10129.717   0.997710
10129.788   0.998150
10129.860   0.998660
10129.932   0.999087
10130.003   0.999368
10130.075   0.999521
10130.147   0.999543
10130.218   0.999443
10130.290   0.999203
10130.361   0.998754
10130.433   0.998136
10130.505   0.997529
10130.576   0.997193
10130.648   0.997322
10130.720   0.997816
10130.791   0.998296
10130.863   0.998457
10130.935   0.998360
10131.006   0.998266
10131.078   0.998387
10131.149   0.998781
10131.221   0.999321
10131.293   0.999642
10131.364   0.999416
10131.436   0.998785
10131.508   0.998173
10131.579   0.997741
10131.651   0.997353
10131.723   0.996863
10131.794   0.996126
10131.866   0.995023
10131.937   0.993648
10132.009   0.992219
10132.081   0.990957
10132.152   0.990163
10132.224   0.990148
10132.296   0.991084
10132.367   0.992875
10132.439   0.995076
10132.511   0.997094
10132.582   0.998503
10132.654   0.999208
10132.725   0.999362
10132.797   0.999294
10132.869   0.999277
10132.940   0.999381
10133.012   0.999536
10133.084   0.999617
10133.155   0.999503
10133.227   0.999147
10133.299   0.998683
10133.370   0.998269
10133.442   0.998035
10133.514   0.998124
10133.585   0.998586
10133.657   0.999173
10133.728   0.999519
10133.800   0.999419
10133.872   0.998840
10133.943   0.998000
10134.015   0.997387
10134.087   0.997367
10134.158   0.997796
10134.230   0.998323
10134.302   0.998793
10134.373   0.999173
10134.445   0.999419
10134.516   0.999565
10134.588   0.999756
10134.660   0.999981
10134.731   1.000019
10134.803   0.999747
10134.875   0.999306
10134.946   0.998876
10135.018   0.998541
10135.090   0.998345
10135.161   0.998301
10135.233   0.998363
10135.304   0.998557
10135.376   0.998958
10135.448   0.999535
10135.519   1.000059
10135.591   1.000361
10135.663   1.000501
10135.734   1.000626
10135.806   1.000798
10135.878   1.000967
10135.949   1.001098
10136.021   1.001159
10136.092   1.001076
10136.164   1.000793
10136.236   1.000403
10136.307   1.000042
10136.379   0.999737
10136.451   0.999517
10136.522   0.999457
10136.594   0.999561
10136.666   0.999715
10136.737   0.999774
10136.809   0.999648
10136.880   0.999449
10136.952   0.999397
10137.024   0.999632
10137.095   1.000139
10137.167   1.000783
10137.239   1.001303
10137.310   1.001470
10137.382   1.001289
10137.454   1.000923
10137.525   1.000523
10137.597   1.000143
10137.669   0.999769
10137.740   0.999344
10137.812   0.998828
10137.883   0.998367
10137.955   0.998175
10138.027   0.998247
10138.098   0.998329
10138.170   0.998276
10138.242   0.998157
10138.313   0.998043
10138.385   0.997984
10138.457   0.997970
10138.528   0.997956
10138.600   0.997938
10138.671   0.997976
10138.743   0.998084
10138.815   0.998235
10138.886   0.998412
10138.958   0.998712
10139.030   0.999216
10139.101   0.999768
10139.173   1.000062
10139.245   0.999973
10139.316   0.999616
10139.388   0.999159
10139.459   0.998710
10139.531   0.998354
10139.603   0.998178
10139.674   0.998242
10139.746   0.998538
10139.818   0.998951
10139.889   0.999327
10139.961   0.999603
10140.033   0.999914
10140.104   1.000396
10140.176   1.000988
10140.247   1.001511
10140.319   1.001781
10140.391   1.001675
10140.462   1.001170
10140.534   1.000381
10140.606   0.999552
10140.677   0.999005
10140.749   0.998936
10140.821   0.999240
10140.892   0.999670
10140.964   1.000055
10141.035   1.000288
10141.107   1.000363
10141.179   1.000414
10141.250   1.000570
10141.322   1.000712
10141.394   1.000628
10141.465   1.000283
10141.537   0.999763
10141.609   0.999146
10141.680   0.998550
10141.752   0.998137
10141.824   0.997950
10141.895   0.997944
10141.967   0.998140
10142.038   0.998598
10142.110   0.999234
10142.182   0.999828
10142.253   1.000236
10142.325   1.000547
10142.397   1.000867
10142.468   1.001118
10142.540   1.001171
10142.612   1.001087
10142.683   1.001129
10142.755   1.001444
10142.826   1.001815
10142.898   1.001902
10142.970   1.001578
10143.041   1.000991
10143.113   1.000269
10143.185   0.999412
10143.256   0.998414
10143.328   0.997339
10143.400   0.996321
10143.471   0.995515
10143.543   0.994979
10143.614   0.994576
10143.686   0.994088
10143.758   0.993497
10143.829   0.993067
10143.901   0.993120
10143.973   0.993771
10144.044   0.994882
10144.116   0.996225
10144.188   0.997537
10144.259   0.998554
10144.331   0.999180
10144.402   0.999453
10144.474   0.999391
10144.546   0.998930
10144.617   0.998027
10144.689   0.996757
10144.761   0.995378
10144.832   0.994268
10144.904   0.993858
10144.976   0.994389
10145.047   0.995665
10145.119   0.997234
10145.190   0.998686
10145.262   0.999669
10145.334   0.999955
10145.405   0.999752
10145.477   0.999493
10145.549   0.999444
10145.620   0.999625
10145.692   0.999982
10145.764   1.000363
10145.835   1.000546
10145.907   1.000358
10145.979   0.999823
10146.050   0.999166
10146.122   0.998623
10146.193   0.998318
10146.265   0.998244
10146.337   0.998373
10146.408   0.998664
10146.480   0.999071
10146.552   0.999488
10146.623   0.999739
10146.695   0.999698
10146.767   0.999428
10146.838   0.999111
10146.910   0.998895
10146.981   0.998820
10147.053   0.998777
10147.125   0.998527
10147.196   0.997918
10147.268   0.997072
10147.340   0.996204
10147.411   0.995431
10147.483   0.994747
10147.555   0.994099
10147.626   0.993403
10147.698   0.992640
10147.769   0.991876
10147.841   0.991270
10147.913   0.990980
10147.984   0.991182
10148.056   0.991972
10148.128   0.993182
10148.199   0.994453
10148.271   0.995505
10148.343   0.996216
10148.414   0.996583
10148.486   0.996894
10148.557   0.997519
10148.629   0.998377
10148.701   0.999028
10148.772   0.999248
10148.844   0.999145
10148.916   0.998949
10148.987   0.998912
10149.059   0.999181
10149.131   0.999604
10149.202   0.999841
10149.274   0.999697
10149.345   0.999304
10149.417   0.998908
10149.489   0.998610
10149.560   0.998411
10149.632   0.998269
10149.704   0.998118
10149.775   0.997959
10149.847   0.997936
10149.919   0.998195
10149.990   0.998680
10150.062   0.999169
10150.134   0.999419
10150.205   0.999322
10150.277   0.998938
10150.348   0.998502
10150.420   0.998295
10150.492   0.998446
10150.563   0.998839
10150.635   0.999326
10150.707   0.999835
10150.778   1.000269
10150.850   1.000444
10150.922   1.000216
10150.993   0.999646
10151.065   0.998991
10151.136   0.998510
10151.208   0.998323
10151.280   0.998426
10151.351   0.998717
10151.423   0.999054
10151.495   0.999315
10151.566   0.999376
10151.638   0.999168
10151.710   0.998889
10151.781   0.998842
10151.853   0.999054
10151.924   0.999324
10151.996   0.999590
10152.068   0.999876
10152.139   1.000137
10152.211   1.000285
10152.283   1.000298
10152.354   1.000135
10152.426   0.999719
10152.498   0.999158
10152.569   0.998746
10152.641   0.998689
10152.712   0.998912
10152.784   0.999308
10152.856   0.999699
10152.927   0.999813
10152.999   0.999560
10153.071   0.999189
10153.142   0.998974
10153.214   0.998983
10153.286   0.999191
10153.357   0.999446
10153.429   0.999543
10153.500   0.999423
10153.572   0.999253
10153.644   0.999209
10153.715   0.999334
10153.787   0.999529
10153.859   0.999731
10153.930   0.999983
10154.002   1.000302
10154.074   1.000618
10154.145   1.000865
10154.217   1.000960
10154.289   1.000787
10154.360   1.000366
10154.432   0.999960
10154.503   0.999823
10154.575   0.999912
10154.647   1.000019
10154.718   1.000029
10154.790   0.999954
10154.862   0.999838
10154.933   0.999791
10155.005   0.999913
10155.077   1.000251
10155.148   1.000847
10155.220   1.001592
10155.291   1.002068
10155.363   1.001779
10155.435   1.000542
10155.506   0.998324
10155.578   0.995212
10155.650   0.991539
10155.721   0.987880
10155.793   0.984885
10155.865   0.983197
10155.936   0.983283
10156.008   0.985162
10156.079   0.988386
10156.151   0.992282
10156.223   0.996167
10156.294   0.999262
10156.366   1.000950
10156.438   1.001324
10156.509   1.001033
10156.581   1.000630
10156.653   1.000291
10156.724   1.000037
10156.796   0.999818
10156.867   0.999587
10156.939   0.999420
10157.011   0.999470
10157.082   0.999743
10157.154   1.000011
10157.226   1.000056
10157.297   0.999767
10157.369   0.999124
10157.441   0.998316
10157.512   0.997755
10157.584   0.997709
10157.655   0.998006
10157.727   0.998259
10157.799   0.998235
10157.870   0.997980
10157.942   0.997704
10158.014   0.997610
10158.085   0.997817
10158.157   0.998235
10158.229   0.998622
10158.300   0.998772
10158.372   0.998679
10158.444   0.998475
10158.515   0.998288
10158.587   0.998153
10158.658   0.998128
10158.730   0.998329
10158.802   0.998763
10158.873   0.999291
10158.945   0.999751
10159.017   1.000054
10159.088   1.000199
10159.160   1.000295
10159.232   1.000464
10159.303   1.000738
10159.375   1.000977
10159.446   1.000990
10159.518   1.000807
10159.590   1.000635
10159.661   1.000581
10159.733   1.000597
10159.805   1.000603
10159.876   1.000467
10159.948   1.000061
10160.020   0.999476
10160.091   0.998983
10160.163   0.998764
10160.234   0.998757
10160.306   0.998808
10160.378   0.998831
10160.449   0.998836
10160.521   0.998858
10160.593   0.998938
10160.664   0.999143
10160.736   0.999520
10160.808   0.999966
10160.879   1.000271
10160.951   1.000275
10161.022   0.999970
10161.094   0.999530
10161.166   0.999239
10161.237   0.999231
10161.309   0.999395
10161.381   0.999544
10161.452   0.999620
10161.524   0.999690
10161.596   0.999788
10161.667   0.999861
10161.739   0.999868
10161.810   0.999847
10161.882   0.999808
10161.954   0.999738
10162.025   0.999678
10162.097   0.999648
10162.169   0.999661
10162.240   0.999643
10162.312   0.999415
10162.384   0.998972
10162.455   0.998656
10162.527   0.998786
10162.599   0.999272
10162.670   0.999829
10162.742   1.000265
10162.813   1.000555
10162.885   1.000734
10162.957   1.000856
10163.028   1.000942
10163.100   1.000932
10163.172   1.000762
10163.243   1.000458
10163.315   1.000096
10163.387   0.999721
10163.458   0.999415
10163.530   0.999233
10163.601   0.999071
10163.673   0.998795
10163.745   0.998451
10163.816   0.998193
10163.888   0.998112
10163.960   0.998221
10164.031   0.998457
10164.103   0.998652
10164.175   0.998684
10164.246   0.998591
10164.318   0.998438
10164.389   0.998218
10164.461   0.998026
10164.533   0.998021
10164.604   0.998242
10164.676   0.998644
10164.748   0.999241
10164.819   0.999983
10164.891   1.000705
10164.963   1.001223
10165.034   1.001422
10165.106   1.001260
10165.177   1.000807
10165.249   1.000230
10165.321   0.999669
10165.392   0.999202
10165.464   0.998904
10165.536   0.998836
10165.607   0.998971
10165.679   0.999239
10165.751   0.999599
10165.822   0.999937
10165.894   1.000047
10165.965   0.999883
10166.037   0.999632
10166.109   0.999443
10166.180   0.999299
10166.252   0.999188
10166.324   0.999186
10166.395   0.999272
10166.467   0.999347
10166.539   0.999303
10166.610   0.999096
10166.682   0.998775
10166.754   0.998473
10166.825   0.998295
10166.897   0.998263
10166.968   0.998323
10167.040   0.998348
10167.112   0.998276
10167.183   0.998284
10167.255   0.998610
10167.327   0.999190
10167.398   0.999624
10167.470   0.999653
10167.542   0.999409
10167.613   0.999164
10167.685   0.999009
10167.756   0.998866
10167.828   0.998592
10167.900   0.998037
10167.971   0.997144
10168.043   0.996008
10168.115   0.994816
10168.186   0.993837
10168.258   0.993383
10168.330   0.993635
10168.401   0.994471
10168.473   0.995643
10168.544   0.996896
10168.616   0.997965
10168.688   0.998660
10168.759   0.998973
10168.831   0.999028
10168.903   0.998985
10168.974   0.999007
10169.046   0.999222
10169.118   0.999627
10169.189   1.000013
10169.261   1.000063
10169.332   0.999642
10169.404   0.998902
10169.476   0.998120
10169.547   0.997483
10169.619   0.997064
10169.691   0.996820
10169.762   0.996691
10169.834   0.996713
10169.906   0.996947
10169.977   0.997394
10170.049   0.998042
10170.120   0.998838
10170.192   0.999608
10170.264   1.000137
10170.335   1.000389
10170.407   1.000444
10170.479   1.000307
10170.550   1.000025
10170.622   0.999760
10170.694   0.999599
10170.765   0.999463
10170.837   0.999322
10170.908   0.999203
10170.980   0.999102
10171.052   0.999052
10171.123   0.999227
10171.195   0.999701
10171.267   1.000274
10171.338   1.000728
10171.410   1.000937
10171.482   1.000833
10171.553   1.000473
10171.625   1.000160
10171.697   1.000138
10171.768   1.000335
10171.840   1.000498
10171.911   1.000451
10171.983   1.000166
10172.055   0.999680
10172.126   0.999100
10172.198   0.998578
10172.270   0.998240
10172.341   0.998098
10172.413   0.998109
10172.485   0.998206
10172.556   0.998312
10172.628   0.998313
10172.699   0.998157
10172.771   0.997933
10172.843   0.997719
10172.914   0.997541
10172.986   0.997438
10173.058   0.997488
10173.129   0.997689
10173.201   0.998037
10173.273   0.998548
10173.344   0.999107
10173.416   0.999558
10173.487   0.999839
10173.559   0.999883
10173.631   0.999593
10173.702   0.999094
10173.774   0.998663
10173.846   0.998515
10173.917   0.998708
10173.989   0.999113
10174.061   0.999477
10174.132   0.999672
10174.204   0.999815
10174.275   1.000035
10174.347   1.000194
10174.419   0.999995
10174.490   0.999192
10174.562   0.997630
10174.634   0.995323
10174.705   0.992652
10174.777   0.990262
10174.849   0.988766
10174.920   0.988549
10174.992   0.989616
10175.063   0.991557
10175.135   0.993771
10175.207   0.995657
10175.278   0.996813
10175.350   0.997312
10175.422   0.997513
10175.493   0.997659
10175.565   0.997823
10175.637   0.998021
10175.708   0.998141
10175.780   0.998052
10175.852   0.997887
10175.923   0.997934
10175.995   0.998300
10176.066   0.998799
10176.138   0.999159
10176.210   0.999181
10176.281   0.998828
10176.353   0.998312
10176.425   0.997966
10176.496   0.997974
10176.568   0.998250
10176.640   0.998565
10176.711   0.998724
10176.783   0.998633
10176.854   0.998415
10176.926   0.998301
10176.998   0.998366
10177.069   0.998436
10177.141   0.998397
10177.213   0.998322
10177.284   0.998321
10177.356   0.998484
10177.428   0.998837
10177.499   0.999270
10177.571   0.999545
10177.642   0.999468
10177.714   0.999081
10177.786   0.998643
10177.857   0.998397
10177.929   0.998469
10178.001   0.998916
10178.072   0.999627
10178.144   1.000293
10178.216   1.000651
10178.287   1.000649
10178.359   1.000366
10178.430   1.000009
10178.502   0.999822
10178.574   0.999820
10178.645   0.999754
10178.717   0.999466
10178.789   0.999064
10178.860   0.998689
10178.932   0.998383
10179.004   0.998269
10179.075   0.998449
10179.147   0.998831
10179.218   0.999233
10179.290   0.999583
10179.362   0.999836
10179.433   0.999838
10179.505   0.999505
10179.577   0.999004
10179.648   0.998633
10179.720   0.998549
10179.792   0.998712
10179.863   0.999006
10179.935   0.999315
10180.007   0.999583
10180.078   0.999760
10180.150   0.999732
10180.221   0.999446
10180.293   0.999091
10180.365   0.998938
10180.436   0.999033
10180.508   0.999309
10180.580   0.999692
10180.651   1.000040
10180.723   1.000187
10180.795   1.000177
10180.866   1.000156
10180.938   1.000122
10181.009   1.000041
10181.081   0.999969
10181.153   1.000006
10181.224   1.000179
10181.296   1.000425
10181.368   1.000593
10181.439   1.000565
10181.511   1.000312
10181.583   0.999900
10181.654   0.999574
10181.726   0.999614
10181.797   1.000028
10181.869   1.000622
10181.941   1.001190
10182.012   1.001453
10182.084   1.001139
10182.156   1.000355
10182.227   0.999461
10182.299   0.998750
10182.371   0.998409
10182.442   0.998537
10182.514   0.998965
10182.585   0.999392
10182.657   0.999710
10182.729   0.999922
10182.800   0.999972
10182.872   0.999798
10182.944   0.999440
10183.015   0.999050
10183.087   0.998780
10183.159   0.998734
10183.230   0.998965
10183.302   0.999412
10183.373   0.999856
10183.445   1.000116
10183.517   1.000269
10183.588   1.000469
10183.660   1.000721
10183.732   1.000924
10183.803   1.001026
10183.875   1.001019
10183.947   1.000854
10184.018   1.000531
10184.090   1.000167
10184.162   0.999867
10184.233   0.999649
10184.305   0.999546
10184.376   0.999595
10184.448   0.999764
10184.520   0.999922
10184.591   0.999929
10184.663   0.999736
10184.735   0.999400
10184.806   0.999046
10184.878   0.998759
10184.950   0.998598
10185.021   0.998565
10185.093   0.998545
10185.164   0.998418
10185.236   0.998277
10185.308   0.998327
10185.379   0.998565
10185.451   0.998815
10185.523   0.998959
10185.594   0.998976
10185.666   0.998874
10185.738   0.998716
10185.809   0.998586
10185.881   0.998484
10185.952   0.998309
10186.024   0.997930
10186.096   0.997267
10186.167   0.996329
10186.239   0.995374
10186.311   0.994819
10186.382   0.994848
10186.454   0.995256
10186.526   0.995800
10186.597   0.996442
10186.669   0.997136
10186.740   0.997723
10186.812   0.998047
10186.884   0.998106
10186.955   0.998088
10187.027   0.998171
10187.099   0.998370
10187.170   0.998637
10187.242   0.998904
10187.314   0.999074
10187.385   0.999082
10187.457   0.998988
10187.528   0.998863
10187.600   0.998745
10187.672   0.998690
10187.743   0.998756
10187.815   0.998957
10187.887   0.999266
10187.958   0.999542
10188.030   0.999547
10188.102   0.999250
10188.173   0.998977
10188.245   0.999007
10188.317   0.999253
10188.388   0.999491
10188.460   0.999549
10188.531   0.999288
10188.603   0.998705
10188.675   0.998123
10188.746   0.997917
10188.818   0.998065
10188.890   0.998175
10188.961   0.998017
10189.033   0.997768
10189.105   0.997662
10189.176   0.997751
10189.248   0.997984
10189.319   0.998236
10189.391   0.998310
10189.463   0.998240
10189.534   0.998305
10189.606   0.998696
10189.678   0.999254
10189.749   0.999677
10189.821   0.999756
10189.893   0.999526
10189.964   0.999132
10190.036   0.998657
10190.107   0.998195
10190.179   0.997959
10190.251   0.998054
10190.322   0.998313
10190.394   0.998513
10190.466   0.998497
10190.537   0.998195
10190.609   0.997696
10190.681   0.997222
10190.752   0.996950
10190.824   0.996982
10190.895   0.997278
10190.967   0.997626
10191.039   0.997825
10191.110   0.997887
10191.182   0.997916
10191.254   0.997899
10191.325   0.997843
10191.397   0.997874
10191.469   0.998037
10191.540   0.998160
10191.612   0.998076
10191.683   0.997851
10191.755   0.997612
10191.827   0.997407
10191.898   0.997255
10191.970   0.997205
10192.042   0.997364
10192.113   0.997857
10192.185   0.998642
10192.257   0.999440
10192.328   1.000014
10192.400   1.000420
10192.472   1.000806
10192.543   1.001251
10192.615   1.001757
10192.686   1.002199
10192.758   1.002278
10192.830   1.001786
10192.901   1.000781
10192.973   0.999398
10193.045   0.997738
10193.116   0.995853
10193.188   0.993693
10193.260   0.991152
10193.331   0.988320
10193.403   0.985543
10193.474   0.983190
10193.546   0.981547
10193.618   0.980724
10193.689   0.980597
10193.761   0.980694
10193.833   0.980534
10193.904   0.980034
10193.976   0.979409
10194.048   0.978860
10194.119   0.978612
10194.191   0.978956
10194.262   0.980094
10194.334   0.982041
10194.406   0.984691
10194.477   0.987865
10194.549   0.991275
10194.621   0.994498
10194.692   0.997120
10194.764   0.998946
10194.836   0.999918
10194.907   1.000151
10194.979   1.000070
10195.050   1.000128
10195.122   1.000399
10195.194   1.000716
10195.265   1.000989
10195.337   1.001181
10195.409   1.001265
10195.480   1.001346
10195.552   1.001542
10195.624   1.001697
10195.695   1.001552
10195.767   1.001188
10195.838   1.000978
10195.910   1.001160
10195.982   1.001667
10196.053   1.002260
10196.125   1.002573
10196.197   1.002305
10196.268   1.001536
10196.340   1.000691
10196.412   1.000113
10196.483   0.999894
10196.555   0.999988
10196.627   1.000269
10196.698   1.000645
10196.770   1.001059
10196.841   1.001380
10196.913   1.001434
10196.985   1.001254
10197.056   1.000999
10197.128   1.000752
10197.200   1.000507
10197.271   1.000220
10197.343   0.999822
10197.415   0.999289
10197.486   0.998792
10197.558   0.998570
10197.629   0.998650
10197.701   0.998813
10197.773   0.998885
10197.844   0.998869
10197.916   0.998792
10197.988   0.998692
10198.059   0.998649
10198.131   0.998635
10198.203   0.998468
10198.274   0.998122
10198.346   0.997891
10198.417   0.998098
10198.489   0.998719
10198.561   0.999435
10198.632   0.999911
10198.704   0.999963
10198.776   0.999585
10198.847   0.999007
10198.919   0.998534
10198.991   0.998354
10199.062   0.998529
10199.134   0.998969
10199.205   0.999363
10199.277   0.999369
10199.349   0.998982
10199.420   0.998490
10199.492   0.998140
10199.564   0.997944
10199.635   0.997804
10199.707   0.997637
10199.779   0.997432
10199.850   0.997267
10199.922   0.997250
10199.993   0.997437
10200.065   0.997788
10200.137   0.998187
10200.208   0.998478
10200.280   0.998530
10200.352   0.998293
10200.423   0.997859
10200.495   0.997346
10200.567   0.996910
10200.638   0.996669
10200.710   0.996610
10200.782   0.996620
10200.853   0.996596
10200.925   0.996503
10200.996   0.996396
10201.068   0.996374
10201.140   0.996448
10201.211   0.996638
10201.283   0.996986
10201.355   0.997373
10201.426   0.997584
10201.498   0.997525
10201.570   0.997302
10201.641   0.997080
10201.713   0.996946
10201.784   0.996852
10201.856   0.996716
10201.928   0.996536
10201.999   0.996339
10202.071   0.996242
10202.143   0.996500
10202.214   0.997194
10202.286   0.997962
10202.358   0.998315
10202.429   0.998111
10202.501   0.997531
10202.572   0.996884
10202.644   0.996502
10202.716   0.996528
10202.787   0.996764
10202.859   0.996899
10202.931   0.996752
10203.002   0.996314
10203.074   0.995735
10203.146   0.995269
10203.217   0.995105
10203.289   0.995202
10203.360   0.995369
10203.432   0.995491
10203.504   0.995529
10203.575   0.995449
10203.647   0.995222
10203.719   0.994882
10203.790   0.994450
10203.862   0.993962
10203.934   0.993553
10204.005   0.993402
10204.077   0.993645
10204.148   0.994348
10204.220   0.995412
10204.292   0.996458
10204.363   0.997082
10204.435   0.997221
10204.507   0.997123
10204.578   0.997039
10204.650   0.996976
10204.722   0.996788
10204.793   0.996415
10204.865   0.995946
10204.937   0.995436
10205.008   0.994900
10205.080   0.994465
10205.151   0.994324
10205.223   0.994579
10205.295   0.995248
10205.366   0.996274
10205.438   0.997491
10205.510   0.998630
10205.581   0.999465
10205.653   0.999911
10205.725   0.999956
10205.796   0.999719
10205.868   0.999550
10205.939   0.999798
10206.011   1.000398
10206.083   1.001010
10206.154   1.001349
10206.226   1.001297
10206.298   1.000896
10206.369   1.000362
10206.441   0.999902
10206.513   0.999485
10206.584   0.999009
10206.656   0.998529
10206.727   0.998227
10206.799   0.998270
10206.871   0.998652
10206.942   0.999178
10207.014   0.999630
10207.086   0.999874
10207.157   0.999878
10207.229   0.999716
10207.301   0.999535
10207.372   0.999380
10207.444   0.999178
10207.515   0.998958
10207.587   0.998961
10207.659   0.999405
10207.730   1.000126
10207.802   1.000699
10207.874   1.000763
10207.945   1.000190
10208.017   0.999228
10208.089   0.998465
10208.160   0.998354
10208.232   0.998782
10208.303   0.999322
10208.375   0.999658
10208.447   0.999664
10208.518   0.999396
10208.590   0.999085
10208.662   0.998975
10208.733   0.999120
10208.805   0.999402
10208.877   0.999746
10208.948   1.000086
10209.020   1.000284
10209.092   1.000231
10209.163   1.000022
10209.235   0.999816
10209.306   0.999625
10209.378   0.999448
10209.450   0.999361
10209.521   0.999418
10209.593   0.999531
10209.665   0.999595
10209.736   0.999619
10209.808   0.999668
10209.880   0.999782
10209.951   0.999930
10210.023   1.000027
10210.094   1.000027
10210.166   1.000008
10210.238   1.000076
10210.309   1.000236
10210.381   1.000387
10210.453   1.000448
10210.524   1.000380
10210.596   1.000108
10210.668   0.999565
10210.739   0.998902
10210.811   0.998381
10210.882   0.998140
10210.954   0.998236
10211.026   0.998748
10211.097   0.999519
10211.169   1.000141
10211.241   1.000357
10211.312   1.000344
10211.384   1.000433
10211.456   1.000724
10211.527   1.001043
10211.599   1.001202
10211.670   1.001120
10211.742   1.000751
10211.814   1.000199
10211.885   0.999785
10211.957   0.999693
10212.029   0.999790
10212.100   0.999908
10212.172   1.000025
10212.244   1.000137
10212.315   1.000151
10212.387   0.999908
10212.458   0.999306
10212.530   0.998412
10212.602   0.997491
10212.673   0.996927
10212.745   0.996960
10212.817   0.997326
10212.888   0.997497
10212.960   0.997340
10213.032   0.997192
10213.103   0.997354
10213.175   0.997819
10213.246   0.998483
10213.318   0.999189
10213.390   0.999762
10213.461   1.000174
10213.533   1.000551
10213.605   1.000942
10213.676   1.001348
10213.748   1.001786
10213.820   1.002157
10213.891   1.002263
10213.963   1.002031
10214.035   1.001579
10214.106   1.001050
10214.178   1.000535
10214.249   1.000024
10214.321   0.999435
10214.393   0.998698
10214.464   0.997827
10214.536   0.996936
10214.608   0.996166
10214.679   0.995630
10214.751   0.995461
10214.823   0.995724
10214.894   0.996255
10214.966   0.996773
10215.037   0.997072
10215.109   0.997100
10215.181   0.996956
10215.252   0.996806
10215.324   0.996803
10215.396   0.997080
10215.467   0.997678
10215.539   0.998421
10215.611   0.999074
10215.682   0.999514
10215.754   0.999645
10215.825   0.999413
10215.897   0.998912
10215.969   0.998285
10216.040   0.997525
10216.112   0.996618
10216.184   0.995716
10216.255   0.995127
10216.327   0.995100
10216.399   0.995692
10216.470   0.996717
10216.542   0.997748
10216.613   0.998307
10216.685   0.998144
10216.757   0.997325
10216.828   0.996040
10216.900   0.994440
10216.972   0.992698
10217.043   0.990975
10217.115   0.989431
10217.187   0.988268
10217.258   0.987639
10217.330   0.987563
10217.401   0.987935
10217.473   0.988673
10217.545   0.989668
10217.616   0.990772
10217.688   0.991915
10217.760   0.993194
10217.831   0.994670
10217.903   0.996229
10217.975   0.997596
10218.046   0.998451
10218.118   0.998619
10218.190   0.998248
10218.261   0.997770
10218.333   0.997535
10218.404   0.997613
10218.476   0.997861
10218.548   0.998134
10218.619   0.998432
10218.691   0.998832
10218.763   0.999315
10218.834   0.999688
10218.906   0.999767
10218.978   0.999505
10219.049   0.998997
10219.121   0.998496
10219.192   0.998212
10219.264   0.998155
10219.336   0.998160
10219.407   0.998114
10219.479   0.998006
10219.551   0.997868
10219.622   0.997837
10219.694   0.998053
10219.766   0.998418
10219.837   0.998687
10219.909   0.998769
10219.980   0.998699
10220.052   0.998460
10220.124   0.998123
10220.195   0.997876
10220.267   0.997857
10220.339   0.998101
10220.410   0.998647
10220.482   0.999337
10220.554   0.999817
10220.625   0.999906
10220.697   0.999757
10220.768   0.999572
10220.840   0.999397
10220.912   0.999276
10220.983   0.999223
10221.055   0.999139
10221.127   0.999012
10221.198   0.999011
10221.270   0.999249
10221.342   0.999494
10221.413   0.999480
10221.485   0.999232
10221.556   0.999019
10221.628   0.999031
10221.700   0.999245
10221.771   0.999507
10221.843   0.999700
10221.915   0.999797
10221.986   0.999763
10222.058   0.999541
10222.130   0.999191
10222.201   0.998923
10222.273   0.998883
10222.345   0.999037
10222.416   0.999306
10222.488   0.999636
10222.559   0.999952
10222.631   1.000198
10222.703   1.000387
10222.774   1.000473
10222.846   1.000388
10222.918   1.000182
10222.989   0.999986
10223.061   0.999886
10223.133   0.999893
10223.204   0.999975
10223.276   1.000096
10223.347   1.000177
10223.419   1.000082
10223.491   0.999797
10223.562   0.999520
10223.634   0.999401
10223.706   0.999408
10223.777   0.999445
10223.849   0.999453
10223.921   0.999384
10223.992   0.999275
10224.064   0.999205
10224.135   0.999202
10224.207   0.999265
10224.279   0.999412
10224.350   0.999646
10224.422   0.999887
10224.494   1.000068
10224.565   1.000243
10224.637   1.000586
10224.709   1.001093
10224.780   1.001526
10224.852   1.001661
10224.923   1.001464
10224.995   1.001097
10225.067   1.000855
10225.138   1.000994
10225.210   1.001410
10225.282   1.001704
10225.353   1.001581
10225.425   1.001053
10225.497   1.000307
10225.568   0.999565
10225.640   0.998995
10225.711   0.998621
10225.783   0.998403
10225.855   0.998341
10225.926   0.998405
10225.998   0.998542
10226.070   0.998717
10226.141   0.998899
10226.213   0.999069
10226.285   0.999271
10226.356   0.999582
10226.428   0.999949
10226.500   1.000258
10226.571   1.000429
10226.643   1.000478
10226.714   1.000432
10226.786   1.000309
10226.858   1.000122
10226.929   0.999832
10227.001   0.999384
10227.073   0.998778
10227.144   0.998128
10227.216   0.997565
10227.288   0.997252
10227.359   0.997283
10227.431   0.997573
10227.502   0.997886
10227.574   0.998036
10227.646   0.998035
10227.717   0.998017
10227.789   0.998004
10227.861   0.997859
10227.932   0.997540
10228.004   0.997252
10228.076   0.997267
10228.147   0.997735
10228.219   0.998639
10228.290   0.999655
10228.362   1.000336
10228.434   1.000477
10228.505   1.000182
10228.577   0.999625
10228.649   0.999026
10228.720   0.998587
10228.792   0.998287
10228.864   0.997923
10228.935   0.997255
10229.007   0.995892
10229.078   0.993395
10229.150   0.989863
10229.222   0.986007
10229.293   0.982622
10229.365   0.980244
10229.437   0.979328
10229.508   0.980077
10229.580   0.982166
10229.652   0.985028
10229.723   0.988205
10229.795   0.991317
10229.866   0.993996
10229.938   0.996076
10230.010   0.997589
10230.081   0.998624
10230.153   0.999261
10230.225   0.999576
10230.296   0.999585
10230.368   0.999221
10230.440   0.998493
10230.511   0.997674
10230.583   0.997084
10230.655   0.996798
10230.726   0.996613
10230.798   0.996316
10230.869   0.995909
10230.941   0.995555
10231.013   0.995417
10231.084   0.995578
10231.156   0.995939
10231.228   0.996117
10231.299   0.995816
10231.371   0.995257
10231.443   0.994888
10231.514   0.994903
10231.586   0.995302
10231.657   0.995927
10231.729   0.996402
10231.801   0.996428
10231.872   0.996127
10231.944   0.995867
10232.016   0.995879
10232.087   0.996123
10232.159   0.996429
10232.231   0.996657
10232.302   0.996727
10232.374   0.996652
10232.445   0.996560
10232.517   0.996623
10232.589   0.996902
10232.660   0.997278
10232.732   0.997621
10232.804   0.997975
10232.875   0.998456
10232.947   0.999111
10233.019   0.999937
10233.090   1.000787
10233.162   1.001318
10233.233   1.001394
10233.305   1.001249
10233.377   1.001185
10233.448   1.001249
10233.520   1.001391
10233.592   1.001517
10233.663   1.001443
10233.735   1.001100
10233.807   1.000682
10233.878   1.000443
10233.950   1.000384
10234.021   1.000358
10234.093   1.000273
10234.165   1.000134
10234.236   1.000022
10234.308   0.999997
10234.380   0.999987
10234.451   0.999844
10234.523   0.999523
10234.595   0.999071
10234.666   0.998519
10234.738   0.997965
10234.810   0.997613
10234.881   0.997598
10234.953   0.997839
10235.024   0.998110
10235.096   0.998087
10235.168   0.997415
10235.239   0.995935
10235.311   0.993911
10235.383   0.991918
10235.454   0.990489
10235.526   0.989996
10235.598   0.990528
10235.669   0.991842
10235.741   0.993448
10235.812   0.994951
10235.884   0.996165
10235.956   0.997070
10236.027   0.997835
10236.099   0.998672
10236.171   0.999526
10236.242   1.000127
10236.314   1.000327
10236.386   1.000174
10236.457   0.999841
10236.529   0.999508
10236.600   0.999312
10236.672   0.999353
10236.744   0.999597
10236.815   0.999872
10236.887   1.000033
10236.959   1.000095
10237.030   1.000110
10237.102   1.000100
10237.174   1.000096
10237.245   1.000031
10237.317   0.999696
10237.388   0.998892
10237.460   0.997620
10237.532   0.996093
10237.603   0.994629
10237.675   0.993459
10237.747   0.992787
10237.818   0.992792
10237.890   0.993511
10237.962   0.994768
10238.033   0.996367
10238.105   0.998108
10238.176   0.999547
10238.248   1.000093
10238.320   0.999431
10238.391   0.997721
10238.463   0.995181
10238.535   0.991910
10238.606   0.988169
10238.678   0.984494
10238.750   0.981498
10238.821   0.979758
10238.893   0.979688
10238.965   0.981219
10239.036   0.983864
10239.108   0.987015
10239.179   0.990139
10239.251   0.992802
10239.323   0.994774
10239.394   0.995997
10239.466   0.996473
10239.538   0.996152
10239.609   0.995012
10239.681   0.993086
10239.753   0.990413
10239.824   0.987128
10239.896   0.983655
10239.967   0.980780
10240.039   0.979226
10240.111   0.979379
10240.182   0.981173
10240.254   0.984218
10240.326   0.987867
10240.397   0.991337
10240.469   0.994067
10240.541   0.995908
10240.612   0.997058
10240.684   0.997818
10240.755   0.998401
10240.827   0.998901
10240.899   0.999311
10240.970   0.999639
10241.042   0.999908
10241.114   1.000123
10241.185   1.000258
10241.257   1.000271
10241.329   1.000193
10241.400   1.000104
10241.472   1.000122
10241.543   1.000270
10241.615   1.000320
10241.687   1.000043
10241.758   0.999518
10241.830   0.998958
10241.902   0.998477
10241.973   0.998224
10242.045   0.998337
10242.117   0.998647
10242.188   0.998887
10242.260   0.999050
10242.331   0.999244
10242.403   0.999422
10242.475   0.999475
10242.546   0.999444
10242.618   0.999410
10242.690   0.999388
10242.761   0.999382
10242.833   0.999441
10242.905   0.999577
10242.976   0.999732
10243.048   0.999864
10243.120   0.999985
10243.191   1.000092
10243.263   1.000190
10243.334   1.000341
10243.406   1.000580
10243.478   1.000722
10243.549   1.000596
10243.621   1.000326
10243.693   1.000153
10243.764   1.000198
10243.836   1.000423
10243.908   1.000690
10243.979   1.000726
10244.051   1.000331
10244.122   0.999534
10244.194   0.998562
10244.266   0.997733
10244.337   0.997353
10244.409   0.997546
10244.481   0.998170
10244.552   0.998910
10244.624   0.999452
10244.696   0.999685
10244.767   0.999716
10244.839   0.999744
10244.910   0.999886
10244.982   1.000161
10245.054   1.000464
10245.125   1.000611
10245.197   1.000483
10245.269   1.000093
10245.340   0.999565
10245.412   0.999132
10245.484   0.998946
10245.555   0.998904
10245.627   0.998901
10245.698   0.999051
10245.770   0.999446
10245.842   0.999921
10245.913   1.000250
10245.985   1.000253
10246.057   0.999775
10246.128   0.998910
10246.200   0.998047
10246.272   0.997498
10246.343   0.997332
10246.415   0.997521
10246.486   0.997921
10246.558   0.998246
10246.630   0.998375
10246.701   0.998457
10246.773   0.998551
10246.845   0.998528
10246.916   0.998321
10246.988   0.997994
10247.060   0.997608
10247.131   0.997249
10247.203   0.996996
10247.275   0.996806
10247.346   0.996638
10247.418   0.996598
10247.489   0.996735
10247.561   0.996948
10247.633   0.997184
10247.704   0.997486
10247.776   0.997789
10247.848   0.997939
10247.919   0.997891
10247.991   0.997699
10248.063   0.997432
10248.134   0.997160
10248.206   0.996986
10248.277   0.996976
10248.349   0.997084
10248.421   0.997125
10248.492   0.997021
10248.564   0.996998
10248.636   0.997351
10248.707   0.998058
10248.779   0.998755
10248.851   0.999085
10248.922   0.998966
10248.994   0.998571
10249.065   0.998110
10249.137   0.997660
10249.209   0.997257
10249.280   0.996934
10249.352   0.996628
10249.424   0.996177
10249.495   0.995552
10249.567   0.995032
10249.639   0.994864
10249.710   0.995044
10249.782   0.995512
10249.853   0.996269
10249.925   0.997134
10249.997   0.997777
10250.068   0.998044
10250.140   0.997986
10250.212   0.997742
10250.283   0.997483
10250.355   0.997370
10250.427   0.997454
10250.498   0.997767
10250.570   0.998268
10250.641   0.998727
10250.713   0.998846
10250.785   0.998599
10250.856   0.998208
10250.928   0.997918
10251.000   0.997913
10251.071   0.998267
10251.143   0.998800
10251.215   0.999225
10251.286   0.999362
10251.358   0.999165
10251.430   0.998733
10251.501   0.998310
10251.573   0.998092
10251.644   0.998058
10251.716   0.998034
10251.788   0.997935
10251.859   0.997825
10251.931   0.997786
10252.003   0.997839
10252.074   0.997991
10252.146   0.998202
10252.218   0.998336
10252.289   0.998264
10252.361   0.997950
10252.432   0.997400
10252.504   0.996670
10252.576   0.995818
10252.647   0.994920
10252.719   0.994150
10252.791   0.993670
10252.862   0.993425
10252.934   0.993281
10253.006   0.993294
10253.077   0.993602
10253.149   0.994241
10253.220   0.995142
10253.292   0.996180
10253.364   0.997154
10253.435   0.997871
10253.507   0.998254
10253.579   0.998367
10253.650   0.998354
10253.722   0.998356
10253.794   0.998356
10253.865   0.998299
10253.937   0.998205
10254.008   0.998068
10254.080   0.997783
10254.152   0.997350
10254.223   0.996871
10254.295   0.996371
10254.367   0.995908
10254.438   0.995637
10254.510   0.995648
10254.582   0.995936
10254.653   0.996475
10254.725   0.997053
10254.796   0.997335
10254.868   0.997247
10254.940   0.996977
10255.011   0.996795
10255.083   0.996925
10255.155   0.997421
10255.226   0.998030
10255.298   0.998411
10255.370   0.998501
10255.441   0.998447
10255.513   0.998352
10255.585   0.998213
10255.656   0.998100
10255.728   0.998156
10255.799   0.998373
10255.871   0.998590
10255.943   0.998654
10256.014   0.998537
10256.086   0.998326
10256.158   0.998141
10256.229   0.998214
10256.301   0.998725
10256.373   0.999545
10256.444   1.000303
10256.516   1.000739
10256.587   1.000925
10256.659   1.000977
10256.731   1.000909
10256.802   1.000713
10256.874   1.000405
10256.946   0.999889
10257.017   0.999176
10257.089   0.998604
10257.161   0.998453
10257.232   0.998574
10257.304   0.998663
10257.375   0.998468
10257.447   0.997674
10257.519   0.996122
10257.590   0.994162
10257.662   0.992329
10257.734   0.991015
10257.805   0.990495
10257.877   0.990874
10257.949   0.991851
10258.020   0.992953
10258.092   0.993952
10258.163   0.994789
10258.235   0.995387
10258.307   0.995646
10258.378   0.995656
10258.450   0.995609
10258.522   0.995577
10258.593   0.995484
10258.665   0.995308
10258.737   0.995087
10258.808   0.994824
10258.880   0.994529
10258.951   0.994224
10259.023   0.994007
10259.095   0.994071
10259.166   0.994645
10259.238   0.995691
10259.310   0.996741
10259.381   0.997290
10259.453   0.997181
10259.525   0.996640
10259.596   0.996060
10259.668   0.995860
10259.739   0.996231
10259.811   0.996903
10259.883   0.997380
10259.954   0.997372
10260.026   0.996918
10260.098   0.996198
10260.169   0.995418
10260.241   0.994801
10260.313   0.994481
10260.384   0.994455
10260.456   0.994698
10260.528   0.995189
10260.599   0.995761
10260.671   0.996163
10260.742   0.996271
10260.814   0.996128
10260.886   0.995840
10260.957   0.995611
10261.029   0.995647
10261.101   0.996036
10261.172   0.996690
10261.244   0.997455
10261.316   0.998029
10261.387   0.998038
10261.459   0.997448
10261.530   0.996730
10261.602   0.996413
10261.674   0.996653
10261.745   0.997308
10261.817   0.998075
10261.889   0.998658
10261.960   0.998917
10262.032   0.998987
10262.104   0.999075
10262.175   0.999203
10262.247   0.999252
10262.318   0.999113
10262.390   0.998705
10262.462   0.997986
10262.533   0.997102
10262.605   0.996259
10262.677   0.995474
10262.748   0.994645
10262.820   0.993731
10262.892   0.992797
10262.963   0.992099
10263.035   0.991986
10263.106   0.992527
10263.178   0.993462
10263.250   0.994520
10263.321   0.995529
10263.393   0.996270
10263.465   0.996584
10263.536   0.996563
10263.608   0.996354
10263.680   0.995997
10263.751   0.995667
10263.823   0.995683
10263.894   0.996140
10263.966   0.996773
10264.038   0.997368
10264.109   0.997800
10264.181   0.997966
10264.253   0.997841
10264.324   0.997553
10264.396   0.997247
10264.468   0.996936
10264.539   0.996623
10264.611   0.996446
10264.683   0.996594
10264.754   0.997044
10264.826   0.997566
10264.897   0.997917
10264.969   0.998006
10265.041   0.997877
10265.112   0.997760
10265.184   0.997828
10265.256   0.997946
10265.327   0.997883
10265.399   0.997644
10265.471   0.997462
10265.542   0.997462
10265.614   0.997706
10265.685   0.998299
10265.757   0.999116
10265.829   0.999708
10265.900   0.999786
10265.972   0.999497
10266.044   0.999044
10266.115   0.998550
10266.187   0.998263
10266.259   0.998388
10266.330   0.998770
10266.402   0.999119
10266.473   0.999393
10266.545   0.999664
10266.617   0.999949
10266.688   1.000277
10266.760   1.000651
10266.832   1.000842
10266.903   1.000657
10266.975   1.000390
10267.047   1.000477
10267.118   1.000877
10267.190   1.001286
10267.261   1.001549
10267.333   1.001613
10267.405   1.001424
10267.476   1.001089
10267.548   1.000742
10267.620   1.000304
10267.691   0.999695
10267.763   0.999092
10267.835   0.998788
10267.906   0.998866
10267.978   0.999126
10268.049   0.999306
10268.121   0.999330
10268.193   0.999399
10268.264   0.999707
10268.336   1.000165
10268.408   1.000513
10268.479   1.000640
10268.551   1.000633
10268.623   1.000619
10268.694   1.000760
10268.766   1.001199
10268.838   1.001715
10268.909   1.001885
10268.981   1.001640
10269.052   1.001274
10269.124   1.000975
10269.196   1.000789
10269.267   1.000840
10269.339   1.001153
10269.411   1.001525
10269.482   1.001723
10269.554   1.001645
10269.626   1.001315
10269.697   1.000946
10269.769   1.000728
10269.840   1.000661
10269.912   1.000701
10269.984   1.000863
10270.055   1.001062
10270.127   1.001160
10270.199   1.001159
10270.270   1.001096
10270.342   1.000902
10270.414   1.000594
10270.485   1.000381
10270.557   1.000454
10270.628   1.000761
10270.700   1.001013
10270.772   1.000955
10270.843   1.000601
10270.915   1.000141
10270.987   0.999676
10271.058   0.999240
10271.130   0.998890
10271.202   0.998621
10271.273   0.998347
10271.345   0.998104
10271.416   0.998002
10271.488   0.998067
10271.560   0.998227
10271.631   0.998385
10271.703   0.998481
10271.775   0.998513
10271.846   0.998496
10271.918   0.998405
10271.990   0.998234
10272.061   0.998102
10272.133   0.998135
10272.204   0.998307
10272.276   0.998465
10272.348   0.998428
10272.419   0.998002
10272.491   0.997121
10272.563   0.995985
10272.634   0.994925
10272.706   0.994013
10272.778   0.993045
10272.849   0.991901
10272.921   0.990794
10272.993   0.990010
10273.064   0.989739
10273.136   0.990129
10273.207   0.991160
10273.279   0.992612
10273.351   0.994253
10273.422   0.996026
10273.494   0.997823
10273.566   0.999407
10273.637   1.000506
10273.709   1.001003
10273.781   1.000955
10273.852   1.000533
10273.924   1.000044
10273.995   0.999784
10274.067   0.999734
10274.139   0.999566
10274.210   0.999014
10274.282   0.998260
10274.354   0.997705
10274.425   0.997490
10274.497   0.997381
10274.569   0.997162
10274.640   0.996923
10274.712   0.996908
10274.783   0.997235
10274.855   0.997719
10274.927   0.998025
10274.998   0.997969
10275.070   0.997597
10275.142   0.997031
10275.213   0.996309
10275.285   0.995373
10275.357   0.994071
10275.428   0.992243
10275.500   0.989854
10275.571   0.987187
10275.643   0.984825
10275.715   0.983343
10275.786   0.982974
10275.858   0.983661
10275.930   0.985130
10276.001   0.986961
10276.073   0.988805
10276.145   0.990506
10276.216   0.992138
10276.288   0.993706
10276.359   0.994962
10276.431   0.995676
10276.503   0.995940
10276.574   0.995839
10276.646   0.995329
10276.718   0.994541
10276.789   0.993789
10276.861   0.993283
10276.933   0.993067
10277.004   0.993087
10277.076   0.993251
10277.148   0.993484
10277.219   0.993724
10277.291   0.993913
10277.362   0.994045
10277.434   0.994199
10277.506   0.994520
10277.577   0.995054
10277.649   0.995646
10277.721   0.996016
10277.792   0.995972
10277.864   0.995586
10277.936   0.995036
10278.007   0.994469
10278.079   0.994036
10278.150   0.993812
10278.222   0.993750
10278.294   0.993745
10278.365   0.993782
10278.437   0.993894
10278.509   0.994029
10278.580   0.994082
10278.652   0.994021
10278.724   0.994011
10278.795   0.994160
10278.867   0.994353
10278.938   0.994519
10279.010   0.994757
10279.082   0.995208
10279.153   0.995856
10279.225   0.996537
10279.297   0.997078
10279.368   0.997345
10279.440   0.997302
10279.512   0.997027
10279.583   0.996648
10279.655   0.996179
10279.726   0.995660
10279.798   0.995318
10279.870   0.995302
10279.941   0.995525
10280.013   0.995827
10280.085   0.996082
10280.156   0.996155
10280.228   0.995991
10280.300   0.995764
10280.371   0.995700
10280.443   0.995921
10280.514   0.996437
10280.586   0.997119
10280.658   0.997737
10280.729   0.998131
10280.801   0.998284
10280.873   0.998310
10280.944   0.998338
10281.016   0.998404
10281.088   0.998423
10281.159   0.998359
10281.231   0.998353
10281.303   0.998549
10281.374   0.998952
10281.446   0.999306
10281.517   0.999342
10281.589   0.999044
10281.661   0.998656
10281.732   0.998406
10281.804   0.998291
10281.876   0.998275
10281.947   0.998402
10282.019   0.998745
10282.091   0.999250
10282.162   0.999685
10282.234   0.999883
10282.305   0.999860
10282.377   0.999727
10282.449   0.999581
10282.520   0.999444
10282.592   0.999281
10282.664   0.999099
10282.735   0.998982
10282.807   0.998905
10282.879   0.998775
10282.950   0.998601
10283.022   0.998442
10283.093   0.998346
10283.165   0.998372
10283.237   0.998521
10283.308   0.998686
10283.380   0.998824
10283.452   0.998897
10283.523   0.998772
10283.595   0.998305
10283.667   0.997569
10283.738   0.996848
10283.810   0.996522
10283.881   0.996760
10283.953   0.997391
10284.025   0.998017
10284.096   0.998333
10284.168   0.998376
10284.240   0.998292
10284.311   0.998161
10284.383   0.998076
10284.455   0.998179
10284.526   0.998437
10284.598   0.998818
10284.669   0.999425
10284.741   0.999724
10284.813   1.000080
10284.884   1.000466
10284.956   1.000787
10285.028   1.000829
10285.099   1.000503
10285.171   1.000003
10285.243   0.999530
10285.314   0.999066
10285.386   0.998510
10285.458   0.997838
10285.529   0.997174
10285.601   0.996718
10285.672   0.996522
10285.744   0.996319
10285.816   0.995710
10285.887   0.994467
10285.959   0.992619
10286.031   0.990637
10286.102   0.989262
10286.174   0.989043
10286.246   0.989992
10286.317   0.991686
10286.389   0.993436
10286.460   0.994703
10286.532   0.995470
10286.604   0.996011
10286.675   0.996516
10286.747   0.997037
10286.819   0.997592
10286.890   0.998197
10286.962   0.998869
10287.034   0.999475
10287.105   0.999634
10287.177   0.999133
10287.248   0.998414
10287.320   0.998116
10287.392   0.998398
10287.463   0.999060
10287.535   0.999862
10287.607   1.000429
10287.678   1.000377
10287.750   0.999701
10287.822   0.998703
10287.893   0.997803
10287.965   0.997375
10288.036   0.997596
10288.108   0.998244
10288.180   0.998951
10288.251   0.999410
10288.323   0.999491
10288.395   0.999267
10288.466   0.999007
10288.538   0.998882
10288.610   0.998766
10288.681   0.998482
10288.753   0.998133
10288.824   0.998044
10288.896   0.998344
10288.968   0.998878
10289.039   0.999477
10289.111   1.000214
10289.183   1.001235
10289.254   1.002470
10289.326   1.003675
10289.398   1.004615
10289.469   1.005051
10289.541   1.004769
10289.613   1.003873
10289.684   1.002699
10289.756   1.001499
10289.827   1.000446
10289.899   0.999742
10289.971   0.999432
10290.042   0.999353
10290.114   0.999312
10290.186   0.999233
10290.257   0.999177
10290.329   0.999237
10290.401   0.999423
10290.472   0.999556
10290.544   0.999460
10290.615   0.999194
10290.687   0.999009
10290.759   0.999086
10290.830   0.999325
10290.902   0.999539
10290.974   0.999605
10291.045   0.999432
10291.117   0.998927
10291.189   0.998139
10291.260   0.997273
10291.332   0.996627
10291.403   0.996441
10291.475   0.996717
10291.547   0.997289
10291.618   0.997940
10291.690   0.998453
10291.762   0.998732
10291.833   0.998862
10291.905   0.998967
10291.977   0.998941
10292.048   0.998601
10292.120   0.997902
10292.191   0.997008
10292.263   0.996170
10292.335   0.995679
10292.406   0.995778
10292.478   0.996444
10292.550   0.997393
10292.621   0.998286
10292.693   0.998816
10292.765   0.998757
10292.836   0.998278
10292.908   0.997860
10292.979   0.997822
10293.051   0.998044
10293.123   0.998291
10293.194   0.998406
10293.266   0.998272
10293.338   0.997909
10293.409   0.997690
10293.481   0.997903
10293.553   0.998300
10293.624   0.998547
10293.696   0.998636
10293.768   0.998571
10293.839   0.998184
10293.911   0.997517
10293.982   0.996827
10294.054   0.996282
10294.126   0.995881
10294.197   0.995648
10294.269   0.995637
10294.341   0.995750
10294.412   0.995745
10294.484   0.995499
10294.556   0.995188
10294.627   0.994988
10294.699   0.994952
10294.770   0.995155
10294.842   0.995686
10294.914   0.996507
10294.985   0.997454
10295.057   0.998316
10295.129   0.998846
10295.200   0.998892
10295.272   0.998492
10295.344   0.997852
10295.415   0.997339
10295.487   0.997225
10295.558   0.997503
10295.630   0.998016
10295.702   0.998602
10295.773   0.999104
10295.845   0.999402
10295.917   0.999454
10295.988   0.999337
10296.060   0.999157
10296.132   0.998811
10296.203   0.998139
10296.275   0.997342
10296.346   0.996836
10296.418   0.996782
10296.490   0.997103
10296.561   0.997698
10296.633   0.998367
10296.705   0.998786
10296.776   0.998840
10296.848   0.998691
10296.920   0.998514
10296.991   0.998381
10297.063   0.998322
10297.134   0.998139
10297.206   0.997589
10297.278   0.996817
10297.349   0.996277
10297.421   0.996152
10297.493   0.996328
10297.564   0.996682
10297.636   0.996982
10297.708   0.996887
10297.779   0.996242
10297.851   0.995316
10297.923   0.994546
10297.994   0.994247
10298.066   0.994493
10298.137   0.995086
10298.209   0.995826
10298.281   0.996553
10298.352   0.997166
10298.424   0.997605
10298.496   0.997886
10298.567   0.998018
10298.639   0.997969
10298.711   0.997706
10298.782   0.997388
10298.854   0.997280
10298.925   0.997480
10298.997   0.997856
10299.069   0.998272
10299.140   0.998613
10299.212   0.998804
10299.284   0.998951
10299.355   0.999201
10299.427   0.999500
10299.499   0.999530
10299.570   0.999120
10299.642   0.998450
10299.713   0.997736
10299.785   0.997087
10299.857   0.996638
10299.928   0.996605
10300.000   0.997071
