 9900.000   0.992928
 9900.072   0.992336
 9900.143   0.992180
 9900.215   0.992363
 9900.287   0.992877
 9900.358   0.993736
 9900.430   0.994811
 9900.501   0.995878
 9900.573   0.996665
 9900.645   0.996864
 9900.716   0.996355
 9900.788   0.995386
 9900.860   0.994392
 9900.931   0.993798
 9901.003   0.993808
 9901.075   0.994273
 9901.146   0.994769
 9901.218   0.994767
 9901.289   0.993870
 9901.361   0.991923
 9901.433   0.989084
 9901.504   0.985816
 9901.576   0.982870
 9901.648   0.980907
 9901.719   0.980245
 9901.791   0.980888
 9901.863   0.982533
 9901.934   0.984561
 9902.006   0.986294
 9902.077   0.987178
 9902.149   0.987014
 9902.221   0.986187
 9902.292   0.985414
 9902.364   0.985217
 9902.436   0.985680
 9902.507   0.986753
 9902.579   0.988279
 9902.651   0.989973
 9902.722   0.991556
 9902.794   0.992942
 9902.866   0.994141
 9902.937   0.995159
 9903.009   0.995956
 9903.080   0.996381
 9903.152   0.996338
 9903.224   0.995901
 9903.295   0.995211
 9903.367   0.994438
 9903.439   0.993908
 9903.510   0.993950
 9903.582   0.994689
 9903.654   0.996132
 9903.725   0.997997
 9903.797   0.999653
 9903.868   1.000545
 9903.940   1.000437
 9904.012   0.999420
 9904.083   0.998033
 9904.155   0.997025
 9904.227   0.996663
 9904.298   0.996623
 9904.370   0.996607
 9904.442   0.996621
 9904.513   0.996742
 9904.585   0.997093
 9904.656   0.997866
 9904.728   0.998968
 9904.800   0.999819
 9904.871   0.999923
 9904.943   0.999495
 9905.015   0.999107
 9905.086   0.999064
 9905.158   0.999280
 9905.230   0.999606
 9905.301   0.999932
 9905.373   1.000128
 9905.444   1.000152
 9905.516   1.000022
 9905.588   0.999805
 9905.659   0.999623
 9905.731   0.999640
 9905.803   0.999850
 9905.874   1.000095
 9905.946   1.000206
 9906.018   0.999905
 9906.089   0.999491
 9906.161   0.999217
 9906.232   0.998743
 9906.304   0.998998
 9906.376   0.999196
 9906.447   0.999349
 9906.519   0.999632
 9906.591   1.000112
 9906.662   1.000607
 9906.734   1.000867
 9906.806   1.000751
 9906.877   1.000270
 9906.949   0.999584
 9907.021   0.998985
 9907.092   0.998611
 9907.164   0.998264
 9907.235   0.997747
 9907.307   0.997207
 9907.379   0.996857
 9907.450   0.996636
 9907.522   0.996402
 9907.594   0.996025
 9907.665   0.995404
 9907.737   0.994658
 9907.809   0.994164
 9907.880   0.994211
 9907.952   0.994796
 9908.023   0.995703
 9908.095   0.996652
 9908.167   0.997374
 9908.238   0.997687
 9908.310   0.997656
 9908.382   0.997549
 9908.453   0.997515
 9908.525   0.997572
 9908.597   0.997679
 9908.668   0.997691
 9908.740   0.997492
 9908.811   0.997314
 9908.883   0.997330
 9908.955   0.997371
 9909.026   0.997249
 9909.098   0.997097
 9909.170   0.997149
 9909.241   0.997476
 9909.313   0.997842
 9909.385   0.997996
 9909.456   0.998137
 9909.528   0.998623
 9909.599   0.999412
 9909.671   1.000154
 9909.743   1.000594
 9909.814   1.000607
 9909.886   1.000203
 9909.958   0.999662
 9910.029   0.999297
 9910.101   0.999060
 9910.173   0.998641
 9910.244   0.997891
 9910.316   0.996911
 9910.387   0.995862
 9910.459   0.995007
 9910.531   0.994605
 9910.602   0.994551
 9910.674   0.994336
 9910.746   0.993447
 9910.817   0.991743
 9910.889   0.989447
 9910.961   0.987202
 9911.032   0.985795
 9911.104   0.985691
 9911.176   0.986852
 9911.247   0.988916
 9911.319   0.991454
 9911.390   0.993954
 9911.462   0.996004
 9911.534   0.997366
 9911.605   0.997997
 9911.677   0.997942
 9911.749   0.997423
 9911.820   0.996854
 9911.892   0.996643
 9911.964   0.996820
 9912.035   0.997066
 9912.107   0.997198
 9912.178   0.997299
 9912.250   0.997374
 9912.322   0.997277
 9912.393   0.996992
 9912.465   0.996525
 9912.537   0.995784
 9912.608   0.994784
 9912.680   0.993703
 9912.752   0.992710
 9912.823   0.991918
 9912.895   0.991504
 9912.966   0.991574
 9913.038   0.992064
 9913.110   0.992855
 9913.181   0.993927
 9913.253   0.995107
 9913.325   0.995996
 9913.396   0.996359
 9913.468   0.996391
 9913.540   0.996356
 9913.611   0.996377
 9913.683   0.996599
 9913.754   0.997117
 9913.826   0.997763
 9913.898   0.998256
 9913.969   0.998503
 9914.041   0.998465
 9914.113   0.998153
 9914.184   0.997741
 9914.256   0.997386
 9914.328   0.997034
 9914.399   0.996681
 9914.471   0.996408
 9914.542   0.996157
 9914.614   0.995904
 9914.686   0.995868
 9914.757   0.996241
 9914.829   0.997008
 9914.901   0.998105
 9914.972   0.999309
 9915.044   1.000270
 9915.116   1.000762
 9915.187   1.000739
 9915.259   1.000249
 9915.331   0.999548
 9915.402   0.998991
 9915.474   0.998682
 9915.545   0.998631
 9915.617   0.998629
 9915.689   0.998469
 9915.760   0.998089
 9915.832   0.997786
 9915.904   0.997799
 9915.975   0.997958
 9916.047   0.997996
 9916.119   0.997842
 9916.190   0.997498
 9916.262   0.996955
 9916.333   0.996194
 9916.405   0.995286
 9916.477   0.994611
 9916.548   0.994645
 9916.620   0.995467
 9916.692   0.996765
 9916.763   0.998170
 9916.835   0.999474
 9916.907   1.000555
 9916.978   1.001314
 9917.050   1.001792
 9917.121   1.002077
 9917.193   1.002055
 9917.265   1.001621
 9917.336   1.000968
 9917.408   1.000368
 9917.480   0.999915
 9917.551   0.999561
 9917.623   0.999180
 9917.695   0.998633
 9917.766   0.997919
 9917.838   0.997090
 9917.909   0.996156
 9917.981   0.995097
 9918.053   0.993995
 9918.124   0.993148
 9918.196   0.992930
 9918.268   0.993476
 9918.339   0.994581
 9918.411   0.995928
 9918.483   0.997165
 9918.554   0.998022
 9918.626   0.998467
 9918.697   0.998619
 9918.769   0.998539
 9918.841   0.998245
 9918.912   0.997783
 9918.984   0.997112
 9919.056   0.996265
 9919.127   0.995635
 9919.199   0.995699
 9919.271   0.996494
 9919.342   0.997632
 9919.414   0.998652
 9919.486   0.999221
 9919.557   0.999252
 9919.629   0.998972
 9919.700   0.998707
 9919.772   0.998611
 9919.844   0.998662
 9919.915   0.998870
 9919.987   0.999188
 9920.059   0.999464
 9920.130   0.999667
 9920.202   0.999881
 9920.274   1.000090
 9920.345   1.000206
 9920.417   1.000248
 9920.488   1.000204
 9920.560   0.999922
 9920.632   0.999425
 9920.703   0.999010
 9920.775   0.998946
 9920.847   0.999292
 9920.918   0.999940
 9920.990   1.000511
 9921.062   1.000573
 9921.133   1.000128
 9921.205   0.999589
 9921.276   0.999253
 9921.348   0.999155
 9921.420   0.999192
 9921.491   0.999078
 9921.563   0.998489
 9921.635   0.997458
 9921.706   0.996335
 9921.778   0.995465
 9921.850   0.995041
 9921.921   0.995058
 9921.993   0.995285
 9922.064   0.995546
 9922.136   0.995907
 9922.208   0.996400
 9922.279   0.996889
 9922.351   0.997266
 9922.423   0.997483
 9922.494   0.997341
 9922.566   0.996576
 9922.638   0.995058
 9922.709   0.992883
 9922.781   0.990489
 9922.852   0.988499
 9922.924   0.987410
 9922.996   0.987380
 9923.067   0.988250
 9923.139   0.989552
 9923.211   0.990797
 9923.282   0.991796
 9923.354   0.992710
 9923.426   0.993802
 9923.497   0.995211
 9923.569   0.996872
 9923.641   0.998362
 9923.712   0.999143
 9923.784   0.999021
 9923.855   0.998305
 9923.927   0.997475
 9923.999   0.996955
 9924.070   0.996984
 9924.142   0.997332
 9924.214   0.997495
 9924.285   0.997252
 9924.357   0.996825
 9924.429   0.996465
 9924.500   0.996360
 9924.572   0.996640
 9924.643   0.997170
 9924.715   0.997675
 9924.787   0.998037
 9924.858   0.998287
 9924.930   0.998417
 9925.002   0.998453
 9925.073   0.998474
 9925.145   0.998543
 9925.217   0.998631
 9925.288   0.998590
 9925.360   0.998313
 9925.431   0.997825
 9925.503   0.997256
 9925.575   0.996727
 9925.646   0.996302
 9925.718   0.995978
 9925.790   0.995681
 9925.861   0.995334
 9925.933   0.994880
 9926.005   0.994364
 9926.076   0.993842
 9926.148   0.993382
 9926.219   0.993123
 9926.291   0.993281
 9926.363   0.993915
 9926.434   0.994863
 9926.506   0.995949
 9926.578   0.997015
 9926.649   0.997766
 9926.721   0.997977
 9926.793   0.997823
 9926.864   0.997790
 9926.936   0.998164
 9927.007   0.998735
 9927.079   0.999159
 9927.151   0.999241
 9927.222   0.998924
 9927.294   0.998357
 9927.366   0.997947
 9927.437   0.997965
 9927.509   0.998325
 9927.581   0.998832
 9927.652   0.999281
 9927.724   0.999476
 9927.796   0.999397
 9927.867   0.999202
 9927.939   0.999057
 9928.010   0.998997
 9928.082   0.998906
 9928.154   0.998641
 9928.225   0.998182
 9928.297   0.997516
 9928.369   0.996492
 9928.440   0.995100
 9928.512   0.993994
 9928.584   0.992418
 9928.655   0.990099
 9928.727   0.986574
 9928.798   0.981732
 9928.870   0.975973
 9928.942   0.970229
 9929.013   0.965670
 9929.085   0.963299
 9929.157   0.963578
 9929.228   0.966151
 9929.300   0.969890
 9929.372   0.973592
 9929.443   0.976591
 9929.515   0.978733
 9929.586   0.980148
 9929.658   0.981220
 9929.730   0.982407
 9929.801   0.983913
 9929.873   0.985553
 9929.945   0.987096
 9930.016   0.988652
 9930.088   0.990428
 9930.160   0.992308
 9930.231   0.994024
 9930.303   0.995482
 9930.374   0.996758
 9930.446   0.997941
 9930.518   0.999128
 9930.589   1.000360
 9930.661   1.001515
 9930.733   1.002372
 9930.804   1.002828
 9930.876   1.002923
 9930.948   1.002640
 9931.019   1.002036
 9931.091   1.001248
 9931.162   1.000316
 9931.234   0.999243
 9931.306   0.998088
 9931.377   0.996720
 9931.449   0.995110
 9931.521   0.993585
 9931.592   0.992516
 9931.664   0.992007
 9931.736   0.992027
 9931.807   0.992541
 9931.879   0.993563
 9931.951   0.995075
 9932.022   0.996763
 9932.094   0.998184
 9932.165   0.999099
 9932.237   0.999450
 9932.309   0.999377
 9932.380   0.999246
 9932.452   0.999417
 9932.524   0.999885
 9932.595   1.000402
 9932.667   1.000761
 9932.739   1.000968
 9932.810   1.001119
 9932.882   1.001166
 9932.953   1.001014
 9933.025   1.000692
 9933.097   1.000324
 9933.168   0.999963
 9933.240   0.999550
 9933.312   0.998903
 9933.383   0.997824
 9933.455   0.996306
 9933.527   0.994648
 9933.598   0.993343
 9933.670   0.992729
 9933.741   0.992874
 9933.813   0.993622
 9933.885   0.994793
 9933.956   0.996119
 9934.028   0.997328
 9934.100   0.998252
 9934.171   0.998820
 9934.243   0.998958
 9934.315   0.998741
 9934.386   0.998545
 9934.458   0.998728
 9934.529   0.999300
 9934.601   1.000017
 9934.673   1.000686
 9934.744   1.001250
 9934.816   1.001664
 9934.888   1.001760
 9934.959   1.001440
 9935.031   1.000786
 9935.103   0.999922
 9935.174   0.998932
 9935.246   0.997950
 9935.317   0.997231
 9935.389   0.997037
 9935.461   0.997466
 9935.532   0.998363
 9935.604   0.999441
 9935.676   1.000383
 9935.747   1.000922
 9935.819   1.000954
 9935.891   1.000567
 9935.962   0.999935
 9936.034   0.999282
 9936.106   0.998894
 9936.177   0.998883
 9936.249   0.999068
 9936.320   0.999253
 9936.392   0.999361
 9936.464   0.999322
 9936.535   0.999163
 9936.607   0.999055
 9936.679   0.998998
 9936.750   0.998794
 9936.822   0.998261
 9936.894   0.997366
 9936.965   0.996264
 9937.037   0.995272
 9937.108   0.994723
 9937.180   0.994782
 9937.252   0.995336
 9937.323   0.996049
 9937.395   0.996612
 9937.467   0.996868
 9937.538   0.996872
 9937.610   0.996868
 9937.682   0.997034
 9937.753   0.997383
 9937.825   0.997848
 9937.896   0.998312
 9937.968   0.998650
 9938.040   0.998853
 9938.111   0.998954
 9938.183   0.999000
 9938.255   0.999026
 9938.326   0.998953
 9938.398   0.998600
 9938.470   0.997989
 9938.541   0.997391
 9938.613   0.997020
 9938.684   0.997018
 9938.756   0.997499
 9938.828   0.998382
 9938.899   0.999417
 9938.971   1.000325
 9939.043   1.000862
 9939.114   1.000906
 9939.186   1.000539
 9939.258   0.999942
 9939.329   0.999341
 9939.401   0.998987
 9939.472   0.998991
 9939.544   0.999305
 9939.616   0.999742
 9939.687   0.999964
 9939.759   0.999748
 9939.831   0.999275
 9939.902   0.998901
 9939.974   0.998846
 9940.046   0.999166
 9940.117   0.999747
 9940.189   1.000195
 9940.261   1.000154
 9940.332   0.999717
 9940.404   0.999270
 9940.475   0.999081
 9940.547   0.999281
 9940.619   0.999844
 9940.690   1.000456
 9940.762   1.000784
 9940.834   1.000735
 9940.905   1.000302
 9940.977   0.999613
 9941.049   0.999045
 9941.120   0.998900
 9941.192   0.999069
 9941.263   0.999214
 9941.335   0.999118
 9941.407   0.998840
 9941.478   0.998618
 9941.550   0.998623
 9941.622   0.998853
 9941.693   0.999163
 9941.765   0.999365
 9941.837   0.999257
 9941.908   0.998670
 9941.980   0.997619
 9942.051   0.996338
 9942.123   0.995190
 9942.195   0.994407
 9942.266   0.994071
 9942.338   0.994174
 9942.410   0.994600
 9942.481   0.995088
 9942.553   0.995499
 9942.625   0.995822
 9942.696   0.996051
 9942.768   0.996159
 9942.839   0.996166
 9942.911   0.996091
 9942.983   0.995952
 9943.054   0.995825
 9943.126   0.995846
 9943.198   0.996152
 9943.269   0.996740
 9943.341   0.997393
 9943.413   0.997725
 9943.484   0.997512
 9943.556   0.996957
 9943.627   0.996347
 9943.699   0.995691
 9943.771   0.994943
 9943.842   0.994119
 9943.914   0.993082
 9943.986   0.991799
 9944.057   0.990651
 9944.129   0.990107
 9944.201   0.990314
 9944.272   0.991153
 9944.344   0.992418
 9944.415   0.993832
 9944.487   0.995134
 9944.559   0.996268
 9944.630   0.997367
 9944.702   0.998388
 9944.774   0.999086
 9944.845   0.999392
 9944.917   0.999447
 9944.989   0.999286
 9945.060   0.998899
 9945.132   0.998397
 9945.204   0.997842
 9945.275   0.997186
 9945.347   0.996427
 9945.418   0.995739
 9945.490   0.995361
 9945.562   0.995310
 9945.633   0.995469
 9945.705   0.995753
 9945.777   0.996127
 9945.848   0.996441
 9945.920   0.996638
 9945.992   0.996805
 9946.063   0.996862
 9946.135   0.996588
 9946.206   0.996029
 9946.278   0.995486
 9946.350   0.995100
 9946.421   0.994841
 9946.493   0.994707
 9946.565   0.994798
 9946.636   0.995216
 9946.708   0.995909
 9946.780   0.996729
 9946.851   0.997531
 9946.923   0.998127
 9946.994   0.998395
 9947.066   0.998356
 9947.138   0.998083
 9947.209   0.997748
 9947.281   0.997571
 9947.353   0.997624
 9947.424   0.997804
 9947.496   0.998040
 9947.568   0.998308
 9947.639   0.998546
 9947.711   0.998817
 9947.782   0.999260
 9947.854   0.999877
 9947.926   1.000460
 9947.997   1.000789
 9948.069   1.000821
 9948.141   1.000604
 9948.212   1.000142
 9948.284   0.999405
 9948.356   0.998513
 9948.427   0.997718
 9948.499   0.997241
 9948.570   0.997190
 9948.642   0.997530
 9948.714   0.998064
 9948.785   0.998558
 9948.857   0.998974
 9948.929   0.999503
 9949.000   1.000257
 9949.072   1.001030
 9949.144   1.001550
 9949.215   1.001587
 9949.287   1.001019
 9949.359   1.000002
 9949.430   0.998922
 9949.502   0.998055
 9949.573   0.997327
 9949.645   0.996549
 9949.717   0.995748
 9949.788   0.995222
 9949.860   0.995157
 9949.932   0.995443
 9950.003   0.995906
 9950.075   0.996389
 9950.147   0.996680
 9950.218   0.996784
 9950.290   0.997070
 9950.361   0.997783
 9950.433   0.998669
 9950.505   0.999372
 9950.576   0.999818
 9950.648   1.000064
 9950.720   1.000208
 9950.791   1.000456
 9950.863   1.000866
 9950.935   1.001157
 9951.006   1.001112
 9951.078   1.000832
 9951.149   1.000463
 9951.221   1.000034
 9951.293   0.999610
 9951.364   0.999207
 9951.436   0.998678
 9951.508   0.998001
 9951.579   0.997473
 9951.651   0.997424
 9951.723   0.997871
 9951.794   0.998527
 9951.866   0.998999
 9951.937   0.999068
 9952.009   0.998843
 9952.081   0.998601
 9952.152   0.998506
 9952.224   0.998560
 9952.296   0.998724
 9952.367   0.998907
 9952.439   0.999050
 9952.511   0.999153
 9952.582   0.999163
 9952.654   0.998970
 9952.725   0.998683
 9952.797   0.998511
 9952.869   0.998442
 9952.940   0.998217
 9953.012   0.997591
 9953.084   0.996569
 9953.155   0.995335
 9953.227   0.994192
 9953.299   0.993450
 9953.370   0.993259
 9953.442   0.993470
 9953.514   0.993884
 9953.585   0.994551
 9953.657   0.995543
 9953.728   0.996628
 9953.800   0.997415
 9953.872   0.997754
 9953.943   0.997730
 9954.015   0.997473
 9954.087   0.997117
 9954.158   0.996815
 9954.230   0.996659
 9954.302   0.996631
 9954.373   0.996687
 9954.445   0.996801
 9954.516   0.996986
 9954.588   0.997291
 9954.660   0.997731
 9954.731   0.998197
 9954.803   0.998459
 9954.875   0.998465
 9954.946   0.998455
 9955.018   0.998646
 9955.090   0.998951
 9955.161   0.999165
 9955.233   0.999186
 9955.304   0.998950
 9955.376   0.998477
 9955.448   0.997933
 9955.519   0.997523
 9955.591   0.997368
 9955.663   0.997533
 9955.734   0.998028
 9955.806   0.998698
 9955.878   0.999323
 9955.949   0.999820
 9956.021   1.000201
 9956.092   1.000485
 9956.164   1.000753
 9956.236   1.001071
 9956.307   1.001352
 9956.379   1.001434
 9956.451   1.001235
 9956.522   1.000818
 9956.594   1.000327
 9956.666   0.999951
 9956.737   0.999853
 9956.809   1.000161
 9956.880   1.000762
 9956.952   1.001205
 9957.024   1.001059
 9957.095   1.000398
 9957.167   0.999579
 9957.239   0.998985
 9957.310   0.998987
 9957.382   0.999597
 9957.454   1.000174
 9957.525   1.000104
 9957.597   0.999620
 9957.669   0.999213
 9957.740   0.998884
 9957.812   0.998333
 9957.883   0.997449
 9957.955   0.996330
 9958.027   0.995127
 9958.098   0.994047
 9958.170   0.993268
 9958.242   0.992779
 9958.313   0.992473
 9958.385   0.992427
 9958.457   0.992879
 9958.528   0.993917
 9958.600   0.995298
 9958.671   0.996701
 9958.743   0.997886
 9958.815   0.998699
 9958.886   0.999143
 9958.958   0.999406
 9959.030   0.999753
 9959.101   1.000324
 9959.173   1.001002
 9959.245   1.001406
 9959.316   1.001235
 9959.388   1.000447
 9959.459   0.999133
 9959.531   0.997506
 9959.603   0.995988
 9959.674   0.995016
 9959.746   0.994699
 9959.818   0.994921
 9959.889   0.995530
 9959.961   0.996332
 9960.033   0.997055
 9960.104   0.997537
 9960.176   0.997740
 9960.247   0.997555
 9960.319   0.996847
 9960.391   0.995783
 9960.462   0.994843
 9960.534   0.994423
 9960.606   0.994644
 9960.677   0.995420
 9960.749   0.996439
 9960.821   0.997234
 9960.892   0.997527
 9960.964   0.997394
 9961.035   0.997030
 9961.107   0.996569
 9961.179   0.996139
 9961.250   0.995932
 9961.322   0.996054
 9961.394   0.996420
 9961.465   0.996746
 9961.537   0.996797
 9961.609   0.996577
 9961.680   0.996245
 9961.752   0.996074
 9961.824   0.996379
 9961.895   0.997146
 9961.967   0.997885
 9962.038   0.998151
 9962.110   0.998027
 9962.182   0.997911
 9962.253   0.998020
 9962.325   0.998252
 9962.397   0.998354
 9962.468   0.998186
 9962.540   0.997740
 9962.612   0.997201
 9962.683   0.996797
 9962.755   0.996649
 9962.826   0.996849
 9962.898   0.997365
 9962.970   0.997948
 9963.041   0.998304
 9963.113   0.998333
 9963.185   0.998122
 9963.256   0.997788
 9963.328   0.997416
 9963.400   0.997076
 9963.471   0.996878
 9963.543   0.996886
 9963.614   0.996976
 9963.686   0.996999
 9963.758   0.996951
 9963.829   0.996930
 9963.901   0.996974
 9963.973   0.997068
 9964.044   0.997210
 9964.116   0.997347
 9964.188   0.997359
 9964.259   0.997215
 9964.331   0.997031
 9964.402   0.996932
 9964.474   0.997045
 9964.546   0.997518
 9964.617   0.998344
 9964.689   0.999229
 9964.761   0.999790
 9964.832   0.999822
 9964.904   0.999373
 9964.976   0.998656
 9965.047   0.997916
 9965.119   0.997324
 9965.190   0.996959
 9965.262   0.996780
 9965.334   0.996695
 9965.405   0.996625
 9965.477   0.996504
 9965.549   0.996274
 9965.620   0.996008
 9965.692   0.995872
 9965.764   0.995905
 9965.835   0.995966
 9965.907   0.995955
 9965.979   0.995911
 9966.050   0.995932
 9966.122   0.996096
 9966.193   0.996464
 9966.265   0.996939
 9966.337   0.997299
 9966.408   0.997502
 9966.480   0.997765
 9966.552   0.998224
 9966.623   0.998686
 9966.695   0.998879
 9966.767   0.998748
 9966.838   0.998431
 9966.910   0.998032
 9966.981   0.997520
 9967.053   0.996945
 9967.125   0.996661
 9967.196   0.997026
 9967.268   0.998017
 9967.340   0.999397
 9967.411   1.000889
 9967.483   1.002091
 9967.555   1.002664
 9967.626   1.002669
 9967.698   1.002316
 9967.769   1.001783
 9967.841   1.001281
 9967.913   1.000978
 9967.984   1.000793
 9968.056   1.000590
 9968.128   1.000316
 9968.199   0.999957
 9968.271   0.999566
 9968.343   0.999312
 9968.414   0.999348
 9968.486   0.999585
 9968.557   0.999829
 9968.629   0.999943
 9968.701   0.999854
 9968.772   0.999572
 9968.844   0.999300
 9968.916   0.999311
 9968.987   0.999579
 9969.059   0.999863
 9969.131   0.999941
 9969.202   0.999718
 9969.274   0.999270
 9969.345   0.998859
 9969.417   0.998705
 9969.489   0.998730
 9969.560   0.998599
 9969.632   0.997894
 9969.704   0.996373
 9969.775   0.994192
 9969.847   0.991839
 9969.919   0.989895
 9969.990   0.988824
 9970.062   0.988790
 9970.134   0.989607
 9970.205   0.990962
 9970.277   0.992495
 9970.348   0.993952
 9970.420   0.995212
 9970.492   0.996165
 9970.563   0.996716
 9970.635   0.997083
 9970.707   0.997632
 9970.778   0.998324
 9970.850   0.998803
 9970.922   0.998933
 9970.993   0.998913
 9971.065   0.998949
 9971.136   0.999101
 9971.208   0.999327
 9971.280   0.999523
 9971.351   0.999605
 9971.423   0.999577
 9971.495   0.999535
 9971.566   0.999519
 9971.638   0.999490
 9971.710   0.999406
 9971.781   0.999296
 9971.853   0.999153
 9971.924   0.998891
 9971.996   0.998451
 9972.068   0.997874
 9972.139   0.997367
 9972.211   0.997126
 9972.283   0.997177
 9972.354   0.997351
 9972.426   0.997491
 9972.498   0.997549
 9972.569   0.997552
 9972.641   0.997561
 9972.712   0.997666
 9972.784   0.997941
 9972.856   0.998359
 9972.927   0.998767
 9972.999   0.998954
 9973.071   0.998819
 9973.142   0.998406
 9973.214   0.997782
 9973.286   0.997029
 9973.357   0.996270
 9973.429   0.995611
 9973.500   0.995101
 9973.572   0.994803
 9973.644   0.994842
 9973.715   0.995319
 9973.787   0.996117
 9973.859   0.996905
 9973.930   0.997360
 9974.002   0.997362
 9974.074   0.996990
 9974.145   0.996547
 9974.217   0.996336
 9974.289   0.996411
 9974.360   0.996634
 9974.432   0.996811
 9974.503   0.996838
 9974.575   0.996773
 9974.647   0.996840
 9974.718   0.997159
 9974.790   0.997662
 9974.862   0.998218
 9974.933   0.998721
 9975.005   0.999087
 9975.077   0.999308
 9975.148   0.999466
 9975.220   0.999641
 9975.291   0.999812
 9975.363   0.999844
 9975.435   0.999662
 9975.506   0.999345
 9975.578   0.999039
 9975.650   0.998868
 9975.721   0.998876
 9975.793   0.999014
 9975.865   0.999152
 9975.936   0.999121
 9976.008   0.998884
 9976.079   0.998603
 9976.151   0.998368
 9976.223   0.998098
 9976.294   0.997813
 9976.366   0.997715
 9976.438   0.997895
 9976.509   0.998265
 9976.581   0.998715
 9976.653   0.999155
 9976.724   0.999534
 9976.796   0.999829
 9976.867   0.999957
 9976.939   0.999836
 9977.011   0.999461
 9977.082   0.998880
 9977.154   0.998141
 9977.226   0.997371
 9977.297   0.996791
 9977.369   0.996529
 9977.441   0.996543
 9977.512   0.996754
 9977.584   0.997165
 9977.655   0.997720
 9977.727   0.998292
 9977.799   0.998770
 9977.870   0.999076
 9977.942   0.999238
 9978.014   0.999381
 9978.085   0.999588
 9978.157   0.999782
 9978.229   0.999848
 9978.300   0.999801
 9978.372   0.999716
 9978.444   0.999574
 9978.515   0.999352
 9978.587   0.999090
 9978.658   0.998818
 9978.730   0.998555
 9978.802   0.998440
 9978.873   0.998563
 9978.945   0.998780
 9979.017   0.998970
 9979.088   0.999157
 9979.160   0.999360
 9979.232   0.999472
 9979.303   0.999277
 9979.375   0.998437
 9979.446   0.996652
 9979.518   0.993952
 9979.590   0.990719
 9979.661   0.987598
 9979.733   0.985230
 9979.805   0.984150
 9979.876   0.984638
 9979.948   0.986581
 9980.020   0.989467
 9980.091   0.992660
 9980.163   0.995549
 9980.234   0.997745
 9980.306   0.999197
 9980.378   0.999994
 9980.449   1.000230
 9980.521   1.000018
 9980.593   0.999550
 9980.664   0.999157
 9980.736   0.999148
 9980.808   0.999456
 9980.879   0.999768
 9980.951   0.999909
 9981.022   0.999865
 9981.094   0.999593
 9981.166   0.999165
 9981.237   0.998885
 9981.309   0.998900
 9981.381   0.998985
 9981.452   0.998938
 9981.524   0.998834
 9981.596   0.998736
 9981.667   0.998617
 9981.739   0.998562
 9981.810   0.998733
 9981.882   0.999067
 9981.954   0.999317
 9982.025   0.999311
 9982.097   0.999075
 9982.169   0.998782
 9982.240   0.998653
 9982.312   0.998826
 9982.384   0.999216
 9982.455   0.999611
 9982.527   0.999912
 9982.599   1.000140
 9982.670   1.000220
 9982.742   1.000008
 9982.813   0.999492
 9982.885   0.998843
 9982.957   0.998328
 9983.028   0.998228
 9983.100   0.998660
 9983.172   0.999372
 9983.243   0.999935
 9983.315   1.000129
 9983.387   1.000030
 9983.458   0.999849
 9983.530   0.999779
 9983.601   0.999915
 9983.673   1.000118
 9983.745   1.000143
 9983.816   0.999946
 9983.888   0.999646
 9983.960   0.999380
 9984.031   0.999273
 9984.103   0.999405
 9984.175   0.999680
 9984.246   0.999990
 9984.318   1.000287
 9984.389   1.000507
 9984.461   1.000588
 9984.533   1.000592
 9984.604   1.000553
 9984.676   1.000404
 9984.748   1.000138
 9984.819   0.999824
 9984.891   0.999543
 9984.963   0.999369
 9985.034   0.999327
 9985.106   0.999318
 9985.177   0.999220
 9985.249   0.999011
 9985.321   0.998778
 9985.392   0.998639
 9985.464   0.998640
 9985.536   0.998747
 9985.607   0.998926
 9985.679   0.999150
 9985.751   0.999374
 9985.822   0.999539
 9985.894   0.999674
 9985.965   0.999730
 9986.037   0.999603
 9986.109   0.999356
 9986.180   0.999198
 9986.252   0.999206
 9986.324   0.999216
 9986.395   0.999079
 9986.467   0.998582
 9986.539   0.997400
 9986.610   0.995375
 9986.682   0.992875
 9986.754   0.990485
 9986.825   0.988671
 9986.897   0.987741
 9986.968   0.987866
 9987.040   0.989021
 9987.112   0.991048
 9987.183   0.993480
 9987.255   0.995714
 9987.327   0.997432
 9987.398   0.998604
 9987.470   0.999229
 9987.542   0.999333
 9987.613   0.999065
 9987.685   0.998560
 9987.756   0.997896
 9987.828   0.997292
 9987.900   0.997086
 9987.971   0.997423
 9988.043   0.998165
 9988.115   0.999117
 9988.186   1.000016
 9988.258   1.000537
 9988.330   1.000534
 9988.401   1.000106
 9988.473   0.999479
 9988.544   0.998868
 9988.616   0.998368
 9988.688   0.997947
 9988.759   0.997541
 9988.831   0.997088
 9988.903   0.996521
 9988.974   0.995840
 9989.046   0.995144
 9989.118   0.994537
 9989.189   0.994117
 9989.261   0.994002
 9989.332   0.994205
 9989.404   0.994621
 9989.476   0.995197
 9989.547   0.995894
 9989.619   0.996611
 9989.691   0.997197
 9989.762   0.997520
 9989.834   0.997509
 9989.906   0.997226
 9989.977   0.996943
 9990.049   0.997060
 9990.120   0.997768
 9990.192   0.998746
 9990.264   0.999473
 9990.335   0.999655
 9990.407   0.999240
 9990.479   0.998426
 9990.550   0.997684
 9990.622   0.997361
 9990.694   0.997416
 9990.765   0.997704
 9990.837   0.998053
 9990.908   0.998232
 9990.980   0.998181
 9991.052   0.998072
 9991.123   0.998040
 9991.195   0.998075
 9991.267   0.998081
 9991.338   0.997785
 9991.410   0.996924
 9991.482   0.995585
 9991.553   0.994237
 9991.625   0.993382
 9991.697   0.993371
 9991.768   0.994266
 9991.840   0.995722
 9991.911   0.997231
 9991.983   0.998454
 9992.055   0.999269
 9992.126   0.999711
 9992.198   0.999961
 9992.270   1.000107
 9992.341   1.000104
 9992.413   0.999998
 9992.485   0.999882
 9992.556   0.999726
 9992.628   0.999457
 9992.699   0.999115
 9992.771   0.998760
 9992.843   0.998437
 9992.914   0.998271
 9992.986   0.998378
 9993.058   0.998589
 9993.129   0.998605
 9993.201   0.998282
 9993.273   0.997722
 9993.344   0.997175
 9993.416   0.996906
 9993.487   0.997060
 9993.559   0.997496
 9993.631   0.997933
 9993.702   0.998127
 9993.774   0.997975
 9993.846   0.997639
 9993.917   0.997419
 9993.989   0.997522
 9994.061   0.997863
 9994.132   0.998242
 9994.204   0.998489
 9994.275   0.998480
 9994.347   0.998334
 9994.419   0.998377
 9994.490   0.998720
 9994.562   0.999083
 9994.634   0.999204
 9994.705   0.999072
 9994.777   0.998776
 9994.849   0.998457
 9994.920   0.998279
 9994.992   0.998220
 9995.063   0.997989
 9995.135   0.997280
 9995.207   0.995943
 9995.278   0.993995
 9995.350   0.991581
 9995.422   0.988930
 9995.493   0.986143
 9995.565   0.983296
 9995.637   0.980746
 9995.708   0.979306
 9995.780   0.979756
 9995.852   0.982126
 9995.923   0.985635
 9995.995   0.989325
 9996.066   0.992564
 9996.138   0.995041
 9996.210   0.996684
 9996.281   0.997580
 9996.353   0.997966
 9996.425   0.998051
 9996.496   0.997993
 9996.568   0.997990
 9996.640   0.998201
 9996.711   0.998534
 9996.783   0.998797
 9996.854   0.998896
 9996.926   0.998755
 9996.998   0.998414
 9997.069   0.998181
 9997.141   0.998292
 9997.213   0.998562
 9997.284   0.998678
 9997.356   0.998567
 9997.428   0.998383
 9997.499   0.998304
 9997.571   0.998459
 9997.642   0.998852
 9997.714   0.999300
 9997.786   0.999583
 9997.857   0.999618
 9997.929   0.999477
 9998.001   0.999340
 9998.072   0.999451
 9998.144   0.999912
 9998.216   1.000537
 9998.287   1.000984
 9998.359   1.001077
 9998.430   1.000861
 9998.502   1.000474
 9998.574   1.000083
 9998.645   0.999836
 9998.717   0.999728
 9998.789   0.999665
 9998.860   0.999633
 9998.932   0.999675
 9999.004   0.999830
 9999.075   1.000128
 9999.147   1.000546
 9999.218   1.000878
 9999.290   1.000925
 9999.362   1.000692
 9999.433   1.000261
 9999.505   0.999753
 9999.577   0.999406
 9999.648   0.999397
 9999.720   0.999616
 9999.792   0.999851
 9999.863   0.999982
 9999.935   0.999985
10000.007   0.999880
10000.078   0.999663
10000.150   0.999283
10000.221   0.998740
10000.293   0.998059
10000.365   0.997313
10000.436   0.996717
10000.508   0.996513
10000.580   0.996720
10000.651   0.997227
10000.723   0.997896
10000.795   0.998542
10000.866   0.998974
10000.938   0.999130
10001.009   0.999101
10001.081   0.998980
10001.153   0.998783
10001.224   0.998482
10001.296   0.998048
10001.368   0.997410
10001.439   0.996486
10001.511   0.995250
10001.583   0.993704
10001.654   0.991881
10001.726   0.989987
10001.797   0.988361
10001.869   0.987268
10001.941   0.986867
10002.012   0.987247
10002.084   0.988286
10002.156   0.989755
10002.227   0.991510
10002.299   0.993398
10002.371   0.995247
10002.442   0.996958
10002.514   0.998434
10002.585   0.999478
10002.657   1.000030
10002.729   1.000216
10002.800   1.000079
10002.872   0.999726
10002.944   0.999488
10003.015   0.999632
10003.087   1.000044
10003.159   1.000510
10003.230   1.000887
10003.302   1.001068
10003.373   1.001065
10003.445   1.001035
10003.517   1.001135
10003.588   1.001368
10003.660   1.001638
10003.732   1.001767
10003.803   1.001595
10003.875   1.001142
10003.947   1.000638
10004.018   1.000307
10004.090   1.000205
10004.162   1.000223
10004.233   1.000220
10004.305   1.000147
10004.376   0.999949
10004.448   0.999561
10004.520   0.999057
10004.591   0.998696
10004.663   0.998618
10004.735   0.998641
10004.806   0.998545
10004.878   0.998332
10004.950   0.998206
10005.021   0.998245
10005.093   0.998352
10005.164   0.998393
10005.236   0.998302
10005.308   0.998085
10005.379   0.997879
10005.451   0.997927
10005.523   0.998246
10005.594   0.998554
10005.666   0.998568
10005.738   0.998369
10005.809   0.998256
10005.881   0.998367
10005.952   0.998665
10006.024   0.999063
10006.096   0.999417
10006.167   0.999562
10006.239   0.999534
10006.311   0.999490
10006.382   0.999468
10006.454   0.999429
10006.526   0.999378
10006.597   0.999353
10006.669   0.999331
10006.740   0.999258
10006.812   0.999030
10006.884   0.998636
10006.955   0.998234
10007.027   0.998017
10007.099   0.998043
10007.170   0.998254
10007.242   0.998576
10007.314   0.998852
10007.385   0.998875
10007.457   0.998592
10007.528   0.998146
10007.600   0.997712
10007.672   0.997433
10007.743   0.997468
10007.815   0.997786
10007.887   0.998134
10007.958   0.998344
10008.030   0.998461
10008.102   0.998591
10008.173   0.998765
10008.245   0.998933
10008.317   0.999000
10008.388   0.998923
10008.460   0.998812
10008.531   0.998829
10008.603   0.998999
10008.675   0.999215
10008.746   0.999388
10008.818   0.999398
10008.890   0.999192
10008.961   0.998892
10009.033   0.998693
10009.105   0.998724
10009.176   0.999013
10009.248   0.999412
10009.319   0.999613
10009.391   0.999476
10009.463   0.999166
10009.534   0.998902
10009.606   0.998724
10009.678   0.998601
10009.749   0.998517
10009.821   0.998429
10009.893   0.998326
10009.964   0.998297
10010.036   0.998407
10010.107   0.998602
10010.179   0.998848
10010.251   0.999123
10010.322   0.999325
10010.394   0.999324
10010.466   0.999137
10010.537   0.998902
10010.609   0.998733
10010.681   0.998686
10010.752   0.998688
10010.824   0.998633
10010.895   0.998510
10010.967   0.998426
10011.039   0.998435
10011.110   0.998514
10011.182   0.998656
10011.254   0.998806
10011.325   0.998870
10011.397   0.998809
10011.469   0.998630
10011.540   0.998330
10011.612   0.997921
10011.683   0.997510
10011.755   0.997194
10011.827   0.997078
10011.898   0.997251
10011.970   0.997589
10012.042   0.997894
10012.113   0.998174
10012.185   0.998549
10012.257   0.998841
10012.328   0.998727
10012.400   0.998238
10012.472   0.997690
10012.543   0.997251
10012.615   0.996855
10012.686   0.996505
10012.758   0.996319
10012.830   0.996312
10012.901   0.996368
10012.973   0.996397
10013.045   0.996333
10013.116   0.995973
10013.188   0.995160
10013.260   0.994205
10013.331   0.993725
10013.403   0.993954
10013.474   0.994672
10013.546   0.995636
10013.618   0.996669
10013.689   0.997551
10013.761   0.998139
10013.833   0.998386
10013.904   0.998238
10013.976   0.997664
10014.048   0.996776
10014.119   0.995880
10014.191   0.995311
10014.262   0.995113
10014.334   0.995117
10014.406   0.995323
10014.477   0.995862
10014.549   0.996665
10014.621   0.997339
10014.692   0.997558
10014.764   0.997233
10014.836   0.996457
10014.907   0.995536
10014.979   0.994895
10015.050   0.994861
10015.122   0.995590
10015.194   0.997047
10015.265   0.998884
10015.337   1.000682
10015.409   1.002267
10015.480   1.003623
10015.552   1.004639
10015.624   1.005087
10015.695   1.004825
10015.767   1.004007
10015.838   1.002984
10015.910   1.002047
10015.982   1.001381
10016.053   1.001069
10016.125   1.001056
10016.197   1.001239
10016.268   1.001533
10016.340   1.001839
10016.412   1.002111
10016.483   1.002317
10016.555   1.002356
10016.627   1.002186
10016.698   1.001949
10016.770   1.001820
10016.841   1.001826
10016.913   1.001883
10016.985   1.001884
10017.056   1.001810
10017.128   1.001820
10017.200   1.002034
10017.271   1.002323
10017.343   1.002486
10017.415   1.002400
10017.486   1.002063
10017.558   1.001582
10017.629   1.001146
10017.701   1.000930
10017.773   1.001089
10017.844   1.001641
10017.916   1.002270
10017.988   1.002474
10018.059   1.001994
10018.131   1.000994
10018.203   0.999776
10018.274   0.998657
10018.346   0.997943
10018.417   0.997796
10018.489   0.998180
10018.561   0.998937
10018.632   0.999715
10018.704   1.000081
10018.776   0.999803
10018.847   0.998865
10018.919   0.997145
10018.991   0.994326
10019.062   0.990123
10019.134   0.984402
10019.205   0.977232
10019.277   0.969078
10019.349   0.960853
10019.420   0.953717
10019.492   0.949002
10019.564   0.947815
10019.635   0.950396
10019.707   0.956178
10019.779   0.964044
10019.850   0.972573
10019.922   0.980405
10019.993   0.986699
10020.065   0.991198
10020.137   0.994182
10020.208   0.996092
10020.280   0.997272
10020.352   0.997890
10020.423   0.998049
10020.495   0.997911
10020.567   0.997656
10020.638   0.997370
10020.710   0.997046
10020.782   0.996617
10020.853   0.996026
10020.925   0.995298
10020.996   0.994428
10021.068   0.993209
10021.140   0.991337
10021.211   0.988763
10021.283   0.986041
10021.355   0.984072
10021.426   0.983542
10021.498   0.984583
10021.570   0.986887
10021.641   0.989825
10021.713   0.992671
10021.784   0.994847
10021.856   0.996069
10021.928   0.996473
10021.999   0.996506
10022.071   0.996520
10022.143   0.996608
10022.214   0.996751
10022.286   0.996830
10022.358   0.996741
10022.429   0.996643
10022.501   0.996870
10022.572   0.997461
10022.644   0.998031
10022.716   0.998230
10022.787   0.998028
10022.859   0.997593
10022.931   0.997152
10023.002   0.996932
10023.074   0.996983
10023.146   0.997117
10023.217   0.997086
10023.289   0.996733
10023.360   0.996050
10023.432   0.995236
10023.504   0.994606
10023.575   0.994340
10023.647   0.994418
10023.719   0.994698
10023.790   0.994928
10023.862   0.994860
10023.934   0.994392
10024.005   0.993567
10024.077   0.992376
10024.148   0.990661
10024.220   0.988339
10024.292   0.985755
10024.363   0.983603
10024.435   0.982545
10024.507   0.982850
10024.578   0.984384
10024.650   0.986582
10024.722   0.988707
10024.793   0.990344
10024.865   0.991467
10024.937   0.992177
10025.008   0.992553
10025.080   0.992691
10025.151   0.992635
10025.223   0.992318
10025.295   0.991744
10025.366   0.991077
10025.438   0.990532
10025.510   0.990311
10025.581   0.990638
10025.653   0.991592
10025.725   0.992860
10025.796   0.993807
10025.868   0.993903
10025.939   0.992993
10026.011   0.991288
10026.083   0.989229
10026.154   0.987361
10026.226   0.986084
10026.298   0.985642
10026.369   0.986183
10026.441   0.987693
10026.513   0.989940
10026.584   0.992516
10026.656   0.994828
10026.727   0.996311
10026.799   0.996906
10026.871   0.996991
10026.942   0.997007
10027.014   0.997204
10027.086   0.997622
10027.157   0.998067
10027.229   0.998327
10027.301   0.998375
10027.372   0.998256
10027.444   0.998044
10027.515   0.997895
10027.587   0.997929
10027.659   0.998088
10027.730   0.998292
10027.802   0.998574
10027.874   0.998995
10027.945   0.999586
10028.017   1.000243
10028.089   1.000773
10028.160   1.000946
10028.232   1.000612
10028.303   0.999807
10028.375   0.998691
10028.447   0.997471
10028.518   0.996370
10028.590   0.995545
10028.662   0.995018
10028.733   0.994825
10028.805   0.995072
10028.877   0.995761
10028.948   0.996691
10029.020   0.997537
10029.092   0.998038
10029.163   0.998112
10029.235   0.997828
10029.306   0.997394
10029.378   0.997088
10029.450   0.997119
10029.521   0.997434
10029.593   0.997798
10029.665   0.997968
10029.736   0.997853
10029.808   0.997611
10029.880   0.997607
10029.951   0.998103
10030.023   0.999010
10030.094   0.999995
10030.166   1.000746
10030.238   1.001127
10030.309   1.001083
10030.381   1.000637
10030.453   0.999922
10030.524   0.999137
10030.596   0.998413
10030.668   0.997877
10030.739   0.997676
10030.811   0.997805
10030.882   0.998059
10030.954   0.998320
10031.026   0.998621
10031.097   0.998892
10031.169   0.998975
10031.241   0.998850
10031.312   0.998569
10031.384   0.998132
10031.456   0.997669
10031.527   0.997410
10031.599   0.997382
10031.670   0.997449
10031.742   0.997531
10031.814   0.997608
10031.885   0.997721
10031.957   0.997918
10032.029   0.998172
10032.100   0.998419
10032.172   0.998690
10032.244   0.999005
10032.315   0.999241
10032.387   0.999218
10032.458   0.998898
10032.530   0.998443
10032.602   0.998044
10032.673   0.997755
10032.745   0.997556
10032.817   0.997512
10032.888   0.997684
10032.960   0.998026
10033.032   0.998392
10033.103   0.998636
10033.175   0.998650
10033.246   0.998397
10033.318   0.997964
10033.390   0.997547
10033.461   0.997420
10033.533   0.997751
10033.605   0.998466
10033.676   0.999228
10033.748   0.999784
10033.820   1.000082
10033.891   1.000139
10033.963   1.000019
10034.035   0.999893
10034.106   0.999851
10034.178   0.999742
10034.249   0.999489
10034.321   0.999253
10034.393   0.999181
10034.464   0.999324
10034.536   0.999647
10034.608   1.000010
10034.679   1.000270
10034.751   1.000408
10034.823   1.000433
10034.894   1.000342
10034.966   1.000240
10035.037   1.000271
10035.109   1.000478
10035.181   1.000858
10035.252   1.001378
10035.324   1.001872
10035.396   1.002152
10035.467   1.002203
10035.539   1.002103
10035.611   1.001922
10035.682   1.001755
10035.754   1.001721
10035.825   1.001801
10035.897   1.001828
10035.969   1.001651
10036.040   1.001228
10036.112   1.000659
10036.184   1.000128
10036.255   0.999852
10036.327   0.999986
10036.399   1.000488
10036.470   1.001133
10036.542   1.001658
10036.613   1.001890
10036.685   1.001806
10036.757   1.001547
10036.828   1.001372
10036.900   1.001490
10036.972   1.001879
10037.043   1.002305
10037.115   1.002512
10037.187   1.002453
10037.258   1.002201
10037.330   1.001892
10037.401   1.001624
10037.473   1.001355
10037.545   1.000981
10037.616   1.000612
10037.688   1.000552
10037.760   1.000929
10037.831   1.001605
10037.903   1.002224
10037.975   1.002452
10038.046   1.002254
10038.118   1.001859
10038.190   1.001456
10038.261   1.001008
10038.333   1.000489
10038.404   0.999979
10038.476   0.999555
10038.548   0.999282
10038.619   0.999209
10038.691   0.999192
10038.763   0.998946
10038.834   0.998487
10038.906   0.998142
10038.978   0.998088
10039.049   0.998219
10039.121   0.998366
10039.192   0.998386
10039.264   0.998101
10039.336   0.997261
10039.407   0.995748
10039.479   0.993572
10039.551   0.990706
10039.622   0.987187
10039.694   0.983482
10039.766   0.980391
10039.837   0.978674
10039.909   0.978927
10039.980   0.981256
10040.052   0.984993
10040.124   0.989038
10040.195   0.992449
10040.267   0.994655
10040.339   0.995594
10040.410   0.995680
10040.482   0.995359
10040.554   0.994945
10040.625   0.994651
10040.697   0.994664
10040.768   0.995027
10040.840   0.995745
10040.912   0.996763
10040.983   0.997800
10041.055   0.998519
10041.127   0.998814
10041.198   0.998763
10041.270   0.998456
10041.342   0.998063
10041.413   0.997849
10041.485   0.997981
10041.556   0.998432
10041.628   0.999039
10041.700   0.999541
10041.771   0.999786
10041.843   0.999927
10041.915   1.000159
10041.986   1.000466
10042.058   1.000727
10042.130   1.000819
10042.201   1.000632
10042.273   1.000234
10042.345   0.999836
10042.416   0.999571
10042.488   0.999439
10042.559   0.999459
10042.631   0.999608
10042.703   0.999766
10042.774   0.999863
10042.846   1.000008
10042.918   1.000340
10042.989   1.000840
10043.061   1.001327
10043.133   1.001599
10043.204   1.001578
10043.276   1.001317
10043.347   1.000901
10043.419   1.000419
10043.491   0.999877
10043.562   0.999204
10043.634   0.998421
10043.706   0.997710
10043.777   0.997237
10043.849   0.996982
10043.921   0.996824
10043.992   0.996514
10044.064   0.995679
10044.135   0.994056
10044.207   0.991731
10044.279   0.989114
10044.350   0.986675
10044.422   0.984859
10044.494   0.984036
10044.565   0.984406
10044.637   0.985886
10044.709   0.988174
10044.780   0.990873
10044.852   0.993511
10044.923   0.995708
10044.995   0.997324
10045.067   0.998533
10045.138   0.999570
10045.210   1.000440
10045.282   1.000957
10045.353   1.001036
10045.425   1.000787
10045.497   1.000469
10045.568   1.000377
10045.640   1.000683
10045.711   1.001234
10045.783   1.001765
10045.855   1.002156
10045.926   1.002361
10045.998   1.002234
10046.070   1.001720
10046.141   1.001050
10046.213   1.000533
10046.285   1.000342
10046.356   1.000379
10046.428   1.000423
10046.500   1.000343
10046.571   1.000115
10046.643   0.999731
10046.714   0.999290
10046.786   0.999005
10046.858   0.998969
10046.929   0.999112
10047.001   0.999404
10047.073   0.999812
10047.144   1.000147
10047.216   1.000168
10047.288   0.999844
10047.359   0.999340
10047.431   0.998902
10047.502   0.998763
10047.574   0.998981
10047.646   0.999393
10047.717   0.999764
10047.789   0.999958
10047.861   0.999934
10047.932   0.999682
10048.004   0.999300
10048.076   0.998962
10048.147   0.998764
10048.219   0.998719
10048.290   0.998872
10048.362   0.999153
10048.434   0.999392
10048.505   0.999605
10048.577   0.999969
10048.649   1.000430
10048.720   1.000694
10048.792   1.000641
10048.864   1.000459
10048.935   1.000447
10049.007   1.000726
10049.078   1.001161
10049.150   1.001438
10049.222   1.001339
10049.293   1.000870
10049.365   1.000219
10049.437   0.999694
10049.508   0.999470
10049.580   0.999456
10049.652   0.999461
10049.723   0.999414
10049.795   0.999305
10049.866   0.999111
10049.938   0.998927
10050.010   0.998904
10050.081   0.999081
10050.153   0.999335
10050.225   0.999483
10050.296   0.999441
10050.368   0.999181
10050.440   0.998711
10050.511   0.998059
10050.583   0.997274
10050.655   0.996407
10050.726   0.995576
10050.798   0.994887
10050.869   0.994344
10050.941   0.993929
10051.013   0.993638
10051.084   0.993528
10051.156   0.993681
10051.228   0.994166
10051.299   0.994976
10051.371   0.996058
10051.443   0.997338
10051.514   0.998606
10051.586   0.999564
10051.657   1.000044
10051.729   1.000154
10051.801   1.000107
10051.872   0.999976
10051.944   0.999779
10052.016   0.999703
10052.087   0.999878
10052.159   1.000240
10052.231   1.000748
10052.302   1.001411
10052.374   1.001996
10052.445   1.002185
10052.517   1.001923
10052.589   1.001401
10052.660   1.000936
10052.732   1.000888
10052.804   1.001353
10052.875   1.001938
10052.947   1.002112
10053.019   1.001736
10053.090   1.001097
10053.162   1.000564
10053.233   1.000234
10053.305   0.999974
10053.377   0.999657
10053.448   0.999248
10053.520   0.998790
10053.592   0.998391
10053.663   0.998160
10053.735   0.998034
10053.807   0.997813
10053.878   0.997526
10053.950   0.997450
10054.021   0.997619
10054.093   0.997775
10054.165   0.997809
10054.236   0.997932
10054.308   0.998373
10054.380   0.999138
10054.451   1.000051
10054.523   1.000831
10054.595   1.001269
10054.666   1.001321
10054.738   1.001155
10054.810   1.000960
10054.881   1.000776
10054.953   1.000598
10055.024   1.000397
10055.096   1.000041
10055.168   0.999478
10055.239   0.998951
10055.311   0.998716
10055.383   0.998803
10055.454   0.999100
10055.526   0.999233
10055.598   0.998682
10055.669   0.997109
10055.741   0.994466
10055.812   0.990929
10055.884   0.986975
10055.956   0.983305
10056.027   0.980603
10056.099   0.979373
10056.171   0.979829
10056.242   0.981810
10056.314   0.984838
10056.386   0.988284
10056.457   0.991553
10056.529   0.994225
10056.600   0.996006
10056.672   0.996924
10056.744   0.997417
10056.815   0.997882
10056.887   0.998296
10056.959   0.998467
10057.030   0.998408
10057.102   0.998198
10057.174   0.997921
10057.245   0.997811
10057.317   0.998106
10057.388   0.998652
10057.460   0.999092
10057.532   0.999336
10057.603   0.999528
10057.675   0.999744
10057.747   0.999935
10057.818   1.000070
10057.890   1.000095
10057.962   1.000047
10058.033   1.000071
10058.105   1.000287
10058.176   1.000720
10058.248   1.001284
10058.320   1.001746
10058.391   1.001892
10058.463   1.001806
10058.535   1.001692
10058.606   1.001655
10058.678   1.001743
10058.750   1.001874
10058.821   1.001827
10058.893   1.001435
10058.965   1.000749
10059.036   0.999932
10059.108   0.999212
10059.179   0.998753
10059.251   0.998584
10059.323   0.998632
10059.394   0.998836
10059.466   0.999184
10059.538   0.999629
10059.609   1.000088
10059.681   1.000503
10059.753   1.000821
10059.824   1.000900
10059.896   1.000629
10059.967   1.000038
10060.039   0.999343
10060.111   0.998850
10060.182   0.998770
10060.254   0.999106
10060.326   0.999680
10060.397   1.000199
10060.469   1.000384
10060.541   1.000185
10060.612   0.999809
10060.684   0.999419
10060.755   0.999101
10060.827   0.999059
10060.899   0.999371
10060.970   0.999740
10061.042   0.999864
10061.114   0.999727
10061.185   0.999361
10061.257   0.998798
10061.329   0.998298
10061.400   0.997974
10061.472   0.997494
10061.543   0.996690
10061.615   0.995822
10061.687   0.995203
10061.758   0.995016
10061.830   0.995483
10061.902   0.996678
10061.973   0.998284
10062.045   0.999797
10062.117   1.000842
10062.188   1.001302
10062.260   1.001291
10062.331   1.000944
10062.403   1.000267
10062.475   0.999219
10062.546   0.997872
10062.618   0.996536
10062.690   0.995649
10062.761   0.995472
10062.833   0.995894
10062.905   0.996492
10062.976   0.996946
10063.048   0.997269
10063.120   0.997614
10063.191   0.998051
10063.263   0.998488
10063.334   0.998830
10063.406   0.999040
10063.478   0.999053
10063.549   0.998950
10063.621   0.999057
10063.693   0.999534
10063.764   1.000036
10063.836   1.000125
10063.908   0.999725
10063.979   0.999046
10064.051   0.998433
10064.122   0.998217
10064.194   0.998437
10064.266   0.998851
10064.337   0.999231
10064.409   0.999431
10064.481   0.999401
10064.552   0.999219
10064.624   0.999018
10064.696   0.998868
10064.767   0.998762
10064.839   0.998715
10064.910   0.998794
10064.982   0.998946
10065.054   0.999095
10065.125   0.999274
10065.197   0.999426
10065.269   0.999226
10065.340   0.998629
10065.412   0.997995
10065.484   0.997612
10065.555   0.997702
10065.627   0.998388
10065.698   0.999310
10065.770   0.999717
10065.842   0.999360
10065.913   0.998548
10065.985   0.997797
10066.057   0.997675
10066.128   0.998480
10066.200   0.999814
10066.272   1.000785
10066.343   1.000704
10066.415   0.999353
10066.486   0.997039
10066.558   0.994443
10066.630   0.992247
10066.701   0.990820
10066.773   0.990087
10066.845   0.989751
10066.916   0.989859
10066.988   0.990695
10067.060   0.992231
10067.131   0.994062
10067.203   0.995803
10067.275   0.997180
10067.346   0.997945
10067.418   0.998093
10067.489   0.997927
10067.561   0.997705
10067.633   0.997408
10067.704   0.997040
10067.776   0.996823
10067.848   0.996908
10067.919   0.997291
10067.991   0.997984
10068.063   0.998911
10068.134   0.999683
10068.206   0.999934
10068.277   0.999671
10068.349   0.999066
10068.421   0.998307
10068.492   0.997692
10068.564   0.997468
10068.636   0.997592
10068.707   0.997896
10068.779   0.998292
10068.851   0.998769
10068.922   0.999264
10068.994   0.999712
10069.065   1.000079
10069.137   1.000253
10069.209   1.000156
10069.280   0.999924
10069.352   0.999818
10069.424   0.999994
10069.495   1.000456
10069.567   1.001167
10069.639   1.002067
10069.710   1.003032
10069.782   1.003854
10069.853   1.004270
10069.925   1.004104
10069.997   1.003376
10070.068   1.002419
10070.140   1.001679
10070.212   1.001373
10070.283   1.001479
10070.355   1.001852
10070.427   1.002194
10070.498   1.002093
10070.570   1.001508
10070.641   1.000768
10070.713   1.000157
10070.785   0.999805
10070.856   0.999854
10070.928   1.000241
10071.000   1.000656
10071.071   1.000965
10071.143   1.001281
10071.215   1.001642
10071.286   1.001945
10071.358   1.002135
10071.430   1.002149
10071.501   1.001941
10071.573   1.001610
10071.644   1.001336
10071.716   1.001167
10071.788   1.000946
10071.859   1.000548
10071.931   1.000006
10072.003   0.999318
10072.074   0.998281
10072.146   0.996765
10072.218   0.995028
10072.289   0.993574
10072.361   0.992946
10072.432   0.993426
10072.504   0.994840
10072.576   0.996598
10072.647   0.998096
10072.719   0.999074
10072.791   0.999638
10072.862   0.999997
10072.934   1.000282
10073.006   1.000551
10073.077   1.000814
10073.149   1.000991
10073.220   1.000989
10073.292   1.000874
10073.364   1.000785
10073.435   1.000767
10073.507   1.000716
10073.579   1.000473
10073.650   1.000020
10073.722   0.999567
10073.794   0.999348
10073.865   0.999408
10073.937   0.999597
10074.008   0.999707
10074.080   0.999612
10074.152   0.999266
10074.223   0.998758
10074.295   0.998345
10074.367   0.998266
10074.438   0.998528
10074.510   0.998992
10074.582   0.999613
10074.653   1.000414
10074.725   1.001233
10074.796   1.001732
10074.868   1.001768
10074.940   1.001426
10075.011   1.000843
10075.083   1.000132
10075.155   0.999415
10075.226   0.998837
10075.298   0.998521
10075.370   0.998500
10075.441   0.998650
10075.513   0.998849
10075.585   0.999035
10075.656   0.999116
10075.728   0.999084
10075.799   0.998993
10075.871   0.998882
10075.943   0.998636
10076.014   0.998078
10076.086   0.997209
10076.158   0.996266
10076.229   0.995489
10076.301   0.994995
10076.373   0.994912
10076.444   0.995304
10076.516   0.996039
10076.587   0.996895
10076.659   0.997739
10076.731   0.998497
10076.802   0.999092
10076.874   0.999401
10076.946   0.999335
10077.017   0.998850
10077.089   0.998030
10077.161   0.997121
10077.232   0.996421
10077.304   0.996127
10077.375   0.996259
10077.447   0.996600
10077.519   0.996905
10077.590   0.997062
10077.662   0.997061
10077.734   0.996994
10077.805   0.997064
10077.877   0.997412
10077.949   0.997889
10078.020   0.998151
10078.092   0.997997
10078.163   0.997530
10078.235   0.996991
10078.307   0.996454
10078.378   0.995999
10078.450   0.995846
10078.522   0.996075
10078.593   0.996526
10078.665   0.997026
10078.737   0.997543
10078.808   0.998027
10078.880   0.998353
10078.951   0.998393
10079.023   0.998142
10079.095   0.997734
10079.166   0.997310
10079.238   0.996878
10079.310   0.996388
10079.381   0.995891
10079.453   0.995534
10079.525   0.995488
10079.596   0.995784
10079.668   0.996276
10079.739   0.996712
10079.811   0.996836
10079.883   0.996310
10079.954   0.994761
10080.026   0.992050
10080.098   0.988287
10080.169   0.983829
10080.241   0.979326
10080.313   0.975689
10080.384   0.973712
10080.456   0.973783
10080.528   0.975896
10080.599   0.979627
10080.671   0.984185
10080.742   0.988652
10080.814   0.992318
10080.886   0.994905
10080.957   0.996522
10081.029   0.997460
10081.101   0.997968
10081.172   0.998287
10081.244   0.998581
10081.316   0.998896
10081.387   0.999133
10081.459   0.999194
10081.530   0.999186
10081.602   0.999191
10081.674   0.999113
10081.745   0.998846
10081.817   0.998436
10081.889   0.997844
10081.960   0.996994
10082.032   0.996055
10082.104   0.995380
10082.175   0.995176
10082.247   0.995473
10082.318   0.996076
10082.390   0.996543
10082.462   0.996603
10082.533   0.996462
10082.605   0.996451
10082.677   0.996566
10082.748   0.996711
10082.820   0.996936
10082.892   0.997249
10082.963   0.997624
10083.035   0.998038
10083.106   0.998409
10083.178   0.998615
10083.250   0.998621
10083.321   0.998497
10083.393   0.998378
10083.465   0.998373
10083.536   0.998467
10083.608   0.998568
10083.680   0.998738
10083.751   0.998992
10083.823   0.999062
10083.894   0.998635
10083.966   0.997856
10084.038   0.997173
10084.109   0.996822
10084.181   0.996731
10084.253   0.996620
10084.324   0.996149
10084.396   0.995157
10084.468   0.993874
10084.539   0.992737
10084.611   0.992106
10084.683   0.992193
10084.754   0.993094
10084.826   0.994720
10084.897   0.996817
10084.969   0.998986
10085.041   1.000785
10085.112   1.001946
10085.184   1.002510
10085.256   1.002653
10085.327   1.002527
10085.399   1.002176
10085.471   1.001678
10085.542   1.001192
10085.614   1.000855
10085.685   1.000639
10085.757   1.000426
10085.829   1.000287
10085.900   1.000330
10085.972   1.000428
10086.044   1.000326
10086.115   1.000013
10086.187   0.999635
10086.259   0.999331
10086.330   0.999306
10086.402   0.999655
10086.473   1.000011
10086.545   0.999884
10086.617   0.999299
10086.688   0.998713
10086.760   0.998496
10086.832   0.998670
10086.903   0.999075
10086.975   0.999535
10087.047   0.999859
10087.118   0.999855
10087.190   0.999496
10087.261   0.998990
10087.333   0.998507
10087.405   0.998077
10087.476   0.997763
10087.548   0.997616
10087.620   0.997632
10087.691   0.997812
10087.763   0.998119
10087.835   0.998425
10087.906   0.998635
10087.978   0.998600
10088.049   0.998162
10088.121   0.997435
10088.193   0.996719
10088.264   0.996218
10088.336   0.996074
10088.408   0.996416
10088.479   0.997131
10088.551   0.997970
10088.623   0.998673
10088.694   0.999049
10088.766   0.999118
10088.838   0.999079
10088.909   0.999053
10088.981   0.998890
10089.052   0.998383
10089.124   0.997481
10089.196   0.996325
10089.267   0.995125
10089.339   0.993985
10089.411   0.992842
10089.482   0.991338
10089.554   0.988917
10089.626   0.985245
10089.697   0.980688
10089.769   0.976253
10089.840   0.973119
10089.912   0.972175
10089.984   0.973635
10090.055   0.977127
10090.127   0.981790
10090.199   0.986580
10090.270   0.990648
10090.342   0.993641
10090.414   0.995541
10090.485   0.996469
10090.557   0.996686
10090.628   0.996558
10090.700   0.996514
10090.772   0.996776
10090.843   0.997122
10090.915   0.997226
10090.987   0.997046
10091.058   0.996722
10091.130   0.996359
10091.202   0.996060
10091.273   0.995941
10091.345   0.996085
10091.416   0.996597
10091.488   0.997446
10091.560   0.998373
10091.631   0.999028
10091.703   0.999238
10091.775   0.999023
10091.846   0.998335
10091.918   0.997109
10091.990   0.995627
10092.061   0.994393
10092.133   0.993546
10092.204   0.992928
10092.276   0.992573
10092.348   0.992689
10092.419   0.993291
10092.491   0.994150
10092.563   0.994986
10092.634   0.995626
10092.706   0.995980
10092.778   0.996039
10092.849   0.995952
10092.921   0.996012
10092.993   0.996502
10093.064   0.997444
10093.136   0.998346
10093.207   0.998580
10093.279   0.997982
10093.351   0.997070
10093.422   0.996515
10093.494   0.996553
10093.566   0.996954
10093.637   0.997088
10093.709   0.996380
10093.781   0.994655
10093.852   0.992103
10093.924   0.989076
10093.995   0.986041
10094.067   0.983519
10094.139   0.981955
10094.210   0.981682
10094.282   0.982801
10094.354   0.985000
10094.425   0.987727
10094.497   0.990343
10094.569   0.992357
10094.640   0.993692
10094.712   0.994579
10094.783   0.995170
10094.855   0.995418
10094.927   0.995198
10094.998   0.994243
10095.070   0.992120
10095.142   0.988627
10095.213   0.984021
10095.285   0.978819
10095.357   0.973699
10095.428   0.969622
10095.500   0.967796
10095.571   0.969020
10095.643   0.972930
10095.715   0.978203
10095.786   0.983596
10095.858   0.988395
10095.930   0.992223
10096.001   0.994982
10096.073   0.996788
10096.145   0.997873
10096.216   0.998588
10096.288   0.999246
10096.359   0.999857
10096.431   1.000239
10096.503   1.000243
10096.574   0.999941
10096.646   0.999505
10096.718   0.999092
10096.789   0.998902
10096.861   0.999023
10096.933   0.999380
10097.004   0.999849
10097.076   1.000276
10097.148   1.000361
10097.219   0.999919
10097.291   0.998956
10097.362   0.997439
10097.434   0.995439
10097.506   0.993296
10097.577   0.991365
10097.649   0.990035
10097.721   0.989875
10097.792   0.991055
10097.864   0.992986
10097.936   0.994954
10098.007   0.996659
10098.079   0.998154
10098.150   0.999489
10098.222   1.000641
10098.294   1.001515
10098.365   1.001952
10098.437   1.001787
10098.509   1.001265
10098.580   1.000933
10098.652   1.000953
10098.724   1.000973
10098.795   1.000727
10098.867   1.000350
10098.938   1.000085
10099.010   1.000080
10099.082   1.000305
10099.153   1.000599
10099.225   1.000737
10099.297   1.000609
10099.368   1.000280
10099.440   0.999988
10099.512   1.000123
10099.583   1.000749
10099.655   1.001361
10099.726   1.001431
10099.798   1.000885
10099.870   0.999957
10099.941   0.998805
10100.013   0.997467
10100.085   0.996003
10100.156   0.994586
10100.228   0.993517
10100.300   0.993042
10100.371   0.993203
10100.443   0.993891
10100.514   0.995017
10100.586   0.996429
10100.658   0.997848
10100.729   0.998990
10100.801   0.999706
10100.873   0.999978
10100.944   0.999929
10101.016   0.999780
10101.088   0.999731
10101.159   0.999827
10101.231   1.000003
10101.303   1.000227
10101.374   1.000486
10101.446   1.000744
10101.517   1.001074
10101.589   1.001606
10101.661   1.002100
10101.732   1.002011
10101.804   1.001183
10101.876   1.000062
10101.947   0.999045
10102.019   0.998174
10102.091   0.997359
10102.162   0.996517
10102.234   0.995468
10102.305   0.994098
10102.377   0.992503
10102.449   0.990865
10102.520   0.989374
10102.592   0.988249
10102.664   0.987829
10102.735   0.988323
10102.807   0.989677
10102.879   0.991528
10102.950   0.993537
10103.022   0.995450
10103.093   0.997097
10103.165   0.998370
10103.237   0.999190
10103.308   0.999551
10103.380   0.999593
10103.452   0.999453
10103.523   0.999269
10103.595   0.999241
10103.667   0.999353
10103.738   0.999408
10103.810   0.999387
10103.881   0.999410
10103.953   0.999500
10104.025   0.999682
10104.096   0.999977
10104.168   1.000295
10104.240   1.000619
10104.311   1.000970
10104.383   1.001184
10104.455   1.001104
10104.526   1.000948
10104.598   1.001043
10104.669   1.001216
10104.741   1.001291
10104.813   1.001331
10104.884   1.001221
10104.956   1.000846
10105.028   1.000277
10105.099   0.999603
10105.171   0.998944
10105.243   0.998533
10105.314   0.998553
10105.386   0.998892
10105.458   0.999254
10105.529   0.999557
10105.601   0.999897
10105.672   1.000279
10105.744   1.000551
10105.816   1.000587
10105.887   1.000382
10105.959   0.999997
10106.031   0.999579
10106.102   0.999312
10106.174   0.999242
10106.246   0.999331
10106.317   0.999479
10106.389   0.999628
10106.460   0.999809
10106.532   0.999915
10106.604   0.999731
10106.675   0.999309
10106.747   0.998950
10106.819   0.998810
10106.890   0.998920
10106.962   0.999319
10107.034   0.999758
10107.105   0.999697
10107.177   0.998968
10107.248   0.997938
10107.320   0.997085
10107.392   0.996797
10107.463   0.997292
10107.535   0.998262
10107.607   0.999036
10107.678   0.999296
10107.750   0.999175
10107.822   0.998893
10107.893   0.998529
10107.965   0.998122
10108.036   0.997599
10108.108   0.996803
10108.180   0.995810
10108.251   0.994966
10108.323   0.994429
10108.395   0.993978
10108.466   0.993502
10108.538   0.993170
10108.610   0.993268
10108.681   0.993973
10108.753   0.995125
10108.824   0.996249
10108.896   0.996864
10108.968   0.996831
10109.039   0.996399
10109.111   0.996015
10109.183   0.996028
10109.254   0.996403
10109.326   0.996831
10109.398   0.997105
10109.469   0.997261
10109.541   0.997487
10109.613   0.997874
10109.684   0.998198
10109.756   0.998053
10109.827   0.997409
10109.899   0.996674
10109.971   0.996315
10110.042   0.996598
10110.114   0.997390
10110.186   0.998209
10110.257   0.998653
10110.329   0.998675
10110.401   0.998578
10110.472   0.998738
10110.544   0.999191
10110.615   0.999605
10110.687   0.999668
10110.759   0.999299
10110.830   0.998547
10110.902   0.997723
10110.974   0.997315
10111.045   0.997631
10111.117   0.998517
10111.189   0.999421
10111.260   0.999772
10111.332   0.999441
10111.403   0.998844
10111.475   0.998354
10111.547   0.997963
10111.618   0.997534
10111.690   0.997136
10111.762   0.996964
10111.833   0.997150
10111.905   0.997580
10111.977   0.998022
10112.048   0.998398
10112.120   0.998885
10112.191   0.999556
10112.263   1.000188
10112.335   1.000559
10112.406   1.000540
10112.478   1.000003
10112.550   0.999095
10112.621   0.998345
10112.693   0.997982
10112.765   0.997793
10112.836   0.997736
10112.908   0.997835
10112.979   0.997834
10113.051   0.997662
10113.123   0.997737
10113.194   0.998169
10113.266   0.998497
10113.338   0.998446
10113.409   0.998323
10113.481   0.998504
10113.553   0.998953
10113.624   0.999493
10113.696   0.999970
10113.768   1.000155
10113.839   0.999865
10113.911   0.999373
10113.982   0.999103
10114.054   0.999086
10114.126   0.999052
10114.197   0.998830
10114.269   0.998470
10114.341   0.998180
10114.412   0.998173
10114.484   0.998504
10114.556   0.998931
10114.627   0.999094
10114.699   0.998864
10114.770   0.998389
10114.842   0.997838
10114.914   0.997289
10114.985   0.996919
10115.057   0.996862
10115.129   0.997041
10115.200   0.997356
10115.272   0.997842
10115.344   0.998465
10115.415   0.999049
10115.487   0.999352
10115.558   0.999351
10115.630   0.999282
10115.702   0.999457
10115.773   1.000019
10115.845   1.000760
10115.917   1.001228
10115.988   1.001159
10116.060   1.000825
10116.132   1.000460
10116.203   0.999897
10116.275   0.998881
10116.346   0.997585
10116.418   0.996609
10116.490   0.996405
10116.561   0.996916
10116.633   0.997344
10116.705   0.998263
10116.776   0.999177
10116.848   0.999541
10116.920   0.999650
10116.991   0.999539
10117.063   0.999385
10117.134   0.999374
10117.206   0.999406
10117.278   0.999191
10117.349   0.998714
10117.421   0.998257
10117.493   0.997960
10117.564   0.997713
10117.636   0.997380
10117.708   0.996880
10117.779   0.996230
10117.851   0.995567
10117.923   0.995135
10117.994   0.995091
10118.066   0.995277
10118.137   0.995311
10118.209   0.995152
10118.281   0.995124
10118.352   0.995470
10118.424   0.996146
10118.496   0.996885
10118.567   0.997290
10118.639   0.997100
10118.711   0.996573
10118.782   0.996206
10118.854   0.996217
10118.925   0.996468
10118.997   0.996773
10119.069   0.996974
10119.140   0.996923
10119.212   0.996717
10119.284   0.996756
10119.355   0.997231
10119.427   0.997831
10119.499   0.998153
10119.570   0.998160
10119.642   0.998064
10119.713   0.997937
10119.785   0.997713
10119.857   0.997292
10119.928   0.996755
10120.000   0.996324
