11532.598 11535.713
11536.374 11538.357
11539.206 11542.416
11546.004 11547.609
11550.441 11551.762
11553.462 11555.822
11561.109 11563.091
11568.472 11569.888
11570.738 11572.060
11574.231 11576.875
11581.217 11582.539
11585.749 11587.731
11593.301 11595.000
11597.455 11598.682
11599.532 11601.892
11603.875 11605.763
11608.878 11609.917
11610.861 11612.182
11613.504 11614.354
11619.546 11621.057
11621.623 11622.567
11632.291 11633.518
11634.462 11635.690
11645.980 11646.735
11648.623 11650.322
11653.910 11656.081
11657.214 11657.969
11663.728 11665.050
11668.354 11669.298
11680.155 11681.477
11691.484 11692.333
11706.872 11708.099
11719.805 11721.033
11732.739 11733.683
11735.382 11737.837
11738.309 11740.480
11749.638 11750.487
11750.676 11751.809
11772.106 11773.523
11773.617 11775.127
11775.222 11775.977
11780.225 11781.453
11791.837 11793.253
11794.481 11795.330
11809.869 11810.624
11814.400 11816.289
11817.988 11819.404
