12573.751 12575.158
12590.397 12591.804
12607.278 12608.802
12610.795 12611.967
12614.194 12615.366
12617.594 12619.000
12620.993 12622.283
12624.510 12626.268
12628.027 12629.551
12632.247 12633.654
12635.412 12637.053
12639.866 12641.390
12642.094 12644.790
12647.838 12649.479
12651.120 12652.761
12656.161 12657.685
12659.326 12661.553
12664.836 12666.242
12667.883 12669.525
12673.862 12675.034
12676.675 12678.317
12682.771 12694.963
12695.431 12697.893
12698.010 12699.300
12700.824 12701.879
12706.333 12707.857
12709.733 12711.022
12716.415 12717.939
12719.580 12720.987
12726.731 12728.255
12729.896 12731.303
12737.281 12738.805
12740.446 12741.853
12744.197 12745.252
12748.183 12749.590
12751.231 12752.638
12759.319 12760.609
12762.367 12764.829
12770.573 12771.863
12773.855 12774.910
12783.585 12784.757
12803.865 12804.803
