11771.973 11776.172
11780.177 11781.641
11791.701 11793.361
11794.240 11795.607
11805.471 11806.447
11809.573 11810.940
11814.163 11816.507
11817.288 11819.729
11822.073 11823.050
11823.245 11824.417
11834.965 11835.941
11839.164 11841.020
11844.047 11845.512
11845.707 11848.149
11855.864 11856.646
11861.236 11862.505
11865.142 11866.412
11871.881 11874.518
11877.838 11879.694
11880.280 11882.721
11888.386 11889.948
11898.933 11900.398
11904.500 11905.769
11906.453 11907.234
11914.754 11916.121
11930.771 11932.529
11947.080 11948.643
11952.158 11953.428
11959.678 11960.850
11971.886 11973.742
11981.457 11982.434
11983.898 11985.656
11986.145 11987.414
11987.805 11989.563
11993.469 11994.641
11997.864 11999.036
12000.989 12001.771
12004.603 12005.970
12009.583 12010.853
12014.369 12016.420
12022.670 12023.647
12029.604 12030.776
12033.120 12037.710
12046.402 12048.355
12061.246 12062.614
12066.813 12067.790
12070.524 12071.696
