12913.521 12914.517
12953.145 12954.252
12968.973 12971.519
12990.556 12991.995
12993.544 12994.651
13000.185 13001.735
13002.620 13003.838
13006.494 13008.044
13019.112 13020.219
13023.872 13025.532
13030.623 13032.284
13036.157 13037.707
13038.150 13042.134
13051.542 13052.871
13061.836 13064.160
13064.714 13066.042
13067.481 13068.920
13076.667 13078.770
13092.274 13094.266
13095.041 13097.033
13100.796 13103.785
13106.773 13107.659
13117.952 13120.277
13120.941 13121.937
13125.257 13127.139
13128.467 13129.795
13132.120 13134.776
13138.318 13139.867
13141.196 13142.635
13143.631 13146.508
13149.386 13151.157
13152.043 13153.924
13164.992 13168.092
13178.607 13180.709
13181.484 13182.812
13183.698 13185.690
13189.011 13191.999
13196.316 13198.972
13199.415 13201.407
