12025.695 12026.985
12030.101 12030.961
12032.680 12034.184
12036.119 12041.062
12049.336 12051.807
12064.272 12065.992
12069.645 12071.257
12071.902 12072.869
12073.514 12075.878
12080.498 12082.647
12084.474 12085.764
12090.599 12092.641
12098.658 12100.700
12112.091 12114.669
12118.538 12120.042
12122.514 12124.878
12130.036 12131.110
12137.343 12139.707
12140.137 12142.178
12143.360 12144.757
12145.402 12146.584
12147.766 12150.023
12151.420 12152.387
12153.891 12155.396
12167.646 12169.365
12178.821 12180.111
12180.755 12181.937
12188.600 12189.674
12190.641 12192.146
12193.006 12194.402
12198.378 12199.453
12202.569 12204.074
12213.637 12215.679
12216.968 12218.688
12225.565 12227.177
12230.508 12231.583
12235.344 12236.740
12236.955 12238.352
12242.328 12243.403
12253.719 12254.901
12266.613 12267.473
12269.730 12271.342
12294.767 12295.949
