9107.500 9108.906
9115.235 9116.055
9116.465 9119.688
9123.731 9125.196
9127.306 9131.642
9131.876 9132.990
9133.693 9137.736
9140.139 9140.900
9142.482 9142.951
9143.127 9144.944
9149.514 9153.909
9154.671 9157.366
9159.534 9161.468
9162.230 9162.991
9163.460 9164.574
9166.976 9169.789
9171.371 9177.582
9178.051 9179.047
9180.805 9181.684
9183.207 9185.610
9189.887 9190.649
9191.352 9191.938
9192.056 9193.169
9194.751 9196.626
9198.853 9199.380
9205.123 9206.060
9206.470 9207.291
9207.408 9209.049
9212.330 9213.326
9214.088 9215.319
9216.549 9217.955
9221.647 9222.467
9224.460 9225.632
9228.327 9229.030
9229.206 9230.085
9230.144 9230.905
9232.312 9233.249
9234.304 9235.593
9237.058 9237.527
9237.585 9239.519
9240.046 9240.750
9242.566 9243.562
9244.031 9245.437
9245.730 9246.902
9249.070 9249.949
9250.535 9251.766
9253.992 9254.754
9258.797 9259.559
9259.852 9261.376
9261.786 9262.782
9265.946 9266.532
9268.759 9269.462
9272.451 9273.681
9274.736 9275.498
9277.080 9277.959
9278.076 9280.771
9282.471 9282.998
9284.111 9287.276
