11775.195 11779.396
11783.401 11784.769
11794.928 11796.589
11797.468 11798.738
11808.702 11809.679
11812.708 11814.173
11817.397 11819.741
11820.523 11822.965
11825.309 11826.189
11826.482 11827.556
11838.204 11839.181
11842.405 11844.261
11847.191 11848.754
11848.950 11851.392
11859.109 11859.891
11864.482 11865.752
11868.390 11869.562
11875.130 11877.768
11881.089 11882.945
11883.531 11885.974
11891.542 11893.105
11902.190 11903.655
11907.758 11908.930
11909.712 11910.396
11918.015 11919.383
11934.036 11935.795
11950.350 11951.913
11955.430 11956.602
11962.952 11964.124
11975.163 11977.019
11984.639 11985.713
11987.178 11988.839
11989.425 11990.695
11991.086 11992.844
11996.752 11997.924
12001.050 12002.222
12004.372 12005.055
12007.888 12009.256
12012.870 12014.043
12017.559 12019.709
12025.961 12026.840
12032.896 12034.069
12036.413 12041.005
12049.699 12051.555
12064.547 12065.817
12070.018 12070.995
12073.828 12075.000
