11775.000
11775.098
11775.195
11775.293
11775.391
11775.488
11775.586
11775.684
11775.782
11775.879
11775.977
11776.075
11776.172
11776.270
11776.368
11776.465
11776.563
11776.661
11776.758
11776.856
11776.954
11777.051
11777.149
11777.247
11777.345
11777.442
11777.540
11777.638
11777.735
11777.833
11777.931
11778.028
11778.126
11778.224
11778.321
11778.419
11778.517
11778.614
11778.712
11778.810
11778.908
11779.005
11779.103
11779.201
11779.298
11779.396
11779.494
11779.591
11779.689
11779.787
11779.884
11779.982
11780.080
11780.177
11780.275
11780.373
11780.471
11780.568
11780.666
11780.764
11780.861
11780.959
11781.057
11781.154
11781.252
11781.350
11781.447
11781.545
11781.643
11781.740
11781.838
11781.936
11782.034
11782.131
11782.229
11782.327
11782.424
11782.522
11782.620
11782.717
11782.815
11782.913
11783.010
11783.108
11783.206
11783.303
11783.401
11783.499
11783.597
11783.694
11783.792
11783.890
11783.987
11784.085
11784.183
11784.280
11784.378
11784.476
11784.573
11784.671
11784.769
11784.866
11784.964
11785.062
11785.160
11785.257
11785.355
11785.453
11785.550
11785.648
11785.746
11785.843
11785.941
11786.039
11786.136
11786.234
11786.332
11786.430
11786.527
11786.625
11786.723
11786.820
11786.918
11787.016
11787.113
11787.211
11787.309
11787.406
11787.504
11787.602
11787.699
11787.797
11787.895
11787.993
11788.090
11788.188
11788.286
11788.383
11788.481
11788.579
11788.676
11788.774
11788.872
11788.969
11789.067
11789.165
11789.262
11789.360
11789.458
11789.556
11789.653
11789.751
11789.849
11789.946
11790.044
11790.142
11790.239
11790.337
11790.435
11790.532
11790.630
11790.728
11790.825
11790.923
11791.021
11791.119
11791.216
11791.314
11791.412
11791.509
11791.607
11791.705
11791.802
11791.900
11791.998
11792.095
11792.193
11792.291
11792.388
11792.486
11792.584
11792.682
11792.779
11792.877
11792.975
11793.072
11793.170
11793.268
11793.365
11793.463
11793.561
11793.658
11793.756
11793.854
11793.951
11794.049
11794.147
11794.245
11794.342
11794.440
11794.538
11794.635
11794.733
11794.831
11794.928
11795.026
11795.124
11795.221
11795.319
11795.417
11795.514
11795.612
11795.710
11795.808
11795.905
11796.003
11796.101
11796.198
11796.296
11796.394
11796.491
11796.589
11796.687
11796.784
11796.882
11796.980
11797.077
11797.175
11797.273
11797.371
11797.468
11797.566
11797.664
11797.761
11797.859
11797.957
11798.054
11798.152
11798.250
11798.347
11798.445
11798.543
11798.641
11798.738
11798.836
11798.934
11799.031
11799.129
11799.227
11799.324
11799.422
11799.520
11799.617
11799.715
11799.813
11799.910
11800.008
11800.106
11800.204
11800.301
11800.399
11800.497
11800.594
11800.692
11800.790
11800.887
11800.985
11801.083
11801.180
11801.278
11801.376
11801.473
11801.571
11801.669
11801.767
11801.864
11801.962
11802.060
11802.157
11802.255
11802.353
11802.450
11802.548
11802.646
11802.743
11802.841
11802.939
11803.036
11803.134
11803.232
11803.330
11803.427
11803.525
11803.623
11803.720
11803.818
11803.916
11804.013
11804.111
11804.209
11804.306
11804.404
11804.502
11804.599
11804.697
11804.795
11804.893
11804.990
11805.088
11805.186
11805.283
11805.381
11805.479
11805.576
11805.674
11805.772
11805.869
11805.967
11806.065
11806.162
11806.260
11806.358
11806.456
11806.553
11806.651
11806.749
11806.846
11806.944
11807.042
11807.139
11807.237
11807.335
11807.432
11807.530
11807.628
11807.725
11807.823
11807.921
11808.019
11808.116
11808.214
11808.312
11808.409
11808.507
11808.605
11808.702
11808.800
11808.898
11808.995
11809.093
11809.191
11809.289
11809.386
11809.484
11809.582
11809.679
11809.777
11809.875
11809.972
11810.070
11810.168
11810.265
11810.363
11810.461
11810.558
11810.656
11810.754
11810.852
11810.949
11811.047
11811.145
11811.242
11811.340
11811.438
11811.535
11811.633
11811.731
11811.828
11811.926
11812.024
11812.121
11812.219
11812.317
11812.415
11812.512
11812.610
11812.708
11812.805
11812.903
11813.001
11813.098
11813.196
11813.294
11813.391
11813.489
11813.587
11813.684
11813.782
11813.880
11813.978
11814.075
11814.173
11814.271
11814.368
11814.466
11814.564
11814.661
11814.759
11814.857
11814.954
11815.052
11815.150
11815.247
11815.345
11815.443
11815.541
11815.638
11815.736
11815.834
11815.931
11816.029
11816.127
11816.224
11816.322
11816.420
11816.517
11816.615
11816.713
11816.810
11816.908
11817.006
11817.104
11817.201
11817.299
11817.397
11817.494
11817.592
11817.690
11817.787
11817.885
11817.983
11818.080
11818.178
11818.276
11818.373
11818.471
11818.569
11818.667
11818.764
11818.862
11818.960
11819.057
11819.155
11819.253
11819.350
11819.448
11819.546
11819.643
11819.741
11819.839
11819.937
11820.034
11820.132
11820.230
11820.327
11820.425
11820.523
11820.620
11820.718
11820.816
11820.913
11821.011
11821.109
11821.206
11821.304
11821.402
11821.500
11821.597
11821.695
11821.793
11821.890
11821.988
11822.086
11822.183
11822.281
11822.379
11822.476
11822.574
11822.672
11822.769
11822.867
11822.965
11823.063
11823.160
11823.258
11823.356
11823.453
11823.551
11823.649
11823.746
11823.844
11823.942
11824.039
11824.137
11824.235
11824.332
11824.430
11824.528
11824.626
11824.723
11824.821
11824.919
11825.016
11825.114
11825.212
11825.309
11825.407
11825.505
11825.602
11825.700
11825.798
11825.895
11825.993
11826.091
11826.189
11826.286
11826.384
11826.482
11826.579
11826.677
11826.775
11826.872
11826.970
11827.068
11827.165
11827.263
11827.361
11827.458
11827.556
11827.654
11827.752
11827.849
11827.947
11828.045
11828.142
11828.240
11828.338
11828.435
11828.533
11828.631
11828.728
11828.826
11828.924
11829.021
11829.119
11829.217
11829.315
11829.412
11829.510
11829.608
11829.705
11829.803
11829.901
11829.998
11830.096
11830.194
11830.291
11830.389
11830.487
11830.585
11830.682
11830.780
11830.878
11830.975
11831.073
11831.171
11831.268
11831.366
11831.464
11831.561
11831.659
11831.757
11831.854
11831.952
11832.050
11832.148
11832.245
11832.343
11832.441
11832.538
11832.636
11832.734
11832.831
11832.929
11833.027
11833.124
11833.222
11833.320
11833.417
11833.515
11833.613
11833.711
11833.808
11833.906
11834.004
11834.101
11834.199
11834.297
11834.394
11834.492
11834.590
11834.687
11834.785
11834.883
11834.980
11835.078
11835.176
11835.274
11835.371
11835.469
11835.567
11835.664
11835.762
11835.860
11835.957
11836.055
11836.153
11836.250
11836.348
11836.446
11836.543
11836.641
11836.739
11836.837
11836.934
11837.032
11837.130
11837.227
11837.325
11837.423
11837.520
11837.618
11837.716
11837.813
11837.911
11838.009
11838.106
11838.204
11838.302
11838.400
11838.497
11838.595
11838.693
11838.790
11838.888
11838.986
11839.083
11839.181
11839.279
11839.376
11839.474
11839.572
11839.669
11839.767
11839.865
11839.963
11840.060
11840.158
11840.256
11840.353
11840.451
11840.549
11840.646
11840.744
11840.842
11840.939
11841.037
11841.135
11841.232
11841.330
11841.428
11841.526
11841.623
11841.721
11841.819
11841.916
11842.014
11842.112
11842.209
11842.307
11842.405
11842.502
11842.600
11842.698
11842.796
11842.893
11842.991
11843.089
11843.186
11843.284
11843.382
11843.479
11843.577
11843.675
11843.772
11843.870
11843.968
11844.065
11844.163
11844.261
11844.359
11844.456
11844.554
11844.652
11844.749
11844.847
11844.945
11845.042
11845.140
11845.238
11845.335
11845.433
11845.531
11845.628
11845.726
11845.824
11845.922
11846.019
11846.117
11846.215
11846.312
11846.410
11846.508
11846.605
11846.703
11846.801
11846.898
11846.996
11847.094
11847.191
11847.289
11847.387
11847.485
11847.582
11847.680
11847.778
11847.875
11847.973
11848.071
11848.168
11848.266
11848.364
11848.461
11848.559
11848.657
11848.754
11848.852
11848.950
11849.048
11849.145
11849.243
11849.341
11849.438
11849.536
11849.634
11849.731
11849.829
11849.927
11850.024
11850.122
11850.220
11850.317
11850.415
11850.513
11850.611
11850.708
11850.806
11850.904
11851.001
11851.099
11851.197
11851.294
11851.392
11851.490
11851.587
11851.685
11851.783
11851.880
11851.978
11852.076
11852.174
11852.271
11852.369
11852.467
11852.564
11852.662
11852.760
11852.857
11852.955
11853.053
11853.150
11853.248
11853.346
11853.444
11853.541
11853.639
11853.737
11853.834
11853.932
11854.030
11854.127
11854.225
11854.323
11854.420
11854.518
11854.616
11854.713
11854.811
11854.909
11855.007
11855.104
11855.202
11855.300
11855.397
11855.495
11855.593
11855.690
11855.788
11855.886
11855.983
11856.081
11856.179
11856.276
11856.374
11856.472
11856.570
11856.667
11856.765
11856.863
11856.960
11857.058
11857.156
11857.253
11857.351
11857.449
11857.546
11857.644
11857.742
11857.839
11857.937
11858.035
11858.133
11858.230
11858.328
11858.426
11858.523
11858.621
11858.719
11858.816
11858.914
11859.012
11859.109
11859.207
11859.305
11859.402
11859.500
11859.598
11859.696
11859.793
11859.891
11859.989
11860.086
11860.184
11860.282
11860.379
11860.477
11860.575
11860.672
11860.770
11860.868
11860.965
11861.063
11861.161
11861.259
11861.356
11861.454
11861.552
11861.649
11861.747
11861.845
11861.942
11862.040
11862.138
11862.235
11862.333
11862.431
11862.528
11862.626
11862.724
11862.822
11862.919
11863.017
11863.115
11863.212
11863.310
11863.408
11863.505
11863.603
11863.701
11863.798
11863.896
11863.994
11864.092
11864.189
11864.287
11864.385
11864.482
11864.580
11864.678
11864.775
11864.873
11864.971
11865.068
11865.166
11865.264
11865.361
11865.459
11865.557
11865.655
11865.752
11865.850
11865.948
11866.045
11866.143
11866.241
11866.338
11866.436
11866.534
11866.631
11866.729
11866.827
11866.924
11867.022
11867.120
11867.218
11867.315
11867.413
11867.511
11867.608
11867.706
11867.804
11867.901
11867.999
11868.097
11868.194
11868.292
11868.390
11868.487
11868.585
11868.683
11868.781
11868.878
11868.976
11869.074
11869.171
11869.269
11869.367
11869.464
11869.562
11869.660
11869.757
11869.855
11869.953
11870.050
11870.148
11870.246
11870.344
11870.441
11870.539
11870.637
11870.734
11870.832
11870.930
11871.027
11871.125
11871.223
11871.320
11871.418
11871.516
11871.613
11871.711
11871.809
11871.907
11872.004
11872.102
11872.200
11872.297
11872.395
11872.493
11872.590
11872.688
11872.786
11872.883
11872.981
11873.079
11873.176
11873.274
11873.372
11873.470
11873.567
11873.665
11873.763
11873.860
11873.958
11874.056
11874.153
11874.251
11874.349
11874.446
11874.544
11874.642
11874.739
11874.837
11874.935
11875.033
11875.130
11875.228
11875.326
11875.423
11875.521
11875.619
11875.716
11875.814
11875.912
11876.009
11876.107
11876.205
11876.303
11876.400
11876.498
11876.596
11876.693
11876.791
11876.889
11876.986
11877.084
11877.182
11877.279
11877.377
11877.475
11877.572
11877.670
11877.768
11877.866
11877.963
11878.061
11878.159
11878.256
11878.354
11878.452
11878.549
11878.647
11878.745
11878.842
11878.940
11879.038
11879.135
11879.233
11879.331
11879.429
11879.526
11879.624
11879.722
11879.819
11879.917
11880.015
11880.112
11880.210
11880.308
11880.405
11880.503
11880.601
11880.698
11880.796
11880.894
11880.992
11881.089
11881.187
11881.285
11881.382
11881.480
11881.578
11881.675
11881.773
11881.871
11881.968
11882.066
11882.164
11882.261
11882.359
11882.457
11882.555
11882.652
11882.750
11882.848
11882.945
11883.043
11883.141
11883.238
11883.336
11883.434
11883.531
11883.629
11883.727
11883.824
11883.922
11884.020
11884.118
11884.215
11884.313
11884.411
11884.508
11884.606
11884.704
11884.801
11884.899
11884.997
11885.094
11885.192
11885.290
11885.387
11885.485
11885.583
11885.681
11885.778
11885.876
11885.974
11886.071
11886.169
11886.267
11886.364
11886.462
11886.560
11886.657
11886.755
11886.853
11886.951
11887.048
11887.146
11887.244
11887.341
11887.439
11887.537
11887.634
11887.732
11887.830
11887.927
11888.025
11888.123
11888.220
11888.318
11888.416
11888.514
11888.611
11888.709
11888.807
11888.904
11889.002
11889.100
11889.197
11889.295
11889.393
11889.490
11889.588
11889.686
11889.783
11889.881
11889.979
11890.077
11890.174
11890.272
11890.370
11890.467
11890.565
11890.663
11890.760
11890.858
11890.956
11891.053
11891.151
11891.249
11891.346
11891.444
11891.542
11891.640
11891.737
11891.835
11891.933
11892.030
11892.128
11892.226
11892.323
11892.421
11892.519
11892.616
11892.714
11892.812
11892.909
11893.007
11893.105
11893.203
11893.300
11893.398
11893.496
11893.593
11893.691
11893.789
11893.886
11893.984
11894.082
11894.179
11894.277
11894.375
11894.472
11894.570
11894.668
11894.766
11894.863
11894.961
11895.059
11895.156
11895.254
11895.352
11895.449
11895.547
11895.645
11895.742
11895.840
11895.938
11896.035
11896.133
11896.231
11896.329
11896.426
11896.524
11896.622
11896.719
11896.817
11896.915
11897.012
11897.110
11897.208
11897.305
11897.403
11897.501
11897.599
11897.696
11897.794
11897.892
11897.989
11898.087
11898.185
11898.282
11898.380
11898.478
11898.575
11898.673
11898.771
11898.868
11898.966
11899.064
11899.162
11899.259
11899.357
11899.455
11899.552
11899.650
11899.748
11899.845
11899.943
11900.041
11900.138
11900.236
11900.334
11900.431
11900.529
11900.627
11900.725
11900.822
11900.920
11901.018
11901.115
11901.213
11901.311
11901.408
11901.506
11901.604
11901.701
11901.799
11901.897
11901.994
11902.092
11902.190
11902.288
11902.385
11902.483
11902.581
11902.678
11902.776
11902.874
11902.971
11903.069
11903.167
11903.264
11903.362
11903.460
11903.557
11903.655
11903.753
11903.851
11903.948
11904.046
11904.144
11904.241
11904.339
11904.437
11904.534
11904.632
11904.730
11904.827
11904.925
11905.023
11905.120
11905.218
11905.316
11905.414
11905.511
11905.609
11905.707
11905.804
11905.902
11906.000
11906.097
11906.195
11906.293
11906.390
11906.488
11906.586
11906.683
11906.781
11906.879
11906.977
11907.074
11907.172
11907.270
11907.367
11907.465
11907.563
11907.660
11907.758
11907.856
11907.953
11908.051
11908.149
11908.246
11908.344
11908.442
11908.540
11908.637
11908.735
11908.833
11908.930
11909.028
11909.126
11909.223
11909.321
11909.419
11909.516
11909.614
11909.712
11909.810
11909.907
11910.005
11910.103
11910.200
11910.298
11910.396
11910.493
11910.591
11910.689
11910.786
11910.884
11910.982
11911.079
11911.177
11911.275
11911.373
11911.470
11911.568
11911.666
11911.763
11911.861
11911.959
11912.056
11912.154
11912.252
11912.349
11912.447
11912.545
11912.642
11912.740
11912.838
11912.936
11913.033
11913.131
11913.229
11913.326
11913.424
11913.522
11913.619
11913.717
11913.815
11913.912
11914.010
11914.108
11914.205
11914.303
11914.401
11914.499
11914.596
11914.694
11914.792
11914.889
11914.987
11915.085
11915.182
11915.280
11915.378
11915.475
11915.573
11915.671
11915.768
11915.866
11915.964
11916.062
11916.159
11916.257
11916.355
11916.452
11916.550
11916.648
11916.745
11916.843
11916.941
11917.038
11917.136
11917.234
11917.331
11917.429
11917.527
11917.625
11917.722
11917.820
11917.918
11918.015
11918.113
11918.211
11918.308
11918.406
11918.504
11918.601
11918.699
11918.797
11918.894
11918.992
11919.090
11919.188
11919.285
11919.383
11919.481
11919.578
11919.676
11919.774
11919.871
11919.969
11920.067
11920.164
11920.262
11920.360
11920.458
11920.555
11920.653
11920.751
11920.848
11920.946
11921.044
11921.141
11921.239
11921.337
11921.434
11921.532
11921.630
11921.727
11921.825
11921.923
11922.021
11922.118
11922.216
11922.314
11922.411
11922.509
11922.607
11922.704
11922.802
11922.900
11922.997
11923.095
11923.193
11923.290
11923.388
11923.486
11923.584
11923.681
11923.779
11923.877
11923.974
11924.072
11924.170
11924.267
11924.365
11924.463
11924.560
11924.658
11924.756
11924.853
11924.951
11925.049
11925.147
11925.244
11925.342
11925.440
11925.537
11925.635
11925.733
11925.830
11925.928
11926.026
11926.123
11926.221
11926.319
11926.416
11926.514
11926.612
11926.710
11926.807
11926.905
11927.003
11927.100
11927.198
11927.296
11927.393
11927.491
11927.589
11927.686
11927.784
11927.882
11927.979
11928.077
11928.175
11928.273
11928.370
11928.468
11928.566
11928.663
11928.761
11928.859
11928.956
11929.054
11929.152
11929.249
11929.347
11929.445
11929.542
11929.640
11929.738
11929.836
11929.933
11930.031
11930.129
11930.226
11930.324
11930.422
11930.519
11930.617
11930.715
11930.812
11930.910
11931.008
11931.106
11931.203
11931.301
11931.399
11931.496
11931.594
11931.692
11931.789
11931.887
11931.985
11932.082
11932.180
11932.278
11932.375
11932.473
11932.571
11932.669
11932.766
11932.864
11932.962
11933.059
11933.157
11933.255
11933.352
11933.450
11933.548
11933.645
11933.743
11933.841
11933.938
11934.036
11934.134
11934.232
11934.329
11934.427
11934.525
11934.622
11934.720
11934.818
11934.915
11935.013
11935.111
11935.208
11935.306
11935.404
11935.501
11935.599
11935.697
11935.795
11935.892
11935.990
11936.088
11936.185
11936.283
11936.381
11936.478
11936.576
11936.674
11936.771
11936.869
11936.967
11937.064
11937.162
11937.260
11937.358
11937.455
11937.553
11937.651
11937.748
11937.846
11937.944
11938.041
11938.139
11938.237
11938.334
11938.432
11938.530
11938.627
11938.725
11938.823
11938.921
11939.018
11939.116
11939.214
11939.311
11939.409
11939.507
11939.604
11939.702
11939.800
11939.897
11939.995
11940.093
11940.190
11940.288
11940.386
11940.484
11940.581
11940.679
11940.777
11940.874
11940.972
11941.070
11941.167
11941.265
11941.363
11941.460
11941.558
11941.656
11941.754
11941.851
11941.949
11942.047
11942.144
11942.242
11942.340
11942.437
11942.535
11942.633
11942.730
11942.828
11942.926
11943.023
11943.121
11943.219
11943.317
11943.414
11943.512
11943.610
11943.707
11943.805
11943.903
11944.000
11944.098
11944.196
11944.293
11944.391
11944.489
11944.586
11944.684
11944.782
11944.880
11944.977
11945.075
11945.173
11945.270
11945.368
11945.466
11945.563
11945.661
11945.759
11945.856
11945.954
11946.052
11946.149
11946.247
11946.345
11946.443
11946.540
11946.638
11946.736
11946.833
11946.931
11947.029
11947.126
11947.224
11947.322
11947.419
11947.517
11947.615
11947.712
11947.810
11947.908
11948.006
11948.103
11948.201
11948.299
11948.396
11948.494
11948.592
11948.689
11948.787
11948.885
11948.982
11949.080
11949.178
11949.275
11949.373
11949.471
11949.569
11949.666
11949.764
11949.862
11949.959
11950.057
11950.155
11950.252
11950.350
11950.448
11950.545
11950.643
11950.741
11950.838
11950.936
11951.034
11951.132
11951.229
11951.327
11951.425
11951.522
11951.620
11951.718
11951.815
11951.913
11952.011
11952.108
11952.206
11952.304
11952.401
11952.499
11952.597
11952.695
11952.792
11952.890
11952.988
11953.085
11953.183
11953.281
11953.378
11953.476
11953.574
11953.671
11953.769
11953.867
11953.965
11954.062
11954.160
11954.258
11954.355
11954.453
11954.551
11954.648
11954.746
11954.844
11954.941
11955.039
11955.137
11955.234
11955.332
11955.430
11955.528
11955.625
11955.723
11955.821
11955.918
11956.016
11956.114
11956.211
11956.309
11956.407
11956.504
11956.602
11956.700
11956.797
11956.895
11956.993
11957.091
11957.188
11957.286
11957.384
11957.481
11957.579
11957.677
11957.774
11957.872
11957.970
11958.067
11958.165
11958.263
11958.360
11958.458
11958.556
11958.654
11958.751
11958.849
11958.947
11959.044
11959.142
11959.240
11959.337
11959.435
11959.533
11959.630
11959.728
11959.826
11959.923
11960.021
11960.119
11960.217
11960.314
11960.412
11960.510
11960.607
11960.705
11960.803
11960.900
11960.998
11961.096
11961.193
11961.291
11961.389
11961.486
11961.584
11961.682
11961.780
11961.877
11961.975
11962.073
11962.170
11962.268
11962.366
11962.463
11962.561
11962.659
11962.756
11962.854
11962.952
11963.049
11963.147
11963.245
11963.343
11963.440
11963.538
11963.636
11963.733
11963.831
11963.929
11964.026
11964.124
11964.222
11964.319
11964.417
11964.515
11964.613
11964.710
11964.808
11964.906
11965.003
11965.101
11965.199
11965.296
11965.394
11965.492
11965.589
11965.687
11965.785
11965.882
11965.980
11966.078
11966.176
11966.273
11966.371
11966.469
11966.566
11966.664
11966.762
11966.859
11966.957
11967.055
11967.152
11967.250
11967.348
11967.445
11967.543
11967.641
11967.739
11967.836
11967.934
11968.032
11968.129
11968.227
11968.325
11968.422
11968.520
11968.618
11968.715
11968.813
11968.911
11969.008
11969.106
11969.204
11969.302
11969.399
11969.497
11969.595
11969.692
11969.790
11969.888
11969.985
11970.083
11970.181
11970.278
11970.376
11970.474
11970.571
11970.669
11970.767
11970.865
11970.962
11971.060
11971.158
11971.255
11971.353
11971.451
11971.548
11971.646
11971.744
11971.841
11971.939
11972.037
11972.134
11972.232
11972.330
11972.428
11972.525
11972.623
11972.721
11972.818
11972.916
11973.014
11973.111
11973.209
11973.307
11973.404
11973.502
11973.600
11973.697
11973.795
11973.893
11973.991
11974.088
11974.186
11974.284
11974.381
11974.479
11974.577
11974.674
11974.772
11974.870
11974.967
11975.065
11975.163
11975.261
11975.358
11975.456
11975.554
11975.651
11975.749
11975.847
11975.944
11976.042
11976.140
11976.237
11976.335
11976.433
11976.530
11976.628
11976.726
11976.824
11976.921
11977.019
11977.117
11977.214
11977.312
11977.410
11977.507
11977.605
11977.703
11977.800
11977.898
11977.996
11978.093
11978.191
11978.289
11978.387
11978.484
11978.582
11978.680
11978.777
11978.875
11978.973
11979.070
11979.168
11979.266
11979.363
11979.461
11979.559
11979.656
11979.754
11979.852
11979.950
11980.047
11980.145
11980.243
11980.340
11980.438
11980.536
11980.633
11980.731
11980.829
11980.926
11981.024
11981.122
11981.219
11981.317
11981.415
11981.513
11981.610
11981.708
11981.806
11981.903
11982.001
11982.099
11982.196
11982.294
11982.392
11982.489
11982.587
11982.685
11982.782
11982.880
11982.978
11983.076
11983.173
11983.271
11983.369
11983.466
11983.564
11983.662
11983.759
11983.857
11983.955
11984.052
11984.150
11984.248
11984.345
11984.443
11984.541
11984.639
11984.736
11984.834
11984.932
11985.029
11985.127
11985.225
11985.322
11985.420
11985.518
11985.615
11985.713
11985.811
11985.908
11986.006
11986.104
11986.202
11986.299
11986.397
11986.495
11986.592
11986.690
11986.788
11986.885
11986.983
11987.081
11987.178
11987.276
11987.374
11987.472
11987.569
11987.667
11987.765
11987.862
11987.960
11988.058
11988.155
11988.253
11988.351
11988.448
11988.546
11988.644
11988.741
11988.839
11988.937
11989.035
11989.132
11989.230
11989.328
11989.425
11989.523
11989.621
11989.718
11989.816
11989.914
11990.011
11990.109
11990.207
11990.304
11990.402
11990.500
11990.598
11990.695
11990.793
11990.891
11990.988
11991.086
11991.184
11991.281
11991.379
11991.477
11991.574
11991.672
11991.770
11991.867
11991.965
11992.063
11992.161
11992.258
11992.356
11992.454
11992.551
11992.649
11992.747
11992.844
11992.942
11993.040
11993.137
11993.235
11993.333
11993.430
11993.528
11993.626
11993.724
11993.821
11993.919
11994.017
11994.114
11994.212
11994.310
11994.407
11994.505
11994.603
11994.700
11994.798
11994.896
11994.993
11995.091
11995.189
11995.287
11995.384
11995.482
11995.580
11995.677
11995.775
11995.873
11995.970
11996.068
11996.166
11996.263
11996.361
11996.459
11996.556
11996.654
11996.752
11996.850
11996.947
11997.045
11997.143
11997.240
11997.338
11997.436
11997.533
11997.631
11997.729
11997.826
11997.924
11998.022
11998.120
11998.217
11998.315
11998.413
11998.510
11998.608
11998.706
11998.803
11998.901
11998.999
11999.096
11999.194
11999.292
11999.389
11999.487
11999.585
11999.683
11999.780
11999.878
11999.976
12000.073
12000.171
12000.269
12000.366
12000.464
12000.562
12000.659
12000.757
12000.855
12000.952
12001.050
12001.148
12001.246
12001.343
12001.441
12001.539
12001.636
12001.734
12001.832
12001.929
12002.027
12002.125
12002.222
12002.320
12002.418
12002.515
12002.613
12002.711
12002.809
12002.906
12003.004
12003.102
12003.199
12003.297
12003.395
12003.492
12003.590
12003.688
12003.785
12003.883
12003.981
12004.078
12004.176
12004.274
12004.372
12004.469
12004.567
12004.665
12004.762
12004.860
12004.958
12005.055
12005.153
12005.251
12005.348
12005.446
12005.544
12005.641
12005.739
12005.837
12005.935
12006.032
12006.130
12006.228
12006.325
12006.423
12006.521
12006.618
12006.716
12006.814
12006.911
12007.009
12007.107
12007.204
12007.302
12007.400
12007.498
12007.595
12007.693
12007.791
12007.888
12007.986
12008.084
12008.181
12008.279
12008.377
12008.474
12008.572
12008.670
12008.768
12008.865
12008.963
12009.061
12009.158
12009.256
12009.354
12009.451
12009.549
12009.647
12009.744
12009.842
12009.940
12010.037
12010.135
12010.233
12010.331
12010.428
12010.526
12010.624
12010.721
12010.819
12010.917
12011.014
12011.112
12011.210
12011.307
12011.405
12011.503
12011.600
12011.698
12011.796
12011.894
12011.991
12012.089
12012.187
12012.284
12012.382
12012.480
12012.577
12012.675
12012.773
12012.870
12012.968
12013.066
12013.163
12013.261
12013.359
12013.457
12013.554
12013.652
12013.750
12013.847
12013.945
12014.043
12014.140
12014.238
12014.336
12014.433
12014.531
12014.629
12014.726
12014.824
12014.922
12015.020
12015.117
12015.215
12015.313
12015.410
12015.508
12015.606
12015.703
12015.801
12015.899
12015.996
12016.094
12016.192
12016.289
12016.387
12016.485
12016.583
12016.680
12016.778
12016.876
12016.973
12017.071
12017.169
12017.266
12017.364
12017.462
12017.559
12017.657
12017.755
12017.852
12017.950
12018.048
12018.146
12018.243
12018.341
12018.439
12018.536
12018.634
12018.732
12018.829
12018.927
12019.025
12019.122
12019.220
12019.318
12019.415
12019.513
12019.611
12019.709
12019.806
12019.904
12020.002
12020.099
12020.197
12020.295
12020.392
12020.490
12020.588
12020.685
12020.783
12020.881
12020.979
12021.076
12021.174
12021.272
12021.369
12021.467
12021.565
12021.662
12021.760
12021.858
12021.955
12022.053
12022.151
12022.248
12022.346
12022.444
12022.542
12022.639
12022.737
12022.835
12022.932
12023.030
12023.128
12023.225
12023.323
12023.421
12023.518
12023.616
12023.714
12023.811
12023.909
12024.007
12024.105
12024.202
12024.300
12024.398
12024.495
12024.593
12024.691
12024.788
12024.886
12024.984
12025.081
12025.179
12025.277
12025.374
12025.472
12025.570
12025.668
12025.765
12025.863
12025.961
12026.058
12026.156
12026.254
12026.351
12026.449
12026.547
12026.644
12026.742
12026.840
12026.937
12027.035
12027.133
12027.231
12027.328
12027.426
12027.524
12027.621
12027.719
12027.817
12027.914
12028.012
12028.110
12028.207
12028.305
12028.403
12028.500
12028.598
12028.696
12028.794
12028.891
12028.989
12029.087
12029.184
12029.282
12029.380
12029.477
12029.575
12029.673
12029.770
12029.868
12029.966
12030.063
12030.161
12030.259
12030.357
12030.454
12030.552
12030.650
12030.747
12030.845
12030.943
12031.040
12031.138
12031.236
12031.333
12031.431
12031.529
12031.627
12031.724
12031.822
12031.920
12032.017
12032.115
12032.213
12032.310
12032.408
12032.506
12032.603
12032.701
12032.799
12032.896
12032.994
12033.092
12033.190
12033.287
12033.385
12033.483
12033.580
12033.678
12033.776
12033.873
12033.971
12034.069
12034.166
12034.264
12034.362
12034.459
12034.557
12034.655
12034.753
12034.850
12034.948
12035.046
12035.143
12035.241
12035.339
12035.436
12035.534
12035.632
12035.729
12035.827
12035.925
12036.022
12036.120
12036.218
12036.316
12036.413
12036.511
12036.609
12036.706
12036.804
12036.902
12036.999
12037.097
12037.195
12037.292
12037.390
12037.488
12037.585
12037.683
12037.781
12037.879
12037.976
12038.074
12038.172
12038.269
12038.367
12038.465
12038.562
12038.660
12038.758
12038.855
12038.953
12039.051
12039.148
12039.246
12039.344
12039.442
12039.539
12039.637
12039.735
12039.832
12039.930
12040.028
12040.125
12040.223
12040.321
12040.418
12040.516
12040.614
12040.711
12040.809
12040.907
12041.005
12041.102
12041.200
12041.298
12041.395
12041.493
12041.591
12041.688
12041.786
12041.884
12041.981
12042.079
12042.177
12042.275
12042.372
12042.470
12042.568
12042.665
12042.763
12042.861
12042.958
12043.056
12043.154
12043.251
12043.349
12043.447
12043.544
12043.642
12043.740
12043.838
12043.935
12044.033
12044.131
12044.228
12044.326
12044.424
12044.521
12044.619
12044.717
12044.814
12044.912
12045.010
12045.107
12045.205
12045.303
12045.401
12045.498
12045.596
12045.694
12045.791
12045.889
12045.987
12046.084
12046.182
12046.280
12046.377
12046.475
12046.573
12046.670
12046.768
12046.866
12046.964
12047.061
12047.159
12047.257
12047.354
12047.452
12047.550
12047.647
12047.745
12047.843
12047.940
12048.038
12048.136
12048.233
12048.331
12048.429
12048.527
12048.624
12048.722
12048.820
12048.917
12049.015
12049.113
12049.210
12049.308
12049.406
12049.503
12049.601
12049.699
12049.796
12049.894
12049.992
12050.090
12050.187
12050.285
12050.383
12050.480
12050.578
12050.676
12050.773
12050.871
12050.969
12051.066
12051.164
12051.262
12051.359
12051.457
12051.555
12051.653
12051.750
12051.848
12051.946
12052.043
12052.141
12052.239
12052.336
12052.434
12052.532
12052.629
12052.727
12052.825
12052.923
12053.020
12053.118
12053.216
12053.313
12053.411
12053.509
12053.606
12053.704
12053.802
12053.899
12053.997
12054.095
12054.192
12054.290
12054.388
12054.486
12054.583
12054.681
12054.779
12054.876
12054.974
12055.072
12055.169
12055.267
12055.365
12055.462
12055.560
12055.658
12055.755
12055.853
12055.951
12056.049
12056.146
12056.244
12056.342
12056.439
12056.537
12056.635
12056.732
12056.830
12056.928
12057.025
12057.123
12057.221
12057.318
12057.416
12057.514
12057.612
12057.709
12057.807
12057.905
12058.002
12058.100
12058.198
12058.295
12058.393
12058.491
12058.588
12058.686
12058.784
12058.881
12058.979
12059.077
12059.175
12059.272
12059.370
12059.468
12059.565
12059.663
12059.761
12059.858
12059.956
12060.054
12060.151
12060.249
12060.347
12060.444
12060.542
12060.640
12060.738
12060.835
12060.933
12061.031
12061.128
12061.226
12061.324
12061.421
12061.519
12061.617
12061.714
12061.812
12061.910
12062.007
12062.105
12062.203
12062.301
12062.398
12062.496
12062.594
12062.691
12062.789
12062.887
12062.984
12063.082
12063.180
12063.277
12063.375
12063.473
12063.570
12063.668
12063.766
12063.864
12063.961
12064.059
12064.157
12064.254
12064.352
12064.450
12064.547
12064.645
12064.743
12064.840
12064.938
12065.036
12065.134
12065.231
12065.329
12065.427
12065.524
12065.622
12065.720
12065.817
12065.915
12066.013
12066.110
12066.208
12066.306
12066.403
12066.501
12066.599
12066.697
12066.794
12066.892
12066.990
12067.087
12067.185
12067.283
12067.380
12067.478
12067.576
12067.673
12067.771
12067.869
12067.966
12068.064
12068.162
12068.260
12068.357
12068.455
12068.553
12068.650
12068.748
12068.846
12068.943
12069.041
12069.139
12069.236
12069.334
12069.432
12069.529
12069.627
12069.725
12069.823
12069.920
12070.018
12070.116
12070.213
12070.311
12070.409
12070.506
12070.604
12070.702
12070.799
12070.897
12070.995
12071.092
12071.190
12071.288
12071.386
12071.483
12071.581
12071.679
12071.776
12071.874
12071.972
12072.069
12072.167
12072.265
12072.362
12072.460
12072.558
12072.655
12072.753
12072.851
12072.949
12073.046
12073.144
12073.242
12073.339
12073.437
12073.535
12073.632
12073.730
12073.828
12073.925
12074.023
12074.121
12074.218
12074.316
12074.414
12074.512
12074.609
12074.707
12074.805
12074.902
12075.000
