12866.480
12866.591
12866.702
12866.812
12866.923
12867.034
12867.144
12867.255
12867.366
12867.476
12867.587
12867.698
12867.809
12867.919
12868.030
12868.141
12868.251
12868.362
12868.473
12868.583
12868.694
12868.805
12868.915
12869.026
12869.137
12869.247
12869.358
12869.469
12869.579
12869.690
12869.801
12869.911
12870.022
12870.133
12870.244
12870.354
12870.465
12870.576
12870.686
12870.797
12870.908
12871.018
12871.129
12871.240
12871.350
12871.461
12871.572
12871.682
12871.793
12871.904
12872.014
12872.125
12872.236
12872.347
12872.457
12872.568
12872.679
12872.789
12872.900
12873.011
12873.121
12873.232
12873.343
12873.453
12873.564
12873.675
12873.785
12873.896
12874.007
12874.117
12874.228
12874.339
12874.449
12874.560
12874.671
12874.782
12874.892
12875.003
12875.114
12875.224
12875.335
12875.446
12875.556
12875.667
12875.778
12875.888
12875.999
12876.110
12876.220
12876.331
12876.442
12876.552
12876.663
12876.774
12876.885
12876.995
12877.106
12877.217
12877.327
12877.438
12877.549
12877.659
12877.770
12877.881
12877.991
12878.102
12878.213
12878.323
12878.434
12878.545
12878.655
12878.766
12878.877
12878.987
12879.098
12879.209
12879.320
12879.430
12879.541
12879.652
12879.762
12879.873
12879.984
12880.094
12880.205
12880.316
12880.426
12880.537
12880.648
12880.758
12880.869
12880.980
12881.090
12881.201
12881.312
12881.423
12881.533
12881.644
12881.755
12881.865
12881.976
12882.087
12882.197
12882.308
12882.419
12882.529
12882.640
12882.751
12882.861
12882.972
12883.083
12883.193
12883.304
12883.415
12883.526
12883.636
12883.747
12883.858
12883.968
12884.079
12884.190
12884.300
12884.411
12884.522
12884.632
12884.743
12884.854
12884.964
12885.075
12885.186
12885.296
12885.407
12885.518
12885.628
12885.739
12885.850
12885.961
12886.071
12886.182
12886.293
12886.403
12886.514
12886.625
12886.735
12886.846
12886.957
12887.067
12887.178
12887.289
12887.399
12887.510
12887.621
12887.731
12887.842
12887.953
12888.064
12888.174
12888.285
12888.396
12888.506
12888.617
12888.728
12888.838
12888.949
12889.060
12889.170
12889.281
12889.392
12889.502
12889.613
12889.724
12889.834
12889.945
12890.056
12890.166
12890.277
12890.388
12890.499
12890.609
12890.720
12890.831
12890.941
12891.052
12891.163
12891.273
12891.384
12891.495
12891.605
12891.716
12891.827
12891.937
12892.048
12892.159
12892.269
12892.380
12892.491
12892.602
12892.712
12892.823
12892.934
12893.044
12893.155
12893.266
12893.376
12893.487
12893.598
12893.708
12893.819
12893.930
12894.040
12894.151
12894.262
12894.372
12894.483
12894.594
12894.704
12894.815
12894.926
12895.037
12895.147
12895.258
12895.369
12895.479
12895.590
12895.701
12895.811
12895.922
12896.033
12896.143
12896.254
12896.365
12896.475
12896.586
12896.697
12896.807
12896.918
12897.029
12897.140
12897.250
12897.361
12897.472
12897.582
12897.693
12897.804
12897.914
12898.025
12898.136
12898.246
12898.357
12898.468
12898.578
12898.689
12898.800
12898.910
12899.021
12899.132
12899.242
12899.353
12899.464
12899.575
12899.685
12899.796
12899.907
12900.017
12900.128
12900.239
12900.349
12900.460
12900.571
12900.681
12900.792
12900.903
12901.013
12901.124
12901.235
12901.345
12901.456
12901.567
12901.678
12901.788
12901.899
12902.010
12902.120
12902.231
12902.342
12902.452
12902.563
12902.674
12902.784
12902.895
12903.006
12903.116
12903.227
12903.338
12903.448
12903.559
12903.670
12903.781
12903.891
12904.002
12904.113
12904.223
12904.334
12904.445
12904.555
12904.666
12904.777
12904.887
12904.998
12905.109
12905.219
12905.330
12905.441
12905.551
12905.662
12905.773
12905.883
12905.994
12906.105
12906.216
12906.326
12906.437
12906.548
12906.658
12906.769
12906.880
12906.990
12907.101
12907.212
12907.322
12907.433
12907.544
12907.654
12907.765
12907.876
12907.986
12908.097
12908.208
12908.319
12908.429
12908.540
12908.651
12908.761
12908.872
12908.983
12909.093
12909.204
12909.315
12909.425
12909.536
12909.647
12909.757
12909.868
12909.979
12910.089
12910.200
12910.311
12910.421
12910.532
12910.643
12910.754
12910.864
12910.975
12911.086
12911.196
12911.307
12911.418
12911.528
12911.639
12911.750
12911.860
12911.971
12912.082
12912.192
12912.303
12912.414
12912.524
12912.635
12912.746
12912.857
12912.967
12913.078
12913.189
12913.299
12913.410
12913.521
12913.631
12913.742
12913.853
12913.963
12914.074
12914.185
12914.295
12914.406
12914.517
12914.627
12914.738
12914.849
12914.959
12915.070
12915.181
12915.292
12915.402
12915.513
12915.624
12915.734
12915.845
12915.956
12916.066
12916.177
12916.288
12916.398
12916.509
12916.620
12916.730
12916.841
12916.952
12917.062
12917.173
12917.284
12917.395
12917.505
12917.616
12917.727
12917.837
12917.948
12918.059
12918.169
12918.280
12918.391
12918.501
12918.612
12918.723
12918.833
12918.944
12919.055
12919.165
12919.276
12919.387
12919.497
12919.608
12919.719
12919.830
12919.940
12920.051
12920.162
12920.272
12920.383
12920.494
12920.604
12920.715
12920.826
12920.936
12921.047
12921.158
12921.268
12921.379
12921.490
12921.600
12921.711
12921.822
12921.933
12922.043
12922.154
12922.265
12922.375
12922.486
12922.597
12922.707
12922.818
12922.929
12923.039
12923.150
12923.261
12923.371
12923.482
12923.593
12923.703
12923.814
12923.925
12924.036
12924.146
12924.257
12924.368
12924.478
12924.589
12924.700
12924.810
12924.921
12925.032
12925.142
12925.253
12925.364
12925.474
12925.585
12925.696
12925.806
12925.917
12926.028
12926.138
12926.249
12926.360
12926.471
12926.581
12926.692
12926.803
12926.913
12927.024
12927.135
12927.245
12927.356
12927.467
12927.577
12927.688
12927.799
12927.909
12928.020
12928.131
12928.241
12928.352
12928.463
12928.574
12928.684
12928.795
12928.906
12929.016
12929.127
12929.238
12929.348
12929.459
12929.570
12929.680
12929.791
12929.902
12930.012
12930.123
12930.234
12930.344
12930.455
12930.566
12930.676
12930.787
12930.898
12931.009
12931.119
12931.230
12931.341
12931.451
12931.562
12931.673
12931.783
12931.894
12932.005
12932.115
12932.226
12932.337
12932.447
12932.558
12932.669
12932.779
12932.890
12933.001
12933.112
12933.222
12933.333
12933.444
12933.554
12933.665
12933.776
12933.886
12933.997
12934.108
12934.218
12934.329
12934.440
12934.550
12934.661
12934.772
12934.882
12934.993
12935.104
12935.214
12935.325
12935.436
12935.547
12935.657
12935.768
12935.879
12935.989
12936.100
12936.211
12936.321
12936.432
12936.543
12936.653
12936.764
12936.875
12936.985
12937.096
12937.207
12937.317
12937.428
12937.539
12937.650
12937.760
12937.871
12937.982
12938.092
12938.203
12938.314
12938.424
12938.535
12938.646
12938.756
12938.867
12938.978
12939.088
12939.199
12939.310
12939.420
12939.531
12939.642
12939.752
12939.863
12939.974
12940.085
12940.195
12940.306
12940.417
12940.527
12940.638
12940.749
12940.859
12940.970
12941.081
12941.191
12941.302
12941.413
12941.523
12941.634
12941.745
12941.855
12941.966
12942.077
12942.188
12942.298
12942.409
12942.520
12942.630
12942.741
12942.852
12942.962
12943.073
12943.184
12943.294
12943.405
12943.516
12943.626
12943.737
12943.848
12943.958
12944.069
12944.180
12944.290
12944.401
12944.512
12944.623
12944.733
12944.844
12944.955
12945.065
12945.176
12945.287
12945.397
12945.508
12945.619
12945.729
12945.840
12945.951
12946.061
12946.172
12946.283
12946.393
12946.504
12946.615
12946.726
12946.836
12946.947
12947.058
12947.168
12947.279
12947.390
12947.500
12947.611
12947.722
12947.832
12947.943
12948.054
12948.164
12948.275
12948.386
12948.496
12948.607
12948.718
12948.829
12948.939
12949.050
12949.161
12949.271
12949.382
12949.493
12949.603
12949.714
12949.825
12949.935
12950.046
12950.157
12950.267
12950.378
12950.489
12950.599
12950.710
12950.821
12950.931
12951.042
12951.153
12951.264
12951.374
12951.485
12951.596
12951.706
12951.817
12951.928
12952.038
12952.149
12952.260
12952.370
12952.481
12952.592
12952.702
12952.813
12952.924
12953.034
12953.145
12953.256
12953.367
12953.477
12953.588
12953.699
12953.809
12953.920
12954.031
12954.141
12954.252
12954.363
12954.473
12954.584
12954.695
12954.805
12954.916
12955.027
12955.137
12955.248
12955.359
12955.469
12955.580
12955.691
12955.802
12955.912
12956.023
12956.134
12956.244
12956.355
12956.466
12956.576
12956.687
12956.798
12956.908
12957.019
12957.130
12957.240
12957.351
12957.462
12957.572
12957.683
12957.794
12957.905
12958.015
12958.126
12958.237
12958.347
12958.458
12958.569
12958.679
12958.790
12958.901
12959.011
12959.122
12959.233
12959.343
12959.454
12959.565
12959.675
12959.786
12959.897
12960.007
12960.118
12960.229
12960.340
12960.450
12960.561
12960.672
12960.782
12960.893
12961.004
12961.114
12961.225
12961.336
12961.446
12961.557
12961.668
12961.778
12961.889
12962.000
12962.110
12962.221
12962.332
12962.443
12962.553
12962.664
12962.775
12962.885
12962.996
12963.107
12963.217
12963.328
12963.439
12963.549
12963.660
12963.771
12963.881
12963.992
12964.103
12964.213
12964.324
12964.435
12964.545
12964.656
12964.767
12964.878
12964.988
12965.099
12965.210
12965.320
12965.431
12965.542
12965.652
12965.763
12965.874
12965.984
12966.095
12966.206
12966.316
12966.427
12966.538
12966.648
12966.759
12966.870
12966.981
12967.091
12967.202
12967.313
12967.423
12967.534
12967.645
12967.755
12967.866
12967.977
12968.087
12968.198
12968.309
12968.419
12968.530
12968.641
12968.751
12968.862
12968.973
12969.084
12969.194
12969.305
12969.416
12969.526
12969.637
12969.748
12969.858
12969.969
12970.080
12970.190
12970.301
12970.412
12970.522
12970.633
12970.744
12970.854
12970.965
12971.076
12971.186
12971.297
12971.408
12971.519
12971.629
12971.740
12971.851
12971.961
12972.072
12972.183
12972.293
12972.404
12972.515
12972.625
12972.736
12972.847
12972.957
12973.068
12973.179
12973.289
12973.400
12973.511
12973.622
12973.732
12973.843
12973.954
12974.064
12974.175
12974.286
12974.396
12974.507
12974.618
12974.728
12974.839
12974.950
12975.060
12975.171
12975.282
12975.392
12975.503
12975.614
12975.724
12975.835
12975.946
12976.057
12976.167
12976.278
12976.389
12976.499
12976.610
12976.721
12976.831
12976.942
12977.053
12977.163
12977.274
12977.385
12977.495
12977.606
12977.717
12977.827
12977.938
12978.049
12978.160
12978.270
12978.381
12978.492
12978.602
12978.713
12978.824
12978.934
12979.045
12979.156
12979.266
12979.377
12979.488
12979.598
12979.709
12979.820
12979.930
12980.041
12980.152
12980.262
12980.373
12980.484
12980.595
12980.705
12980.816
12980.927
12981.037
12981.148
12981.259
12981.369
12981.480
12981.591
12981.701
12981.812
12981.923
12982.033
12982.144
12982.255
12982.365
12982.476
12982.587
12982.698
12982.808
12982.919
12983.030
12983.140
12983.251
12983.362
12983.472
12983.583
12983.694
12983.804
12983.915
12984.026
12984.136
12984.247
12984.358
12984.468
12984.579
12984.690
12984.800
12984.911
12985.022
12985.133
12985.243
12985.354
12985.465
12985.575
12985.686
12985.797
12985.907
12986.018
12986.129
12986.239
12986.350
12986.461
12986.571
12986.682
12986.793
12986.903
12987.014
12987.125
12987.236
12987.346
12987.457
12987.568
12987.678
12987.789
12987.900
12988.010
12988.121
12988.232
12988.342
12988.453
12988.564
12988.674
12988.785
12988.896
12989.006
12989.117
12989.228
12989.339
12989.449
12989.560
12989.671
12989.781
12989.892
12990.003
12990.113
12990.224
12990.335
12990.445
12990.556
12990.667
12990.777
12990.888
12990.999
12991.109
12991.220
12991.331
12991.441
12991.552
12991.663
12991.774
12991.884
12991.995
12992.106
12992.216
12992.327
12992.438
12992.548
12992.659
12992.770
12992.880
12992.991
12993.102
12993.212
12993.323
12993.434
12993.544
12993.655
12993.766
12993.877
12993.987
12994.098
12994.209
12994.319
12994.430
12994.541
12994.651
12994.762
12994.873
12994.983
12995.094
12995.205
12995.315
12995.426
12995.537
12995.647
12995.758
12995.869
12995.979
12996.090
12996.201
12996.312
12996.422
12996.533
12996.644
12996.754
12996.865
12996.976
12997.086
12997.197
12997.308
12997.418
12997.529
12997.640
12997.750
12997.861
12997.972
12998.082
12998.193
12998.304
12998.415
12998.525
12998.636
12998.747
12998.857
12998.968
12999.079
12999.189
12999.300
12999.411
12999.521
12999.632
12999.743
12999.853
12999.964
13000.075
13000.185
13000.296
13000.407
13000.517
13000.628
13000.739
13000.850
13000.960
13001.071
13001.182
13001.292
13001.403
13001.514
13001.624
13001.735
13001.846
13001.956
13002.067
13002.178
13002.288
13002.399
13002.510
13002.620
13002.731
13002.842
13002.953
13003.063
13003.174
13003.285
13003.395
13003.506
13003.617
13003.727
13003.838
13003.949
13004.059
13004.170
13004.281
13004.391
13004.502
13004.613
13004.723
13004.834
13004.945
13005.055
13005.166
13005.277
13005.388
13005.498
13005.609
13005.720
13005.830
13005.941
13006.052
13006.162
13006.273
13006.384
13006.494
13006.605
13006.716
13006.826
13006.937
13007.048
13007.158
13007.269
13007.380
13007.491
13007.601
13007.712
13007.823
13007.933
13008.044
13008.155
13008.265
13008.376
13008.487
13008.597
13008.708
13008.819
13008.929
13009.040
13009.151
13009.261
13009.372
13009.483
13009.593
13009.704
13009.815
13009.926
13010.036
13010.147
13010.258
13010.368
13010.479
13010.590
13010.700
13010.811
13010.922
13011.032
13011.143
13011.254
13011.364
13011.475
13011.586
13011.696
13011.807
13011.918
13012.029
13012.139
13012.250
13012.361
13012.471
13012.582
13012.693
13012.803
13012.914
13013.025
13013.135
13013.246
13013.357
13013.467
13013.578
13013.689
13013.799
13013.910
13014.021
13014.132
13014.242
13014.353
13014.464
13014.574
13014.685
13014.796
13014.906
13015.017
13015.128
13015.238
13015.349
13015.460
13015.570
13015.681
13015.792
13015.902
13016.013
13016.124
13016.234
13016.345
13016.456
13016.567
13016.677
13016.788
13016.899
13017.009
13017.120
13017.231
13017.341
13017.452
13017.563
13017.673
13017.784
13017.895
13018.005
13018.116
13018.227
13018.337
13018.448
13018.559
13018.670
13018.780
13018.891
13019.002
13019.112
13019.223
13019.334
13019.444
13019.555
13019.666
13019.776
13019.887
13019.998
13020.108
13020.219
13020.330
13020.440
13020.551
13020.662
13020.772
13020.883
13020.994
13021.105
13021.215
13021.326
13021.437
13021.547
13021.658
13021.769
13021.879
13021.990
13022.101
13022.211
13022.322
13022.433
13022.543
13022.654
13022.765
13022.875
13022.986
13023.097
13023.208
13023.318
13023.429
13023.540
13023.650
13023.761
13023.872
13023.982
13024.093
13024.204
13024.314
13024.425
13024.536
13024.646
13024.757
13024.868
13024.978
13025.089
13025.200
13025.310
13025.421
13025.532
13025.643
13025.753
13025.864
13025.975
13026.085
13026.196
13026.307
13026.417
13026.528
13026.639
13026.749
13026.860
13026.971
13027.081
13027.192
13027.303
13027.413
13027.524
13027.635
13027.746
13027.856
13027.967
13028.078
13028.188
13028.299
13028.410
13028.520
13028.631
13028.742
13028.852
13028.963
13029.074
13029.184
13029.295
13029.406
13029.516
13029.627
13029.738
13029.848
13029.959
13030.070
13030.181
13030.291
13030.402
13030.513
13030.623
13030.734
13030.845
13030.955
13031.066
13031.177
13031.287
13031.398
13031.509
13031.619
13031.730
13031.841
13031.951
13032.062
13032.173
13032.284
13032.394
13032.505
13032.616
13032.726
13032.837
13032.948
13033.058
13033.169
13033.280
13033.390
13033.501
13033.612
13033.722
13033.833
13033.944
13034.054
13034.165
13034.276
13034.387
13034.497
13034.608
13034.719
13034.829
13034.940
13035.051
13035.161
13035.272
13035.383
13035.493
13035.604
13035.715
13035.825
13035.936
13036.047
13036.157
13036.268
13036.379
13036.489
13036.600
13036.711
13036.822
13036.932
13037.043
13037.154
13037.264
13037.375
13037.486
13037.596
13037.707
13037.818
13037.928
13038.039
13038.150
13038.260
13038.371
13038.482
13038.592
13038.703
13038.814
13038.925
13039.035
13039.146
13039.257
13039.367
13039.478
13039.589
13039.699
13039.810
13039.921
13040.031
13040.142
13040.253
13040.363
13040.474
13040.585
13040.695
13040.806
13040.917
13041.027
13041.138
13041.249
13041.360
13041.470
13041.581
13041.692
13041.802
13041.913
13042.024
13042.134
13042.245
13042.356
13042.466
13042.577
13042.688
13042.798
13042.909
13043.020
13043.130
13043.241
13043.352
13043.463
13043.573
13043.684
13043.795
13043.905
13044.016
13044.127
13044.237
13044.348
13044.459
13044.569
13044.680
13044.791
13044.901
13045.012
13045.123
13045.233
13045.344
13045.455
13045.565
13045.676
13045.787
13045.898
13046.008
13046.119
13046.230
13046.340
13046.451
13046.562
13046.672
13046.783
13046.894
13047.004
13047.115
13047.226
13047.336
13047.447
13047.558
13047.668
13047.779
13047.890
13048.001
13048.111
13048.222
13048.333
13048.443
13048.554
13048.665
13048.775
13048.886
13048.997
13049.107
13049.218
13049.329
13049.439
13049.550
13049.661
13049.771
13049.882
13049.993
13050.103
13050.214
13050.325
13050.436
13050.546
13050.657
13050.768
13050.878
13050.989
13051.100
13051.210
13051.321
13051.432
13051.542
13051.653
13051.764
13051.874
13051.985
13052.096
13052.206
13052.317
13052.428
13052.539
13052.649
13052.760
13052.871
13052.981
13053.092
13053.203
13053.313
13053.424
13053.535
13053.645
13053.756
13053.867
13053.977
13054.088
13054.199
13054.309
13054.420
13054.531
13054.641
13054.752
13054.863
13054.974
13055.084
13055.195
13055.306
13055.416
13055.527
13055.638
13055.748
13055.859
13055.970
13056.080
13056.191
13056.302
13056.412
13056.523
13056.634
13056.744
13056.855
13056.966
13057.077
13057.187
13057.298
13057.409
13057.519
13057.630
13057.741
13057.851
13057.962
13058.073
13058.183
13058.294
13058.405
13058.515
13058.626
13058.737
13058.847
13058.958
13059.069
13059.180
13059.290
13059.401
13059.512
13059.622
13059.733
13059.844
13059.954
13060.065
13060.176
13060.286
13060.397
13060.508
13060.618
13060.729
13060.840
13060.950
13061.061
13061.172
13061.282
13061.393
13061.504
13061.615
13061.725
13061.836
13061.947
13062.057
13062.168
13062.279
13062.389
13062.500
13062.611
13062.721
13062.832
13062.943
13063.053
13063.164
13063.275
13063.385
13063.496
13063.607
13063.718
13063.828
13063.939
13064.050
13064.160
13064.271
13064.382
13064.492
13064.603
13064.714
13064.824
13064.935
13065.046
13065.156
13065.267
13065.378
13065.488
13065.599
13065.710
13065.820
13065.931
13066.042
13066.153
13066.263
13066.374
13066.485
13066.595
13066.706
13066.817
13066.927
13067.038
13067.149
13067.259
13067.370
13067.481
13067.591
13067.702
13067.813
13067.923
13068.034
13068.145
13068.256
13068.366
13068.477
13068.588
13068.698
13068.809
13068.920
13069.030
13069.141
13069.252
13069.362
13069.473
13069.584
13069.694
13069.805
13069.916
13070.026
13070.137
13070.248
13070.358
13070.469
13070.580
13070.691
13070.801
13070.912
13071.023
13071.133
13071.244
13071.355
13071.465
13071.576
13071.687
13071.797
13071.908
13072.019
13072.129
13072.240
13072.351
13072.461
13072.572
13072.683
13072.794
13072.904
13073.015
13073.126
13073.236
13073.347
13073.458
13073.568
13073.679
13073.790
13073.900
13074.011
13074.122
13074.232
13074.343
13074.454
13074.564
13074.675
13074.786
13074.896
13075.007
13075.118
13075.229
13075.339
13075.450
13075.561
13075.671
13075.782
13075.893
13076.003
13076.114
13076.225
13076.335
13076.446
13076.557
13076.667
13076.778
13076.889
13076.999
13077.110
13077.221
13077.332
13077.442
13077.553
13077.664
13077.774
13077.885
13077.996
13078.106
13078.217
13078.328
13078.438
13078.549
13078.660
13078.770
13078.881
13078.992
13079.102
13079.213
13079.324
13079.435
13079.545
13079.656
13079.767
13079.877
13079.988
13080.099
13080.209
13080.320
13080.431
13080.541
13080.652
13080.763
13080.873
13080.984
13081.095
13081.205
13081.316
13081.427
13081.537
13081.648
13081.759
13081.870
13081.980
13082.091
13082.202
13082.312
13082.423
13082.534
13082.644
13082.755
13082.866
13082.976
13083.087
13083.198
13083.308
13083.419
13083.530
13083.640
13083.751
13083.862
13083.973
13084.083
13084.194
13084.305
13084.415
13084.526
13084.637
13084.747
13084.858
13084.969
13085.079
13085.190
13085.301
13085.411
13085.522
13085.633
13085.743
13085.854
13085.965
13086.075
13086.186
13086.297
13086.408
13086.518
13086.629
13086.740
13086.850
13086.961
13087.072
13087.182
13087.293
13087.404
13087.514
13087.625
13087.736
13087.846
13087.957
13088.068
13088.178
13088.289
13088.400
13088.511
13088.621
13088.732
13088.843
13088.953
13089.064
13089.175
13089.285
13089.396
13089.507
13089.617
13089.728
13089.839
13089.949
13090.060
13090.171
13090.281
13090.392
13090.503
13090.613
13090.724
13090.835
13090.946
13091.056
13091.167
13091.278
13091.388
13091.499
13091.610
13091.720
13091.831
13091.942
13092.052
13092.163
13092.274
13092.384
13092.495
13092.606
13092.716
13092.827
13092.938
13093.049
13093.159
13093.270
13093.381
13093.491
13093.602
13093.713
13093.823
13093.934
13094.045
13094.155
13094.266
13094.377
13094.487
13094.598
13094.709
13094.819
13094.930
13095.041
13095.151
13095.262
13095.373
13095.484
13095.594
13095.705
13095.816
13095.926
13096.037
13096.148
13096.258
13096.369
13096.480
13096.590
13096.701
13096.812
13096.922
13097.033
13097.144
13097.254
13097.365
13097.476
13097.587
13097.697
13097.808
13097.919
13098.029
13098.140
13098.251
13098.361
13098.472
13098.583
13098.693
13098.804
13098.915
13099.025
13099.136
13099.247
13099.357
13099.468
13099.579
13099.690
13099.800
13099.911
13100.022
13100.132
13100.243
13100.354
13100.464
13100.575
13100.686
13100.796
13100.907
13101.018
13101.128
13101.239
13101.350
13101.460
13101.571
13101.682
13101.792
13101.903
13102.014
13102.125
13102.235
13102.346
13102.457
13102.567
13102.678
13102.789
13102.899
13103.010
13103.121
13103.231
13103.342
13103.453
13103.563
13103.674
13103.785
13103.895
13104.006
13104.117
13104.228
13104.338
13104.449
13104.560
13104.670
13104.781
13104.892
13105.002
13105.113
13105.224
13105.334
13105.445
13105.556
13105.666
13105.777
13105.888
13105.998
13106.109
13106.220
13106.330
13106.441
13106.552
13106.663
13106.773
13106.884
13106.995
13107.105
13107.216
13107.327
13107.437
13107.548
13107.659
13107.769
13107.880
13107.991
13108.101
13108.212
13108.323
13108.433
13108.544
13108.655
13108.766
13108.876
13108.987
13109.098
13109.208
13109.319
13109.430
13109.540
13109.651
13109.762
13109.872
13109.983
13110.094
13110.204
13110.315
13110.426
13110.536
13110.647
13110.758
13110.868
13110.979
13111.090
13111.201
13111.311
13111.422
13111.533
13111.643
13111.754
13111.865
13111.975
13112.086
13112.197
13112.307
13112.418
13112.529
13112.639
13112.750
13112.861
13112.971
13113.082
13113.193
13113.304
13113.414
13113.525
13113.636
13113.746
13113.857
13113.968
13114.078
13114.189
13114.300
13114.410
13114.521
13114.632
13114.742
13114.853
13114.964
13115.074
13115.185
13115.296
13115.406
13115.517
13115.628
13115.739
13115.849
13115.960
13116.071
13116.181
13116.292
13116.403
13116.513
13116.624
13116.735
13116.845
13116.956
13117.067
13117.177
13117.288
13117.399
13117.509
13117.620
13117.731
13117.842
13117.952
13118.063
13118.174
13118.284
13118.395
13118.506
13118.616
13118.727
13118.838
13118.948
13119.059
13119.170
13119.280
13119.391
13119.502
13119.612
13119.723
13119.834
13119.944
13120.055
13120.166
13120.277
13120.387
13120.498
13120.609
13120.719
13120.830
13120.941
13121.051
13121.162
13121.273
13121.383
13121.494
13121.605
13121.715
13121.826
13121.937
13122.047
13122.158
13122.269
13122.380
13122.490
13122.601
13122.712
13122.822
13122.933
13123.044
13123.154
13123.265
13123.376
13123.486
13123.597
13123.708
13123.818
13123.929
13124.040
13124.150
13124.261
13124.372
13124.483
13124.593
13124.704
13124.815
13124.925
13125.036
13125.147
13125.257
13125.368
13125.479
13125.589
13125.700
13125.811
13125.921
13126.032
13126.143
13126.253
13126.364
13126.475
13126.585
13126.696
13126.807
13126.918
13127.028
13127.139
13127.250
13127.360
13127.471
13127.582
13127.692
13127.803
13127.914
13128.024
13128.135
13128.246
13128.356
13128.467
13128.578
13128.688
13128.799
13128.910
13129.021
13129.131
13129.242
13129.353
13129.463
13129.574
13129.685
13129.795
13129.906
13130.017
13130.127
13130.238
13130.349
13130.459
13130.570
13130.681
13130.791
13130.902
13131.013
13131.123
13131.234
13131.345
13131.456
13131.566
13131.677
13131.788
13131.898
13132.009
13132.120
13132.230
13132.341
13132.452
13132.562
13132.673
13132.784
13132.894
13133.005
13133.116
13133.226
13133.337
13133.448
13133.559
13133.669
13133.780
13133.891
13134.001
13134.112
13134.223
13134.333
13134.444
13134.555
13134.665
13134.776
13134.887
13134.997
13135.108
13135.219
13135.329
13135.440
13135.551
13135.661
13135.772
13135.883
13135.994
13136.104
13136.215
13136.326
13136.436
13136.547
13136.658
13136.768
13136.879
13136.990
13137.100
13137.211
13137.322
13137.432
13137.543
13137.654
13137.764
13137.875
13137.986
13138.097
13138.207
13138.318
13138.429
13138.539
13138.650
13138.761
13138.871
13138.982
13139.093
13139.203
13139.314
13139.425
13139.535
13139.646
13139.757
13139.867
13139.978
13140.089
13140.199
13140.310
13140.421
13140.532
13140.642
13140.753
13140.864
13140.974
13141.085
13141.196
13141.306
13141.417
13141.528
13141.638
13141.749
13141.860
13141.970
13142.081
13142.192
13142.302
13142.413
13142.524
13142.635
13142.745
13142.856
13142.967
13143.077
13143.188
13143.299
13143.409
13143.520
13143.631
13143.741
13143.852
13143.963
13144.073
13144.184
13144.295
13144.405
13144.516
13144.627
13144.738
13144.848
13144.959
13145.070
13145.180
13145.291
13145.402
13145.512
13145.623
13145.734
13145.844
13145.955
13146.066
13146.176
13146.287
13146.398
13146.508
13146.619
13146.730
13146.840
13146.951
13147.062
13147.173
13147.283
13147.394
13147.505
13147.615
13147.726
13147.837
13147.947
13148.058
13148.169
13148.279
13148.390
13148.501
13148.611
13148.722
13148.833
13148.943
13149.054
13149.165
13149.276
13149.386
13149.497
13149.608
13149.718
13149.829
13149.940
13150.050
13150.161
13150.272
13150.382
13150.493
13150.604
13150.714
13150.825
13150.936
13151.046
13151.157
13151.268
13151.378
13151.489
13151.600
13151.711
13151.821
13151.932
13152.043
13152.153
13152.264
13152.375
13152.485
13152.596
13152.707
13152.817
13152.928
13153.039
13153.149
13153.260
13153.371
13153.481
13153.592
13153.703
13153.814
13153.924
13154.035
13154.146
13154.256
13154.367
13154.478
13154.588
13154.699
13154.810
13154.920
13155.031
13155.142
13155.252
13155.363
13155.474
13155.584
13155.695
13155.806
13155.916
13156.027
13156.138
13156.249
13156.359
13156.470
13156.581
13156.691
13156.802
13156.913
13157.023
13157.134
13157.245
13157.355
13157.466
13157.577
13157.687
13157.798
13157.909
13158.019
13158.130
13158.241
13158.352
13158.462
13158.573
13158.684
13158.794
13158.905
13159.016
13159.126
13159.237
13159.348
13159.458
13159.569
13159.680
13159.790
13159.901
13160.012
13160.122
13160.233
13160.344
13160.454
13160.565
13160.676
13160.787
13160.897
13161.008
13161.119
13161.229
13161.340
13161.451
13161.561
13161.672
13161.783
13161.893
13162.004
13162.115
13162.225
13162.336
13162.447
13162.557
13162.668
13162.779
13162.890
13163.000
13163.111
13163.222
13163.332
13163.443
13163.554
13163.664
13163.775
13163.886
13163.996
13164.107
13164.218
13164.328
13164.439
13164.550
13164.660
13164.771
13164.882
13164.992
13165.103
13165.214
13165.325
13165.435
13165.546
13165.657
13165.767
13165.878
13165.989
13166.099
13166.210
13166.321
13166.431
13166.542
13166.653
13166.763
13166.874
13166.985
13167.095
13167.206
13167.317
13167.428
13167.538
13167.649
13167.760
13167.870
13167.981
13168.092
13168.202
13168.313
13168.424
13168.534
13168.645
13168.756
13168.866
13168.977
13169.088
13169.198
13169.309
13169.420
13169.531
13169.641
13169.752
13169.863
13169.973
13170.084
13170.195
13170.305
13170.416
13170.527
13170.637
13170.748
13170.859
13170.969
13171.080
13171.191
13171.301
13171.412
13171.523
13171.633
13171.744
13171.855
13171.966
13172.076
13172.187
13172.298
13172.408
13172.519
13172.630
13172.740
13172.851
13172.962
13173.072
13173.183
13173.294
13173.404
13173.515
13173.626
13173.736
13173.847
13173.958
13174.069
13174.179
13174.290
13174.401
13174.511
13174.622
13174.733
13174.843
13174.954
13175.065
13175.175
13175.286
13175.397
13175.507
13175.618
13175.729
13175.839
13175.950
13176.061
13176.171
13176.282
13176.393
13176.504
13176.614
13176.725
13176.836
13176.946
13177.057
13177.168
13177.278
13177.389
13177.500
13177.610
13177.721
13177.832
13177.942
13178.053
13178.164
13178.274
13178.385
13178.496
13178.607
13178.717
13178.828
13178.939
13179.049
13179.160
13179.271
13179.381
13179.492
13179.603
13179.713
13179.824
13179.935
13180.045
13180.156
13180.267
13180.377
13180.488
13180.599
13180.709
13180.820
13180.931
13181.042
13181.152
13181.263
13181.374
13181.484
13181.595
13181.706
13181.816
13181.927
13182.038
13182.148
13182.259
13182.370
13182.480
13182.591
13182.702
13182.812
13182.923
13183.034
13183.145
13183.255
13183.366
13183.477
13183.587
13183.698
13183.809
13183.919
13184.030
13184.141
13184.251
13184.362
13184.473
13184.583
13184.694
13184.805
13184.915
13185.026
13185.137
13185.247
13185.358
13185.469
13185.580
13185.690
13185.801
13185.912
13186.022
13186.133
13186.244
13186.354
13186.465
13186.576
13186.686
13186.797
13186.908
13187.018
13187.129
13187.240
13187.350
13187.461
13187.572
13187.683
13187.793
13187.904
13188.015
13188.125
13188.236
13188.347
13188.457
13188.568
13188.679
13188.789
13188.900
13189.011
13189.121
13189.232
13189.343
13189.453
13189.564
13189.675
13189.786
13189.896
13190.007
13190.118
13190.228
13190.339
13190.450
13190.560
13190.671
13190.782
13190.892
13191.003
13191.114
13191.224
13191.335
13191.446
13191.556
13191.667
13191.778
13191.888
13191.999
13192.110
13192.221
13192.331
13192.442
13192.553
13192.663
13192.774
13192.885
13192.995
13193.106
13193.217
13193.327
13193.438
13193.549
13193.659
13193.770
13193.881
13193.991
13194.102
13194.213
13194.324
13194.434
13194.545
13194.656
13194.766
13194.877
13194.988
13195.098
13195.209
13195.320
13195.430
13195.541
13195.652
13195.762
13195.873
13195.984
13196.094
13196.205
13196.316
13196.426
13196.537
13196.648
13196.759
13196.869
13196.980
13197.091
13197.201
13197.312
13197.423
13197.533
13197.644
13197.755
13197.865
13197.976
13198.087
13198.197
13198.308
13198.419
13198.529
13198.640
13198.751
13198.862
13198.972
13199.083
13199.194
13199.304
13199.415
13199.526
13199.636
13199.747
13199.858
13199.968
13200.079
13200.190
13200.300
13200.411
13200.522
13200.632
13200.743
13200.854
13200.964
13201.075
13201.186
13201.297
13201.407
13201.518
13201.629
13201.739
13201.850
13201.961
13202.071
13202.182
13202.293
13202.403
13202.514
13202.625
13202.735
13202.846
13202.957
13203.067
13203.178
13203.289
13203.400
13203.510
13203.621
13203.732
13203.842
13203.953
13204.064
13204.174
13204.285
13204.396
13204.506
13204.617
13204.728
13204.838
13204.949
13205.060
13205.170
13205.281
13205.392
13205.502
13205.613
13205.724
13205.835
13205.945
13206.056
13206.167
13206.277
13206.388
