 9110.000
 9110.059
 9110.117
 9110.176
 9110.234
 9110.293
 9110.352
 9110.410
 9110.469
 9110.528
 9110.586
 9110.645
 9110.703
 9110.762
 9110.821
 9110.879
 9110.938
 9110.996
 9111.055
 9111.114
 9111.172
 9111.231
 9111.289
 9111.348
 9111.407
 9111.465
 9111.524
 9111.583
 9111.641
 9111.700
 9111.758
 9111.817
 9111.876
 9111.934
 9111.993
 9112.051
 9112.110
 9112.169
 9112.227
 9112.286
 9112.345
 9112.403
 9112.462
 9112.520
 9112.579
 9112.638
 9112.696
 9112.755
 9112.813
 9112.872
 9112.931
 9112.989
 9113.048
 9113.106
 9113.165
 9113.224
 9113.282
 9113.341
 9113.400
 9113.458
 9113.517
 9113.575
 9113.634
 9113.693
 9113.751
 9113.810
 9113.868
 9113.927
 9113.986
 9114.044
 9114.103
 9114.162
 9114.220
 9114.279
 9114.337
 9114.396
 9114.455
 9114.513
 9114.572
 9114.630
 9114.689
 9114.748
 9114.806
 9114.865
 9114.923
 9114.982
 9115.041
 9115.099
 9115.158
 9115.217
 9115.275
 9115.334
 9115.392
 9115.451
 9115.510
 9115.568
 9115.627
 9115.685
 9115.744
 9115.803
 9115.861
 9115.920
 9115.979
 9116.037
 9116.096
 9116.154
 9116.213
 9116.272
 9116.330
 9116.389
 9116.447
 9116.506
 9116.565
 9116.623
 9116.682
 9116.740
 9116.799
 9116.858
 9116.916
 9116.975
 9117.034
 9117.092
 9117.151
 9117.209
 9117.268
 9117.327
 9117.385
 9117.444
 9117.502
 9117.561
 9117.620
 9117.678
 9117.737
 9117.796
 9117.854
 9117.913
 9117.971
 9118.030
 9118.089
 9118.147
 9118.206
 9118.264
 9118.323
 9118.382
 9118.440
 9118.499
 9118.557
 9118.616
 9118.675
 9118.733
 9118.792
 9118.851
 9118.909
 9118.968
 9119.026
 9119.085
 9119.144
 9119.202
 9119.261
 9119.319
 9119.378
 9119.437
 9119.495
 9119.554
 9119.613
 9119.671
 9119.730
 9119.788
 9119.847
 9119.906
 9119.964
 9120.023
 9120.081
 9120.140
 9120.199
 9120.257
 9120.316
 9120.374
 9120.433
 9120.492
 9120.550
 9120.609
 9120.668
 9120.726
 9120.785
 9120.843
 9120.902
 9120.961
 9121.019
 9121.078
 9121.136
 9121.195
 9121.254
 9121.312
 9121.371
 9121.430
 9121.488
 9121.547
 9121.605
 9121.664
 9121.723
 9121.781
 9121.840
 9121.898
 9121.957
 9122.016
 9122.074
 9122.133
 9122.191
 9122.250
 9122.309
 9122.367
 9122.426
 9122.485
 9122.543
 9122.602
 9122.660
 9122.719
 9122.778
 9122.836
 9122.895
 9122.953
 9123.012
 9123.071
 9123.129
 9123.188
 9123.246
 9123.305
 9123.364
 9123.422
 9123.481
 9123.540
 9123.598
 9123.657
 9123.715
 9123.774
 9123.833
 9123.891
 9123.950
 9124.008
 9124.067
 9124.126
 9124.184
 9124.243
 9124.302
 9124.360
 9124.419
 9124.477
 9124.536
 9124.595
 9124.653
 9124.712
 9124.770
 9124.829
 9124.888
 9124.946
 9125.005
 9125.063
 9125.122
 9125.181
 9125.239
 9125.298
 9125.357
 9125.415
 9125.474
 9125.532
 9125.591
 9125.650
 9125.708
 9125.767
 9125.825
 9125.884
 9125.943
 9126.001
 9126.060
 9126.119
 9126.177
 9126.236
 9126.294
 9126.353
 9126.412
 9126.470
 9126.529
 9126.587
 9126.646
 9126.705
 9126.763
 9126.822
 9126.880
 9126.939
 9126.998
 9127.056
 9127.115
 9127.174
 9127.232
 9127.291
 9127.349
 9127.408
 9127.467
 9127.525
 9127.584
 9127.642
 9127.701
 9127.760
 9127.818
 9127.877
 9127.936
 9127.994
 9128.053
 9128.111
 9128.170
 9128.229
 9128.287
 9128.346
 9128.404
 9128.463
 9128.522
 9128.580
 9128.639
 9128.697
 9128.756
 9128.815
 9128.873
 9128.932
 9128.991
 9129.049
 9129.108
 9129.166
 9129.225
 9129.284
 9129.342
 9129.401
 9129.459
 9129.518
 9129.577
 9129.635
 9129.694
 9129.753
 9129.811
 9129.870
 9129.928
 9129.987
 9130.046
 9130.104
 9130.163
 9130.221
 9130.280
 9130.339
 9130.397
 9130.456
 9130.514
 9130.573
 9130.632
 9130.690
 9130.749
 9130.808
 9130.866
 9130.925
 9130.983
 9131.042
 9131.101
 9131.159
 9131.218
 9131.276
 9131.335
 9131.394
 9131.452
 9131.511
 9131.570
 9131.628
 9131.687
 9131.745
 9131.804
 9131.863
 9131.921
 9131.980
 9132.038
 9132.097
 9132.156
 9132.214
 9132.273
 9132.331
 9132.390
 9132.449
 9132.507
 9132.566
 9132.625
 9132.683
 9132.742
 9132.800
 9132.859
 9132.918
 9132.976
 9133.035
 9133.093
 9133.152
 9133.211
 9133.269
 9133.328
 9133.387
 9133.445
 9133.504
 9133.562
 9133.621
 9133.680
 9133.738
 9133.797
 9133.855
 9133.914
 9133.973
 9134.031
 9134.090
 9134.148
 9134.207
 9134.266
 9134.324
 9134.383
 9134.442
 9134.500
 9134.559
 9134.617
 9134.676
 9134.735
 9134.793
 9134.852
 9134.910
 9134.969
 9135.028
 9135.086
 9135.145
 9135.204
 9135.262
 9135.321
 9135.379
 9135.438
 9135.497
 9135.555
 9135.614
 9135.672
 9135.731
 9135.790
 9135.848
 9135.907
 9135.965
 9136.024
 9136.083
 9136.141
 9136.200
 9136.259
 9136.317
 9136.376
 9136.434
 9136.493
 9136.552
 9136.610
 9136.669
 9136.727
 9136.786
 9136.845
 9136.903
 9136.962
 9137.021
 9137.079
 9137.138
 9137.196
 9137.255
 9137.314
 9137.372
 9137.431
 9137.489
 9137.548
 9137.607
 9137.665
 9137.724
 9137.782
 9137.841
 9137.900
 9137.958
 9138.017
 9138.076
 9138.134
 9138.193
 9138.251
 9138.310
 9138.369
 9138.427
 9138.486
 9138.544
 9138.603
 9138.662
 9138.720
 9138.779
 9138.838
 9138.896
 9138.955
 9139.013
 9139.072
 9139.131
 9139.189
 9139.248
 9139.306
 9139.365
 9139.424
 9139.482
 9139.541
 9139.599
 9139.658
 9139.717
 9139.775
 9139.834
 9139.893
 9139.951
 9140.010
 9140.068
 9140.127
 9140.186
 9140.244
 9140.303
 9140.361
 9140.420
 9140.479
 9140.537
 9140.596
 9140.655
 9140.713
 9140.772
 9140.830
 9140.889
 9140.948
 9141.006
 9141.065
 9141.123
 9141.182
 9141.241
 9141.299
 9141.358
 9141.416
 9141.475
 9141.534
 9141.592
 9141.651
 9141.710
 9141.768
 9141.827
 9141.885
 9141.944
 9142.003
 9142.061
 9142.120
 9142.178
 9142.237
 9142.296
 9142.354
 9142.413
 9142.472
 9142.530
 9142.589
 9142.647
 9142.706
 9142.765
 9142.823
 9142.882
 9142.940
 9142.999
 9143.058
 9143.116
 9143.175
 9143.233
 9143.292
 9143.351
 9143.409
 9143.468
 9143.527
 9143.585
 9143.644
 9143.702
 9143.761
 9143.820
 9143.878
 9143.937
 9143.995
 9144.054
 9144.113
 9144.171
 9144.230
 9144.289
 9144.347
 9144.406
 9144.464
 9144.523
 9144.582
 9144.640
 9144.699
 9144.757
 9144.816
 9144.875
 9144.933
 9144.992
 9145.050
 9145.109
 9145.168
 9145.226
 9145.285
 9145.344
 9145.402
 9145.461
 9145.519
 9145.578
 9145.637
 9145.695
 9145.754
 9145.812
 9145.871
 9145.930
 9145.988
 9146.047
 9146.106
 9146.164
 9146.223
 9146.281
 9146.340
 9146.399
 9146.457
 9146.516
 9146.574
 9146.633
 9146.692
 9146.750
 9146.809
 9146.867
 9146.926
 9146.985
 9147.043
 9147.102
 9147.161
 9147.219
 9147.278
 9147.336
 9147.395
 9147.454
 9147.512
 9147.571
 9147.629
 9147.688
 9147.747
 9147.805
 9147.864
 9147.923
 9147.981
 9148.040
 9148.098
 9148.157
 9148.216
 9148.274
 9148.333
 9148.391
 9148.450
 9148.509
 9148.567
 9148.626
 9148.684
 9148.743
 9148.802
 9148.860
 9148.919
 9148.978
 9149.036
 9149.095
 9149.153
 9149.212
 9149.271
 9149.329
 9149.388
 9149.446
 9149.505
 9149.564
 9149.622
 9149.681
 9149.739
 9149.798
 9149.857
 9149.915
 9149.974
 9150.033
 9150.091
 9150.150
 9150.208
 9150.267
 9150.326
 9150.384
 9150.443
 9150.501
 9150.560
 9150.619
 9150.677
 9150.736
 9150.795
 9150.853
 9150.912
 9150.970
 9151.029
 9151.088
 9151.146
 9151.205
 9151.263
 9151.322
 9151.381
 9151.439
 9151.498
 9151.556
 9151.615
 9151.674
 9151.732
 9151.791
 9151.850
 9151.908
 9151.967
 9152.025
 9152.084
 9152.143
 9152.201
 9152.260
 9152.318
 9152.377
 9152.436
 9152.494
 9152.553
 9152.612
 9152.670
 9152.729
 9152.787
 9152.846
 9152.905
 9152.963
 9153.022
 9153.080
 9153.139
 9153.198
 9153.256
 9153.315
 9153.373
 9153.432
 9153.491
 9153.549
 9153.608
 9153.667
 9153.725
 9153.784
 9153.842
 9153.901
 9153.960
 9154.018
 9154.077
 9154.135
 9154.194
 9154.253
 9154.311
 9154.370
 9154.429
 9154.487
 9154.546
 9154.604
 9154.663
 9154.722
 9154.780
 9154.839
 9154.897
 9154.956
 9155.015
 9155.073
 9155.132
 9155.190
 9155.249
 9155.308
 9155.366
 9155.425
 9155.484
 9155.542
 9155.601
 9155.659
 9155.718
 9155.777
 9155.835
 9155.894
 9155.952
 9156.011
 9156.070
 9156.128
 9156.187
 9156.246
 9156.304
 9156.363
 9156.421
 9156.480
 9156.539
 9156.597
 9156.656
 9156.714
 9156.773
 9156.832
 9156.890
 9156.949
 9157.007
 9157.066
 9157.125
 9157.183
 9157.242
 9157.301
 9157.359
 9157.418
 9157.476
 9157.535
 9157.594
 9157.652
 9157.711
 9157.769
 9157.828
 9157.887
 9157.945
 9158.004
 9158.063
 9158.121
 9158.180
 9158.238
 9158.297
 9158.356
 9158.414
 9158.473
 9158.531
 9158.590
 9158.649
 9158.707
 9158.766
 9158.824
 9158.883
 9158.942
 9159.000
 9159.059
 9159.118
 9159.176
 9159.235
 9159.293
 9159.352
 9159.411
 9159.469
 9159.528
 9159.586
 9159.645
 9159.704
 9159.762
 9159.821
 9159.880
 9159.938
 9159.997
 9160.055
 9160.114
 9160.173
 9160.231
 9160.290
 9160.348
 9160.407
 9160.466
 9160.524
 9160.583
 9160.641
 9160.700
 9160.759
 9160.817
 9160.876
 9160.935
 9160.993
 9161.052
 9161.110
 9161.169
 9161.228
 9161.286
 9161.345
 9161.403
 9161.462
 9161.521
 9161.579
 9161.638
 9161.697
 9161.755
 9161.814
 9161.872
 9161.931
 9161.990
 9162.048
 9162.107
 9162.165
 9162.224
 9162.283
 9162.341
 9162.400
 9162.458
 9162.517
 9162.576
 9162.634
 9162.693
 9162.752
 9162.810
 9162.869
 9162.927
 9162.986
 9163.045
 9163.103
 9163.162
 9163.220
 9163.279
 9163.338
 9163.396
 9163.455
 9163.514
 9163.572
 9163.631
 9163.689
 9163.748
 9163.807
 9163.865
 9163.924
 9163.982
 9164.041
 9164.100
 9164.158
 9164.217
 9164.275
 9164.334
 9164.393
 9164.451
 9164.510
 9164.569
 9164.627
 9164.686
 9164.744
 9164.803
 9164.862
 9164.920
 9164.979
 9165.037
 9165.096
 9165.155
 9165.213
 9165.272
 9165.331
 9165.389
 9165.448
 9165.506
 9165.565
 9165.624
 9165.682
 9165.741
 9165.799
 9165.858
 9165.917
 9165.975
 9166.034
 9166.092
 9166.151
 9166.210
 9166.268
 9166.327
 9166.386
 9166.444
 9166.503
 9166.561
 9166.620
 9166.679
 9166.737
 9166.796
 9166.854
 9166.913
 9166.972
 9167.030
 9167.089
 9167.148
 9167.206
 9167.265
 9167.323
 9167.382
 9167.441
 9167.499
 9167.558
 9167.616
 9167.675
 9167.734
 9167.792
 9167.851
 9167.909
 9167.968
 9168.027
 9168.085
 9168.144
 9168.203
 9168.261
 9168.320
 9168.378
 9168.437
 9168.496
 9168.554
 9168.613
 9168.671
 9168.730
 9168.789
 9168.847
 9168.906
 9168.965
 9169.023
 9169.082
 9169.140
 9169.199
 9169.258
 9169.316
 9169.375
 9169.433
 9169.492
 9169.551
 9169.609
 9169.668
 9169.726
 9169.785
 9169.844
 9169.902
 9169.961
 9170.020
 9170.078
 9170.137
 9170.195
 9170.254
 9170.313
 9170.371
 9170.430
 9170.488
 9170.547
 9170.606
 9170.664
 9170.723
 9170.782
 9170.840
 9170.899
 9170.957
 9171.016
 9171.075
 9171.133
 9171.192
 9171.250
 9171.309
 9171.368
 9171.426
 9171.485
 9171.543
 9171.602
 9171.661
 9171.719
 9171.778
 9171.837
 9171.895
 9171.954
 9172.012
 9172.071
 9172.130
 9172.188
 9172.247
 9172.305
 9172.364
 9172.423
 9172.481
 9172.540
 9172.599
 9172.657
 9172.716
 9172.774
 9172.833
 9172.892
 9172.950
 9173.009
 9173.067
 9173.126
 9173.185
 9173.243
 9173.302
 9173.360
 9173.419
 9173.478
 9173.536
 9173.595
 9173.654
 9173.712
 9173.771
 9173.829
 9173.888
 9173.947
 9174.005
 9174.064
 9174.122
 9174.181
 9174.240
 9174.298
 9174.357
 9174.415
 9174.474
 9174.533
 9174.591
 9174.650
 9174.709
 9174.767
 9174.826
 9174.884
 9174.943
 9175.002
 9175.060
 9175.119
 9175.177
 9175.236
 9175.295
 9175.353
 9175.412
 9175.471
 9175.529
 9175.588
 9175.646
 9175.705
 9175.764
 9175.822
 9175.881
 9175.939
 9175.998
 9176.057
 9176.115
 9176.174
 9176.232
 9176.291
 9176.350
 9176.408
 9176.467
 9176.526
 9176.584
 9176.643
 9176.701
 9176.760
 9176.819
 9176.877
 9176.936
 9176.994
 9177.053
 9177.112
 9177.170
 9177.229
 9177.288
 9177.346
 9177.405
 9177.463
 9177.522
 9177.581
 9177.639
 9177.698
 9177.756
 9177.815
 9177.874
 9177.932
 9177.991
 9178.049
 9178.108
 9178.167
 9178.225
 9178.284
 9178.343
 9178.401
 9178.460
 9178.518
 9178.577
 9178.636
 9178.694
 9178.753
 9178.811
 9178.870
 9178.929
 9178.987
 9179.046
 9179.105
 9179.163
 9179.222
 9179.280
 9179.339
 9179.398
 9179.456
 9179.515
 9179.573
 9179.632
 9179.691
 9179.749
 9179.808
 9179.866
 9179.925
 9179.984
 9180.042
 9180.101
 9180.160
 9180.218
 9180.277
 9180.335
 9180.394
 9180.453
 9180.511
 9180.570
 9180.628
 9180.687
 9180.746
 9180.804
 9180.863
 9180.922
 9180.980
 9181.039
 9181.097
 9181.156
 9181.215
 9181.273
 9181.332
 9181.390
 9181.449
 9181.508
 9181.566
 9181.625
 9181.683
 9181.742
 9181.801
 9181.859
 9181.918
 9181.977
 9182.035
 9182.094
 9182.152
 9182.211
 9182.270
 9182.328
 9182.387
 9182.445
 9182.504
 9182.563
 9182.621
 9182.680
 9182.739
 9182.797
 9182.856
 9182.914
 9182.973
 9183.032
 9183.090
 9183.149
 9183.207
 9183.266
 9183.325
 9183.383
 9183.442
 9183.500
 9183.559
 9183.618
 9183.676
 9183.735
 9183.794
 9183.852
 9183.911
 9183.969
 9184.028
 9184.087
 9184.145
 9184.204
 9184.262
 9184.321
 9184.380
 9184.438
 9184.497
 9184.556
 9184.614
 9184.673
 9184.731
 9184.790
 9184.849
 9184.907
 9184.966
 9185.024
 9185.083
 9185.142
 9185.200
 9185.259
 9185.317
 9185.376
 9185.435
 9185.493
 9185.552
 9185.611
 9185.669
 9185.728
 9185.786
 9185.845
 9185.904
 9185.962
 9186.021
 9186.079
 9186.138
 9186.197
 9186.255
 9186.314
 9186.373
 9186.431
 9186.490
 9186.548
 9186.607
 9186.666
 9186.724
 9186.783
 9186.841
 9186.900
 9186.959
 9187.017
 9187.076
 9187.134
 9187.193
 9187.252
 9187.310
 9187.369
 9187.428
 9187.486
 9187.545
 9187.603
 9187.662
 9187.721
 9187.779
 9187.838
 9187.896
 9187.955
 9188.014
 9188.072
 9188.131
 9188.190
 9188.248
 9188.307
 9188.365
 9188.424
 9188.483
 9188.541
 9188.600
 9188.658
 9188.717
 9188.776
 9188.834
 9188.893
 9188.951
 9189.010
 9189.069
 9189.127
 9189.186
 9189.245
 9189.303
 9189.362
 9189.420
 9189.479
 9189.538
 9189.596
 9189.655
 9189.713
 9189.772
 9189.831
 9189.889
 9189.948
 9190.007
 9190.065
 9190.124
 9190.182
 9190.241
 9190.300
 9190.358
 9190.417
 9190.475
 9190.534
 9190.593
 9190.651
 9190.710
 9190.768
 9190.827
 9190.886
 9190.944
 9191.003
 9191.062
 9191.120
 9191.179
 9191.237
 9191.296
 9191.355
 9191.413
 9191.472
 9191.530
 9191.589
 9191.648
 9191.706
 9191.765
 9191.824
 9191.882
 9191.941
 9191.999
 9192.058
 9192.117
 9192.175
 9192.234
 9192.292
 9192.351
 9192.410
 9192.468
 9192.527
 9192.585
 9192.644
 9192.703
 9192.761
 9192.820
 9192.879
 9192.937
 9192.996
 9193.054
 9193.113
 9193.172
 9193.230
 9193.289
 9193.347
 9193.406
 9193.465
 9193.523
 9193.582
 9193.641
 9193.699
 9193.758
 9193.816
 9193.875
 9193.934
 9193.992
 9194.051
 9194.109
 9194.168
 9194.227
 9194.285
 9194.344
 9194.402
 9194.461
 9194.520
 9194.578
 9194.637
 9194.696
 9194.754
 9194.813
 9194.871
 9194.930
 9194.989
 9195.047
 9195.106
 9195.164
 9195.223
 9195.282
 9195.340
 9195.399
 9195.458
 9195.516
 9195.575
 9195.633
 9195.692
 9195.751
 9195.809
 9195.868
 9195.926
 9195.985
 9196.044
 9196.102
 9196.161
 9196.219
 9196.278
 9196.337
 9196.395
 9196.454
 9196.513
 9196.571
 9196.630
 9196.688
 9196.747
 9196.806
 9196.864
 9196.923
 9196.981
 9197.040
 9197.099
 9197.157
 9197.216
 9197.275
 9197.333
 9197.392
 9197.450
 9197.509
 9197.568
 9197.626
 9197.685
 9197.743
 9197.802
 9197.861
 9197.919
 9197.978
 9198.036
 9198.095
 9198.154
 9198.212
 9198.271
 9198.330
 9198.388
 9198.447
 9198.505
 9198.564
 9198.623
 9198.681
 9198.740
 9198.798
 9198.857
 9198.916
 9198.974
 9199.033
 9199.092
 9199.150
 9199.209
 9199.267
 9199.326
 9199.385
 9199.443
 9199.502
 9199.560
 9199.619
 9199.678
 9199.736
 9199.795
 9199.853
 9199.912
 9199.971
 9200.029
 9200.088
 9200.147
 9200.205
 9200.264
 9200.322
 9200.381
 9200.440
 9200.498
 9200.557
 9200.615
 9200.674
 9200.733
 9200.791
 9200.850
 9200.908
 9200.967
 9201.026
 9201.084
 9201.143
 9201.202
 9201.260
 9201.319
 9201.377
 9201.436
 9201.495
 9201.553
 9201.612
 9201.670
 9201.729
 9201.788
 9201.846
 9201.905
 9201.964
 9202.022
 9202.081
 9202.139
 9202.198
 9202.257
 9202.315
 9202.374
 9202.432
 9202.491
 9202.550
 9202.608
 9202.667
 9202.725
 9202.784
 9202.843
 9202.901
 9202.960
 9203.019
 9203.077
 9203.136
 9203.194
 9203.253
 9203.312
 9203.370
 9203.429
 9203.487
 9203.546
 9203.605
 9203.663
 9203.722
 9203.781
 9203.839
 9203.898
 9203.956
 9204.015
 9204.074
 9204.132
 9204.191
 9204.249
 9204.308
 9204.367
 9204.425
 9204.484
 9204.542
 9204.601
 9204.660
 9204.718
 9204.777
 9204.836
 9204.894
 9204.953
 9205.011
 9205.070
 9205.129
 9205.187
 9205.246
 9205.304
 9205.363
 9205.422
 9205.480
 9205.539
 9205.598
 9205.656
 9205.715
 9205.773
 9205.832
 9205.891
 9205.949
 9206.008
 9206.066
 9206.125
 9206.184
 9206.242
 9206.301
 9206.359
 9206.418
 9206.477
 9206.535
 9206.594
 9206.653
 9206.711
 9206.770
 9206.828
 9206.887
 9206.946
 9207.004
 9207.063
 9207.121
 9207.180
 9207.239
 9207.297
 9207.356
 9207.415
 9207.473
 9207.532
 9207.590
 9207.649
 9207.708
 9207.766
 9207.825
 9207.883
 9207.942
 9208.001
 9208.059
 9208.118
 9208.176
 9208.235
 9208.294
 9208.352
 9208.411
 9208.470
 9208.528
 9208.587
 9208.645
 9208.704
 9208.763
 9208.821
 9208.880
 9208.938
 9208.997
 9209.056
 9209.114
 9209.173
 9209.232
 9209.290
 9209.349
 9209.407
 9209.466
 9209.525
 9209.583
 9209.642
 9209.700
 9209.759
 9209.818
 9209.876
 9209.935
 9209.993
 9210.052
 9210.111
 9210.169
 9210.228
 9210.287
 9210.345
 9210.404
 9210.462
 9210.521
 9210.580
 9210.638
 9210.697
 9210.755
 9210.814
 9210.873
 9210.931
 9210.990
 9211.049
 9211.107
 9211.166
 9211.224
 9211.283
 9211.342
 9211.400
 9211.459
 9211.517
 9211.576
 9211.635
 9211.693
 9211.752
 9211.810
 9211.869
 9211.928
 9211.986
 9212.045
 9212.104
 9212.162
 9212.221
 9212.279
 9212.338
 9212.397
 9212.455
 9212.514
 9212.572
 9212.631
 9212.690
 9212.748
 9212.807
 9212.866
 9212.924
 9212.983
 9213.041
 9213.100
 9213.159
 9213.217
 9213.276
 9213.334
 9213.393
 9213.452
 9213.510
 9213.569
 9213.627
 9213.686
 9213.745
 9213.803
 9213.862
 9213.921
 9213.979
 9214.038
 9214.096
 9214.155
 9214.214
 9214.272
 9214.331
 9214.389
 9214.448
 9214.507
 9214.565
 9214.624
 9214.683
 9214.741
 9214.800
 9214.858
 9214.917
 9214.976
 9215.034
 9215.093
 9215.151
 9215.210
 9215.269
 9215.327
 9215.386
 9215.444
 9215.503
 9215.562
 9215.620
 9215.679
 9215.738
 9215.796
 9215.855
 9215.913
 9215.972
 9216.031
 9216.089
 9216.148
 9216.206
 9216.265
 9216.324
 9216.382
 9216.441
 9216.500
 9216.558
 9216.617
 9216.675
 9216.734
 9216.793
 9216.851
 9216.910
 9216.968
 9217.027
 9217.086
 9217.144
 9217.203
 9217.261
 9217.320
 9217.379
 9217.437
 9217.496
 9217.555
 9217.613
 9217.672
 9217.730
 9217.789
 9217.848
 9217.906
 9217.965
 9218.023
 9218.082
 9218.141
 9218.199
 9218.258
 9218.317
 9218.375
 9218.434
 9218.492
 9218.551
 9218.610
 9218.668
 9218.727
 9218.785
 9218.844
 9218.903
 9218.961
 9219.020
 9219.078
 9219.137
 9219.196
 9219.254
 9219.313
 9219.372
 9219.430
 9219.489
 9219.547
 9219.606
 9219.665
 9219.723
 9219.782
 9219.840
 9219.899
 9219.958
 9220.016
 9220.075
 9220.134
 9220.192
 9220.251
 9220.309
 9220.368
 9220.427
 9220.485
 9220.544
 9220.602
 9220.661
 9220.720
 9220.778
 9220.837
 9220.895
 9220.954
 9221.013
 9221.071
 9221.130
 9221.189
 9221.247
 9221.306
 9221.364
 9221.423
 9221.482
 9221.540
 9221.599
 9221.657
 9221.716
 9221.775
 9221.833
 9221.892
 9221.951
 9222.009
 9222.068
 9222.126
 9222.185
 9222.244
 9222.302
 9222.361
 9222.419
 9222.478
 9222.537
 9222.595
 9222.654
 9222.712
 9222.771
 9222.830
 9222.888
 9222.947
 9223.006
 9223.064
 9223.123
 9223.181
 9223.240
 9223.299
 9223.357
 9223.416
 9223.474
 9223.533
 9223.592
 9223.650
 9223.709
 9223.768
 9223.826
 9223.885
 9223.943
 9224.002
 9224.061
 9224.119
 9224.178
 9224.236
 9224.295
 9224.354
 9224.412
 9224.471
 9224.529
 9224.588
 9224.647
 9224.705
 9224.764
 9224.823
 9224.881
 9224.940
 9224.998
 9225.057
 9225.116
 9225.174
 9225.233
 9225.291
 9225.350
 9225.409
 9225.467
 9225.526
 9225.585
 9225.643
 9225.702
 9225.760
 9225.819
 9225.878
 9225.936
 9225.995
 9226.053
 9226.112
 9226.171
 9226.229
 9226.288
 9226.346
 9226.405
 9226.464
 9226.522
 9226.581
 9226.640
 9226.698
 9226.757
 9226.815
 9226.874
 9226.933
 9226.991
 9227.050
 9227.108
 9227.167
 9227.226
 9227.284
 9227.343
 9227.401
 9227.460
 9227.519
 9227.577
 9227.636
 9227.695
 9227.753
 9227.812
 9227.870
 9227.929
 9227.988
 9228.046
 9228.105
 9228.163
 9228.222
 9228.281
 9228.339
 9228.398
 9228.457
 9228.515
 9228.574
 9228.632
 9228.691
 9228.750
 9228.808
 9228.867
 9228.925
 9228.984
 9229.043
 9229.101
 9229.160
 9229.218
 9229.277
 9229.336
 9229.394
 9229.453
 9229.512
 9229.570
 9229.629
 9229.687
 9229.746
 9229.805
 9229.863
 9229.922
 9229.980
 9230.039
 9230.098
 9230.156
 9230.215
 9230.274
 9230.332
 9230.391
 9230.449
 9230.508
 9230.567
 9230.625
 9230.684
 9230.742
 9230.801
 9230.860
 9230.918
 9230.977
 9231.035
 9231.094
 9231.153
 9231.211
 9231.270
 9231.329
 9231.387
 9231.446
 9231.504
 9231.563
 9231.622
 9231.680
 9231.739
 9231.797
 9231.856
 9231.915
 9231.973
 9232.032
 9232.091
 9232.149
 9232.208
 9232.266
 9232.325
 9232.384
 9232.442
 9232.501
 9232.559
 9232.618
 9232.677
 9232.735
 9232.794
 9232.852
 9232.911
 9232.970
 9233.028
 9233.087
 9233.146
 9233.204
 9233.263
 9233.321
 9233.380
 9233.439
 9233.497
 9233.556
 9233.614
 9233.673
 9233.732
 9233.790
 9233.849
 9233.908
 9233.966
 9234.025
 9234.083
 9234.142
 9234.201
 9234.259
 9234.318
 9234.376
 9234.435
 9234.494
 9234.552
 9234.611
 9234.669
 9234.728
 9234.787
 9234.845
 9234.904
 9234.963
 9235.021
 9235.080
 9235.138
 9235.197
 9235.256
 9235.314
 9235.373
 9235.431
 9235.490
 9235.549
 9235.607
 9235.666
 9235.725
 9235.783
 9235.842
 9235.900
 9235.959
 9236.018
 9236.076
 9236.135
 9236.193
 9236.252
 9236.311
 9236.369
 9236.428
 9236.486
 9236.545
 9236.604
 9236.662
 9236.721
 9236.780
 9236.838
 9236.897
 9236.955
 9237.014
 9237.073
 9237.131
 9237.190
 9237.248
 9237.307
 9237.366
 9237.424
 9237.483
 9237.542
 9237.600
 9237.659
 9237.717
 9237.776
 9237.835
 9237.893
 9237.952
 9238.010
 9238.069
 9238.128
 9238.186
 9238.245
 9238.303
 9238.362
 9238.421
 9238.479
 9238.538
 9238.597
 9238.655
 9238.714
 9238.772
 9238.831
 9238.890
 9238.948
 9239.007
 9239.065
 9239.124
 9239.183
 9239.241
 9239.300
 9239.359
 9239.417
 9239.476
 9239.534
 9239.593
 9239.652
 9239.710
 9239.769
 9239.827
 9239.886
 9239.945
 9240.003
 9240.062
 9240.120
 9240.179
 9240.238
 9240.296
 9240.355
 9240.414
 9240.472
 9240.531
 9240.589
 9240.648
 9240.707
 9240.765
 9240.824
 9240.882
 9240.941
 9241.000
 9241.058
 9241.117
 9241.176
 9241.234
 9241.293
 9241.351
 9241.410
 9241.469
 9241.527
 9241.586
 9241.644
 9241.703
 9241.762
 9241.820
 9241.879
 9241.937
 9241.996
 9242.055
 9242.113
 9242.172
 9242.231
 9242.289
 9242.348
 9242.406
 9242.465
 9242.524
 9242.582
 9242.641
 9242.699
 9242.758
 9242.817
 9242.875
 9242.934
 9242.993
 9243.051
 9243.110
 9243.168
 9243.227
 9243.286
 9243.344
 9243.403
 9243.461
 9243.520
 9243.579
 9243.637
 9243.696
 9243.754
 9243.813
 9243.872
 9243.930
 9243.989
 9244.048
 9244.106
 9244.165
 9244.223
 9244.282
 9244.341
 9244.399
 9244.458
 9244.516
 9244.575
 9244.634
 9244.692
 9244.751
 9244.810
 9244.868
 9244.927
 9244.985
 9245.044
 9245.103
 9245.161
 9245.220
 9245.278
 9245.337
 9245.396
 9245.454
 9245.513
 9245.571
 9245.630
 9245.689
 9245.747
 9245.806
 9245.865
 9245.923
 9245.982
 9246.040
 9246.099
 9246.158
 9246.216
 9246.275
 9246.333
 9246.392
 9246.451
 9246.509
 9246.568
 9246.627
 9246.685
 9246.744
 9246.802
 9246.861
 9246.920
 9246.978
 9247.037
 9247.095
 9247.154
 9247.213
 9247.271
 9247.330
 9247.388
 9247.447
 9247.506
 9247.564
 9247.623
 9247.682
 9247.740
 9247.799
 9247.857
 9247.916
 9247.975
 9248.033
 9248.092
 9248.150
 9248.209
 9248.268
 9248.326
 9248.385
 9248.444
 9248.502
 9248.561
 9248.619
 9248.678
 9248.737
 9248.795
 9248.854
 9248.912
 9248.971
 9249.030
 9249.088
 9249.147
 9249.205
 9249.264
 9249.323
 9249.381
 9249.440
 9249.499
 9249.557
 9249.616
 9249.674
 9249.733
 9249.792
 9249.850
 9249.909
 9249.967
 9250.026
 9250.085
 9250.143
 9250.202
 9250.261
 9250.319
 9250.378
 9250.436
 9250.495
 9250.554
 9250.612
 9250.671
 9250.729
 9250.788
 9250.847
 9250.905
 9250.964
 9251.022
 9251.081
 9251.140
 9251.198
 9251.257
 9251.316
 9251.374
 9251.433
 9251.491
 9251.550
 9251.609
 9251.667
 9251.726
 9251.784
 9251.843
 9251.902
 9251.960
 9252.019
 9252.077
 9252.136
 9252.195
 9252.253
 9252.312
 9252.371
 9252.429
 9252.488
 9252.546
 9252.605
 9252.664
 9252.722
 9252.781
 9252.839
 9252.898
 9252.957
 9253.015
 9253.074
 9253.133
 9253.191
 9253.250
 9253.308
 9253.367
 9253.426
 9253.484
 9253.543
 9253.601
 9253.660
 9253.719
 9253.777
 9253.836
 9253.894
 9253.953
 9254.012
 9254.070
 9254.129
 9254.188
 9254.246
 9254.305
 9254.363
 9254.422
 9254.481
 9254.539
 9254.598
 9254.656
 9254.715
 9254.774
 9254.832
 9254.891
 9254.950
 9255.008
 9255.067
 9255.125
 9255.184
 9255.243
 9255.301
 9255.360
 9255.418
 9255.477
 9255.536
 9255.594
 9255.653
 9255.711
 9255.770
 9255.829
 9255.887
 9255.946
 9256.005
 9256.063
 9256.122
 9256.180
 9256.239
 9256.298
 9256.356
 9256.415
 9256.473
 9256.532
 9256.591
 9256.649
 9256.708
 9256.767
 9256.825
 9256.884
 9256.942
 9257.001
 9257.060
 9257.118
 9257.177
 9257.235
 9257.294
 9257.353
 9257.411
 9257.470
 9257.528
 9257.587
 9257.646
 9257.704
 9257.763
 9257.822
 9257.880
 9257.939
 9257.997
 9258.056
 9258.115
 9258.173
 9258.232
 9258.290
 9258.349
 9258.408
 9258.466
 9258.525
 9258.584
 9258.642
 9258.701
 9258.759
 9258.818
 9258.877
 9258.935
 9258.994
 9259.052
 9259.111
 9259.170
 9259.228
 9259.287
 9259.345
 9259.404
 9259.463
 9259.521
 9259.580
 9259.639
 9259.697
 9259.756
 9259.814
 9259.873
 9259.932
 9259.990
 9260.049
 9260.107
 9260.166
 9260.225
 9260.283
 9260.342
 9260.401
 9260.459
 9260.518
 9260.576
 9260.635
 9260.694
 9260.752
 9260.811
 9260.869
 9260.928
 9260.987
 9261.045
 9261.104
 9261.162
 9261.221
 9261.280
 9261.338
 9261.397
 9261.456
 9261.514
 9261.573
 9261.631
 9261.690
 9261.749
 9261.807
 9261.866
 9261.924
 9261.983
 9262.042
 9262.100
 9262.159
 9262.218
 9262.276
 9262.335
 9262.393
 9262.452
 9262.511
 9262.569
 9262.628
 9262.686
 9262.745
 9262.804
 9262.862
 9262.921
 9262.979
 9263.038
 9263.097
 9263.155
 9263.214
 9263.273
 9263.331
 9263.390
 9263.448
 9263.507
 9263.566
 9263.624
 9263.683
 9263.741
 9263.800
 9263.859
 9263.917
 9263.976
 9264.035
 9264.093
 9264.152
 9264.210
 9264.269
 9264.328
 9264.386
 9264.445
 9264.503
 9264.562
 9264.621
 9264.679
 9264.738
 9264.796
 9264.855
 9264.914
 9264.972
 9265.031
 9265.090
 9265.148
 9265.207
 9265.265
 9265.324
 9265.383
 9265.441
 9265.500
 9265.558
 9265.617
 9265.676
 9265.734
 9265.793
 9265.852
 9265.910
 9265.969
 9266.027
 9266.086
 9266.145
 9266.203
 9266.262
 9266.320
 9266.379
 9266.438
 9266.496
 9266.555
 9266.613
 9266.672
 9266.731
 9266.789
 9266.848
 9266.907
 9266.965
 9267.024
 9267.082
 9267.141
 9267.200
 9267.258
 9267.317
 9267.375
 9267.434
 9267.493
 9267.551
 9267.610
 9267.669
 9267.727
 9267.786
 9267.844
 9267.903
 9267.962
 9268.020
 9268.079
 9268.137
 9268.196
 9268.255
 9268.313
 9268.372
 9268.430
 9268.489
 9268.548
 9268.606
 9268.665
 9268.724
 9268.782
 9268.841
 9268.899
 9268.958
 9269.017
 9269.075
 9269.134
 9269.192
 9269.251
 9269.310
 9269.368
 9269.427
 9269.486
 9269.544
 9269.603
 9269.661
 9269.720
 9269.779
 9269.837
 9269.896
 9269.954
 9270.013
 9270.072
 9270.130
 9270.189
 9270.247
 9270.306
 9270.365
 9270.423
 9270.482
 9270.541
 9270.599
 9270.658
 9270.716
 9270.775
 9270.834
 9270.892
 9270.951
 9271.009
 9271.068
 9271.127
 9271.185
 9271.244
 9271.303
 9271.361
 9271.420
 9271.478
 9271.537
 9271.596
 9271.654
 9271.713
 9271.771
 9271.830
 9271.889
 9271.947
 9272.006
 9272.064
 9272.123
 9272.182
 9272.240
 9272.299
 9272.358
 9272.416
 9272.475
 9272.533
 9272.592
 9272.651
 9272.709
 9272.768
 9272.826
 9272.885
 9272.944
 9273.002
 9273.061
 9273.120
 9273.178
 9273.237
 9273.295
 9273.354
 9273.413
 9273.471
 9273.530
 9273.588
 9273.647
 9273.706
 9273.764
 9273.823
 9273.881
 9273.940
 9273.999
 9274.057
 9274.116
 9274.175
 9274.233
 9274.292
 9274.350
 9274.409
 9274.468
 9274.526
 9274.585
 9274.643
 9274.702
 9274.761
 9274.819
 9274.878
 9274.937
 9274.995
 9275.054
 9275.112
 9275.171
 9275.230
 9275.288
 9275.347
 9275.405
 9275.464
 9275.523
 9275.581
 9275.640
 9275.698
 9275.757
 9275.816
 9275.874
 9275.933
 9275.992
 9276.050
 9276.109
 9276.167
 9276.226
 9276.285
 9276.343
 9276.402
 9276.460
 9276.519
 9276.578
 9276.636
 9276.695
 9276.754
 9276.812
 9276.871
 9276.929
 9276.988
 9277.047
 9277.105
 9277.164
 9277.222
 9277.281
 9277.340
 9277.398
 9277.457
 9277.515
 9277.574
 9277.633
 9277.691
 9277.750
 9277.809
 9277.867
 9277.926
 9277.984
 9278.043
 9278.102
 9278.160
 9278.219
 9278.277
 9278.336
 9278.395
 9278.453
 9278.512
 9278.570
 9278.629
 9278.688
 9278.746
 9278.805
 9278.864
 9278.922
 9278.981
 9279.039
 9279.098
 9279.157
 9279.215
 9279.274
 9279.332
 9279.391
 9279.450
 9279.508
 9279.567
 9279.626
 9279.684
 9279.743
 9279.801
 9279.860
 9279.919
 9279.977
 9280.036
 9280.094
 9280.153
 9280.212
 9280.270
 9280.329
 9280.387
 9280.446
 9280.505
 9280.563
 9280.622
 9280.681
 9280.739
 9280.798
 9280.856
 9280.915
 9280.974
 9281.032
 9281.091
 9281.149
 9281.208
 9281.267
 9281.325
 9281.384
 9281.443
 9281.501
 9281.560
 9281.618
 9281.677
 9281.736
 9281.794
 9281.853
 9281.911
 9281.970
 9282.029
 9282.087
 9282.146
 9282.204
 9282.263
 9282.322
 9282.380
 9282.439
 9282.498
 9282.556
 9282.615
 9282.673
 9282.732
 9282.791
 9282.849
 9282.908
 9282.966
 9283.025
 9283.084
 9283.142
 9283.201
 9283.260
 9283.318
 9283.377
 9283.435
 9283.494
 9283.553
 9283.611
 9283.670
 9283.728
 9283.787
 9283.846
 9283.904
 9283.963
 9284.021
 9284.080
 9284.139
 9284.197
 9284.256
 9284.315
 9284.373
 9284.432
 9284.490
 9284.549
 9284.608
 9284.666
 9284.725
 9284.783
 9284.842
 9284.901
 9284.959
 9285.018
 9285.077
 9285.135
 9285.194
 9285.252
 9285.311
 9285.370
 9285.428
 9285.487
 9285.545
 9285.604
 9285.663
 9285.721
 9285.780
 9285.838
 9285.897
 9285.956
 9286.014
 9286.073
 9286.132
 9286.190
 9286.249
 9286.307
 9286.366
 9286.425
 9286.483
 9286.542
 9286.600
 9286.659
 9286.718
 9286.776
 9286.835
 9286.894
 9286.952
 9287.011
 9287.069
 9287.128
 9287.187
 9287.245
 9287.304
 9287.362
 9287.421
 9287.480
 9287.538
 9287.597
 9287.655
 9287.714
 9287.773
 9287.831
 9287.890
 9287.949
 9288.007
 9288.066
 9288.124
 9288.183
 9288.242
 9288.300
 9288.359
 9288.417
 9288.476
 9288.535
 9288.593
 9288.652
 9288.711
 9288.769
 9288.828
 9288.886
 9288.945
 9289.004
 9289.062
 9289.121
 9289.179
 9289.238
 9289.297
 9289.355
 9289.414
 9289.472
 9289.531
 9289.590
 9289.648
 9289.707
 9289.766
 9289.824
 9289.883
 9289.941
 9290.000
