10077.237
10077.309
10077.381
10077.452
10077.524
10077.595
10077.667
10077.739
10077.810
10077.882
10077.954
10078.025
10078.097
10078.168
10078.240
10078.312
10078.383
10078.455
10078.527
10078.598
10078.670
10078.741
10078.813
10078.885
10078.956
10079.028
10079.099
10079.171
10079.243
10079.314
10079.386
10079.458
10079.529
10079.601
10079.672
10079.744
10079.816
10079.887
10079.959
10080.030
10080.102
10080.174
10080.245
10080.317
10080.389
10080.460
10080.532
10080.603
10080.675
10080.747
10080.818
10080.890
10080.962
10081.033
10081.105
10081.176
10081.248
10081.320
10081.391
10081.463
10081.534
10081.606
10081.678
10081.749
10081.821
10081.893
10081.964
10082.036
10082.107
10082.179
10082.251
10082.322
10082.394
10082.466
10082.537
10082.609
10082.680
10082.752
10082.824
10082.895
10082.967
10083.038
10083.110
10083.182
10083.253
10083.325
10083.397
10083.468
10083.540
10083.611
10083.683
10083.755
10083.826
10083.898
10083.970
10084.041
10084.113
10084.184
10084.256
10084.328
10084.399
10084.471
10084.542
10084.614
10084.686
10084.757
10084.829
10084.901
10084.972
10085.044
10085.115
10085.187
10085.259
10085.330
10085.402
10085.474
10085.545
10085.617
10085.688
10085.760
10085.832
10085.903
10085.975
10086.046
10086.118
10086.190
10086.261
10086.333
10086.405
10086.476
10086.548
10086.619
10086.691
10086.763
10086.834
10086.906
10086.977
10087.049
10087.121
10087.192
10087.264
10087.336
10087.407
10087.479
10087.550
10087.622
10087.694
10087.765
10087.837
10087.909
10087.980
10088.052
10088.123
10088.195
10088.267
10088.338
10088.410
10088.481
10088.553
10088.625
10088.696
10088.768
10088.840
10088.911
10088.983
10089.054
10089.126
10089.198
10089.269
10089.341
10089.413
10089.484
10089.556
10089.627
10089.699
10089.771
10089.842
10089.914
10089.985
10090.057
10090.129
10090.200
10090.272
10090.344
10090.415
10090.487
10090.558
10090.630
10090.702
10090.773
10090.845
10090.917
10090.988
10091.060
10091.131
10091.203
10091.275
10091.346
10091.418
10091.489
10091.561
10091.633
10091.704
10091.776
10091.848
10091.919
10091.991
10092.062
10092.134
10092.206
10092.277
10092.349
10092.420
10092.492
10092.564
10092.635
10092.707
10092.779
10092.850
10092.922
10092.993
10093.065
10093.137
10093.208
10093.280
10093.352
10093.423
10093.495
10093.566
10093.638
10093.710
10093.781
10093.853
10093.924
10093.996
10094.068
10094.139
10094.211
10094.283
10094.354
10094.426
10094.497
10094.569
10094.641
10094.712
10094.784
10094.856
10094.927
10094.999
10095.070
10095.142
10095.214
10095.285
10095.357
10095.428
10095.500
10095.572
10095.643
10095.715
10095.787
10095.858
10095.930
10096.001
10096.073
10096.145
10096.216
10096.288
10096.360
10096.431
10096.503
10096.574
10096.646
10096.718
10096.789
10096.861
10096.932
10097.004
10097.076
10097.147
10097.219
10097.291
10097.362
10097.434
10097.505
10097.577
10097.649
10097.720
10097.792
10097.864
10097.935
10098.007
10098.078
10098.150
10098.222
10098.293
10098.365
10098.436
10098.508
10098.580
10098.651
10098.723
10098.795
10098.866
10098.938
10099.009
10099.081
10099.153
10099.224
10099.296
10099.367
10099.439
10099.511
10099.582
10099.654
10099.726
10099.797
10099.869
10099.940
10100.012
10100.084
10100.155
10100.227
10100.299
10100.370
10100.442
10100.513
10100.585
10100.657
10100.728
10100.800
10100.871
10100.943
10101.015
10101.086
10101.158
10101.230
10101.301
10101.373
10101.444
10101.516
10101.588
10101.659
10101.731
10101.803
10101.874
10101.946
10102.017
10102.089
10102.161
10102.232
10102.304
10102.375
10102.447
10102.519
10102.590
10102.662
10102.734
10102.805
10102.877
10102.948
10103.020
10103.092
10103.163
10103.235
10103.307
10103.378
10103.450
10103.521
10103.593
10103.665
10103.736
10103.808
10103.879
10103.951
10104.023
10104.094
10104.166
10104.238
10104.309
10104.381
10104.452
10104.524
10104.596
10104.667
10104.739
10104.810
10104.882
10104.954
10105.025
10105.097
10105.169
10105.240
10105.312
10105.383
10105.455
10105.527
10105.598
10105.670
10105.742
10105.813
10105.885
10105.956
10106.028
10106.100
10106.171
10106.243
10106.314
10106.386
10106.458
10106.529
10106.601
10106.673
10106.744
10106.816
10106.887
10106.959
10107.031
10107.102
10107.174
10107.246
10107.317
10107.389
10107.460
10107.532
10107.604
10107.675
10107.747
10107.818
10107.890
10107.962
10108.033
10108.105
10108.177
10108.248
10108.320
10108.391
10108.463
10108.535
10108.606
10108.678
10108.750
10108.821
10108.893
10108.964
10109.036
10109.108
10109.179
10109.251
10109.322
10109.394
10109.466
10109.537
10109.609
10109.681
10109.752
10109.824
10109.895
10109.967
10110.039
10110.110
10110.182
10110.253
10110.325
10110.397
10110.468
10110.540
10110.612
10110.683
10110.755
10110.826
10110.898
10110.970
10111.041
10111.113
10111.185
10111.256
10111.328
10111.399
10111.471
10111.543
10111.614
10111.686
10111.757
10111.829
10111.901
10111.972
10112.044
10112.116
10112.187
10112.259
10112.330
10112.402
10112.474
10112.545
10112.617
10112.689
10112.760
10112.832
10112.903
10112.975
10113.047
10113.118
10113.190
10113.261
10113.333
10113.405
10113.476
10113.548
10113.620
10113.691
10113.763
10113.834
10113.906
10113.978
10114.049
10114.121
10114.193
10114.264
10114.336
10114.407
10114.479
10114.551
10114.622
10114.694
10114.765
10114.837
10114.909
10114.980
10115.052
10115.124
10115.195
10115.267
10115.338
10115.410
10115.482
10115.553
10115.625
10115.697
10115.768
10115.840
10115.911
10115.983
10116.055
10116.126
10116.198
10116.269
10116.341
10116.413
10116.484
10116.556
10116.628
10116.699
10116.771
10116.842
10116.914
10116.986
10117.057
10117.129
10117.200
10117.272
10117.344
10117.415
10117.487
10117.559
10117.630
10117.702
10117.773
10117.845
10117.917
10117.988
10118.060
10118.132
10118.203
10118.275
10118.346
10118.418
10118.490
10118.561
10118.633
10118.704
10118.776
10118.848
10118.919
10118.991
10119.063
10119.134
10119.206
10119.277
10119.349
10119.421
10119.492
10119.564
10119.636
10119.707
10119.779
10119.850
10119.922
10119.994
10120.065
10120.137
10120.208
10120.280
10120.352
10120.423
10120.495
10120.567
10120.638
10120.710
10120.781
10120.853
10120.925
10120.996
10121.068
10121.140
10121.211
10121.283
10121.354
10121.426
10121.498
10121.569
10121.641
10121.712
10121.784
10121.856
10121.927
10121.999
10122.071
10122.142
10122.214
10122.285
10122.357
10122.429
10122.500
10122.572
10122.643
10122.715
10122.787
10122.858
10122.930
10123.002
10123.073
10123.145
10123.216
10123.288
10123.360
10123.431
10123.503
10123.575
10123.646
10123.718
10123.789
10123.861
10123.933
10124.004
10124.076
10124.147
10124.219
10124.291
10124.362
10124.434
10124.506
10124.577
10124.649
10124.720
10124.792
10124.864
10124.935
10125.007
10125.079
10125.150
10125.222
10125.293
10125.365
10125.437
10125.508
10125.580
10125.651
10125.723
10125.795
10125.866
10125.938
10126.010
10126.081
10126.153
10126.224
10126.296
10126.368
10126.439
10126.511
10126.583
10126.654
10126.726
10126.797
10126.869
10126.941
10127.012
10127.084
10127.155
10127.227
10127.299
10127.370
10127.442
10127.514
10127.585
10127.657
10127.728
10127.800
10127.872
10127.943
10128.015
10128.087
10128.158
10128.230
10128.301
10128.373
10128.445
10128.516
10128.588
10128.659
10128.731
10128.803
10128.874
10128.946
10129.018
10129.089
10129.161
10129.232
10129.304
10129.376
10129.447
10129.519
10129.590
10129.662
10129.734
10129.805
10129.877
10129.949
10130.020
10130.092
10130.163
10130.235
10130.307
10130.378
10130.450
10130.522
10130.593
10130.665
10130.736
10130.808
10130.880
10130.951
10131.023
10131.094
10131.166
10131.238
10131.309
10131.381
10131.453
10131.524
10131.596
10131.667
10131.739
10131.811
10131.882
10131.954
10132.026
10132.097
10132.169
10132.240
10132.312
10132.384
10132.455
10132.527
10132.598
10132.670
10132.742
10132.813
10132.885
10132.957
10133.028
10133.100
10133.171
10133.243
10133.315
10133.386
10133.458
10133.530
10133.601
10133.673
10133.744
10133.816
10133.888
10133.959
10134.031
10134.102
10134.174
10134.246
10134.317
10134.389
10134.461
10134.532
10134.604
10134.675
10134.747
10134.819
10134.890
10134.962
10135.033
10135.105
10135.177
10135.248
10135.320
10135.392
10135.463
10135.535
10135.606
10135.678
10135.750
10135.821
10135.893
10135.965
10136.036
10136.108
10136.179
10136.251
10136.323
10136.394
10136.466
10136.537
10136.609
10136.681
10136.752
10136.824
10136.896
10136.967
10137.039
10137.110
10137.182
10137.254
10137.325
10137.397
10137.469
10137.540
10137.612
10137.683
10137.755
10137.827
10137.898
10137.970
10138.041
10138.113
10138.185
10138.256
10138.328
10138.400
10138.471
10138.543
10138.614
10138.686
10138.758
10138.829
10138.901
10138.973
10139.044
10139.116
10139.187
10139.259
10139.331
10139.402
10139.474
10139.545
10139.617
10139.689
10139.760
10139.832
10139.904
10139.975
10140.047
10140.118
10140.190
10140.262
10140.333
10140.405
10140.477
10140.548
10140.620
10140.691
10140.763
10140.835
10140.906
10140.978
10141.049
10141.121
10141.193
10141.264
10141.336
10141.408
10141.479
10141.551
10141.622
10141.694
10141.766
10141.837
10141.909
10141.980
10142.052
10142.124
10142.195
10142.267
10142.339
10142.410
10142.482
10142.553
10142.625
10142.697
10142.768
10142.840
10142.912
10142.983
10143.055
10143.126
10143.198
10143.270
10143.341
10143.413
10143.484
10143.556
10143.628
10143.699
10143.771
10143.843
10143.914
10143.986
10144.057
10144.129
10144.201
10144.272
10144.344
10144.416
10144.487
10144.559
10144.630
10144.702
10144.774
10144.845
10144.917
10144.988
10145.060
10145.132
10145.203
10145.275
10145.347
10145.418
10145.490
10145.561
10145.633
10145.705
10145.776
10145.848
10145.920
10145.991
10146.063
10146.134
10146.206
10146.278
10146.349
10146.421
10146.492
10146.564
10146.636
10146.707
10146.779
10146.851
10146.922
10146.994
10147.065
10147.137
10147.209
10147.280
10147.352
10147.423
10147.495
10147.567
10147.638
10147.710
10147.782
10147.853
10147.925
10147.996
10148.068
10148.140
10148.211
10148.283
10148.355
10148.426
10148.498
10148.569
10148.641
10148.713
10148.784
10148.856
10148.927
10148.999
10149.071
10149.142
10149.214
10149.286
10149.357
10149.429
10149.500
10149.572
10149.644
10149.715
10149.787
10149.859
10149.930
10150.002
10150.073
10150.145
10150.217
10150.288
10150.360
10150.431
10150.503
10150.575
10150.646
10150.718
10150.790
10150.861
10150.933
10151.004
10151.076
10151.148
10151.219
10151.291
10151.363
10151.434
10151.506
10151.577
10151.649
10151.721
10151.792
10151.864
10151.935
10152.007
10152.079
10152.150
10152.222
10152.294
10152.365
10152.437
10152.508
10152.580
10152.652
10152.723
10152.795
10152.866
10152.938
10153.010
10153.081
10153.153
10153.225
10153.296
10153.368
10153.439
10153.511
10153.583
10153.654
10153.726
10153.798
10153.869
10153.941
10154.012
10154.084
10154.156
10154.227
10154.299
10154.370
10154.442
10154.514
10154.585
10154.657
10154.729
10154.800
10154.872
10154.943
10155.015
10155.087
10155.158
10155.230
10155.302
10155.373
10155.445
10155.516
10155.588
10155.660
10155.731
10155.803
10155.874
10155.946
10156.018
10156.089
10156.161
10156.233
10156.304
10156.376
10156.447
10156.519
10156.591
10156.662
10156.734
10156.806
10156.877
10156.949
10157.020
10157.092
10157.164
10157.235
10157.307
10157.378
10157.450
10157.522
10157.593
10157.665
10157.737
10157.808
10157.880
10157.951
10158.023
10158.095
10158.166
10158.238
10158.310
10158.381
10158.453
10158.524
10158.596
10158.668
10158.739
10158.811
10158.882
10158.954
10159.026
10159.097
10159.169
10159.241
10159.312
10159.384
10159.455
10159.527
10159.599
10159.670
10159.742
10159.813
10159.885
10159.957
10160.028
10160.100
10160.172
10160.243
10160.315
10160.386
10160.458
10160.530
10160.601
10160.673
10160.745
10160.816
10160.888
10160.959
10161.031
10161.103
10161.174
10161.246
10161.317
10161.389
10161.461
10161.532
10161.604
10161.676
10161.747
10161.819
10161.890
10161.962
10162.034
10162.105
10162.177
10162.249
10162.320
10162.392
10162.463
10162.535
10162.607
10162.678
10162.750
10162.821
10162.893
10162.965
10163.036
10163.108
10163.180
10163.251
10163.323
10163.394
10163.466
10163.538
10163.609
10163.681
10163.753
10163.824
10163.896
10163.967
10164.039
10164.111
10164.182
10164.254
10164.325
10164.397
10164.469
10164.540
10164.612
10164.684
10164.755
10164.827
10164.898
10164.970
10165.042
10165.113
10165.185
10165.256
10165.328
10165.400
10165.471
10165.543
10165.615
10165.686
10165.758
10165.829
10165.901
10165.973
10166.044
10166.116
10166.188
10166.259
10166.331
10166.402
10166.474
10166.546
10166.617
10166.689
10166.760
10166.832
10166.904
10166.975
10167.047
10167.119
10167.190
10167.262
10167.333
10167.405
10167.477
10167.548
10167.620
10167.692
10167.763
10167.835
10167.906
10167.978
10168.050
10168.121
10168.193
10168.264
10168.336
10168.408
10168.479
10168.551
10168.623
10168.694
10168.766
10168.837
10168.909
10168.981
10169.052
10169.124
10169.196
10169.267
10169.339
10169.410
10169.482
10169.554
10169.625
10169.697
10169.768
10169.840
10169.912
10169.983
10170.055
10170.127
10170.198
10170.270
10170.341
10170.413
10170.485
10170.556
10170.628
10170.700
10170.771
10170.843
10170.914
10170.986
10171.058
10171.129
10171.201
10171.272
10171.344
10171.416
10171.487
10171.559
10171.631
10171.702
10171.774
10171.845
10171.917
10171.989
10172.060
10172.132
10172.203
10172.275
10172.347
10172.418
10172.490
10172.562
10172.633
10172.705
10172.776
10172.848
10172.920
10172.991
10173.063
10173.135
10173.206
10173.278
10173.349
10173.421
10173.493
10173.564
10173.636
10173.707
10173.779
10173.851
10173.922
10173.994
10174.066
10174.137
10174.209
10174.280
10174.352
10174.424
10174.495
10174.567
10174.639
10174.710
10174.782
10174.853
10174.925
10174.997
10175.068
10175.140
10175.211
10175.283
10175.355
10175.426
10175.498
10175.570
10175.641
10175.713
10175.784
10175.856
10175.928
10175.999
10176.071
10176.143
10176.214
10176.286
10176.357
10176.429
10176.501
10176.572
10176.644
10176.715
10176.787
10176.859
10176.930
10177.002
10177.074
10177.145
10177.217
10177.288
10177.360
10177.432
10177.503
10177.575
10177.646
10177.718
10177.790
10177.861
10177.933
10178.005
10178.076
10178.148
10178.219
10178.291
10178.363
10178.434
10178.506
10178.578
10178.649
10178.721
10178.792
10178.864
10178.936
10179.007
10179.079
10179.150
10179.222
10179.294
10179.365
10179.437
10179.509
10179.580
10179.652
10179.723
10179.795
10179.867
10179.938
10180.010
10180.082
10180.153
10180.225
10180.296
10180.368
10180.440
10180.511
10180.583
10180.654
10180.726
10180.798
10180.869
10180.941
10181.013
10181.084
10181.156
10181.227
10181.299
10181.371
10181.442
10181.514
10181.586
10181.657
10181.729
10181.800
10181.872
10181.944
10182.015
10182.087
10182.158
10182.230
10182.302
10182.373
10182.445
10182.517
10182.588
10182.660
10182.731
10182.803
10182.875
10182.946
10183.018
10183.090
10183.161
10183.233
10183.304
10183.376
10183.448
10183.519
10183.591
10183.662
10183.734
10183.806
10183.877
10183.949
10184.021
10184.092
10184.164
10184.235
10184.307
10184.379
10184.450
10184.522
10184.593
10184.665
10184.737
10184.808
10184.880
10184.952
10185.023
10185.095
10185.166
10185.238
10185.310
10185.381
10185.453
10185.525
10185.596
10185.668
10185.739
10185.811
10185.883
10185.954
10186.026
10186.097
10186.169
10186.241
10186.312
10186.384
10186.456
10186.527
10186.599
10186.670
10186.742
10186.814
10186.885
10186.957
10187.029
10187.100
10187.172
10187.243
10187.315
10187.387
10187.458
10187.530
10187.601
10187.673
10187.745
10187.816
10187.888
10187.960
10188.031
10188.103
10188.174
10188.246
10188.318
10188.389
10188.461
10188.533
10188.604
10188.676
10188.747
10188.819
10188.891
10188.962
10189.034
10189.105
10189.177
10189.249
10189.320
10189.392
10189.464
10189.535
10189.607
10189.678
10189.750
10189.822
10189.893
10189.965
10190.036
10190.108
10190.180
10190.251
10190.323
10190.395
10190.466
10190.538
10190.609
10190.681
10190.753
10190.824
10190.896
10190.968
10191.039
10191.111
10191.182
10191.254
10191.326
10191.397
10191.469
10191.540
10191.612
10191.684
10191.755
10191.827
10191.899
10191.970
10192.042
10192.113
10192.185
10192.257
10192.328
10192.400
10192.472
10192.543
10192.615
10192.686
10192.758
10192.830
10192.901
10192.973
10193.044
10193.116
10193.188
10193.259
10193.331
10193.403
10193.474
10193.546
10193.617
10193.689
10193.761
10193.832
10193.904
10193.976
10194.047
10194.119
10194.190
10194.262
10194.334
10194.405
10194.477
10194.548
10194.620
10194.692
10194.763
10194.835
10194.907
10194.978
10195.050
10195.121
10195.193
10195.265
10195.336
10195.408
10195.479
10195.551
10195.623
10195.694
10195.766
10195.838
10195.909
10195.981
10196.052
10196.124
10196.196
10196.267
10196.339
10196.411
10196.482
10196.554
10196.625
10196.697
10196.769
10196.840
10196.912
10196.983
10197.055
10197.127
10197.198
10197.270
10197.342
10197.413
10197.485
10197.556
10197.628
10197.700
10197.771
10197.843
10197.915
10197.986
10198.058
10198.129
10198.201
10198.273
10198.344
10198.416
10198.487
10198.559
10198.631
10198.702
10198.774
10198.846
10198.917
10198.989
10199.060
10199.132
10199.204
10199.275
10199.347
10199.419
10199.490
10199.562
10199.633
10199.705
10199.777
10199.848
10199.920
10199.991
10200.063
10200.135
10200.206
10200.278
10200.350
10200.421
10200.493
10200.564
10200.636
10200.708
10200.779
10200.851
10200.923
10200.994
10201.066
10201.137
10201.209
10201.281
10201.352
10201.424
10201.495
10201.567
10201.639
10201.710
10201.782
10201.854
10201.925
10201.997
10202.068
10202.140
10202.212
10202.283
10202.355
10202.426
10202.498
10202.570
10202.641
10202.713
10202.785
10202.856
10202.928
10202.999
10203.071
10203.143
10203.214
10203.286
10203.358
10203.429
10203.501
10203.572
10203.644
10203.716
10203.787
10203.859
10203.930
10204.002
10204.074
10204.145
10204.217
10204.289
10204.360
10204.432
10204.503
10204.575
10204.647
10204.718
10204.790
10204.862
10204.933
10205.005
10205.076
10205.148
10205.220
10205.291
10205.363
10205.434
10205.506
10205.578
10205.649
10205.721
10205.793
10205.864
10205.936
10206.007
10206.079
10206.151
10206.222
10206.294
10206.366
10206.437
10206.509
10206.580
10206.652
10206.724
10206.795
10206.867
10206.938
10207.010
10207.082
10207.153
10207.225
10207.297
10207.368
10207.440
10207.511
10207.583
10207.655
10207.726
10207.798
10207.869
10207.941
10208.013
10208.084
10208.156
10208.228
10208.299
10208.371
10208.442
10208.514
10208.586
10208.657
10208.729
10208.801
10208.872
10208.944
10209.015
10209.087
10209.159
10209.230
10209.302
10209.373
10209.445
10209.517
10209.588
10209.660
10209.732
10209.803
10209.875
10209.946
10210.018
10210.090
10210.161
10210.233
10210.305
10210.376
10210.448
10210.519
10210.591
10210.663
10210.734
10210.806
10210.877
10210.949
10211.021
10211.092
10211.164
10211.236
10211.307
10211.379
10211.450
10211.522
10211.594
10211.665
10211.737
10211.809
10211.880
10211.952
10212.023
10212.095
10212.167
10212.238
10212.310
10212.381
10212.453
10212.525
10212.596
10212.668
10212.740
10212.811
10212.883
10212.954
10213.026
10213.098
10213.169
10213.241
10213.313
10213.384
10213.456
10213.527
10213.599
10213.671
10213.742
10213.814
10213.885
10213.957
10214.029
10214.100
10214.172
10214.244
10214.315
10214.387
10214.458
10214.530
10214.602
10214.673
10214.745
10214.816
10214.888
10214.960
10215.031
10215.103
10215.175
10215.246
10215.318
10215.389
10215.461
10215.533
10215.604
10215.676
10215.748
10215.819
10215.891
10215.962
10216.034
10216.106
10216.177
10216.249
10216.320
10216.392
10216.464
10216.535
10216.607
10216.679
10216.750
10216.822
10216.893
10216.965
10217.037
10217.108
10217.180
10217.252
10217.323
10217.395
10217.466
10217.538
10217.610
10217.681
10217.753
10217.824
10217.896
10217.968
10218.039
10218.111
10218.183
10218.254
10218.326
10218.397
10218.469
10218.541
10218.612
10218.684
10218.756
10218.827
10218.899
10218.970
10219.042
10219.114
10219.185
10219.257
10219.328
10219.400
10219.472
10219.543
10219.615
10219.687
10219.758
10219.830
10219.901
10219.973
10220.045
10220.116
10220.188
10220.259
10220.331
10220.403
10220.474
10220.546
10220.618
10220.689
10220.761
10220.832
10220.904
10220.976
10221.047
10221.119
10221.191
10221.262
10221.334
10221.405
10221.477
10221.549
10221.620
10221.692
10221.763
10221.835
10221.907
10221.978
10222.050
10222.122
10222.193
10222.265
10222.336
10222.408
10222.480
10222.551
10222.623
10222.695
10222.766
10222.838
10222.909
10222.981
10223.053
10223.124
10223.196
10223.267
10223.339
10223.411
10223.482
10223.554
10223.626
10223.697
10223.769
10223.840
10223.912
10223.984
10224.055
10224.127
10224.199
10224.270
10224.342
10224.413
10224.485
10224.557
10224.628
10224.700
10224.771
10224.843
10224.915
10224.986
10225.058
10225.130
10225.201
10225.273
10225.344
10225.416
10225.488
10225.559
10225.631
10225.703
10225.774
10225.846
10225.917
10225.989
10226.061
10226.132
10226.204
10226.275
10226.347
10226.419
10226.490
10226.562
10226.634
10226.705
10226.777
10226.848
10226.920
10226.992
10227.063
10227.135
10227.206
10227.278
10227.350
10227.421
10227.493
10227.565
10227.636
10227.708
10227.779
10227.851
10227.923
10227.994
10228.066
10228.138
10228.209
10228.281
10228.352
10228.424
10228.496
10228.567
10228.639
10228.710
10228.782
10228.854
10228.925
10228.997
10229.069
10229.140
10229.212
10229.283
10229.355
10229.427
10229.498
10229.570
10229.642
10229.713
10229.785
10229.856
10229.928
10230.000
10230.071
10230.143
10230.214
10230.286
10230.358
10230.429
10230.501
10230.573
10230.644
10230.716
10230.787
10230.859
10230.931
10231.002
10231.074
10231.146
10231.217
10231.289
10231.360
10231.432
10231.504
10231.575
10231.647
10231.718
10231.790
10231.862
10231.933
10232.005
10232.077
10232.148
10232.220
10232.291
10232.363
10232.435
10232.506
10232.578
10232.649
10232.721
10232.793
10232.864
10232.936
10233.008
10233.079
10233.151
10233.222
10233.294
10233.366
10233.437
10233.509
10233.581
10233.652
10233.724
10233.795
10233.867
10233.939
10234.010
10234.082
10234.153
10234.225
10234.297
10234.368
10234.440
10234.512
10234.583
10234.655
10234.726
10234.798
10234.870
10234.941
10235.013
10235.085
10235.156
10235.228
10235.299
10235.371
10235.443
10235.514
10235.586
10235.657
10235.729
10235.801
10235.872
10235.944
10236.016
10236.087
10236.159
10236.230
10236.302
10236.374
10236.445
10236.517
10236.589
10236.660
10236.732
10236.803
10236.875
10236.947
10237.018
10237.090
10237.161
10237.233
10237.305
10237.376
10237.448
10237.520
10237.591
10237.663
10237.734
10237.806
10237.878
10237.949
10238.021
10238.092
10238.164
10238.236
10238.307
10238.379
10238.451
10238.522
10238.594
10238.665
10238.737
10238.809
10238.880
10238.952
10239.024
10239.095
10239.167
10239.238
10239.310
10239.382
10239.453
10239.525
10239.596
10239.668
10239.740
10239.811
10239.883
10239.955
10240.026
10240.098
10240.169
10240.241
10240.313
10240.384
10240.456
10240.528
10240.599
10240.671
10240.742
10240.814
10240.886
10240.957
10241.029
10241.100
10241.172
10241.244
10241.315
10241.387
10241.459
10241.530
10241.602
10241.673
10241.745
10241.817
10241.888
10241.960
10242.032
10242.103
10242.175
10242.246
10242.318
10242.390
10242.461
10242.533
10242.604
10242.676
10242.748
10242.819
10242.891
10242.963
10243.034
10243.106
10243.177
10243.249
10243.321
10243.392
10243.464
10243.536
10243.607
10243.679
10243.750
10243.822
10243.894
10243.965
10244.037
10244.108
10244.180
10244.252
10244.323
10244.395
10244.467
10244.538
10244.610
10244.681
10244.753
10244.825
10244.896
10244.968
10245.039
10245.111
10245.183
10245.254
10245.326
10245.398
10245.469
10245.541
10245.612
10245.684
10245.756
10245.827
10245.899
10245.971
10246.042
10246.114
10246.185
10246.257
10246.329
10246.400
10246.472
10246.543
10246.615
10246.687
10246.758
10246.830
10246.902
10246.973
10247.045
10247.116
10247.188
10247.260
10247.331
10247.403
10247.475
10247.546
10247.618
10247.689
10247.761
10247.833
10247.904
10247.976
10248.047
10248.119
10248.191
10248.262
10248.334
10248.406
10248.477
10248.549
10248.620
10248.692
10248.764
10248.835
10248.907
10248.979
10249.050
10249.122
10249.193
10249.265
10249.337
10249.408
10249.480
10249.551
10249.623
10249.695
10249.766
10249.838
10249.910
10249.981
10250.053
10250.124
10250.196
10250.268
10250.339
10250.411
10250.482
10250.554
10250.626
10250.697
10250.769
10250.841
10250.912
10250.984
10251.055
10251.127
10251.199
10251.270
10251.342
10251.414
10251.485
10251.557
10251.628
10251.700
10251.772
10251.843
10251.915
10251.986
10252.058
10252.130
10252.201
10252.273
10252.345
10252.416
10252.488
10252.559
10252.631
10252.703
10252.774
10252.846
10252.918
10252.989
10253.061
10253.132
10253.204
10253.276
10253.347
10253.419
10253.490
10253.562
10253.634
10253.705
10253.777
10253.849
10253.920
10253.992
10254.063
10254.135
10254.207
10254.278
10254.350
10254.422
10254.493
10254.565
10254.636
10254.708
10254.780
10254.851
10254.923
10254.994
10255.066
10255.138
10255.209
10255.281
10255.353
10255.424
10255.496
10255.567
10255.639
10255.711
10255.782
10255.854
10255.926
10255.997
10256.069
10256.140
10256.212
10256.284
10256.355
10256.427
10256.498
10256.570
10256.642
10256.713
10256.785
10256.857
10256.928
10257.000
10257.071
10257.143
10257.215
10257.286
10257.358
10257.429
10257.501
10257.573
10257.644
10257.716
10257.788
10257.859
10257.931
10258.002
10258.074
10258.146
10258.217
10258.289
10258.361
10258.432
10258.504
10258.575
10258.647
10258.719
10258.790
10258.862
10258.933
10259.005
10259.077
10259.148
10259.220
10259.292
10259.363
10259.435
10259.506
10259.578
10259.650
10259.721
10259.793
10259.865
10259.936
10260.008
10260.079
10260.151
10260.223
10260.294
10260.366
10260.437
10260.509
10260.581
10260.652
10260.724
10260.796
10260.867
10260.939
10261.010
10261.082
10261.154
10261.225
10261.297
10261.369
10261.440
10261.512
10261.583
10261.655
10261.727
10261.798
10261.870
10261.941
10262.013
10262.085
10262.156
10262.228
10262.300
10262.371
10262.443
10262.514
10262.586
10262.658
10262.729
10262.801
10262.872
10262.944
10263.016
10263.087
10263.159
10263.231
10263.302
10263.374
10263.445
10263.517
10263.589
10263.660
10263.732
10263.804
10263.875
10263.947
10264.018
10264.090
10264.162
10264.233
10264.305
10264.376
10264.448
10264.520
10264.591
10264.663
10264.735
10264.806
10264.878
10264.949
10265.021
10265.093
10265.164
10265.236
10265.308
10265.379
10265.451
10265.522
10265.594
10265.666
10265.737
10265.809
10265.880
10265.952
10266.024
10266.095
10266.167
10266.239
10266.310
10266.382
10266.453
10266.525
10266.597
10266.668
10266.740
10266.812
10266.883
10266.955
10267.026
10267.098
10267.170
10267.241
10267.313
10267.384
10267.456
10267.528
10267.599
10267.671
10267.743
10267.814
10267.886
10267.957
10268.029
10268.101
10268.172
10268.244
10268.315
10268.387
10268.459
10268.530
10268.602
10268.674
10268.745
10268.817
10268.888
10268.960
10269.032
10269.103
10269.175
10269.247
10269.318
10269.390
10269.461
10269.533
10269.605
10269.676
10269.748
10269.819
10269.891
10269.963
10270.034
10270.106
10270.178
10270.249
10270.321
10270.392
10270.464
10270.536
10270.607
10270.679
10270.751
10270.822
10270.894
10270.965
10271.037
10271.109
10271.180
10271.252
10271.323
10271.395
10271.467
10271.538
10271.610
10271.682
10271.753
10271.825
10271.896
10271.968
10272.040
10272.111
10272.183
10272.255
10272.326
10272.398
10272.469
10272.541
10272.613
10272.684
10272.756
10272.827
10272.899
10272.971
10273.042
10273.114
10273.186
10273.257
10273.329
10273.400
10273.472
10273.544
10273.615
10273.687
10273.759
10273.830
10273.902
10273.973
10274.045
10274.117
10274.188
10274.260
10274.331
10274.403
10274.475
10274.546
10274.618
10274.690
10274.761
10274.833
10274.904
10274.976
10275.048
10275.119
10275.191
10275.262
10275.334
10275.406
10275.477
10275.549
10275.621
10275.692
10275.764
10275.835
10275.907
10275.979
10276.050
10276.122
10276.194
10276.265
10276.337
10276.408
10276.480
10276.552
10276.623
10276.695
10276.766
10276.838
10276.910
10276.981
10277.053
10277.125
10277.196
10277.268
10277.339
10277.411
10277.483
10277.554
10277.626
10277.698
10277.769
10277.841
10277.912
10277.984
10278.056
10278.127
10278.199
10278.270
10278.342
10278.414
10278.485
10278.557
10278.629
10278.700
10278.772
10278.843
10278.915
10278.987
10279.058
10279.130
10279.202
10279.273
10279.345
10279.416
10279.488
10279.560
10279.631
10279.703
10279.774
10279.846
10279.918
10279.989
10280.061
10280.133
10280.204
10280.276
10280.347
10280.419
10280.491
10280.562
10280.634
10280.705
10280.777
10280.849
10280.920
10280.992
10281.064
10281.135
10281.207
10281.278
10281.350
10281.422
10281.493
10281.565
10281.637
10281.708
10281.780
10281.851
10281.923
10281.995
10282.066
10282.138
10282.209
10282.281
10282.353
10282.424
10282.496
10282.568
10282.639
10282.711
10282.782
10282.854
10282.926
10282.997
10283.069
10283.141
10283.212
10283.284
10283.355
10283.427
10283.499
10283.570
10283.642
10283.713
10283.785
10283.857
10283.928
10284.000
10284.072
10284.143
10284.215
10284.286
10284.358
10284.430
10284.501
10284.573
10284.645
10284.716
10284.788
10284.859
10284.931
10285.003
10285.074
10285.146
10285.217
10285.289
10285.361
10285.432
10285.504
10285.576
10285.647
10285.719
10285.790
10285.862
10285.934
10286.005
10286.077
10286.149
10286.220
10286.292
10286.363
10286.435
10286.507
10286.578
10286.650
10286.721
10286.793
10286.865
10286.936
10287.008
10287.080
10287.151
10287.223
10287.294
10287.366
10287.438
10287.509
10287.581
10287.652
10287.724
10287.796
10287.867
10287.939
10288.011
10288.082
10288.154
10288.225
10288.297
10288.369
10288.440
10288.512
10288.584
10288.655
10288.727
10288.798
10288.870
10288.942
10289.013
10289.085
10289.156
10289.228
10289.300
10289.371
10289.443
10289.515
10289.586
10289.658
10289.729
10289.801
10289.873
10289.944
10290.016
10290.088
10290.159
10290.231
10290.302
10290.374
10290.446
10290.517
10290.589
10290.660
10290.732
10290.804
10290.875
10290.947
10291.019
10291.090
10291.162
10291.233
10291.305
10291.377
10291.448
10291.520
10291.592
10291.663
10291.735
10291.806
10291.878
10291.950
10292.021
10292.093
10292.164
10292.236
10292.308
10292.379
10292.451
10292.523
10292.594
10292.666
10292.737
10292.809
10292.881
10292.952
10293.024
10293.095
10293.167
10293.239
10293.310
10293.382
10293.454
10293.525
10293.597
10293.668
10293.740
10293.812
10293.883
10293.955
10294.027
10294.098
10294.170
10294.241
10294.313
10294.385
10294.456
10294.528
10294.599
10294.671
10294.743
10294.814
10294.886
10294.958
10295.029
10295.101
10295.172
10295.244
10295.316
10295.387
10295.459
10295.531
10295.602
10295.674
10295.745
10295.817
10295.889
10295.960
10296.032
10296.103
10296.175
10296.247
10296.318
10296.390
10296.462
10296.533
10296.605
10296.676
10296.748
10296.820
10296.891
10296.963
10297.035
10297.106
10297.178
