 9900.000
 9900.072
 9900.143
 9900.215
 9900.287
 9900.358
 9900.430
 9900.501
 9900.573
 9900.645
 9900.716
 9900.788
 9900.860
 9900.931
 9901.003
 9901.075
 9901.146
 9901.218
 9901.289
 9901.361
 9901.433
 9901.504
 9901.576
 9901.648
 9901.719
 9901.791
 9901.863
 9901.934
 9902.006
 9902.077
 9902.149
 9902.221
 9902.292
 9902.364
 9902.436
 9902.507
 9902.579
 9902.651
 9902.722
 9902.794
 9902.866
 9902.937
 9903.009
 9903.080
 9903.152
 9903.224
 9903.295
 9903.367
 9903.439
 9903.510
 9903.582
 9903.654
 9903.725
 9903.797
 9903.868
 9903.940
 9904.012
 9904.083
 9904.155
 9904.227
 9904.298
 9904.370
 9904.442
 9904.513
 9904.585
 9904.656
 9904.728
 9904.800
 9904.871
 9904.943
 9905.015
 9905.086
 9905.158
 9905.230
 9905.301
 9905.373
 9905.444
 9905.516
 9905.588
 9905.659
 9905.731
 9905.803
 9905.874
 9905.946
 9906.018
 9906.089
 9906.161
 9906.232
 9906.304
 9906.376
 9906.447
 9906.519
 9906.591
 9906.662
 9906.734
 9906.806
 9906.877
 9906.949
 9907.021
 9907.092
 9907.164
 9907.235
 9907.307
 9907.379
 9907.450
 9907.522
 9907.594
 9907.665
 9907.737
 9907.809
 9907.880
 9907.952
 9908.023
 9908.095
 9908.167
 9908.238
 9908.310
 9908.382
 9908.453
 9908.525
 9908.597
 9908.668
 9908.740
 9908.811
 9908.883
 9908.955
 9909.026
 9909.098
 9909.170
 9909.241
 9909.313
 9909.385
 9909.456
 9909.528
 9909.599
 9909.671
 9909.743
 9909.814
 9909.886
 9909.958
 9910.029
 9910.101
 9910.173
 9910.244
 9910.316
 9910.387
 9910.459
 9910.531
 9910.602
 9910.674
 9910.746
 9910.817
 9910.889
 9910.961
 9911.032
 9911.104
 9911.176
 9911.247
 9911.319
 9911.390
 9911.462
 9911.534
 9911.605
 9911.677
 9911.749
 9911.820
 9911.892
 9911.964
 9912.035
 9912.107
 9912.178
 9912.250
 9912.322
 9912.393
 9912.465
 9912.537
 9912.608
 9912.680
 9912.752
 9912.823
 9912.895
 9912.966
 9913.038
 9913.110
 9913.181
 9913.253
 9913.325
 9913.396
 9913.468
 9913.540
 9913.611
 9913.683
 9913.754
 9913.826
 9913.898
 9913.969
 9914.041
 9914.113
 9914.184
 9914.256
 9914.328
 9914.399
 9914.471
 9914.542
 9914.614
 9914.686
 9914.757
 9914.829
 9914.901
 9914.972
 9915.044
 9915.116
 9915.187
 9915.259
 9915.331
 9915.402
 9915.474
 9915.545
 9915.617
 9915.689
 9915.760
 9915.832
 9915.904
 9915.975
 9916.047
 9916.119
 9916.190
 9916.262
 9916.333
 9916.405
 9916.477
 9916.548
 9916.620
 9916.692
 9916.763
 9916.835
 9916.907
 9916.978
 9917.050
 9917.121
 9917.193
 9917.265
 9917.336
 9917.408
 9917.480
 9917.551
 9917.623
 9917.695
 9917.766
 9917.838
 9917.909
 9917.981
 9918.053
 9918.124
 9918.196
 9918.268
 9918.339
 9918.411
 9918.483
 9918.554
 9918.626
 9918.697
 9918.769
 9918.841
 9918.912
 9918.984
 9919.056
 9919.127
 9919.199
 9919.271
 9919.342
 9919.414
 9919.486
 9919.557
 9919.629
 9919.700
 9919.772
 9919.844
 9919.915
 9919.987
 9920.059
 9920.130
 9920.202
 9920.274
 9920.345
 9920.417
 9920.488
 9920.560
 9920.632
 9920.703
 9920.775
 9920.847
 9920.918
 9920.990
 9921.062
 9921.133
 9921.205
 9921.276
 9921.348
 9921.420
 9921.491
 9921.563
 9921.635
 9921.706
 9921.778
 9921.850
 9921.921
 9921.993
 9922.064
 9922.136
 9922.208
 9922.279
 9922.351
 9922.423
 9922.494
 9922.566
 9922.638
 9922.709
 9922.781
 9922.852
 9922.924
 9922.996
 9923.067
 9923.139
 9923.211
 9923.282
 9923.354
 9923.426
 9923.497
 9923.569
 9923.641
 9923.712
 9923.784
 9923.855
 9923.927
 9923.999
 9924.070
 9924.142
 9924.214
 9924.285
 9924.357
 9924.429
 9924.500
 9924.572
 9924.643
 9924.715
 9924.787
 9924.858
 9924.930
 9925.002
 9925.073
 9925.145
 9925.217
 9925.288
 9925.360
 9925.431
 9925.503
 9925.575
 9925.646
 9925.718
 9925.790
 9925.861
 9925.933
 9926.005
 9926.076
 9926.148
 9926.219
 9926.291
 9926.363
 9926.434
 9926.506
 9926.578
 9926.649
 9926.721
 9926.793
 9926.864
 9926.936
 9927.007
 9927.079
 9927.151
 9927.222
 9927.294
 9927.366
 9927.437
 9927.509
 9927.581
 9927.652
 9927.724
 9927.796
 9927.867
 9927.939
 9928.010
 9928.082
 9928.154
 9928.225
 9928.297
 9928.369
 9928.440
 9928.512
 9928.584
 9928.655
 9928.727
 9928.798
 9928.870
 9928.942
 9929.013
 9929.085
 9929.157
 9929.228
 9929.300
 9929.372
 9929.443
 9929.515
 9929.586
 9929.658
 9929.730
 9929.801
 9929.873
 9929.945
 9930.016
 9930.088
 9930.160
 9930.231
 9930.303
 9930.374
 9930.446
 9930.518
 9930.589
 9930.661
 9930.733
 9930.804
 9930.876
 9930.948
 9931.019
 9931.091
 9931.162
 9931.234
 9931.306
 9931.377
 9931.449
 9931.521
 9931.592
 9931.664
 9931.736
 9931.807
 9931.879
 9931.951
 9932.022
 9932.094
 9932.165
 9932.237
 9932.309
 9932.380
 9932.452
 9932.524
 9932.595
 9932.667
 9932.739
 9932.810
 9932.882
 9932.953
 9933.025
 9933.097
 9933.168
 9933.240
 9933.312
 9933.383
 9933.455
 9933.527
 9933.598
 9933.670
 9933.741
 9933.813
 9933.885
 9933.956
 9934.028
 9934.100
 9934.171
 9934.243
 9934.315
 9934.386
 9934.458
 9934.529
 9934.601
 9934.673
 9934.744
 9934.816
 9934.888
 9934.959
 9935.031
 9935.103
 9935.174
 9935.246
 9935.317
 9935.389
 9935.461
 9935.532
 9935.604
 9935.676
 9935.747
 9935.819
 9935.891
 9935.962
 9936.034
 9936.106
 9936.177
 9936.249
 9936.320
 9936.392
 9936.464
 9936.535
 9936.607
 9936.679
 9936.750
 9936.822
 9936.894
 9936.965
 9937.037
 9937.108
 9937.180
 9937.252
 9937.323
 9937.395
 9937.467
 9937.538
 9937.610
 9937.682
 9937.753
 9937.825
 9937.896
 9937.968
 9938.040
 9938.111
 9938.183
 9938.255
 9938.326
 9938.398
 9938.470
 9938.541
 9938.613
 9938.684
 9938.756
 9938.828
 9938.899
 9938.971
 9939.043
 9939.114
 9939.186
 9939.258
 9939.329
 9939.401
 9939.472
 9939.544
 9939.616
 9939.687
 9939.759
 9939.831
 9939.902
 9939.974
 9940.046
 9940.117
 9940.189
 9940.261
 9940.332
 9940.404
 9940.475
 9940.547
 9940.619
 9940.690
 9940.762
 9940.834
 9940.905
 9940.977
 9941.049
 9941.120
 9941.192
 9941.263
 9941.335
 9941.407
 9941.478
 9941.550
 9941.622
 9941.693
 9941.765
 9941.837
 9941.908
 9941.980
 9942.051
 9942.123
 9942.195
 9942.266
 9942.338
 9942.410
 9942.481
 9942.553
 9942.625
 9942.696
 9942.768
 9942.839
 9942.911
 9942.983
 9943.054
 9943.126
 9943.198
 9943.269
 9943.341
 9943.413
 9943.484
 9943.556
 9943.627
 9943.699
 9943.771
 9943.842
 9943.914
 9943.986
 9944.057
 9944.129
 9944.201
 9944.272
 9944.344
 9944.415
 9944.487
 9944.559
 9944.630
 9944.702
 9944.774
 9944.845
 9944.917
 9944.989
 9945.060
 9945.132
 9945.204
 9945.275
 9945.347
 9945.418
 9945.490
 9945.562
 9945.633
 9945.705
 9945.777
 9945.848
 9945.920
 9945.992
 9946.063
 9946.135
 9946.206
 9946.278
 9946.350
 9946.421
 9946.493
 9946.565
 9946.636
 9946.708
 9946.780
 9946.851
 9946.923
 9946.994
 9947.066
 9947.138
 9947.209
 9947.281
 9947.353
 9947.424
 9947.496
 9947.568
 9947.639
 9947.711
 9947.782
 9947.854
 9947.926
 9947.997
 9948.069
 9948.141
 9948.212
 9948.284
 9948.356
 9948.427
 9948.499
 9948.570
 9948.642
 9948.714
 9948.785
 9948.857
 9948.929
 9949.000
 9949.072
 9949.144
 9949.215
 9949.287
 9949.359
 9949.430
 9949.502
 9949.573
 9949.645
 9949.717
 9949.788
 9949.860
 9949.932
 9950.003
 9950.075
 9950.147
 9950.218
 9950.290
 9950.361
 9950.433
 9950.505
 9950.576
 9950.648
 9950.720
 9950.791
 9950.863
 9950.935
 9951.006
 9951.078
 9951.149
 9951.221
 9951.293
 9951.364
 9951.436
 9951.508
 9951.579
 9951.651
 9951.723
 9951.794
 9951.866
 9951.937
 9952.009
 9952.081
 9952.152
 9952.224
 9952.296
 9952.367
 9952.439
 9952.511
 9952.582
 9952.654
 9952.725
 9952.797
 9952.869
 9952.940
 9953.012
 9953.084
 9953.155
 9953.227
 9953.299
 9953.370
 9953.442
 9953.514
 9953.585
 9953.657
 9953.728
 9953.800
 9953.872
 9953.943
 9954.015
 9954.087
 9954.158
 9954.230
 9954.302
 9954.373
 9954.445
 9954.516
 9954.588
 9954.660
 9954.731
 9954.803
 9954.875
 9954.946
 9955.018
 9955.090
 9955.161
 9955.233
 9955.304
 9955.376
 9955.448
 9955.519
 9955.591
 9955.663
 9955.734
 9955.806
 9955.878
 9955.949
 9956.021
 9956.092
 9956.164
 9956.236
 9956.307
 9956.379
 9956.451
 9956.522
 9956.594
 9956.666
 9956.737
 9956.809
 9956.880
 9956.952
 9957.024
 9957.095
 9957.167
 9957.239
 9957.310
 9957.382
 9957.454
 9957.525
 9957.597
 9957.669
 9957.740
 9957.812
 9957.883
 9957.955
 9958.027
 9958.098
 9958.170
 9958.242
 9958.313
 9958.385
 9958.457
 9958.528
 9958.600
 9958.671
 9958.743
 9958.815
 9958.886
 9958.958
 9959.030
 9959.101
 9959.173
 9959.245
 9959.316
 9959.388
 9959.459
 9959.531
 9959.603
 9959.674
 9959.746
 9959.818
 9959.889
 9959.961
 9960.033
 9960.104
 9960.176
 9960.247
 9960.319
 9960.391
 9960.462
 9960.534
 9960.606
 9960.677
 9960.749
 9960.821
 9960.892
 9960.964
 9961.035
 9961.107
 9961.179
 9961.250
 9961.322
 9961.394
 9961.465
 9961.537
 9961.609
 9961.680
 9961.752
 9961.824
 9961.895
 9961.967
 9962.038
 9962.110
 9962.182
 9962.253
 9962.325
 9962.397
 9962.468
 9962.540
 9962.612
 9962.683
 9962.755
 9962.826
 9962.898
 9962.970
 9963.041
 9963.113
 9963.185
 9963.256
 9963.328
 9963.400
 9963.471
 9963.543
 9963.614
 9963.686
 9963.758
 9963.829
 9963.901
 9963.973
 9964.044
 9964.116
 9964.188
 9964.259
 9964.331
 9964.402
 9964.474
 9964.546
 9964.617
 9964.689
 9964.761
 9964.832
 9964.904
 9964.976
 9965.047
 9965.119
 9965.190
 9965.262
 9965.334
 9965.405
 9965.477
 9965.549
 9965.620
 9965.692
 9965.764
 9965.835
 9965.907
 9965.979
 9966.050
 9966.122
 9966.193
 9966.265
 9966.337
 9966.408
 9966.480
 9966.552
 9966.623
 9966.695
 9966.767
 9966.838
 9966.910
 9966.981
 9967.053
 9967.125
 9967.196
 9967.268
 9967.340
 9967.411
 9967.483
 9967.555
 9967.626
 9967.698
 9967.769
 9967.841
 9967.913
 9967.984
 9968.056
 9968.128
 9968.199
 9968.271
 9968.343
 9968.414
 9968.486
 9968.557
 9968.629
 9968.701
 9968.772
 9968.844
 9968.916
 9968.987
 9969.059
 9969.131
 9969.202
 9969.274
 9969.345
 9969.417
 9969.489
 9969.560
 9969.632
 9969.704
 9969.775
 9969.847
 9969.919
 9969.990
 9970.062
 9970.134
 9970.205
 9970.277
 9970.348
 9970.420
 9970.492
 9970.563
 9970.635
 9970.707
 9970.778
 9970.850
 9970.922
 9970.993
 9971.065
 9971.136
 9971.208
 9971.280
 9971.351
 9971.423
 9971.495
 9971.566
 9971.638
 9971.710
 9971.781
 9971.853
 9971.924
 9971.996
 9972.068
 9972.139
 9972.211
 9972.283
 9972.354
 9972.426
 9972.498
 9972.569
 9972.641
 9972.712
 9972.784
 9972.856
 9972.927
 9972.999
 9973.071
 9973.142
 9973.214
 9973.286
 9973.357
 9973.429
 9973.500
 9973.572
 9973.644
 9973.715
 9973.787
 9973.859
 9973.930
 9974.002
 9974.074
 9974.145
 9974.217
 9974.289
 9974.360
 9974.432
 9974.503
 9974.575
 9974.647
 9974.718
 9974.790
 9974.862
 9974.933
 9975.005
 9975.077
 9975.148
 9975.220
 9975.291
 9975.363
 9975.435
 9975.506
 9975.578
 9975.650
 9975.721
 9975.793
 9975.865
 9975.936
 9976.008
 9976.079
 9976.151
 9976.223
 9976.294
 9976.366
 9976.438
 9976.509
 9976.581
 9976.653
 9976.724
 9976.796
 9976.867
 9976.939
 9977.011
 9977.082
 9977.154
 9977.226
 9977.297
 9977.369
 9977.441
 9977.512
 9977.584
 9977.655
 9977.727
 9977.799
 9977.870
 9977.942
 9978.014
 9978.085
 9978.157
 9978.229
 9978.300
 9978.372
 9978.444
 9978.515
 9978.587
 9978.658
 9978.730
 9978.802
 9978.873
 9978.945
 9979.017
 9979.088
 9979.160
 9979.232
 9979.303
 9979.375
 9979.446
 9979.518
 9979.590
 9979.661
 9979.733
 9979.805
 9979.876
 9979.948
 9980.020
 9980.091
 9980.163
 9980.234
 9980.306
 9980.378
 9980.449
 9980.521
 9980.593
 9980.664
 9980.736
 9980.808
 9980.879
 9980.951
 9981.022
 9981.094
 9981.166
 9981.237
 9981.309
 9981.381
 9981.452
 9981.524
 9981.596
 9981.667
 9981.739
 9981.810
 9981.882
 9981.954
 9982.025
 9982.097
 9982.169
 9982.240
 9982.312
 9982.384
 9982.455
 9982.527
 9982.599
 9982.670
 9982.742
 9982.813
 9982.885
 9982.957
 9983.028
 9983.100
 9983.172
 9983.243
 9983.315
 9983.387
 9983.458
 9983.530
 9983.601
 9983.673
 9983.745
 9983.816
 9983.888
 9983.960
 9984.031
 9984.103
 9984.175
 9984.246
 9984.318
 9984.389
 9984.461
 9984.533
 9984.604
 9984.676
 9984.748
 9984.819
 9984.891
 9984.963
 9985.034
 9985.106
 9985.177
 9985.249
 9985.321
 9985.392
 9985.464
 9985.536
 9985.607
 9985.679
 9985.751
 9985.822
 9985.894
 9985.965
 9986.037
 9986.109
 9986.180
 9986.252
 9986.324
 9986.395
 9986.467
 9986.539
 9986.610
 9986.682
 9986.754
 9986.825
 9986.897
 9986.968
 9987.040
 9987.112
 9987.183
 9987.255
 9987.327
 9987.398
 9987.470
 9987.542
 9987.613
 9987.685
 9987.756
 9987.828
 9987.900
 9987.971
 9988.043
 9988.115
 9988.186
 9988.258
 9988.330
 9988.401
 9988.473
 9988.544
 9988.616
 9988.688
 9988.759
 9988.831
 9988.903
 9988.974
 9989.046
 9989.118
 9989.189
 9989.261
 9989.332
 9989.404
 9989.476
 9989.547
 9989.619
 9989.691
 9989.762
 9989.834
 9989.906
 9989.977
 9990.049
 9990.120
 9990.192
 9990.264
 9990.335
 9990.407
 9990.479
 9990.550
 9990.622
 9990.694
 9990.765
 9990.837
 9990.908
 9990.980
 9991.052
 9991.123
 9991.195
 9991.267
 9991.338
 9991.410
 9991.482
 9991.553
 9991.625
 9991.697
 9991.768
 9991.840
 9991.911
 9991.983
 9992.055
 9992.126
 9992.198
 9992.270
 9992.341
 9992.413
 9992.485
 9992.556
 9992.628
 9992.699
 9992.771
 9992.843
 9992.914
 9992.986
 9993.058
 9993.129
 9993.201
 9993.273
 9993.344
 9993.416
 9993.487
 9993.559
 9993.631
 9993.702
 9993.774
 9993.846
 9993.917
 9993.989
 9994.061
 9994.132
 9994.204
 9994.275
 9994.347
 9994.419
 9994.490
 9994.562
 9994.634
 9994.705
 9994.777
 9994.849
 9994.920
 9994.992
 9995.063
 9995.135
 9995.207
 9995.278
 9995.350
 9995.422
 9995.493
 9995.565
 9995.637
 9995.708
 9995.780
 9995.852
 9995.923
 9995.995
 9996.066
 9996.138
 9996.210
 9996.281
 9996.353
 9996.425
 9996.496
 9996.568
 9996.640
 9996.711
 9996.783
 9996.854
 9996.926
 9996.998
 9997.069
 9997.141
 9997.213
 9997.284
 9997.356
 9997.428
 9997.499
 9997.571
 9997.642
 9997.714
 9997.786
 9997.857
 9997.929
 9998.001
 9998.072
 9998.144
 9998.216
 9998.287
 9998.359
 9998.430
 9998.502
 9998.574
 9998.645
 9998.717
 9998.789
 9998.860
 9998.932
 9999.004
 9999.075
 9999.147
 9999.218
 9999.290
 9999.362
 9999.433
 9999.505
 9999.577
 9999.648
 9999.720
 9999.792
 9999.863
 9999.935
10000.007
10000.078
10000.150
10000.221
10000.293
10000.365
10000.436
10000.508
10000.580
10000.651
10000.723
10000.795
10000.866
10000.938
10001.009
10001.081
10001.153
10001.224
10001.296
10001.368
10001.439
10001.511
10001.583
10001.654
10001.726
10001.797
10001.869
10001.941
10002.012
10002.084
10002.156
10002.227
10002.299
10002.371
10002.442
10002.514
10002.585
10002.657
10002.729
10002.800
10002.872
10002.944
10003.015
10003.087
10003.159
10003.230
10003.302
10003.373
10003.445
10003.517
10003.588
10003.660
10003.732
10003.803
10003.875
10003.947
10004.018
10004.090
10004.162
10004.233
10004.305
10004.376
10004.448
10004.520
10004.591
10004.663
10004.735
10004.806
10004.878
10004.950
10005.021
10005.093
10005.164
10005.236
10005.308
10005.379
10005.451
10005.523
10005.594
10005.666
10005.738
10005.809
10005.881
10005.952
10006.024
10006.096
10006.167
10006.239
10006.311
10006.382
10006.454
10006.526
10006.597
10006.669
10006.740
10006.812
10006.884
10006.955
10007.027
10007.099
10007.170
10007.242
10007.314
10007.385
10007.457
10007.528
10007.600
10007.672
10007.743
10007.815
10007.887
10007.958
10008.030
10008.102
10008.173
10008.245
10008.317
10008.388
10008.460
10008.531
10008.603
10008.675
10008.746
10008.818
10008.890
10008.961
10009.033
10009.105
10009.176
10009.248
10009.319
10009.391
10009.463
10009.534
10009.606
10009.678
10009.749
10009.821
10009.893
10009.964
10010.036
10010.107
10010.179
10010.251
10010.322
10010.394
10010.466
10010.537
10010.609
10010.681
10010.752
10010.824
10010.895
10010.967
10011.039
10011.110
10011.182
10011.254
10011.325
10011.397
10011.469
10011.540
10011.612
10011.683
10011.755
10011.827
10011.898
10011.970
10012.042
10012.113
10012.185
10012.257
10012.328
10012.400
10012.472
10012.543
10012.615
10012.686
10012.758
10012.830
10012.901
10012.973
10013.045
10013.116
10013.188
10013.260
10013.331
10013.403
10013.474
10013.546
10013.618
10013.689
10013.761
10013.833
10013.904
10013.976
10014.048
10014.119
10014.191
10014.262
10014.334
10014.406
10014.477
10014.549
10014.621
10014.692
10014.764
10014.836
10014.907
10014.979
10015.050
10015.122
10015.194
10015.265
10015.337
10015.409
10015.480
10015.552
10015.624
10015.695
10015.767
10015.838
10015.910
10015.982
10016.053
10016.125
10016.197
10016.268
10016.340
10016.412
10016.483
10016.555
10016.627
10016.698
10016.770
10016.841
10016.913
10016.985
10017.056
10017.128
10017.200
10017.271
10017.343
10017.415
10017.486
10017.558
10017.629
10017.701
10017.773
10017.844
10017.916
10017.988
10018.059
10018.131
10018.203
10018.274
10018.346
10018.417
10018.489
10018.561
10018.632
10018.704
10018.776
10018.847
10018.919
10018.991
10019.062
10019.134
10019.205
10019.277
10019.349
10019.420
10019.492
10019.564
10019.635
10019.707
10019.779
10019.850
10019.922
10019.993
10020.065
10020.137
10020.208
10020.280
10020.352
10020.423
10020.495
10020.567
10020.638
10020.710
10020.782
10020.853
10020.925
10020.996
10021.068
10021.140
10021.211
10021.283
10021.355
10021.426
10021.498
10021.570
10021.641
10021.713
10021.784
10021.856
10021.928
10021.999
10022.071
10022.143
10022.214
10022.286
10022.358
10022.429
10022.501
10022.572
10022.644
10022.716
10022.787
10022.859
10022.931
10023.002
10023.074
10023.146
10023.217
10023.289
10023.360
10023.432
10023.504
10023.575
10023.647
10023.719
10023.790
10023.862
10023.934
10024.005
10024.077
10024.148
10024.220
10024.292
10024.363
10024.435
10024.507
10024.578
10024.650
10024.722
10024.793
10024.865
10024.937
10025.008
10025.080
10025.151
10025.223
10025.295
10025.366
10025.438
10025.510
10025.581
10025.653
10025.725
10025.796
10025.868
10025.939
10026.011
10026.083
10026.154
10026.226
10026.298
10026.369
10026.441
10026.513
10026.584
10026.656
10026.727
10026.799
10026.871
10026.942
10027.014
10027.086
10027.157
10027.229
10027.301
10027.372
10027.444
10027.515
10027.587
10027.659
10027.730
10027.802
10027.874
10027.945
10028.017
10028.089
10028.160
10028.232
10028.303
10028.375
10028.447
10028.518
10028.590
10028.662
10028.733
10028.805
10028.877
10028.948
10029.020
10029.092
10029.163
10029.235
10029.306
10029.378
10029.450
10029.521
10029.593
10029.665
10029.736
10029.808
10029.880
10029.951
10030.023
10030.094
10030.166
10030.238
10030.309
10030.381
10030.453
10030.524
10030.596
10030.668
10030.739
10030.811
10030.882
10030.954
10031.026
10031.097
10031.169
10031.241
10031.312
10031.384
10031.456
10031.527
10031.599
10031.670
10031.742
10031.814
10031.885
10031.957
10032.029
10032.100
10032.172
10032.244
10032.315
10032.387
10032.458
10032.530
10032.602
10032.673
10032.745
10032.817
10032.888
10032.960
10033.032
10033.103
10033.175
10033.246
10033.318
10033.390
10033.461
10033.533
10033.605
10033.676
10033.748
10033.820
10033.891
10033.963
10034.035
10034.106
10034.178
10034.249
10034.321
10034.393
10034.464
10034.536
10034.608
10034.679
10034.751
10034.823
10034.894
10034.966
10035.037
10035.109
10035.181
10035.252
10035.324
10035.396
10035.467
10035.539
10035.611
10035.682
10035.754
10035.825
10035.897
10035.969
10036.040
10036.112
10036.184
10036.255
10036.327
10036.399
10036.470
10036.542
10036.613
10036.685
10036.757
10036.828
10036.900
10036.972
10037.043
10037.115
10037.187
10037.258
10037.330
10037.401
10037.473
10037.545
10037.616
10037.688
10037.760
10037.831
10037.903
10037.975
10038.046
10038.118
10038.190
10038.261
10038.333
10038.404
10038.476
10038.548
10038.619
10038.691
10038.763
10038.834
10038.906
10038.978
10039.049
10039.121
10039.192
10039.264
10039.336
10039.407
10039.479
10039.551
10039.622
10039.694
10039.766
10039.837
10039.909
10039.980
10040.052
10040.124
10040.195
10040.267
10040.339
10040.410
10040.482
10040.554
10040.625
10040.697
10040.768
10040.840
10040.912
10040.983
10041.055
10041.127
10041.198
10041.270
10041.342
10041.413
10041.485
10041.556
10041.628
10041.700
10041.771
10041.843
10041.915
10041.986
10042.058
10042.130
10042.201
10042.273
10042.345
10042.416
10042.488
10042.559
10042.631
10042.703
10042.774
10042.846
10042.918
10042.989
10043.061
10043.133
10043.204
10043.276
10043.347
10043.419
10043.491
10043.562
10043.634
10043.706
10043.777
10043.849
10043.921
10043.992
10044.064
10044.135
10044.207
10044.279
10044.350
10044.422
10044.494
10044.565
10044.637
10044.709
10044.780
10044.852
10044.923
10044.995
10045.067
10045.138
10045.210
10045.282
10045.353
10045.425
10045.497
10045.568
10045.640
10045.711
10045.783
10045.855
10045.926
10045.998
10046.070
10046.141
10046.213
10046.285
10046.356
10046.428
10046.500
10046.571
10046.643
10046.714
10046.786
10046.858
10046.929
10047.001
10047.073
10047.144
10047.216
10047.288
10047.359
10047.431
10047.502
10047.574
10047.646
10047.717
10047.789
10047.861
10047.932
10048.004
10048.076
10048.147
10048.219
10048.290
10048.362
10048.434
10048.505
10048.577
10048.649
10048.720
10048.792
10048.864
10048.935
10049.007
10049.078
10049.150
10049.222
10049.293
10049.365
10049.437
10049.508
10049.580
10049.652
10049.723
10049.795
10049.866
10049.938
10050.010
10050.081
10050.153
10050.225
10050.296
10050.368
10050.440
10050.511
10050.583
10050.655
10050.726
10050.798
10050.869
10050.941
10051.013
10051.084
10051.156
10051.228
10051.299
10051.371
10051.443
10051.514
10051.586
10051.657
10051.729
10051.801
10051.872
10051.944
10052.016
10052.087
10052.159
10052.231
10052.302
10052.374
10052.445
10052.517
10052.589
10052.660
10052.732
10052.804
10052.875
10052.947
10053.019
10053.090
10053.162
10053.233
10053.305
10053.377
10053.448
10053.520
10053.592
10053.663
10053.735
10053.807
10053.878
10053.950
10054.021
10054.093
10054.165
10054.236
10054.308
10054.380
10054.451
10054.523
10054.595
10054.666
10054.738
10054.810
10054.881
10054.953
10055.024
10055.096
10055.168
10055.239
10055.311
10055.383
10055.454
10055.526
10055.598
10055.669
10055.741
10055.812
10055.884
10055.956
10056.027
10056.099
10056.171
10056.242
10056.314
10056.386
10056.457
10056.529
10056.600
10056.672
10056.744
10056.815
10056.887
10056.959
10057.030
10057.102
10057.174
10057.245
10057.317
10057.388
10057.460
10057.532
10057.603
10057.675
10057.747
10057.818
10057.890
10057.962
10058.033
10058.105
10058.176
10058.248
10058.320
10058.391
10058.463
10058.535
10058.606
10058.678
10058.750
10058.821
10058.893
10058.965
10059.036
10059.108
10059.179
10059.251
10059.323
10059.394
10059.466
10059.538
10059.609
10059.681
10059.753
10059.824
10059.896
10059.967
10060.039
10060.111
10060.182
10060.254
10060.326
10060.397
10060.469
10060.541
10060.612
10060.684
10060.755
10060.827
10060.899
10060.970
10061.042
10061.114
10061.185
10061.257
10061.329
10061.400
10061.472
10061.543
10061.615
10061.687
10061.758
10061.830
10061.902
10061.973
10062.045
10062.117
10062.188
10062.260
10062.331
10062.403
10062.475
10062.546
10062.618
10062.690
10062.761
10062.833
10062.905
10062.976
10063.048
10063.120
10063.191
10063.263
10063.334
10063.406
10063.478
10063.549
10063.621
10063.693
10063.764
10063.836
10063.908
10063.979
10064.051
10064.122
10064.194
10064.266
10064.337
10064.409
10064.481
10064.552
10064.624
10064.696
10064.767
10064.839
10064.910
10064.982
10065.054
10065.125
10065.197
10065.269
10065.340
10065.412
10065.484
10065.555
10065.627
10065.698
10065.770
10065.842
10065.913
10065.985
10066.057
10066.128
10066.200
10066.272
10066.343
10066.415
10066.486
10066.558
10066.630
10066.701
10066.773
10066.845
10066.916
10066.988
10067.060
10067.131
10067.203
10067.275
10067.346
10067.418
10067.489
10067.561
10067.633
10067.704
10067.776
10067.848
10067.919
10067.991
10068.063
10068.134
10068.206
10068.277
10068.349
10068.421
10068.492
10068.564
10068.636
10068.707
10068.779
10068.851
10068.922
10068.994
10069.065
10069.137
10069.209
10069.280
10069.352
10069.424
10069.495
10069.567
10069.639
10069.710
10069.782
10069.853
10069.925
10069.997
10070.068
10070.140
10070.212
10070.283
10070.355
10070.427
10070.498
10070.570
10070.641
10070.713
10070.785
10070.856
10070.928
10071.000
10071.071
10071.143
10071.215
10071.286
10071.358
10071.430
10071.501
10071.573
10071.644
10071.716
10071.788
10071.859
10071.931
10072.003
10072.074
10072.146
10072.218
10072.289
10072.361
10072.432
10072.504
10072.576
10072.647
10072.719
10072.791
10072.862
10072.934
10073.006
10073.077
10073.149
10073.220
10073.292
10073.364
10073.435
10073.507
10073.579
10073.650
10073.722
10073.794
10073.865
10073.937
10074.008
10074.080
10074.152
10074.223
10074.295
10074.367
10074.438
10074.510
10074.582
10074.653
10074.725
10074.796
10074.868
10074.940
10075.011
10075.083
10075.155
10075.226
10075.298
10075.370
10075.441
10075.513
10075.585
10075.656
10075.728
10075.799
10075.871
10075.943
10076.014
10076.086
10076.158
10076.229
10076.301
10076.373
10076.444
10076.516
10076.587
10076.659
10076.731
10076.802
10076.874
10076.946
10077.017
10077.089
10077.161
10077.232
10077.304
10077.375
10077.447
10077.519
10077.590
10077.662
10077.734
10077.805
10077.877
10077.949
10078.020
10078.092
10078.163
10078.235
10078.307
10078.378
10078.450
10078.522
10078.593
10078.665
10078.737
10078.808
10078.880
10078.951
10079.023
10079.095
10079.166
10079.238
10079.310
10079.381
10079.453
10079.525
10079.596
10079.668
10079.739
10079.811
10079.883
10079.954
10080.026
10080.098
10080.169
10080.241
10080.313
10080.384
10080.456
10080.528
10080.599
10080.671
10080.742
10080.814
10080.886
10080.957
10081.029
10081.101
10081.172
10081.244
10081.316
10081.387
10081.459
10081.530
10081.602
10081.674
10081.745
10081.817
10081.889
10081.960
10082.032
10082.104
10082.175
10082.247
10082.318
10082.390
10082.462
10082.533
10082.605
10082.677
10082.748
10082.820
10082.892
10082.963
10083.035
10083.106
10083.178
10083.250
10083.321
10083.393
10083.465
10083.536
10083.608
10083.680
10083.751
10083.823
10083.894
10083.966
10084.038
10084.109
10084.181
10084.253
10084.324
10084.396
10084.468
10084.539
10084.611
10084.683
10084.754
10084.826
10084.897
10084.969
10085.041
10085.112
10085.184
10085.256
10085.327
10085.399
10085.471
10085.542
10085.614
10085.685
10085.757
10085.829
10085.900
10085.972
10086.044
10086.115
10086.187
10086.259
10086.330
10086.402
10086.473
10086.545
10086.617
10086.688
10086.760
10086.832
10086.903
10086.975
10087.047
10087.118
10087.190
10087.261
10087.333
10087.405
10087.476
10087.548
10087.620
10087.691
10087.763
10087.835
10087.906
10087.978
10088.049
10088.121
10088.193
10088.264
10088.336
10088.408
10088.479
10088.551
10088.623
10088.694
10088.766
10088.838
10088.909
10088.981
10089.052
10089.124
10089.196
10089.267
10089.339
10089.411
10089.482
10089.554
10089.626
10089.697
10089.769
10089.840
10089.912
10089.984
10090.055
10090.127
10090.199
10090.270
10090.342
10090.414
10090.485
10090.557
10090.628
10090.700
10090.772
10090.843
10090.915
10090.987
10091.058
10091.130
10091.202
10091.273
10091.345
10091.416
10091.488
10091.560
10091.631
10091.703
10091.775
10091.846
10091.918
10091.990
10092.061
10092.133
10092.204
10092.276
10092.348
10092.419
10092.491
10092.563
10092.634
10092.706
10092.778
10092.849
10092.921
10092.993
10093.064
10093.136
10093.207
10093.279
10093.351
10093.422
10093.494
10093.566
10093.637
10093.709
10093.781
10093.852
10093.924
10093.995
10094.067
10094.139
10094.210
10094.282
10094.354
10094.425
10094.497
10094.569
10094.640
10094.712
10094.783
10094.855
10094.927
10094.998
10095.070
10095.142
10095.213
10095.285
10095.357
10095.428
10095.500
10095.571
10095.643
10095.715
10095.786
10095.858
10095.930
10096.001
10096.073
10096.145
10096.216
10096.288
10096.359
10096.431
10096.503
10096.574
10096.646
10096.718
10096.789
10096.861
10096.933
10097.004
10097.076
10097.148
10097.219
10097.291
10097.362
10097.434
10097.506
10097.577
10097.649
10097.721
10097.792
10097.864
10097.936
10098.007
10098.079
10098.150
10098.222
10098.294
10098.365
10098.437
10098.509
10098.580
10098.652
10098.724
10098.795
10098.867
10098.938
10099.010
10099.082
10099.153
10099.225
10099.297
10099.368
10099.440
10099.512
10099.583
10099.655
10099.726
10099.798
10099.870
10099.941
10100.013
10100.085
10100.156
10100.228
10100.300
10100.371
10100.443
10100.514
10100.586
10100.658
10100.729
10100.801
10100.873
10100.944
10101.016
10101.088
10101.159
10101.231
10101.303
10101.374
10101.446
10101.517
10101.589
10101.661
10101.732
10101.804
10101.876
10101.947
10102.019
10102.091
10102.162
10102.234
10102.305
10102.377
10102.449
10102.520
10102.592
10102.664
10102.735
10102.807
10102.879
10102.950
10103.022
10103.093
10103.165
10103.237
10103.308
10103.380
10103.452
10103.523
10103.595
10103.667
10103.738
10103.810
10103.881
10103.953
10104.025
10104.096
10104.168
10104.240
10104.311
10104.383
10104.455
10104.526
10104.598
10104.669
10104.741
10104.813
10104.884
10104.956
10105.028
10105.099
10105.171
10105.243
10105.314
10105.386
10105.458
10105.529
10105.601
10105.672
10105.744
10105.816
10105.887
10105.959
10106.031
10106.102
10106.174
10106.246
10106.317
10106.389
10106.460
10106.532
10106.604
10106.675
10106.747
10106.819
10106.890
10106.962
10107.034
10107.105
10107.177
10107.248
10107.320
10107.392
10107.463
10107.535
10107.607
10107.678
10107.750
10107.822
10107.893
10107.965
10108.036
10108.108
10108.180
10108.251
10108.323
10108.395
10108.466
10108.538
10108.610
10108.681
10108.753
10108.824
10108.896
10108.968
10109.039
10109.111
10109.183
10109.254
10109.326
10109.398
10109.469
10109.541
10109.613
10109.684
10109.756
10109.827
10109.899
10109.971
10110.042
10110.114
10110.186
10110.257
10110.329
10110.401
10110.472
10110.544
10110.615
10110.687
10110.759
10110.830
10110.902
10110.974
10111.045
10111.117
10111.189
10111.260
10111.332
10111.403
10111.475
10111.547
10111.618
10111.690
10111.762
10111.833
10111.905
10111.977
10112.048
10112.120
10112.191
10112.263
10112.335
10112.406
10112.478
10112.550
10112.621
10112.693
10112.765
10112.836
10112.908
10112.979
10113.051
10113.123
10113.194
10113.266
10113.338
10113.409
10113.481
10113.553
10113.624
10113.696
10113.768
10113.839
10113.911
10113.982
10114.054
10114.126
10114.197
10114.269
10114.341
10114.412
10114.484
10114.556
10114.627
10114.699
10114.770
10114.842
10114.914
10114.985
10115.057
10115.129
10115.200
10115.272
10115.344
10115.415
10115.487
10115.558
10115.630
10115.702
10115.773
10115.845
10115.917
10115.988
10116.060
10116.132
10116.203
10116.275
10116.346
10116.418
10116.490
10116.561
10116.633
10116.705
10116.776
10116.848
10116.920
10116.991
10117.063
10117.134
10117.206
10117.278
10117.349
10117.421
10117.493
10117.564
10117.636
10117.708
10117.779
10117.851
10117.923
10117.994
10118.066
10118.137
10118.209
10118.281
10118.352
10118.424
10118.496
10118.567
10118.639
10118.711
10118.782
10118.854
10118.925
10118.997
10119.069
10119.140
10119.212
10119.284
10119.355
10119.427
10119.499
10119.570
10119.642
10119.713
10119.785
10119.857
10119.928
10120.000
