12290.000
12290.111
12290.221
12290.332
12290.443
12290.554
12290.664
12290.775
12290.886
12290.996
12291.107
12291.218
12291.329
12291.439
12291.550
12291.661
12291.771
12291.882
12291.993
12292.104
12292.214
12292.325
12292.436
12292.546
12292.657
12292.768
12292.879
12292.989
12293.100
12293.211
12293.321
12293.432
12293.543
12293.654
12293.764
12293.875
12293.986
12294.096
12294.207
12294.318
12294.429
12294.539
12294.650
12294.761
12294.871
12294.982
12295.093
12295.204
12295.314
12295.425
12295.536
12295.646
12295.757
12295.868
12295.979
12296.089
12296.200
12296.311
12296.421
12296.532
12296.643
12296.754
12296.864
12296.975
12297.086
12297.196
12297.307
12297.418
12297.528
12297.639
12297.750
12297.861
12297.971
12298.082
12298.193
12298.303
12298.414
12298.525
12298.636
12298.746
12298.857
12298.968
12299.078
12299.189
12299.300
12299.411
12299.521
12299.632
12299.743
12299.853
12299.964
12300.075
12300.186
12300.296
12300.407
12300.518
12300.628
12300.739
12300.850
12300.961
12301.071
12301.182
12301.293
12301.403
12301.514
12301.625
12301.736
12301.846
12301.957
12302.068
12302.178
12302.289
12302.400
12302.511
12302.621
12302.732
12302.843
12302.953
12303.064
12303.175
12303.286
12303.396
12303.507
12303.618
12303.728
12303.839
12303.950
12304.061
12304.171
12304.282
12304.393
12304.503
12304.614
12304.725
12304.836
12304.946
12305.057
12305.168
12305.278
12305.389
12305.500
12305.611
12305.721
12305.832
12305.943
12306.053
12306.164
12306.275
12306.386
12306.496
12306.607
12306.718
12306.828
12306.939
12307.050
12307.161
12307.271
12307.382
12307.493
12307.603
12307.714
12307.825
12307.936
12308.046
12308.157
12308.268
12308.378
12308.489
12308.600
12308.711
12308.821
12308.932
12309.043
12309.153
12309.264
12309.375
12309.486
12309.596
12309.707
12309.818
12309.928
12310.039
12310.150
12310.261
12310.371
12310.482
12310.593
12310.703
12310.814
12310.925
12311.035
12311.146
12311.257
12311.368
12311.478
12311.589
12311.700
12311.810
12311.921
12312.032
12312.143
12312.253
12312.364
12312.475
12312.585
12312.696
12312.807
12312.918
12313.028
12313.139
12313.250
12313.360
12313.471
12313.582
12313.693
12313.803
12313.914
12314.025
12314.135
12314.246
12314.357
12314.468
12314.578
12314.689
12314.800
12314.910
12315.021
12315.132
12315.243
12315.353
12315.464
12315.575
12315.685
12315.796
12315.907
12316.018
12316.128
12316.239
12316.350
12316.460
12316.571
12316.682
12316.793
12316.903
12317.014
12317.125
12317.235
12317.346
12317.457
12317.568
12317.678
12317.789
12317.900
12318.010
12318.121
12318.232
12318.343
12318.453
12318.564
12318.675
12318.785
12318.896
12319.007
12319.118
12319.228
12319.339
12319.450
12319.560
12319.671
12319.782
12319.893
12320.003
12320.114
12320.225
12320.335
12320.446
12320.557
12320.668
12320.778
12320.889
12321.000
12321.110
12321.221
12321.332
12321.443
12321.553
12321.664
12321.775
12321.885
12321.996
12322.107
12322.218
12322.328
12322.439
12322.550
12322.660
12322.771
12322.882
12322.993
12323.103
12323.214
12323.325
12323.435
12323.546
12323.657
12323.768
12323.878
12323.989
12324.100
12324.210
12324.321
12324.432
12324.542
12324.653
12324.764
12324.875
12324.985
12325.096
12325.207
12325.317
12325.428
12325.539
12325.650
12325.760
12325.871
12325.982
12326.092
12326.203
12326.314
12326.425
12326.535
12326.646
12326.757
12326.867
12326.978
12327.089
12327.200
12327.310
12327.421
12327.532
12327.642
12327.753
12327.864
12327.975
12328.085
12328.196
12328.307
12328.417
12328.528
12328.639
12328.750
12328.860
12328.971
12329.082
12329.192
12329.303
12329.414
12329.525
12329.635
12329.746
12329.857
12329.967
12330.078
12330.189
12330.300
12330.410
12330.521
12330.632
12330.742
12330.853
12330.964
12331.075
12331.185
12331.296
12331.407
12331.517
12331.628
12331.739
12331.850
12331.960
12332.071
12332.182
12332.292
12332.403
12332.514
12332.625
12332.735
12332.846
12332.957
12333.067
12333.178
12333.289
12333.400
12333.510
12333.621
12333.732
12333.842
12333.953
12334.064
12334.175
12334.285
12334.396
12334.507
12334.617
12334.728
12334.839
12334.950
12335.060
12335.171
12335.282
12335.392
12335.503
12335.614
12335.725
12335.835
12335.946
12336.057
12336.167
12336.278
12336.389
12336.500
12336.610
12336.721
12336.832
12336.942
12337.053
12337.164
12337.275
12337.385
12337.496
12337.607
12337.717
12337.828
12337.939
12338.049
12338.160
12338.271
12338.382
12338.492
12338.603
12338.714
12338.824
12338.935
12339.046
12339.157
12339.267
12339.378
12339.489
12339.599
12339.710
12339.821
12339.932
12340.042
12340.153
12340.264
12340.374
12340.485
12340.596
12340.707
12340.817
12340.928
12341.039
12341.149
12341.260
12341.371
12341.482
12341.592
12341.703
12341.814
12341.924
12342.035
12342.146
12342.257
12342.367
12342.478
12342.589
12342.699
12342.810
12342.921
12343.032
12343.142
12343.253
12343.364
12343.474
12343.585
12343.696
12343.807
12343.917
12344.028
12344.139
12344.249
12344.360
12344.471
12344.582
12344.692
12344.803
12344.914
12345.024
12345.135
12345.246
12345.357
12345.467
12345.578
12345.689
12345.799
12345.910
12346.021
12346.132
12346.242
12346.353
12346.464
12346.574
12346.685
12346.796
12346.907
12347.017
12347.128
12347.239
12347.349
12347.460
12347.571
12347.682
12347.792
12347.903
12348.014
12348.124
12348.235
12348.346
12348.457
12348.567
12348.678
12348.789
12348.899
12349.010
12349.121
12349.232
12349.342
12349.453
12349.564
12349.674
12349.785
12349.896
12350.007
12350.117
12350.228
12350.339
12350.449
12350.560
12350.671
12350.782
12350.892
12351.003
12351.114
12351.224
12351.335
12351.446
12351.556
12351.667
12351.778
12351.889
12351.999
12352.110
12352.221
12352.331
12352.442
12352.553
12352.664
12352.774
12352.885
12352.996
12353.106
12353.217
12353.328
12353.439
12353.549
12353.660
12353.771
12353.881
12353.992
12354.103
12354.214
12354.324
12354.435
12354.546
12354.656
12354.767
12354.878
12354.989
12355.099
12355.210
12355.321
12355.431
12355.542
12355.653
12355.764
12355.874
12355.985
12356.096
12356.206
12356.317
12356.428
12356.539
12356.649
12356.760
12356.871
12356.981
12357.092
12357.203
12357.314
12357.424
12357.535
12357.646
12357.756
12357.867
12357.978
12358.089
12358.199
12358.310
12358.421
12358.531
12358.642
12358.753
12358.864
12358.974
12359.085
12359.196
12359.306
12359.417
12359.528
12359.639
12359.749
12359.860
12359.971
12360.081
12360.192
12360.303
12360.414
12360.524
12360.635
12360.746
12360.856
12360.967
12361.078
12361.189
12361.299
12361.410
12361.521
12361.631
12361.742
12361.853
12361.964
12362.074
12362.185
12362.296
12362.406
12362.517
12362.628
12362.739
12362.849
12362.960
12363.071
12363.181
12363.292
12363.403
12363.514
12363.624
12363.735
12363.846
12363.956
12364.067
12364.178
12364.289
12364.399
12364.510
12364.621
12364.731
12364.842
12364.953
12365.063
12365.174
12365.285
12365.396
12365.506
12365.617
12365.728
12365.838
12365.949
12366.060
12366.171
12366.281
12366.392
12366.503
12366.613
12366.724
12366.835
12366.946
12367.056
12367.167
12367.278
12367.388
12367.499
12367.610
12367.721
12367.831
12367.942
12368.053
12368.163
12368.274
12368.385
12368.496
12368.606
12368.717
12368.828
12368.938
12369.049
12369.160
12369.271
12369.381
12369.492
12369.603
12369.713
12369.824
12369.935
12370.046
12370.156
12370.267
12370.378
12370.488
12370.599
12370.710
12370.821
12370.931
12371.042
12371.153
12371.263
12371.374
12371.485
12371.596
12371.706
12371.817
12371.928
12372.038
12372.149
12372.260
12372.371
12372.481
12372.592
12372.703
12372.813
12372.924
12373.035
12373.146
12373.256
12373.367
12373.478
12373.588
12373.699
12373.810
12373.921
12374.031
12374.142
12374.253
12374.363
12374.474
12374.585
12374.696
12374.806
12374.917
12375.028
12375.138
12375.249
12375.360
12375.471
12375.581
12375.692
12375.803
12375.913
12376.024
12376.135
12376.246
12376.356
12376.467
12376.578
12376.688
12376.799
12376.910
12377.021
12377.131
12377.242
12377.353
12377.463
12377.574
12377.685
12377.796
12377.906
12378.017
12378.128
12378.238
12378.349
12378.460
12378.570
12378.681
12378.792
12378.903
12379.013
12379.124
12379.235
12379.345
12379.456
12379.567
12379.678
12379.788
12379.899
12380.010
12380.120
12380.231
12380.342
12380.453
12380.563
12380.674
12380.785
12380.895
12381.006
12381.117
12381.228
12381.338
12381.449
12381.560
12381.670
12381.781
12381.892
12382.003
12382.113
12382.224
12382.335
12382.445
12382.556
12382.667
12382.778
12382.888
12382.999
12383.110
12383.220
12383.331
12383.442
12383.553
12383.663
12383.774
12383.885
12383.995
12384.106
12384.217
12384.328
12384.438
12384.549
12384.660
12384.770
12384.881
12384.992
12385.103
12385.213
12385.324
12385.435
12385.545
12385.656
12385.767
12385.878
12385.988
12386.099
12386.210
12386.320
12386.431
12386.542
12386.653
12386.763
12386.874
12386.985
12387.095
12387.206
12387.317
12387.428
12387.538
12387.649
12387.760
12387.870
12387.981
12388.092
12388.203
12388.313
12388.424
12388.535
12388.645
12388.756
12388.867
12388.978
12389.088
12389.199
12389.310
12389.420
12389.531
12389.642
12389.753
12389.863
12389.974
12390.085
12390.195
12390.306
12390.417
12390.528
12390.638
12390.749
12390.860
12390.970
12391.081
12391.192
12391.303
12391.413
12391.524
12391.635
12391.745
12391.856
12391.967
12392.077
12392.188
12392.299
12392.410
12392.520
12392.631
12392.742
12392.852
12392.963
12393.074
12393.185
12393.295
12393.406
12393.517
12393.627
12393.738
12393.849
12393.960
12394.070
12394.181
12394.292
12394.402
12394.513
12394.624
12394.735
12394.845
12394.956
12395.067
12395.177
12395.288
12395.399
12395.510
12395.620
12395.731
12395.842
12395.952
12396.063
12396.174
12396.285
12396.395
12396.506
12396.617
12396.727
12396.838
12396.949
12397.060
12397.170
12397.281
12397.392
12397.502
12397.613
12397.724
12397.835
12397.945
12398.056
12398.167
12398.277
12398.388
12398.499
12398.610
12398.720
12398.831
12398.942
12399.052
12399.163
12399.274
12399.385
12399.495
12399.606
12399.717
12399.827
12399.938
12400.049
12400.160
12400.270
12400.381
12400.492
12400.602
12400.713
12400.824
12400.935
12401.045
12401.156
12401.267
12401.377
12401.488
12401.599
12401.710
12401.820
12401.931
12402.042
12402.152
12402.263
12402.374
12402.485
12402.595
12402.706
12402.817
12402.927
12403.038
12403.149
12403.260
12403.370
12403.481
12403.592
12403.702
12403.813
12403.924
12404.035
12404.145
12404.256
12404.367
12404.477
12404.588
12404.699
12404.810
12404.920
12405.031
12405.142
12405.252
12405.363
12405.474
12405.585
12405.695
12405.806
12405.917
12406.027
12406.138
12406.249
12406.359
12406.470
12406.581
12406.692
12406.802
12406.913
12407.024
12407.134
12407.245
12407.356
12407.467
12407.577
12407.688
12407.799
12407.909
12408.020
12408.131
12408.242
12408.352
12408.463
12408.574
12408.684
12408.795
12408.906
12409.017
12409.127
12409.238
12409.349
12409.459
12409.570
12409.681
12409.792
12409.902
12410.013
12410.124
12410.234
12410.345
12410.456
12410.567
12410.677
12410.788
12410.899
12411.009
12411.120
12411.231
12411.342
12411.452
12411.563
12411.674
12411.784
12411.895
12412.006
12412.117
12412.227
12412.338
12412.449
12412.559
12412.670
12412.781
12412.892
12413.002
12413.113
12413.224
12413.334
12413.445
12413.556
12413.667
12413.777
12413.888
12413.999
12414.109
12414.220
12414.331
12414.442
12414.552
12414.663
12414.774
12414.884
12414.995
12415.106
12415.217
12415.327
12415.438
12415.549
12415.659
12415.770
12415.881
12415.992
12416.102
12416.213
12416.324
12416.434
12416.545
12416.656
12416.767
12416.877
12416.988
12417.099
12417.209
12417.320
12417.431
12417.542
12417.652
12417.763
12417.874
12417.984
12418.095
12418.206
12418.317
12418.427
12418.538
12418.649
12418.759
12418.870
12418.981
12419.092
12419.202
12419.313
12419.424
12419.534
12419.645
12419.756
12419.866
12419.977
12420.088
12420.199
12420.309
12420.420
12420.531
12420.641
12420.752
12420.863
12420.974
12421.084
12421.195
12421.306
12421.416
12421.527
12421.638
12421.749
12421.859
12421.970
12422.081
12422.191
12422.302
12422.413
12422.524
12422.634
12422.745
12422.856
12422.966
12423.077
12423.188
12423.299
12423.409
12423.520
12423.631
12423.741
12423.852
12423.963
12424.074
12424.184
12424.295
12424.406
12424.516
12424.627
12424.738
12424.849
12424.959
12425.070
12425.181
12425.291
12425.402
12425.513
12425.624
12425.734
12425.845
12425.956
12426.066
12426.177
12426.288
12426.399
12426.509
12426.620
12426.731
12426.841
12426.952
12427.063
12427.174
12427.284
12427.395
12427.506
12427.616
12427.727
12427.838
12427.949
12428.059
12428.170
12428.281
12428.391
12428.502
12428.613
12428.724
12428.834
12428.945
12429.056
12429.166
12429.277
12429.388
12429.499
12429.609
12429.720
12429.831
12429.941
12430.052
12430.163
12430.274
12430.384
12430.495
12430.606
12430.716
12430.827
12430.938
12431.049
12431.159
12431.270
12431.381
12431.491
12431.602
12431.713
12431.824
12431.934
12432.045
12432.156
12432.266
12432.377
12432.488
12432.599
12432.709
12432.820
12432.931
12433.041
12433.152
12433.263
12433.373
12433.484
12433.595
12433.706
12433.816
12433.927
12434.038
12434.148
12434.259
12434.370
12434.481
12434.591
12434.702
12434.813
12434.923
12435.034
12435.145
12435.256
12435.366
12435.477
12435.588
12435.698
12435.809
12435.920
12436.031
12436.141
12436.252
12436.363
12436.473
12436.584
12436.695
12436.806
12436.916
12437.027
12437.138
12437.248
12437.359
12437.470
12437.581
12437.691
12437.802
12437.913
12438.023
12438.134
12438.245
12438.356
12438.466
12438.577
12438.688
12438.798
12438.909
12439.020
12439.131
12439.241
12439.352
12439.463
12439.573
12439.684
12439.795
12439.906
12440.016
12440.127
12440.238
12440.348
12440.459
12440.570
12440.681
12440.791
12440.902
12441.013
12441.123
12441.234
12441.345
12441.456
12441.566
12441.677
12441.788
12441.898
12442.009
12442.120
12442.231
12442.341
12442.452
12442.563
12442.673
12442.784
12442.895
12443.006
12443.116
12443.227
12443.338
12443.448
12443.559
12443.670
12443.781
12443.891
12444.002
12444.113
12444.223
12444.334
12444.445
12444.556
12444.666
12444.777
12444.888
12444.998
12445.109
12445.220
12445.331
12445.441
12445.552
12445.663
12445.773
12445.884
12445.995
12446.106
12446.216
12446.327
12446.438
12446.548
12446.659
12446.770
12446.880
12446.991
12447.102
12447.213
12447.323
12447.434
12447.545
12447.655
12447.766
12447.877
12447.988
12448.098
12448.209
12448.320
12448.430
12448.541
12448.652
12448.763
12448.873
12448.984
12449.095
12449.205
12449.316
12449.427
12449.538
12449.648
12449.759
12449.870
12449.980
12450.091
12450.202
12450.313
12450.423
12450.534
12450.645
12450.755
12450.866
12450.977
12451.088
12451.198
12451.309
12451.420
12451.530
12451.641
12451.752
12451.863
12451.973
12452.084
12452.195
12452.305
12452.416
12452.527
12452.638
12452.748
12452.859
12452.970
12453.080
12453.191
12453.302
12453.413
12453.523
12453.634
12453.745
12453.855
12453.966
12454.077
12454.188
12454.298
12454.409
12454.520
12454.630
12454.741
12454.852
12454.963
12455.073
12455.184
12455.295
12455.405
12455.516
12455.627
12455.738
12455.848
12455.959
12456.070
12456.180
12456.291
12456.402
12456.513
12456.623
12456.734
12456.845
12456.955
12457.066
12457.177
12457.288
12457.398
12457.509
12457.620
12457.730
12457.841
12457.952
12458.063
12458.173
12458.284
12458.395
12458.505
12458.616
12458.727
12458.838
12458.948
12459.059
12459.170
12459.280
12459.391
12459.502
12459.613
12459.723
12459.834
12459.945
12460.055
12460.166
12460.277
12460.387
12460.498
12460.609
12460.720
12460.830
12460.941
12461.052
12461.162
12461.273
12461.384
12461.495
12461.605
12461.716
12461.827
12461.937
12462.048
12462.159
12462.270
12462.380
12462.491
12462.602
12462.712
12462.823
12462.934
12463.045
12463.155
12463.266
12463.377
12463.487
12463.598
12463.709
12463.820
12463.930
12464.041
12464.152
12464.262
12464.373
12464.484
12464.595
12464.705
12464.816
12464.927
12465.037
12465.148
12465.259
12465.370
12465.480
12465.591
12465.702
12465.812
12465.923
12466.034
12466.145
12466.255
12466.366
12466.477
12466.587
12466.698
12466.809
12466.920
12467.030
12467.141
12467.252
12467.362
12467.473
12467.584
12467.695
12467.805
12467.916
12468.027
12468.137
12468.248
12468.359
12468.470
12468.580
12468.691
12468.802
12468.912
12469.023
12469.134
12469.245
12469.355
12469.466
12469.577
12469.687
12469.798
12469.909
12470.020
12470.130
12470.241
12470.352
12470.462
12470.573
12470.684
12470.795
12470.905
12471.016
12471.127
12471.237
12471.348
12471.459
12471.570
12471.680
12471.791
12471.902
12472.012
12472.123
12472.234
12472.345
12472.455
12472.566
12472.677
12472.787
12472.898
12473.009
12473.120
12473.230
12473.341
12473.452
12473.562
12473.673
12473.784
12473.894
12474.005
12474.116
12474.227
12474.337
12474.448
12474.559
12474.669
12474.780
12474.891
12475.002
12475.112
12475.223
12475.334
12475.444
12475.555
12475.666
12475.777
12475.887
12475.998
12476.109
12476.219
12476.330
12476.441
12476.552
12476.662
12476.773
12476.884
12476.994
12477.105
12477.216
12477.327
12477.437
12477.548
12477.659
12477.769
12477.880
12477.991
12478.102
12478.212
12478.323
12478.434
12478.544
12478.655
12478.766
12478.877
12478.987
12479.098
12479.209
12479.319
12479.430
12479.541
12479.652
12479.762
12479.873
12479.984
12480.094
12480.205
12480.316
12480.427
12480.537
12480.648
12480.759
12480.869
12480.980
12481.091
12481.202
12481.312
12481.423
12481.534
12481.644
12481.755
12481.866
12481.977
12482.087
12482.198
12482.309
12482.419
12482.530
12482.641
12482.752
12482.862
12482.973
12483.084
12483.194
12483.305
12483.416
12483.527
12483.637
12483.748
12483.859
12483.969
12484.080
12484.191
12484.302
12484.412
12484.523
12484.634
12484.744
12484.855
12484.966
12485.077
12485.187
12485.298
12485.409
12485.519
12485.630
12485.741
12485.852
12485.962
12486.073
12486.184
12486.294
12486.405
12486.516
12486.627
12486.737
12486.848
12486.959
12487.069
12487.180
12487.291
12487.401
12487.512
12487.623
12487.734
12487.844
12487.955
12488.066
12488.176
12488.287
12488.398
12488.509
12488.619
12488.730
12488.841
12488.951
12489.062
12489.173
12489.284
12489.394
12489.505
12489.616
12489.726
12489.837
12489.948
12490.059
12490.169
12490.280
12490.391
12490.501
12490.612
12490.723
12490.834
12490.944
12491.055
12491.166
12491.276
12491.387
12491.498
12491.609
12491.719
12491.830
12491.941
12492.051
12492.162
12492.273
12492.384
12492.494
12492.605
12492.716
12492.826
12492.937
12493.048
12493.159
12493.269
12493.380
12493.491
12493.601
12493.712
12493.823
12493.934
12494.044
12494.155
12494.266
12494.376
12494.487
12494.598
12494.709
12494.819
12494.930
12495.041
12495.151
12495.262
12495.373
12495.484
12495.594
12495.705
12495.816
12495.926
12496.037
12496.148
12496.259
12496.369
12496.480
12496.591
12496.701
12496.812
12496.923
12497.034
12497.144
12497.255
12497.366
12497.476
12497.587
12497.698
12497.809
12497.919
12498.030
12498.141
12498.251
12498.362
12498.473
12498.584
12498.694
12498.805
12498.916
12499.026
12499.137
12499.248
12499.359
12499.469
12499.580
12499.691
12499.801
12499.912
12500.023
12500.134
12500.244
12500.355
12500.466
12500.576
12500.687
12500.798
12500.908
12501.019
12501.130
12501.241
12501.351
12501.462
12501.573
12501.683
12501.794
12501.905
12502.016
12502.126
12502.237
12502.348
12502.458
12502.569
12502.680
12502.791
12502.901
12503.012
12503.123
12503.233
12503.344
12503.455
12503.566
12503.676
12503.787
12503.898
12504.008
12504.119
12504.230
12504.341
12504.451
12504.562
12504.673
12504.783
12504.894
12505.005
12505.116
12505.226
12505.337
12505.448
12505.558
12505.669
12505.780
12505.891
12506.001
12506.112
12506.223
12506.333
12506.444
12506.555
12506.666
12506.776
12506.887
12506.998
12507.108
12507.219
12507.330
12507.441
12507.551
12507.662
12507.773
12507.883
12507.994
12508.105
12508.216
12508.326
12508.437
12508.548
12508.658
12508.769
12508.880
12508.991
12509.101
12509.212
12509.323
12509.433
12509.544
12509.655
12509.766
12509.876
12509.987
12510.098
12510.208
12510.319
12510.430
12510.541
12510.651
12510.762
12510.873
12510.983
12511.094
12511.205
12511.316
12511.426
12511.537
12511.648
12511.758
12511.869
12511.980
12512.091
12512.201
12512.312
12512.423
12512.533
12512.644
12512.755
12512.866
12512.976
12513.087
12513.198
12513.308
12513.419
12513.530
12513.641
12513.751
12513.862
12513.973
12514.083
12514.194
12514.305
12514.415
12514.526
12514.637
12514.748
12514.858
12514.969
12515.080
12515.190
12515.301
12515.412
12515.523
12515.633
12515.744
12515.855
12515.965
12516.076
12516.187
12516.298
12516.408
12516.519
12516.630
12516.740
12516.851
12516.962
12517.073
12517.183
12517.294
12517.405
12517.515
12517.626
12517.737
12517.848
12517.958
12518.069
12518.180
12518.290
12518.401
12518.512
12518.623
12518.733
12518.844
12518.955
12519.065
12519.176
12519.287
12519.398
12519.508
12519.619
12519.730
12519.840
12519.951
12520.062
12520.173
12520.283
12520.394
12520.505
12520.615
12520.726
12520.837
12520.948
12521.058
12521.169
12521.280
12521.390
12521.501
12521.612
12521.723
12521.833
12521.944
12522.055
12522.165
12522.276
12522.387
12522.498
12522.608
12522.719
12522.830
12522.940
12523.051
12523.162
12523.273
12523.383
12523.494
12523.605
12523.715
12523.826
12523.937
12524.048
12524.158
12524.269
12524.380
12524.490
12524.601
12524.712
12524.823
12524.933
12525.044
12525.155
12525.265
12525.376
12525.487
12525.598
12525.708
12525.819
12525.930
12526.040
12526.151
12526.262
12526.373
12526.483
12526.594
12526.705
12526.815
12526.926
12527.037
12527.148
12527.258
12527.369
12527.480
12527.590
12527.701
12527.812
12527.923
12528.033
12528.144
12528.255
12528.365
12528.476
12528.587
12528.697
12528.808
12528.919
12529.030
12529.140
12529.251
12529.362
12529.472
12529.583
12529.694
12529.805
12529.915
12530.026
12530.137
12530.247
12530.358
12530.469
12530.580
12530.690
12530.801
12530.912
12531.022
12531.133
12531.244
12531.355
12531.465
12531.576
12531.687
12531.797
12531.908
12532.019
12532.130
12532.240
12532.351
12532.462
12532.572
12532.683
12532.794
12532.905
12533.015
12533.126
12533.237
12533.347
12533.458
12533.569
12533.680
12533.790
12533.901
12534.012
12534.122
12534.233
12534.344
12534.455
12534.565
12534.676
12534.787
12534.897
12535.008
12535.119
12535.230
12535.340
12535.451
12535.562
12535.672
12535.783
12535.894
12536.005
12536.115
12536.226
12536.337
12536.447
12536.558
12536.669
12536.780
12536.890
12537.001
12537.112
12537.222
12537.333
12537.444
12537.555
12537.665
12537.776
12537.887
12537.997
12538.108
12538.219
12538.330
12538.440
12538.551
12538.662
12538.772
12538.883
12538.994
12539.105
12539.215
12539.326
12539.437
12539.547
12539.658
12539.769
12539.880
12539.990
12540.101
12540.212
12540.322
12540.433
12540.544
12540.655
12540.765
12540.876
12540.987
12541.097
12541.208
12541.319
12541.430
12541.540
12541.651
12541.762
12541.872
12541.983
12542.094
12542.204
12542.315
12542.426
12542.537
12542.647
12542.758
12542.869
12542.979
12543.090
12543.201
12543.312
12543.422
12543.533
12543.644
12543.754
12543.865
12543.976
12544.087
12544.197
12544.308
12544.419
12544.529
12544.640
12544.751
12544.862
12544.972
12545.083
12545.194
12545.304
12545.415
12545.526
12545.637
12545.747
12545.858
12545.969
12546.079
12546.190
12546.301
12546.412
12546.522
12546.633
12546.744
12546.854
12546.965
12547.076
12547.187
12547.297
12547.408
12547.519
12547.629
12547.740
12547.851
12547.962
12548.072
12548.183
12548.294
12548.404
12548.515
12548.626
12548.737
12548.847
12548.958
12549.069
12549.179
12549.290
12549.401
12549.512
12549.622
12549.733
12549.844
12549.954
12550.065
12550.176
12550.287
12550.397
12550.508
12550.619
12550.729
12550.840
12550.951
12551.062
12551.172
12551.283
12551.394
12551.504
12551.615
12551.726
12551.837
12551.947
12552.058
12552.169
12552.279
12552.390
12552.501
12552.612
12552.722
12552.833
12552.944
12553.054
12553.165
12553.276
12553.387
12553.497
12553.608
12553.719
12553.829
12553.940
12554.051
12554.162
12554.272
12554.383
12554.494
12554.604
12554.715
12554.826
12554.937
12555.047
12555.158
12555.269
12555.379
12555.490
12555.601
12555.711
12555.822
12555.933
12556.044
12556.154
12556.265
12556.376
12556.486
12556.597
12556.708
12556.819
12556.929
12557.040
12557.151
12557.261
12557.372
12557.483
12557.594
12557.704
12557.815
12557.926
12558.036
12558.147
12558.258
12558.369
12558.479
12558.590
12558.701
12558.811
12558.922
12559.033
12559.144
12559.254
12559.365
12559.476
12559.586
12559.697
12559.808
12559.919
12560.029
12560.140
12560.251
12560.361
12560.472
12560.583
12560.694
12560.804
12560.915
12561.026
12561.136
12561.247
12561.358
12561.469
12561.579
12561.690
12561.801
12561.911
12562.022
12562.133
12562.244
12562.354
12562.465
12562.576
12562.686
12562.797
12562.908
12563.019
12563.129
12563.240
12563.351
12563.461
12563.572
12563.683
12563.794
12563.904
12564.015
12564.126
12564.236
12564.347
12564.458
12564.569
12564.679
12564.790
12564.901
12565.011
12565.122
12565.233
12565.344
12565.454
12565.565
12565.676
12565.786
12565.897
12566.008
12566.119
12566.229
12566.340
12566.451
12566.561
12566.672
12566.783
12566.894
12567.004
12567.115
12567.226
12567.336
12567.447
12567.558
12567.669
12567.779
12567.890
12568.001
12568.111
12568.222
12568.333
12568.444
12568.554
12568.665
12568.776
12568.886
12568.997
12569.108
12569.218
12569.329
12569.440
12569.551
12569.661
12569.772
12569.883
12569.993
12570.104
12570.215
12570.326
12570.436
12570.547
12570.658
12570.768
12570.879
12570.990
12571.101
12571.211
12571.322
12571.433
12571.543
12571.654
12571.765
12571.876
12571.986
12572.097
12572.208
12572.318
12572.429
12572.540
12572.651
12572.761
12572.872
12572.983
12573.093
12573.204
12573.315
12573.426
12573.536
12573.647
12573.758
12573.868
12573.979
12574.090
12574.201
12574.311
12574.422
12574.533
12574.643
12574.754
12574.865
12574.976
12575.086
12575.197
12575.308
12575.418
12575.529
12575.640
12575.751
12575.861
12575.972
12576.083
12576.193
12576.304
12576.415
12576.526
12576.636
12576.747
12576.858
12576.968
12577.079
12577.190
12577.301
12577.411
12577.522
12577.633
12577.743
12577.854
12577.965
12578.076
12578.186
12578.297
12578.408
12578.518
12578.629
12578.740
12578.851
12578.961
12579.072
12579.183
12579.293
12579.404
12579.515
12579.626
12579.736
12579.847
12579.958
12580.068
12580.179
12580.290
12580.401
12580.511
12580.622
12580.733
12580.843
12580.954
12581.065
12581.176
12581.286
12581.397
12581.508
12581.618
12581.729
12581.840
12581.951
12582.061
12582.172
12582.283
12582.393
12582.504
12582.615
12582.725
12582.836
12582.947
12583.058
12583.168
12583.279
12583.390
12583.500
12583.611
12583.722
12583.833
12583.943
12584.054
12584.165
12584.275
12584.386
12584.497
12584.608
12584.718
12584.829
12584.940
12585.050
12585.161
12585.272
12585.383
12585.493
12585.604
12585.715
12585.825
12585.936
12586.047
12586.158
12586.268
12586.379
12586.490
12586.600
12586.711
12586.822
12586.933
12587.043
12587.154
12587.265
12587.375
12587.486
12587.597
12587.708
12587.818
12587.929
12588.040
12588.150
12588.261
12588.372
12588.483
12588.593
12588.704
12588.815
12588.925
12589.036
12589.147
12589.258
12589.368
12589.479
12589.590
12589.700
12589.811
12589.922
12590.033
12590.143
12590.254
12590.365
12590.475
12590.586
12590.697
12590.808
12590.918
12591.029
12591.140
12591.250
12591.361
12591.472
12591.583
12591.693
12591.804
12591.915
12592.025
12592.136
12592.247
12592.358
12592.468
12592.579
12592.690
12592.800
12592.911
12593.022
12593.133
12593.243
12593.354
12593.465
12593.575
12593.686
12593.797
12593.908
12594.018
12594.129
12594.240
12594.350
12594.461
12594.572
12594.683
12594.793
12594.904
12595.015
12595.125
12595.236
12595.347
12595.458
12595.568
12595.679
12595.790
12595.900
12596.011
12596.122
12596.232
12596.343
12596.454
12596.565
12596.675
12596.786
12596.897
12597.007
12597.118
12597.229
12597.340
12597.450
12597.561
12597.672
12597.782
12597.893
12598.004
12598.115
12598.225
12598.336
12598.447
12598.557
12598.668
12598.779
12598.890
12599.000
12599.111
12599.222
12599.332
12599.443
12599.554
12599.665
12599.775
12599.886
12599.997
12600.107
12600.218
12600.329
12600.440
12600.550
12600.661
12600.772
12600.882
12600.993
12601.104
12601.215
12601.325
12601.436
12601.547
12601.657
12601.768
12601.879
12601.990
12602.100
12602.211
12602.322
12602.432
12602.543
12602.654
12602.765
12602.875
12602.986
12603.097
12603.207
12603.318
12603.429
12603.540
12603.650
12603.761
12603.872
12603.982
12604.093
12604.204
12604.315
12604.425
12604.536
12604.647
12604.757
12604.868
12604.979
12605.090
12605.200
12605.311
12605.422
12605.532
12605.643
12605.754
12605.865
12605.975
12606.086
12606.197
12606.307
12606.418
12606.529
12606.640
12606.750
12606.861
12606.972
12607.082
12607.193
12607.304
12607.415
12607.525
12607.636
12607.747
12607.857
12607.968
12608.079
12608.190
12608.300
12608.411
12608.522
12608.632
12608.743
12608.854
12608.965
12609.075
12609.186
12609.297
12609.407
12609.518
12609.629
12609.739
12609.850
12609.961
12610.072
12610.182
12610.293
12610.404
12610.514
12610.625
12610.736
12610.847
12610.957
12611.068
12611.179
12611.289
12611.400
12611.511
12611.622
12611.732
12611.843
12611.954
12612.064
12612.175
12612.286
12612.397
12612.507
12612.618
12612.729
12612.839
12612.950
12613.061
12613.172
12613.282
12613.393
12613.504
12613.614
12613.725
12613.836
12613.947
12614.057
12614.168
12614.279
12614.389
12614.500
12614.611
12614.722
12614.832
12614.943
12615.054
12615.164
12615.275
12615.386
12615.497
12615.607
12615.718
12615.829
12615.939
12616.050
12616.161
12616.272
12616.382
12616.493
12616.604
12616.714
12616.825
12616.936
12617.047
12617.157
12617.268
12617.379
12617.489
12617.600
12617.711
12617.822
12617.932
12618.043
12618.154
12618.264
12618.375
12618.486
12618.597
12618.707
12618.818
12618.929
12619.039
12619.150
12619.261
12619.372
12619.482
12619.593
12619.704
12619.814
12619.925
12620.036
12620.147
12620.257
12620.368
12620.479
12620.589
12620.700
12620.811
12620.922
12621.032
12621.143
12621.254
12621.364
12621.475
12621.586
12621.697
12621.807
12621.918
12622.029
12622.139
12622.250
12622.361
12622.472
12622.582
12622.693
12622.804
12622.914
12623.025
12623.136
12623.246
12623.357
12623.468
12623.579
12623.689
12623.800
12623.911
12624.021
12624.132
12624.243
12624.354
12624.464
12624.575
12624.686
12624.796
12624.907
12625.018
12625.129
12625.239
12625.350
12625.461
12625.571
12625.682
12625.793
12625.904
12626.014
12626.125
12626.236
12626.346
12626.457
12626.568
12626.679
12626.789
12626.900
12627.011
12627.121
12627.232
12627.343
12627.454
12627.564
12627.675
12627.786
12627.896
12628.007
12628.118
12628.229
12628.339
12628.450
12628.561
12628.671
12628.782
12628.893
12629.004
12629.114
12629.225
12629.336
12629.446
12629.557
12629.668
12629.779
12629.889
12630.000
